swNum = 320
edgeNum = 672

0 0
1 0
2 0
3 0
4 0
5 0
6 0
7 0
8 0
9 0
10 0
11 0
12 0
13 0
14 0
15 0
16 0
17 0
18 0
19 0
20 1
21 1
22 1
23 1
24 1
25 1
26 1
27 1
28 1
29 1
30 1
31 1
32 1
33 1
34 1
35 1
36 1
37 1
38 1
39 1
40 2
41 2
42 2
43 2
44 2
45 2
46 2
47 2
48 2
49 2
50 2
51 2
52 2
53 2
54 2
55 2
56 2
57 2
58 2
59 2
60 3
61 3
62 3
63 3
64 3
65 3
66 3
67 3
68 3
69 3
70 3
71 3
72 3
73 3
74 3
75 3
76 3
77 3
78 3
79 3
80 4
81 4
82 4
83 4
84 4
85 4
86 4
87 4
88 4
89 4
90 4
91 4
92 4
93 4
94 4
95 4
96 4
97 4
98 4
99 4
100 5
101 5
102 5
103 5
104 5
105 5
106 5
107 5
108 5
109 5
110 5
111 5
112 5
113 5
114 5
115 5
116 5
117 5
118 5
119 5
120 6
121 6
122 6
123 6
124 6
125 6
126 6
127 6
128 6
129 6
130 6
131 6
132 6
133 6
134 6
135 6
136 6
137 6
138 6
139 6
140 7
141 7
142 7
143 7
144 7
145 7
146 7
147 7
148 7
149 7
150 7
151 7
152 7
153 7
154 7
155 7
156 7
157 7
158 7
159 7
160 8
161 8
162 8
163 8
164 8
165 8
166 8
167 8
168 8
169 8
170 8
171 8
172 8
173 8
174 8
175 8
176 8
177 8
178 8
179 8
180 9
181 9
182 9
183 9
184 9
185 9
186 9
187 9
188 9
189 9
190 9
191 9
192 9
193 9
194 9
195 9
196 9
197 9
198 9
199 9
200 10
201 10
202 10
203 10
204 10
205 10
206 10
207 10
208 10
209 10
210 10
211 10
212 10
213 10
214 10
215 10
216 10
217 10
218 10
219 10
220 11
221 11
222 11
223 11
224 11
225 11
226 11
227 11
228 11
229 11
230 11
231 11
232 11
233 11
234 11
235 11
236 11
237 11
238 11
239 11
240 12
241 12
242 12
243 12
244 12
245 12
246 12
247 12
248 12
249 12
250 12
251 12
252 12
253 12
254 12
255 12
256 12
257 12
258 12
259 12
260 13
261 13
262 13
263 13
264 13
265 13
266 13
267 13
268 13
269 13
270 13
271 13
272 13
273 13
274 13
275 13
276 13
277 13
278 13
279 13
280 14
281 14
282 14
283 14
284 14
285 14
286 14
287 14
288 14
289 14
290 14
291 14
292 14
293 14
294 14
295 14
296 14
297 14
298 14
299 14
300 15
301 15
302 15
303 15
304 15
305 15
306 15
307 15
308 15
309 15
310 15
311 15
312 15
313 15
314 15
315 15
316 15
317 15
318 15
319 15

2 0 0 0
2 1 0 0
3 2 0 0
3 1 0 0
4 2 0 0
4 0 0 0
5 3 0 0
5 0 0 0
6 0 0 0
6 5 0 0
7 1 0 0
7 4 0 0
8 1 0 0
8 6 0 0
9 4 0 0
9 6 0 0
10 8 0 0
10 6 0 0
11 10 0 0
11 5 0 0
12 9 0 0
12 7 0 0
13 8 0 0
13 10 0 0
14 12 0 0
14 9 0 0
15 12 0 0
15 4 0 0
16 11 0 0
16 1 0 0
17 14 0 0
17 7 0 0
18 15 0 0
18 3 0 0
19 14 0 0
19 16 0 0
0 15 0 0
0 18 0 0
1 15 0 0
1 14 0 0
22 20 1 1
22 21 1 1
23 21 1 1
23 20 1 1
24 22 1 1
24 20 1 1
25 23 1 1
25 20 1 1
26 22 1 1
26 20 1 1
27 26 1 1
27 24 1 1
28 23 1 1
28 24 1 1
29 22 1 1
29 20 1 1
30 22 1 1
30 21 1 1
31 21 1 1
31 22 1 1
32 24 1 1
32 20 1 1
33 20 1 1
33 21 1 1
34 21 1 1
34 30 1 1
35 20 1 1
35 24 1 1
36 25 1 1
36 27 1 1
37 35 1 1
37 27 1 1
38 30 1 1
38 21 1 1
39 20 1 1
39 26 1 1
20 36 1 1
20 38 1 1
21 39 1 1
21 35 1 1
42 40 2 2
42 41 2 2
43 41 2 2
43 40 2 2
44 43 2 2
44 40 2 2
45 40 2 2
45 43 2 2
46 42 2 2
46 45 2 2
47 46 2 2
47 45 2 2
48 42 2 2
48 41 2 2
49 43 2 2
49 42 2 2
50 42 2 2
50 48 2 2
51 49 2 2
51 40 2 2
52 43 2 2
52 51 2 2
53 40 2 2
53 48 2 2
54 41 2 2
54 42 2 2
55 52 2 2
55 45 2 2
56 41 2 2
56 55 2 2
57 55 2 2
57 45 2 2
58 48 2 2
58 54 2 2
59 49 2 2
59 58 2 2
40 55 2 2
40 56 2 2
41 52 2 2
41 47 2 2
62 61 3 3
62 60 3 3
63 60 3 3
63 61 3 3
64 62 3 3
64 61 3 3
65 60 3 3
65 61 3 3
66 61 3 3
66 62 3 3
67 65 3 3
67 60 3 3
68 66 3 3
68 65 3 3
69 62 3 3
69 64 3 3
70 69 3 3
70 64 3 3
71 68 3 3
71 66 3 3
72 61 3 3
72 70 3 3
73 64 3 3
73 69 3 3
74 60 3 3
74 71 3 3
75 73 3 3
75 65 3 3
76 61 3 3
76 75 3 3
77 63 3 3
77 74 3 3
78 73 3 3
78 64 3 3
79 76 3 3
79 78 3 3
60 71 3 3
60 70 3 3
61 68 3 3
61 70 3 3
82 81 4 4
82 80 4 4
83 81 4 4
83 80 4 4
84 80 4 4
84 81 4 4
85 84 4 4
85 80 4 4
86 81 4 4
86 85 4 4
87 86 4 4
87 81 4 4
88 80 4 4
88 81 4 4
89 88 4 4
89 87 4 4
90 88 4 4
90 84 4 4
91 90 4 4
91 80 4 4
92 89 4 4
92 84 4 4
93 80 4 4
93 81 4 4
94 81 4 4
94 80 4 4
95 87 4 4
95 85 4 4
96 81 4 4
96 87 4 4
97 84 4 4
97 83 4 4
98 81 4 4
98 80 4 4
99 84 4 4
99 91 4 4
80 90 4 4
80 95 4 4
81 91 4 4
81 85 4 4
102 100 5 5
102 101 5 5
103 102 5 5
103 100 5 5
104 103 5 5
104 100 5 5
105 103 5 5
105 101 5 5
106 100 5 5
106 104 5 5
107 101 5 5
107 106 5 5
108 102 5 5
108 106 5 5
109 105 5 5
109 108 5 5
110 105 5 5
110 101 5 5
111 109 5 5
111 105 5 5
112 103 5 5
112 106 5 5
113 108 5 5
113 112 5 5
114 111 5 5
114 108 5 5
115 109 5 5
115 102 5 5
116 115 5 5
116 112 5 5
117 109 5 5
117 111 5 5
118 109 5 5
118 113 5 5
119 103 5 5
119 111 5 5
100 109 5 5
100 114 5 5
101 103 5 5
101 109 5 5
122 120 6 6
122 121 6 6
123 120 6 6
123 122 6 6
124 121 6 6
124 120 6 6
125 120 6 6
125 122 6 6
126 124 6 6
126 125 6 6
127 125 6 6
127 121 6 6
128 123 6 6
128 126 6 6
129 128 6 6
129 127 6 6
130 126 6 6
130 127 6 6
131 125 6 6
131 127 6 6
132 123 6 6
132 122 6 6
133 127 6 6
133 129 6 6
134 130 6 6
134 120 6 6
135 131 6 6
135 124 6 6
136 129 6 6
136 122 6 6
137 133 6 6
137 131 6 6
138 122 6 6
138 137 6 6
139 127 6 6
139 121 6 6
120 135 6 6
120 132 6 6
121 126 6 6
121 125 6 6
142 140 7 7
142 141 7 7
143 140 7 7
143 141 7 7
144 141 7 7
144 140 7 7
145 144 7 7
145 143 7 7
146 144 7 7
146 142 7 7
147 145 7 7
147 144 7 7
148 147 7 7
148 142 7 7
149 146 7 7
149 143 7 7
150 147 7 7
150 145 7 7
151 148 7 7
151 144 7 7
152 147 7 7
152 150 7 7
153 147 7 7
153 141 7 7
154 151 7 7
154 142 7 7
155 148 7 7
155 146 7 7
156 150 7 7
156 151 7 7
157 146 7 7
157 149 7 7
158 155 7 7
158 153 7 7
159 151 7 7
159 145 7 7
140 147 7 7
140 156 7 7
141 150 7 7
141 148 7 7
162 160 8 8
162 161 8 8
163 161 8 8
163 160 8 8
164 162 8 8
164 163 8 8
165 161 8 8
165 160 8 8
166 165 8 8
166 161 8 8
167 164 8 8
167 162 8 8
168 167 8 8
168 163 8 8
169 160 8 8
169 167 8 8
170 163 8 8
170 164 8 8
171 169 8 8
171 160 8 8
172 165 8 8
172 161 8 8
173 162 8 8
173 164 8 8
174 164 8 8
174 173 8 8
175 166 8 8
175 162 8 8
176 160 8 8
176 161 8 8
177 175 8 8
177 161 8 8
178 164 8 8
178 173 8 8
179 169 8 8
179 160 8 8
160 170 8 8
160 174 8 8
161 167 8 8
161 173 8 8
182 180 9 9
182 181 9 9
183 180 9 9
183 182 9 9
184 183 9 9
184 181 9 9
185 182 9 9
185 183 9 9
186 184 9 9
186 182 9 9
187 181 9 9
187 184 9 9
188 184 9 9
188 187 9 9
189 182 9 9
189 188 9 9
190 187 9 9
190 185 9 9
191 189 9 9
191 187 9 9
192 190 9 9
192 186 9 9
193 186 9 9
193 191 9 9
194 192 9 9
194 180 9 9
195 190 9 9
195 193 9 9
196 191 9 9
196 195 9 9
197 191 9 9
197 193 9 9
198 196 9 9
198 191 9 9
199 189 9 9
199 196 9 9
180 186 9 9
180 188 9 9
181 191 9 9
181 196 9 9
202 200 10 10
202 201 10 10
203 201 10 10
203 200 10 10
204 200 10 10
204 203 10 10
205 203 10 10
205 200 10 10
206 202 10 10
206 204 10 10
207 201 10 10
207 200 10 10
208 204 10 10
208 200 10 10
209 201 10 10
209 203 10 10
210 208 10 10
210 204 10 10
211 209 10 10
211 202 10 10
212 202 10 10
212 204 10 10
213 207 10 10
213 201 10 10
214 205 10 10
214 200 10 10
215 211 10 10
215 202 10 10
216 208 10 10
216 205 10 10
217 209 10 10
217 207 10 10
218 211 10 10
218 202 10 10
219 213 10 10
219 212 10 10
200 215 10 10
200 219 10 10
201 212 10 10
201 218 10 10
222 220 11 11
222 221 11 11
223 220 11 11
223 222 11 11
224 220 11 11
224 221 11 11
225 223 11 11
225 222 11 11
226 221 11 11
226 223 11 11
227 224 11 11
227 221 11 11
228 220 11 11
228 222 11 11
229 222 11 11
229 228 11 11
230 229 11 11
230 227 11 11
231 226 11 11
231 230 11 11
232 231 11 11
232 227 11 11
233 223 11 11
233 222 11 11
234 233 11 11
234 232 11 11
235 227 11 11
235 224 11 11
236 225 11 11
236 221 11 11
237 233 11 11
237 225 11 11
238 223 11 11
238 220 11 11
239 222 11 11
239 238 11 11
220 239 11 11
220 235 11 11
221 232 11 11
221 230 11 11
242 241 12 12
242 240 12 12
243 242 12 12
243 241 12 12
244 242 12 12
244 240 12 12
245 244 12 12
245 241 12 12
246 244 12 12
246 241 12 12
247 240 12 12
247 246 12 12
248 243 12 12
248 241 12 12
249 240 12 12
249 248 12 12
250 241 12 12
250 248 12 12
251 240 12 12
251 241 12 12
252 250 12 12
252 243 12 12
253 242 12 12
253 251 12 12
254 241 12 12
254 245 12 12
255 252 12 12
255 254 12 12
256 250 12 12
256 255 12 12
257 253 12 12
257 242 12 12
258 257 12 12
258 243 12 12
259 255 12 12
259 250 12 12
240 256 12 12
240 255 12 12
241 252 12 12
241 258 12 12
262 261 13 13
262 260 13 13
263 260 13 13
263 262 13 13
264 262 13 13
264 261 13 13
265 261 13 13
265 260 13 13
266 261 13 13
266 264 13 13
267 262 13 13
267 264 13 13
268 260 13 13
268 265 13 13
269 267 13 13
269 265 13 13
270 261 13 13
270 265 13 13
271 263 13 13
271 266 13 13
272 271 13 13
272 268 13 13
273 263 13 13
273 264 13 13
274 262 13 13
274 265 13 13
275 270 13 13
275 261 13 13
276 266 13 13
276 270 13 13
277 267 13 13
277 263 13 13
278 261 13 13
278 275 13 13
279 274 13 13
279 260 13 13
260 270 13 13
260 271 13 13
261 274 13 13
261 277 13 13
282 281 14 14
282 280 14 14
283 282 14 14
283 280 14 14
284 282 14 14
284 283 14 14
285 280 14 14
285 283 14 14
286 282 14 14
286 284 14 14
287 285 14 14
287 283 14 14
288 286 14 14
288 283 14 14
289 287 14 14
289 280 14 14
290 283 14 14
290 288 14 14
291 281 14 14
291 285 14 14
292 280 14 14
292 290 14 14
293 291 14 14
293 285 14 14
294 291 14 14
294 288 14 14
295 292 14 14
295 281 14 14
296 291 14 14
296 288 14 14
297 280 14 14
297 287 14 14
298 294 14 14
298 283 14 14
299 284 14 14
299 288 14 14
280 288 14 14
280 287 14 14
281 288 14 14
281 296 14 14
302 301 15 15
302 300 15 15
303 302 15 15
303 301 15 15
304 302 15 15
304 300 15 15
305 300 15 15
305 303 15 15
306 305 15 15
306 304 15 15
307 306 15 15
307 302 15 15
308 305 15 15
308 306 15 15
309 304 15 15
309 307 15 15
310 305 15 15
310 306 15 15
311 305 15 15
311 308 15 15
312 310 15 15
312 308 15 15
313 300 15 15
313 312 15 15
314 303 15 15
314 302 15 15
315 309 15 15
315 305 15 15
316 300 15 15
316 314 15 15
317 314 15 15
317 315 15 15
318 305 15 15
318 309 15 15
319 309 15 15
319 302 15 15
300 317 15 15
300 318 15 15
301 309 15 15
301 317 15 15
40 31 2 1
42 12 2 0
62 23 3 1
60 59 3 2
98 69 4 3
91 41 4 2
105 66 5 3
119 13 5 0
127 53 6 2
128 111 6 5
140 30 7 1
146 13 7 0
176 96 8 4
178 25 8 1
182 43 9 2
182 137 9 6
204 16 10 0
218 181 10 9
225 51 11 2
221 27 11 1
247 209 12 10
250 76 12 3
274 62 13 3
272 21 13 1
285 247 14 12
297 232 14 11
308 117 15 5
310 247 15 12
8 134 0 6
18 91 0 4
36 245 1 12
20 297 1 14
