swNum = 320
edgeNum = 672

0 0
1 0
2 0
3 0
4 0
5 0
6 0
7 0
8 0
9 0
10 0
11 0
12 0
13 0
14 0
15 0
16 0
17 0
18 0
19 0
20 1
21 1
22 1
23 1
24 1
25 1
26 1
27 1
28 1
29 1
30 1
31 1
32 1
33 1
34 1
35 1
36 1
37 1
38 1
39 1
40 2
41 2
42 2
43 2
44 2
45 2
46 2
47 2
48 2
49 2
50 2
51 2
52 2
53 2
54 2
55 2
56 2
57 2
58 2
59 2
60 3
61 3
62 3
63 3
64 3
65 3
66 3
67 3
68 3
69 3
70 3
71 3
72 3
73 3
74 3
75 3
76 3
77 3
78 3
79 3
80 4
81 4
82 4
83 4
84 4
85 4
86 4
87 4
88 4
89 4
90 4
91 4
92 4
93 4
94 4
95 4
96 4
97 4
98 4
99 4
100 5
101 5
102 5
103 5
104 5
105 5
106 5
107 5
108 5
109 5
110 5
111 5
112 5
113 5
114 5
115 5
116 5
117 5
118 5
119 5
120 6
121 6
122 6
123 6
124 6
125 6
126 6
127 6
128 6
129 6
130 6
131 6
132 6
133 6
134 6
135 6
136 6
137 6
138 6
139 6
140 7
141 7
142 7
143 7
144 7
145 7
146 7
147 7
148 7
149 7
150 7
151 7
152 7
153 7
154 7
155 7
156 7
157 7
158 7
159 7
160 8
161 8
162 8
163 8
164 8
165 8
166 8
167 8
168 8
169 8
170 8
171 8
172 8
173 8
174 8
175 8
176 8
177 8
178 8
179 8
180 9
181 9
182 9
183 9
184 9
185 9
186 9
187 9
188 9
189 9
190 9
191 9
192 9
193 9
194 9
195 9
196 9
197 9
198 9
199 9
200 10
201 10
202 10
203 10
204 10
205 10
206 10
207 10
208 10
209 10
210 10
211 10
212 10
213 10
214 10
215 10
216 10
217 10
218 10
219 10
220 11
221 11
222 11
223 11
224 11
225 11
226 11
227 11
228 11
229 11
230 11
231 11
232 11
233 11
234 11
235 11
236 11
237 11
238 11
239 11
240 12
241 12
242 12
243 12
244 12
245 12
246 12
247 12
248 12
249 12
250 12
251 12
252 12
253 12
254 12
255 12
256 12
257 12
258 12
259 12
260 13
261 13
262 13
263 13
264 13
265 13
266 13
267 13
268 13
269 13
270 13
271 13
272 13
273 13
274 13
275 13
276 13
277 13
278 13
279 13
280 14
281 14
282 14
283 14
284 14
285 14
286 14
287 14
288 14
289 14
290 14
291 14
292 14
293 14
294 14
295 14
296 14
297 14
298 14
299 14
300 15
301 15
302 15
303 15
304 15
305 15
306 15
307 15
308 15
309 15
310 15
311 15
312 15
313 15
314 15
315 15
316 15
317 15
318 15
319 15

2 0 0 0
2 1 0 0
3 2 0 0
3 0 0 0
4 0 0 0
4 2 0 0
5 4 0 0
5 0 0 0
6 1 0 0
6 2 0 0
7 0 0 0
7 1 0 0
8 0 0 0
8 5 0 0
9 3 0 0
9 6 0 0
10 4 0 0
10 7 0 0
11 1 0 0
11 6 0 0
12 9 0 0
12 2 0 0
13 3 0 0
13 4 0 0
14 2 0 0
14 12 0 0
15 4 0 0
15 10 0 0
16 5 0 0
16 6 0 0
17 13 0 0
17 3 0 0
18 13 0 0
18 4 0 0
19 17 0 0
19 10 0 0
0 19 0 0
0 16 0 0
1 5 0 0
1 8 0 0
22 20 1 1
22 21 1 1
23 22 1 1
23 21 1 1
24 21 1 1
24 23 1 1
25 21 1 1
25 24 1 1
26 25 1 1
26 21 1 1
27 26 1 1
27 20 1 1
28 23 1 1
28 22 1 1
29 23 1 1
29 26 1 1
30 23 1 1
30 24 1 1
31 28 1 1
31 20 1 1
32 25 1 1
32 24 1 1
33 23 1 1
33 28 1 1
34 21 1 1
34 20 1 1
35 28 1 1
35 25 1 1
36 32 1 1
36 25 1 1
37 35 1 1
37 34 1 1
38 36 1 1
38 31 1 1
39 38 1 1
39 24 1 1
20 28 1 1
20 33 1 1
21 32 1 1
21 36 1 1
42 40 2 2
42 41 2 2
43 41 2 2
43 42 2 2
44 41 2 2
44 43 2 2
45 41 2 2
45 42 2 2
46 44 2 2
46 40 2 2
47 42 2 2
47 43 2 2
48 42 2 2
48 45 2 2
49 41 2 2
49 46 2 2
50 43 2 2
50 49 2 2
51 46 2 2
51 45 2 2
52 46 2 2
52 40 2 2
53 50 2 2
53 44 2 2
54 50 2 2
54 45 2 2
55 43 2 2
55 48 2 2
56 40 2 2
56 51 2 2
57 51 2 2
57 56 2 2
58 42 2 2
58 55 2 2
59 52 2 2
59 42 2 2
40 47 2 2
40 45 2 2
41 54 2 2
41 48 2 2
62 61 3 3
62 60 3 3
63 62 3 3
63 60 3 3
64 61 3 3
64 62 3 3
65 61 3 3
65 64 3 3
66 61 3 3
66 64 3 3
67 62 3 3
67 61 3 3
68 65 3 3
68 63 3 3
69 68 3 3
69 60 3 3
70 66 3 3
70 62 3 3
71 60 3 3
71 67 3 3
72 62 3 3
72 67 3 3
73 69 3 3
73 68 3 3
74 73 3 3
74 71 3 3
75 65 3 3
75 69 3 3
76 64 3 3
76 73 3 3
77 60 3 3
77 75 3 3
78 64 3 3
78 61 3 3
79 69 3 3
79 60 3 3
60 68 3 3
60 73 3 3
61 70 3 3
61 76 3 3
82 80 4 4
82 81 4 4
83 80 4 4
83 81 4 4
84 83 4 4
84 82 4 4
85 81 4 4
85 82 4 4
86 80 4 4
86 85 4 4
87 86 4 4
87 80 4 4
88 82 4 4
88 80 4 4
89 88 4 4
89 86 4 4
90 89 4 4
90 88 4 4
91 89 4 4
91 80 4 4
92 80 4 4
92 90 4 4
93 87 4 4
93 85 4 4
94 83 4 4
94 89 4 4
95 88 4 4
95 92 4 4
96 83 4 4
96 86 4 4
97 85 4 4
97 84 4 4
98 97 4 4
98 96 4 4
99 84 4 4
99 91 4 4
80 85 4 4
80 94 4 4
81 88 4 4
81 84 4 4
102 101 5 5
102 100 5 5
103 102 5 5
103 100 5 5
104 103 5 5
104 100 5 5
105 104 5 5
105 101 5 5
106 104 5 5
106 103 5 5
107 103 5 5
107 106 5 5
108 106 5 5
108 100 5 5
109 107 5 5
109 100 5 5
110 103 5 5
110 104 5 5
111 103 5 5
111 102 5 5
112 111 5 5
112 106 5 5
113 105 5 5
113 106 5 5
114 104 5 5
114 105 5 5
115 113 5 5
115 111 5 5
116 111 5 5
116 112 5 5
117 103 5 5
117 104 5 5
118 115 5 5
118 110 5 5
119 100 5 5
119 109 5 5
100 106 5 5
100 114 5 5
101 114 5 5
101 113 5 5
122 121 6 6
122 120 6 6
123 122 6 6
123 121 6 6
124 123 6 6
124 120 6 6
125 122 6 6
125 121 6 6
126 124 6 6
126 121 6 6
127 120 6 6
127 124 6 6
128 124 6 6
128 126 6 6
129 124 6 6
129 127 6 6
130 128 6 6
130 122 6 6
131 125 6 6
131 121 6 6
132 123 6 6
132 130 6 6
133 124 6 6
133 130 6 6
134 133 6 6
134 124 6 6
135 130 6 6
135 133 6 6
136 121 6 6
136 133 6 6
137 125 6 6
137 130 6 6
138 132 6 6
138 123 6 6
139 125 6 6
139 126 6 6
120 125 6 6
120 133 6 6
121 134 6 6
121 130 6 6
142 141 7 7
142 140 7 7
143 142 7 7
143 140 7 7
144 143 7 7
144 141 7 7
145 143 7 7
145 144 7 7
146 142 7 7
146 145 7 7
147 141 7 7
147 140 7 7
148 142 7 7
148 144 7 7
149 146 7 7
149 142 7 7
150 140 7 7
150 141 7 7
151 146 7 7
151 140 7 7
152 145 7 7
152 148 7 7
153 143 7 7
153 140 7 7
154 147 7 7
154 150 7 7
155 143 7 7
155 150 7 7
156 155 7 7
156 145 7 7
157 152 7 7
157 144 7 7
158 145 7 7
158 149 7 7
159 144 7 7
159 157 7 7
140 149 7 7
140 146 7 7
141 158 7 7
141 153 7 7
162 160 8 8
162 161 8 8
163 162 8 8
163 160 8 8
164 160 8 8
164 163 8 8
165 162 8 8
165 163 8 8
166 160 8 8
166 165 8 8
167 161 8 8
167 165 8 8
168 165 8 8
168 162 8 8
169 166 8 8
169 163 8 8
170 167 8 8
170 165 8 8
171 170 8 8
171 161 8 8
172 169 8 8
172 164 8 8
173 168 8 8
173 163 8 8
174 171 8 8
174 165 8 8
175 164 8 8
175 166 8 8
176 165 8 8
176 163 8 8
177 165 8 8
177 160 8 8
178 176 8 8
178 171 8 8
179 170 8 8
179 171 8 8
160 176 8 8
160 169 8 8
161 174 8 8
161 178 8 8
182 180 9 9
182 181 9 9
183 180 9 9
183 181 9 9
184 183 9 9
184 181 9 9
185 180 9 9
185 181 9 9
186 184 9 9
186 185 9 9
187 180 9 9
187 184 9 9
188 182 9 9
188 186 9 9
189 184 9 9
189 186 9 9
190 184 9 9
190 182 9 9
191 189 9 9
191 185 9 9
192 190 9 9
192 180 9 9
193 190 9 9
193 181 9 9
194 193 9 9
194 189 9 9
195 187 9 9
195 190 9 9
196 185 9 9
196 186 9 9
197 196 9 9
197 183 9 9
198 184 9 9
198 188 9 9
199 194 9 9
199 184 9 9
180 197 9 9
180 189 9 9
181 186 9 9
181 194 9 9
202 201 10 10
202 200 10 10
203 201 10 10
203 202 10 10
204 203 10 10
204 201 10 10
205 202 10 10
205 201 10 10
206 205 10 10
206 203 10 10
207 204 10 10
207 200 10 10
208 206 10 10
208 204 10 10
209 203 10 10
209 207 10 10
210 205 10 10
210 202 10 10
211 202 10 10
211 204 10 10
212 208 10 10
212 211 10 10
213 205 10 10
213 206 10 10
214 204 10 10
214 208 10 10
215 203 10 10
215 207 10 10
216 212 10 10
216 202 10 10
217 206 10 10
217 207 10 10
218 205 10 10
218 213 10 10
219 217 10 10
219 203 10 10
200 219 10 10
200 215 10 10
201 213 10 10
201 211 10 10
222 220 11 11
222 221 11 11
223 222 11 11
223 220 11 11
224 222 11 11
224 223 11 11
225 222 11 11
225 220 11 11
226 220 11 11
226 224 11 11
227 223 11 11
227 225 11 11
228 220 11 11
228 224 11 11
229 226 11 11
229 228 11 11
230 226 11 11
230 227 11 11
231 229 11 11
231 225 11 11
232 227 11 11
232 229 11 11
233 228 11 11
233 227 11 11
234 220 11 11
234 222 11 11
235 231 11 11
235 225 11 11
236 233 11 11
236 235 11 11
237 223 11 11
237 228 11 11
238 237 11 11
238 221 11 11
239 226 11 11
239 238 11 11
220 227 11 11
220 231 11 11
221 230 11 11
221 231 11 11
242 240 12 12
242 241 12 12
243 240 12 12
243 241 12 12
244 242 12 12
244 241 12 12
245 241 12 12
245 242 12 12
246 240 12 12
246 243 12 12
247 242 12 12
247 241 12 12
248 245 12 12
248 247 12 12
249 248 12 12
249 242 12 12
250 242 12 12
250 247 12 12
251 246 12 12
251 243 12 12
252 248 12 12
252 246 12 12
253 252 12 12
253 244 12 12
254 252 12 12
254 249 12 12
255 246 12 12
255 243 12 12
256 251 12 12
256 255 12 12
257 252 12 12
257 241 12 12
258 248 12 12
258 247 12 12
259 257 12 12
259 254 12 12
240 250 12 12
240 244 12 12
241 254 12 12
241 255 12 12
262 261 13 13
262 260 13 13
263 261 13 13
263 262 13 13
264 261 13 13
264 260 13 13
265 262 13 13
265 261 13 13
266 260 13 13
266 265 13 13
267 261 13 13
267 264 13 13
268 263 13 13
268 262 13 13
269 267 13 13
269 260 13 13
270 269 13 13
270 268 13 13
271 267 13 13
271 261 13 13
272 261 13 13
272 265 13 13
273 261 13 13
273 271 13 13
274 260 13 13
274 266 13 13
275 265 13 13
275 264 13 13
276 269 13 13
276 261 13 13
277 266 13 13
277 263 13 13
278 261 13 13
278 271 13 13
279 264 13 13
279 272 13 13
260 268 13 13
260 272 13 13
261 274 13 13
261 266 13 13
282 280 14 14
282 281 14 14
283 281 14 14
283 280 14 14
284 280 14 14
284 283 14 14
285 283 14 14
285 281 14 14
286 281 14 14
286 285 14 14
287 282 14 14
287 280 14 14
288 280 14 14
288 281 14 14
289 287 14 14
289 281 14 14
290 280 14 14
290 289 14 14
291 286 14 14
291 281 14 14
292 285 14 14
292 283 14 14
293 290 14 14
293 280 14 14
294 286 14 14
294 283 14 14
295 291 14 14
295 294 14 14
296 285 14 14
296 281 14 14
297 296 14 14
297 285 14 14
298 296 14 14
298 289 14 14
299 297 14 14
299 293 14 14
280 298 14 14
280 291 14 14
281 293 14 14
281 294 14 14
302 301 15 15
302 300 15 15
303 300 15 15
303 301 15 15
304 302 15 15
304 300 15 15
305 304 15 15
305 301 15 15
306 301 15 15
306 305 15 15
307 304 15 15
307 301 15 15
308 302 15 15
308 301 15 15
309 304 15 15
309 306 15 15
310 307 15 15
310 309 15 15
311 304 15 15
311 307 15 15
312 307 15 15
312 301 15 15
313 301 15 15
313 304 15 15
314 307 15 15
314 305 15 15
315 306 15 15
315 303 15 15
316 306 15 15
316 313 15 15
317 306 15 15
317 307 15 15
318 307 15 15
318 306 15 15
319 304 15 15
319 311 15 15
300 319 15 15
300 318 15 15
301 311 15 15
301 304 15 15
56 11 2 0
53 35 2 1
73 24 3 1
66 13 3 0
80 33 4 1
82 61 4 3
100 87 5 4
100 7 5 0
125 64 6 3
135 21 6 1
151 91 7 4
147 38 7 1
172 58 8 2
166 110 8 5
180 71 9 3
183 174 9 8
200 73 10 3
212 14 10 0
230 161 11 8
233 214 11 10
250 105 12 5
255 70 12 3
263 15 13 0
268 175 13 8
287 83 14 4
298 143 14 7
309 1 15 0
316 167 15 8
2 196 0 9
17 178 0 8
26 252 1 12
21 282 1 14
