swNum = 320
edgeNum = 672

0 0
1 0
2 0
3 0
4 0
5 0
6 0
7 0
8 0
9 0
10 0
11 0
12 0
13 0
14 0
15 0
16 0
17 0
18 0
19 0
20 1
21 1
22 1
23 1
24 1
25 1
26 1
27 1
28 1
29 1
30 1
31 1
32 1
33 1
34 1
35 1
36 1
37 1
38 1
39 1
40 2
41 2
42 2
43 2
44 2
45 2
46 2
47 2
48 2
49 2
50 2
51 2
52 2
53 2
54 2
55 2
56 2
57 2
58 2
59 2
60 3
61 3
62 3
63 3
64 3
65 3
66 3
67 3
68 3
69 3
70 3
71 3
72 3
73 3
74 3
75 3
76 3
77 3
78 3
79 3
80 4
81 4
82 4
83 4
84 4
85 4
86 4
87 4
88 4
89 4
90 4
91 4
92 4
93 4
94 4
95 4
96 4
97 4
98 4
99 4
100 5
101 5
102 5
103 5
104 5
105 5
106 5
107 5
108 5
109 5
110 5
111 5
112 5
113 5
114 5
115 5
116 5
117 5
118 5
119 5
120 6
121 6
122 6
123 6
124 6
125 6
126 6
127 6
128 6
129 6
130 6
131 6
132 6
133 6
134 6
135 6
136 6
137 6
138 6
139 6
140 7
141 7
142 7
143 7
144 7
145 7
146 7
147 7
148 7
149 7
150 7
151 7
152 7
153 7
154 7
155 7
156 7
157 7
158 7
159 7
160 8
161 8
162 8
163 8
164 8
165 8
166 8
167 8
168 8
169 8
170 8
171 8
172 8
173 8
174 8
175 8
176 8
177 8
178 8
179 8
180 9
181 9
182 9
183 9
184 9
185 9
186 9
187 9
188 9
189 9
190 9
191 9
192 9
193 9
194 9
195 9
196 9
197 9
198 9
199 9
200 10
201 10
202 10
203 10
204 10
205 10
206 10
207 10
208 10
209 10
210 10
211 10
212 10
213 10
214 10
215 10
216 10
217 10
218 10
219 10
220 11
221 11
222 11
223 11
224 11
225 11
226 11
227 11
228 11
229 11
230 11
231 11
232 11
233 11
234 11
235 11
236 11
237 11
238 11
239 11
240 12
241 12
242 12
243 12
244 12
245 12
246 12
247 12
248 12
249 12
250 12
251 12
252 12
253 12
254 12
255 12
256 12
257 12
258 12
259 12
260 13
261 13
262 13
263 13
264 13
265 13
266 13
267 13
268 13
269 13
270 13
271 13
272 13
273 13
274 13
275 13
276 13
277 13
278 13
279 13
280 14
281 14
282 14
283 14
284 14
285 14
286 14
287 14
288 14
289 14
290 14
291 14
292 14
293 14
294 14
295 14
296 14
297 14
298 14
299 14
300 15
301 15
302 15
303 15
304 15
305 15
306 15
307 15
308 15
309 15
310 15
311 15
312 15
313 15
314 15
315 15
316 15
317 15
318 15
319 15

2 0 0 0
2 1 0 0
3 2 0 0
3 0 0 0
4 0 0 0
4 2 0 0
5 0 0 0
5 3 0 0
6 5 0 0
6 4 0 0
7 5 0 0
7 0 0 0
8 2 0 0
8 7 0 0
9 8 0 0
9 0 0 0
10 1 0 0
10 3 0 0
11 3 0 0
11 0 0 0
12 2 0 0
12 5 0 0
13 3 0 0
13 9 0 0
14 1 0 0
14 7 0 0
15 2 0 0
15 4 0 0
16 0 0 0
16 6 0 0
17 2 0 0
17 4 0 0
18 12 0 0
18 1 0 0
19 12 0 0
19 11 0 0
0 6 0 0
0 19 0 0
1 7 0 0
1 19 0 0
22 20 1 1
22 21 1 1
23 21 1 1
23 20 1 1
24 23 1 1
24 22 1 1
25 23 1 1
25 24 1 1
26 23 1 1
26 20 1 1
27 23 1 1
27 22 1 1
28 24 1 1
28 23 1 1
29 24 1 1
29 27 1 1
30 26 1 1
30 27 1 1
31 29 1 1
31 21 1 1
32 31 1 1
32 30 1 1
33 29 1 1
33 22 1 1
34 25 1 1
34 26 1 1
35 26 1 1
35 28 1 1
36 34 1 1
36 20 1 1
37 20 1 1
37 28 1 1
38 33 1 1
38 20 1 1
39 34 1 1
39 36 1 1
20 30 1 1
20 35 1 1
21 35 1 1
21 26 1 1
42 41 2 2
42 40 2 2
43 41 2 2
43 40 2 2
44 40 2 2
44 41 2 2
45 43 2 2
45 41 2 2
46 45 2 2
46 43 2 2
47 44 2 2
47 45 2 2
48 44 2 2
48 40 2 2
49 47 2 2
49 45 2 2
50 42 2 2
50 46 2 2
51 45 2 2
51 46 2 2
52 50 2 2
52 47 2 2
53 51 2 2
53 49 2 2
54 41 2 2
54 50 2 2
55 50 2 2
55 49 2 2
56 44 2 2
56 55 2 2
57 54 2 2
57 53 2 2
58 55 2 2
58 47 2 2
59 46 2 2
59 48 2 2
40 46 2 2
40 55 2 2
41 46 2 2
41 58 2 2
62 61 3 3
62 60 3 3
63 61 3 3
63 62 3 3
64 62 3 3
64 61 3 3
65 63 3 3
65 62 3 3
66 63 3 3
66 60 3 3
67 65 3 3
67 66 3 3
68 62 3 3
68 64 3 3
69 67 3 3
69 63 3 3
70 62 3 3
70 65 3 3
71 61 3 3
71 63 3 3
72 71 3 3
72 66 3 3
73 61 3 3
73 66 3 3
74 68 3 3
74 64 3 3
75 68 3 3
75 73 3 3
76 60 3 3
76 74 3 3
77 71 3 3
77 72 3 3
78 60 3 3
78 72 3 3
79 70 3 3
79 64 3 3
60 73 3 3
60 77 3 3
61 74 3 3
61 66 3 3
82 81 4 4
82 80 4 4
83 80 4 4
83 81 4 4
84 80 4 4
84 83 4 4
85 82 4 4
85 83 4 4
86 82 4 4
86 83 4 4
87 84 4 4
87 80 4 4
88 86 4 4
88 81 4 4
89 86 4 4
89 82 4 4
90 87 4 4
90 85 4 4
91 85 4 4
91 90 4 4
92 89 4 4
92 90 4 4
93 81 4 4
93 89 4 4
94 82 4 4
94 93 4 4
95 93 4 4
95 84 4 4
96 89 4 4
96 80 4 4
97 83 4 4
97 96 4 4
98 90 4 4
98 83 4 4
99 80 4 4
99 82 4 4
80 98 4 4
80 89 4 4
81 97 4 4
81 89 4 4
102 101 5 5
102 100 5 5
103 101 5 5
103 102 5 5
104 101 5 5
104 100 5 5
105 102 5 5
105 104 5 5
106 100 5 5
106 101 5 5
107 105 5 5
107 103 5 5
108 100 5 5
108 103 5 5
109 105 5 5
109 108 5 5
110 104 5 5
110 106 5 5
111 104 5 5
111 110 5 5
112 107 5 5
112 102 5 5
113 110 5 5
113 107 5 5
114 108 5 5
114 113 5 5
115 113 5 5
115 103 5 5
116 110 5 5
116 107 5 5
117 112 5 5
117 101 5 5
118 101 5 5
118 109 5 5
119 113 5 5
119 102 5 5
100 112 5 5
100 117 5 5
101 107 5 5
101 119 5 5
122 121 6 6
122 120 6 6
123 122 6 6
123 121 6 6
124 123 6 6
124 122 6 6
125 123 6 6
125 121 6 6
126 120 6 6
126 125 6 6
127 125 6 6
127 121 6 6
128 125 6 6
128 124 6 6
129 120 6 6
129 124 6 6
130 126 6 6
130 120 6 6
131 126 6 6
131 127 6 6
132 125 6 6
132 129 6 6
133 127 6 6
133 123 6 6
134 126 6 6
134 129 6 6
135 134 6 6
135 125 6 6
136 125 6 6
136 129 6 6
137 131 6 6
137 135 6 6
138 132 6 6
138 136 6 6
139 125 6 6
139 123 6 6
120 123 6 6
120 135 6 6
121 139 6 6
121 132 6 6
142 140 7 7
142 141 7 7
143 141 7 7
143 142 7 7
144 142 7 7
144 143 7 7
145 141 7 7
145 143 7 7
146 140 7 7
146 141 7 7
147 143 7 7
147 142 7 7
148 147 7 7
148 145 7 7
149 142 7 7
149 145 7 7
150 144 7 7
150 149 7 7
151 150 7 7
151 149 7 7
152 142 7 7
152 149 7 7
153 151 7 7
153 145 7 7
154 151 7 7
154 145 7 7
155 143 7 7
155 147 7 7
156 143 7 7
156 154 7 7
157 146 7 7
157 156 7 7
158 153 7 7
158 151 7 7
159 153 7 7
159 145 7 7
140 151 7 7
140 156 7 7
141 148 7 7
141 159 7 7
162 160 8 8
162 161 8 8
163 161 8 8
163 162 8 8
164 161 8 8
164 163 8 8
165 164 8 8
165 160 8 8
166 163 8 8
166 162 8 8
167 162 8 8
167 161 8 8
168 165 8 8
168 164 8 8
169 160 8 8
169 167 8 8
170 166 8 8
170 162 8 8
171 162 8 8
171 163 8 8
172 167 8 8
172 165 8 8
173 170 8 8
173 161 8 8
174 161 8 8
174 172 8 8
175 162 8 8
175 163 8 8
176 172 8 8
176 170 8 8
177 167 8 8
177 160 8 8
178 169 8 8
178 170 8 8
179 171 8 8
179 160 8 8
160 168 8 8
160 167 8 8
161 177 8 8
161 166 8 8
182 181 9 9
182 180 9 9
183 181 9 9
183 180 9 9
184 181 9 9
184 182 9 9
185 183 9 9
185 181 9 9
186 183 9 9
186 181 9 9
187 185 9 9
187 184 9 9
188 187 9 9
188 184 9 9
189 186 9 9
189 185 9 9
190 188 9 9
190 189 9 9
191 184 9 9
191 186 9 9
192 186 9 9
192 187 9 9
193 192 9 9
193 190 9 9
194 184 9 9
194 182 9 9
195 188 9 9
195 184 9 9
196 184 9 9
196 193 9 9
197 182 9 9
197 187 9 9
198 182 9 9
198 194 9 9
199 187 9 9
199 193 9 9
180 184 9 9
180 186 9 9
181 189 9 9
181 196 9 9
202 200 10 10
202 201 10 10
203 200 10 10
203 202 10 10
204 200 10 10
204 202 10 10
205 203 10 10
205 201 10 10
206 202 10 10
206 205 10 10
207 204 10 10
207 202 10 10
208 203 10 10
208 202 10 10
209 203 10 10
209 205 10 10
210 204 10 10
210 209 10 10
211 200 10 10
211 205 10 10
212 202 10 10
212 204 10 10
213 203 10 10
213 205 10 10
214 212 10 10
214 200 10 10
215 206 10 10
215 209 10 10
216 202 10 10
216 201 10 10
217 207 10 10
217 213 10 10
218 215 10 10
218 205 10 10
219 213 10 10
219 208 10 10
200 219 10 10
200 212 10 10
201 207 10 10
201 210 10 10
222 220 11 11
222 221 11 11
223 220 11 11
223 221 11 11
224 222 11 11
224 221 11 11
225 220 11 11
225 224 11 11
226 223 11 11
226 224 11 11
227 223 11 11
227 222 11 11
228 222 11 11
228 227 11 11
229 224 11 11
229 227 11 11
230 224 11 11
230 222 11 11
231 226 11 11
231 225 11 11
232 230 11 11
232 228 11 11
233 221 11 11
233 223 11 11
234 228 11 11
234 220 11 11
235 233 11 11
235 226 11 11
236 227 11 11
236 233 11 11
237 220 11 11
237 221 11 11
238 234 11 11
238 220 11 11
239 237 11 11
239 235 11 11
220 235 11 11
220 227 11 11
221 226 11 11
221 235 11 11
242 241 12 12
242 240 12 12
243 240 12 12
243 241 12 12
244 240 12 12
244 241 12 12
245 242 12 12
245 244 12 12
246 244 12 12
246 240 12 12
247 242 12 12
247 244 12 12
248 242 12 12
248 247 12 12
249 240 12 12
249 244 12 12
250 240 12 12
250 249 12 12
251 240 12 12
251 250 12 12
252 241 12 12
252 251 12 12
253 247 12 12
253 248 12 12
254 241 12 12
254 247 12 12
255 253 12 12
255 248 12 12
256 255 12 12
256 241 12 12
257 246 12 12
257 243 12 12
258 244 12 12
258 251 12 12
259 256 12 12
259 252 12 12
240 258 12 12
240 257 12 12
241 251 12 12
241 257 12 12
262 261 13 13
262 260 13 13
263 261 13 13
263 262 13 13
264 263 13 13
264 261 13 13
265 260 13 13
265 261 13 13
266 261 13 13
266 264 13 13
267 262 13 13
267 266 13 13
268 265 13 13
268 266 13 13
269 268 13 13
269 262 13 13
270 267 13 13
270 263 13 13
271 269 13 13
271 265 13 13
272 266 13 13
272 262 13 13
273 266 13 13
273 269 13 13
274 263 13 13
274 270 13 13
275 266 13 13
275 261 13 13
276 260 13 13
276 274 13 13
277 263 13 13
277 267 13 13
278 264 13 13
278 276 13 13
279 263 13 13
279 260 13 13
260 271 13 13
260 267 13 13
261 279 13 13
261 274 13 13
282 280 14 14
282 281 14 14
283 282 14 14
283 281 14 14
284 280 14 14
284 283 14 14
285 282 14 14
285 284 14 14
286 283 14 14
286 284 14 14
287 285 14 14
287 280 14 14
288 287 14 14
288 280 14 14
289 283 14 14
289 288 14 14
290 288 14 14
290 280 14 14
291 285 14 14
291 287 14 14
292 286 14 14
292 281 14 14
293 281 14 14
293 286 14 14
294 285 14 14
294 288 14 14
295 289 14 14
295 292 14 14
296 280 14 14
296 288 14 14
297 294 14 14
297 290 14 14
298 291 14 14
298 282 14 14
299 281 14 14
299 295 14 14
280 292 14 14
280 298 14 14
281 284 14 14
281 296 14 14
302 301 15 15
302 300 15 15
303 302 15 15
303 301 15 15
304 301 15 15
304 302 15 15
305 304 15 15
305 300 15 15
306 300 15 15
306 301 15 15
307 303 15 15
307 302 15 15
308 305 15 15
308 306 15 15
309 301 15 15
309 302 15 15
310 305 15 15
310 309 15 15
311 304 15 15
311 307 15 15
312 302 15 15
312 309 15 15
313 311 15 15
313 303 15 15
314 308 15 15
314 307 15 15
315 313 15 15
315 300 15 15
316 302 15 15
316 309 15 15
317 302 15 15
317 305 15 15
318 303 15 15
318 313 15 15
319 310 15 15
319 304 15 15
300 314 15 15
300 308 15 15
301 318 15 15
301 305 15 15
58 19 2 0
43 30 2 1
78 46 3 2
68 7 3 0
86 69 4 3
81 59 4 2
116 66 5 3
116 80 5 4
125 95 6 4
134 12 6 0
147 117 7 5
149 8 7 0
175 78 8 3
173 36 8 1
193 29 9 1
192 84 9 4
206 170 10 8
203 142 10 7
232 34 11 1
237 189 11 9
245 156 12 7
252 212 12 10
279 17 13 0
277 219 13 10
294 85 14 4
296 107 14 5
313 221 15 11
300 272 15 13
9 257 0 12
8 216 0 10
24 82 1 4
20 269 1 13
