swNum = 320
edgeNum = 672

0 0
1 0
2 0
3 0
4 0
5 0
6 0
7 0
8 0
9 0
10 0
11 0
12 0
13 0
14 0
15 0
16 0
17 0
18 0
19 0
20 1
21 1
22 1
23 1
24 1
25 1
26 1
27 1
28 1
29 1
30 1
31 1
32 1
33 1
34 1
35 1
36 1
37 1
38 1
39 1
40 2
41 2
42 2
43 2
44 2
45 2
46 2
47 2
48 2
49 2
50 2
51 2
52 2
53 2
54 2
55 2
56 2
57 2
58 2
59 2
60 3
61 3
62 3
63 3
64 3
65 3
66 3
67 3
68 3
69 3
70 3
71 3
72 3
73 3
74 3
75 3
76 3
77 3
78 3
79 3
80 4
81 4
82 4
83 4
84 4
85 4
86 4
87 4
88 4
89 4
90 4
91 4
92 4
93 4
94 4
95 4
96 4
97 4
98 4
99 4
100 5
101 5
102 5
103 5
104 5
105 5
106 5
107 5
108 5
109 5
110 5
111 5
112 5
113 5
114 5
115 5
116 5
117 5
118 5
119 5
120 6
121 6
122 6
123 6
124 6
125 6
126 6
127 6
128 6
129 6
130 6
131 6
132 6
133 6
134 6
135 6
136 6
137 6
138 6
139 6
140 7
141 7
142 7
143 7
144 7
145 7
146 7
147 7
148 7
149 7
150 7
151 7
152 7
153 7
154 7
155 7
156 7
157 7
158 7
159 7
160 8
161 8
162 8
163 8
164 8
165 8
166 8
167 8
168 8
169 8
170 8
171 8
172 8
173 8
174 8
175 8
176 8
177 8
178 8
179 8
180 9
181 9
182 9
183 9
184 9
185 9
186 9
187 9
188 9
189 9
190 9
191 9
192 9
193 9
194 9
195 9
196 9
197 9
198 9
199 9
200 10
201 10
202 10
203 10
204 10
205 10
206 10
207 10
208 10
209 10
210 10
211 10
212 10
213 10
214 10
215 10
216 10
217 10
218 10
219 10
220 11
221 11
222 11
223 11
224 11
225 11
226 11
227 11
228 11
229 11
230 11
231 11
232 11
233 11
234 11
235 11
236 11
237 11
238 11
239 11
240 12
241 12
242 12
243 12
244 12
245 12
246 12
247 12
248 12
249 12
250 12
251 12
252 12
253 12
254 12
255 12
256 12
257 12
258 12
259 12
260 13
261 13
262 13
263 13
264 13
265 13
266 13
267 13
268 13
269 13
270 13
271 13
272 13
273 13
274 13
275 13
276 13
277 13
278 13
279 13
280 14
281 14
282 14
283 14
284 14
285 14
286 14
287 14
288 14
289 14
290 14
291 14
292 14
293 14
294 14
295 14
296 14
297 14
298 14
299 14
300 15
301 15
302 15
303 15
304 15
305 15
306 15
307 15
308 15
309 15
310 15
311 15
312 15
313 15
314 15
315 15
316 15
317 15
318 15
319 15

2 0 0 0
2 1 0 0
3 0 0 0
3 2 0 0
4 2 0 0
4 3 0 0
5 0 0 0
5 2 0 0
6 3 0 0
6 5 0 0
7 1 0 0
7 2 0 0
8 4 0 0
8 6 0 0
9 4 0 0
9 6 0 0
10 0 0 0
10 6 0 0
11 9 0 0
11 2 0 0
12 1 0 0
12 3 0 0
13 6 0 0
13 5 0 0
14 10 0 0
14 2 0 0
15 5 0 0
15 12 0 0
16 13 0 0
16 0 0 0
17 2 0 0
17 4 0 0
18 8 0 0
18 1 0 0
19 9 0 0
19 12 0 0
0 13 0 0
0 7 0 0
1 3 0 0
1 16 0 0
22 20 1 1
22 21 1 1
23 20 1 1
23 22 1 1
24 22 1 1
24 23 1 1
25 24 1 1
25 23 1 1
26 21 1 1
26 25 1 1
27 21 1 1
27 23 1 1
28 20 1 1
28 23 1 1
29 24 1 1
29 20 1 1
30 29 1 1
30 20 1 1
31 30 1 1
31 23 1 1
32 30 1 1
32 27 1 1
33 25 1 1
33 23 1 1
34 26 1 1
34 30 1 1
35 24 1 1
35 22 1 1
36 21 1 1
36 35 1 1
37 20 1 1
37 22 1 1
38 35 1 1
38 32 1 1
39 25 1 1
39 32 1 1
20 39 1 1
20 36 1 1
21 25 1 1
21 33 1 1
42 41 2 2
42 40 2 2
43 41 2 2
43 40 2 2
44 40 2 2
44 42 2 2
45 43 2 2
45 41 2 2
46 41 2 2
46 44 2 2
47 44 2 2
47 40 2 2
48 45 2 2
48 46 2 2
49 43 2 2
49 40 2 2
50 42 2 2
50 44 2 2
51 50 2 2
51 48 2 2
52 46 2 2
52 45 2 2
53 52 2 2
53 51 2 2
54 48 2 2
54 43 2 2
55 45 2 2
55 43 2 2
56 52 2 2
56 43 2 2
57 47 2 2
57 54 2 2
58 45 2 2
58 52 2 2
59 44 2 2
59 52 2 2
40 53 2 2
40 46 2 2
41 59 2 2
41 51 2 2
62 60 3 3
62 61 3 3
63 62 3 3
63 60 3 3
64 61 3 3
64 60 3 3
65 60 3 3
65 64 3 3
66 62 3 3
66 63 3 3
67 66 3 3
67 63 3 3
68 65 3 3
68 63 3 3
69 68 3 3
69 63 3 3
70 67 3 3
70 62 3 3
71 64 3 3
71 61 3 3
72 71 3 3
72 63 3 3
73 60 3 3
73 69 3 3
74 60 3 3
74 68 3 3
75 61 3 3
75 72 3 3
76 68 3 3
76 63 3 3
77 64 3 3
77 67 3 3
78 74 3 3
78 71 3 3
79 75 3 3
79 72 3 3
60 76 3 3
60 78 3 3
61 76 3 3
61 74 3 3
82 81 4 4
82 80 4 4
83 81 4 4
83 82 4 4
84 82 4 4
84 80 4 4
85 84 4 4
85 83 4 4
86 83 4 4
86 81 4 4
87 83 4 4
87 85 4 4
88 80 4 4
88 84 4 4
89 82 4 4
89 85 4 4
90 85 4 4
90 80 4 4
91 90 4 4
91 85 4 4
92 85 4 4
92 80 4 4
93 81 4 4
93 84 4 4
94 88 4 4
94 91 4 4
95 88 4 4
95 87 4 4
96 85 4 4
96 82 4 4
97 93 4 4
97 89 4 4
98 83 4 4
98 81 4 4
99 85 4 4
99 84 4 4
80 91 4 4
80 98 4 4
81 89 4 4
81 90 4 4
102 101 5 5
102 100 5 5
103 101 5 5
103 100 5 5
104 100 5 5
104 102 5 5
105 101 5 5
105 100 5 5
106 103 5 5
106 102 5 5
107 104 5 5
107 100 5 5
108 100 5 5
108 103 5 5
109 101 5 5
109 108 5 5
110 100 5 5
110 105 5 5
111 110 5 5
111 101 5 5
112 107 5 5
112 109 5 5
113 109 5 5
113 107 5 5
114 105 5 5
114 108 5 5
115 101 5 5
115 110 5 5
116 110 5 5
116 100 5 5
117 106 5 5
117 111 5 5
118 104 5 5
118 102 5 5
119 111 5 5
119 118 5 5
100 113 5 5
100 112 5 5
101 112 5 5
101 119 5 5
122 120 6 6
122 121 6 6
123 122 6 6
123 121 6 6
124 120 6 6
124 121 6 6
125 122 6 6
125 123 6 6
126 125 6 6
126 124 6 6
127 125 6 6
127 123 6 6
128 120 6 6
128 122 6 6
129 121 6 6
129 128 6 6
130 125 6 6
130 122 6 6
131 120 6 6
131 123 6 6
132 128 6 6
132 131 6 6
133 129 6 6
133 120 6 6
134 127 6 6
134 122 6 6
135 125 6 6
135 133 6 6
136 135 6 6
136 123 6 6
137 133 6 6
137 124 6 6
138 121 6 6
138 130 6 6
139 130 6 6
139 133 6 6
120 126 6 6
120 139 6 6
121 132 6 6
121 134 6 6
142 140 7 7
142 141 7 7
143 141 7 7
143 140 7 7
144 142 7 7
144 140 7 7
145 141 7 7
145 144 7 7
146 143 7 7
146 145 7 7
147 141 7 7
147 140 7 7
148 146 7 7
148 143 7 7
149 148 7 7
149 140 7 7
150 143 7 7
150 141 7 7
151 142 7 7
151 145 7 7
152 142 7 7
152 140 7 7
153 151 7 7
153 149 7 7
154 147 7 7
154 142 7 7
155 146 7 7
155 145 7 7
156 149 7 7
156 146 7 7
157 149 7 7
157 156 7 7
158 144 7 7
158 155 7 7
159 142 7 7
159 158 7 7
140 157 7 7
140 158 7 7
141 152 7 7
141 154 7 7
162 161 8 8
162 160 8 8
163 161 8 8
163 162 8 8
164 163 8 8
164 162 8 8
165 162 8 8
165 164 8 8
166 165 8 8
166 160 8 8
167 160 8 8
167 163 8 8
168 160 8 8
168 167 8 8
169 165 8 8
169 161 8 8
170 164 8 8
170 165 8 8
171 168 8 8
171 166 8 8
172 165 8 8
172 163 8 8
173 166 8 8
173 168 8 8
174 170 8 8
174 167 8 8
175 169 8 8
175 161 8 8
176 162 8 8
176 174 8 8
177 174 8 8
177 162 8 8
178 176 8 8
178 166 8 8
179 170 8 8
179 173 8 8
160 173 8 8
160 176 8 8
161 165 8 8
161 172 8 8
182 180 9 9
182 181 9 9
183 181 9 9
183 182 9 9
184 181 9 9
184 183 9 9
185 182 9 9
185 184 9 9
186 181 9 9
186 184 9 9
187 184 9 9
187 185 9 9
188 187 9 9
188 183 9 9
189 184 9 9
189 183 9 9
190 184 9 9
190 183 9 9
191 187 9 9
191 185 9 9
192 184 9 9
192 190 9 9
193 192 9 9
193 182 9 9
194 185 9 9
194 182 9 9
195 192 9 9
195 181 9 9
196 194 9 9
196 188 9 9
197 187 9 9
197 182 9 9
198 186 9 9
198 182 9 9
199 186 9 9
199 191 9 9
180 193 9 9
180 192 9 9
181 189 9 9
181 191 9 9
202 200 10 10
202 201 10 10
203 200 10 10
203 201 10 10
204 203 10 10
204 200 10 10
205 200 10 10
205 201 10 10
206 200 10 10
206 204 10 10
207 206 10 10
207 204 10 10
208 207 10 10
208 204 10 10
209 203 10 10
209 201 10 10
210 204 10 10
210 202 10 10
211 206 10 10
211 205 10 10
212 210 10 10
212 204 10 10
213 209 10 10
213 211 10 10
214 206 10 10
214 213 10 10
215 203 10 10
215 211 10 10
216 214 10 10
216 207 10 10
217 214 10 10
217 205 10 10
218 205 10 10
218 211 10 10
219 205 10 10
219 210 10 10
200 213 10 10
200 212 10 10
201 206 10 10
201 204 10 10
222 220 11 11
222 221 11 11
223 221 11 11
223 222 11 11
224 222 11 11
224 223 11 11
225 220 11 11
225 224 11 11
226 222 11 11
226 223 11 11
227 225 11 11
227 221 11 11
228 221 11 11
228 222 11 11
229 224 11 11
229 220 11 11
230 228 11 11
230 225 11 11
231 227 11 11
231 230 11 11
232 229 11 11
232 221 11 11
233 221 11 11
233 225 11 11
234 225 11 11
234 230 11 11
235 220 11 11
235 230 11 11
236 232 11 11
236 234 11 11
237 236 11 11
237 229 11 11
238 220 11 11
238 234 11 11
239 222 11 11
239 233 11 11
220 223 11 11
220 230 11 11
221 235 11 11
221 234 11 11
242 241 12 12
242 240 12 12
243 241 12 12
243 240 12 12
244 243 12 12
244 242 12 12
245 243 12 12
245 244 12 12
246 245 12 12
246 243 12 12
247 242 12 12
247 241 12 12
248 242 12 12
248 240 12 12
249 241 12 12
249 242 12 12
250 241 12 12
250 245 12 12
251 242 12 12
251 249 12 12
252 240 12 12
252 242 12 12
253 241 12 12
253 251 12 12
254 253 12 12
254 252 12 12
255 241 12 12
255 249 12 12
256 249 12 12
256 244 12 12
257 251 12 12
257 244 12 12
258 246 12 12
258 242 12 12
259 257 12 12
259 244 12 12
240 258 12 12
240 244 12 12
241 256 12 12
241 245 12 12
262 260 13 13
262 261 13 13
263 261 13 13
263 262 13 13
264 262 13 13
264 263 13 13
265 263 13 13
265 262 13 13
266 263 13 13
266 262 13 13
267 263 13 13
267 265 13 13
268 267 13 13
268 266 13 13
269 268 13 13
269 263 13 13
270 268 13 13
270 269 13 13
271 270 13 13
271 262 13 13
272 267 13 13
272 268 13 13
273 272 13 13
273 260 13 13
274 260 13 13
274 263 13 13
275 263 13 13
275 264 13 13
276 273 13 13
276 270 13 13
277 273 13 13
277 262 13 13
278 266 13 13
278 275 13 13
279 267 13 13
279 276 13 13
260 277 13 13
260 279 13 13
261 271 13 13
261 274 13 13
282 281 14 14
282 280 14 14
283 280 14 14
283 282 14 14
284 281 14 14
284 283 14 14
285 282 14 14
285 283 14 14
286 283 14 14
286 281 14 14
287 284 14 14
287 283 14 14
288 280 14 14
288 287 14 14
289 287 14 14
289 281 14 14
290 282 14 14
290 289 14 14
291 287 14 14
291 282 14 14
292 280 14 14
292 283 14 14
293 286 14 14
293 287 14 14
294 293 14 14
294 286 14 14
295 293 14 14
295 287 14 14
296 290 14 14
296 281 14 14
297 281 14 14
297 285 14 14
298 292 14 14
298 286 14 14
299 295 14 14
299 284 14 14
280 287 14 14
280 294 14 14
281 290 14 14
281 287 14 14
302 301 15 15
302 300 15 15
303 301 15 15
303 302 15 15
304 302 15 15
304 300 15 15
305 303 15 15
305 301 15 15
306 300 15 15
306 302 15 15
307 302 15 15
307 305 15 15
308 306 15 15
308 303 15 15
309 304 15 15
309 302 15 15
310 300 15 15
310 302 15 15
311 301 15 15
311 308 15 15
312 311 15 15
312 305 15 15
313 311 15 15
313 310 15 15
314 300 15 15
314 302 15 15
315 306 15 15
315 308 15 15
316 300 15 15
316 310 15 15
317 302 15 15
317 315 15 15
318 308 15 15
318 307 15 15
319 304 15 15
319 300 15 15
300 318 15 15
300 309 15 15
301 309 15 15
301 319 15 15
51 9 2 0
59 39 2 1
79 45 3 2
68 11 3 0
83 56 4 2
84 78 4 3
117 66 5 3
101 42 5 2
124 14 6 0
134 64 6 3
144 108 7 5
154 52 7 2
165 104 8 5
175 149 8 7
195 10 9 0
184 101 9 5
219 195 10 9
217 118 10 5
233 156 11 7
221 46 11 2
248 169 12 8
249 10 12 0
264 177 13 8
273 50 13 2
296 101 14 5
294 203 14 10
310 128 15 6
316 225 15 11
16 155 0 7
7 217 0 10
26 62 1 3
34 212 1 10
