swNum = 320
edgeNum = 672

0 0
1 0
2 0
3 0
4 0
5 0
6 0
7 0
8 0
9 0
10 0
11 0
12 0
13 0
14 0
15 0
16 0
17 0
18 0
19 0
20 1
21 1
22 1
23 1
24 1
25 1
26 1
27 1
28 1
29 1
30 1
31 1
32 1
33 1
34 1
35 1
36 1
37 1
38 1
39 1
40 2
41 2
42 2
43 2
44 2
45 2
46 2
47 2
48 2
49 2
50 2
51 2
52 2
53 2
54 2
55 2
56 2
57 2
58 2
59 2
60 3
61 3
62 3
63 3
64 3
65 3
66 3
67 3
68 3
69 3
70 3
71 3
72 3
73 3
74 3
75 3
76 3
77 3
78 3
79 3
80 4
81 4
82 4
83 4
84 4
85 4
86 4
87 4
88 4
89 4
90 4
91 4
92 4
93 4
94 4
95 4
96 4
97 4
98 4
99 4
100 5
101 5
102 5
103 5
104 5
105 5
106 5
107 5
108 5
109 5
110 5
111 5
112 5
113 5
114 5
115 5
116 5
117 5
118 5
119 5
120 6
121 6
122 6
123 6
124 6
125 6
126 6
127 6
128 6
129 6
130 6
131 6
132 6
133 6
134 6
135 6
136 6
137 6
138 6
139 6
140 7
141 7
142 7
143 7
144 7
145 7
146 7
147 7
148 7
149 7
150 7
151 7
152 7
153 7
154 7
155 7
156 7
157 7
158 7
159 7
160 8
161 8
162 8
163 8
164 8
165 8
166 8
167 8
168 8
169 8
170 8
171 8
172 8
173 8
174 8
175 8
176 8
177 8
178 8
179 8
180 9
181 9
182 9
183 9
184 9
185 9
186 9
187 9
188 9
189 9
190 9
191 9
192 9
193 9
194 9
195 9
196 9
197 9
198 9
199 9
200 10
201 10
202 10
203 10
204 10
205 10
206 10
207 10
208 10
209 10
210 10
211 10
212 10
213 10
214 10
215 10
216 10
217 10
218 10
219 10
220 11
221 11
222 11
223 11
224 11
225 11
226 11
227 11
228 11
229 11
230 11
231 11
232 11
233 11
234 11
235 11
236 11
237 11
238 11
239 11
240 12
241 12
242 12
243 12
244 12
245 12
246 12
247 12
248 12
249 12
250 12
251 12
252 12
253 12
254 12
255 12
256 12
257 12
258 12
259 12
260 13
261 13
262 13
263 13
264 13
265 13
266 13
267 13
268 13
269 13
270 13
271 13
272 13
273 13
274 13
275 13
276 13
277 13
278 13
279 13
280 14
281 14
282 14
283 14
284 14
285 14
286 14
287 14
288 14
289 14
290 14
291 14
292 14
293 14
294 14
295 14
296 14
297 14
298 14
299 14
300 15
301 15
302 15
303 15
304 15
305 15
306 15
307 15
308 15
309 15
310 15
311 15
312 15
313 15
314 15
315 15
316 15
317 15
318 15
319 15

2 0 0 0
2 1 0 0
3 1 0 0
3 0 0 0
4 0 0 0
4 3 0 0
5 2 0 0
5 4 0 0
6 0 0 0
6 4 0 0
7 6 0 0
7 5 0 0
8 4 0 0
8 3 0 0
9 8 0 0
9 7 0 0
10 1 0 0
10 8 0 0
11 3 0 0
11 9 0 0
12 5 0 0
12 6 0 0
13 11 0 0
13 2 0 0
14 11 0 0
14 1 0 0
15 13 0 0
15 11 0 0
16 14 0 0
16 3 0 0
17 4 0 0
17 13 0 0
18 10 0 0
18 17 0 0
19 3 0 0
19 8 0 0
0 11 0 0
0 9 0 0
1 18 0 0
1 4 0 0
22 21 1 1
22 20 1 1
23 20 1 1
23 21 1 1
24 22 1 1
24 20 1 1
25 21 1 1
25 22 1 1
26 21 1 1
26 24 1 1
27 26 1 1
27 22 1 1
28 27 1 1
28 21 1 1
29 24 1 1
29 22 1 1
30 29 1 1
30 21 1 1
31 23 1 1
31 20 1 1
32 27 1 1
32 25 1 1
33 28 1 1
33 30 1 1
34 20 1 1
34 28 1 1
35 27 1 1
35 21 1 1
36 27 1 1
36 34 1 1
37 32 1 1
37 25 1 1
38 33 1 1
38 32 1 1
39 32 1 1
39 23 1 1
20 33 1 1
20 29 1 1
21 31 1 1
21 33 1 1
42 40 2 2
42 41 2 2
43 41 2 2
43 42 2 2
44 43 2 2
44 41 2 2
45 40 2 2
45 42 2 2
46 40 2 2
46 45 2 2
47 45 2 2
47 42 2 2
48 45 2 2
48 47 2 2
49 40 2 2
49 42 2 2
50 44 2 2
50 43 2 2
51 47 2 2
51 40 2 2
52 46 2 2
52 49 2 2
53 45 2 2
53 50 2 2
54 44 2 2
54 50 2 2
55 52 2 2
55 46 2 2
56 49 2 2
56 51 2 2
57 53 2 2
57 42 2 2
58 53 2 2
58 46 2 2
59 42 2 2
59 48 2 2
40 48 2 2
40 44 2 2
41 53 2 2
41 51 2 2
62 61 3 3
62 60 3 3
63 61 3 3
63 62 3 3
64 60 3 3
64 61 3 3
65 61 3 3
65 60 3 3
66 62 3 3
66 64 3 3
67 65 3 3
67 60 3 3
68 61 3 3
68 65 3 3
69 62 3 3
69 66 3 3
70 66 3 3
70 67 3 3
71 68 3 3
71 65 3 3
72 66 3 3
72 71 3 3
73 71 3 3
73 69 3 3
74 72 3 3
74 70 3 3
75 69 3 3
75 74 3 3
76 67 3 3
76 71 3 3
77 70 3 3
77 71 3 3
78 69 3 3
78 60 3 3
79 75 3 3
79 76 3 3
60 71 3 3
60 69 3 3
61 78 3 3
61 76 3 3
82 81 4 4
82 80 4 4
83 81 4 4
83 82 4 4
84 82 4 4
84 81 4 4
85 81 4 4
85 83 4 4
86 81 4 4
86 82 4 4
87 86 4 4
87 80 4 4
88 82 4 4
88 84 4 4
89 87 4 4
89 88 4 4
90 85 4 4
90 81 4 4
91 86 4 4
91 85 4 4
92 81 4 4
92 91 4 4
93 89 4 4
93 92 4 4
94 83 4 4
94 82 4 4
95 81 4 4
95 83 4 4
96 85 4 4
96 92 4 4
97 96 4 4
97 86 4 4
98 88 4 4
98 80 4 4
99 92 4 4
99 86 4 4
80 94 4 4
80 93 4 4
81 89 4 4
81 97 4 4
102 100 5 5
102 101 5 5
103 100 5 5
103 102 5 5
104 102 5 5
104 103 5 5
105 104 5 5
105 100 5 5
106 100 5 5
106 105 5 5
107 100 5 5
107 102 5 5
108 100 5 5
108 107 5 5
109 108 5 5
109 105 5 5
110 101 5 5
110 102 5 5
111 105 5 5
111 102 5 5
112 109 5 5
112 101 5 5
113 108 5 5
113 103 5 5
114 107 5 5
114 112 5 5
115 100 5 5
115 108 5 5
116 110 5 5
116 107 5 5
117 114 5 5
117 103 5 5
118 102 5 5
118 100 5 5
119 104 5 5
119 105 5 5
100 112 5 5
100 117 5 5
101 106 5 5
101 117 5 5
122 121 6 6
122 120 6 6
123 121 6 6
123 122 6 6
124 120 6 6
124 123 6 6
125 121 6 6
125 123 6 6
126 121 6 6
126 120 6 6
127 122 6 6
127 125 6 6
128 126 6 6
128 125 6 6
129 121 6 6
129 124 6 6
130 123 6 6
130 126 6 6
131 126 6 6
131 122 6 6
132 125 6 6
132 120 6 6
133 128 6 6
133 130 6 6
134 127 6 6
134 120 6 6
135 127 6 6
135 133 6 6
136 126 6 6
136 121 6 6
137 132 6 6
137 121 6 6
138 134 6 6
138 135 6 6
139 129 6 6
139 121 6 6
120 128 6 6
120 130 6 6
121 134 6 6
121 138 6 6
142 141 7 7
142 140 7 7
143 140 7 7
143 142 7 7
144 141 7 7
144 140 7 7
145 143 7 7
145 142 7 7
146 143 7 7
146 142 7 7
147 146 7 7
147 140 7 7
148 141 7 7
148 144 7 7
149 140 7 7
149 141 7 7
150 147 7 7
150 144 7 7
151 142 7 7
151 143 7 7
152 140 7 7
152 147 7 7
153 143 7 7
153 145 7 7
154 149 7 7
154 148 7 7
155 152 7 7
155 148 7 7
156 153 7 7
156 141 7 7
157 154 7 7
157 142 7 7
158 151 7 7
158 145 7 7
159 144 7 7
159 157 7 7
140 150 7 7
140 159 7 7
141 146 7 7
141 157 7 7
162 160 8 8
162 161 8 8
163 160 8 8
163 162 8 8
164 160 8 8
164 161 8 8
165 160 8 8
165 163 8 8
166 162 8 8
166 163 8 8
167 160 8 8
167 162 8 8
168 163 8 8
168 162 8 8
169 164 8 8
169 167 8 8
170 164 8 8
170 168 8 8
171 167 8 8
171 163 8 8
172 161 8 8
172 160 8 8
173 167 8 8
173 164 8 8
174 170 8 8
174 171 8 8
175 167 8 8
175 163 8 8
176 161 8 8
176 175 8 8
177 176 8 8
177 161 8 8
178 167 8 8
178 177 8 8
179 160 8 8
179 161 8 8
160 176 8 8
160 170 8 8
161 174 8 8
161 167 8 8
182 180 9 9
182 181 9 9
183 180 9 9
183 182 9 9
184 180 9 9
184 183 9 9
185 182 9 9
185 180 9 9
186 183 9 9
186 185 9 9
187 185 9 9
187 186 9 9
188 187 9 9
188 181 9 9
189 186 9 9
189 187 9 9
190 180 9 9
190 183 9 9
191 184 9 9
191 181 9 9
192 186 9 9
192 185 9 9
193 187 9 9
193 180 9 9
194 186 9 9
194 185 9 9
195 185 9 9
195 187 9 9
196 188 9 9
196 195 9 9
197 186 9 9
197 190 9 9
198 183 9 9
198 188 9 9
199 190 9 9
199 195 9 9
180 197 9 9
180 187 9 9
181 198 9 9
181 187 9 9
202 201 10 10
202 200 10 10
203 201 10 10
203 202 10 10
204 201 10 10
204 200 10 10
205 202 10 10
205 203 10 10
206 204 10 10
206 200 10 10
207 204 10 10
207 202 10 10
208 206 10 10
208 203 10 10
209 208 10 10
209 202 10 10
210 206 10 10
210 203 10 10
211 206 10 10
211 200 10 10
212 210 10 10
212 206 10 10
213 201 10 10
213 205 10 10
214 203 10 10
214 200 10 10
215 208 10 10
215 212 10 10
216 211 10 10
216 213 10 10
217 206 10 10
217 211 10 10
218 212 10 10
218 216 10 10
219 212 10 10
219 210 10 10
200 208 10 10
200 205 10 10
201 205 10 10
201 209 10 10
222 220 11 11
222 221 11 11
223 220 11 11
223 221 11 11
224 220 11 11
224 222 11 11
225 224 11 11
225 221 11 11
226 225 11 11
226 222 11 11
227 226 11 11
227 223 11 11
228 226 11 11
228 227 11 11
229 220 11 11
229 223 11 11
230 228 11 11
230 227 11 11
231 225 11 11
231 220 11 11
232 231 11 11
232 224 11 11
233 231 11 11
233 228 11 11
234 227 11 11
234 229 11 11
235 231 11 11
235 220 11 11
236 231 11 11
236 226 11 11
237 226 11 11
237 227 11 11
238 236 11 11
238 229 11 11
239 235 11 11
239 221 11 11
220 226 11 11
220 238 11 11
221 238 11 11
221 229 11 11
242 241 12 12
242 240 12 12
243 241 12 12
243 240 12 12
244 240 12 12
244 243 12 12
245 242 12 12
245 244 12 12
246 242 12 12
246 245 12 12
247 246 12 12
247 242 12 12
248 247 12 12
248 245 12 12
249 244 12 12
249 241 12 12
250 245 12 12
250 247 12 12
251 249 12 12
251 246 12 12
252 248 12 12
252 245 12 12
253 244 12 12
253 248 12 12
254 248 12 12
254 244 12 12
255 251 12 12
255 243 12 12
256 254 12 12
256 252 12 12
257 255 12 12
257 240 12 12
258 248 12 12
258 251 12 12
259 246 12 12
259 248 12 12
240 255 12 12
240 249 12 12
241 245 12 12
241 248 12 12
262 260 13 13
262 261 13 13
263 261 13 13
263 262 13 13
264 262 13 13
264 260 13 13
265 263 13 13
265 260 13 13
266 264 13 13
266 261 13 13
267 260 13 13
267 264 13 13
268 260 13 13
268 266 13 13
269 267 13 13
269 262 13 13
270 263 13 13
270 265 13 13
271 268 13 13
271 260 13 13
272 266 13 13
272 264 13 13
273 260 13 13
273 268 13 13
274 263 13 13
274 264 13 13
275 266 13 13
275 262 13 13
276 267 13 13
276 260 13 13
277 269 13 13
277 276 13 13
278 264 13 13
278 272 13 13
279 270 13 13
279 266 13 13
260 269 13 13
260 277 13 13
261 264 13 13
261 274 13 13
282 280 14 14
282 281 14 14
283 281 14 14
283 282 14 14
284 282 14 14
284 280 14 14
285 280 14 14
285 282 14 14
286 282 14 14
286 280 14 14
287 283 14 14
287 284 14 14
288 282 14 14
288 281 14 14
289 280 14 14
289 285 14 14
290 289 14 14
290 286 14 14
291 287 14 14
291 289 14 14
292 280 14 14
292 281 14 14
293 284 14 14
293 288 14 14
294 289 14 14
294 284 14 14
295 290 14 14
295 284 14 14
296 294 14 14
296 289 14 14
297 293 14 14
297 296 14 14
298 292 14 14
298 287 14 14
299 284 14 14
299 297 14 14
280 287 14 14
280 298 14 14
281 289 14 14
281 299 14 14
302 301 15 15
302 300 15 15
303 302 15 15
303 301 15 15
304 303 15 15
304 301 15 15
305 304 15 15
305 300 15 15
306 305 15 15
306 301 15 15
307 301 15 15
307 304 15 15
308 300 15 15
308 302 15 15
309 301 15 15
309 307 15 15
310 302 15 15
310 303 15 15
311 306 15 15
311 304 15 15
312 304 15 15
312 308 15 15
313 312 15 15
313 310 15 15
314 300 15 15
314 309 15 15
315 307 15 15
315 306 15 15
316 301 15 15
316 310 15 15
317 313 15 15
317 310 15 15
318 314 15 15
318 305 15 15
319 311 15 15
319 304 15 15
300 310 15 15
300 304 15 15
301 308 15 15
301 314 15 15
50 23 2 1
52 15 2 0
65 14 3 0
65 57 3 2
84 12 4 0
96 41 4 2
119 41 5 2
107 17 5 0
137 46 6 2
122 83 6 4
154 104 7 5
152 26 7 1
165 42 8 2
163 101 8 5
199 40 9 2
183 93 9 4
202 59 10 2
216 105 10 5
227 136 11 6
222 173 11 8
254 6 12 0
244 180 12 9
271 200 13 10
278 165 13 8
294 154 14 7
283 57 14 2
317 61 15 3
303 13 15 0
16 286 0 14
15 141 0 7
37 211 1 10
34 302 1 15
