swNum = 320
edgeNum = 672

0 0
1 0
2 0
3 0
4 0
5 0
6 0
7 0
8 0
9 0
10 0
11 0
12 0
13 0
14 0
15 0
16 0
17 0
18 0
19 0
20 1
21 1
22 1
23 1
24 1
25 1
26 1
27 1
28 1
29 1
30 1
31 1
32 1
33 1
34 1
35 1
36 1
37 1
38 1
39 1
40 2
41 2
42 2
43 2
44 2
45 2
46 2
47 2
48 2
49 2
50 2
51 2
52 2
53 2
54 2
55 2
56 2
57 2
58 2
59 2
60 3
61 3
62 3
63 3
64 3
65 3
66 3
67 3
68 3
69 3
70 3
71 3
72 3
73 3
74 3
75 3
76 3
77 3
78 3
79 3
80 4
81 4
82 4
83 4
84 4
85 4
86 4
87 4
88 4
89 4
90 4
91 4
92 4
93 4
94 4
95 4
96 4
97 4
98 4
99 4
100 5
101 5
102 5
103 5
104 5
105 5
106 5
107 5
108 5
109 5
110 5
111 5
112 5
113 5
114 5
115 5
116 5
117 5
118 5
119 5
120 6
121 6
122 6
123 6
124 6
125 6
126 6
127 6
128 6
129 6
130 6
131 6
132 6
133 6
134 6
135 6
136 6
137 6
138 6
139 6
140 7
141 7
142 7
143 7
144 7
145 7
146 7
147 7
148 7
149 7
150 7
151 7
152 7
153 7
154 7
155 7
156 7
157 7
158 7
159 7
160 8
161 8
162 8
163 8
164 8
165 8
166 8
167 8
168 8
169 8
170 8
171 8
172 8
173 8
174 8
175 8
176 8
177 8
178 8
179 8
180 9
181 9
182 9
183 9
184 9
185 9
186 9
187 9
188 9
189 9
190 9
191 9
192 9
193 9
194 9
195 9
196 9
197 9
198 9
199 9
200 10
201 10
202 10
203 10
204 10
205 10
206 10
207 10
208 10
209 10
210 10
211 10
212 10
213 10
214 10
215 10
216 10
217 10
218 10
219 10
220 11
221 11
222 11
223 11
224 11
225 11
226 11
227 11
228 11
229 11
230 11
231 11
232 11
233 11
234 11
235 11
236 11
237 11
238 11
239 11
240 12
241 12
242 12
243 12
244 12
245 12
246 12
247 12
248 12
249 12
250 12
251 12
252 12
253 12
254 12
255 12
256 12
257 12
258 12
259 12
260 13
261 13
262 13
263 13
264 13
265 13
266 13
267 13
268 13
269 13
270 13
271 13
272 13
273 13
274 13
275 13
276 13
277 13
278 13
279 13
280 14
281 14
282 14
283 14
284 14
285 14
286 14
287 14
288 14
289 14
290 14
291 14
292 14
293 14
294 14
295 14
296 14
297 14
298 14
299 14
300 15
301 15
302 15
303 15
304 15
305 15
306 15
307 15
308 15
309 15
310 15
311 15
312 15
313 15
314 15
315 15
316 15
317 15
318 15
319 15

2 0 0 0
2 1 0 0
3 0 0 0
3 2 0 0
4 2 0 0
4 1 0 0
5 4 0 0
5 1 0 0
6 2 0 0
6 5 0 0
7 1 0 0
7 2 0 0
8 3 0 0
8 0 0 0
9 5 0 0
9 6 0 0
10 9 0 0
10 1 0 0
11 0 0 0
11 9 0 0
12 10 0 0
12 6 0 0
13 12 0 0
13 0 0 0
14 8 0 0
14 5 0 0
15 11 0 0
15 1 0 0
16 0 0 0
16 10 0 0
17 11 0 0
17 15 0 0
18 9 0 0
18 5 0 0
19 18 0 0
19 13 0 0
0 6 0 0
0 12 0 0
1 9 0 0
1 8 0 0
22 20 1 1
22 21 1 1
23 22 1 1
23 21 1 1
24 22 1 1
24 20 1 1
25 24 1 1
25 20 1 1
26 23 1 1
26 20 1 1
27 23 1 1
27 26 1 1
28 22 1 1
28 20 1 1
29 27 1 1
29 28 1 1
30 20 1 1
30 25 1 1
31 21 1 1
31 29 1 1
32 31 1 1
32 22 1 1
33 32 1 1
33 31 1 1
34 33 1 1
34 27 1 1
35 29 1 1
35 27 1 1
36 28 1 1
36 25 1 1
37 26 1 1
37 30 1 1
38 29 1 1
38 23 1 1
39 24 1 1
39 31 1 1
20 37 1 1
20 29 1 1
21 26 1 1
21 24 1 1
42 41 2 2
42 40 2 2
43 41 2 2
43 40 2 2
44 41 2 2
44 42 2 2
45 40 2 2
45 43 2 2
46 43 2 2
46 41 2 2
47 44 2 2
47 42 2 2
48 45 2 2
48 40 2 2
49 44 2 2
49 45 2 2
50 44 2 2
50 42 2 2
51 49 2 2
51 46 2 2
52 49 2 2
52 40 2 2
53 41 2 2
53 44 2 2
54 40 2 2
54 46 2 2
55 54 2 2
55 53 2 2
56 46 2 2
56 51 2 2
57 50 2 2
57 41 2 2
58 46 2 2
58 57 2 2
59 51 2 2
59 44 2 2
40 57 2 2
40 58 2 2
41 47 2 2
41 49 2 2
62 60 3 3
62 61 3 3
63 60 3 3
63 62 3 3
64 63 3 3
64 62 3 3
65 61 3 3
65 64 3 3
66 60 3 3
66 64 3 3
67 61 3 3
67 63 3 3
68 60 3 3
68 64 3 3
69 63 3 3
69 61 3 3
70 68 3 3
70 62 3 3
71 65 3 3
71 64 3 3
72 60 3 3
72 62 3 3
73 72 3 3
73 65 3 3
74 61 3 3
74 63 3 3
75 60 3 3
75 69 3 3
76 66 3 3
76 64 3 3
77 62 3 3
77 73 3 3
78 74 3 3
78 77 3 3
79 72 3 3
79 64 3 3
60 74 3 3
60 79 3 3
61 64 3 3
61 71 3 3
82 81 4 4
82 80 4 4
83 81 4 4
83 80 4 4
84 83 4 4
84 82 4 4
85 80 4 4
85 82 4 4
86 80 4 4
86 84 4 4
87 86 4 4
87 80 4 4
88 87 4 4
88 84 4 4
89 83 4 4
89 81 4 4
90 83 4 4
90 81 4 4
91 81 4 4
91 85 4 4
92 89 4 4
92 82 4 4
93 87 4 4
93 82 4 4
94 87 4 4
94 86 4 4
95 83 4 4
95 89 4 4
96 87 4 4
96 88 4 4
97 83 4 4
97 87 4 4
98 96 4 4
98 85 4 4
99 96 4 4
99 93 4 4
80 94 4 4
80 90 4 4
81 97 4 4
81 92 4 4
102 101 5 5
102 100 5 5
103 101 5 5
103 100 5 5
104 100 5 5
104 101 5 5
105 102 5 5
105 103 5 5
106 102 5 5
106 105 5 5
107 104 5 5
107 102 5 5
108 102 5 5
108 103 5 5
109 104 5 5
109 107 5 5
110 107 5 5
110 109 5 5
111 110 5 5
111 107 5 5
112 105 5 5
112 102 5 5
113 101 5 5
113 100 5 5
114 108 5 5
114 105 5 5
115 111 5 5
115 107 5 5
116 107 5 5
116 105 5 5
117 116 5 5
117 101 5 5
118 112 5 5
118 102 5 5
119 101 5 5
119 108 5 5
100 105 5 5
100 106 5 5
101 106 5 5
101 116 5 5
122 121 6 6
122 120 6 6
123 122 6 6
123 120 6 6
124 120 6 6
124 123 6 6
125 124 6 6
125 122 6 6
126 124 6 6
126 120 6 6
127 123 6 6
127 125 6 6
128 125 6 6
128 126 6 6
129 120 6 6
129 121 6 6
130 127 6 6
130 122 6 6
131 130 6 6
131 125 6 6
132 124 6 6
132 122 6 6
133 124 6 6
133 120 6 6
134 120 6 6
134 126 6 6
135 121 6 6
135 134 6 6
136 134 6 6
136 128 6 6
137 122 6 6
137 133 6 6
138 125 6 6
138 124 6 6
139 138 6 6
139 121 6 6
120 132 6 6
120 125 6 6
121 128 6 6
121 137 6 6
142 141 7 7
142 140 7 7
143 142 7 7
143 140 7 7
144 140 7 7
144 142 7 7
145 142 7 7
145 141 7 7
146 143 7 7
146 142 7 7
147 145 7 7
147 143 7 7
148 147 7 7
148 144 7 7
149 142 7 7
149 141 7 7
150 143 7 7
150 149 7 7
151 143 7 7
151 147 7 7
152 141 7 7
152 149 7 7
153 141 7 7
153 140 7 7
154 143 7 7
154 146 7 7
155 146 7 7
155 152 7 7
156 154 7 7
156 149 7 7
157 147 7 7
157 152 7 7
158 151 7 7
158 141 7 7
159 156 7 7
159 154 7 7
140 149 7 7
140 146 7 7
141 148 7 7
141 143 7 7
162 160 8 8
162 161 8 8
163 161 8 8
163 162 8 8
164 163 8 8
164 160 8 8
165 161 8 8
165 160 8 8
166 164 8 8
166 161 8 8
167 162 8 8
167 163 8 8
168 161 8 8
168 166 8 8
169 167 8 8
169 168 8 8
170 168 8 8
170 161 8 8
171 160 8 8
171 161 8 8
172 161 8 8
172 171 8 8
173 166 8 8
173 164 8 8
174 162 8 8
174 170 8 8
175 170 8 8
175 174 8 8
176 167 8 8
176 163 8 8
177 167 8 8
177 162 8 8
178 170 8 8
178 165 8 8
179 164 8 8
179 163 8 8
160 170 8 8
160 175 8 8
161 169 8 8
161 174 8 8
182 180 9 9
182 181 9 9
183 181 9 9
183 182 9 9
184 181 9 9
184 180 9 9
185 183 9 9
185 184 9 9
186 181 9 9
186 183 9 9
187 186 9 9
187 180 9 9
188 184 9 9
188 182 9 9
189 182 9 9
189 185 9 9
190 187 9 9
190 183 9 9
191 187 9 9
191 181 9 9
192 187 9 9
192 190 9 9
193 189 9 9
193 180 9 9
194 184 9 9
194 190 9 9
195 188 9 9
195 191 9 9
196 190 9 9
196 195 9 9
197 188 9 9
197 195 9 9
198 188 9 9
198 185 9 9
199 186 9 9
199 194 9 9
180 192 9 9
180 194 9 9
181 192 9 9
181 198 9 9
202 201 10 10
202 200 10 10
203 201 10 10
203 202 10 10
204 200 10 10
204 201 10 10
205 202 10 10
205 203 10 10
206 204 10 10
206 202 10 10
207 200 10 10
207 204 10 10
208 206 10 10
208 203 10 10
209 201 10 10
209 203 10 10
210 208 10 10
210 201 10 10
211 203 10 10
211 208 10 10
212 204 10 10
212 207 10 10
213 209 10 10
213 201 10 10
214 212 10 10
214 210 10 10
215 206 10 10
215 200 10 10
216 200 10 10
216 204 10 10
217 215 10 10
217 214 10 10
218 208 10 10
218 210 10 10
219 213 10 10
219 215 10 10
200 209 10 10
200 219 10 10
201 207 10 10
201 219 10 10
222 220 11 11
222 221 11 11
223 220 11 11
223 222 11 11
224 221 11 11
224 222 11 11
225 223 11 11
225 222 11 11
226 225 11 11
226 220 11 11
227 220 11 11
227 225 11 11
228 224 11 11
228 221 11 11
229 224 11 11
229 223 11 11
230 220 11 11
230 226 11 11
231 230 11 11
231 220 11 11
232 225 11 11
232 229 11 11
233 229 11 11
233 220 11 11
234 228 11 11
234 232 11 11
235 224 11 11
235 232 11 11
236 232 11 11
236 228 11 11
237 229 11 11
237 223 11 11
238 235 11 11
238 222 11 11
239 231 11 11
239 226 11 11
220 234 11 11
220 225 11 11
221 233 11 11
221 223 11 11
242 240 12 12
242 241 12 12
243 242 12 12
243 240 12 12
244 240 12 12
244 241 12 12
245 242 12 12
245 243 12 12
246 240 12 12
246 243 12 12
247 241 12 12
247 243 12 12
248 242 12 12
248 245 12 12
249 245 12 12
249 246 12 12
250 240 12 12
250 247 12 12
251 250 12 12
251 242 12 12
252 243 12 12
252 242 12 12
253 249 12 12
253 250 12 12
254 249 12 12
254 245 12 12
255 241 12 12
255 243 12 12
256 254 12 12
256 242 12 12
257 255 12 12
257 241 12 12
258 249 12 12
258 251 12 12
259 244 12 12
259 255 12 12
240 251 12 12
240 253 12 12
241 249 12 12
241 259 12 12
262 260 13 13
262 261 13 13
263 261 13 13
263 262 13 13
264 261 13 13
264 262 13 13
265 261 13 13
265 260 13 13
266 261 13 13
266 265 13 13
267 263 13 13
267 264 13 13
268 266 13 13
268 264 13 13
269 265 13 13
269 268 13 13
270 261 13 13
270 266 13 13
271 262 13 13
271 265 13 13
272 271 13 13
272 264 13 13
273 270 13 13
273 269 13 13
274 271 13 13
274 262 13 13
275 267 13 13
275 268 13 13
276 270 13 13
276 262 13 13
277 269 13 13
277 273 13 13
278 270 13 13
278 262 13 13
279 262 13 13
279 261 13 13
260 273 13 13
260 271 13 13
261 268 13 13
261 267 13 13
282 280 14 14
282 281 14 14
283 280 14 14
283 282 14 14
284 280 14 14
284 282 14 14
285 280 14 14
285 282 14 14
286 285 14 14
286 281 14 14
287 284 14 14
287 286 14 14
288 283 14 14
288 284 14 14
289 283 14 14
289 286 14 14
290 283 14 14
290 285 14 14
291 285 14 14
291 288 14 14
292 284 14 14
292 281 14 14
293 290 14 14
293 281 14 14
294 283 14 14
294 281 14 14
295 292 14 14
295 284 14 14
296 288 14 14
296 283 14 14
297 291 14 14
297 284 14 14
298 287 14 14
298 289 14 14
299 291 14 14
299 284 14 14
280 292 14 14
280 291 14 14
281 289 14 14
281 291 14 14
302 301 15 15
302 300 15 15
303 300 15 15
303 302 15 15
304 303 15 15
304 301 15 15
305 304 15 15
305 300 15 15
306 304 15 15
306 301 15 15
307 300 15 15
307 304 15 15
308 307 15 15
308 303 15 15
309 301 15 15
309 302 15 15
310 306 15 15
310 303 15 15
311 308 15 15
311 302 15 15
312 306 15 15
312 310 15 15
313 300 15 15
313 303 15 15
314 307 15 15
314 312 15 15
315 306 15 15
315 308 15 15
316 313 15 15
316 300 15 15
317 309 15 15
317 312 15 15
318 306 15 15
318 309 15 15
319 318 15 15
319 306 15 15
300 308 15 15
300 309 15 15
301 312 15 15
301 311 15 15
52 24 2 1
52 7 2 0
60 24 3 1
60 19 3 0
95 66 4 3
88 24 4 1
101 9 5 0
101 24 5 1
121 109 6 5
134 75 6 3
140 37 7 1
148 119 7 5
163 148 8 7
165 111 8 5
192 80 9 4
194 75 9 3
211 86 10 4
218 32 10 1
237 103 11 5
232 63 11 3
247 173 12 8
249 143 12 7
279 28 13 1
262 1 13 0
288 256 14 12
290 122 14 6
312 79 15 3
301 198 15 9
7 246 0 12
14 298 0 14
36 241 1 12
30 163 1 8
