swNum = 320
edgeNum = 672

0 0
1 0
2 0
3 0
4 0
5 0
6 0
7 0
8 0
9 0
10 0
11 0
12 0
13 0
14 0
15 0
16 0
17 0
18 0
19 0
20 1
21 1
22 1
23 1
24 1
25 1
26 1
27 1
28 1
29 1
30 1
31 1
32 1
33 1
34 1
35 1
36 1
37 1
38 1
39 1
40 2
41 2
42 2
43 2
44 2
45 2
46 2
47 2
48 2
49 2
50 2
51 2
52 2
53 2
54 2
55 2
56 2
57 2
58 2
59 2
60 3
61 3
62 3
63 3
64 3
65 3
66 3
67 3
68 3
69 3
70 3
71 3
72 3
73 3
74 3
75 3
76 3
77 3
78 3
79 3
80 4
81 4
82 4
83 4
84 4
85 4
86 4
87 4
88 4
89 4
90 4
91 4
92 4
93 4
94 4
95 4
96 4
97 4
98 4
99 4
100 5
101 5
102 5
103 5
104 5
105 5
106 5
107 5
108 5
109 5
110 5
111 5
112 5
113 5
114 5
115 5
116 5
117 5
118 5
119 5
120 6
121 6
122 6
123 6
124 6
125 6
126 6
127 6
128 6
129 6
130 6
131 6
132 6
133 6
134 6
135 6
136 6
137 6
138 6
139 6
140 7
141 7
142 7
143 7
144 7
145 7
146 7
147 7
148 7
149 7
150 7
151 7
152 7
153 7
154 7
155 7
156 7
157 7
158 7
159 7
160 8
161 8
162 8
163 8
164 8
165 8
166 8
167 8
168 8
169 8
170 8
171 8
172 8
173 8
174 8
175 8
176 8
177 8
178 8
179 8
180 9
181 9
182 9
183 9
184 9
185 9
186 9
187 9
188 9
189 9
190 9
191 9
192 9
193 9
194 9
195 9
196 9
197 9
198 9
199 9
200 10
201 10
202 10
203 10
204 10
205 10
206 10
207 10
208 10
209 10
210 10
211 10
212 10
213 10
214 10
215 10
216 10
217 10
218 10
219 10
220 11
221 11
222 11
223 11
224 11
225 11
226 11
227 11
228 11
229 11
230 11
231 11
232 11
233 11
234 11
235 11
236 11
237 11
238 11
239 11
240 12
241 12
242 12
243 12
244 12
245 12
246 12
247 12
248 12
249 12
250 12
251 12
252 12
253 12
254 12
255 12
256 12
257 12
258 12
259 12
260 13
261 13
262 13
263 13
264 13
265 13
266 13
267 13
268 13
269 13
270 13
271 13
272 13
273 13
274 13
275 13
276 13
277 13
278 13
279 13
280 14
281 14
282 14
283 14
284 14
285 14
286 14
287 14
288 14
289 14
290 14
291 14
292 14
293 14
294 14
295 14
296 14
297 14
298 14
299 14
300 15
301 15
302 15
303 15
304 15
305 15
306 15
307 15
308 15
309 15
310 15
311 15
312 15
313 15
314 15
315 15
316 15
317 15
318 15
319 15

2 1 0 0
2 0 0 0
3 0 0 0
3 2 0 0
4 3 0 0
4 0 0 0
5 3 0 0
5 4 0 0
6 0 0 0
6 3 0 0
7 1 0 0
7 0 0 0
8 2 0 0
8 0 0 0
9 4 0 0
9 3 0 0
10 6 0 0
10 4 0 0
11 10 0 0
11 2 0 0
12 2 0 0
12 1 0 0
13 2 0 0
13 3 0 0
14 9 0 0
14 11 0 0
15 10 0 0
15 11 0 0
16 7 0 0
16 1 0 0
17 6 0 0
17 16 0 0
18 14 0 0
18 3 0 0
19 5 0 0
19 16 0 0
0 15 0 0
0 13 0 0
1 13 0 0
1 5 0 0
22 20 1 1
22 21 1 1
23 22 1 1
23 21 1 1
24 21 1 1
24 23 1 1
25 24 1 1
25 21 1 1
26 25 1 1
26 22 1 1
27 25 1 1
27 23 1 1
28 20 1 1
28 25 1 1
29 25 1 1
29 28 1 1
30 23 1 1
30 28 1 1
31 21 1 1
31 23 1 1
32 28 1 1
32 20 1 1
33 29 1 1
33 25 1 1
34 27 1 1
34 25 1 1
35 26 1 1
35 20 1 1
36 24 1 1
36 31 1 1
37 31 1 1
37 28 1 1
38 20 1 1
38 31 1 1
39 26 1 1
39 37 1 1
20 37 1 1
20 27 1 1
21 29 1 1
21 37 1 1
42 41 2 2
42 40 2 2
43 40 2 2
43 41 2 2
44 40 2 2
44 43 2 2
45 41 2 2
45 43 2 2
46 44 2 2
46 40 2 2
47 41 2 2
47 45 2 2
48 47 2 2
48 40 2 2
49 46 2 2
49 47 2 2
50 45 2 2
50 40 2 2
51 49 2 2
51 48 2 2
52 49 2 2
52 42 2 2
53 48 2 2
53 46 2 2
54 44 2 2
54 47 2 2
55 47 2 2
55 44 2 2
56 48 2 2
56 43 2 2
57 44 2 2
57 45 2 2
58 50 2 2
58 45 2 2
59 46 2 2
59 44 2 2
40 55 2 2
40 51 2 2
41 52 2 2
41 48 2 2
62 60 3 3
62 61 3 3
63 62 3 3
63 60 3 3
64 62 3 3
64 63 3 3
65 64 3 3
65 62 3 3
66 65 3 3
66 63 3 3
67 62 3 3
67 64 3 3
68 64 3 3
68 62 3 3
69 68 3 3
69 64 3 3
70 60 3 3
70 61 3 3
71 67 3 3
71 63 3 3
72 60 3 3
72 70 3 3
73 60 3 3
73 70 3 3
74 72 3 3
74 62 3 3
75 60 3 3
75 72 3 3
76 75 3 3
76 60 3 3
77 75 3 3
77 62 3 3
78 65 3 3
78 66 3 3
79 60 3 3
79 65 3 3
60 77 3 3
60 66 3 3
61 77 3 3
61 67 3 3
82 80 4 4
82 81 4 4
83 81 4 4
83 80 4 4
84 80 4 4
84 81 4 4
85 82 4 4
85 84 4 4
86 83 4 4
86 85 4 4
87 85 4 4
87 84 4 4
88 80 4 4
88 85 4 4
89 88 4 4
89 80 4 4
90 87 4 4
90 89 4 4
91 89 4 4
91 84 4 4
92 85 4 4
92 90 4 4
93 84 4 4
93 89 4 4
94 89 4 4
94 88 4 4
95 81 4 4
95 88 4 4
96 85 4 4
96 90 4 4
97 88 4 4
97 94 4 4
98 87 4 4
98 84 4 4
99 83 4 4
99 96 4 4
80 94 4 4
80 93 4 4
81 96 4 4
81 87 4 4
102 101 5 5
102 100 5 5
103 102 5 5
103 101 5 5
104 100 5 5
104 103 5 5
105 101 5 5
105 100 5 5
106 105 5 5
106 100 5 5
107 106 5 5
107 100 5 5
108 104 5 5
108 103 5 5
109 102 5 5
109 101 5 5
110 108 5 5
110 101 5 5
111 101 5 5
111 109 5 5
112 107 5 5
112 102 5 5
113 101 5 5
113 102 5 5
114 111 5 5
114 113 5 5
115 106 5 5
115 101 5 5
116 115 5 5
116 114 5 5
117 108 5 5
117 102 5 5
118 116 5 5
118 101 5 5
119 118 5 5
119 100 5 5
100 115 5 5
100 118 5 5
101 104 5 5
101 116 5 5
122 121 6 6
122 120 6 6
123 120 6 6
123 122 6 6
124 123 6 6
124 121 6 6
125 124 6 6
125 123 6 6
126 123 6 6
126 120 6 6
127 125 6 6
127 121 6 6
128 120 6 6
128 127 6 6
129 120 6 6
129 127 6 6
130 123 6 6
130 121 6 6
131 126 6 6
131 129 6 6
132 131 6 6
132 121 6 6
133 123 6 6
133 121 6 6
134 130 6 6
134 121 6 6
135 129 6 6
135 126 6 6
136 130 6 6
136 129 6 6
137 133 6 6
137 121 6 6
138 124 6 6
138 127 6 6
139 125 6 6
139 129 6 6
120 132 6 6
120 133 6 6
121 136 6 6
121 125 6 6
142 141 7 7
142 140 7 7
143 142 7 7
143 141 7 7
144 143 7 7
144 140 7 7
145 142 7 7
145 141 7 7
146 141 7 7
146 142 7 7
147 144 7 7
147 143 7 7
148 144 7 7
148 147 7 7
149 144 7 7
149 142 7 7
150 142 7 7
150 144 7 7
151 150 7 7
151 146 7 7
152 150 7 7
152 151 7 7
153 145 7 7
153 144 7 7
154 152 7 7
154 146 7 7
155 150 7 7
155 146 7 7
156 140 7 7
156 142 7 7
157 150 7 7
157 155 7 7
158 143 7 7
158 156 7 7
159 148 7 7
159 147 7 7
140 149 7 7
140 152 7 7
141 153 7 7
141 149 7 7
162 160 8 8
162 161 8 8
163 161 8 8
163 160 8 8
164 163 8 8
164 162 8 8
165 162 8 8
165 164 8 8
166 160 8 8
166 161 8 8
167 166 8 8
167 160 8 8
168 167 8 8
168 166 8 8
169 162 8 8
169 161 8 8
170 167 8 8
170 168 8 8
171 168 8 8
171 167 8 8
172 163 8 8
172 160 8 8
173 162 8 8
173 161 8 8
174 167 8 8
174 173 8 8
175 167 8 8
175 173 8 8
176 170 8 8
176 169 8 8
177 165 8 8
177 167 8 8
178 162 8 8
178 168 8 8
179 170 8 8
179 163 8 8
160 174 8 8
160 171 8 8
161 179 8 8
161 172 8 8
182 180 9 9
182 181 9 9
183 181 9 9
183 180 9 9
184 180 9 9
184 181 9 9
185 182 9 9
185 183 9 9
186 183 9 9
186 181 9 9
187 184 9 9
187 183 9 9
188 181 9 9
188 182 9 9
189 185 9 9
189 180 9 9
190 185 9 9
190 186 9 9
191 184 9 9
191 188 9 9
192 191 9 9
192 183 9 9
193 183 9 9
193 182 9 9
194 192 9 9
194 184 9 9
195 193 9 9
195 194 9 9
196 191 9 9
196 189 9 9
197 181 9 9
197 186 9 9
198 184 9 9
198 188 9 9
199 194 9 9
199 195 9 9
180 198 9 9
180 187 9 9
181 193 9 9
181 190 9 9
202 200 10 10
202 201 10 10
203 200 10 10
203 202 10 10
204 203 10 10
204 201 10 10
205 202 10 10
205 200 10 10
206 203 10 10
206 202 10 10
207 201 10 10
207 206 10 10
208 205 10 10
208 204 10 10
209 204 10 10
209 207 10 10
210 209 10 10
210 202 10 10
211 205 10 10
211 208 10 10
212 206 10 10
212 204 10 10
213 207 10 10
213 200 10 10
214 209 10 10
214 210 10 10
215 201 10 10
215 208 10 10
216 202 10 10
216 204 10 10
217 213 10 10
217 208 10 10
218 212 10 10
218 206 10 10
219 212 10 10
219 205 10 10
200 206 10 10
200 218 10 10
201 212 10 10
201 216 10 10
222 220 11 11
222 221 11 11
223 221 11 11
223 222 11 11
224 222 11 11
224 221 11 11
225 224 11 11
225 223 11 11
226 222 11 11
226 221 11 11
227 221 11 11
227 225 11 11
228 226 11 11
228 222 11 11
229 228 11 11
229 226 11 11
230 222 11 11
230 229 11 11
231 226 11 11
231 230 11 11
232 223 11 11
232 225 11 11
233 231 11 11
233 222 11 11
234 228 11 11
234 222 11 11
235 224 11 11
235 226 11 11
236 227 11 11
236 235 11 11
237 231 11 11
237 227 11 11
238 236 11 11
238 227 11 11
239 227 11 11
239 223 11 11
220 233 11 11
220 226 11 11
221 233 11 11
221 228 11 11
242 241 12 12
242 240 12 12
243 240 12 12
243 241 12 12
244 242 12 12
244 241 12 12
245 240 12 12
245 241 12 12
246 245 12 12
246 241 12 12
247 245 12 12
247 242 12 12
248 246 12 12
248 247 12 12
249 241 12 12
249 246 12 12
250 246 12 12
250 248 12 12
251 246 12 12
251 249 12 12
252 251 12 12
252 240 12 12
253 251 12 12
253 240 12 12
254 252 12 12
254 250 12 12
255 243 12 12
255 241 12 12
256 253 12 12
256 249 12 12
257 245 12 12
257 254 12 12
258 256 12 12
258 252 12 12
259 252 12 12
259 251 12 12
240 254 12 12
240 255 12 12
241 256 12 12
241 250 12 12
262 261 13 13
262 260 13 13
263 260 13 13
263 262 13 13
264 260 13 13
264 261 13 13
265 264 13 13
265 261 13 13
266 260 13 13
266 263 13 13
267 262 13 13
267 264 13 13
268 267 13 13
268 263 13 13
269 265 13 13
269 261 13 13
270 268 13 13
270 263 13 13
271 267 13 13
271 264 13 13
272 270 13 13
272 271 13 13
273 264 13 13
273 272 13 13
274 266 13 13
274 260 13 13
275 264 13 13
275 271 13 13
276 268 13 13
276 275 13 13
277 265 13 13
277 273 13 13
278 268 13 13
278 267 13 13
279 273 13 13
279 276 13 13
260 275 13 13
260 276 13 13
261 275 13 13
261 267 13 13
282 280 14 14
282 281 14 14
283 280 14 14
283 281 14 14
284 283 14 14
284 280 14 14
285 283 14 14
285 281 14 14
286 280 14 14
286 281 14 14
287 283 14 14
287 282 14 14
288 280 14 14
288 287 14 14
289 281 14 14
289 286 14 14
290 288 14 14
290 280 14 14
291 289 14 14
291 287 14 14
292 282 14 14
292 283 14 14
293 292 14 14
293 287 14 14
294 288 14 14
294 286 14 14
295 285 14 14
295 281 14 14
296 287 14 14
296 280 14 14
297 295 14 14
297 285 14 14
298 281 14 14
298 283 14 14
299 297 14 14
299 285 14 14
280 297 14 14
280 293 14 14
281 290 14 14
281 292 14 14
302 301 15 15
302 300 15 15
303 300 15 15
303 301 15 15
304 303 15 15
304 301 15 15
305 301 15 15
305 303 15 15
306 301 15 15
306 304 15 15
307 303 15 15
307 304 15 15
308 300 15 15
308 304 15 15
309 306 15 15
309 304 15 15
310 304 15 15
310 303 15 15
311 302 15 15
311 306 15 15
312 309 15 15
312 305 15 15
313 300 15 15
313 304 15 15
314 307 15 15
314 306 15 15
315 307 15 15
315 304 15 15
316 309 15 15
316 308 15 15
317 309 15 15
317 306 15 15
318 301 15 15
318 303 15 15
319 310 15 15
319 307 15 15
300 318 15 15
300 316 15 15
301 317 15 15
301 309 15 15
41 38 2 1
51 16 2 0
65 48 3 2
68 2 3 0
90 53 4 2
88 63 4 3
103 39 5 1
101 58 5 2
130 114 6 5
128 65 6 3
148 29 7 1
145 108 7 5
161 27 8 1
168 138 8 6
198 139 9 6
183 8 9 0
201 74 10 3
218 182 10 9
226 59 11 2
228 152 11 7
259 118 12 5
241 182 12 9
272 245 13 12
272 235 13 11
285 215 14 10
292 248 14 12
315 218 15 10
310 236 15 11
3 120 0 6
2 219 0 10
38 308 1 15
20 200 1 10
