swNum = 320
edgeNum = 672

0 0
1 0
2 0
3 0
4 0
5 0
6 0
7 0
8 0
9 0
10 0
11 0
12 0
13 0
14 0
15 0
16 0
17 0
18 0
19 0
20 1
21 1
22 1
23 1
24 1
25 1
26 1
27 1
28 1
29 1
30 1
31 1
32 1
33 1
34 1
35 1
36 1
37 1
38 1
39 1
40 2
41 2
42 2
43 2
44 2
45 2
46 2
47 2
48 2
49 2
50 2
51 2
52 2
53 2
54 2
55 2
56 2
57 2
58 2
59 2
60 3
61 3
62 3
63 3
64 3
65 3
66 3
67 3
68 3
69 3
70 3
71 3
72 3
73 3
74 3
75 3
76 3
77 3
78 3
79 3
80 4
81 4
82 4
83 4
84 4
85 4
86 4
87 4
88 4
89 4
90 4
91 4
92 4
93 4
94 4
95 4
96 4
97 4
98 4
99 4
100 5
101 5
102 5
103 5
104 5
105 5
106 5
107 5
108 5
109 5
110 5
111 5
112 5
113 5
114 5
115 5
116 5
117 5
118 5
119 5
120 6
121 6
122 6
123 6
124 6
125 6
126 6
127 6
128 6
129 6
130 6
131 6
132 6
133 6
134 6
135 6
136 6
137 6
138 6
139 6
140 7
141 7
142 7
143 7
144 7
145 7
146 7
147 7
148 7
149 7
150 7
151 7
152 7
153 7
154 7
155 7
156 7
157 7
158 7
159 7
160 8
161 8
162 8
163 8
164 8
165 8
166 8
167 8
168 8
169 8
170 8
171 8
172 8
173 8
174 8
175 8
176 8
177 8
178 8
179 8
180 9
181 9
182 9
183 9
184 9
185 9
186 9
187 9
188 9
189 9
190 9
191 9
192 9
193 9
194 9
195 9
196 9
197 9
198 9
199 9
200 10
201 10
202 10
203 10
204 10
205 10
206 10
207 10
208 10
209 10
210 10
211 10
212 10
213 10
214 10
215 10
216 10
217 10
218 10
219 10
220 11
221 11
222 11
223 11
224 11
225 11
226 11
227 11
228 11
229 11
230 11
231 11
232 11
233 11
234 11
235 11
236 11
237 11
238 11
239 11
240 12
241 12
242 12
243 12
244 12
245 12
246 12
247 12
248 12
249 12
250 12
251 12
252 12
253 12
254 12
255 12
256 12
257 12
258 12
259 12
260 13
261 13
262 13
263 13
264 13
265 13
266 13
267 13
268 13
269 13
270 13
271 13
272 13
273 13
274 13
275 13
276 13
277 13
278 13
279 13
280 14
281 14
282 14
283 14
284 14
285 14
286 14
287 14
288 14
289 14
290 14
291 14
292 14
293 14
294 14
295 14
296 14
297 14
298 14
299 14
300 15
301 15
302 15
303 15
304 15
305 15
306 15
307 15
308 15
309 15
310 15
311 15
312 15
313 15
314 15
315 15
316 15
317 15
318 15
319 15

2 0 0 0
2 1 0 0
3 2 0 0
3 0 0 0
4 2 0 0
4 0 0 0
5 4 0 0
5 3 0 0
6 0 0 0
6 2 0 0
7 2 0 0
7 5 0 0
8 2 0 0
8 0 0 0
9 8 0 0
9 2 0 0
10 3 0 0
10 0 0 0
11 9 0 0
11 4 0 0
12 4 0 0
12 11 0 0
13 2 0 0
13 11 0 0
14 5 0 0
14 1 0 0
15 12 0 0
15 9 0 0
16 0 0 0
16 8 0 0
17 13 0 0
17 15 0 0
18 15 0 0
18 10 0 0
19 14 0 0
19 16 0 0
0 19 0 0
0 14 0 0
1 13 0 0
1 9 0 0
22 21 1 1
22 20 1 1
23 21 1 1
23 22 1 1
24 23 1 1
24 21 1 1
25 23 1 1
25 21 1 1
26 23 1 1
26 22 1 1
27 26 1 1
27 21 1 1
28 23 1 1
28 24 1 1
29 28 1 1
29 22 1 1
30 23 1 1
30 25 1 1
31 21 1 1
31 23 1 1
32 21 1 1
32 24 1 1
33 23 1 1
33 25 1 1
34 27 1 1
34 25 1 1
35 20 1 1
35 26 1 1
36 29 1 1
36 26 1 1
37 23 1 1
37 30 1 1
38 29 1 1
38 26 1 1
39 28 1 1
39 36 1 1
20 36 1 1
20 28 1 1
21 33 1 1
21 34 1 1
42 40 2 2
42 41 2 2
43 40 2 2
43 42 2 2
44 41 2 2
44 42 2 2
45 40 2 2
45 42 2 2
46 40 2 2
46 41 2 2
47 42 2 2
47 44 2 2
48 45 2 2
48 43 2 2
49 40 2 2
49 48 2 2
50 43 2 2
50 48 2 2
51 49 2 2
51 42 2 2
52 47 2 2
52 45 2 2
53 44 2 2
53 51 2 2
54 47 2 2
54 42 2 2
55 42 2 2
55 51 2 2
56 43 2 2
56 40 2 2
57 54 2 2
57 47 2 2
58 56 2 2
58 43 2 2
59 56 2 2
59 58 2 2
40 58 2 2
40 59 2 2
41 48 2 2
41 51 2 2
62 61 3 3
62 60 3 3
63 61 3 3
63 60 3 3
64 63 3 3
64 62 3 3
65 62 3 3
65 60 3 3
66 60 3 3
66 61 3 3
67 64 3 3
67 66 3 3
68 65 3 3
68 64 3 3
69 61 3 3
69 60 3 3
70 69 3 3
70 64 3 3
71 64 3 3
71 63 3 3
72 62 3 3
72 61 3 3
73 72 3 3
73 65 3 3
74 68 3 3
74 60 3 3
75 61 3 3
75 72 3 3
76 64 3 3
76 71 3 3
77 70 3 3
77 60 3 3
78 68 3 3
78 73 3 3
79 65 3 3
79 77 3 3
60 72 3 3
60 78 3 3
61 74 3 3
61 73 3 3
82 80 4 4
82 81 4 4
83 80 4 4
83 82 4 4
84 83 4 4
84 82 4 4
85 82 4 4
85 84 4 4
86 83 4 4
86 81 4 4
87 85 4 4
87 86 4 4
88 86 4 4
88 81 4 4
89 80 4 4
89 84 4 4
90 84 4 4
90 82 4 4
91 81 4 4
91 87 4 4
92 82 4 4
92 89 4 4
93 84 4 4
93 89 4 4
94 89 4 4
94 91 4 4
95 91 4 4
95 80 4 4
96 93 4 4
96 87 4 4
97 82 4 4
97 89 4 4
98 90 4 4
98 95 4 4
99 86 4 4
99 95 4 4
80 92 4 4
80 91 4 4
81 87 4 4
81 83 4 4
102 100 5 5
102 101 5 5
103 101 5 5
103 100 5 5
104 103 5 5
104 100 5 5
105 102 5 5
105 100 5 5
106 102 5 5
106 101 5 5
107 104 5 5
107 106 5 5
108 101 5 5
108 103 5 5
109 102 5 5
109 101 5 5
110 104 5 5
110 102 5 5
111 106 5 5
111 108 5 5
112 110 5 5
112 108 5 5
113 109 5 5
113 111 5 5
114 106 5 5
114 113 5 5
115 109 5 5
115 114 5 5
116 102 5 5
116 114 5 5
117 111 5 5
117 106 5 5
118 116 5 5
118 114 5 5
119 116 5 5
119 114 5 5
100 106 5 5
100 110 5 5
101 116 5 5
101 115 5 5
122 120 6 6
122 121 6 6
123 121 6 6
123 120 6 6
124 121 6 6
124 123 6 6
125 122 6 6
125 120 6 6
126 125 6 6
126 122 6 6
127 121 6 6
127 123 6 6
128 125 6 6
128 121 6 6
129 124 6 6
129 127 6 6
130 129 6 6
130 122 6 6
131 130 6 6
131 127 6 6
132 126 6 6
132 130 6 6
133 132 6 6
133 126 6 6
134 129 6 6
134 121 6 6
135 131 6 6
135 127 6 6
136 122 6 6
136 128 6 6
137 120 6 6
137 130 6 6
138 133 6 6
138 132 6 6
139 128 6 6
139 136 6 6
120 138 6 6
120 136 6 6
121 125 6 6
121 139 6 6
142 141 7 7
142 140 7 7
143 142 7 7
143 140 7 7
144 143 7 7
144 140 7 7
145 142 7 7
145 141 7 7
146 143 7 7
146 141 7 7
147 145 7 7
147 146 7 7
148 143 7 7
148 147 7 7
149 143 7 7
149 142 7 7
150 145 7 7
150 141 7 7
151 141 7 7
151 148 7 7
152 141 7 7
152 143 7 7
153 146 7 7
153 143 7 7
154 144 7 7
154 143 7 7
155 141 7 7
155 140 7 7
156 155 7 7
156 140 7 7
157 142 7 7
157 153 7 7
158 141 7 7
158 153 7 7
159 144 7 7
159 152 7 7
140 147 7 7
140 153 7 7
141 154 7 7
141 157 7 7
162 161 8 8
162 160 8 8
163 160 8 8
163 162 8 8
164 163 8 8
164 162 8 8
165 163 8 8
165 161 8 8
166 162 8 8
166 165 8 8
167 164 8 8
167 163 8 8
168 161 8 8
168 162 8 8
169 165 8 8
169 167 8 8
170 169 8 8
170 165 8 8
171 160 8 8
171 170 8 8
172 171 8 8
172 167 8 8
173 167 8 8
173 166 8 8
174 161 8 8
174 160 8 8
175 160 8 8
175 168 8 8
176 168 8 8
176 167 8 8
177 168 8 8
177 163 8 8
178 166 8 8
178 164 8 8
179 161 8 8
179 160 8 8
160 176 8 8
160 165 8 8
161 177 8 8
161 166 8 8
182 180 9 9
182 181 9 9
183 180 9 9
183 182 9 9
184 181 9 9
184 183 9 9
185 180 9 9
185 183 9 9
186 183 9 9
186 185 9 9
187 186 9 9
187 180 9 9
188 182 9 9
188 185 9 9
189 188 9 9
189 183 9 9
190 187 9 9
190 188 9 9
191 189 9 9
191 181 9 9
192 187 9 9
192 183 9 9
193 186 9 9
193 191 9 9
194 180 9 9
194 191 9 9
195 182 9 9
195 180 9 9
196 180 9 9
196 194 9 9
197 181 9 9
197 184 9 9
198 183 9 9
198 184 9 9
199 195 9 9
199 183 9 9
180 198 9 9
180 186 9 9
181 195 9 9
181 193 9 9
202 201 10 10
202 200 10 10
203 200 10 10
203 201 10 10
204 202 10 10
204 203 10 10
205 203 10 10
205 204 10 10
206 203 10 10
206 204 10 10
207 204 10 10
207 205 10 10
208 200 10 10
208 207 10 10
209 207 10 10
209 205 10 10
210 207 10 10
210 206 10 10
211 208 10 10
211 207 10 10
212 203 10 10
212 200 10 10
213 205 10 10
213 208 10 10
214 210 10 10
214 206 10 10
215 200 10 10
215 212 10 10
216 202 10 10
216 203 10 10
217 205 10 10
217 213 10 10
218 207 10 10
218 213 10 10
219 205 10 10
219 215 10 10
200 216 10 10
200 207 10 10
201 207 10 10
201 215 10 10
222 221 11 11
222 220 11 11
223 220 11 11
223 221 11 11
224 221 11 11
224 223 11 11
225 224 11 11
225 220 11 11
226 224 11 11
226 222 11 11
227 222 11 11
227 225 11 11
228 224 11 11
228 225 11 11
229 222 11 11
229 224 11 11
230 223 11 11
230 221 11 11
231 224 11 11
231 226 11 11
232 230 11 11
232 220 11 11
233 229 11 11
233 220 11 11
234 220 11 11
234 230 11 11
235 232 11 11
235 220 11 11
236 223 11 11
236 226 11 11
237 235 11 11
237 228 11 11
238 227 11 11
238 222 11 11
239 238 11 11
239 231 11 11
220 228 11 11
220 237 11 11
221 226 11 11
221 228 11 11
242 241 12 12
242 240 12 12
243 240 12 12
243 241 12 12
244 242 12 12
244 241 12 12
245 241 12 12
245 240 12 12
246 244 12 12
246 241 12 12
247 241 12 12
247 245 12 12
248 245 12 12
248 247 12 12
249 247 12 12
249 242 12 12
250 246 12 12
250 243 12 12
251 243 12 12
251 249 12 12
252 248 12 12
252 244 12 12
253 241 12 12
253 243 12 12
254 247 12 12
254 240 12 12
255 252 12 12
255 251 12 12
256 251 12 12
256 248 12 12
257 256 12 12
257 247 12 12
258 253 12 12
258 255 12 12
259 252 12 12
259 251 12 12
240 259 12 12
240 246 12 12
241 254 12 12
241 251 12 12
262 260 13 13
262 261 13 13
263 262 13 13
263 260 13 13
264 262 13 13
264 261 13 13
265 261 13 13
265 264 13 13
266 261 13 13
266 260 13 13
267 261 13 13
267 262 13 13
268 261 13 13
268 262 13 13
269 266 13 13
269 268 13 13
270 268 13 13
270 262 13 13
271 261 13 13
271 270 13 13
272 265 13 13
272 264 13 13
273 267 13 13
273 270 13 13
274 267 13 13
274 266 13 13
275 267 13 13
275 269 13 13
276 270 13 13
276 263 13 13
277 271 13 13
277 265 13 13
278 261 13 13
278 267 13 13
279 268 13 13
279 270 13 13
260 268 13 13
260 265 13 13
261 274 13 13
261 277 13 13
282 281 14 14
282 280 14 14
283 281 14 14
283 280 14 14
284 280 14 14
284 282 14 14
285 282 14 14
285 283 14 14
286 282 14 14
286 281 14 14
287 283 14 14
287 281 14 14
288 283 14 14
288 281 14 14
289 288 14 14
289 280 14 14
290 284 14 14
290 285 14 14
291 281 14 14
291 286 14 14
292 281 14 14
292 286 14 14
293 289 14 14
293 282 14 14
294 287 14 14
294 289 14 14
295 280 14 14
295 289 14 14
296 283 14 14
296 293 14 14
297 280 14 14
297 296 14 14
298 286 14 14
298 297 14 14
299 292 14 14
299 280 14 14
280 290 14 14
280 291 14 14
281 299 14 14
281 285 14 14
302 301 15 15
302 300 15 15
303 301 15 15
303 300 15 15
304 303 15 15
304 301 15 15
305 300 15 15
305 301 15 15
306 302 15 15
306 301 15 15
307 300 15 15
307 301 15 15
308 307 15 15
308 303 15 15
309 306 15 15
309 304 15 15
310 306 15 15
310 304 15 15
311 309 15 15
311 303 15 15
312 307 15 15
312 309 15 15
313 301 15 15
313 311 15 15
314 311 15 15
314 309 15 15
315 300 15 15
315 312 15 15
316 305 15 15
316 308 15 15
317 316 15 15
317 306 15 15
318 314 15 15
318 305 15 15
319 315 15 15
319 300 15 15
300 318 15 15
300 308 15 15
301 308 15 15
301 317 15 15
42 36 2 1
52 13 2 0
79 3 3 0
62 24 3 1
80 10 4 0
96 22 4 1
108 62 5 3
119 16 5 0
130 22 6 1
123 67 6 3
151 105 7 5
158 78 7 3
177 30 8 1
165 125 8 6
183 137 9 6
184 102 9 5
219 184 10 9
208 41 10 2
239 196 11 9
224 155 11 7
253 29 12 1
246 136 12 6
275 193 13 9
274 91 13 4
283 262 14 13
297 37 14 1
318 34 15 1
315 248 15 12
6 260 0 13
16 159 0 7
26 266 1 13
37 226 1 11
