swNum = 320
edgeNum = 672

0 0
1 0
2 0
3 0
4 0
5 0
6 0
7 0
8 0
9 0
10 0
11 0
12 0
13 0
14 0
15 0
16 0
17 0
18 0
19 0
20 1
21 1
22 1
23 1
24 1
25 1
26 1
27 1
28 1
29 1
30 1
31 1
32 1
33 1
34 1
35 1
36 1
37 1
38 1
39 1
40 2
41 2
42 2
43 2
44 2
45 2
46 2
47 2
48 2
49 2
50 2
51 2
52 2
53 2
54 2
55 2
56 2
57 2
58 2
59 2
60 3
61 3
62 3
63 3
64 3
65 3
66 3
67 3
68 3
69 3
70 3
71 3
72 3
73 3
74 3
75 3
76 3
77 3
78 3
79 3
80 4
81 4
82 4
83 4
84 4
85 4
86 4
87 4
88 4
89 4
90 4
91 4
92 4
93 4
94 4
95 4
96 4
97 4
98 4
99 4
100 5
101 5
102 5
103 5
104 5
105 5
106 5
107 5
108 5
109 5
110 5
111 5
112 5
113 5
114 5
115 5
116 5
117 5
118 5
119 5
120 6
121 6
122 6
123 6
124 6
125 6
126 6
127 6
128 6
129 6
130 6
131 6
132 6
133 6
134 6
135 6
136 6
137 6
138 6
139 6
140 7
141 7
142 7
143 7
144 7
145 7
146 7
147 7
148 7
149 7
150 7
151 7
152 7
153 7
154 7
155 7
156 7
157 7
158 7
159 7
160 8
161 8
162 8
163 8
164 8
165 8
166 8
167 8
168 8
169 8
170 8
171 8
172 8
173 8
174 8
175 8
176 8
177 8
178 8
179 8
180 9
181 9
182 9
183 9
184 9
185 9
186 9
187 9
188 9
189 9
190 9
191 9
192 9
193 9
194 9
195 9
196 9
197 9
198 9
199 9
200 10
201 10
202 10
203 10
204 10
205 10
206 10
207 10
208 10
209 10
210 10
211 10
212 10
213 10
214 10
215 10
216 10
217 10
218 10
219 10
220 11
221 11
222 11
223 11
224 11
225 11
226 11
227 11
228 11
229 11
230 11
231 11
232 11
233 11
234 11
235 11
236 11
237 11
238 11
239 11
240 12
241 12
242 12
243 12
244 12
245 12
246 12
247 12
248 12
249 12
250 12
251 12
252 12
253 12
254 12
255 12
256 12
257 12
258 12
259 12
260 13
261 13
262 13
263 13
264 13
265 13
266 13
267 13
268 13
269 13
270 13
271 13
272 13
273 13
274 13
275 13
276 13
277 13
278 13
279 13
280 14
281 14
282 14
283 14
284 14
285 14
286 14
287 14
288 14
289 14
290 14
291 14
292 14
293 14
294 14
295 14
296 14
297 14
298 14
299 14
300 15
301 15
302 15
303 15
304 15
305 15
306 15
307 15
308 15
309 15
310 15
311 15
312 15
313 15
314 15
315 15
316 15
317 15
318 15
319 15

2 1 0 0
2 0 0 0
3 0 0 0
3 2 0 0
4 0 0 0
4 2 0 0
5 0 0 0
5 3 0 0
6 2 0 0
6 0 0 0
7 3 0 0
7 4 0 0
8 0 0 0
8 6 0 0
9 1 0 0
9 4 0 0
10 3 0 0
10 1 0 0
11 3 0 0
11 7 0 0
12 11 0 0
12 8 0 0
13 1 0 0
13 8 0 0
14 7 0 0
14 10 0 0
15 8 0 0
15 6 0 0
16 4 0 0
16 13 0 0
17 8 0 0
17 15 0 0
18 10 0 0
18 1 0 0
19 16 0 0
19 12 0 0
0 13 0 0
0 14 0 0
1 17 0 0
1 11 0 0
22 21 1 1
22 20 1 1
23 21 1 1
23 22 1 1
24 23 1 1
24 21 1 1
25 22 1 1
25 21 1 1
26 24 1 1
26 20 1 1
27 22 1 1
27 24 1 1
28 27 1 1
28 26 1 1
29 23 1 1
29 21 1 1
30 25 1 1
30 22 1 1
31 25 1 1
31 22 1 1
32 31 1 1
32 21 1 1
33 28 1 1
33 23 1 1
34 20 1 1
34 33 1 1
35 34 1 1
35 22 1 1
36 23 1 1
36 20 1 1
37 34 1 1
37 30 1 1
38 21 1 1
38 22 1 1
39 22 1 1
39 32 1 1
20 27 1 1
20 28 1 1
21 34 1 1
21 37 1 1
42 40 2 2
42 41 2 2
43 40 2 2
43 42 2 2
44 41 2 2
44 42 2 2
45 42 2 2
45 41 2 2
46 45 2 2
46 44 2 2
47 42 2 2
47 44 2 2
48 44 2 2
48 45 2 2
49 48 2 2
49 44 2 2
50 40 2 2
50 41 2 2
51 48 2 2
51 41 2 2
52 44 2 2
52 47 2 2
53 46 2 2
53 41 2 2
54 50 2 2
54 52 2 2
55 49 2 2
55 45 2 2
56 40 2 2
56 44 2 2
57 41 2 2
57 40 2 2
58 41 2 2
58 45 2 2
59 51 2 2
59 54 2 2
40 54 2 2
40 52 2 2
41 43 2 2
41 47 2 2
62 60 3 3
62 61 3 3
63 60 3 3
63 61 3 3
64 60 3 3
64 62 3 3
65 62 3 3
65 64 3 3
66 61 3 3
66 63 3 3
67 64 3 3
67 62 3 3
68 66 3 3
68 65 3 3
69 60 3 3
69 61 3 3
70 62 3 3
70 65 3 3
71 65 3 3
71 68 3 3
72 63 3 3
72 70 3 3
73 69 3 3
73 70 3 3
74 66 3 3
74 73 3 3
75 62 3 3
75 70 3 3
76 71 3 3
76 72 3 3
77 74 3 3
77 69 3 3
78 73 3 3
78 72 3 3
79 66 3 3
79 60 3 3
60 76 3 3
60 78 3 3
61 74 3 3
61 76 3 3
82 81 4 4
82 80 4 4
83 80 4 4
83 81 4 4
84 82 4 4
84 81 4 4
85 82 4 4
85 83 4 4
86 84 4 4
86 82 4 4
87 84 4 4
87 82 4 4
88 82 4 4
88 86 4 4
89 80 4 4
89 83 4 4
90 88 4 4
90 85 4 4
91 85 4 4
91 90 4 4
92 90 4 4
92 85 4 4
93 82 4 4
93 85 4 4
94 91 4 4
94 89 4 4
95 89 4 4
95 84 4 4
96 84 4 4
96 89 4 4
97 92 4 4
97 87 4 4
98 96 4 4
98 84 4 4
99 98 4 4
99 97 4 4
80 95 4 4
80 87 4 4
81 92 4 4
81 97 4 4
102 100 5 5
102 101 5 5
103 100 5 5
103 102 5 5
104 103 5 5
104 102 5 5
105 103 5 5
105 101 5 5
106 105 5 5
106 101 5 5
107 102 5 5
107 101 5 5
108 101 5 5
108 102 5 5
109 107 5 5
109 102 5 5
110 102 5 5
110 101 5 5
111 100 5 5
111 103 5 5
112 111 5 5
112 100 5 5
113 107 5 5
113 105 5 5
114 105 5 5
114 106 5 5
115 111 5 5
115 104 5 5
116 103 5 5
116 102 5 5
117 110 5 5
117 114 5 5
118 103 5 5
118 112 5 5
119 100 5 5
119 116 5 5
100 117 5 5
100 115 5 5
101 114 5 5
101 115 5 5
122 121 6 6
122 120 6 6
123 120 6 6
123 121 6 6
124 120 6 6
124 121 6 6
125 124 6 6
125 121 6 6
126 121 6 6
126 122 6 6
127 124 6 6
127 125 6 6
128 127 6 6
128 120 6 6
129 126 6 6
129 120 6 6
130 128 6 6
130 121 6 6
131 120 6 6
131 123 6 6
132 125 6 6
132 124 6 6
133 124 6 6
133 126 6 6
134 124 6 6
134 121 6 6
135 127 6 6
135 125 6 6
136 127 6 6
136 126 6 6
137 122 6 6
137 127 6 6
138 123 6 6
138 128 6 6
139 136 6 6
139 128 6 6
120 134 6 6
120 125 6 6
121 128 6 6
121 138 6 6
142 141 7 7
142 140 7 7
143 141 7 7
143 142 7 7
144 140 7 7
144 142 7 7
145 141 7 7
145 142 7 7
146 143 7 7
146 141 7 7
147 145 7 7
147 142 7 7
148 141 7 7
148 142 7 7
149 141 7 7
149 147 7 7
150 149 7 7
150 148 7 7
151 140 7 7
151 146 7 7
152 145 7 7
152 151 7 7
153 147 7 7
153 142 7 7
154 148 7 7
154 140 7 7
155 149 7 7
155 154 7 7
156 154 7 7
156 152 7 7
157 150 7 7
157 143 7 7
158 142 7 7
158 144 7 7
159 142 7 7
159 151 7 7
140 146 7 7
140 152 7 7
141 155 7 7
141 157 7 7
162 160 8 8
162 161 8 8
163 160 8 8
163 162 8 8
164 163 8 8
164 162 8 8
165 164 8 8
165 162 8 8
166 163 8 8
166 162 8 8
167 164 8 8
167 165 8 8
168 164 8 8
168 166 8 8
169 162 8 8
169 161 8 8
170 165 8 8
170 166 8 8
171 167 8 8
171 164 8 8
172 170 8 8
172 171 8 8
173 167 8 8
173 162 8 8
174 173 8 8
174 171 8 8
175 162 8 8
175 169 8 8
176 175 8 8
176 170 8 8
177 169 8 8
177 172 8 8
178 168 8 8
178 160 8 8
179 163 8 8
179 177 8 8
160 170 8 8
160 172 8 8
161 179 8 8
161 163 8 8
182 180 9 9
182 181 9 9
183 182 9 9
183 180 9 9
184 181 9 9
184 182 9 9
185 183 9 9
185 184 9 9
186 180 9 9
186 185 9 9
187 183 9 9
187 184 9 9
188 186 9 9
188 185 9 9
189 182 9 9
189 186 9 9
190 180 9 9
190 186 9 9
191 183 9 9
191 180 9 9
192 190 9 9
192 184 9 9
193 189 9 9
193 180 9 9
194 186 9 9
194 181 9 9
195 187 9 9
195 181 9 9
196 194 9 9
196 180 9 9
197 185 9 9
197 192 9 9
198 191 9 9
198 182 9 9
199 183 9 9
199 188 9 9
180 192 9 9
180 184 9 9
181 199 9 9
181 188 9 9
202 201 10 10
202 200 10 10
203 201 10 10
203 202 10 10
204 200 10 10
204 201 10 10
205 202 10 10
205 203 10 10
206 204 10 10
206 203 10 10
207 205 10 10
207 203 10 10
208 201 10 10
208 203 10 10
209 200 10 10
209 205 10 10
210 201 10 10
210 203 10 10
211 207 10 10
211 206 10 10
212 207 10 10
212 211 10 10
213 211 10 10
213 206 10 10
214 210 10 10
214 201 10 10
215 210 10 10
215 207 10 10
216 201 10 10
216 210 10 10
217 213 10 10
217 208 10 10
218 206 10 10
218 210 10 10
219 211 10 10
219 201 10 10
200 216 10 10
200 215 10 10
201 207 10 10
201 218 10 10
222 221 11 11
222 220 11 11
223 220 11 11
223 221 11 11
224 222 11 11
224 221 11 11
225 221 11 11
225 224 11 11
226 220 11 11
226 224 11 11
227 221 11 11
227 220 11 11
228 226 11 11
228 224 11 11
229 228 11 11
229 222 11 11
230 220 11 11
230 228 11 11
231 222 11 11
231 224 11 11
232 221 11 11
232 228 11 11
233 231 11 11
233 224 11 11
234 220 11 11
234 223 11 11
235 231 11 11
235 228 11 11
236 221 11 11
236 225 11 11
237 231 11 11
237 233 11 11
238 227 11 11
238 223 11 11
239 227 11 11
239 228 11 11
220 235 11 11
220 232 11 11
221 226 11 11
221 234 11 11
242 241 12 12
242 240 12 12
243 240 12 12
243 242 12 12
244 240 12 12
244 241 12 12
245 241 12 12
245 243 12 12
246 241 12 12
246 243 12 12
247 241 12 12
247 246 12 12
248 241 12 12
248 244 12 12
249 244 12 12
249 241 12 12
250 240 12 12
250 248 12 12
251 242 12 12
251 248 12 12
252 249 12 12
252 245 12 12
253 242 12 12
253 243 12 12
254 245 12 12
254 249 12 12
255 247 12 12
255 249 12 12
256 247 12 12
256 249 12 12
257 250 12 12
257 240 12 12
258 249 12 12
258 248 12 12
259 252 12 12
259 249 12 12
240 251 12 12
240 253 12 12
241 254 12 12
241 251 12 12
262 260 13 13
262 261 13 13
263 261 13 13
263 262 13 13
264 260 13 13
264 261 13 13
265 262 13 13
265 264 13 13
266 264 13 13
266 263 13 13
267 264 13 13
267 262 13 13
268 266 13 13
268 264 13 13
269 268 13 13
269 267 13 13
270 263 13 13
270 269 13 13
271 261 13 13
271 269 13 13
272 264 13 13
272 267 13 13
273 265 13 13
273 271 13 13
274 269 13 13
274 266 13 13
275 267 13 13
275 265 13 13
276 275 13 13
276 261 13 13
277 260 13 13
277 274 13 13
278 273 13 13
278 275 13 13
279 262 13 13
279 273 13 13
260 279 13 13
260 265 13 13
261 265 13 13
261 274 13 13
282 280 14 14
282 281 14 14
283 281 14 14
283 282 14 14
284 282 14 14
284 280 14 14
285 284 14 14
285 282 14 14
286 283 14 14
286 282 14 14
287 285 14 14
287 280 14 14
288 287 14 14
288 281 14 14
289 280 14 14
289 288 14 14
290 285 14 14
290 287 14 14
291 282 14 14
291 285 14 14
292 282 14 14
292 288 14 14
293 290 14 14
293 282 14 14
294 290 14 14
294 293 14 14
295 281 14 14
295 280 14 14
296 292 14 14
296 286 14 14
297 283 14 14
297 281 14 14
298 281 14 14
298 282 14 14
299 282 14 14
299 297 14 14
280 293 14 14
280 294 14 14
281 290 14 14
281 291 14 14
302 300 15 15
302 301 15 15
303 302 15 15
303 300 15 15
304 301 15 15
304 303 15 15
305 303 15 15
305 302 15 15
306 300 15 15
306 302 15 15
307 302 15 15
307 301 15 15
308 304 15 15
308 301 15 15
309 302 15 15
309 307 15 15
310 307 15 15
310 308 15 15
311 305 15 15
311 307 15 15
312 307 15 15
312 301 15 15
313 308 15 15
313 305 15 15
314 301 15 15
314 302 15 15
315 314 15 15
315 312 15 15
316 311 15 15
316 303 15 15
317 312 15 15
317 307 15 15
318 316 15 15
318 302 15 15
319 317 15 15
319 312 15 15
300 309 15 15
300 308 15 15
301 310 15 15
301 317 15 15
53 22 2 1
46 15 2 0
61 25 3 1
64 45 3 2
91 79 4 3
86 54 4 2
107 93 5 4
101 35 5 1
130 46 6 2
133 19 6 0
145 71 7 3
148 46 7 2
171 64 8 3
166 138 8 6
180 178 9 8
187 44 9 2
205 152 10 7
202 92 10 4
234 138 11 6
223 171 11 8
246 47 12 2
244 165 12 8
263 81 13 4
279 222 13 11
287 150 14 7
296 180 14 9
304 169 15 8
303 230 15 11
11 141 0 7
0 97 0 4
37 284 1 14
31 268 1 13
