swNum = 320
edgeNum = 672

0 0
1 0
2 0
3 0
4 0
5 0
6 0
7 0
8 0
9 0
10 0
11 0
12 0
13 0
14 0
15 0
16 0
17 0
18 0
19 0
20 1
21 1
22 1
23 1
24 1
25 1
26 1
27 1
28 1
29 1
30 1
31 1
32 1
33 1
34 1
35 1
36 1
37 1
38 1
39 1
40 2
41 2
42 2
43 2
44 2
45 2
46 2
47 2
48 2
49 2
50 2
51 2
52 2
53 2
54 2
55 2
56 2
57 2
58 2
59 2
60 3
61 3
62 3
63 3
64 3
65 3
66 3
67 3
68 3
69 3
70 3
71 3
72 3
73 3
74 3
75 3
76 3
77 3
78 3
79 3
80 4
81 4
82 4
83 4
84 4
85 4
86 4
87 4
88 4
89 4
90 4
91 4
92 4
93 4
94 4
95 4
96 4
97 4
98 4
99 4
100 5
101 5
102 5
103 5
104 5
105 5
106 5
107 5
108 5
109 5
110 5
111 5
112 5
113 5
114 5
115 5
116 5
117 5
118 5
119 5
120 6
121 6
122 6
123 6
124 6
125 6
126 6
127 6
128 6
129 6
130 6
131 6
132 6
133 6
134 6
135 6
136 6
137 6
138 6
139 6
140 7
141 7
142 7
143 7
144 7
145 7
146 7
147 7
148 7
149 7
150 7
151 7
152 7
153 7
154 7
155 7
156 7
157 7
158 7
159 7
160 8
161 8
162 8
163 8
164 8
165 8
166 8
167 8
168 8
169 8
170 8
171 8
172 8
173 8
174 8
175 8
176 8
177 8
178 8
179 8
180 9
181 9
182 9
183 9
184 9
185 9
186 9
187 9
188 9
189 9
190 9
191 9
192 9
193 9
194 9
195 9
196 9
197 9
198 9
199 9
200 10
201 10
202 10
203 10
204 10
205 10
206 10
207 10
208 10
209 10
210 10
211 10
212 10
213 10
214 10
215 10
216 10
217 10
218 10
219 10
220 11
221 11
222 11
223 11
224 11
225 11
226 11
227 11
228 11
229 11
230 11
231 11
232 11
233 11
234 11
235 11
236 11
237 11
238 11
239 11
240 12
241 12
242 12
243 12
244 12
245 12
246 12
247 12
248 12
249 12
250 12
251 12
252 12
253 12
254 12
255 12
256 12
257 12
258 12
259 12
260 13
261 13
262 13
263 13
264 13
265 13
266 13
267 13
268 13
269 13
270 13
271 13
272 13
273 13
274 13
275 13
276 13
277 13
278 13
279 13
280 14
281 14
282 14
283 14
284 14
285 14
286 14
287 14
288 14
289 14
290 14
291 14
292 14
293 14
294 14
295 14
296 14
297 14
298 14
299 14
300 15
301 15
302 15
303 15
304 15
305 15
306 15
307 15
308 15
309 15
310 15
311 15
312 15
313 15
314 15
315 15
316 15
317 15
318 15
319 15

2 1 0 0
2 0 0 0
3 1 0 0
3 0 0 0
4 0 0 0
4 3 0 0
5 0 0 0
5 3 0 0
6 0 0 0
6 1 0 0
7 1 0 0
7 0 0 0
8 0 0 0
8 1 0 0
9 4 0 0
9 6 0 0
10 9 0 0
10 3 0 0
11 10 0 0
11 2 0 0
12 6 0 0
12 9 0 0
13 12 0 0
13 2 0 0
14 10 0 0
14 7 0 0
15 7 0 0
15 2 0 0
16 14 0 0
16 1 0 0
17 13 0 0
17 8 0 0
18 3 0 0
18 13 0 0
19 17 0 0
19 9 0 0
0 12 0 0
0 17 0 0
1 15 0 0
1 5 0 0
22 20 1 1
22 21 1 1
23 21 1 1
23 20 1 1
24 22 1 1
24 20 1 1
25 24 1 1
25 20 1 1
26 22 1 1
26 25 1 1
27 26 1 1
27 21 1 1
28 21 1 1
28 25 1 1
29 21 1 1
29 20 1 1
30 29 1 1
30 27 1 1
31 25 1 1
31 20 1 1
32 23 1 1
32 24 1 1
33 26 1 1
33 32 1 1
34 22 1 1
34 21 1 1
35 31 1 1
35 25 1 1
36 24 1 1
36 35 1 1
37 29 1 1
37 27 1 1
38 35 1 1
38 36 1 1
39 25 1 1
39 31 1 1
20 35 1 1
20 38 1 1
21 26 1 1
21 32 1 1
42 40 2 2
42 41 2 2
43 40 2 2
43 41 2 2
44 42 2 2
44 41 2 2
45 43 2 2
45 40 2 2
46 41 2 2
46 45 2 2
47 46 2 2
47 41 2 2
48 47 2 2
48 44 2 2
49 46 2 2
49 48 2 2
50 47 2 2
50 44 2 2
51 45 2 2
51 50 2 2
52 42 2 2
52 44 2 2
53 51 2 2
53 50 2 2
54 49 2 2
54 43 2 2
55 53 2 2
55 40 2 2
56 40 2 2
56 50 2 2
57 54 2 2
57 56 2 2
58 42 2 2
58 43 2 2
59 49 2 2
59 47 2 2
40 53 2 2
40 51 2 2
41 57 2 2
41 52 2 2
62 61 3 3
62 60 3 3
63 62 3 3
63 60 3 3
64 60 3 3
64 61 3 3
65 62 3 3
65 61 3 3
66 65 3 3
66 63 3 3
67 60 3 3
67 65 3 3
68 60 3 3
68 62 3 3
69 63 3 3
69 67 3 3
70 69 3 3
70 67 3 3
71 64 3 3
71 69 3 3
72 64 3 3
72 62 3 3
73 62 3 3
73 68 3 3
74 69 3 3
74 63 3 3
75 63 3 3
75 65 3 3
76 67 3 3
76 70 3 3
77 66 3 3
77 63 3 3
78 69 3 3
78 77 3 3
79 73 3 3
79 71 3 3
60 76 3 3
60 79 3 3
61 66 3 3
61 67 3 3
82 80 4 4
82 81 4 4
83 81 4 4
83 82 4 4
84 81 4 4
84 83 4 4
85 82 4 4
85 80 4 4
86 80 4 4
86 81 4 4
87 86 4 4
87 81 4 4
88 80 4 4
88 86 4 4
89 81 4 4
89 86 4 4
90 88 4 4
90 85 4 4
91 90 4 4
91 82 4 4
92 84 4 4
92 91 4 4
93 85 4 4
93 82 4 4
94 88 4 4
94 91 4 4
95 91 4 4
95 89 4 4
96 81 4 4
96 80 4 4
97 94 4 4
97 87 4 4
98 94 4 4
98 92 4 4
99 87 4 4
99 91 4 4
80 99 4 4
80 87 4 4
81 99 4 4
81 95 4 4
102 100 5 5
102 101 5 5
103 101 5 5
103 102 5 5
104 100 5 5
104 102 5 5
105 102 5 5
105 100 5 5
106 105 5 5
106 104 5 5
107 103 5 5
107 104 5 5
108 105 5 5
108 106 5 5
109 108 5 5
109 105 5 5
110 108 5 5
110 106 5 5
111 108 5 5
111 109 5 5
112 102 5 5
112 104 5 5
113 108 5 5
113 109 5 5
114 111 5 5
114 108 5 5
115 110 5 5
115 102 5 5
116 109 5 5
116 112 5 5
117 106 5 5
117 103 5 5
118 106 5 5
118 117 5 5
119 115 5 5
119 118 5 5
100 107 5 5
100 116 5 5
101 113 5 5
101 111 5 5
122 120 6 6
122 121 6 6
123 121 6 6
123 122 6 6
124 121 6 6
124 123 6 6
125 121 6 6
125 124 6 6
126 120 6 6
126 122 6 6
127 123 6 6
127 124 6 6
128 121 6 6
128 127 6 6
129 125 6 6
129 124 6 6
130 129 6 6
130 125 6 6
131 130 6 6
131 129 6 6
132 131 6 6
132 129 6 6
133 131 6 6
133 127 6 6
134 126 6 6
134 123 6 6
135 131 6 6
135 120 6 6
136 130 6 6
136 131 6 6
137 135 6 6
137 133 6 6
138 129 6 6
138 131 6 6
139 130 6 6
139 128 6 6
120 124 6 6
120 139 6 6
121 126 6 6
121 134 6 6
142 141 7 7
142 140 7 7
143 141 7 7
143 142 7 7
144 141 7 7
144 143 7 7
145 142 7 7
145 143 7 7
146 143 7 7
146 144 7 7
147 141 7 7
147 140 7 7
148 141 7 7
148 142 7 7
149 146 7 7
149 148 7 7
150 146 7 7
150 144 7 7
151 148 7 7
151 143 7 7
152 149 7 7
152 146 7 7
153 152 7 7
153 150 7 7
154 152 7 7
154 150 7 7
155 147 7 7
155 150 7 7
156 146 7 7
156 150 7 7
157 150 7 7
157 149 7 7
158 155 7 7
158 154 7 7
159 140 7 7
159 145 7 7
140 153 7 7
140 149 7 7
141 150 7 7
141 154 7 7
162 160 8 8
162 161 8 8
163 162 8 8
163 161 8 8
164 163 8 8
164 162 8 8
165 164 8 8
165 163 8 8
166 165 8 8
166 161 8 8
167 165 8 8
167 164 8 8
168 162 8 8
168 163 8 8
169 165 8 8
169 167 8 8
170 166 8 8
170 161 8 8
171 170 8 8
171 166 8 8
172 164 8 8
172 162 8 8
173 169 8 8
173 161 8 8
174 168 8 8
174 167 8 8
175 164 8 8
175 169 8 8
176 169 8 8
176 170 8 8
177 160 8 8
177 166 8 8
178 177 8 8
178 162 8 8
179 176 8 8
179 173 8 8
160 163 8 8
160 169 8 8
161 174 8 8
161 178 8 8
182 181 9 9
182 180 9 9
183 182 9 9
183 180 9 9
184 181 9 9
184 182 9 9
185 180 9 9
185 182 9 9
186 182 9 9
186 184 9 9
187 186 9 9
187 183 9 9
188 181 9 9
188 186 9 9
189 180 9 9
189 188 9 9
190 183 9 9
190 184 9 9
191 187 9 9
191 189 9 9
192 183 9 9
192 190 9 9
193 189 9 9
193 180 9 9
194 192 9 9
194 182 9 9
195 192 9 9
195 186 9 9
196 192 9 9
196 195 9 9
197 180 9 9
197 190 9 9
198 181 9 9
198 182 9 9
199 197 9 9
199 188 9 9
180 194 9 9
180 187 9 9
181 189 9 9
181 185 9 9
202 201 10 10
202 200 10 10
203 201 10 10
203 200 10 10
204 201 10 10
204 202 10 10
205 203 10 10
205 201 10 10
206 203 10 10
206 205 10 10
207 202 10 10
207 203 10 10
208 202 10 10
208 201 10 10
209 202 10 10
209 207 10 10
210 207 10 10
210 204 10 10
211 201 10 10
211 210 10 10
212 207 10 10
212 201 10 10
213 204 10 10
213 205 10 10
214 209 10 10
214 207 10 10
215 201 10 10
215 202 10 10
216 211 10 10
216 200 10 10
217 203 10 10
217 209 10 10
218 204 10 10
218 211 10 10
219 204 10 10
219 205 10 10
200 217 10 10
200 218 10 10
201 216 10 10
201 207 10 10
222 221 11 11
222 220 11 11
223 220 11 11
223 222 11 11
224 223 11 11
224 222 11 11
225 221 11 11
225 220 11 11
226 220 11 11
226 224 11 11
227 224 11 11
227 222 11 11
228 225 11 11
228 220 11 11
229 224 11 11
229 222 11 11
230 228 11 11
230 220 11 11
231 220 11 11
231 224 11 11
232 229 11 11
232 222 11 11
233 222 11 11
233 230 11 11
234 221 11 11
234 225 11 11
235 220 11 11
235 223 11 11
236 224 11 11
236 231 11 11
237 232 11 11
237 220 11 11
238 234 11 11
238 235 11 11
239 233 11 11
239 229 11 11
220 236 11 11
220 232 11 11
221 232 11 11
221 233 11 11
242 241 12 12
242 240 12 12
243 240 12 12
243 241 12 12
244 243 12 12
244 241 12 12
245 240 12 12
245 241 12 12
246 244 12 12
246 240 12 12
247 246 12 12
247 240 12 12
248 241 12 12
248 244 12 12
249 241 12 12
249 242 12 12
250 246 12 12
250 240 12 12
251 250 12 12
251 244 12 12
252 244 12 12
252 251 12 12
253 241 12 12
253 250 12 12
254 241 12 12
254 242 12 12
255 243 12 12
255 248 12 12
256 240 12 12
256 250 12 12
257 251 12 12
257 246 12 12
258 246 12 12
258 253 12 12
259 254 12 12
259 244 12 12
240 253 12 12
240 255 12 12
241 258 12 12
241 251 12 12
262 260 13 13
262 261 13 13
263 261 13 13
263 260 13 13
264 260 13 13
264 261 13 13
265 260 13 13
265 264 13 13
266 264 13 13
266 260 13 13
267 260 13 13
267 261 13 13
268 263 13 13
268 261 13 13
269 264 13 13
269 265 13 13
270 266 13 13
270 262 13 13
271 269 13 13
271 268 13 13
272 268 13 13
272 269 13 13
273 261 13 13
273 269 13 13
274 262 13 13
274 268 13 13
275 265 13 13
275 270 13 13
276 273 13 13
276 260 13 13
277 273 13 13
277 264 13 13
278 277 13 13
278 273 13 13
279 271 13 13
279 264 13 13
260 272 13 13
260 277 13 13
261 279 13 13
261 278 13 13
282 281 14 14
282 280 14 14
283 280 14 14
283 281 14 14
284 283 14 14
284 280 14 14
285 283 14 14
285 280 14 14
286 282 14 14
286 281 14 14
287 284 14 14
287 286 14 14
288 281 14 14
288 286 14 14
289 287 14 14
289 282 14 14
290 287 14 14
290 288 14 14
291 283 14 14
291 287 14 14
292 291 14 14
292 283 14 14
293 282 14 14
293 285 14 14
294 283 14 14
294 292 14 14
295 282 14 14
295 291 14 14
296 283 14 14
296 282 14 14
297 284 14 14
297 287 14 14
298 295 14 14
298 282 14 14
299 280 14 14
299 296 14 14
280 296 14 14
280 287 14 14
281 291 14 14
281 289 14 14
302 300 15 15
302 301 15 15
303 301 15 15
303 300 15 15
304 302 15 15
304 300 15 15
305 302 15 15
305 304 15 15
306 303 15 15
306 301 15 15
307 301 15 15
307 300 15 15
308 300 15 15
308 304 15 15
309 303 15 15
309 302 15 15
310 308 15 15
310 303 15 15
311 302 15 15
311 306 15 15
312 311 15 15
312 302 15 15
313 307 15 15
313 309 15 15
314 306 15 15
314 309 15 15
315 312 15 15
315 301 15 15
316 307 15 15
316 315 15 15
317 316 15 15
317 306 15 15
318 312 15 15
318 311 15 15
319 307 15 15
319 302 15 15
300 314 15 15
300 319 15 15
301 312 15 15
301 311 15 15
51 31 2 1
44 11 2 0
60 13 3 0
60 43 3 2
94 76 4 3
82 40 4 2
110 94 5 4
118 41 5 2
139 88 6 4
132 60 6 3
159 34 7 1
149 86 7 4
170 10 8 0
172 127 8 6
199 135 9 6
190 40 9 2
210 31 10 1
213 52 10 2
228 174 11 8
231 67 11 3
247 108 12 5
248 99 12 4
267 238 13 11
263 245 13 12
295 89 14 4
280 66 14 3
310 295 15 14
316 74 15 3
8 294 0 14
18 257 0 12
33 238 1 11
36 301 1 15
