swNum = 320
edgeNum = 672

0 0
1 0
2 0
3 0
4 0
5 0
6 0
7 0
8 0
9 0
10 0
11 0
12 0
13 0
14 0
15 0
16 0
17 0
18 0
19 0
20 1
21 1
22 1
23 1
24 1
25 1
26 1
27 1
28 1
29 1
30 1
31 1
32 1
33 1
34 1
35 1
36 1
37 1
38 1
39 1
40 2
41 2
42 2
43 2
44 2
45 2
46 2
47 2
48 2
49 2
50 2
51 2
52 2
53 2
54 2
55 2
56 2
57 2
58 2
59 2
60 3
61 3
62 3
63 3
64 3
65 3
66 3
67 3
68 3
69 3
70 3
71 3
72 3
73 3
74 3
75 3
76 3
77 3
78 3
79 3
80 4
81 4
82 4
83 4
84 4
85 4
86 4
87 4
88 4
89 4
90 4
91 4
92 4
93 4
94 4
95 4
96 4
97 4
98 4
99 4
100 5
101 5
102 5
103 5
104 5
105 5
106 5
107 5
108 5
109 5
110 5
111 5
112 5
113 5
114 5
115 5
116 5
117 5
118 5
119 5
120 6
121 6
122 6
123 6
124 6
125 6
126 6
127 6
128 6
129 6
130 6
131 6
132 6
133 6
134 6
135 6
136 6
137 6
138 6
139 6
140 7
141 7
142 7
143 7
144 7
145 7
146 7
147 7
148 7
149 7
150 7
151 7
152 7
153 7
154 7
155 7
156 7
157 7
158 7
159 7
160 8
161 8
162 8
163 8
164 8
165 8
166 8
167 8
168 8
169 8
170 8
171 8
172 8
173 8
174 8
175 8
176 8
177 8
178 8
179 8
180 9
181 9
182 9
183 9
184 9
185 9
186 9
187 9
188 9
189 9
190 9
191 9
192 9
193 9
194 9
195 9
196 9
197 9
198 9
199 9
200 10
201 10
202 10
203 10
204 10
205 10
206 10
207 10
208 10
209 10
210 10
211 10
212 10
213 10
214 10
215 10
216 10
217 10
218 10
219 10
220 11
221 11
222 11
223 11
224 11
225 11
226 11
227 11
228 11
229 11
230 11
231 11
232 11
233 11
234 11
235 11
236 11
237 11
238 11
239 11
240 12
241 12
242 12
243 12
244 12
245 12
246 12
247 12
248 12
249 12
250 12
251 12
252 12
253 12
254 12
255 12
256 12
257 12
258 12
259 12
260 13
261 13
262 13
263 13
264 13
265 13
266 13
267 13
268 13
269 13
270 13
271 13
272 13
273 13
274 13
275 13
276 13
277 13
278 13
279 13
280 14
281 14
282 14
283 14
284 14
285 14
286 14
287 14
288 14
289 14
290 14
291 14
292 14
293 14
294 14
295 14
296 14
297 14
298 14
299 14
300 15
301 15
302 15
303 15
304 15
305 15
306 15
307 15
308 15
309 15
310 15
311 15
312 15
313 15
314 15
315 15
316 15
317 15
318 15
319 15

2 1 0 0
2 0 0 0
3 1 0 0
3 2 0 0
4 2 0 0
4 3 0 0
5 4 0 0
5 3 0 0
6 5 0 0
6 0 0 0
7 4 0 0
7 3 0 0
8 0 0 0
8 3 0 0
9 1 0 0
9 2 0 0
10 5 0 0
10 0 0 0
11 7 0 0
11 6 0 0
12 8 0 0
12 2 0 0
13 12 0 0
13 7 0 0
14 2 0 0
14 1 0 0
15 3 0 0
15 7 0 0
16 4 0 0
16 11 0 0
17 14 0 0
17 15 0 0
18 15 0 0
18 14 0 0
19 16 0 0
19 15 0 0
0 19 0 0
0 12 0 0
1 5 0 0
1 18 0 0
22 21 1 1
22 20 1 1
23 21 1 1
23 22 1 1
24 21 1 1
24 23 1 1
25 21 1 1
25 22 1 1
26 25 1 1
26 23 1 1
27 22 1 1
27 25 1 1
28 24 1 1
28 23 1 1
29 24 1 1
29 22 1 1
30 29 1 1
30 23 1 1
31 22 1 1
31 26 1 1
32 30 1 1
32 20 1 1
33 29 1 1
33 25 1 1
34 30 1 1
34 31 1 1
35 27 1 1
35 21 1 1
36 34 1 1
36 20 1 1
37 24 1 1
37 31 1 1
38 32 1 1
38 27 1 1
39 26 1 1
39 33 1 1
20 23 1 1
20 29 1 1
21 31 1 1
21 30 1 1
42 40 2 2
42 41 2 2
43 42 2 2
43 41 2 2
44 43 2 2
44 41 2 2
45 43 2 2
45 41 2 2
46 42 2 2
46 43 2 2
47 44 2 2
47 46 2 2
48 43 2 2
48 46 2 2
49 47 2 2
49 46 2 2
50 44 2 2
50 42 2 2
51 47 2 2
51 43 2 2
52 41 2 2
52 40 2 2
53 52 2 2
53 46 2 2
54 50 2 2
54 41 2 2
55 44 2 2
55 47 2 2
56 55 2 2
56 40 2 2
57 55 2 2
57 40 2 2
58 57 2 2
58 42 2 2
59 48 2 2
59 50 2 2
40 58 2 2
40 53 2 2
41 58 2 2
41 57 2 2
62 60 3 3
62 61 3 3
63 60 3 3
63 62 3 3
64 61 3 3
64 60 3 3
65 61 3 3
65 64 3 3
66 64 3 3
66 65 3 3
67 64 3 3
67 65 3 3
68 67 3 3
68 63 3 3
69 61 3 3
69 66 3 3
70 64 3 3
70 66 3 3
71 61 3 3
71 70 3 3
72 67 3 3
72 68 3 3
73 68 3 3
73 63 3 3
74 65 3 3
74 60 3 3
75 72 3 3
75 70 3 3
76 74 3 3
76 63 3 3
77 70 3 3
77 60 3 3
78 63 3 3
78 62 3 3
79 67 3 3
79 69 3 3
60 76 3 3
60 66 3 3
61 70 3 3
61 76 3 3
82 80 4 4
82 81 4 4
83 81 4 4
83 82 4 4
84 80 4 4
84 82 4 4
85 80 4 4
85 82 4 4
86 84 4 4
86 80 4 4
87 82 4 4
87 85 4 4
88 83 4 4
88 87 4 4
89 83 4 4
89 84 4 4
90 81 4 4
90 85 4 4
91 88 4 4
91 89 4 4
92 80 4 4
92 81 4 4
93 85 4 4
93 89 4 4
94 86 4 4
94 93 4 4
95 94 4 4
95 89 4 4
96 86 4 4
96 94 4 4
97 94 4 4
97 91 4 4
98 86 4 4
98 89 4 4
99 86 4 4
99 92 4 4
80 95 4 4
80 94 4 4
81 99 4 4
81 88 4 4
102 101 5 5
102 100 5 5
103 100 5 5
103 102 5 5
104 100 5 5
104 102 5 5
105 101 5 5
105 104 5 5
106 105 5 5
106 103 5 5
107 101 5 5
107 105 5 5
108 102 5 5
108 104 5 5
109 104 5 5
109 100 5 5
110 101 5 5
110 103 5 5
111 100 5 5
111 107 5 5
112 107 5 5
112 105 5 5
113 104 5 5
113 103 5 5
114 108 5 5
114 112 5 5
115 103 5 5
115 112 5 5
116 104 5 5
116 109 5 5
117 116 5 5
117 113 5 5
118 105 5 5
118 101 5 5
119 107 5 5
119 114 5 5
100 105 5 5
100 114 5 5
101 104 5 5
101 113 5 5
122 120 6 6
122 121 6 6
123 120 6 6
123 121 6 6
124 123 6 6
124 120 6 6
125 121 6 6
125 124 6 6
126 125 6 6
126 124 6 6
127 121 6 6
127 120 6 6
128 123 6 6
128 121 6 6
129 126 6 6
129 127 6 6
130 128 6 6
130 121 6 6
131 129 6 6
131 126 6 6
132 123 6 6
132 131 6 6
133 132 6 6
133 124 6 6
134 129 6 6
134 127 6 6
135 133 6 6
135 123 6 6
136 129 6 6
136 127 6 6
137 123 6 6
137 132 6 6
138 129 6 6
138 120 6 6
139 138 6 6
139 129 6 6
120 125 6 6
120 136 6 6
121 136 6 6
121 137 6 6
142 141 7 7
142 140 7 7
143 140 7 7
143 141 7 7
144 143 7 7
144 140 7 7
145 142 7 7
145 144 7 7
146 141 7 7
146 145 7 7
147 143 7 7
147 146 7 7
148 140 7 7
148 146 7 7
149 145 7 7
149 143 7 7
150 144 7 7
150 146 7 7
151 149 7 7
151 148 7 7
152 145 7 7
152 146 7 7
153 143 7 7
153 142 7 7
154 141 7 7
154 142 7 7
155 141 7 7
155 148 7 7
156 148 7 7
156 152 7 7
157 152 7 7
157 155 7 7
158 153 7 7
158 141 7 7
159 156 7 7
159 157 7 7
140 159 7 7
140 151 7 7
141 152 7 7
141 147 7 7
162 161 8 8
162 160 8 8
163 162 8 8
163 160 8 8
164 160 8 8
164 162 8 8
165 161 8 8
165 164 8 8
166 162 8 8
166 164 8 8
167 160 8 8
167 162 8 8
168 167 8 8
168 162 8 8
169 167 8 8
169 168 8 8
170 162 8 8
170 160 8 8
171 166 8 8
171 161 8 8
172 169 8 8
172 160 8 8
173 162 8 8
173 165 8 8
174 169 8 8
174 162 8 8
175 166 8 8
175 165 8 8
176 160 8 8
176 173 8 8
177 166 8 8
177 160 8 8
178 176 8 8
178 169 8 8
179 165 8 8
179 164 8 8
160 174 8 8
160 178 8 8
161 166 8 8
161 176 8 8
182 180 9 9
182 181 9 9
183 180 9 9
183 182 9 9
184 182 9 9
184 183 9 9
185 180 9 9
185 181 9 9
186 184 9 9
186 180 9 9
187 183 9 9
187 184 9 9
188 187 9 9
188 181 9 9
189 182 9 9
189 181 9 9
190 188 9 9
190 185 9 9
191 189 9 9
191 183 9 9
192 185 9 9
192 181 9 9
193 185 9 9
193 183 9 9
194 184 9 9
194 191 9 9
195 186 9 9
195 190 9 9
196 182 9 9
196 193 9 9
197 192 9 9
197 194 9 9
198 184 9 9
198 197 9 9
199 190 9 9
199 196 9 9
180 198 9 9
180 195 9 9
181 194 9 9
181 183 9 9
202 201 10 10
202 200 10 10
203 200 10 10
203 201 10 10
204 200 10 10
204 201 10 10
205 200 10 10
205 203 10 10
206 203 10 10
206 200 10 10
207 202 10 10
207 203 10 10
208 204 10 10
208 200 10 10
209 207 10 10
209 203 10 10
210 209 10 10
210 205 10 10
211 206 10 10
211 201 10 10
212 207 10 10
212 209 10 10
213 203 10 10
213 210 10 10
214 205 10 10
214 209 10 10
215 206 10 10
215 214 10 10
216 200 10 10
216 213 10 10
217 212 10 10
217 215 10 10
218 208 10 10
218 205 10 10
219 218 10 10
219 214 10 10
200 209 10 10
200 217 10 10
201 217 10 10
201 218 10 10
222 220 11 11
222 221 11 11
223 221 11 11
223 220 11 11
224 223 11 11
224 221 11 11
225 224 11 11
225 222 11 11
226 224 11 11
226 223 11 11
227 220 11 11
227 221 11 11
228 223 11 11
228 227 11 11
229 225 11 11
229 220 11 11
230 228 11 11
230 224 11 11
231 222 11 11
231 226 11 11
232 220 11 11
232 226 11 11
233 220 11 11
233 229 11 11
234 229 11 11
234 228 11 11
235 229 11 11
235 226 11 11
236 220 11 11
236 225 11 11
237 224 11 11
237 235 11 11
238 222 11 11
238 220 11 11
239 236 11 11
239 237 11 11
220 239 11 11
220 235 11 11
221 230 11 11
221 231 11 11
242 240 12 12
242 241 12 12
243 242 12 12
243 240 12 12
244 240 12 12
244 243 12 12
245 241 12 12
245 244 12 12
246 240 12 12
246 242 12 12
247 240 12 12
247 244 12 12
248 243 12 12
248 244 12 12
249 241 12 12
249 244 12 12
250 246 12 12
250 242 12 12
251 243 12 12
251 242 12 12
252 245 12 12
252 241 12 12
253 240 12 12
253 244 12 12
254 241 12 12
254 253 12 12
255 251 12 12
255 246 12 12
256 240 12 12
256 253 12 12
257 241 12 12
257 245 12 12
258 256 12 12
258 243 12 12
259 253 12 12
259 244 12 12
240 251 12 12
240 255 12 12
241 259 12 12
241 258 12 12
262 261 13 13
262 260 13 13
263 261 13 13
263 262 13 13
264 260 13 13
264 262 13 13
265 261 13 13
265 263 13 13
266 263 13 13
266 265 13 13
267 261 13 13
267 262 13 13
268 262 13 13
268 261 13 13
269 260 13 13
269 263 13 13
270 261 13 13
270 269 13 13
271 270 13 13
271 267 13 13
272 269 13 13
272 262 13 13
273 265 13 13
273 262 13 13
274 272 13 13
274 271 13 13
275 262 13 13
275 273 13 13
276 270 13 13
276 269 13 13
277 266 13 13
277 267 13 13
278 274 13 13
278 264 13 13
279 261 13 13
279 263 13 13
260 279 13 13
260 275 13 13
261 277 13 13
261 269 13 13
282 281 14 14
282 280 14 14
283 282 14 14
283 281 14 14
284 283 14 14
284 281 14 14
285 280 14 14
285 283 14 14
286 282 14 14
286 283 14 14
287 280 14 14
287 283 14 14
288 284 14 14
288 285 14 14
289 284 14 14
289 286 14 14
290 285 14 14
290 281 14 14
291 285 14 14
291 288 14 14
292 283 14 14
292 288 14 14
293 288 14 14
293 281 14 14
294 287 14 14
294 283 14 14
295 285 14 14
295 284 14 14
296 281 14 14
296 284 14 14
297 291 14 14
297 286 14 14
298 286 14 14
298 283 14 14
299 285 14 14
299 283 14 14
280 293 14 14
280 283 14 14
281 289 14 14
281 288 14 14
302 301 15 15
302 300 15 15
303 300 15 15
303 301 15 15
304 300 15 15
304 303 15 15
305 303 15 15
305 301 15 15
306 300 15 15
306 303 15 15
307 304 15 15
307 306 15 15
308 306 15 15
308 307 15 15
309 305 15 15
309 303 15 15
310 305 15 15
310 302 15 15
311 309 15 15
311 303 15 15
312 303 15 15
312 306 15 15
313 301 15 15
313 310 15 15
314 300 15 15
314 302 15 15
315 305 15 15
315 300 15 15
316 306 15 15
316 310 15 15
317 307 15 15
317 306 15 15
318 314 15 15
318 311 15 15
319 307 15 15
319 301 15 15
300 312 15 15
300 309 15 15
301 317 15 15
301 308 15 15
45 26 2 1
42 4 2 0
72 57 3 2
65 33 3 1
84 6 4 0
96 55 4 2
110 66 5 3
100 38 5 1
134 42 6 2
124 62 6 3
157 21 7 1
154 79 7 3
168 40 8 2
175 133 8 6
183 167 9 8
195 150 9 7
209 71 10 3
210 30 10 1
238 79 11 3
234 33 11 1
241 177 12 8
244 70 12 3
277 179 13 8
269 253 13 12
297 217 14 10
296 190 14 9
305 283 15 14
300 89 15 4
14 319 0 15
17 110 0 5
30 193 1 9
24 291 1 14
