swNum = 320
edgeNum = 672

0 0
1 0
2 0
3 0
4 0
5 0
6 0
7 0
8 0
9 0
10 0
11 0
12 0
13 0
14 0
15 0
16 0
17 0
18 0
19 0
20 1
21 1
22 1
23 1
24 1
25 1
26 1
27 1
28 1
29 1
30 1
31 1
32 1
33 1
34 1
35 1
36 1
37 1
38 1
39 1
40 2
41 2
42 2
43 2
44 2
45 2
46 2
47 2
48 2
49 2
50 2
51 2
52 2
53 2
54 2
55 2
56 2
57 2
58 2
59 2
60 3
61 3
62 3
63 3
64 3
65 3
66 3
67 3
68 3
69 3
70 3
71 3
72 3
73 3
74 3
75 3
76 3
77 3
78 3
79 3
80 4
81 4
82 4
83 4
84 4
85 4
86 4
87 4
88 4
89 4
90 4
91 4
92 4
93 4
94 4
95 4
96 4
97 4
98 4
99 4
100 5
101 5
102 5
103 5
104 5
105 5
106 5
107 5
108 5
109 5
110 5
111 5
112 5
113 5
114 5
115 5
116 5
117 5
118 5
119 5
120 6
121 6
122 6
123 6
124 6
125 6
126 6
127 6
128 6
129 6
130 6
131 6
132 6
133 6
134 6
135 6
136 6
137 6
138 6
139 6
140 7
141 7
142 7
143 7
144 7
145 7
146 7
147 7
148 7
149 7
150 7
151 7
152 7
153 7
154 7
155 7
156 7
157 7
158 7
159 7
160 8
161 8
162 8
163 8
164 8
165 8
166 8
167 8
168 8
169 8
170 8
171 8
172 8
173 8
174 8
175 8
176 8
177 8
178 8
179 8
180 9
181 9
182 9
183 9
184 9
185 9
186 9
187 9
188 9
189 9
190 9
191 9
192 9
193 9
194 9
195 9
196 9
197 9
198 9
199 9
200 10
201 10
202 10
203 10
204 10
205 10
206 10
207 10
208 10
209 10
210 10
211 10
212 10
213 10
214 10
215 10
216 10
217 10
218 10
219 10
220 11
221 11
222 11
223 11
224 11
225 11
226 11
227 11
228 11
229 11
230 11
231 11
232 11
233 11
234 11
235 11
236 11
237 11
238 11
239 11
240 12
241 12
242 12
243 12
244 12
245 12
246 12
247 12
248 12
249 12
250 12
251 12
252 12
253 12
254 12
255 12
256 12
257 12
258 12
259 12
260 13
261 13
262 13
263 13
264 13
265 13
266 13
267 13
268 13
269 13
270 13
271 13
272 13
273 13
274 13
275 13
276 13
277 13
278 13
279 13
280 14
281 14
282 14
283 14
284 14
285 14
286 14
287 14
288 14
289 14
290 14
291 14
292 14
293 14
294 14
295 14
296 14
297 14
298 14
299 14
300 15
301 15
302 15
303 15
304 15
305 15
306 15
307 15
308 15
309 15
310 15
311 15
312 15
313 15
314 15
315 15
316 15
317 15
318 15
319 15

2 0 0 0
2 1 0 0
3 0 0 0
3 1 0 0
4 3 0 0
4 2 0 0
5 3 0 0
5 2 0 0
6 4 0 0
6 2 0 0
7 0 0 0
7 5 0 0
8 2 0 0
8 6 0 0
9 4 0 0
9 1 0 0
10 9 0 0
10 5 0 0
11 7 0 0
11 6 0 0
12 3 0 0
12 7 0 0
13 11 0 0
13 2 0 0
14 13 0 0
14 3 0 0
15 13 0 0
15 0 0 0
16 15 0 0
16 11 0 0
17 11 0 0
17 10 0 0
18 17 0 0
18 9 0 0
19 14 0 0
19 4 0 0
0 17 0 0
0 19 0 0
1 15 0 0
1 19 0 0
22 20 1 1
22 21 1 1
23 21 1 1
23 22 1 1
24 22 1 1
24 20 1 1
25 24 1 1
25 20 1 1
26 23 1 1
26 25 1 1
27 20 1 1
27 23 1 1
28 22 1 1
28 24 1 1
29 21 1 1
29 27 1 1
30 23 1 1
30 29 1 1
31 20 1 1
31 26 1 1
32 21 1 1
32 29 1 1
33 29 1 1
33 31 1 1
34 20 1 1
34 31 1 1
35 20 1 1
35 31 1 1
36 29 1 1
36 26 1 1
37 28 1 1
37 33 1 1
38 21 1 1
38 27 1 1
39 38 1 1
39 36 1 1
20 28 1 1
20 26 1 1
21 24 1 1
21 30 1 1
42 40 2 2
42 41 2 2
43 40 2 2
43 42 2 2
44 40 2 2
44 42 2 2
45 44 2 2
45 43 2 2
46 45 2 2
46 44 2 2
47 43 2 2
47 45 2 2
48 47 2 2
48 44 2 2
49 40 2 2
49 41 2 2
50 48 2 2
50 45 2 2
51 50 2 2
51 47 2 2
52 48 2 2
52 41 2 2
53 45 2 2
53 47 2 2
54 41 2 2
54 44 2 2
55 42 2 2
55 47 2 2
56 52 2 2
56 42 2 2
57 51 2 2
57 45 2 2
58 46 2 2
58 49 2 2
59 54 2 2
59 41 2 2
40 47 2 2
40 57 2 2
41 56 2 2
41 58 2 2
62 61 3 3
62 60 3 3
63 60 3 3
63 61 3 3
64 63 3 3
64 61 3 3
65 60 3 3
65 63 3 3
66 62 3 3
66 60 3 3
67 65 3 3
67 66 3 3
68 62 3 3
68 66 3 3
69 68 3 3
69 60 3 3
70 66 3 3
70 60 3 3
71 65 3 3
71 64 3 3
72 68 3 3
72 61 3 3
73 70 3 3
73 72 3 3
74 60 3 3
74 66 3 3
75 68 3 3
75 70 3 3
76 67 3 3
76 73 3 3
77 61 3 3
77 71 3 3
78 76 3 3
78 66 3 3
79 66 3 3
79 70 3 3
60 77 3 3
60 72 3 3
61 70 3 3
61 75 3 3
82 81 4 4
82 80 4 4
83 82 4 4
83 80 4 4
84 80 4 4
84 83 4 4
85 82 4 4
85 84 4 4
86 82 4 4
86 81 4 4
87 82 4 4
87 85 4 4
88 83 4 4
88 85 4 4
89 80 4 4
89 84 4 4
90 85 4 4
90 87 4 4
91 84 4 4
91 81 4 4
92 83 4 4
92 85 4 4
93 82 4 4
93 83 4 4
94 82 4 4
94 85 4 4
95 94 4 4
95 93 4 4
96 86 4 4
96 93 4 4
97 83 4 4
97 92 4 4
98 85 4 4
98 92 4 4
99 86 4 4
99 95 4 4
80 90 4 4
80 94 4 4
81 99 4 4
81 85 4 4
102 100 5 5
102 101 5 5
103 102 5 5
103 101 5 5
104 101 5 5
104 103 5 5
105 104 5 5
105 101 5 5
106 101 5 5
106 105 5 5
107 103 5 5
107 102 5 5
108 101 5 5
108 107 5 5
109 101 5 5
109 102 5 5
110 105 5 5
110 102 5 5
111 104 5 5
111 107 5 5
112 111 5 5
112 110 5 5
113 105 5 5
113 112 5 5
114 112 5 5
114 108 5 5
115 112 5 5
115 103 5 5
116 105 5 5
116 114 5 5
117 100 5 5
117 112 5 5
118 115 5 5
118 114 5 5
119 104 5 5
119 105 5 5
100 109 5 5
100 106 5 5
101 110 5 5
101 117 5 5
122 120 6 6
122 121 6 6
123 121 6 6
123 120 6 6
124 122 6 6
124 120 6 6
125 120 6 6
125 121 6 6
126 121 6 6
126 125 6 6
127 125 6 6
127 122 6 6
128 125 6 6
128 123 6 6
129 120 6 6
129 124 6 6
130 128 6 6
130 126 6 6
131 130 6 6
131 121 6 6
132 129 6 6
132 120 6 6
133 127 6 6
133 126 6 6
134 133 6 6
134 131 6 6
135 125 6 6
135 130 6 6
136 133 6 6
136 123 6 6
137 123 6 6
137 126 6 6
138 132 6 6
138 122 6 6
139 134 6 6
139 125 6 6
120 139 6 6
120 138 6 6
121 132 6 6
121 139 6 6
142 140 7 7
142 141 7 7
143 142 7 7
143 140 7 7
144 142 7 7
144 143 7 7
145 144 7 7
145 143 7 7
146 143 7 7
146 145 7 7
147 146 7 7
147 142 7 7
148 143 7 7
148 144 7 7
149 148 7 7
149 146 7 7
150 140 7 7
150 147 7 7
151 150 7 7
151 149 7 7
152 150 7 7
152 151 7 7
153 141 7 7
153 142 7 7
154 141 7 7
154 144 7 7
155 154 7 7
155 141 7 7
156 145 7 7
156 151 7 7
157 148 7 7
157 152 7 7
158 157 7 7
158 142 7 7
159 145 7 7
159 148 7 7
140 155 7 7
140 153 7 7
141 159 7 7
141 156 7 7
162 161 8 8
162 160 8 8
163 160 8 8
163 161 8 8
164 162 8 8
164 161 8 8
165 164 8 8
165 160 8 8
166 160 8 8
166 165 8 8
167 166 8 8
167 163 8 8
168 161 8 8
168 163 8 8
169 162 8 8
169 166 8 8
170 162 8 8
170 169 8 8
171 165 8 8
171 160 8 8
172 169 8 8
172 170 8 8
173 163 8 8
173 165 8 8
174 171 8 8
174 160 8 8
175 173 8 8
175 171 8 8
176 163 8 8
176 161 8 8
177 165 8 8
177 173 8 8
178 170 8 8
178 160 8 8
179 175 8 8
179 166 8 8
160 176 8 8
160 175 8 8
161 178 8 8
161 171 8 8
182 180 9 9
182 181 9 9
183 181 9 9
183 180 9 9
184 180 9 9
184 182 9 9
185 180 9 9
185 183 9 9
186 183 9 9
186 181 9 9
187 186 9 9
187 184 9 9
188 184 9 9
188 182 9 9
189 186 9 9
189 182 9 9
190 182 9 9
190 184 9 9
191 186 9 9
191 187 9 9
192 186 9 9
192 180 9 9
193 183 9 9
193 189 9 9
194 187 9 9
194 181 9 9
195 181 9 9
195 180 9 9
196 192 9 9
196 182 9 9
197 196 9 9
197 186 9 9
198 182 9 9
198 180 9 9
199 198 9 9
199 191 9 9
180 194 9 9
180 187 9 9
181 196 9 9
181 185 9 9
202 201 10 10
202 200 10 10
203 202 10 10
203 201 10 10
204 203 10 10
204 202 10 10
205 200 10 10
205 203 10 10
206 200 10 10
206 201 10 10
207 206 10 10
207 202 10 10
208 205 10 10
208 201 10 10
209 205 10 10
209 208 10 10
210 206 10 10
210 200 10 10
211 202 10 10
211 208 10 10
212 206 10 10
212 207 10 10
213 201 10 10
213 209 10 10
214 203 10 10
214 201 10 10
215 213 10 10
215 202 10 10
216 209 10 10
216 211 10 10
217 213 10 10
217 204 10 10
218 201 10 10
218 214 10 10
219 205 10 10
219 200 10 10
200 213 10 10
200 217 10 10
201 217 10 10
201 204 10 10
222 220 11 11
222 221 11 11
223 222 11 11
223 221 11 11
224 223 11 11
224 222 11 11
225 221 11 11
225 222 11 11
226 223 11 11
226 221 11 11
227 224 11 11
227 220 11 11
228 224 11 11
228 222 11 11
229 227 11 11
229 224 11 11
230 224 11 11
230 220 11 11
231 229 11 11
231 224 11 11
232 228 11 11
232 224 11 11
233 229 11 11
233 230 11 11
234 230 11 11
234 220 11 11
235 230 11 11
235 222 11 11
236 221 11 11
236 233 11 11
237 223 11 11
237 221 11 11
238 221 11 11
238 236 11 11
239 234 11 11
239 231 11 11
220 236 11 11
220 237 11 11
221 234 11 11
221 224 11 11
242 240 12 12
242 241 12 12
243 242 12 12
243 241 12 12
244 241 12 12
244 240 12 12
245 240 12 12
245 241 12 12
246 244 12 12
246 242 12 12
247 241 12 12
247 246 12 12
248 245 12 12
248 240 12 12
249 246 12 12
249 241 12 12
250 242 12 12
250 243 12 12
251 244 12 12
251 247 12 12
252 244 12 12
252 243 12 12
253 240 12 12
253 248 12 12
254 241 12 12
254 245 12 12
255 246 12 12
255 247 12 12
256 241 12 12
256 243 12 12
257 254 12 12
257 242 12 12
258 241 12 12
258 242 12 12
259 244 12 12
259 255 12 12
240 250 12 12
240 247 12 12
241 253 12 12
241 259 12 12
262 261 13 13
262 260 13 13
263 260 13 13
263 261 13 13
264 263 13 13
264 260 13 13
265 261 13 13
265 263 13 13
266 265 13 13
266 262 13 13
267 266 13 13
267 263 13 13
268 267 13 13
268 260 13 13
269 265 13 13
269 268 13 13
270 266 13 13
270 269 13 13
271 268 13 13
271 263 13 13
272 269 13 13
272 264 13 13
273 271 13 13
273 265 13 13
274 273 13 13
274 268 13 13
275 269 13 13
275 270 13 13
276 272 13 13
276 274 13 13
277 262 13 13
277 273 13 13
278 269 13 13
278 265 13 13
279 269 13 13
279 267 13 13
260 273 13 13
260 278 13 13
261 273 13 13
261 270 13 13
282 280 14 14
282 281 14 14
283 280 14 14
283 282 14 14
284 282 14 14
284 283 14 14
285 284 14 14
285 280 14 14
286 280 14 14
286 283 14 14
287 281 14 14
287 285 14 14
288 287 14 14
288 280 14 14
289 284 14 14
289 287 14 14
290 285 14 14
290 288 14 14
291 284 14 14
291 285 14 14
292 288 14 14
292 287 14 14
293 286 14 14
293 283 14 14
294 289 14 14
294 282 14 14
295 286 14 14
295 294 14 14
296 287 14 14
296 290 14 14
297 283 14 14
297 292 14 14
298 290 14 14
298 291 14 14
299 281 14 14
299 288 14 14
280 299 14 14
280 287 14 14
281 298 14 14
281 288 14 14
302 300 15 15
302 301 15 15
303 301 15 15
303 300 15 15
304 301 15 15
304 303 15 15
305 304 15 15
305 300 15 15
306 302 15 15
306 300 15 15
307 304 15 15
307 306 15 15
308 306 15 15
308 304 15 15
309 308 15 15
309 306 15 15
310 306 15 15
310 308 15 15
311 300 15 15
311 303 15 15
312 311 15 15
312 303 15 15
313 305 15 15
313 302 15 15
314 312 15 15
314 309 15 15
315 306 15 15
315 312 15 15
316 309 15 15
316 308 15 15
317 310 15 15
317 300 15 15
318 311 15 15
318 312 15 15
319 301 15 15
319 315 15 15
300 308 15 15
300 319 15 15
301 307 15 15
301 309 15 15
44 25 2 1
48 9 2 0
78 8 3 0
62 22 3 1
90 29 4 1
91 72 4 3
105 40 5 2
111 34 5 1
131 87 6 4
129 64 6 3
149 108 7 5
156 80 7 4
165 60 8 3
174 5 8 0
188 93 9 4
185 126 9 6
208 126 10 6
210 196 10 9
221 148 11 7
234 190 11 9
255 31 12 1
258 162 12 8
277 159 13 7
278 220 13 11
289 165 14 8
290 279 14 13
316 225 15 11
317 48 15 2
2 277 0 13
4 256 0 12
35 237 1 11
20 268 1 13
