swNum = 320
edgeNum = 672

0 0
1 0
2 0
3 0
4 0
5 0
6 0
7 0
8 0
9 0
10 0
11 0
12 0
13 0
14 0
15 0
16 0
17 0
18 0
19 0
20 1
21 1
22 1
23 1
24 1
25 1
26 1
27 1
28 1
29 1
30 1
31 1
32 1
33 1
34 1
35 1
36 1
37 1
38 1
39 1
40 2
41 2
42 2
43 2
44 2
45 2
46 2
47 2
48 2
49 2
50 2
51 2
52 2
53 2
54 2
55 2
56 2
57 2
58 2
59 2
60 3
61 3
62 3
63 3
64 3
65 3
66 3
67 3
68 3
69 3
70 3
71 3
72 3
73 3
74 3
75 3
76 3
77 3
78 3
79 3
80 4
81 4
82 4
83 4
84 4
85 4
86 4
87 4
88 4
89 4
90 4
91 4
92 4
93 4
94 4
95 4
96 4
97 4
98 4
99 4
100 5
101 5
102 5
103 5
104 5
105 5
106 5
107 5
108 5
109 5
110 5
111 5
112 5
113 5
114 5
115 5
116 5
117 5
118 5
119 5
120 6
121 6
122 6
123 6
124 6
125 6
126 6
127 6
128 6
129 6
130 6
131 6
132 6
133 6
134 6
135 6
136 6
137 6
138 6
139 6
140 7
141 7
142 7
143 7
144 7
145 7
146 7
147 7
148 7
149 7
150 7
151 7
152 7
153 7
154 7
155 7
156 7
157 7
158 7
159 7
160 8
161 8
162 8
163 8
164 8
165 8
166 8
167 8
168 8
169 8
170 8
171 8
172 8
173 8
174 8
175 8
176 8
177 8
178 8
179 8
180 9
181 9
182 9
183 9
184 9
185 9
186 9
187 9
188 9
189 9
190 9
191 9
192 9
193 9
194 9
195 9
196 9
197 9
198 9
199 9
200 10
201 10
202 10
203 10
204 10
205 10
206 10
207 10
208 10
209 10
210 10
211 10
212 10
213 10
214 10
215 10
216 10
217 10
218 10
219 10
220 11
221 11
222 11
223 11
224 11
225 11
226 11
227 11
228 11
229 11
230 11
231 11
232 11
233 11
234 11
235 11
236 11
237 11
238 11
239 11
240 12
241 12
242 12
243 12
244 12
245 12
246 12
247 12
248 12
249 12
250 12
251 12
252 12
253 12
254 12
255 12
256 12
257 12
258 12
259 12
260 13
261 13
262 13
263 13
264 13
265 13
266 13
267 13
268 13
269 13
270 13
271 13
272 13
273 13
274 13
275 13
276 13
277 13
278 13
279 13
280 14
281 14
282 14
283 14
284 14
285 14
286 14
287 14
288 14
289 14
290 14
291 14
292 14
293 14
294 14
295 14
296 14
297 14
298 14
299 14
300 15
301 15
302 15
303 15
304 15
305 15
306 15
307 15
308 15
309 15
310 15
311 15
312 15
313 15
314 15
315 15
316 15
317 15
318 15
319 15

2 0 0 0
2 1 0 0
3 2 0 0
3 1 0 0
4 0 0 0
4 2 0 0
5 3 0 0
5 2 0 0
6 3 0 0
6 1 0 0
7 0 0 0
7 1 0 0
8 6 0 0
8 7 0 0
9 3 0 0
9 1 0 0
10 5 0 0
10 3 0 0
11 3 0 0
11 8 0 0
12 4 0 0
12 5 0 0
13 10 0 0
13 5 0 0
14 5 0 0
14 4 0 0
15 1 0 0
15 9 0 0
16 12 0 0
16 14 0 0
17 15 0 0
17 4 0 0
18 16 0 0
18 12 0 0
19 1 0 0
19 4 0 0
0 5 0 0
0 10 0 0
1 18 0 0
1 4 0 0
22 21 1 1
22 20 1 1
23 22 1 1
23 20 1 1
24 20 1 1
24 22 1 1
25 24 1 1
25 23 1 1
26 20 1 1
26 22 1 1
27 24 1 1
27 20 1 1
28 26 1 1
28 21 1 1
29 22 1 1
29 25 1 1
30 26 1 1
30 23 1 1
31 20 1 1
31 24 1 1
32 23 1 1
32 24 1 1
33 24 1 1
33 23 1 1
34 30 1 1
34 28 1 1
35 21 1 1
35 28 1 1
36 30 1 1
36 26 1 1
37 31 1 1
37 25 1 1
38 22 1 1
38 34 1 1
39 27 1 1
39 25 1 1
20 37 1 1
20 29 1 1
21 31 1 1
21 34 1 1
42 40 2 2
42 41 2 2
43 40 2 2
43 41 2 2
44 42 2 2
44 43 2 2
45 44 2 2
45 41 2 2
46 40 2 2
46 45 2 2
47 42 2 2
47 43 2 2
48 42 2 2
48 40 2 2
49 42 2 2
49 47 2 2
50 43 2 2
50 40 2 2
51 49 2 2
51 43 2 2
52 50 2 2
52 47 2 2
53 46 2 2
53 52 2 2
54 47 2 2
54 40 2 2
55 52 2 2
55 46 2 2
56 52 2 2
56 50 2 2
57 50 2 2
57 43 2 2
58 43 2 2
58 56 2 2
59 57 2 2
59 50 2 2
40 52 2 2
40 53 2 2
41 46 2 2
41 51 2 2
62 60 3 3
62 61 3 3
63 62 3 3
63 61 3 3
64 60 3 3
64 61 3 3
65 63 3 3
65 64 3 3
66 63 3 3
66 64 3 3
67 65 3 3
67 63 3 3
68 66 3 3
68 63 3 3
69 64 3 3
69 66 3 3
70 66 3 3
70 64 3 3
71 60 3 3
71 61 3 3
72 67 3 3
72 62 3 3
73 72 3 3
73 64 3 3
74 73 3 3
74 71 3 3
75 63 3 3
75 67 3 3
76 62 3 3
76 67 3 3
77 66 3 3
77 70 3 3
78 74 3 3
78 77 3 3
79 76 3 3
79 62 3 3
60 70 3 3
60 65 3 3
61 69 3 3
61 66 3 3
82 80 4 4
82 81 4 4
83 81 4 4
83 82 4 4
84 82 4 4
84 81 4 4
85 83 4 4
85 82 4 4
86 85 4 4
86 84 4 4
87 82 4 4
87 83 4 4
88 81 4 4
88 84 4 4
89 80 4 4
89 83 4 4
90 84 4 4
90 81 4 4
91 87 4 4
91 82 4 4
92 89 4 4
92 86 4 4
93 82 4 4
93 89 4 4
94 82 4 4
94 83 4 4
95 86 4 4
95 87 4 4
96 95 4 4
96 84 4 4
97 84 4 4
97 88 4 4
98 82 4 4
98 89 4 4
99 90 4 4
99 94 4 4
80 97 4 4
80 95 4 4
81 99 4 4
81 97 4 4
102 101 5 5
102 100 5 5
103 102 5 5
103 101 5 5
104 101 5 5
104 100 5 5
105 104 5 5
105 101 5 5
106 101 5 5
106 100 5 5
107 104 5 5
107 105 5 5
108 103 5 5
108 102 5 5
109 108 5 5
109 102 5 5
110 104 5 5
110 103 5 5
111 109 5 5
111 101 5 5
112 100 5 5
112 109 5 5
113 107 5 5
113 103 5 5
114 102 5 5
114 106 5 5
115 112 5 5
115 107 5 5
116 109 5 5
116 106 5 5
117 107 5 5
117 106 5 5
118 110 5 5
118 116 5 5
119 110 5 5
119 109 5 5
100 111 5 5
100 105 5 5
101 114 5 5
101 113 5 5
122 121 6 6
122 120 6 6
123 122 6 6
123 121 6 6
124 122 6 6
124 123 6 6
125 123 6 6
125 121 6 6
126 120 6 6
126 122 6 6
127 120 6 6
127 126 6 6
128 125 6 6
128 122 6 6
129 126 6 6
129 127 6 6
130 127 6 6
130 120 6 6
131 126 6 6
131 127 6 6
132 122 6 6
132 121 6 6
133 131 6 6
133 120 6 6
134 122 6 6
134 120 6 6
135 121 6 6
135 132 6 6
136 126 6 6
136 121 6 6
137 127 6 6
137 133 6 6
138 134 6 6
138 121 6 6
139 130 6 6
139 135 6 6
120 136 6 6
120 129 6 6
121 128 6 6
121 126 6 6
142 140 7 7
142 141 7 7
143 141 7 7
143 142 7 7
144 141 7 7
144 143 7 7
145 144 7 7
145 140 7 7
146 140 7 7
146 145 7 7
147 146 7 7
147 144 7 7
148 145 7 7
148 143 7 7
149 141 7 7
149 147 7 7
150 144 7 7
150 141 7 7
151 143 7 7
151 147 7 7
152 144 7 7
152 141 7 7
153 144 7 7
153 140 7 7
154 141 7 7
154 144 7 7
155 154 7 7
155 153 7 7
156 143 7 7
156 152 7 7
157 153 7 7
157 141 7 7
158 148 7 7
158 157 7 7
159 155 7 7
159 142 7 7
140 158 7 7
140 150 7 7
141 145 7 7
141 147 7 7
162 161 8 8
162 160 8 8
163 161 8 8
163 162 8 8
164 162 8 8
164 161 8 8
165 163 8 8
165 161 8 8
166 163 8 8
166 165 8 8
167 161 8 8
167 164 8 8
168 163 8 8
168 166 8 8
169 160 8 8
169 167 8 8
170 166 8 8
170 165 8 8
171 166 8 8
171 165 8 8
172 161 8 8
172 167 8 8
173 160 8 8
173 171 8 8
174 170 8 8
174 165 8 8
175 170 8 8
175 161 8 8
176 175 8 8
176 166 8 8
177 166 8 8
177 171 8 8
178 161 8 8
178 160 8 8
179 162 8 8
179 178 8 8
160 165 8 8
160 167 8 8
161 169 8 8
161 171 8 8
182 181 9 9
182 180 9 9
183 180 9 9
183 181 9 9
184 181 9 9
184 180 9 9
185 183 9 9
185 182 9 9
186 185 9 9
186 183 9 9
187 183 9 9
187 180 9 9
188 187 9 9
188 184 9 9
189 184 9 9
189 181 9 9
190 188 9 9
190 184 9 9
191 186 9 9
191 185 9 9
192 190 9 9
192 189 9 9
193 188 9 9
193 181 9 9
194 190 9 9
194 189 9 9
195 184 9 9
195 182 9 9
196 189 9 9
196 192 9 9
197 194 9 9
197 184 9 9
198 184 9 9
198 193 9 9
199 184 9 9
199 190 9 9
180 188 9 9
180 199 9 9
181 186 9 9
181 196 9 9
202 201 10 10
202 200 10 10
203 202 10 10
203 200 10 10
204 201 10 10
204 200 10 10
205 200 10 10
205 202 10 10
206 200 10 10
206 204 10 10
207 205 10 10
207 204 10 10
208 203 10 10
208 206 10 10
209 203 10 10
209 206 10 10
210 205 10 10
210 209 10 10
211 209 10 10
211 208 10 10
212 202 10 10
212 205 10 10
213 211 10 10
213 206 10 10
214 210 10 10
214 211 10 10
215 201 10 10
215 203 10 10
216 208 10 10
216 205 10 10
217 205 10 10
217 202 10 10
218 206 10 10
218 202 10 10
219 215 10 10
219 211 10 10
200 216 10 10
200 215 10 10
201 207 10 10
201 216 10 10
222 221 11 11
222 220 11 11
223 220 11 11
223 221 11 11
224 222 11 11
224 221 11 11
225 221 11 11
225 223 11 11
226 225 11 11
226 223 11 11
227 225 11 11
227 220 11 11
228 223 11 11
228 222 11 11
229 220 11 11
229 222 11 11
230 226 11 11
230 222 11 11
231 224 11 11
231 222 11 11
232 221 11 11
232 231 11 11
233 226 11 11
233 225 11 11
234 227 11 11
234 223 11 11
235 232 11 11
235 228 11 11
236 231 11 11
236 233 11 11
237 223 11 11
237 221 11 11
238 223 11 11
238 232 11 11
239 226 11 11
239 227 11 11
220 233 11 11
220 238 11 11
221 227 11 11
221 229 11 11
242 240 12 12
242 241 12 12
243 240 12 12
243 241 12 12
244 243 12 12
244 241 12 12
245 241 12 12
245 243 12 12
246 245 12 12
246 243 12 12
247 246 12 12
247 245 12 12
248 243 12 12
248 242 12 12
249 248 12 12
249 243 12 12
250 248 12 12
250 244 12 12
251 247 12 12
251 250 12 12
252 248 12 12
252 249 12 12
253 244 12 12
253 246 12 12
254 241 12 12
254 246 12 12
255 243 12 12
255 245 12 12
256 245 12 12
256 255 12 12
257 240 12 12
257 252 12 12
258 246 12 12
258 255 12 12
259 255 12 12
259 251 12 12
240 258 12 12
240 259 12 12
241 248 12 12
241 255 12 12
262 261 13 13
262 260 13 13
263 260 13 13
263 261 13 13
264 263 13 13
264 261 13 13
265 263 13 13
265 260 13 13
266 264 13 13
266 265 13 13
267 262 13 13
267 265 13 13
268 263 13 13
268 267 13 13
269 265 13 13
269 262 13 13
270 266 13 13
270 265 13 13
271 262 13 13
271 261 13 13
272 263 13 13
272 265 13 13
273 271 13 13
273 262 13 13
274 268 13 13
274 269 13 13
275 262 13 13
275 265 13 13
276 267 13 13
276 274 13 13
277 272 13 13
277 268 13 13
278 273 13 13
278 266 13 13
279 264 13 13
279 277 13 13
260 273 13 13
260 264 13 13
261 265 13 13
261 279 13 13
282 281 14 14
282 280 14 14
283 282 14 14
283 280 14 14
284 280 14 14
284 283 14 14
285 283 14 14
285 281 14 14
286 285 14 14
286 280 14 14
287 282 14 14
287 281 14 14
288 287 14 14
288 285 14 14
289 281 14 14
289 280 14 14
290 282 14 14
290 289 14 14
291 280 14 14
291 287 14 14
292 286 14 14
292 280 14 14
293 288 14 14
293 292 14 14
294 284 14 14
294 290 14 14
295 283 14 14
295 285 14 14
296 291 14 14
296 289 14 14
297 284 14 14
297 294 14 14
298 285 14 14
298 289 14 14
299 297 14 14
299 283 14 14
280 290 14 14
280 296 14 14
281 292 14 14
281 299 14 14
302 301 15 15
302 300 15 15
303 300 15 15
303 301 15 15
304 303 15 15
304 301 15 15
305 304 15 15
305 301 15 15
306 304 15 15
306 302 15 15
307 301 15 15
307 302 15 15
308 300 15 15
308 306 15 15
309 300 15 15
309 303 15 15
310 309 15 15
310 301 15 15
311 306 15 15
311 310 15 15
312 304 15 15
312 310 15 15
313 309 15 15
313 307 15 15
314 312 15 15
314 303 15 15
315 312 15 15
315 308 15 15
316 315 15 15
316 300 15 15
317 315 15 15
317 313 15 15
318 304 15 15
318 300 15 15
319 318 15 15
319 310 15 15
300 313 15 15
300 306 15 15
301 315 15 15
301 318 15 15
56 33 2 1
54 19 2 0
68 47 3 2
66 28 3 1
80 79 4 3
89 48 4 2
103 47 5 2
113 99 5 4
136 100 6 5
135 27 6 1
154 80 7 4
146 126 7 6
170 91 8 4
161 67 8 3
197 152 9 7
199 81 9 4
208 190 10 9
207 175 10 8
234 131 11 6
239 73 11 3
245 63 12 3
256 99 12 4
264 221 13 11
265 123 13 6
288 256 14 12
289 84 14 4
301 54 15 2
302 218 15 10
11 170 0 8
10 76 0 3
32 233 1 11
34 110 1 5
