swNum = 320
edgeNum = 672

0 0
1 0
2 0
3 0
4 0
5 0
6 0
7 0
8 0
9 0
10 0
11 0
12 0
13 0
14 0
15 0
16 0
17 0
18 0
19 0
20 1
21 1
22 1
23 1
24 1
25 1
26 1
27 1
28 1
29 1
30 1
31 1
32 1
33 1
34 1
35 1
36 1
37 1
38 1
39 1
40 2
41 2
42 2
43 2
44 2
45 2
46 2
47 2
48 2
49 2
50 2
51 2
52 2
53 2
54 2
55 2
56 2
57 2
58 2
59 2
60 3
61 3
62 3
63 3
64 3
65 3
66 3
67 3
68 3
69 3
70 3
71 3
72 3
73 3
74 3
75 3
76 3
77 3
78 3
79 3
80 4
81 4
82 4
83 4
84 4
85 4
86 4
87 4
88 4
89 4
90 4
91 4
92 4
93 4
94 4
95 4
96 4
97 4
98 4
99 4
100 5
101 5
102 5
103 5
104 5
105 5
106 5
107 5
108 5
109 5
110 5
111 5
112 5
113 5
114 5
115 5
116 5
117 5
118 5
119 5
120 6
121 6
122 6
123 6
124 6
125 6
126 6
127 6
128 6
129 6
130 6
131 6
132 6
133 6
134 6
135 6
136 6
137 6
138 6
139 6
140 7
141 7
142 7
143 7
144 7
145 7
146 7
147 7
148 7
149 7
150 7
151 7
152 7
153 7
154 7
155 7
156 7
157 7
158 7
159 7
160 8
161 8
162 8
163 8
164 8
165 8
166 8
167 8
168 8
169 8
170 8
171 8
172 8
173 8
174 8
175 8
176 8
177 8
178 8
179 8
180 9
181 9
182 9
183 9
184 9
185 9
186 9
187 9
188 9
189 9
190 9
191 9
192 9
193 9
194 9
195 9
196 9
197 9
198 9
199 9
200 10
201 10
202 10
203 10
204 10
205 10
206 10
207 10
208 10
209 10
210 10
211 10
212 10
213 10
214 10
215 10
216 10
217 10
218 10
219 10
220 11
221 11
222 11
223 11
224 11
225 11
226 11
227 11
228 11
229 11
230 11
231 11
232 11
233 11
234 11
235 11
236 11
237 11
238 11
239 11
240 12
241 12
242 12
243 12
244 12
245 12
246 12
247 12
248 12
249 12
250 12
251 12
252 12
253 12
254 12
255 12
256 12
257 12
258 12
259 12
260 13
261 13
262 13
263 13
264 13
265 13
266 13
267 13
268 13
269 13
270 13
271 13
272 13
273 13
274 13
275 13
276 13
277 13
278 13
279 13
280 14
281 14
282 14
283 14
284 14
285 14
286 14
287 14
288 14
289 14
290 14
291 14
292 14
293 14
294 14
295 14
296 14
297 14
298 14
299 14
300 15
301 15
302 15
303 15
304 15
305 15
306 15
307 15
308 15
309 15
310 15
311 15
312 15
313 15
314 15
315 15
316 15
317 15
318 15
319 15

2 1 0 0
2 0 0 0
3 2 0 0
3 0 0 0
4 2 0 0
4 1 0 0
5 1 0 0
5 0 0 0
6 1 0 0
6 3 0 0
7 6 0 0
7 0 0 0
8 0 0 0
8 3 0 0
9 8 0 0
9 1 0 0
10 7 0 0
10 5 0 0
11 10 0 0
11 4 0 0
12 0 0 0
12 1 0 0
13 1 0 0
13 9 0 0
14 3 0 0
14 6 0 0
15 7 0 0
15 14 0 0
16 0 0 0
16 2 0 0
17 11 0 0
17 16 0 0
18 8 0 0
18 17 0 0
19 7 0 0
19 15 0 0
0 6 0 0
0 4 0 0
1 10 0 0
1 14 0 0
22 21 1 1
22 20 1 1
23 20 1 1
23 21 1 1
24 20 1 1
24 21 1 1
25 24 1 1
25 23 1 1
26 21 1 1
26 22 1 1
27 22 1 1
27 21 1 1
28 20 1 1
28 27 1 1
29 20 1 1
29 24 1 1
30 28 1 1
30 20 1 1
31 27 1 1
31 30 1 1
32 24 1 1
32 31 1 1
33 31 1 1
33 23 1 1
34 21 1 1
34 28 1 1
35 31 1 1
35 33 1 1
36 24 1 1
36 30 1 1
37 30 1 1
37 25 1 1
38 21 1 1
38 34 1 1
39 20 1 1
39 38 1 1
20 31 1 1
20 36 1 1
21 28 1 1
21 30 1 1
42 41 2 2
42 40 2 2
43 41 2 2
43 42 2 2
44 42 2 2
44 43 2 2
45 43 2 2
45 42 2 2
46 42 2 2
46 45 2 2
47 45 2 2
47 44 2 2
48 43 2 2
48 44 2 2
49 43 2 2
49 46 2 2
50 45 2 2
50 44 2 2
51 42 2 2
51 50 2 2
52 43 2 2
52 45 2 2
53 51 2 2
53 47 2 2
54 41 2 2
54 43 2 2
55 47 2 2
55 45 2 2
56 43 2 2
56 54 2 2
57 43 2 2
57 49 2 2
58 49 2 2
58 57 2 2
59 55 2 2
59 52 2 2
40 45 2 2
40 52 2 2
41 56 2 2
41 59 2 2
62 60 3 3
62 61 3 3
63 62 3 3
63 60 3 3
64 62 3 3
64 60 3 3
65 61 3 3
65 62 3 3
66 60 3 3
66 61 3 3
67 63 3 3
67 64 3 3
68 61 3 3
68 60 3 3
69 60 3 3
69 61 3 3
70 60 3 3
70 62 3 3
71 64 3 3
71 63 3 3
72 63 3 3
72 66 3 3
73 62 3 3
73 61 3 3
74 61 3 3
74 60 3 3
75 73 3 3
75 68 3 3
76 74 3 3
76 72 3 3
77 71 3 3
77 66 3 3
78 64 3 3
78 67 3 3
79 68 3 3
79 75 3 3
60 65 3 3
60 73 3 3
61 76 3 3
61 75 3 3
82 81 4 4
82 80 4 4
83 81 4 4
83 82 4 4
84 83 4 4
84 81 4 4
85 82 4 4
85 84 4 4
86 84 4 4
86 83 4 4
87 81 4 4
87 80 4 4
88 86 4 4
88 84 4 4
89 82 4 4
89 87 4 4
90 87 4 4
90 83 4 4
91 90 4 4
91 80 4 4
92 87 4 4
92 85 4 4
93 81 4 4
93 80 4 4
94 81 4 4
94 82 4 4
95 85 4 4
95 82 4 4
96 87 4 4
96 80 4 4
97 85 4 4
97 81 4 4
98 93 4 4
98 95 4 4
99 81 4 4
99 94 4 4
80 94 4 4
80 95 4 4
81 90 4 4
81 92 4 4
102 101 5 5
102 100 5 5
103 100 5 5
103 101 5 5
104 102 5 5
104 100 5 5
105 102 5 5
105 100 5 5
106 105 5 5
106 100 5 5
107 106 5 5
107 104 5 5
108 100 5 5
108 102 5 5
109 100 5 5
109 102 5 5
110 107 5 5
110 103 5 5
111 104 5 5
111 102 5 5
112 105 5 5
112 111 5 5
113 106 5 5
113 100 5 5
114 102 5 5
114 105 5 5
115 111 5 5
115 106 5 5
116 115 5 5
116 103 5 5
117 114 5 5
117 105 5 5
118 104 5 5
118 112 5 5
119 100 5 5
119 102 5 5
100 107 5 5
100 118 5 5
101 112 5 5
101 109 5 5
122 120 6 6
122 121 6 6
123 121 6 6
123 120 6 6
124 123 6 6
124 121 6 6
125 122 6 6
125 123 6 6
126 122 6 6
126 124 6 6
127 121 6 6
127 122 6 6
128 123 6 6
128 122 6 6
129 121 6 6
129 120 6 6
130 120 6 6
130 126 6 6
131 120 6 6
131 124 6 6
132 122 6 6
132 120 6 6
133 124 6 6
133 131 6 6
134 120 6 6
134 132 6 6
135 128 6 6
135 132 6 6
136 132 6 6
136 124 6 6
137 132 6 6
137 134 6 6
138 135 6 6
138 136 6 6
139 136 6 6
139 131 6 6
120 127 6 6
120 125 6 6
121 130 6 6
121 131 6 6
142 141 7 7
142 140 7 7
143 142 7 7
143 141 7 7
144 142 7 7
144 143 7 7
145 144 7 7
145 140 7 7
146 141 7 7
146 143 7 7
147 143 7 7
147 146 7 7
148 147 7 7
148 140 7 7
149 143 7 7
149 147 7 7
150 147 7 7
150 144 7 7
151 141 7 7
151 144 7 7
152 144 7 7
152 150 7 7
153 152 7 7
153 149 7 7
154 143 7 7
154 144 7 7
155 152 7 7
155 141 7 7
156 145 7 7
156 147 7 7
157 142 7 7
157 153 7 7
158 146 7 7
158 147 7 7
159 145 7 7
159 147 7 7
140 146 7 7
140 149 7 7
141 152 7 7
141 144 7 7
162 160 8 8
162 161 8 8
163 161 8 8
163 160 8 8
164 163 8 8
164 162 8 8
165 163 8 8
165 164 8 8
166 160 8 8
166 161 8 8
167 162 8 8
167 165 8 8
168 164 8 8
168 167 8 8
169 162 8 8
169 160 8 8
170 161 8 8
170 162 8 8
171 169 8 8
171 170 8 8
172 163 8 8
172 161 8 8
173 170 8 8
173 162 8 8
174 168 8 8
174 172 8 8
175 167 8 8
175 170 8 8
176 169 8 8
176 163 8 8
177 165 8 8
177 176 8 8
178 166 8 8
178 160 8 8
179 174 8 8
179 165 8 8
160 172 8 8
160 177 8 8
161 164 8 8
161 174 8 8
182 181 9 9
182 180 9 9
183 180 9 9
183 181 9 9
184 182 9 9
184 183 9 9
185 182 9 9
185 184 9 9
186 182 9 9
186 183 9 9
187 181 9 9
187 186 9 9
188 183 9 9
188 180 9 9
189 184 9 9
189 181 9 9
190 182 9 9
190 181 9 9
191 183 9 9
191 186 9 9
192 184 9 9
192 188 9 9
193 186 9 9
193 191 9 9
194 186 9 9
194 188 9 9
195 182 9 9
195 187 9 9
196 185 9 9
196 182 9 9
197 193 9 9
197 194 9 9
198 184 9 9
198 193 9 9
199 186 9 9
199 187 9 9
180 184 9 9
180 190 9 9
181 197 9 9
181 184 9 9
202 201 10 10
202 200 10 10
203 201 10 10
203 200 10 10
204 202 10 10
204 200 10 10
205 204 10 10
205 201 10 10
206 201 10 10
206 202 10 10
207 206 10 10
207 203 10 10
208 201 10 10
208 205 10 10
209 200 10 10
209 205 10 10
210 209 10 10
210 202 10 10
211 205 10 10
211 201 10 10
212 203 10 10
212 209 10 10
213 210 10 10
213 207 10 10
214 213 10 10
214 209 10 10
215 205 10 10
215 203 10 10
216 204 10 10
216 206 10 10
217 216 10 10
217 204 10 10
218 208 10 10
218 201 10 10
219 217 10 10
219 204 10 10
200 219 10 10
200 211 10 10
201 209 10 10
201 213 10 10
222 221 11 11
222 220 11 11
223 222 11 11
223 220 11 11
224 222 11 11
224 220 11 11
225 223 11 11
225 222 11 11
226 220 11 11
226 221 11 11
227 221 11 11
227 226 11 11
228 225 11 11
228 224 11 11
229 227 11 11
229 225 11 11
230 222 11 11
230 223 11 11
231 229 11 11
231 221 11 11
232 228 11 11
232 225 11 11
233 228 11 11
233 226 11 11
234 231 11 11
234 232 11 11
235 227 11 11
235 232 11 11
236 225 11 11
236 231 11 11
237 231 11 11
237 227 11 11
238 235 11 11
238 222 11 11
239 228 11 11
239 232 11 11
220 227 11 11
220 228 11 11
221 224 11 11
221 234 11 11
242 240 12 12
242 241 12 12
243 240 12 12
243 242 12 12
244 242 12 12
244 240 12 12
245 242 12 12
245 243 12 12
246 241 12 12
246 240 12 12
247 245 12 12
247 241 12 12
248 245 12 12
248 241 12 12
249 246 12 12
249 241 12 12
250 240 12 12
250 247 12 12
251 241 12 12
251 243 12 12
252 248 12 12
252 245 12 12
253 249 12 12
253 251 12 12
254 243 12 12
254 246 12 12
255 247 12 12
255 245 12 12
256 247 12 12
256 248 12 12
257 249 12 12
257 242 12 12
258 242 12 12
258 254 12 12
259 251 12 12
259 242 12 12
240 249 12 12
240 259 12 12
241 254 12 12
241 253 12 12
262 260 13 13
262 261 13 13
263 260 13 13
263 261 13 13
264 261 13 13
264 263 13 13
265 261 13 13
265 264 13 13
266 263 13 13
266 264 13 13
267 263 13 13
267 260 13 13
268 265 13 13
268 264 13 13
269 268 13 13
269 265 13 13
270 260 13 13
270 268 13 13
271 262 13 13
271 268 13 13
272 262 13 13
272 260 13 13
273 271 13 13
273 266 13 13
274 272 13 13
274 262 13 13
275 264 13 13
275 269 13 13
276 271 13 13
276 269 13 13
277 269 13 13
277 265 13 13
278 271 13 13
278 266 13 13
279 262 13 13
279 267 13 13
260 269 13 13
260 276 13 13
261 266 13 13
261 277 13 13
282 281 14 14
282 280 14 14
283 281 14 14
283 282 14 14
284 282 14 14
284 280 14 14
285 283 14 14
285 284 14 14
286 283 14 14
286 284 14 14
287 284 14 14
287 285 14 14
288 280 14 14
288 281 14 14
289 285 14 14
289 282 14 14
290 285 14 14
290 282 14 14
291 282 14 14
291 290 14 14
292 282 14 14
292 290 14 14
293 284 14 14
293 292 14 14
294 291 14 14
294 288 14 14
295 283 14 14
295 284 14 14
296 281 14 14
296 292 14 14
297 292 14 14
297 295 14 14
298 295 14 14
298 285 14 14
299 286 14 14
299 289 14 14
280 285 14 14
280 291 14 14
281 294 14 14
281 293 14 14
302 301 15 15
302 300 15 15
303 302 15 15
303 301 15 15
304 302 15 15
304 303 15 15
305 304 15 15
305 302 15 15
306 303 15 15
306 300 15 15
307 301 15 15
307 306 15 15
308 301 15 15
308 306 15 15
309 306 15 15
309 301 15 15
310 305 15 15
310 303 15 15
311 309 15 15
311 300 15 15
312 309 15 15
312 311 15 15
313 303 15 15
313 306 15 15
314 306 15 15
314 310 15 15
315 311 15 15
315 304 15 15
316 315 15 15
316 306 15 15
317 312 15 15
317 313 15 15
318 316 15 15
318 308 15 15
319 301 15 15
319 317 15 15
300 307 15 15
300 309 15 15
301 311 15 15
301 315 15 15
55 18 2 0
56 22 2 1
75 19 3 0
63 57 3 2
98 42 4 2
96 22 4 1
106 96 5 4
113 77 5 3
120 105 6 5
120 75 6 3
142 91 7 4
142 114 7 5
162 113 8 5
176 124 8 6
191 94 9 4
185 140 9 7
206 46 10 2
218 17 10 0
225 37 11 1
223 178 11 8
246 56 12 2
253 66 12 3
269 192 13 9
271 203 13 10
289 169 14 8
282 31 14 1
310 174 15 8
314 196 15 9
11 185 0 9
11 137 0 6
27 159 1 7
21 185 1 9
