swNum = 320
edgeNum = 672

0 0
1 0
2 0
3 0
4 0
5 0
6 0
7 0
8 0
9 0
10 0
11 0
12 0
13 0
14 0
15 0
16 0
17 0
18 0
19 0
20 1
21 1
22 1
23 1
24 1
25 1
26 1
27 1
28 1
29 1
30 1
31 1
32 1
33 1
34 1
35 1
36 1
37 1
38 1
39 1
40 2
41 2
42 2
43 2
44 2
45 2
46 2
47 2
48 2
49 2
50 2
51 2
52 2
53 2
54 2
55 2
56 2
57 2
58 2
59 2
60 3
61 3
62 3
63 3
64 3
65 3
66 3
67 3
68 3
69 3
70 3
71 3
72 3
73 3
74 3
75 3
76 3
77 3
78 3
79 3
80 4
81 4
82 4
83 4
84 4
85 4
86 4
87 4
88 4
89 4
90 4
91 4
92 4
93 4
94 4
95 4
96 4
97 4
98 4
99 4
100 5
101 5
102 5
103 5
104 5
105 5
106 5
107 5
108 5
109 5
110 5
111 5
112 5
113 5
114 5
115 5
116 5
117 5
118 5
119 5
120 6
121 6
122 6
123 6
124 6
125 6
126 6
127 6
128 6
129 6
130 6
131 6
132 6
133 6
134 6
135 6
136 6
137 6
138 6
139 6
140 7
141 7
142 7
143 7
144 7
145 7
146 7
147 7
148 7
149 7
150 7
151 7
152 7
153 7
154 7
155 7
156 7
157 7
158 7
159 7
160 8
161 8
162 8
163 8
164 8
165 8
166 8
167 8
168 8
169 8
170 8
171 8
172 8
173 8
174 8
175 8
176 8
177 8
178 8
179 8
180 9
181 9
182 9
183 9
184 9
185 9
186 9
187 9
188 9
189 9
190 9
191 9
192 9
193 9
194 9
195 9
196 9
197 9
198 9
199 9
200 10
201 10
202 10
203 10
204 10
205 10
206 10
207 10
208 10
209 10
210 10
211 10
212 10
213 10
214 10
215 10
216 10
217 10
218 10
219 10
220 11
221 11
222 11
223 11
224 11
225 11
226 11
227 11
228 11
229 11
230 11
231 11
232 11
233 11
234 11
235 11
236 11
237 11
238 11
239 11
240 12
241 12
242 12
243 12
244 12
245 12
246 12
247 12
248 12
249 12
250 12
251 12
252 12
253 12
254 12
255 12
256 12
257 12
258 12
259 12
260 13
261 13
262 13
263 13
264 13
265 13
266 13
267 13
268 13
269 13
270 13
271 13
272 13
273 13
274 13
275 13
276 13
277 13
278 13
279 13
280 14
281 14
282 14
283 14
284 14
285 14
286 14
287 14
288 14
289 14
290 14
291 14
292 14
293 14
294 14
295 14
296 14
297 14
298 14
299 14
300 15
301 15
302 15
303 15
304 15
305 15
306 15
307 15
308 15
309 15
310 15
311 15
312 15
313 15
314 15
315 15
316 15
317 15
318 15
319 15

2 0 0 0
2 1 0 0
3 0 0 0
3 2 0 0
4 0 0 0
4 1 0 0
5 0 0 0
5 2 0 0
6 2 0 0
6 4 0 0
7 2 0 0
7 3 0 0
8 2 0 0
8 4 0 0
9 2 0 0
9 1 0 0
10 0 0 0
10 4 0 0
11 2 0 0
11 5 0 0
12 4 0 0
12 2 0 0
13 6 0 0
13 11 0 0
14 0 0 0
14 2 0 0
15 3 0 0
15 7 0 0
16 5 0 0
16 0 0 0
17 5 0 0
17 6 0 0
18 15 0 0
18 17 0 0
19 7 0 0
19 16 0 0
0 6 0 0
0 8 0 0
1 3 0 0
1 10 0 0
22 21 1 1
22 20 1 1
23 21 1 1
23 22 1 1
24 20 1 1
24 23 1 1
25 20 1 1
25 21 1 1
26 20 1 1
26 25 1 1
27 24 1 1
27 23 1 1
28 27 1 1
28 25 1 1
29 28 1 1
29 23 1 1
30 23 1 1
30 26 1 1
31 27 1 1
31 22 1 1
32 28 1 1
32 21 1 1
33 28 1 1
33 23 1 1
34 25 1 1
34 31 1 1
35 28 1 1
35 23 1 1
36 26 1 1
36 22 1 1
37 29 1 1
37 33 1 1
38 33 1 1
38 29 1 1
39 23 1 1
39 35 1 1
20 36 1 1
20 31 1 1
21 27 1 1
21 30 1 1
42 40 2 2
42 41 2 2
43 41 2 2
43 40 2 2
44 42 2 2
44 43 2 2
45 44 2 2
45 42 2 2
46 42 2 2
46 44 2 2
47 46 2 2
47 44 2 2
48 42 2 2
48 44 2 2
49 45 2 2
49 44 2 2
50 40 2 2
50 49 2 2
51 42 2 2
51 48 2 2
52 41 2 2
52 43 2 2
53 42 2 2
53 43 2 2
54 48 2 2
54 43 2 2
55 53 2 2
55 44 2 2
56 49 2 2
56 45 2 2
57 42 2 2
57 49 2 2
58 43 2 2
58 55 2 2
59 41 2 2
59 45 2 2
40 47 2 2
40 57 2 2
41 53 2 2
41 48 2 2
62 60 3 3
62 61 3 3
63 61 3 3
63 62 3 3
64 61 3 3
64 60 3 3
65 60 3 3
65 64 3 3
66 64 3 3
66 61 3 3
67 62 3 3
67 63 3 3
68 63 3 3
68 65 3 3
69 62 3 3
69 61 3 3
70 65 3 3
70 61 3 3
71 60 3 3
71 68 3 3
72 65 3 3
72 60 3 3
73 64 3 3
73 71 3 3
74 71 3 3
74 63 3 3
75 69 3 3
75 71 3 3
76 74 3 3
76 70 3 3
77 68 3 3
77 76 3 3
78 68 3 3
78 66 3 3
79 76 3 3
79 70 3 3
60 79 3 3
60 73 3 3
61 75 3 3
61 68 3 3
82 80 4 4
82 81 4 4
83 82 4 4
83 80 4 4
84 81 4 4
84 83 4 4
85 82 4 4
85 83 4 4
86 82 4 4
86 80 4 4
87 85 4 4
87 83 4 4
88 84 4 4
88 83 4 4
89 81 4 4
89 87 4 4
90 83 4 4
90 88 4 4
91 88 4 4
91 81 4 4
92 83 4 4
92 84 4 4
93 92 4 4
93 87 4 4
94 86 4 4
94 93 4 4
95 83 4 4
95 85 4 4
96 89 4 4
96 85 4 4
97 81 4 4
97 92 4 4
98 93 4 4
98 92 4 4
99 87 4 4
99 85 4 4
80 90 4 4
80 95 4 4
81 92 4 4
81 98 4 4
102 100 5 5
102 101 5 5
103 102 5 5
103 100 5 5
104 102 5 5
104 103 5 5
105 100 5 5
105 104 5 5
106 100 5 5
106 101 5 5
107 106 5 5
107 100 5 5
108 103 5 5
108 100 5 5
109 108 5 5
109 102 5 5
110 104 5 5
110 107 5 5
111 100 5 5
111 105 5 5
112 106 5 5
112 110 5 5
113 105 5 5
113 102 5 5
114 100 5 5
114 111 5 5
115 104 5 5
115 112 5 5
116 106 5 5
116 110 5 5
117 105 5 5
117 103 5 5
118 106 5 5
118 107 5 5
119 109 5 5
119 111 5 5
100 117 5 5
100 110 5 5
101 116 5 5
101 110 5 5
122 120 6 6
122 121 6 6
123 121 6 6
123 120 6 6
124 123 6 6
124 121 6 6
125 124 6 6
125 123 6 6
126 122 6 6
126 120 6 6
127 122 6 6
127 121 6 6
128 123 6 6
128 125 6 6
129 123 6 6
129 121 6 6
130 120 6 6
130 129 6 6
131 129 6 6
131 121 6 6
132 121 6 6
132 125 6 6
133 126 6 6
133 127 6 6
134 132 6 6
134 124 6 6
135 124 6 6
135 123 6 6
136 135 6 6
136 128 6 6
137 125 6 6
137 124 6 6
138 122 6 6
138 125 6 6
139 127 6 6
139 136 6 6
120 131 6 6
120 135 6 6
121 139 6 6
121 128 6 6
142 141 7 7
142 140 7 7
143 140 7 7
143 142 7 7
144 141 7 7
144 143 7 7
145 140 7 7
145 142 7 7
146 144 7 7
146 145 7 7
147 142 7 7
147 140 7 7
148 146 7 7
148 145 7 7
149 146 7 7
149 148 7 7
150 144 7 7
150 149 7 7
151 140 7 7
151 144 7 7
152 140 7 7
152 141 7 7
153 141 7 7
153 140 7 7
154 147 7 7
154 145 7 7
155 142 7 7
155 144 7 7
156 155 7 7
156 154 7 7
157 145 7 7
157 147 7 7
158 148 7 7
158 156 7 7
159 147 7 7
159 141 7 7
140 159 7 7
140 144 7 7
141 155 7 7
141 156 7 7
162 161 8 8
162 160 8 8
163 160 8 8
163 162 8 8
164 160 8 8
164 162 8 8
165 163 8 8
165 161 8 8
166 165 8 8
166 164 8 8
167 160 8 8
167 163 8 8
168 160 8 8
168 165 8 8
169 163 8 8
169 165 8 8
170 166 8 8
170 168 8 8
171 166 8 8
171 163 8 8
172 167 8 8
172 165 8 8
173 167 8 8
173 172 8 8
174 169 8 8
174 171 8 8
175 169 8 8
175 160 8 8
176 172 8 8
176 169 8 8
177 170 8 8
177 166 8 8
178 173 8 8
178 171 8 8
179 167 8 8
179 168 8 8
160 172 8 8
160 179 8 8
161 169 8 8
161 164 8 8
182 180 9 9
182 181 9 9
183 181 9 9
183 182 9 9
184 180 9 9
184 181 9 9
185 184 9 9
185 183 9 9
186 184 9 9
186 180 9 9
187 183 9 9
187 185 9 9
188 181 9 9
188 182 9 9
189 182 9 9
189 181 9 9
190 189 9 9
190 181 9 9
191 180 9 9
191 182 9 9
192 191 9 9
192 181 9 9
193 191 9 9
193 183 9 9
194 190 9 9
194 192 9 9
195 194 9 9
195 181 9 9
196 185 9 9
196 184 9 9
197 182 9 9
197 190 9 9
198 188 9 9
198 195 9 9
199 182 9 9
199 181 9 9
180 199 9 9
180 192 9 9
181 193 9 9
181 197 9 9
202 201 10 10
202 200 10 10
203 201 10 10
203 202 10 10
204 203 10 10
204 200 10 10
205 202 10 10
205 200 10 10
206 203 10 10
206 200 10 10
207 201 10 10
207 206 10 10
208 204 10 10
208 200 10 10
209 206 10 10
209 200 10 10
210 200 10 10
210 207 10 10
211 202 10 10
211 210 10 10
212 211 10 10
212 200 10 10
213 206 10 10
213 207 10 10
214 206 10 10
214 208 10 10
215 202 10 10
215 209 10 10
216 212 10 10
216 215 10 10
217 212 10 10
217 202 10 10
218 210 10 10
218 211 10 10
219 216 10 10
219 209 10 10
200 217 10 10
200 215 10 10
201 219 10 10
201 206 10 10
222 220 11 11
222 221 11 11
223 220 11 11
223 221 11 11
224 220 11 11
224 223 11 11
225 221 11 11
225 222 11 11
226 223 11 11
226 224 11 11
227 224 11 11
227 222 11 11
228 227 11 11
228 222 11 11
229 225 11 11
229 227 11 11
230 221 11 11
230 227 11 11
231 220 11 11
231 224 11 11
232 230 11 11
232 221 11 11
233 223 11 11
233 228 11 11
234 225 11 11
234 224 11 11
235 234 11 11
235 227 11 11
236 223 11 11
236 226 11 11
237 225 11 11
237 229 11 11
238 237 11 11
238 236 11 11
239 229 11 11
239 221 11 11
220 225 11 11
220 227 11 11
221 229 11 11
221 237 11 11
242 241 12 12
242 240 12 12
243 241 12 12
243 242 12 12
244 242 12 12
244 243 12 12
245 240 12 12
245 243 12 12
246 245 12 12
246 240 12 12
247 241 12 12
247 245 12 12
248 241 12 12
248 247 12 12
249 241 12 12
249 246 12 12
250 240 12 12
250 245 12 12
251 240 12 12
251 246 12 12
252 242 12 12
252 249 12 12
253 248 12 12
253 241 12 12
254 241 12 12
254 251 12 12
255 247 12 12
255 246 12 12
256 251 12 12
256 247 12 12
257 242 12 12
257 246 12 12
258 251 12 12
258 254 12 12
259 242 12 12
259 247 12 12
240 255 12 12
240 252 12 12
241 257 12 12
241 246 12 12
262 260 13 13
262 261 13 13
263 260 13 13
263 262 13 13
264 261 13 13
264 260 13 13
265 262 13 13
265 263 13 13
266 263 13 13
266 265 13 13
267 262 13 13
267 263 13 13
268 264 13 13
268 266 13 13
269 265 13 13
269 262 13 13
270 261 13 13
270 260 13 13
271 262 13 13
271 267 13 13
272 265 13 13
272 261 13 13
273 261 13 13
273 272 13 13
274 269 13 13
274 268 13 13
275 268 13 13
275 269 13 13
276 265 13 13
276 268 13 13
277 264 13 13
277 262 13 13
278 260 13 13
278 272 13 13
279 263 13 13
279 269 13 13
260 274 13 13
260 275 13 13
261 276 13 13
261 279 13 13
282 280 14 14
282 281 14 14
283 282 14 14
283 280 14 14
284 283 14 14
284 282 14 14
285 281 14 14
285 282 14 14
286 281 14 14
286 285 14 14
287 283 14 14
287 285 14 14
288 281 14 14
288 280 14 14
289 282 14 14
289 280 14 14
290 280 14 14
290 282 14 14
291 288 14 14
291 286 14 14
292 283 14 14
292 289 14 14
293 287 14 14
293 292 14 14
294 284 14 14
294 287 14 14
295 281 14 14
295 287 14 14
296 281 14 14
296 288 14 14
297 284 14 14
297 289 14 14
298 294 14 14
298 286 14 14
299 280 14 14
299 291 14 14
280 285 14 14
280 292 14 14
281 291 14 14
281 299 14 14
302 300 15 15
302 301 15 15
303 301 15 15
303 300 15 15
304 303 15 15
304 301 15 15
305 304 15 15
305 301 15 15
306 300 15 15
306 302 15 15
307 302 15 15
307 303 15 15
308 300 15 15
308 306 15 15
309 302 15 15
309 300 15 15
310 302 15 15
310 300 15 15
311 307 15 15
311 310 15 15
312 307 15 15
312 301 15 15
313 312 15 15
313 311 15 15
314 306 15 15
314 300 15 15
315 303 15 15
315 305 15 15
316 314 15 15
316 306 15 15
317 303 15 15
317 300 15 15
318 313 15 15
318 304 15 15
319 305 15 15
319 313 15 15
300 304 15 15
300 316 15 15
301 319 15 15
301 318 15 15
43 20 2 1
54 14 2 0
71 47 3 2
78 18 3 0
81 21 4 1
85 3 4 0
109 90 5 4
111 65 5 3
126 4 6 0
125 41 6 2
146 100 7 5
150 67 7 3
167 23 8 1
160 41 8 2
199 164 9 8
186 60 9 3
214 41 10 2
207 195 10 9
225 138 11 6
233 51 11 2
253 18 12 0
255 191 12 9
272 161 13 8
266 50 13 2
298 243 14 12
291 210 14 10
310 149 15 7
311 108 15 5
7 277 0 13
11 292 0 14
25 235 1 11
39 76 1 3
