swNum = 320
edgeNum = 672

0 0
1 0
2 0
3 0
4 0
5 0
6 0
7 0
8 0
9 0
10 0
11 0
12 0
13 0
14 0
15 0
16 0
17 0
18 0
19 0
20 1
21 1
22 1
23 1
24 1
25 1
26 1
27 1
28 1
29 1
30 1
31 1
32 1
33 1
34 1
35 1
36 1
37 1
38 1
39 1
40 2
41 2
42 2
43 2
44 2
45 2
46 2
47 2
48 2
49 2
50 2
51 2
52 2
53 2
54 2
55 2
56 2
57 2
58 2
59 2
60 3
61 3
62 3
63 3
64 3
65 3
66 3
67 3
68 3
69 3
70 3
71 3
72 3
73 3
74 3
75 3
76 3
77 3
78 3
79 3
80 4
81 4
82 4
83 4
84 4
85 4
86 4
87 4
88 4
89 4
90 4
91 4
92 4
93 4
94 4
95 4
96 4
97 4
98 4
99 4
100 5
101 5
102 5
103 5
104 5
105 5
106 5
107 5
108 5
109 5
110 5
111 5
112 5
113 5
114 5
115 5
116 5
117 5
118 5
119 5
120 6
121 6
122 6
123 6
124 6
125 6
126 6
127 6
128 6
129 6
130 6
131 6
132 6
133 6
134 6
135 6
136 6
137 6
138 6
139 6
140 7
141 7
142 7
143 7
144 7
145 7
146 7
147 7
148 7
149 7
150 7
151 7
152 7
153 7
154 7
155 7
156 7
157 7
158 7
159 7
160 8
161 8
162 8
163 8
164 8
165 8
166 8
167 8
168 8
169 8
170 8
171 8
172 8
173 8
174 8
175 8
176 8
177 8
178 8
179 8
180 9
181 9
182 9
183 9
184 9
185 9
186 9
187 9
188 9
189 9
190 9
191 9
192 9
193 9
194 9
195 9
196 9
197 9
198 9
199 9
200 10
201 10
202 10
203 10
204 10
205 10
206 10
207 10
208 10
209 10
210 10
211 10
212 10
213 10
214 10
215 10
216 10
217 10
218 10
219 10
220 11
221 11
222 11
223 11
224 11
225 11
226 11
227 11
228 11
229 11
230 11
231 11
232 11
233 11
234 11
235 11
236 11
237 11
238 11
239 11
240 12
241 12
242 12
243 12
244 12
245 12
246 12
247 12
248 12
249 12
250 12
251 12
252 12
253 12
254 12
255 12
256 12
257 12
258 12
259 12
260 13
261 13
262 13
263 13
264 13
265 13
266 13
267 13
268 13
269 13
270 13
271 13
272 13
273 13
274 13
275 13
276 13
277 13
278 13
279 13
280 14
281 14
282 14
283 14
284 14
285 14
286 14
287 14
288 14
289 14
290 14
291 14
292 14
293 14
294 14
295 14
296 14
297 14
298 14
299 14
300 15
301 15
302 15
303 15
304 15
305 15
306 15
307 15
308 15
309 15
310 15
311 15
312 15
313 15
314 15
315 15
316 15
317 15
318 15
319 15

2 1 0 0
2 0 0 0
3 1 0 0
3 0 0 0
4 1 0 0
4 2 0 0
5 1 0 0
5 4 0 0
6 0 0 0
6 1 0 0
7 6 0 0
7 5 0 0
8 4 0 0
8 2 0 0
9 3 0 0
9 7 0 0
10 1 0 0
10 6 0 0
11 8 0 0
11 4 0 0
12 11 0 0
12 6 0 0
13 3 0 0
13 12 0 0
14 5 0 0
14 12 0 0
15 6 0 0
15 8 0 0
16 12 0 0
16 2 0 0
17 12 0 0
17 4 0 0
18 10 0 0
18 13 0 0
19 2 0 0
19 14 0 0
0 16 0 0
0 15 0 0
1 15 0 0
1 13 0 0
22 21 1 1
22 20 1 1
23 20 1 1
23 21 1 1
24 22 1 1
24 20 1 1
25 21 1 1
25 24 1 1
26 23 1 1
26 24 1 1
27 26 1 1
27 22 1 1
28 23 1 1
28 20 1 1
29 28 1 1
29 24 1 1
30 21 1 1
30 26 1 1
31 30 1 1
31 27 1 1
32 26 1 1
32 23 1 1
33 29 1 1
33 27 1 1
34 31 1 1
34 26 1 1
35 27 1 1
35 24 1 1
36 28 1 1
36 33 1 1
37 21 1 1
37 30 1 1
38 26 1 1
38 24 1 1
39 38 1 1
39 23 1 1
20 32 1 1
20 38 1 1
21 38 1 1
21 35 1 1
42 40 2 2
42 41 2 2
43 41 2 2
43 42 2 2
44 42 2 2
44 40 2 2
45 42 2 2
45 40 2 2
46 41 2 2
46 43 2 2
47 40 2 2
47 42 2 2
48 42 2 2
48 46 2 2
49 40 2 2
49 42 2 2
50 46 2 2
50 40 2 2
51 47 2 2
51 48 2 2
52 47 2 2
52 50 2 2
53 47 2 2
53 41 2 2
54 42 2 2
54 48 2 2
55 46 2 2
55 53 2 2
56 47 2 2
56 54 2 2
57 52 2 2
57 45 2 2
58 55 2 2
58 47 2 2
59 52 2 2
59 58 2 2
40 57 2 2
40 48 2 2
41 49 2 2
41 52 2 2
62 61 3 3
62 60 3 3
63 62 3 3
63 61 3 3
64 61 3 3
64 60 3 3
65 63 3 3
65 60 3 3
66 65 3 3
66 61 3 3
67 61 3 3
67 62 3 3
68 60 3 3
68 67 3 3
69 64 3 3
69 65 3 3
70 61 3 3
70 62 3 3
71 63 3 3
71 70 3 3
72 61 3 3
72 60 3 3
73 71 3 3
73 72 3 3
74 71 3 3
74 63 3 3
75 65 3 3
75 61 3 3
76 73 3 3
76 63 3 3
77 70 3 3
77 71 3 3
78 67 3 3
78 64 3 3
79 64 3 3
79 67 3 3
60 70 3 3
60 69 3 3
61 69 3 3
61 79 3 3
82 81 4 4
82 80 4 4
83 80 4 4
83 81 4 4
84 82 4 4
84 83 4 4
85 80 4 4
85 84 4 4
86 83 4 4
86 85 4 4
87 80 4 4
87 81 4 4
88 85 4 4
88 80 4 4
89 87 4 4
89 81 4 4
90 82 4 4
90 88 4 4
91 85 4 4
91 81 4 4
92 80 4 4
92 83 4 4
93 92 4 4
93 80 4 4
94 89 4 4
94 91 4 4
95 89 4 4
95 88 4 4
96 87 4 4
96 81 4 4
97 87 4 4
97 92 4 4
98 95 4 4
98 83 4 4
99 80 4 4
99 89 4 4
80 94 4 4
80 97 4 4
81 95 4 4
81 94 4 4
102 100 5 5
102 101 5 5
103 101 5 5
103 100 5 5
104 103 5 5
104 100 5 5
105 100 5 5
105 102 5 5
106 101 5 5
106 100 5 5
107 104 5 5
107 106 5 5
108 104 5 5
108 101 5 5
109 101 5 5
109 108 5 5
110 103 5 5
110 102 5 5
111 103 5 5
111 101 5 5
112 106 5 5
112 110 5 5
113 107 5 5
113 112 5 5
114 104 5 5
114 103 5 5
115 103 5 5
115 106 5 5
116 115 5 5
116 104 5 5
117 100 5 5
117 106 5 5
118 114 5 5
118 108 5 5
119 115 5 5
119 116 5 5
100 111 5 5
100 113 5 5
101 118 5 5
101 116 5 5
122 121 6 6
122 120 6 6
123 122 6 6
123 120 6 6
124 122 6 6
124 123 6 6
125 120 6 6
125 121 6 6
126 124 6 6
126 122 6 6
127 125 6 6
127 126 6 6
128 127 6 6
128 125 6 6
129 121 6 6
129 125 6 6
130 128 6 6
130 120 6 6
131 128 6 6
131 126 6 6
132 124 6 6
132 122 6 6
133 122 6 6
133 128 6 6
134 127 6 6
134 133 6 6
135 132 6 6
135 122 6 6
136 122 6 6
136 128 6 6
137 126 6 6
137 136 6 6
138 123 6 6
138 130 6 6
139 134 6 6
139 135 6 6
120 139 6 6
120 134 6 6
121 138 6 6
121 139 6 6
142 140 7 7
142 141 7 7
143 142 7 7
143 141 7 7
144 141 7 7
144 143 7 7
145 141 7 7
145 143 7 7
146 140 7 7
146 144 7 7
147 140 7 7
147 146 7 7
148 143 7 7
148 141 7 7
149 140 7 7
149 148 7 7
150 140 7 7
150 146 7 7
151 145 7 7
151 144 7 7
152 147 7 7
152 140 7 7
153 144 7 7
153 148 7 7
154 150 7 7
154 146 7 7
155 154 7 7
155 140 7 7
156 146 7 7
156 153 7 7
157 153 7 7
157 151 7 7
158 153 7 7
158 143 7 7
159 155 7 7
159 140 7 7
140 154 7 7
140 158 7 7
141 153 7 7
141 157 7 7
162 161 8 8
162 160 8 8
163 161 8 8
163 162 8 8
164 160 8 8
164 161 8 8
165 161 8 8
165 160 8 8
166 165 8 8
166 160 8 8
167 163 8 8
167 166 8 8
168 166 8 8
168 165 8 8
169 161 8 8
169 168 8 8
170 161 8 8
170 165 8 8
171 163 8 8
171 167 8 8
172 165 8 8
172 164 8 8
173 162 8 8
173 167 8 8
174 168 8 8
174 164 8 8
175 163 8 8
175 161 8 8
176 173 8 8
176 172 8 8
177 167 8 8
177 175 8 8
178 161 8 8
178 174 8 8
179 177 8 8
179 163 8 8
160 163 8 8
160 167 8 8
161 171 8 8
161 177 8 8
182 181 9 9
182 180 9 9
183 180 9 9
183 181 9 9
184 180 9 9
184 183 9 9
185 183 9 9
185 182 9 9
186 184 9 9
186 181 9 9
187 180 9 9
187 184 9 9
188 183 9 9
188 182 9 9
189 181 9 9
189 187 9 9
190 184 9 9
190 187 9 9
191 181 9 9
191 183 9 9
192 186 9 9
192 190 9 9
193 191 9 9
193 190 9 9
194 190 9 9
194 192 9 9
195 186 9 9
195 187 9 9
196 186 9 9
196 189 9 9
197 184 9 9
197 196 9 9
198 189 9 9
198 184 9 9
199 194 9 9
199 189 9 9
180 196 9 9
180 191 9 9
181 190 9 9
181 198 9 9
202 200 10 10
202 201 10 10
203 201 10 10
203 200 10 10
204 200 10 10
204 202 10 10
205 203 10 10
205 201 10 10
206 203 10 10
206 205 10 10
207 204 10 10
207 200 10 10
208 201 10 10
208 202 10 10
209 203 10 10
209 202 10 10
210 200 10 10
210 205 10 10
211 203 10 10
211 205 10 10
212 203 10 10
212 206 10 10
213 208 10 10
213 210 10 10
214 201 10 10
214 207 10 10
215 213 10 10
215 208 10 10
216 213 10 10
216 201 10 10
217 209 10 10
217 211 10 10
218 204 10 10
218 200 10 10
219 211 10 10
219 209 10 10
200 213 10 10
200 212 10 10
201 215 10 10
201 210 10 10
222 220 11 11
222 221 11 11
223 220 11 11
223 221 11 11
224 221 11 11
224 223 11 11
225 221 11 11
225 222 11 11
226 224 11 11
226 221 11 11
227 223 11 11
227 222 11 11
228 224 11 11
228 227 11 11
229 228 11 11
229 220 11 11
230 225 11 11
230 224 11 11
231 221 11 11
231 226 11 11
232 221 11 11
232 220 11 11
233 221 11 11
233 223 11 11
234 222 11 11
234 225 11 11
235 227 11 11
235 223 11 11
236 220 11 11
236 233 11 11
237 227 11 11
237 232 11 11
238 221 11 11
238 224 11 11
239 224 11 11
239 223 11 11
220 226 11 11
220 224 11 11
221 237 11 11
221 230 11 11
242 241 12 12
242 240 12 12
243 240 12 12
243 242 12 12
244 243 12 12
244 241 12 12
245 242 12 12
245 243 12 12
246 243 12 12
246 244 12 12
247 242 12 12
247 244 12 12
248 243 12 12
248 247 12 12
249 244 12 12
249 243 12 12
250 249 12 12
250 246 12 12
251 246 12 12
251 241 12 12
252 241 12 12
252 249 12 12
253 242 12 12
253 243 12 12
254 252 12 12
254 251 12 12
255 244 12 12
255 250 12 12
256 251 12 12
256 247 12 12
257 255 12 12
257 244 12 12
258 248 12 12
258 251 12 12
259 244 12 12
259 258 12 12
240 249 12 12
240 254 12 12
241 250 12 12
241 258 12 12
262 261 13 13
262 260 13 13
263 261 13 13
263 260 13 13
264 260 13 13
264 263 13 13
265 261 13 13
265 262 13 13
266 263 13 13
266 260 13 13
267 266 13 13
267 263 13 13
268 260 13 13
268 264 13 13
269 264 13 13
269 260 13 13
270 262 13 13
270 261 13 13
271 260 13 13
271 270 13 13
272 265 13 13
272 261 13 13
273 266 13 13
273 272 13 13
274 269 13 13
274 271 13 13
275 273 13 13
275 268 13 13
276 273 13 13
276 262 13 13
277 270 13 13
277 276 13 13
278 263 13 13
278 268 13 13
279 277 13 13
279 268 13 13
260 279 13 13
260 267 13 13
261 271 13 13
261 275 13 13
282 281 14 14
282 280 14 14
283 280 14 14
283 281 14 14
284 283 14 14
284 281 14 14
285 283 14 14
285 284 14 14
286 285 14 14
286 282 14 14
287 281 14 14
287 284 14 14
288 286 14 14
288 282 14 14
289 284 14 14
289 283 14 14
290 281 14 14
290 284 14 14
291 287 14 14
291 286 14 14
292 282 14 14
292 288 14 14
293 288 14 14
293 287 14 14
294 290 14 14
294 284 14 14
295 289 14 14
295 287 14 14
296 281 14 14
296 295 14 14
297 281 14 14
297 284 14 14
298 292 14 14
298 290 14 14
299 289 14 14
299 280 14 14
280 285 14 14
280 296 14 14
281 291 14 14
281 299 14 14
302 300 15 15
302 301 15 15
303 302 15 15
303 301 15 15
304 300 15 15
304 302 15 15
305 303 15 15
305 301 15 15
306 304 15 15
306 300 15 15
307 303 15 15
307 302 15 15
308 306 15 15
308 304 15 15
309 306 15 15
309 305 15 15
310 306 15 15
310 309 15 15
311 308 15 15
311 305 15 15
312 307 15 15
312 304 15 15
313 309 15 15
313 305 15 15
314 302 15 15
314 309 15 15
315 301 15 15
315 303 15 15
316 309 15 15
316 310 15 15
317 302 15 15
317 301 15 15
318 309 15 15
318 314 15 15
319 310 15 15
319 318 15 15
300 318 15 15
300 310 15 15
301 307 15 15
301 311 15 15
45 14 2 0
47 37 2 1
75 28 3 1
72 48 3 2
80 41 4 2
89 36 4 1
116 66 5 3
105 6 5 0
135 6 6 0
125 72 6 3
148 34 7 1
155 118 7 5
176 69 8 3
174 54 8 2
198 18 9 0
186 133 9 6
207 198 10 9
206 160 10 8
227 93 11 4
233 122 11 6
251 236 12 11
257 166 12 8
272 49 13 2
270 24 13 1
293 213 14 10
283 62 14 3
314 263 15 13
314 297 15 14
0 287 0 14
18 318 0 15
24 243 1 12
31 311 1 15
