swNum = 320
edgeNum = 672

0 0
1 0
2 0
3 0
4 0
5 0
6 0
7 0
8 0
9 0
10 0
11 0
12 0
13 0
14 0
15 0
16 0
17 0
18 0
19 0
20 1
21 1
22 1
23 1
24 1
25 1
26 1
27 1
28 1
29 1
30 1
31 1
32 1
33 1
34 1
35 1
36 1
37 1
38 1
39 1
40 2
41 2
42 2
43 2
44 2
45 2
46 2
47 2
48 2
49 2
50 2
51 2
52 2
53 2
54 2
55 2
56 2
57 2
58 2
59 2
60 3
61 3
62 3
63 3
64 3
65 3
66 3
67 3
68 3
69 3
70 3
71 3
72 3
73 3
74 3
75 3
76 3
77 3
78 3
79 3
80 4
81 4
82 4
83 4
84 4
85 4
86 4
87 4
88 4
89 4
90 4
91 4
92 4
93 4
94 4
95 4
96 4
97 4
98 4
99 4
100 5
101 5
102 5
103 5
104 5
105 5
106 5
107 5
108 5
109 5
110 5
111 5
112 5
113 5
114 5
115 5
116 5
117 5
118 5
119 5
120 6
121 6
122 6
123 6
124 6
125 6
126 6
127 6
128 6
129 6
130 6
131 6
132 6
133 6
134 6
135 6
136 6
137 6
138 6
139 6
140 7
141 7
142 7
143 7
144 7
145 7
146 7
147 7
148 7
149 7
150 7
151 7
152 7
153 7
154 7
155 7
156 7
157 7
158 7
159 7
160 8
161 8
162 8
163 8
164 8
165 8
166 8
167 8
168 8
169 8
170 8
171 8
172 8
173 8
174 8
175 8
176 8
177 8
178 8
179 8
180 9
181 9
182 9
183 9
184 9
185 9
186 9
187 9
188 9
189 9
190 9
191 9
192 9
193 9
194 9
195 9
196 9
197 9
198 9
199 9
200 10
201 10
202 10
203 10
204 10
205 10
206 10
207 10
208 10
209 10
210 10
211 10
212 10
213 10
214 10
215 10
216 10
217 10
218 10
219 10
220 11
221 11
222 11
223 11
224 11
225 11
226 11
227 11
228 11
229 11
230 11
231 11
232 11
233 11
234 11
235 11
236 11
237 11
238 11
239 11
240 12
241 12
242 12
243 12
244 12
245 12
246 12
247 12
248 12
249 12
250 12
251 12
252 12
253 12
254 12
255 12
256 12
257 12
258 12
259 12
260 13
261 13
262 13
263 13
264 13
265 13
266 13
267 13
268 13
269 13
270 13
271 13
272 13
273 13
274 13
275 13
276 13
277 13
278 13
279 13
280 14
281 14
282 14
283 14
284 14
285 14
286 14
287 14
288 14
289 14
290 14
291 14
292 14
293 14
294 14
295 14
296 14
297 14
298 14
299 14
300 15
301 15
302 15
303 15
304 15
305 15
306 15
307 15
308 15
309 15
310 15
311 15
312 15
313 15
314 15
315 15
316 15
317 15
318 15
319 15

2 1 0 0
2 0 0 0
3 2 0 0
3 1 0 0
4 3 0 0
4 0 0 0
5 0 0 0
5 1 0 0
6 2 0 0
6 1 0 0
7 4 0 0
7 3 0 0
8 2 0 0
8 1 0 0
9 0 0 0
9 2 0 0
10 2 0 0
10 9 0 0
11 8 0 0
11 6 0 0
12 10 0 0
12 8 0 0
13 5 0 0
13 0 0 0
14 2 0 0
14 6 0 0
15 4 0 0
15 8 0 0
16 12 0 0
16 6 0 0
17 8 0 0
17 11 0 0
18 7 0 0
18 0 0 0
19 12 0 0
19 9 0 0
0 12 0 0
0 19 0 0
1 7 0 0
1 14 0 0
22 20 1 1
22 21 1 1
23 21 1 1
23 20 1 1
24 23 1 1
24 22 1 1
25 22 1 1
25 20 1 1
26 23 1 1
26 25 1 1
27 25 1 1
27 20 1 1
28 26 1 1
28 20 1 1
29 28 1 1
29 24 1 1
30 22 1 1
30 26 1 1
31 27 1 1
31 30 1 1
32 22 1 1
32 30 1 1
33 31 1 1
33 30 1 1
34 32 1 1
34 30 1 1
35 24 1 1
35 23 1 1
36 28 1 1
36 22 1 1
37 29 1 1
37 26 1 1
38 27 1 1
38 25 1 1
39 22 1 1
39 28 1 1
20 33 1 1
20 29 1 1
21 28 1 1
21 39 1 1
42 40 2 2
42 41 2 2
43 41 2 2
43 42 2 2
44 42 2 2
44 43 2 2
45 40 2 2
45 42 2 2
46 40 2 2
46 42 2 2
47 45 2 2
47 46 2 2
48 44 2 2
48 46 2 2
49 46 2 2
49 48 2 2
50 45 2 2
50 43 2 2
51 41 2 2
51 49 2 2
52 43 2 2
52 41 2 2
53 47 2 2
53 45 2 2
54 41 2 2
54 48 2 2
55 42 2 2
55 51 2 2
56 46 2 2
56 43 2 2
57 47 2 2
57 45 2 2
58 50 2 2
58 54 2 2
59 58 2 2
59 55 2 2
40 55 2 2
40 57 2 2
41 58 2 2
41 49 2 2
62 60 3 3
62 61 3 3
63 60 3 3
63 61 3 3
64 60 3 3
64 63 3 3
65 61 3 3
65 62 3 3
66 63 3 3
66 65 3 3
67 63 3 3
67 61 3 3
68 64 3 3
68 60 3 3
69 63 3 3
69 64 3 3
70 69 3 3
70 66 3 3
71 66 3 3
71 63 3 3
72 69 3 3
72 62 3 3
73 68 3 3
73 72 3 3
74 64 3 3
74 60 3 3
75 73 3 3
75 67 3 3
76 71 3 3
76 69 3 3
77 73 3 3
77 63 3 3
78 69 3 3
78 60 3 3
79 64 3 3
79 78 3 3
60 73 3 3
60 69 3 3
61 78 3 3
61 73 3 3
82 80 4 4
82 81 4 4
83 82 4 4
83 80 4 4
84 82 4 4
84 80 4 4
85 83 4 4
85 82 4 4
86 82 4 4
86 80 4 4
87 81 4 4
87 85 4 4
88 83 4 4
88 84 4 4
89 83 4 4
89 86 4 4
90 85 4 4
90 84 4 4
91 89 4 4
91 86 4 4
92 90 4 4
92 84 4 4
93 87 4 4
93 80 4 4
94 87 4 4
94 90 4 4
95 93 4 4
95 82 4 4
96 83 4 4
96 82 4 4
97 90 4 4
97 80 4 4
98 88 4 4
98 94 4 4
99 87 4 4
99 96 4 4
80 92 4 4
80 91 4 4
81 99 4 4
81 97 4 4
102 100 5 5
102 101 5 5
103 102 5 5
103 101 5 5
104 100 5 5
104 102 5 5
105 102 5 5
105 101 5 5
106 103 5 5
106 104 5 5
107 101 5 5
107 105 5 5
108 100 5 5
108 106 5 5
109 105 5 5
109 108 5 5
110 102 5 5
110 108 5 5
111 102 5 5
111 110 5 5
112 111 5 5
112 110 5 5
113 102 5 5
113 108 5 5
114 100 5 5
114 105 5 5
115 103 5 5
115 102 5 5
116 113 5 5
116 104 5 5
117 112 5 5
117 108 5 5
118 105 5 5
118 101 5 5
119 116 5 5
119 109 5 5
100 117 5 5
100 105 5 5
101 112 5 5
101 109 5 5
122 120 6 6
122 121 6 6
123 122 6 6
123 121 6 6
124 120 6 6
124 122 6 6
125 121 6 6
125 124 6 6
126 120 6 6
126 123 6 6
127 120 6 6
127 124 6 6
128 124 6 6
128 127 6 6
129 122 6 6
129 124 6 6
130 122 6 6
130 126 6 6
131 130 6 6
131 128 6 6
132 123 6 6
132 126 6 6
133 132 6 6
133 120 6 6
134 133 6 6
134 128 6 6
135 123 6 6
135 127 6 6
136 125 6 6
136 131 6 6
137 129 6 6
137 135 6 6
138 133 6 6
138 124 6 6
139 127 6 6
139 130 6 6
120 134 6 6
120 135 6 6
121 128 6 6
121 127 6 6
142 140 7 7
142 141 7 7
143 140 7 7
143 142 7 7
144 143 7 7
144 140 7 7
145 140 7 7
145 143 7 7
146 145 7 7
146 143 7 7
147 145 7 7
147 144 7 7
148 144 7 7
148 147 7 7
149 141 7 7
149 140 7 7
150 149 7 7
150 142 7 7
151 150 7 7
151 142 7 7
152 147 7 7
152 140 7 7
153 147 7 7
153 152 7 7
154 142 7 7
154 150 7 7
155 147 7 7
155 148 7 7
156 149 7 7
156 155 7 7
157 153 7 7
157 143 7 7
158 146 7 7
158 155 7 7
159 145 7 7
159 148 7 7
140 150 7 7
140 157 7 7
141 153 7 7
141 155 7 7
162 161 8 8
162 160 8 8
163 160 8 8
163 162 8 8
164 162 8 8
164 160 8 8
165 164 8 8
165 163 8 8
166 165 8 8
166 163 8 8
167 160 8 8
167 164 8 8
168 167 8 8
168 161 8 8
169 162 8 8
169 163 8 8
170 165 8 8
170 169 8 8
171 165 8 8
171 162 8 8
172 163 8 8
172 160 8 8
173 170 8 8
173 165 8 8
174 162 8 8
174 161 8 8
175 164 8 8
175 162 8 8
176 163 8 8
176 168 8 8
177 171 8 8
177 164 8 8
178 161 8 8
178 164 8 8
179 174 8 8
179 175 8 8
160 168 8 8
160 174 8 8
161 176 8 8
161 175 8 8
182 181 9 9
182 180 9 9
183 182 9 9
183 180 9 9
184 180 9 9
184 183 9 9
185 183 9 9
185 181 9 9
186 183 9 9
186 185 9 9
187 182 9 9
187 186 9 9
188 181 9 9
188 182 9 9
189 187 9 9
189 188 9 9
190 180 9 9
190 182 9 9
191 182 9 9
191 185 9 9
192 190 9 9
192 181 9 9
193 187 9 9
193 182 9 9
194 193 9 9
194 182 9 9
195 181 9 9
195 188 9 9
196 194 9 9
196 189 9 9
197 194 9 9
197 189 9 9
198 186 9 9
198 189 9 9
199 182 9 9
199 184 9 9
180 195 9 9
180 198 9 9
181 187 9 9
181 194 9 9
202 201 10 10
202 200 10 10
203 202 10 10
203 200 10 10
204 201 10 10
204 202 10 10
205 200 10 10
205 201 10 10
206 205 10 10
206 200 10 10
207 203 10 10
207 201 10 10
208 205 10 10
208 206 10 10
209 208 10 10
209 201 10 10
210 203 10 10
210 206 10 10
211 209 10 10
211 210 10 10
212 202 10 10
212 207 10 10
213 210 10 10
213 206 10 10
214 203 10 10
214 211 10 10
215 205 10 10
215 209 10 10
216 208 10 10
216 201 10 10
217 216 10 10
217 209 10 10
218 214 10 10
218 207 10 10
219 215 10 10
219 201 10 10
200 207 10 10
200 213 10 10
201 208 10 10
201 218 10 10
222 220 11 11
222 221 11 11
223 222 11 11
223 221 11 11
224 223 11 11
224 221 11 11
225 221 11 11
225 220 11 11
226 225 11 11
226 220 11 11
227 225 11 11
227 224 11 11
228 227 11 11
228 224 11 11
229 220 11 11
229 225 11 11
230 225 11 11
230 228 11 11
231 221 11 11
231 224 11 11
232 223 11 11
232 230 11 11
233 227 11 11
233 232 11 11
234 221 11 11
234 220 11 11
235 222 11 11
235 224 11 11
236 234 11 11
236 231 11 11
237 230 11 11
237 220 11 11
238 230 11 11
238 223 11 11
239 228 11 11
239 230 11 11
220 223 11 11
220 235 11 11
221 233 11 11
221 237 11 11
242 240 12 12
242 241 12 12
243 242 12 12
243 240 12 12
244 240 12 12
244 241 12 12
245 244 12 12
245 243 12 12
246 245 12 12
246 242 12 12
247 242 12 12
247 245 12 12
248 245 12 12
248 243 12 12
249 247 12 12
249 244 12 12
250 248 12 12
250 243 12 12
251 244 12 12
251 243 12 12
252 245 12 12
252 240 12 12
253 251 12 12
253 243 12 12
254 246 12 12
254 244 12 12
255 247 12 12
255 245 12 12
256 243 12 12
256 249 12 12
257 242 12 12
257 249 12 12
258 240 12 12
258 243 12 12
259 240 12 12
259 245 12 12
240 251 12 12
240 245 12 12
241 252 12 12
241 259 12 12
262 260 13 13
262 261 13 13
263 260 13 13
263 262 13 13
264 263 13 13
264 262 13 13
265 261 13 13
265 262 13 13
266 264 13 13
266 260 13 13
267 263 13 13
267 264 13 13
268 260 13 13
268 263 13 13
269 260 13 13
269 262 13 13
270 268 13 13
270 263 13 13
271 268 13 13
271 266 13 13
272 262 13 13
272 266 13 13
273 265 13 13
273 264 13 13
274 263 13 13
274 272 13 13
275 260 13 13
275 272 13 13
276 271 13 13
276 264 13 13
277 261 13 13
277 269 13 13
278 276 13 13
278 266 13 13
279 276 13 13
279 269 13 13
260 274 13 13
260 270 13 13
261 273 13 13
261 268 13 13
282 281 14 14
282 280 14 14
283 280 14 14
283 281 14 14
284 283 14 14
284 282 14 14
285 283 14 14
285 281 14 14
286 281 14 14
286 284 14 14
287 282 14 14
287 281 14 14
288 286 14 14
288 283 14 14
289 283 14 14
289 285 14 14
290 289 14 14
290 283 14 14
291 288 14 14
291 285 14 14
292 284 14 14
292 282 14 14
293 291 14 14
293 285 14 14
294 293 14 14
294 292 14 14
295 283 14 14
295 281 14 14
296 280 14 14
296 294 14 14
297 288 14 14
297 282 14 14
298 295 14 14
298 284 14 14
299 280 14 14
299 282 14 14
280 293 14 14
280 288 14 14
281 297 14 14
281 293 14 14
302 301 15 15
302 300 15 15
303 302 15 15
303 300 15 15
304 302 15 15
304 301 15 15
305 303 15 15
305 301 15 15
306 301 15 15
306 305 15 15
307 304 15 15
307 300 15 15
308 300 15 15
308 307 15 15
309 302 15 15
309 301 15 15
310 302 15 15
310 304 15 15
311 308 15 15
311 305 15 15
312 307 15 15
312 309 15 15
313 308 15 15
313 306 15 15
314 311 15 15
314 304 15 15
315 311 15 15
315 309 15 15
316 309 15 15
316 305 15 15
317 308 15 15
317 313 15 15
318 312 15 15
318 305 15 15
319 300 15 15
319 303 15 15
300 311 15 15
300 306 15 15
301 307 15 15
301 308 15 15
42 29 2 1
57 18 2 0
74 39 3 1
64 11 3 0
89 43 4 2
94 1 4 0
105 84 5 4
101 25 5 1
124 32 6 1
128 114 6 5
143 66 7 3
156 34 7 1
164 67 8 3
175 48 8 2
190 120 9 6
185 109 9 5
200 54 10 2
206 152 10 7
235 58 11 2
223 83 11 4
246 174 12 8
247 122 12 6
274 53 13 2
272 165 13 8
280 40 14 2
290 28 14 1
310 222 15 11
311 121 15 6
1 176 0 8
1 304 0 15
33 311 1 15
23 210 1 10
