swNum = 320
edgeNum = 672

0 0
1 0
2 0
3 0
4 0
5 0
6 0
7 0
8 0
9 0
10 0
11 0
12 0
13 0
14 0
15 0
16 0
17 0
18 0
19 0
20 1
21 1
22 1
23 1
24 1
25 1
26 1
27 1
28 1
29 1
30 1
31 1
32 1
33 1
34 1
35 1
36 1
37 1
38 1
39 1
40 2
41 2
42 2
43 2
44 2
45 2
46 2
47 2
48 2
49 2
50 2
51 2
52 2
53 2
54 2
55 2
56 2
57 2
58 2
59 2
60 3
61 3
62 3
63 3
64 3
65 3
66 3
67 3
68 3
69 3
70 3
71 3
72 3
73 3
74 3
75 3
76 3
77 3
78 3
79 3
80 4
81 4
82 4
83 4
84 4
85 4
86 4
87 4
88 4
89 4
90 4
91 4
92 4
93 4
94 4
95 4
96 4
97 4
98 4
99 4
100 5
101 5
102 5
103 5
104 5
105 5
106 5
107 5
108 5
109 5
110 5
111 5
112 5
113 5
114 5
115 5
116 5
117 5
118 5
119 5
120 6
121 6
122 6
123 6
124 6
125 6
126 6
127 6
128 6
129 6
130 6
131 6
132 6
133 6
134 6
135 6
136 6
137 6
138 6
139 6
140 7
141 7
142 7
143 7
144 7
145 7
146 7
147 7
148 7
149 7
150 7
151 7
152 7
153 7
154 7
155 7
156 7
157 7
158 7
159 7
160 8
161 8
162 8
163 8
164 8
165 8
166 8
167 8
168 8
169 8
170 8
171 8
172 8
173 8
174 8
175 8
176 8
177 8
178 8
179 8
180 9
181 9
182 9
183 9
184 9
185 9
186 9
187 9
188 9
189 9
190 9
191 9
192 9
193 9
194 9
195 9
196 9
197 9
198 9
199 9
200 10
201 10
202 10
203 10
204 10
205 10
206 10
207 10
208 10
209 10
210 10
211 10
212 10
213 10
214 10
215 10
216 10
217 10
218 10
219 10
220 11
221 11
222 11
223 11
224 11
225 11
226 11
227 11
228 11
229 11
230 11
231 11
232 11
233 11
234 11
235 11
236 11
237 11
238 11
239 11
240 12
241 12
242 12
243 12
244 12
245 12
246 12
247 12
248 12
249 12
250 12
251 12
252 12
253 12
254 12
255 12
256 12
257 12
258 12
259 12
260 13
261 13
262 13
263 13
264 13
265 13
266 13
267 13
268 13
269 13
270 13
271 13
272 13
273 13
274 13
275 13
276 13
277 13
278 13
279 13
280 14
281 14
282 14
283 14
284 14
285 14
286 14
287 14
288 14
289 14
290 14
291 14
292 14
293 14
294 14
295 14
296 14
297 14
298 14
299 14
300 15
301 15
302 15
303 15
304 15
305 15
306 15
307 15
308 15
309 15
310 15
311 15
312 15
313 15
314 15
315 15
316 15
317 15
318 15
319 15

2 0 0 0
2 1 0 0
3 2 0 0
3 0 0 0
4 2 0 0
4 3 0 0
5 3 0 0
5 1 0 0
6 3 0 0
6 5 0 0
7 3 0 0
7 6 0 0
8 5 0 0
8 2 0 0
9 6 0 0
9 8 0 0
10 1 0 0
10 3 0 0
11 0 0 0
11 4 0 0
12 4 0 0
12 7 0 0
13 8 0 0
13 4 0 0
14 8 0 0
14 1 0 0
15 3 0 0
15 1 0 0
16 9 0 0
16 14 0 0
17 1 0 0
17 8 0 0
18 13 0 0
18 10 0 0
19 10 0 0
19 2 0 0
0 8 0 0
0 5 0 0
1 6 0 0
1 4 0 0
22 21 1 1
22 20 1 1
23 20 1 1
23 22 1 1
24 23 1 1
24 21 1 1
25 22 1 1
25 20 1 1
26 24 1 1
26 20 1 1
27 26 1 1
27 21 1 1
28 24 1 1
28 22 1 1
29 24 1 1
29 20 1 1
30 21 1 1
30 24 1 1
31 21 1 1
31 28 1 1
32 30 1 1
32 31 1 1
33 24 1 1
33 20 1 1
34 22 1 1
34 31 1 1
35 32 1 1
35 28 1 1
36 28 1 1
36 25 1 1
37 36 1 1
37 27 1 1
38 24 1 1
38 33 1 1
39 24 1 1
39 37 1 1
20 38 1 1
20 36 1 1
21 36 1 1
21 28 1 1
42 40 2 2
42 41 2 2
43 42 2 2
43 40 2 2
44 41 2 2
44 42 2 2
45 44 2 2
45 41 2 2
46 44 2 2
46 43 2 2
47 42 2 2
47 45 2 2
48 41 2 2
48 47 2 2
49 42 2 2
49 43 2 2
50 47 2 2
50 41 2 2
51 43 2 2
51 46 2 2
52 43 2 2
52 51 2 2
53 51 2 2
53 47 2 2
54 41 2 2
54 47 2 2
55 47 2 2
55 46 2 2
56 43 2 2
56 44 2 2
57 54 2 2
57 48 2 2
58 43 2 2
58 56 2 2
59 49 2 2
59 48 2 2
40 48 2 2
40 58 2 2
41 46 2 2
41 56 2 2
62 61 3 3
62 60 3 3
63 62 3 3
63 61 3 3
64 63 3 3
64 60 3 3
65 60 3 3
65 63 3 3
66 60 3 3
66 64 3 3
67 63 3 3
67 61 3 3
68 66 3 3
68 65 3 3
69 65 3 3
69 61 3 3
70 69 3 3
70 62 3 3
71 66 3 3
71 60 3 3
72 68 3 3
72 70 3 3
73 65 3 3
73 63 3 3
74 72 3 3
74 64 3 3
75 61 3 3
75 68 3 3
76 73 3 3
76 74 3 3
77 73 3 3
77 68 3 3
78 75 3 3
78 71 3 3
79 64 3 3
79 71 3 3
60 77 3 3
60 74 3 3
61 77 3 3
61 66 3 3
82 80 4 4
82 81 4 4
83 82 4 4
83 80 4 4
84 81 4 4
84 82 4 4
85 81 4 4
85 84 4 4
86 82 4 4
86 83 4 4
87 85 4 4
87 83 4 4
88 81 4 4
88 84 4 4
89 80 4 4
89 82 4 4
90 89 4 4
90 85 4 4
91 83 4 4
91 87 4 4
92 82 4 4
92 80 4 4
93 86 4 4
93 91 4 4
94 81 4 4
94 84 4 4
95 88 4 4
95 85 4 4
96 84 4 4
96 81 4 4
97 92 4 4
97 84 4 4
98 89 4 4
98 94 4 4
99 87 4 4
99 91 4 4
80 91 4 4
80 93 4 4
81 97 4 4
81 95 4 4
102 101 5 5
102 100 5 5
103 100 5 5
103 101 5 5
104 103 5 5
104 100 5 5
105 102 5 5
105 104 5 5
106 101 5 5
106 105 5 5
107 105 5 5
107 100 5 5
108 101 5 5
108 106 5 5
109 106 5 5
109 103 5 5
110 109 5 5
110 101 5 5
111 106 5 5
111 101 5 5
112 110 5 5
112 107 5 5
113 102 5 5
113 100 5 5
114 101 5 5
114 113 5 5
115 108 5 5
115 113 5 5
116 105 5 5
116 115 5 5
117 108 5 5
117 102 5 5
118 100 5 5
118 110 5 5
119 105 5 5
119 100 5 5
100 109 5 5
100 110 5 5
101 105 5 5
101 107 5 5
122 120 6 6
122 121 6 6
123 122 6 6
123 120 6 6
124 122 6 6
124 123 6 6
125 120 6 6
125 122 6 6
126 124 6 6
126 122 6 6
127 124 6 6
127 123 6 6
128 121 6 6
128 125 6 6
129 125 6 6
129 124 6 6
130 124 6 6
130 121 6 6
131 129 6 6
131 120 6 6
132 124 6 6
132 123 6 6
133 128 6 6
133 126 6 6
134 133 6 6
134 131 6 6
135 124 6 6
135 121 6 6
136 123 6 6
136 120 6 6
137 135 6 6
137 122 6 6
138 121 6 6
138 131 6 6
139 133 6 6
139 135 6 6
120 137 6 6
120 129 6 6
121 123 6 6
121 126 6 6
142 140 7 7
142 141 7 7
143 141 7 7
143 140 7 7
144 141 7 7
144 140 7 7
145 143 7 7
145 141 7 7
146 145 7 7
146 142 7 7
147 143 7 7
147 142 7 7
148 142 7 7
148 140 7 7
149 140 7 7
149 143 7 7
150 142 7 7
150 146 7 7
151 145 7 7
151 146 7 7
152 150 7 7
152 148 7 7
153 144 7 7
153 152 7 7
154 149 7 7
154 140 7 7
155 154 7 7
155 153 7 7
156 145 7 7
156 146 7 7
157 141 7 7
157 149 7 7
158 145 7 7
158 152 7 7
159 147 7 7
159 142 7 7
140 145 7 7
140 159 7 7
141 158 7 7
141 149 7 7
162 160 8 8
162 161 8 8
163 161 8 8
163 160 8 8
164 161 8 8
164 163 8 8
165 164 8 8
165 161 8 8
166 165 8 8
166 160 8 8
167 160 8 8
167 162 8 8
168 164 8 8
168 163 8 8
169 163 8 8
169 160 8 8
170 169 8 8
170 168 8 8
171 162 8 8
171 160 8 8
172 170 8 8
172 162 8 8
173 165 8 8
173 164 8 8
174 164 8 8
174 170 8 8
175 173 8 8
175 165 8 8
176 175 8 8
176 173 8 8
177 161 8 8
177 170 8 8
178 164 8 8
178 165 8 8
179 175 8 8
179 169 8 8
160 168 8 8
160 164 8 8
161 175 8 8
161 173 8 8
182 180 9 9
182 181 9 9
183 181 9 9
183 182 9 9
184 183 9 9
184 180 9 9
185 183 9 9
185 184 9 9
186 180 9 9
186 181 9 9
187 185 9 9
187 184 9 9
188 180 9 9
188 185 9 9
189 188 9 9
189 185 9 9
190 184 9 9
190 183 9 9
191 183 9 9
191 185 9 9
192 180 9 9
192 182 9 9
193 189 9 9
193 192 9 9
194 188 9 9
194 185 9 9
195 183 9 9
195 185 9 9
196 182 9 9
196 191 9 9
197 190 9 9
197 195 9 9
198 193 9 9
198 191 9 9
199 189 9 9
199 185 9 9
180 197 9 9
180 194 9 9
181 199 9 9
181 192 9 9
202 200 10 10
202 201 10 10
203 200 10 10
203 201 10 10
204 201 10 10
204 200 10 10
205 204 10 10
205 200 10 10
206 202 10 10
206 201 10 10
207 206 10 10
207 205 10 10
208 201 10 10
208 206 10 10
209 200 10 10
209 201 10 10
210 202 10 10
210 200 10 10
211 210 10 10
211 204 10 10
212 209 10 10
212 210 10 10
213 205 10 10
213 209 10 10
214 213 10 10
214 204 10 10
215 209 10 10
215 203 10 10
216 201 10 10
216 202 10 10
217 201 10 10
217 208 10 10
218 211 10 10
218 216 10 10
219 205 10 10
219 211 10 10
200 219 10 10
200 216 10 10
201 207 10 10
201 215 10 10
222 221 11 11
222 220 11 11
223 221 11 11
223 220 11 11
224 222 11 11
224 220 11 11
225 220 11 11
225 222 11 11
226 223 11 11
226 225 11 11
227 222 11 11
227 221 11 11
228 223 11 11
228 222 11 11
229 221 11 11
229 224 11 11
230 227 11 11
230 221 11 11
231 220 11 11
231 224 11 11
232 226 11 11
232 225 11 11
233 232 11 11
233 228 11 11
234 227 11 11
234 232 11 11
235 234 11 11
235 223 11 11
236 232 11 11
236 226 11 11
237 227 11 11
237 231 11 11
238 222 11 11
238 224 11 11
239 232 11 11
239 237 11 11
220 237 11 11
220 235 11 11
221 235 11 11
221 231 11 11
242 240 12 12
242 241 12 12
243 240 12 12
243 241 12 12
244 240 12 12
244 243 12 12
245 242 12 12
245 243 12 12
246 242 12 12
246 240 12 12
247 245 12 12
247 244 12 12
248 241 12 12
248 245 12 12
249 247 12 12
249 243 12 12
250 244 12 12
250 242 12 12
251 243 12 12
251 246 12 12
252 240 12 12
252 250 12 12
253 245 12 12
253 240 12 12
254 241 12 12
254 244 12 12
255 251 12 12
255 250 12 12
256 252 12 12
256 249 12 12
257 251 12 12
257 242 12 12
258 250 12 12
258 251 12 12
259 252 12 12
259 244 12 12
240 248 12 12
240 257 12 12
241 252 12 12
241 258 12 12
262 260 13 13
262 261 13 13
263 262 13 13
263 260 13 13
264 263 13 13
264 261 13 13
265 262 13 13
265 263 13 13
266 265 13 13
266 264 13 13
267 265 13 13
267 266 13 13
268 264 13 13
268 261 13 13
269 265 13 13
269 262 13 13
270 269 13 13
270 264 13 13
271 270 13 13
271 269 13 13
272 270 13 13
272 265 13 13
273 265 13 13
273 272 13 13
274 261 13 13
274 268 13 13
275 268 13 13
275 266 13 13
276 264 13 13
276 273 13 13
277 275 13 13
277 273 13 13
278 266 13 13
278 267 13 13
279 276 13 13
279 277 13 13
260 264 13 13
260 267 13 13
261 265 13 13
261 271 13 13
282 280 14 14
282 281 14 14
283 282 14 14
283 280 14 14
284 283 14 14
284 280 14 14
285 282 14 14
285 281 14 14
286 284 14 14
286 285 14 14
287 280 14 14
287 283 14 14
288 287 14 14
288 282 14 14
289 288 14 14
289 286 14 14
290 286 14 14
290 283 14 14
291 286 14 14
291 282 14 14
292 285 14 14
292 281 14 14
293 285 14 14
293 281 14 14
294 286 14 14
294 283 14 14
295 288 14 14
295 285 14 14
296 286 14 14
296 292 14 14
297 292 14 14
297 288 14 14
298 288 14 14
298 291 14 14
299 294 14 14
299 285 14 14
280 290 14 14
280 295 14 14
281 299 14 14
281 296 14 14
302 300 15 15
302 301 15 15
303 301 15 15
303 300 15 15
304 300 15 15
304 301 15 15
305 301 15 15
305 303 15 15
306 301 15 15
306 305 15 15
307 304 15 15
307 306 15 15
308 300 15 15
308 304 15 15
309 300 15 15
309 303 15 15
310 300 15 15
310 302 15 15
311 309 15 15
311 303 15 15
312 300 15 15
312 303 15 15
313 308 15 15
313 309 15 15
314 309 15 15
314 300 15 15
315 304 15 15
315 303 15 15
316 312 15 15
316 300 15 15
317 316 15 15
317 303 15 15
318 303 15 15
318 310 15 15
319 303 15 15
319 300 15 15
300 317 15 15
300 311 15 15
301 319 15 15
301 313 15 15
43 2 2 0
48 23 2 1
63 17 3 0
70 57 3 2
86 78 4 3
89 57 4 2
113 59 5 2
114 33 5 1
123 17 6 0
135 113 6 5
140 67 7 3
149 82 7 4
174 95 8 4
173 153 8 7
192 119 9 5
185 137 9 6
209 70 10 3
214 47 10 2
226 35 11 1
234 18 11 0
258 96 12 4
252 169 12 8
278 228 13 11
269 190 13 9
285 53 14 2
299 102 14 5
318 112 15 5
314 96 15 4
9 273 0 13
8 194 0 9
23 96 1 4
25 240 1 12
