swNum = 320
edgeNum = 672

0 0
1 0
2 0
3 0
4 0
5 0
6 0
7 0
8 0
9 0
10 0
11 0
12 0
13 0
14 0
15 0
16 0
17 0
18 0
19 0
20 1
21 1
22 1
23 1
24 1
25 1
26 1
27 1
28 1
29 1
30 1
31 1
32 1
33 1
34 1
35 1
36 1
37 1
38 1
39 1
40 2
41 2
42 2
43 2
44 2
45 2
46 2
47 2
48 2
49 2
50 2
51 2
52 2
53 2
54 2
55 2
56 2
57 2
58 2
59 2
60 3
61 3
62 3
63 3
64 3
65 3
66 3
67 3
68 3
69 3
70 3
71 3
72 3
73 3
74 3
75 3
76 3
77 3
78 3
79 3
80 4
81 4
82 4
83 4
84 4
85 4
86 4
87 4
88 4
89 4
90 4
91 4
92 4
93 4
94 4
95 4
96 4
97 4
98 4
99 4
100 5
101 5
102 5
103 5
104 5
105 5
106 5
107 5
108 5
109 5
110 5
111 5
112 5
113 5
114 5
115 5
116 5
117 5
118 5
119 5
120 6
121 6
122 6
123 6
124 6
125 6
126 6
127 6
128 6
129 6
130 6
131 6
132 6
133 6
134 6
135 6
136 6
137 6
138 6
139 6
140 7
141 7
142 7
143 7
144 7
145 7
146 7
147 7
148 7
149 7
150 7
151 7
152 7
153 7
154 7
155 7
156 7
157 7
158 7
159 7
160 8
161 8
162 8
163 8
164 8
165 8
166 8
167 8
168 8
169 8
170 8
171 8
172 8
173 8
174 8
175 8
176 8
177 8
178 8
179 8
180 9
181 9
182 9
183 9
184 9
185 9
186 9
187 9
188 9
189 9
190 9
191 9
192 9
193 9
194 9
195 9
196 9
197 9
198 9
199 9
200 10
201 10
202 10
203 10
204 10
205 10
206 10
207 10
208 10
209 10
210 10
211 10
212 10
213 10
214 10
215 10
216 10
217 10
218 10
219 10
220 11
221 11
222 11
223 11
224 11
225 11
226 11
227 11
228 11
229 11
230 11
231 11
232 11
233 11
234 11
235 11
236 11
237 11
238 11
239 11
240 12
241 12
242 12
243 12
244 12
245 12
246 12
247 12
248 12
249 12
250 12
251 12
252 12
253 12
254 12
255 12
256 12
257 12
258 12
259 12
260 13
261 13
262 13
263 13
264 13
265 13
266 13
267 13
268 13
269 13
270 13
271 13
272 13
273 13
274 13
275 13
276 13
277 13
278 13
279 13
280 14
281 14
282 14
283 14
284 14
285 14
286 14
287 14
288 14
289 14
290 14
291 14
292 14
293 14
294 14
295 14
296 14
297 14
298 14
299 14
300 15
301 15
302 15
303 15
304 15
305 15
306 15
307 15
308 15
309 15
310 15
311 15
312 15
313 15
314 15
315 15
316 15
317 15
318 15
319 15

2 0 0 0
2 1 0 0
3 2 0 0
3 1 0 0
4 3 0 0
4 0 0 0
5 0 0 0
5 1 0 0
6 4 0 0
6 3 0 0
7 2 0 0
7 6 0 0
8 4 0 0
8 1 0 0
9 5 0 0
9 7 0 0
10 7 0 0
10 2 0 0
11 2 0 0
11 10 0 0
12 0 0 0
12 3 0 0
13 4 0 0
13 2 0 0
14 3 0 0
14 10 0 0
15 2 0 0
15 6 0 0
16 15 0 0
16 3 0 0
17 11 0 0
17 7 0 0
18 6 0 0
18 3 0 0
19 4 0 0
19 2 0 0
0 11 0 0
0 15 0 0
1 9 0 0
1 19 0 0
22 20 1 1
22 21 1 1
23 20 1 1
23 21 1 1
24 20 1 1
24 23 1 1
25 20 1 1
25 23 1 1
26 20 1 1
26 24 1 1
27 20 1 1
27 26 1 1
28 21 1 1
28 27 1 1
29 23 1 1
29 25 1 1
30 28 1 1
30 22 1 1
31 30 1 1
31 20 1 1
32 27 1 1
32 26 1 1
33 25 1 1
33 30 1 1
34 28 1 1
34 21 1 1
35 31 1 1
35 23 1 1
36 31 1 1
36 28 1 1
37 21 1 1
37 30 1 1
38 34 1 1
38 35 1 1
39 29 1 1
39 32 1 1
20 34 1 1
20 39 1 1
21 30 1 1
21 25 1 1
42 41 2 2
42 40 2 2
43 41 2 2
43 42 2 2
44 42 2 2
44 43 2 2
45 42 2 2
45 40 2 2
46 41 2 2
46 42 2 2
47 42 2 2
47 44 2 2
48 42 2 2
48 46 2 2
49 44 2 2
49 47 2 2
50 42 2 2
50 47 2 2
51 48 2 2
51 45 2 2
52 42 2 2
52 46 2 2
53 51 2 2
53 52 2 2
54 53 2 2
54 40 2 2
55 52 2 2
55 40 2 2
56 41 2 2
56 43 2 2
57 41 2 2
57 55 2 2
58 41 2 2
58 49 2 2
59 49 2 2
59 50 2 2
40 58 2 2
40 57 2 2
41 44 2 2
41 51 2 2
62 61 3 3
62 60 3 3
63 62 3 3
63 60 3 3
64 61 3 3
64 62 3 3
65 62 3 3
65 64 3 3
66 64 3 3
66 63 3 3
67 66 3 3
67 61 3 3
68 61 3 3
68 66 3 3
69 60 3 3
69 61 3 3
70 65 3 3
70 62 3 3
71 61 3 3
71 64 3 3
72 68 3 3
72 71 3 3
73 62 3 3
73 66 3 3
74 73 3 3
74 70 3 3
75 72 3 3
75 69 3 3
76 63 3 3
76 64 3 3
77 62 3 3
77 65 3 3
78 77 3 3
78 74 3 3
79 65 3 3
79 61 3 3
60 73 3 3
60 65 3 3
61 72 3 3
61 75 3 3
82 80 4 4
82 81 4 4
83 80 4 4
83 81 4 4
84 81 4 4
84 80 4 4
85 80 4 4
85 81 4 4
86 83 4 4
86 80 4 4
87 82 4 4
87 81 4 4
88 86 4 4
88 82 4 4
89 82 4 4
89 85 4 4
90 80 4 4
90 86 4 4
91 89 4 4
91 82 4 4
92 81 4 4
92 80 4 4
93 85 4 4
93 80 4 4
94 85 4 4
94 91 4 4
95 91 4 4
95 92 4 4
96 87 4 4
96 81 4 4
97 94 4 4
97 86 4 4
98 93 4 4
98 83 4 4
99 90 4 4
99 85 4 4
80 99 4 4
80 97 4 4
81 95 4 4
81 98 4 4
102 100 5 5
102 101 5 5
103 102 5 5
103 100 5 5
104 102 5 5
104 100 5 5
105 102 5 5
105 100 5 5
106 105 5 5
106 100 5 5
107 106 5 5
107 100 5 5
108 104 5 5
108 102 5 5
109 105 5 5
109 108 5 5
110 100 5 5
110 101 5 5
111 103 5 5
111 109 5 5
112 107 5 5
112 103 5 5
113 101 5 5
113 103 5 5
114 113 5 5
114 102 5 5
115 112 5 5
115 107 5 5
116 107 5 5
116 103 5 5
117 103 5 5
117 109 5 5
118 100 5 5
118 108 5 5
119 118 5 5
119 114 5 5
100 114 5 5
100 112 5 5
101 103 5 5
101 119 5 5
122 120 6 6
122 121 6 6
123 120 6 6
123 122 6 6
124 122 6 6
124 120 6 6
125 121 6 6
125 120 6 6
126 123 6 6
126 122 6 6
127 122 6 6
127 121 6 6
128 126 6 6
128 120 6 6
129 123 6 6
129 122 6 6
130 121 6 6
130 126 6 6
131 129 6 6
131 122 6 6
132 126 6 6
132 121 6 6
133 122 6 6
133 128 6 6
134 132 6 6
134 133 6 6
135 124 6 6
135 129 6 6
136 130 6 6
136 122 6 6
137 134 6 6
137 136 6 6
138 122 6 6
138 127 6 6
139 136 6 6
139 120 6 6
120 127 6 6
120 138 6 6
121 123 6 6
121 138 6 6
142 141 7 7
142 140 7 7
143 142 7 7
143 140 7 7
144 140 7 7
144 142 7 7
145 142 7 7
145 140 7 7
146 143 7 7
146 144 7 7
147 146 7 7
147 140 7 7
148 140 7 7
148 145 7 7
149 143 7 7
149 145 7 7
150 140 7 7
150 149 7 7
151 144 7 7
151 142 7 7
152 151 7 7
152 142 7 7
153 143 7 7
153 147 7 7
154 148 7 7
154 149 7 7
155 144 7 7
155 142 7 7
156 153 7 7
156 147 7 7
157 144 7 7
157 149 7 7
158 155 7 7
158 143 7 7
159 151 7 7
159 149 7 7
140 156 7 7
140 151 7 7
141 147 7 7
141 150 7 7
162 160 8 8
162 161 8 8
163 162 8 8
163 160 8 8
164 160 8 8
164 161 8 8
165 162 8 8
165 163 8 8
166 161 8 8
166 162 8 8
167 160 8 8
167 165 8 8
168 164 8 8
168 160 8 8
169 168 8 8
169 161 8 8
170 166 8 8
170 163 8 8
171 166 8 8
171 162 8 8
172 161 8 8
172 166 8 8
173 163 8 8
173 160 8 8
174 173 8 8
174 163 8 8
175 172 8 8
175 161 8 8
176 172 8 8
176 166 8 8
177 160 8 8
177 168 8 8
178 174 8 8
178 166 8 8
179 167 8 8
179 177 8 8
160 179 8 8
160 174 8 8
161 167 8 8
161 165 8 8
182 181 9 9
182 180 9 9
183 181 9 9
183 180 9 9
184 183 9 9
184 181 9 9
185 181 9 9
185 182 9 9
186 184 9 9
186 183 9 9
187 183 9 9
187 186 9 9
188 187 9 9
188 183 9 9
189 188 9 9
189 182 9 9
190 188 9 9
190 183 9 9
191 182 9 9
191 185 9 9
192 187 9 9
192 189 9 9
193 183 9 9
193 184 9 9
194 189 9 9
194 193 9 9
195 182 9 9
195 185 9 9
196 193 9 9
196 186 9 9
197 196 9 9
197 187 9 9
198 183 9 9
198 187 9 9
199 195 9 9
199 187 9 9
180 187 9 9
180 184 9 9
181 191 9 9
181 189 9 9
202 201 10 10
202 200 10 10
203 201 10 10
203 200 10 10
204 200 10 10
204 201 10 10
205 202 10 10
205 201 10 10
206 202 10 10
206 205 10 10
207 200 10 10
207 206 10 10
208 202 10 10
208 206 10 10
209 200 10 10
209 207 10 10
210 205 10 10
210 200 10 10
211 205 10 10
211 208 10 10
212 204 10 10
212 207 10 10
213 201 10 10
213 210 10 10
214 208 10 10
214 213 10 10
215 205 10 10
215 214 10 10
216 215 10 10
216 204 10 10
217 200 10 10
217 215 10 10
218 203 10 10
218 213 10 10
219 203 10 10
219 210 10 10
200 212 10 10
200 213 10 10
201 218 10 10
201 211 10 10
222 220 11 11
222 221 11 11
223 220 11 11
223 222 11 11
224 222 11 11
224 220 11 11
225 224 11 11
225 222 11 11
226 224 11 11
226 222 11 11
227 222 11 11
227 221 11 11
228 227 11 11
228 221 11 11
229 223 11 11
229 222 11 11
230 226 11 11
230 224 11 11
231 227 11 11
231 223 11 11
232 231 11 11
232 227 11 11
233 227 11 11
233 231 11 11
234 225 11 11
234 222 11 11
235 234 11 11
235 222 11 11
236 232 11 11
236 223 11 11
237 221 11 11
237 228 11 11
238 220 11 11
238 233 11 11
239 222 11 11
239 224 11 11
220 227 11 11
220 239 11 11
221 223 11 11
221 229 11 11
242 240 12 12
242 241 12 12
243 240 12 12
243 241 12 12
244 243 12 12
244 240 12 12
245 243 12 12
245 242 12 12
246 240 12 12
246 243 12 12
247 245 12 12
247 241 12 12
248 243 12 12
248 242 12 12
249 243 12 12
249 245 12 12
250 246 12 12
250 241 12 12
251 240 12 12
251 250 12 12
252 250 12 12
252 243 12 12
253 250 12 12
253 252 12 12
254 243 12 12
254 252 12 12
255 249 12 12
255 247 12 12
256 252 12 12
256 247 12 12
257 250 12 12
257 255 12 12
258 252 12 12
258 256 12 12
259 255 12 12
259 248 12 12
240 245 12 12
240 259 12 12
241 253 12 12
241 245 12 12
262 260 13 13
262 261 13 13
263 261 13 13
263 260 13 13
264 263 13 13
264 260 13 13
265 260 13 13
265 264 13 13
266 262 13 13
266 264 13 13
267 260 13 13
267 262 13 13
268 260 13 13
268 265 13 13
269 263 13 13
269 267 13 13
270 266 13 13
270 267 13 13
271 261 13 13
271 265 13 13
272 260 13 13
272 268 13 13
273 268 13 13
273 269 13 13
274 266 13 13
274 271 13 13
275 270 13 13
275 261 13 13
276 275 13 13
276 268 13 13
277 274 13 13
277 271 13 13
278 260 13 13
278 268 13 13
279 272 13 13
279 260 13 13
260 269 13 13
260 273 13 13
261 273 13 13
261 270 13 13
282 281 14 14
282 280 14 14
283 282 14 14
283 281 14 14
284 282 14 14
284 281 14 14
285 281 14 14
285 283 14 14
286 284 14 14
286 281 14 14
287 286 14 14
287 284 14 14
288 285 14 14
288 282 14 14
289 284 14 14
289 285 14 14
290 284 14 14
290 285 14 14
291 282 14 14
291 290 14 14
292 291 14 14
292 285 14 14
293 286 14 14
293 280 14 14
294 285 14 14
294 292 14 14
295 281 14 14
295 293 14 14
296 293 14 14
296 283 14 14
297 282 14 14
297 291 14 14
298 281 14 14
298 283 14 14
299 296 14 14
299 282 14 14
280 292 14 14
280 287 14 14
281 297 14 14
281 291 14 14
302 300 15 15
302 301 15 15
303 300 15 15
303 302 15 15
304 303 15 15
304 301 15 15
305 304 15 15
305 300 15 15
306 301 15 15
306 302 15 15
307 306 15 15
307 305 15 15
308 303 15 15
308 307 15 15
309 305 15 15
309 308 15 15
310 302 15 15
310 300 15 15
311 302 15 15
311 308 15 15
312 310 15 15
312 302 15 15
313 307 15 15
313 306 15 15
314 307 15 15
314 312 15 15
315 306 15 15
315 300 15 15
316 302 15 15
316 306 15 15
317 315 15 15
317 311 15 15
318 305 15 15
318 302 15 15
319 318 15 15
319 302 15 15
300 313 15 15
300 316 15 15
301 312 15 15
301 311 15 15
50 35 2 1
47 9 2 0
65 1 3 0
68 33 3 1
89 51 4 2
89 8 4 0
113 44 5 2
115 4 5 0
129 106 6 5
127 96 6 4
155 107 7 5
152 127 7 6
163 42 8 2
160 109 8 5
189 96 9 4
188 51 9 2
217 10 10 0
212 78 10 3
225 129 11 6
232 159 11 7
246 123 12 6
247 153 12 7
269 210 13 10
261 65 13 3
280 236 14 11
297 258 14 12
319 212 15 10
318 111 15 5
13 300 0 15
13 144 0 7
26 279 1 13
20 105 1 5
