swNum = 320
edgeNum = 672

0 0
1 0
2 0
3 0
4 0
5 0
6 0
7 0
8 0
9 0
10 0
11 0
12 0
13 0
14 0
15 0
16 0
17 0
18 0
19 0
20 1
21 1
22 1
23 1
24 1
25 1
26 1
27 1
28 1
29 1
30 1
31 1
32 1
33 1
34 1
35 1
36 1
37 1
38 1
39 1
40 2
41 2
42 2
43 2
44 2
45 2
46 2
47 2
48 2
49 2
50 2
51 2
52 2
53 2
54 2
55 2
56 2
57 2
58 2
59 2
60 3
61 3
62 3
63 3
64 3
65 3
66 3
67 3
68 3
69 3
70 3
71 3
72 3
73 3
74 3
75 3
76 3
77 3
78 3
79 3
80 4
81 4
82 4
83 4
84 4
85 4
86 4
87 4
88 4
89 4
90 4
91 4
92 4
93 4
94 4
95 4
96 4
97 4
98 4
99 4
100 5
101 5
102 5
103 5
104 5
105 5
106 5
107 5
108 5
109 5
110 5
111 5
112 5
113 5
114 5
115 5
116 5
117 5
118 5
119 5
120 6
121 6
122 6
123 6
124 6
125 6
126 6
127 6
128 6
129 6
130 6
131 6
132 6
133 6
134 6
135 6
136 6
137 6
138 6
139 6
140 7
141 7
142 7
143 7
144 7
145 7
146 7
147 7
148 7
149 7
150 7
151 7
152 7
153 7
154 7
155 7
156 7
157 7
158 7
159 7
160 8
161 8
162 8
163 8
164 8
165 8
166 8
167 8
168 8
169 8
170 8
171 8
172 8
173 8
174 8
175 8
176 8
177 8
178 8
179 8
180 9
181 9
182 9
183 9
184 9
185 9
186 9
187 9
188 9
189 9
190 9
191 9
192 9
193 9
194 9
195 9
196 9
197 9
198 9
199 9
200 10
201 10
202 10
203 10
204 10
205 10
206 10
207 10
208 10
209 10
210 10
211 10
212 10
213 10
214 10
215 10
216 10
217 10
218 10
219 10
220 11
221 11
222 11
223 11
224 11
225 11
226 11
227 11
228 11
229 11
230 11
231 11
232 11
233 11
234 11
235 11
236 11
237 11
238 11
239 11
240 12
241 12
242 12
243 12
244 12
245 12
246 12
247 12
248 12
249 12
250 12
251 12
252 12
253 12
254 12
255 12
256 12
257 12
258 12
259 12
260 13
261 13
262 13
263 13
264 13
265 13
266 13
267 13
268 13
269 13
270 13
271 13
272 13
273 13
274 13
275 13
276 13
277 13
278 13
279 13
280 14
281 14
282 14
283 14
284 14
285 14
286 14
287 14
288 14
289 14
290 14
291 14
292 14
293 14
294 14
295 14
296 14
297 14
298 14
299 14
300 15
301 15
302 15
303 15
304 15
305 15
306 15
307 15
308 15
309 15
310 15
311 15
312 15
313 15
314 15
315 15
316 15
317 15
318 15
319 15

2 1 0 0
2 0 0 0
3 0 0 0
3 1 0 0
4 1 0 0
4 0 0 0
5 0 0 0
5 3 0 0
6 1 0 0
6 4 0 0
7 3 0 0
7 1 0 0
8 5 0 0
8 2 0 0
9 3 0 0
9 0 0 0
10 1 0 0
10 0 0 0
11 9 0 0
11 7 0 0
12 4 0 0
12 1 0 0
13 1 0 0
13 0 0 0
14 2 0 0
14 1 0 0
15 2 0 0
15 13 0 0
16 8 0 0
16 0 0 0
17 0 0 0
17 5 0 0
18 9 0 0
18 16 0 0
19 8 0 0
19 13 0 0
0 11 0 0
0 15 0 0
1 11 0 0
1 18 0 0
22 21 1 1
22 20 1 1
23 20 1 1
23 21 1 1
24 20 1 1
24 21 1 1
25 22 1 1
25 24 1 1
26 24 1 1
26 25 1 1
27 26 1 1
27 24 1 1
28 21 1 1
28 22 1 1
29 21 1 1
29 26 1 1
30 25 1 1
30 29 1 1
31 29 1 1
31 30 1 1
32 21 1 1
32 22 1 1
33 27 1 1
33 29 1 1
34 28 1 1
34 24 1 1
35 32 1 1
35 24 1 1
36 23 1 1
36 35 1 1
37 25 1 1
37 35 1 1
38 26 1 1
38 25 1 1
39 21 1 1
39 27 1 1
20 29 1 1
20 39 1 1
21 37 1 1
21 36 1 1
42 40 2 2
42 41 2 2
43 40 2 2
43 41 2 2
44 40 2 2
44 42 2 2
45 40 2 2
45 43 2 2
46 44 2 2
46 45 2 2
47 43 2 2
47 42 2 2
48 42 2 2
48 44 2 2
49 46 2 2
49 42 2 2
50 48 2 2
50 47 2 2
51 41 2 2
51 43 2 2
52 51 2 2
52 41 2 2
53 44 2 2
53 42 2 2
54 52 2 2
54 47 2 2
55 44 2 2
55 50 2 2
56 52 2 2
56 40 2 2
57 47 2 2
57 40 2 2
58 46 2 2
58 55 2 2
59 54 2 2
59 58 2 2
40 50 2 2
40 59 2 2
41 46 2 2
41 59 2 2
62 61 3 3
62 60 3 3
63 60 3 3
63 61 3 3
64 60 3 3
64 62 3 3
65 61 3 3
65 60 3 3
66 64 3 3
66 65 3 3
67 65 3 3
67 64 3 3
68 67 3 3
68 60 3 3
69 62 3 3
69 64 3 3
70 62 3 3
70 68 3 3
71 61 3 3
71 69 3 3
72 62 3 3
72 70 3 3
73 68 3 3
73 69 3 3
74 68 3 3
74 72 3 3
75 71 3 3
75 67 3 3
76 65 3 3
76 68 3 3
77 65 3 3
77 68 3 3
78 73 3 3
78 69 3 3
79 69 3 3
79 61 3 3
60 74 3 3
60 79 3 3
61 77 3 3
61 74 3 3
82 80 4 4
82 81 4 4
83 80 4 4
83 82 4 4
84 83 4 4
84 81 4 4
85 81 4 4
85 84 4 4
86 82 4 4
86 81 4 4
87 82 4 4
87 81 4 4
88 80 4 4
88 85 4 4
89 84 4 4
89 86 4 4
90 80 4 4
90 87 4 4
91 90 4 4
91 81 4 4
92 86 4 4
92 84 4 4
93 83 4 4
93 82 4 4
94 93 4 4
94 82 4 4
95 88 4 4
95 85 4 4
96 83 4 4
96 92 4 4
97 92 4 4
97 90 4 4
98 84 4 4
98 93 4 4
99 94 4 4
99 90 4 4
80 94 4 4
80 95 4 4
81 89 4 4
81 97 4 4
102 101 5 5
102 100 5 5
103 102 5 5
103 101 5 5
104 102 5 5
104 103 5 5
105 100 5 5
105 104 5 5
106 103 5 5
106 100 5 5
107 101 5 5
107 103 5 5
108 100 5 5
108 105 5 5
109 105 5 5
109 103 5 5
110 105 5 5
110 100 5 5
111 102 5 5
111 103 5 5
112 100 5 5
112 107 5 5
113 100 5 5
113 112 5 5
114 106 5 5
114 111 5 5
115 105 5 5
115 111 5 5
116 112 5 5
116 106 5 5
117 110 5 5
117 107 5 5
118 112 5 5
118 116 5 5
119 108 5 5
119 101 5 5
100 116 5 5
100 109 5 5
101 113 5 5
101 112 5 5
122 120 6 6
122 121 6 6
123 122 6 6
123 120 6 6
124 120 6 6
124 122 6 6
125 123 6 6
125 124 6 6
126 122 6 6
126 123 6 6
127 125 6 6
127 124 6 6
128 127 6 6
128 124 6 6
129 128 6 6
129 121 6 6
130 120 6 6
130 128 6 6
131 126 6 6
131 130 6 6
132 120 6 6
132 130 6 6
133 120 6 6
133 124 6 6
134 132 6 6
134 127 6 6
135 127 6 6
135 120 6 6
136 133 6 6
136 128 6 6
137 135 6 6
137 130 6 6
138 128 6 6
138 135 6 6
139 129 6 6
139 135 6 6
120 131 6 6
120 136 6 6
121 137 6 6
121 128 6 6
142 140 7 7
142 141 7 7
143 140 7 7
143 142 7 7
144 142 7 7
144 143 7 7
145 142 7 7
145 141 7 7
146 142 7 7
146 144 7 7
147 141 7 7
147 145 7 7
148 143 7 7
148 147 7 7
149 147 7 7
149 140 7 7
150 148 7 7
150 141 7 7
151 146 7 7
151 145 7 7
152 147 7 7
152 151 7 7
153 152 7 7
153 143 7 7
154 152 7 7
154 148 7 7
155 140 7 7
155 149 7 7
156 152 7 7
156 140 7 7
157 146 7 7
157 151 7 7
158 145 7 7
158 154 7 7
159 157 7 7
159 151 7 7
140 152 7 7
140 159 7 7
141 155 7 7
141 152 7 7
162 161 8 8
162 160 8 8
163 161 8 8
163 160 8 8
164 162 8 8
164 161 8 8
165 164 8 8
165 163 8 8
166 163 8 8
166 164 8 8
167 161 8 8
167 163 8 8
168 164 8 8
168 161 8 8
169 162 8 8
169 168 8 8
170 169 8 8
170 162 8 8
171 169 8 8
171 170 8 8
172 166 8 8
172 170 8 8
173 170 8 8
173 164 8 8
174 160 8 8
174 170 8 8
175 173 8 8
175 170 8 8
176 172 8 8
176 173 8 8
177 175 8 8
177 164 8 8
178 173 8 8
178 163 8 8
179 171 8 8
179 178 8 8
160 179 8 8
160 165 8 8
161 175 8 8
161 174 8 8
182 180 9 9
182 181 9 9
183 181 9 9
183 180 9 9
184 183 9 9
184 180 9 9
185 181 9 9
185 183 9 9
186 184 9 9
186 185 9 9
187 184 9 9
187 183 9 9
188 186 9 9
188 182 9 9
189 183 9 9
189 186 9 9
190 187 9 9
190 184 9 9
191 180 9 9
191 188 9 9
192 188 9 9
192 180 9 9
193 186 9 9
193 189 9 9
194 185 9 9
194 180 9 9
195 182 9 9
195 188 9 9
196 194 9 9
196 191 9 9
197 187 9 9
197 186 9 9
198 184 9 9
198 195 9 9
199 197 9 9
199 196 9 9
180 196 9 9
180 185 9 9
181 191 9 9
181 192 9 9
202 201 10 10
202 200 10 10
203 202 10 10
203 201 10 10
204 203 10 10
204 200 10 10
205 201 10 10
205 200 10 10
206 201 10 10
206 202 10 10
207 206 10 10
207 201 10 10
208 201 10 10
208 206 10 10
209 204 10 10
209 200 10 10
210 203 10 10
210 209 10 10
211 200 10 10
211 202 10 10
212 206 10 10
212 200 10 10
213 201 10 10
213 208 10 10
214 210 10 10
214 203 10 10
215 211 10 10
215 210 10 10
216 214 10 10
216 210 10 10
217 209 10 10
217 200 10 10
218 204 10 10
218 217 10 10
219 200 10 10
219 211 10 10
200 215 10 10
200 218 10 10
201 217 10 10
201 218 10 10
222 221 11 11
222 220 11 11
223 221 11 11
223 222 11 11
224 223 11 11
224 220 11 11
225 221 11 11
225 220 11 11
226 222 11 11
226 221 11 11
227 220 11 11
227 223 11 11
228 227 11 11
228 225 11 11
229 223 11 11
229 222 11 11
230 222 11 11
230 229 11 11
231 230 11 11
231 222 11 11
232 228 11 11
232 220 11 11
233 232 11 11
233 225 11 11
234 231 11 11
234 226 11 11
235 234 11 11
235 223 11 11
236 227 11 11
236 225 11 11
237 228 11 11
237 235 11 11
238 230 11 11
238 233 11 11
239 225 11 11
239 222 11 11
220 226 11 11
220 230 11 11
221 230 11 11
221 229 11 11
242 241 12 12
242 240 12 12
243 242 12 12
243 240 12 12
244 240 12 12
244 242 12 12
245 241 12 12
245 243 12 12
246 240 12 12
246 244 12 12
247 240 12 12
247 242 12 12
248 243 12 12
248 240 12 12
249 247 12 12
249 246 12 12
250 244 12 12
250 245 12 12
251 243 12 12
251 244 12 12
252 245 12 12
252 243 12 12
253 240 12 12
253 250 12 12
254 251 12 12
254 249 12 12
255 252 12 12
255 251 12 12
256 253 12 12
256 255 12 12
257 242 12 12
257 255 12 12
258 242 12 12
258 250 12 12
259 248 12 12
259 247 12 12
240 252 12 12
240 256 12 12
241 257 12 12
241 254 12 12
262 261 13 13
262 260 13 13
263 261 13 13
263 260 13 13
264 261 13 13
264 262 13 13
265 260 13 13
265 263 13 13
266 263 13 13
266 262 13 13
267 263 13 13
267 264 13 13
268 265 13 13
268 262 13 13
269 267 13 13
269 260 13 13
270 267 13 13
270 269 13 13
271 261 13 13
271 265 13 13
272 270 13 13
272 263 13 13
273 261 13 13
273 260 13 13
274 261 13 13
274 264 13 13
275 269 13 13
275 271 13 13
276 263 13 13
276 273 13 13
277 264 13 13
277 260 13 13
278 260 13 13
278 272 13 13
279 265 13 13
279 269 13 13
260 270 13 13
260 268 13 13
261 279 13 13
261 276 13 13
282 280 14 14
282 281 14 14
283 282 14 14
283 280 14 14
284 283 14 14
284 281 14 14
285 280 14 14
285 283 14 14
286 284 14 14
286 281 14 14
287 281 14 14
287 280 14 14
288 283 14 14
288 287 14 14
289 281 14 14
289 284 14 14
290 285 14 14
290 287 14 14
291 284 14 14
291 282 14 14
292 283 14 14
292 288 14 14
293 288 14 14
293 289 14 14
294 286 14 14
294 293 14 14
295 283 14 14
295 286 14 14
296 287 14 14
296 295 14 14
297 294 14 14
297 296 14 14
298 286 14 14
298 295 14 14
299 284 14 14
299 292 14 14
280 290 14 14
280 296 14 14
281 293 14 14
281 298 14 14
302 301 15 15
302 300 15 15
303 301 15 15
303 300 15 15
304 300 15 15
304 301 15 15
305 301 15 15
305 300 15 15
306 300 15 15
306 301 15 15
307 301 15 15
307 300 15 15
308 305 15 15
308 301 15 15
309 308 15 15
309 304 15 15
310 300 15 15
310 303 15 15
311 304 15 15
311 308 15 15
312 307 15 15
312 300 15 15
313 311 15 15
313 301 15 15
314 304 15 15
314 302 15 15
315 307 15 15
315 308 15 15
316 300 15 15
316 302 15 15
317 302 15 15
317 306 15 15
318 307 15 15
318 317 15 15
319 313 15 15
319 302 15 15
300 315 15 15
300 313 15 15
301 316 15 15
301 312 15 15
48 27 2 1
42 3 2 0
62 22 3 1
77 18 3 0
81 7 4 0
94 57 4 2
114 1 5 0
100 81 5 4
127 48 6 2
124 119 6 5
156 80 7 4
141 75 7 3
165 69 8 3
177 11 8 0
182 141 9 7
194 17 9 0
216 86 10 4
211 153 10 7
220 51 11 2
234 195 11 9
252 219 12 10
240 40 12 2
269 254 13 12
279 57 13 2
287 198 14 9
281 8 14 0
310 254 15 12
303 24 15 1
6 238 0 11
15 270 0 13
38 226 1 11
38 292 1 14
