swNum = 320
edgeNum = 672

0 0
1 0
2 0
3 0
4 0
5 0
6 0
7 0
8 0
9 0
10 0
11 0
12 0
13 0
14 0
15 0
16 0
17 0
18 0
19 0
20 1
21 1
22 1
23 1
24 1
25 1
26 1
27 1
28 1
29 1
30 1
31 1
32 1
33 1
34 1
35 1
36 1
37 1
38 1
39 1
40 2
41 2
42 2
43 2
44 2
45 2
46 2
47 2
48 2
49 2
50 2
51 2
52 2
53 2
54 2
55 2
56 2
57 2
58 2
59 2
60 3
61 3
62 3
63 3
64 3
65 3
66 3
67 3
68 3
69 3
70 3
71 3
72 3
73 3
74 3
75 3
76 3
77 3
78 3
79 3
80 4
81 4
82 4
83 4
84 4
85 4
86 4
87 4
88 4
89 4
90 4
91 4
92 4
93 4
94 4
95 4
96 4
97 4
98 4
99 4
100 5
101 5
102 5
103 5
104 5
105 5
106 5
107 5
108 5
109 5
110 5
111 5
112 5
113 5
114 5
115 5
116 5
117 5
118 5
119 5
120 6
121 6
122 6
123 6
124 6
125 6
126 6
127 6
128 6
129 6
130 6
131 6
132 6
133 6
134 6
135 6
136 6
137 6
138 6
139 6
140 7
141 7
142 7
143 7
144 7
145 7
146 7
147 7
148 7
149 7
150 7
151 7
152 7
153 7
154 7
155 7
156 7
157 7
158 7
159 7
160 8
161 8
162 8
163 8
164 8
165 8
166 8
167 8
168 8
169 8
170 8
171 8
172 8
173 8
174 8
175 8
176 8
177 8
178 8
179 8
180 9
181 9
182 9
183 9
184 9
185 9
186 9
187 9
188 9
189 9
190 9
191 9
192 9
193 9
194 9
195 9
196 9
197 9
198 9
199 9
200 10
201 10
202 10
203 10
204 10
205 10
206 10
207 10
208 10
209 10
210 10
211 10
212 10
213 10
214 10
215 10
216 10
217 10
218 10
219 10
220 11
221 11
222 11
223 11
224 11
225 11
226 11
227 11
228 11
229 11
230 11
231 11
232 11
233 11
234 11
235 11
236 11
237 11
238 11
239 11
240 12
241 12
242 12
243 12
244 12
245 12
246 12
247 12
248 12
249 12
250 12
251 12
252 12
253 12
254 12
255 12
256 12
257 12
258 12
259 12
260 13
261 13
262 13
263 13
264 13
265 13
266 13
267 13
268 13
269 13
270 13
271 13
272 13
273 13
274 13
275 13
276 13
277 13
278 13
279 13
280 14
281 14
282 14
283 14
284 14
285 14
286 14
287 14
288 14
289 14
290 14
291 14
292 14
293 14
294 14
295 14
296 14
297 14
298 14
299 14
300 15
301 15
302 15
303 15
304 15
305 15
306 15
307 15
308 15
309 15
310 15
311 15
312 15
313 15
314 15
315 15
316 15
317 15
318 15
319 15

2 1 0 0
2 0 0 0
3 2 0 0
3 0 0 0
4 3 0 0
4 1 0 0
5 0 0 0
5 1 0 0
6 4 0 0
6 1 0 0
7 6 0 0
7 2 0 0
8 4 0 0
8 6 0 0
9 4 0 0
9 6 0 0
10 6 0 0
10 8 0 0
11 6 0 0
11 4 0 0
12 7 0 0
12 0 0 0
13 10 0 0
13 1 0 0
14 13 0 0
14 7 0 0
15 11 0 0
15 3 0 0
16 13 0 0
16 0 0 0
17 15 0 0
17 16 0 0
18 12 0 0
18 5 0 0
19 17 0 0
19 12 0 0
0 17 0 0
0 19 0 0
1 8 0 0
1 3 0 0
22 21 1 1
22 20 1 1
23 22 1 1
23 21 1 1
24 23 1 1
24 21 1 1
25 23 1 1
25 22 1 1
26 25 1 1
26 24 1 1
27 24 1 1
27 23 1 1
28 21 1 1
28 23 1 1
29 22 1 1
29 25 1 1
30 28 1 1
30 25 1 1
31 29 1 1
31 22 1 1
32 31 1 1
32 27 1 1
33 23 1 1
33 27 1 1
34 33 1 1
34 22 1 1
35 33 1 1
35 24 1 1
36 23 1 1
36 35 1 1
37 21 1 1
37 33 1 1
38 33 1 1
38 37 1 1
39 23 1 1
39 38 1 1
20 34 1 1
20 25 1 1
21 38 1 1
21 33 1 1
42 41 2 2
42 40 2 2
43 41 2 2
43 42 2 2
44 41 2 2
44 43 2 2
45 42 2 2
45 43 2 2
46 45 2 2
46 44 2 2
47 40 2 2
47 42 2 2
48 42 2 2
48 40 2 2
49 43 2 2
49 47 2 2
50 45 2 2
50 46 2 2
51 46 2 2
51 42 2 2
52 46 2 2
52 43 2 2
53 45 2 2
53 48 2 2
54 47 2 2
54 52 2 2
55 48 2 2
55 51 2 2
56 51 2 2
56 50 2 2
57 56 2 2
57 45 2 2
58 42 2 2
58 53 2 2
59 53 2 2
59 42 2 2
40 45 2 2
40 43 2 2
41 52 2 2
41 57 2 2
62 60 3 3
62 61 3 3
63 60 3 3
63 61 3 3
64 62 3 3
64 61 3 3
65 61 3 3
65 63 3 3
66 60 3 3
66 64 3 3
67 62 3 3
67 61 3 3
68 63 3 3
68 60 3 3
69 66 3 3
69 68 3 3
70 64 3 3
70 68 3 3
71 62 3 3
71 63 3 3
72 60 3 3
72 69 3 3
73 71 3 3
73 63 3 3
74 60 3 3
74 64 3 3
75 69 3 3
75 72 3 3
76 66 3 3
76 65 3 3
77 72 3 3
77 75 3 3
78 63 3 3
78 60 3 3
79 69 3 3
79 75 3 3
60 69 3 3
60 70 3 3
61 76 3 3
61 78 3 3
82 81 4 4
82 80 4 4
83 80 4 4
83 81 4 4
84 82 4 4
84 80 4 4
85 82 4 4
85 81 4 4
86 82 4 4
86 85 4 4
87 86 4 4
87 82 4 4
88 83 4 4
88 84 4 4
89 83 4 4
89 87 4 4
90 88 4 4
90 80 4 4
91 80 4 4
91 83 4 4
92 80 4 4
92 84 4 4
93 91 4 4
93 92 4 4
94 88 4 4
94 83 4 4
95 89 4 4
95 92 4 4
96 87 4 4
96 94 4 4
97 93 4 4
97 83 4 4
98 95 4 4
98 82 4 4
99 95 4 4
99 91 4 4
80 95 4 4
80 99 4 4
81 92 4 4
81 97 4 4
102 101 5 5
102 100 5 5
103 102 5 5
103 100 5 5
104 101 5 5
104 103 5 5
105 103 5 5
105 104 5 5
106 103 5 5
106 104 5 5
107 100 5 5
107 102 5 5
108 101 5 5
108 100 5 5
109 107 5 5
109 100 5 5
110 109 5 5
110 103 5 5
111 100 5 5
111 106 5 5
112 105 5 5
112 106 5 5
113 108 5 5
113 105 5 5
114 102 5 5
114 110 5 5
115 107 5 5
115 105 5 5
116 106 5 5
116 104 5 5
117 100 5 5
117 109 5 5
118 107 5 5
118 104 5 5
119 115 5 5
119 109 5 5
100 113 5 5
100 110 5 5
101 115 5 5
101 111 5 5
122 121 6 6
122 120 6 6
123 121 6 6
123 122 6 6
124 121 6 6
124 123 6 6
125 122 6 6
125 123 6 6
126 123 6 6
126 124 6 6
127 121 6 6
127 122 6 6
128 126 6 6
128 123 6 6
129 120 6 6
129 128 6 6
130 124 6 6
130 122 6 6
131 129 6 6
131 128 6 6
132 126 6 6
132 127 6 6
133 131 6 6
133 130 6 6
134 126 6 6
134 128 6 6
135 120 6 6
135 130 6 6
136 123 6 6
136 135 6 6
137 122 6 6
137 123 6 6
138 137 6 6
138 135 6 6
139 120 6 6
139 132 6 6
120 138 6 6
120 134 6 6
121 133 6 6
121 136 6 6
142 140 7 7
142 141 7 7
143 141 7 7
143 140 7 7
144 143 7 7
144 141 7 7
145 140 7 7
145 141 7 7
146 143 7 7
146 144 7 7
147 146 7 7
147 145 7 7
148 145 7 7
148 142 7 7
149 144 7 7
149 146 7 7
150 141 7 7
150 142 7 7
151 142 7 7
151 148 7 7
152 150 7 7
152 146 7 7
153 152 7 7
153 144 7 7
154 153 7 7
154 146 7 7
155 153 7 7
155 143 7 7
156 140 7 7
156 141 7 7
157 156 7 7
157 141 7 7
158 141 7 7
158 143 7 7
159 143 7 7
159 140 7 7
140 150 7 7
140 153 7 7
141 154 7 7
141 146 7 7
162 160 8 8
162 161 8 8
163 162 8 8
163 161 8 8
164 161 8 8
164 163 8 8
165 160 8 8
165 163 8 8
166 165 8 8
166 160 8 8
167 160 8 8
167 165 8 8
168 166 8 8
168 162 8 8
169 161 8 8
169 164 8 8
170 169 8 8
170 161 8 8
171 165 8 8
171 168 8 8
172 166 8 8
172 160 8 8
173 162 8 8
173 166 8 8
174 172 8 8
174 162 8 8
175 161 8 8
175 160 8 8
176 172 8 8
176 164 8 8
177 166 8 8
177 162 8 8
178 177 8 8
178 166 8 8
179 165 8 8
179 170 8 8
160 171 8 8
160 168 8 8
161 174 8 8
161 176 8 8
182 181 9 9
182 180 9 9
183 182 9 9
183 181 9 9
184 182 9 9
184 183 9 9
185 183 9 9
185 182 9 9
186 183 9 9
186 181 9 9
187 181 9 9
187 184 9 9
188 183 9 9
188 184 9 9
189 186 9 9
189 180 9 9
190 182 9 9
190 185 9 9
191 188 9 9
191 190 9 9
192 191 9 9
192 181 9 9
193 184 9 9
193 180 9 9
194 183 9 9
194 188 9 9
195 190 9 9
195 180 9 9
196 184 9 9
196 191 9 9
197 185 9 9
197 189 9 9
198 180 9 9
198 193 9 9
199 188 9 9
199 187 9 9
180 187 9 9
180 188 9 9
181 199 9 9
181 193 9 9
202 201 10 10
202 200 10 10
203 200 10 10
203 201 10 10
204 200 10 10
204 203 10 10
205 204 10 10
205 203 10 10
206 201 10 10
206 205 10 10
207 201 10 10
207 206 10 10
208 200 10 10
208 201 10 10
209 207 10 10
209 205 10 10
210 201 10 10
210 204 10 10
211 209 10 10
211 208 10 10
212 208 10 10
212 209 10 10
213 208 10 10
213 205 10 10
214 209 10 10
214 208 10 10
215 214 10 10
215 204 10 10
216 205 10 10
216 215 10 10
217 206 10 10
217 201 10 10
218 212 10 10
218 213 10 10
219 213 10 10
219 214 10 10
200 205 10 10
200 218 10 10
201 218 10 10
201 211 10 10
222 221 11 11
222 220 11 11
223 221 11 11
223 222 11 11
224 220 11 11
224 222 11 11
225 222 11 11
225 224 11 11
226 221 11 11
226 224 11 11
227 225 11 11
227 222 11 11
228 224 11 11
228 226 11 11
229 221 11 11
229 220 11 11
230 220 11 11
230 224 11 11
231 225 11 11
231 221 11 11
232 220 11 11
232 227 11 11
233 232 11 11
233 227 11 11
234 232 11 11
234 221 11 11
235 223 11 11
235 221 11 11
236 235 11 11
236 231 11 11
237 231 11 11
237 234 11 11
238 220 11 11
238 235 11 11
239 230 11 11
239 235 11 11
220 225 11 11
220 233 11 11
221 237 11 11
221 239 11 11
242 241 12 12
242 240 12 12
243 241 12 12
243 242 12 12
244 240 12 12
244 242 12 12
245 240 12 12
245 241 12 12
246 244 12 12
246 243 12 12
247 243 12 12
247 242 12 12
248 243 12 12
248 247 12 12
249 240 12 12
249 246 12 12
250 248 12 12
250 246 12 12
251 248 12 12
251 246 12 12
252 244 12 12
252 245 12 12
253 242 12 12
253 250 12 12
254 247 12 12
254 252 12 12
255 245 12 12
255 251 12 12
256 240 12 12
256 249 12 12
257 242 12 12
257 254 12 12
258 241 12 12
258 246 12 12
259 253 12 12
259 240 12 12
240 255 12 12
240 258 12 12
241 255 12 12
241 248 12 12
262 260 13 13
262 261 13 13
263 260 13 13
263 261 13 13
264 262 13 13
264 260 13 13
265 263 13 13
265 264 13 13
266 261 13 13
266 264 13 13
267 266 13 13
267 260 13 13
268 265 13 13
268 262 13 13
269 267 13 13
269 261 13 13
270 269 13 13
270 268 13 13
271 261 13 13
271 263 13 13
272 263 13 13
272 265 13 13
273 271 13 13
273 268 13 13
274 260 13 13
274 264 13 13
275 271 13 13
275 273 13 13
276 263 13 13
276 271 13 13
277 271 13 13
277 274 13 13
278 260 13 13
278 264 13 13
279 269 13 13
279 267 13 13
260 275 13 13
260 271 13 13
261 278 13 13
261 267 13 13
282 280 14 14
282 281 14 14
283 282 14 14
283 281 14 14
284 283 14 14
284 281 14 14
285 282 14 14
285 284 14 14
286 285 14 14
286 280 14 14
287 281 14 14
287 282 14 14
288 285 14 14
288 282 14 14
289 284 14 14
289 286 14 14
290 284 14 14
290 281 14 14
291 286 14 14
291 289 14 14
292 281 14 14
292 287 14 14
293 290 14 14
293 281 14 14
294 285 14 14
294 286 14 14
295 286 14 14
295 284 14 14
296 291 14 14
296 287 14 14
297 289 14 14
297 282 14 14
298 282 14 14
298 288 14 14
299 290 14 14
299 297 14 14
280 296 14 14
280 295 14 14
281 298 14 14
281 285 14 14
302 300 15 15
302 301 15 15
303 300 15 15
303 302 15 15
304 303 15 15
304 300 15 15
305 304 15 15
305 302 15 15
306 303 15 15
306 302 15 15
307 306 15 15
307 304 15 15
308 302 15 15
308 305 15 15
309 304 15 15
309 305 15 15
310 302 15 15
310 305 15 15
311 310 15 15
311 305 15 15
312 310 15 15
312 311 15 15
313 308 15 15
313 307 15 15
314 305 15 15
314 313 15 15
315 307 15 15
315 313 15 15
316 309 15 15
316 310 15 15
317 303 15 15
317 316 15 15
318 312 15 15
318 301 15 15
319 303 15 15
319 310 15 15
300 314 15 15
300 319 15 15
301 304 15 15
301 305 15 15
47 28 2 1
58 9 2 0
77 44 3 2
70 25 3 1
94 37 4 1
86 79 4 3
112 43 5 2
102 69 5 3
120 37 6 1
125 74 6 3
153 122 7 6
148 27 7 1
164 57 8 2
171 0 8 0
186 108 9 5
193 42 9 2
216 149 10 7
211 107 10 5
232 3 11 0
239 67 11 3
253 56 12 2
251 141 12 7
267 106 13 5
261 25 13 1
290 76 14 3
299 277 14 13
313 265 15 13
306 70 15 3
15 319 0 15
4 78 0 3
36 114 1 5
36 290 1 14
