swNum = 320
edgeNum = 672

0 0
1 0
2 0
3 0
4 0
5 0
6 0
7 0
8 0
9 0
10 0
11 0
12 0
13 0
14 0
15 0
16 0
17 0
18 0
19 0
20 1
21 1
22 1
23 1
24 1
25 1
26 1
27 1
28 1
29 1
30 1
31 1
32 1
33 1
34 1
35 1
36 1
37 1
38 1
39 1
40 2
41 2
42 2
43 2
44 2
45 2
46 2
47 2
48 2
49 2
50 2
51 2
52 2
53 2
54 2
55 2
56 2
57 2
58 2
59 2
60 3
61 3
62 3
63 3
64 3
65 3
66 3
67 3
68 3
69 3
70 3
71 3
72 3
73 3
74 3
75 3
76 3
77 3
78 3
79 3
80 4
81 4
82 4
83 4
84 4
85 4
86 4
87 4
88 4
89 4
90 4
91 4
92 4
93 4
94 4
95 4
96 4
97 4
98 4
99 4
100 5
101 5
102 5
103 5
104 5
105 5
106 5
107 5
108 5
109 5
110 5
111 5
112 5
113 5
114 5
115 5
116 5
117 5
118 5
119 5
120 6
121 6
122 6
123 6
124 6
125 6
126 6
127 6
128 6
129 6
130 6
131 6
132 6
133 6
134 6
135 6
136 6
137 6
138 6
139 6
140 7
141 7
142 7
143 7
144 7
145 7
146 7
147 7
148 7
149 7
150 7
151 7
152 7
153 7
154 7
155 7
156 7
157 7
158 7
159 7
160 8
161 8
162 8
163 8
164 8
165 8
166 8
167 8
168 8
169 8
170 8
171 8
172 8
173 8
174 8
175 8
176 8
177 8
178 8
179 8
180 9
181 9
182 9
183 9
184 9
185 9
186 9
187 9
188 9
189 9
190 9
191 9
192 9
193 9
194 9
195 9
196 9
197 9
198 9
199 9
200 10
201 10
202 10
203 10
204 10
205 10
206 10
207 10
208 10
209 10
210 10
211 10
212 10
213 10
214 10
215 10
216 10
217 10
218 10
219 10
220 11
221 11
222 11
223 11
224 11
225 11
226 11
227 11
228 11
229 11
230 11
231 11
232 11
233 11
234 11
235 11
236 11
237 11
238 11
239 11
240 12
241 12
242 12
243 12
244 12
245 12
246 12
247 12
248 12
249 12
250 12
251 12
252 12
253 12
254 12
255 12
256 12
257 12
258 12
259 12
260 13
261 13
262 13
263 13
264 13
265 13
266 13
267 13
268 13
269 13
270 13
271 13
272 13
273 13
274 13
275 13
276 13
277 13
278 13
279 13
280 14
281 14
282 14
283 14
284 14
285 14
286 14
287 14
288 14
289 14
290 14
291 14
292 14
293 14
294 14
295 14
296 14
297 14
298 14
299 14
300 15
301 15
302 15
303 15
304 15
305 15
306 15
307 15
308 15
309 15
310 15
311 15
312 15
313 15
314 15
315 15
316 15
317 15
318 15
319 15

2 0 0 0
2 1 0 0
3 1 0 0
3 0 0 0
4 3 0 0
4 2 0 0
5 1 0 0
5 4 0 0
6 0 0 0
6 2 0 0
7 4 0 0
7 5 0 0
8 1 0 0
8 6 0 0
9 1 0 0
9 5 0 0
10 8 0 0
10 7 0 0
11 6 0 0
11 2 0 0
12 8 0 0
12 2 0 0
13 6 0 0
13 8 0 0
14 10 0 0
14 12 0 0
15 11 0 0
15 8 0 0
16 1 0 0
16 0 0 0
17 16 0 0
17 6 0 0
18 16 0 0
18 7 0 0
19 17 0 0
19 2 0 0
0 8 0 0
0 11 0 0
1 12 0 0
1 19 0 0
22 20 1 1
22 21 1 1
23 21 1 1
23 20 1 1
24 22 1 1
24 20 1 1
25 23 1 1
25 21 1 1
26 24 1 1
26 21 1 1
27 23 1 1
27 24 1 1
28 22 1 1
28 24 1 1
29 27 1 1
29 20 1 1
30 24 1 1
30 29 1 1
31 27 1 1
31 23 1 1
32 21 1 1
32 25 1 1
33 24 1 1
33 26 1 1
34 21 1 1
34 20 1 1
35 24 1 1
35 34 1 1
36 22 1 1
36 24 1 1
37 24 1 1
37 21 1 1
38 26 1 1
38 25 1 1
39 27 1 1
39 35 1 1
20 30 1 1
20 28 1 1
21 35 1 1
21 24 1 1
42 41 2 2
42 40 2 2
43 40 2 2
43 41 2 2
44 43 2 2
44 42 2 2
45 44 2 2
45 43 2 2
46 42 2 2
46 45 2 2
47 43 2 2
47 42 2 2
48 40 2 2
48 45 2 2
49 45 2 2
49 48 2 2
50 43 2 2
50 41 2 2
51 50 2 2
51 42 2 2
52 44 2 2
52 43 2 2
53 46 2 2
53 40 2 2
54 50 2 2
54 42 2 2
55 41 2 2
55 53 2 2
56 40 2 2
56 50 2 2
57 54 2 2
57 45 2 2
58 40 2 2
58 52 2 2
59 40 2 2
59 43 2 2
40 44 2 2
40 55 2 2
41 46 2 2
41 54 2 2
62 60 3 3
62 61 3 3
63 62 3 3
63 60 3 3
64 63 3 3
64 61 3 3
65 62 3 3
65 60 3 3
66 64 3 3
66 65 3 3
67 66 3 3
67 64 3 3
68 65 3 3
68 62 3 3
69 64 3 3
69 66 3 3
70 64 3 3
70 62 3 3
71 62 3 3
71 65 3 3
72 66 3 3
72 63 3 3
73 68 3 3
73 70 3 3
74 67 3 3
74 60 3 3
75 66 3 3
75 67 3 3
76 73 3 3
76 71 3 3
77 62 3 3
77 60 3 3
78 63 3 3
78 69 3 3
79 61 3 3
79 74 3 3
60 66 3 3
60 68 3 3
61 69 3 3
61 66 3 3
82 81 4 4
82 80 4 4
83 81 4 4
83 80 4 4
84 81 4 4
84 82 4 4
85 83 4 4
85 84 4 4
86 83 4 4
86 81 4 4
87 84 4 4
87 85 4 4
88 84 4 4
88 86 4 4
89 86 4 4
89 88 4 4
90 88 4 4
90 84 4 4
91 82 4 4
91 80 4 4
92 83 4 4
92 91 4 4
93 91 4 4
93 87 4 4
94 86 4 4
94 93 4 4
95 88 4 4
95 93 4 4
96 89 4 4
96 86 4 4
97 95 4 4
97 93 4 4
98 85 4 4
98 86 4 4
99 95 4 4
99 88 4 4
80 95 4 4
80 90 4 4
81 97 4 4
81 98 4 4
102 101 5 5
102 100 5 5
103 102 5 5
103 100 5 5
104 102 5 5
104 101 5 5
105 103 5 5
105 104 5 5
106 104 5 5
106 100 5 5
107 101 5 5
107 102 5 5
108 101 5 5
108 107 5 5
109 105 5 5
109 102 5 5
110 108 5 5
110 104 5 5
111 104 5 5
111 108 5 5
112 110 5 5
112 104 5 5
113 102 5 5
113 101 5 5
114 103 5 5
114 112 5 5
115 100 5 5
115 113 5 5
116 108 5 5
116 115 5 5
117 108 5 5
117 106 5 5
118 103 5 5
118 113 5 5
119 114 5 5
119 103 5 5
100 116 5 5
100 112 5 5
101 106 5 5
101 112 5 5
122 121 6 6
122 120 6 6
123 121 6 6
123 120 6 6
124 122 6 6
124 123 6 6
125 123 6 6
125 120 6 6
126 125 6 6
126 120 6 6
127 126 6 6
127 120 6 6
128 121 6 6
128 127 6 6
129 120 6 6
129 126 6 6
130 123 6 6
130 125 6 6
131 130 6 6
131 121 6 6
132 120 6 6
132 131 6 6
133 124 6 6
133 125 6 6
134 131 6 6
134 126 6 6
135 134 6 6
135 126 6 6
136 130 6 6
136 120 6 6
137 128 6 6
137 131 6 6
138 125 6 6
138 128 6 6
139 136 6 6
139 123 6 6
120 130 6 6
120 138 6 6
121 133 6 6
121 127 6 6
142 141 7 7
142 140 7 7
143 141 7 7
143 140 7 7
144 143 7 7
144 141 7 7
145 141 7 7
145 142 7 7
146 143 7 7
146 145 7 7
147 145 7 7
147 141 7 7
148 143 7 7
148 145 7 7
149 142 7 7
149 141 7 7
150 143 7 7
150 145 7 7
151 150 7 7
151 140 7 7
152 144 7 7
152 141 7 7
153 149 7 7
153 152 7 7
154 140 7 7
154 152 7 7
155 150 7 7
155 145 7 7
156 146 7 7
156 153 7 7
157 150 7 7
157 141 7 7
158 141 7 7
158 148 7 7
159 152 7 7
159 149 7 7
140 148 7 7
140 157 7 7
141 159 7 7
141 153 7 7
162 160 8 8
162 161 8 8
163 160 8 8
163 161 8 8
164 161 8 8
164 160 8 8
165 160 8 8
165 163 8 8
166 160 8 8
166 165 8 8
167 164 8 8
167 163 8 8
168 166 8 8
168 163 8 8
169 166 8 8
169 165 8 8
170 160 8 8
170 166 8 8
171 165 8 8
171 168 8 8
172 161 8 8
172 162 8 8
173 167 8 8
173 163 8 8
174 173 8 8
174 166 8 8
175 168 8 8
175 172 8 8
176 173 8 8
176 162 8 8
177 171 8 8
177 162 8 8
178 175 8 8
178 162 8 8
179 171 8 8
179 168 8 8
160 177 8 8
160 171 8 8
161 166 8 8
161 171 8 8
182 180 9 9
182 181 9 9
183 181 9 9
183 182 9 9
184 180 9 9
184 181 9 9
185 181 9 9
185 180 9 9
186 182 9 9
186 185 9 9
187 181 9 9
187 183 9 9
188 181 9 9
188 185 9 9
189 186 9 9
189 181 9 9
190 189 9 9
190 185 9 9
191 187 9 9
191 184 9 9
192 185 9 9
192 180 9 9
193 182 9 9
193 185 9 9
194 189 9 9
194 180 9 9
195 180 9 9
195 187 9 9
196 188 9 9
196 187 9 9
197 185 9 9
197 191 9 9
198 188 9 9
198 195 9 9
199 191 9 9
199 189 9 9
180 187 9 9
180 186 9 9
181 198 9 9
181 199 9 9
202 201 10 10
202 200 10 10
203 200 10 10
203 202 10 10
204 200 10 10
204 203 10 10
205 200 10 10
205 204 10 10
206 200 10 10
206 205 10 10
207 204 10 10
207 203 10 10
208 206 10 10
208 203 10 10
209 204 10 10
209 207 10 10
210 201 10 10
210 207 10 10
211 206 10 10
211 207 10 10
212 210 10 10
212 202 10 10
213 210 10 10
213 207 10 10
214 206 10 10
214 207 10 10
215 202 10 10
215 209 10 10
216 210 10 10
216 200 10 10
217 212 10 10
217 211 10 10
218 212 10 10
218 217 10 10
219 200 10 10
219 217 10 10
200 217 10 10
200 213 10 10
201 213 10 10
201 211 10 10
222 221 11 11
222 220 11 11
223 222 11 11
223 220 11 11
224 221 11 11
224 223 11 11
225 223 11 11
225 220 11 11
226 221 11 11
226 225 11 11
227 222 11 11
227 220 11 11
228 221 11 11
228 222 11 11
229 222 11 11
229 224 11 11
230 229 11 11
230 227 11 11
231 222 11 11
231 228 11 11
232 227 11 11
232 229 11 11
233 227 11 11
233 226 11 11
234 222 11 11
234 221 11 11
235 228 11 11
235 230 11 11
236 233 11 11
236 232 11 11
237 221 11 11
237 226 11 11
238 225 11 11
238 227 11 11
239 221 11 11
239 228 11 11
220 238 11 11
220 237 11 11
221 236 11 11
221 225 11 11
242 240 12 12
242 241 12 12
243 242 12 12
243 240 12 12
244 242 12 12
244 241 12 12
245 242 12 12
245 243 12 12
246 240 12 12
246 242 12 12
247 242 12 12
247 241 12 12
248 242 12 12
248 246 12 12
249 248 12 12
249 241 12 12
250 241 12 12
250 240 12 12
251 247 12 12
251 244 12 12
252 246 12 12
252 241 12 12
253 245 12 12
253 249 12 12
254 248 12 12
254 251 12 12
255 247 12 12
255 242 12 12
256 247 12 12
256 248 12 12
257 255 12 12
257 252 12 12
258 247 12 12
258 253 12 12
259 252 12 12
259 241 12 12
240 253 12 12
240 259 12 12
241 258 12 12
241 248 12 12
262 261 13 13
262 260 13 13
263 261 13 13
263 262 13 13
264 260 13 13
264 261 13 13
265 260 13 13
265 262 13 13
266 263 13 13
266 262 13 13
267 265 13 13
267 262 13 13
268 260 13 13
268 262 13 13
269 260 13 13
269 268 13 13
270 265 13 13
270 267 13 13
271 264 13 13
271 263 13 13
272 267 13 13
272 261 13 13
273 266 13 13
273 272 13 13
274 273 13 13
274 270 13 13
275 265 13 13
275 262 13 13
276 268 13 13
276 270 13 13
277 271 13 13
277 274 13 13
278 276 13 13
278 274 13 13
279 265 13 13
279 267 13 13
260 272 13 13
260 267 13 13
261 271 13 13
261 275 13 13
282 280 14 14
282 281 14 14
283 280 14 14
283 282 14 14
284 280 14 14
284 283 14 14
285 282 14 14
285 280 14 14
286 284 14 14
286 283 14 14
287 286 14 14
287 282 14 14
288 282 14 14
288 287 14 14
289 287 14 14
289 280 14 14
290 281 14 14
290 286 14 14
291 283 14 14
291 285 14 14
292 287 14 14
292 288 14 14
293 289 14 14
293 287 14 14
294 282 14 14
294 281 14 14
295 292 14 14
295 288 14 14
296 293 14 14
296 287 14 14
297 295 14 14
297 296 14 14
298 292 14 14
298 297 14 14
299 287 14 14
299 295 14 14
280 295 14 14
280 296 14 14
281 289 14 14
281 285 14 14
302 301 15 15
302 300 15 15
303 300 15 15
303 302 15 15
304 300 15 15
304 302 15 15
305 304 15 15
305 302 15 15
306 301 15 15
306 300 15 15
307 300 15 15
307 303 15 15
308 306 15 15
308 301 15 15
309 307 15 15
309 303 15 15
310 304 15 15
310 305 15 15
311 306 15 15
311 304 15 15
312 302 15 15
312 303 15 15
313 304 15 15
313 305 15 15
314 310 15 15
314 300 15 15
315 313 15 15
315 304 15 15
316 315 15 15
316 303 15 15
317 302 15 15
317 303 15 15
318 312 15 15
318 311 15 15
319 314 15 15
319 309 15 15
300 308 15 15
300 309 15 15
301 319 15 15
301 315 15 15
46 36 2 1
53 11 2 0
65 3 3 0
75 20 3 1
88 47 4 2
81 29 4 1
116 41 5 2
118 94 5 4
123 82 6 4
139 58 6 2
157 11 7 0
157 139 7 6
177 41 8 2
174 87 8 4
195 41 9 2
193 148 9 7
219 31 10 1
217 168 10 8
226 70 11 3
230 191 11 9
241 160 12 8
242 111 12 5
264 188 13 9
261 41 13 2
285 203 14 10
285 148 14 7
305 173 15 8
301 207 15 10
17 122 0 6
11 255 0 12
26 285 1 14
29 315 1 15
