swNum = 320
edgeNum = 672

0 0
1 0
2 0
3 0
4 0
5 0
6 0
7 0
8 0
9 0
10 0
11 0
12 0
13 0
14 0
15 0
16 0
17 0
18 0
19 0
20 1
21 1
22 1
23 1
24 1
25 1
26 1
27 1
28 1
29 1
30 1
31 1
32 1
33 1
34 1
35 1
36 1
37 1
38 1
39 1
40 2
41 2
42 2
43 2
44 2
45 2
46 2
47 2
48 2
49 2
50 2
51 2
52 2
53 2
54 2
55 2
56 2
57 2
58 2
59 2
60 3
61 3
62 3
63 3
64 3
65 3
66 3
67 3
68 3
69 3
70 3
71 3
72 3
73 3
74 3
75 3
76 3
77 3
78 3
79 3
80 4
81 4
82 4
83 4
84 4
85 4
86 4
87 4
88 4
89 4
90 4
91 4
92 4
93 4
94 4
95 4
96 4
97 4
98 4
99 4
100 5
101 5
102 5
103 5
104 5
105 5
106 5
107 5
108 5
109 5
110 5
111 5
112 5
113 5
114 5
115 5
116 5
117 5
118 5
119 5
120 6
121 6
122 6
123 6
124 6
125 6
126 6
127 6
128 6
129 6
130 6
131 6
132 6
133 6
134 6
135 6
136 6
137 6
138 6
139 6
140 7
141 7
142 7
143 7
144 7
145 7
146 7
147 7
148 7
149 7
150 7
151 7
152 7
153 7
154 7
155 7
156 7
157 7
158 7
159 7
160 8
161 8
162 8
163 8
164 8
165 8
166 8
167 8
168 8
169 8
170 8
171 8
172 8
173 8
174 8
175 8
176 8
177 8
178 8
179 8
180 9
181 9
182 9
183 9
184 9
185 9
186 9
187 9
188 9
189 9
190 9
191 9
192 9
193 9
194 9
195 9
196 9
197 9
198 9
199 9
200 10
201 10
202 10
203 10
204 10
205 10
206 10
207 10
208 10
209 10
210 10
211 10
212 10
213 10
214 10
215 10
216 10
217 10
218 10
219 10
220 11
221 11
222 11
223 11
224 11
225 11
226 11
227 11
228 11
229 11
230 11
231 11
232 11
233 11
234 11
235 11
236 11
237 11
238 11
239 11
240 12
241 12
242 12
243 12
244 12
245 12
246 12
247 12
248 12
249 12
250 12
251 12
252 12
253 12
254 12
255 12
256 12
257 12
258 12
259 12
260 13
261 13
262 13
263 13
264 13
265 13
266 13
267 13
268 13
269 13
270 13
271 13
272 13
273 13
274 13
275 13
276 13
277 13
278 13
279 13
280 14
281 14
282 14
283 14
284 14
285 14
286 14
287 14
288 14
289 14
290 14
291 14
292 14
293 14
294 14
295 14
296 14
297 14
298 14
299 14
300 15
301 15
302 15
303 15
304 15
305 15
306 15
307 15
308 15
309 15
310 15
311 15
312 15
313 15
314 15
315 15
316 15
317 15
318 15
319 15

2 0 0 0
2 1 0 0
3 0 0 0
3 2 0 0
4 3 0 0
4 2 0 0
5 2 0 0
5 4 0 0
6 3 0 0
6 5 0 0
7 4 0 0
7 1 0 0
8 0 0 0
8 3 0 0
9 5 0 0
9 2 0 0
10 3 0 0
10 9 0 0
11 3 0 0
11 6 0 0
12 9 0 0
12 5 0 0
13 11 0 0
13 10 0 0
14 13 0 0
14 1 0 0
15 6 0 0
15 14 0 0
16 7 0 0
16 5 0 0
17 0 0 0
17 9 0 0
18 9 0 0
18 7 0 0
19 11 0 0
19 1 0 0
0 11 0 0
0 19 0 0
1 13 0 0
1 15 0 0
22 21 1 1
22 20 1 1
23 21 1 1
23 22 1 1
24 22 1 1
24 21 1 1
25 23 1 1
25 24 1 1
26 22 1 1
26 24 1 1
27 23 1 1
27 21 1 1
28 24 1 1
28 25 1 1
29 26 1 1
29 23 1 1
30 21 1 1
30 28 1 1
31 24 1 1
31 26 1 1
32 27 1 1
32 20 1 1
33 26 1 1
33 22 1 1
34 25 1 1
34 26 1 1
35 28 1 1
35 27 1 1
36 24 1 1
36 26 1 1
37 25 1 1
37 26 1 1
38 27 1 1
38 26 1 1
39 27 1 1
39 34 1 1
20 34 1 1
20 35 1 1
21 32 1 1
21 29 1 1
42 41 2 2
42 40 2 2
43 41 2 2
43 40 2 2
44 42 2 2
44 41 2 2
45 42 2 2
45 44 2 2
46 44 2 2
46 40 2 2
47 42 2 2
47 45 2 2
48 43 2 2
48 47 2 2
49 47 2 2
49 44 2 2
50 47 2 2
50 49 2 2
51 42 2 2
51 45 2 2
52 48 2 2
52 41 2 2
53 43 2 2
53 41 2 2
54 44 2 2
54 50 2 2
55 48 2 2
55 52 2 2
56 42 2 2
56 47 2 2
57 47 2 2
57 56 2 2
58 41 2 2
58 54 2 2
59 40 2 2
59 57 2 2
40 52 2 2
40 50 2 2
41 59 2 2
41 45 2 2
62 60 3 3
62 61 3 3
63 61 3 3
63 60 3 3
64 61 3 3
64 62 3 3
65 61 3 3
65 64 3 3
66 65 3 3
66 64 3 3
67 61 3 3
67 64 3 3
68 60 3 3
68 63 3 3
69 60 3 3
69 68 3 3
70 65 3 3
70 64 3 3
71 70 3 3
71 64 3 3
72 68 3 3
72 66 3 3
73 69 3 3
73 68 3 3
74 69 3 3
74 67 3 3
75 65 3 3
75 67 3 3
76 75 3 3
76 61 3 3
77 61 3 3
77 66 3 3
78 65 3 3
78 63 3 3
79 69 3 3
79 72 3 3
60 79 3 3
60 74 3 3
61 78 3 3
61 72 3 3
82 80 4 4
82 81 4 4
83 81 4 4
83 82 4 4
84 83 4 4
84 82 4 4
85 82 4 4
85 84 4 4
86 84 4 4
86 80 4 4
87 82 4 4
87 81 4 4
88 85 4 4
88 81 4 4
89 83 4 4
89 81 4 4
90 87 4 4
90 80 4 4
91 87 4 4
91 80 4 4
92 89 4 4
92 82 4 4
93 83 4 4
93 89 4 4
94 86 4 4
94 89 4 4
95 87 4 4
95 88 4 4
96 83 4 4
96 85 4 4
97 96 4 4
97 80 4 4
98 81 4 4
98 86 4 4
99 93 4 4
99 89 4 4
80 98 4 4
80 95 4 4
81 99 4 4
81 84 4 4
102 100 5 5
102 101 5 5
103 101 5 5
103 100 5 5
104 100 5 5
104 101 5 5
105 104 5 5
105 103 5 5
106 101 5 5
106 100 5 5
107 104 5 5
107 105 5 5
108 103 5 5
108 100 5 5
109 107 5 5
109 105 5 5
110 101 5 5
110 100 5 5
111 100 5 5
111 110 5 5
112 102 5 5
112 107 5 5
113 111 5 5
113 110 5 5
114 103 5 5
114 105 5 5
115 111 5 5
115 109 5 5
116 106 5 5
116 109 5 5
117 102 5 5
117 103 5 5
118 117 5 5
118 103 5 5
119 101 5 5
119 109 5 5
100 107 5 5
100 119 5 5
101 108 5 5
101 113 5 5
122 120 6 6
122 121 6 6
123 122 6 6
123 121 6 6
124 121 6 6
124 123 6 6
125 124 6 6
125 121 6 6
126 120 6 6
126 125 6 6
127 122 6 6
127 120 6 6
128 127 6 6
128 120 6 6
129 128 6 6
129 123 6 6
130 122 6 6
130 125 6 6
131 130 6 6
131 122 6 6
132 126 6 6
132 122 6 6
133 131 6 6
133 120 6 6
134 131 6 6
134 125 6 6
135 126 6 6
135 133 6 6
136 133 6 6
136 132 6 6
137 136 6 6
137 131 6 6
138 128 6 6
138 131 6 6
139 134 6 6
139 126 6 6
120 130 6 6
120 132 6 6
121 134 6 6
121 127 6 6
142 141 7 7
142 140 7 7
143 140 7 7
143 141 7 7
144 141 7 7
144 140 7 7
145 144 7 7
145 141 7 7
146 142 7 7
146 144 7 7
147 142 7 7
147 145 7 7
148 145 7 7
148 147 7 7
149 146 7 7
149 145 7 7
150 143 7 7
150 140 7 7
151 147 7 7
151 145 7 7
152 149 7 7
152 146 7 7
153 151 7 7
153 140 7 7
154 146 7 7
154 143 7 7
155 151 7 7
155 154 7 7
156 152 7 7
156 146 7 7
157 153 7 7
157 154 7 7
158 148 7 7
158 152 7 7
159 148 7 7
159 141 7 7
140 156 7 7
140 146 7 7
141 155 7 7
141 157 7 7
162 161 8 8
162 160 8 8
163 162 8 8
163 161 8 8
164 163 8 8
164 162 8 8
165 164 8 8
165 163 8 8
166 165 8 8
166 164 8 8
167 165 8 8
167 166 8 8
168 165 8 8
168 160 8 8
169 162 8 8
169 165 8 8
170 161 8 8
170 166 8 8
171 161 8 8
171 170 8 8
172 161 8 8
172 171 8 8
173 160 8 8
173 172 8 8
174 160 8 8
174 171 8 8
175 174 8 8
175 160 8 8
176 163 8 8
176 161 8 8
177 174 8 8
177 161 8 8
178 162 8 8
178 170 8 8
179 163 8 8
179 175 8 8
160 167 8 8
160 166 8 8
161 173 8 8
161 164 8 8
182 181 9 9
182 180 9 9
183 180 9 9
183 182 9 9
184 182 9 9
184 181 9 9
185 183 9 9
185 181 9 9
186 182 9 9
186 184 9 9
187 186 9 9
187 183 9 9
188 185 9 9
188 184 9 9
189 183 9 9
189 187 9 9
190 187 9 9
190 181 9 9
191 188 9 9
191 181 9 9
192 187 9 9
192 180 9 9
193 185 9 9
193 189 9 9
194 185 9 9
194 183 9 9
195 181 9 9
195 184 9 9
196 194 9 9
196 184 9 9
197 187 9 9
197 181 9 9
198 192 9 9
198 181 9 9
199 189 9 9
199 193 9 9
180 184 9 9
180 191 9 9
181 192 9 9
181 199 9 9
202 200 10 10
202 201 10 10
203 201 10 10
203 200 10 10
204 201 10 10
204 203 10 10
205 200 10 10
205 204 10 10
206 202 10 10
206 201 10 10
207 202 10 10
207 201 10 10
208 206 10 10
208 204 10 10
209 203 10 10
209 208 10 10
210 206 10 10
210 204 10 10
211 200 10 10
211 203 10 10
212 209 10 10
212 208 10 10
213 210 10 10
213 212 10 10
214 208 10 10
214 213 10 10
215 202 10 10
215 204 10 10
216 204 10 10
216 208 10 10
217 213 10 10
217 200 10 10
218 217 10 10
218 214 10 10
219 209 10 10
219 207 10 10
200 216 10 10
200 210 10 10
201 212 10 10
201 215 10 10
222 221 11 11
222 220 11 11
223 222 11 11
223 221 11 11
224 222 11 11
224 223 11 11
225 223 11 11
225 221 11 11
226 225 11 11
226 220 11 11
227 222 11 11
227 224 11 11
228 226 11 11
228 224 11 11
229 226 11 11
229 222 11 11
230 224 11 11
230 226 11 11
231 225 11 11
231 220 11 11
232 224 11 11
232 226 11 11
233 221 11 11
233 229 11 11
234 227 11 11
234 225 11 11
235 233 11 11
235 221 11 11
236 230 11 11
236 231 11 11
237 232 11 11
237 221 11 11
238 222 11 11
238 224 11 11
239 233 11 11
239 226 11 11
220 227 11 11
220 228 11 11
221 227 11 11
221 239 11 11
242 241 12 12
242 240 12 12
243 242 12 12
243 240 12 12
244 243 12 12
244 242 12 12
245 243 12 12
245 240 12 12
246 241 12 12
246 244 12 12
247 242 12 12
247 240 12 12
248 242 12 12
248 243 12 12
249 244 12 12
249 247 12 12
250 248 12 12
250 242 12 12
251 247 12 12
251 243 12 12
252 247 12 12
252 245 12 12
253 242 12 12
253 251 12 12
254 245 12 12
254 243 12 12
255 243 12 12
255 245 12 12
256 252 12 12
256 255 12 12
257 246 12 12
257 245 12 12
258 243 12 12
258 254 12 12
259 257 12 12
259 249 12 12
240 251 12 12
240 255 12 12
241 243 12 12
241 256 12 12
262 260 13 13
262 261 13 13
263 262 13 13
263 261 13 13
264 260 13 13
264 263 13 13
265 261 13 13
265 262 13 13
266 261 13 13
266 265 13 13
267 263 13 13
267 260 13 13
268 264 13 13
268 262 13 13
269 262 13 13
269 268 13 13
270 264 13 13
270 269 13 13
271 260 13 13
271 267 13 13
272 267 13 13
272 263 13 13
273 270 13 13
273 271 13 13
274 265 13 13
274 269 13 13
275 269 13 13
275 268 13 13
276 274 13 13
276 269 13 13
277 275 13 13
277 273 13 13
278 273 13 13
278 274 13 13
279 268 13 13
279 263 13 13
260 269 13 13
260 272 13 13
261 267 13 13
261 274 13 13
282 280 14 14
282 281 14 14
283 281 14 14
283 282 14 14
284 283 14 14
284 282 14 14
285 280 14 14
285 283 14 14
286 280 14 14
286 285 14 14
287 285 14 14
287 284 14 14
288 287 14 14
288 285 14 14
289 287 14 14
289 286 14 14
290 284 14 14
290 289 14 14
291 285 14 14
291 287 14 14
292 282 14 14
292 280 14 14
293 285 14 14
293 284 14 14
294 280 14 14
294 288 14 14
295 287 14 14
295 288 14 14
296 293 14 14
296 287 14 14
297 289 14 14
297 294 14 14
298 296 14 14
298 284 14 14
299 295 14 14
299 282 14 14
280 293 14 14
280 288 14 14
281 298 14 14
281 294 14 14
302 301 15 15
302 300 15 15
303 302 15 15
303 301 15 15
304 303 15 15
304 301 15 15
305 301 15 15
305 300 15 15
306 302 15 15
306 304 15 15
307 306 15 15
307 305 15 15
308 305 15 15
308 302 15 15
309 300 15 15
309 307 15 15
310 306 15 15
310 302 15 15
311 306 15 15
311 310 15 15
312 305 15 15
312 307 15 15
313 308 15 15
313 307 15 15
314 303 15 15
314 300 15 15
315 300 15 15
315 304 15 15
316 303 15 15
316 311 15 15
317 316 15 15
317 311 15 15
318 303 15 15
318 307 15 15
319 307 15 15
319 302 15 15
300 312 15 15
300 303 15 15
301 307 15 15
301 312 15 15
55 23 2 1
56 10 2 0
61 5 3 0
65 41 3 2
95 41 4 2
95 75 4 3
117 64 5 3
105 45 5 2
139 95 6 4
121 2 6 0
146 16 7 0
155 128 7 6
167 155 8 7
164 69 8 3
184 52 9 2
197 9 9 0
200 63 10 3
207 2 10 0
232 34 11 1
227 213 11 10
245 9 12 0
248 78 12 3
269 218 13 10
265 166 13 8
282 30 14 1
298 229 14 11
312 190 15 9
307 1 15 0
9 165 0 8
15 90 0 4
26 163 1 8
34 217 1 10
