swNum = 320
edgeNum = 672

0 0
1 0
2 0
3 0
4 0
5 0
6 0
7 0
8 0
9 0
10 0
11 0
12 0
13 0
14 0
15 0
16 0
17 0
18 0
19 0
20 1
21 1
22 1
23 1
24 1
25 1
26 1
27 1
28 1
29 1
30 1
31 1
32 1
33 1
34 1
35 1
36 1
37 1
38 1
39 1
40 2
41 2
42 2
43 2
44 2
45 2
46 2
47 2
48 2
49 2
50 2
51 2
52 2
53 2
54 2
55 2
56 2
57 2
58 2
59 2
60 3
61 3
62 3
63 3
64 3
65 3
66 3
67 3
68 3
69 3
70 3
71 3
72 3
73 3
74 3
75 3
76 3
77 3
78 3
79 3
80 4
81 4
82 4
83 4
84 4
85 4
86 4
87 4
88 4
89 4
90 4
91 4
92 4
93 4
94 4
95 4
96 4
97 4
98 4
99 4
100 5
101 5
102 5
103 5
104 5
105 5
106 5
107 5
108 5
109 5
110 5
111 5
112 5
113 5
114 5
115 5
116 5
117 5
118 5
119 5
120 6
121 6
122 6
123 6
124 6
125 6
126 6
127 6
128 6
129 6
130 6
131 6
132 6
133 6
134 6
135 6
136 6
137 6
138 6
139 6
140 7
141 7
142 7
143 7
144 7
145 7
146 7
147 7
148 7
149 7
150 7
151 7
152 7
153 7
154 7
155 7
156 7
157 7
158 7
159 7
160 8
161 8
162 8
163 8
164 8
165 8
166 8
167 8
168 8
169 8
170 8
171 8
172 8
173 8
174 8
175 8
176 8
177 8
178 8
179 8
180 9
181 9
182 9
183 9
184 9
185 9
186 9
187 9
188 9
189 9
190 9
191 9
192 9
193 9
194 9
195 9
196 9
197 9
198 9
199 9
200 10
201 10
202 10
203 10
204 10
205 10
206 10
207 10
208 10
209 10
210 10
211 10
212 10
213 10
214 10
215 10
216 10
217 10
218 10
219 10
220 11
221 11
222 11
223 11
224 11
225 11
226 11
227 11
228 11
229 11
230 11
231 11
232 11
233 11
234 11
235 11
236 11
237 11
238 11
239 11
240 12
241 12
242 12
243 12
244 12
245 12
246 12
247 12
248 12
249 12
250 12
251 12
252 12
253 12
254 12
255 12
256 12
257 12
258 12
259 12
260 13
261 13
262 13
263 13
264 13
265 13
266 13
267 13
268 13
269 13
270 13
271 13
272 13
273 13
274 13
275 13
276 13
277 13
278 13
279 13
280 14
281 14
282 14
283 14
284 14
285 14
286 14
287 14
288 14
289 14
290 14
291 14
292 14
293 14
294 14
295 14
296 14
297 14
298 14
299 14
300 15
301 15
302 15
303 15
304 15
305 15
306 15
307 15
308 15
309 15
310 15
311 15
312 15
313 15
314 15
315 15
316 15
317 15
318 15
319 15

2 1 0 0
2 0 0 0
3 0 0 0
3 1 0 0
4 1 0 0
4 0 0 0
5 4 0 0
5 3 0 0
6 0 0 0
6 5 0 0
7 5 0 0
7 0 0 0
8 4 0 0
8 5 0 0
9 4 0 0
9 2 0 0
10 0 0 0
10 8 0 0
11 2 0 0
11 0 0 0
12 9 0 0
12 1 0 0
13 12 0 0
13 0 0 0
14 7 0 0
14 2 0 0
15 0 0 0
15 5 0 0
16 11 0 0
16 1 0 0
17 8 0 0
17 15 0 0
18 16 0 0
18 7 0 0
19 3 0 0
19 0 0 0
0 5 0 0
0 16 0 0
1 10 0 0
1 14 0 0
22 21 1 1
22 20 1 1
23 21 1 1
23 20 1 1
24 21 1 1
24 20 1 1
25 24 1 1
25 22 1 1
26 24 1 1
26 20 1 1
27 26 1 1
27 21 1 1
28 27 1 1
28 22 1 1
29 26 1 1
29 27 1 1
30 23 1 1
30 22 1 1
31 23 1 1
31 25 1 1
32 20 1 1
32 26 1 1
33 29 1 1
33 23 1 1
34 25 1 1
34 21 1 1
35 24 1 1
35 33 1 1
36 29 1 1
36 22 1 1
37 36 1 1
37 22 1 1
38 28 1 1
38 36 1 1
39 24 1 1
39 32 1 1
20 30 1 1
20 29 1 1
21 35 1 1
21 30 1 1
42 41 2 2
42 40 2 2
43 40 2 2
43 41 2 2
44 43 2 2
44 40 2 2
45 44 2 2
45 40 2 2
46 43 2 2
46 41 2 2
47 45 2 2
47 43 2 2
48 47 2 2
48 44 2 2
49 42 2 2
49 46 2 2
50 47 2 2
50 41 2 2
51 45 2 2
51 47 2 2
52 43 2 2
52 48 2 2
53 45 2 2
53 40 2 2
54 48 2 2
54 44 2 2
55 52 2 2
55 41 2 2
56 51 2 2
56 47 2 2
57 50 2 2
57 51 2 2
58 53 2 2
58 40 2 2
59 50 2 2
59 57 2 2
40 57 2 2
40 55 2 2
41 58 2 2
41 54 2 2
62 61 3 3
62 60 3 3
63 62 3 3
63 60 3 3
64 63 3 3
64 61 3 3
65 64 3 3
65 63 3 3
66 65 3 3
66 64 3 3
67 64 3 3
67 65 3 3
68 60 3 3
68 66 3 3
69 67 3 3
69 62 3 3
70 69 3 3
70 65 3 3
71 69 3 3
71 65 3 3
72 68 3 3
72 70 3 3
73 68 3 3
73 67 3 3
74 63 3 3
74 65 3 3
75 70 3 3
75 68 3 3
76 74 3 3
76 71 3 3
77 75 3 3
77 63 3 3
78 65 3 3
78 64 3 3
79 65 3 3
79 71 3 3
60 75 3 3
60 67 3 3
61 78 3 3
61 75 3 3
82 80 4 4
82 81 4 4
83 81 4 4
83 80 4 4
84 81 4 4
84 82 4 4
85 81 4 4
85 83 4 4
86 83 4 4
86 81 4 4
87 80 4 4
87 86 4 4
88 81 4 4
88 87 4 4
89 80 4 4
89 82 4 4
90 82 4 4
90 86 4 4
91 90 4 4
91 85 4 4
92 88 4 4
92 81 4 4
93 80 4 4
93 89 4 4
94 84 4 4
94 90 4 4
95 90 4 4
95 83 4 4
96 81 4 4
96 83 4 4
97 91 4 4
97 85 4 4
98 91 4 4
98 86 4 4
99 81 4 4
99 86 4 4
80 88 4 4
80 91 4 4
81 89 4 4
81 95 4 4
102 101 5 5
102 100 5 5
103 101 5 5
103 102 5 5
104 103 5 5
104 102 5 5
105 101 5 5
105 100 5 5
106 103 5 5
106 104 5 5
107 105 5 5
107 102 5 5
108 107 5 5
108 106 5 5
109 104 5 5
109 105 5 5
110 101 5 5
110 102 5 5
111 104 5 5
111 105 5 5
112 110 5 5
112 107 5 5
113 107 5 5
113 110 5 5
114 100 5 5
114 107 5 5
115 113 5 5
115 104 5 5
116 101 5 5
116 111 5 5
117 113 5 5
117 112 5 5
118 111 5 5
118 117 5 5
119 103 5 5
119 116 5 5
100 107 5 5
100 109 5 5
101 104 5 5
101 119 5 5
122 121 6 6
122 120 6 6
123 121 6 6
123 122 6 6
124 121 6 6
124 123 6 6
125 120 6 6
125 121 6 6
126 121 6 6
126 120 6 6
127 125 6 6
127 124 6 6
128 122 6 6
128 126 6 6
129 127 6 6
129 125 6 6
130 123 6 6
130 124 6 6
131 127 6 6
131 125 6 6
132 129 6 6
132 128 6 6
133 130 6 6
133 124 6 6
134 122 6 6
134 125 6 6
135 131 6 6
135 128 6 6
136 132 6 6
136 123 6 6
137 133 6 6
137 128 6 6
138 121 6 6
138 131 6 6
139 125 6 6
139 133 6 6
120 124 6 6
120 136 6 6
121 128 6 6
121 129 6 6
142 140 7 7
142 141 7 7
143 140 7 7
143 141 7 7
144 141 7 7
144 143 7 7
145 144 7 7
145 141 7 7
146 140 7 7
146 142 7 7
147 140 7 7
147 142 7 7
148 142 7 7
148 141 7 7
149 148 7 7
149 141 7 7
150 140 7 7
150 148 7 7
151 143 7 7
151 150 7 7
152 145 7 7
152 146 7 7
153 151 7 7
153 141 7 7
154 146 7 7
154 144 7 7
155 140 7 7
155 153 7 7
156 144 7 7
156 154 7 7
157 141 7 7
157 149 7 7
158 140 7 7
158 150 7 7
159 142 7 7
159 144 7 7
140 156 7 7
140 152 7 7
141 158 7 7
141 151 7 7
162 161 8 8
162 160 8 8
163 162 8 8
163 160 8 8
164 161 8 8
164 160 8 8
165 162 8 8
165 163 8 8
166 160 8 8
166 161 8 8
167 163 8 8
167 162 8 8
168 161 8 8
168 167 8 8
169 161 8 8
169 167 8 8
170 168 8 8
170 169 8 8
171 169 8 8
171 161 8 8
172 166 8 8
172 162 8 8
173 172 8 8
173 171 8 8
174 165 8 8
174 162 8 8
175 173 8 8
175 162 8 8
176 162 8 8
176 171 8 8
177 168 8 8
177 162 8 8
178 162 8 8
178 172 8 8
179 175 8 8
179 171 8 8
160 174 8 8
160 175 8 8
161 178 8 8
161 172 8 8
182 181 9 9
182 180 9 9
183 181 9 9
183 182 9 9
184 181 9 9
184 183 9 9
185 184 9 9
185 180 9 9
186 183 9 9
186 180 9 9
187 183 9 9
187 186 9 9
188 184 9 9
188 181 9 9
189 186 9 9
189 185 9 9
190 187 9 9
190 185 9 9
191 181 9 9
191 188 9 9
192 187 9 9
192 180 9 9
193 183 9 9
193 185 9 9
194 188 9 9
194 182 9 9
195 187 9 9
195 180 9 9
196 183 9 9
196 187 9 9
197 184 9 9
197 190 9 9
198 192 9 9
198 184 9 9
199 181 9 9
199 188 9 9
180 189 9 9
180 191 9 9
181 189 9 9
181 185 9 9
202 201 10 10
202 200 10 10
203 202 10 10
203 200 10 10
204 200 10 10
204 202 10 10
205 201 10 10
205 202 10 10
206 202 10 10
206 205 10 10
207 206 10 10
207 201 10 10
208 201 10 10
208 203 10 10
209 201 10 10
209 200 10 10
210 203 10 10
210 202 10 10
211 207 10 10
211 209 10 10
212 209 10 10
212 211 10 10
213 202 10 10
213 205 10 10
214 203 10 10
214 201 10 10
215 211 10 10
215 200 10 10
216 212 10 10
216 210 10 10
217 202 10 10
217 211 10 10
218 211 10 10
218 208 10 10
219 209 10 10
219 207 10 10
200 216 10 10
200 214 10 10
201 218 10 10
201 212 10 10
222 221 11 11
222 220 11 11
223 220 11 11
223 222 11 11
224 223 11 11
224 221 11 11
225 223 11 11
225 220 11 11
226 221 11 11
226 224 11 11
227 223 11 11
227 225 11 11
228 220 11 11
228 223 11 11
229 226 11 11
229 223 11 11
230 220 11 11
230 224 11 11
231 224 11 11
231 229 11 11
232 225 11 11
232 228 11 11
233 220 11 11
233 226 11 11
234 224 11 11
234 226 11 11
235 230 11 11
235 223 11 11
236 225 11 11
236 234 11 11
237 234 11 11
237 224 11 11
238 236 11 11
238 221 11 11
239 235 11 11
239 226 11 11
220 235 11 11
220 238 11 11
221 235 11 11
221 237 11 11
242 240 12 12
242 241 12 12
243 242 12 12
243 241 12 12
244 241 12 12
244 240 12 12
245 240 12 12
245 244 12 12
246 243 12 12
246 241 12 12
247 245 12 12
247 246 12 12
248 243 12 12
248 244 12 12
249 244 12 12
249 245 12 12
250 248 12 12
250 246 12 12
251 249 12 12
251 248 12 12
252 242 12 12
252 243 12 12
253 247 12 12
253 241 12 12
254 241 12 12
254 242 12 12
255 245 12 12
255 253 12 12
256 244 12 12
256 240 12 12
257 242 12 12
257 252 12 12
258 249 12 12
258 251 12 12
259 241 12 12
259 256 12 12
240 259 12 12
240 253 12 12
241 257 12 12
241 256 12 12
262 260 13 13
262 261 13 13
263 260 13 13
263 261 13 13
264 263 13 13
264 262 13 13
265 260 13 13
265 264 13 13
266 264 13 13
266 265 13 13
267 261 13 13
267 265 13 13
268 262 13 13
268 266 13 13
269 265 13 13
269 263 13 13
270 260 13 13
270 268 13 13
271 270 13 13
271 261 13 13
272 270 13 13
272 262 13 13
273 271 13 13
273 263 13 13
274 268 13 13
274 262 13 13
275 268 13 13
275 260 13 13
276 263 13 13
276 264 13 13
277 260 13 13
277 276 13 13
278 263 13 13
278 277 13 13
279 265 13 13
279 273 13 13
260 278 13 13
260 274 13 13
261 276 13 13
261 270 13 13
282 280 14 14
282 281 14 14
283 280 14 14
283 281 14 14
284 283 14 14
284 280 14 14
285 280 14 14
285 281 14 14
286 282 14 14
286 285 14 14
287 283 14 14
287 285 14 14
288 283 14 14
288 286 14 14
289 288 14 14
289 287 14 14
290 289 14 14
290 282 14 14
291 280 14 14
291 284 14 14
292 285 14 14
292 287 14 14
293 281 14 14
293 290 14 14
294 281 14 14
294 288 14 14
295 291 14 14
295 287 14 14
296 287 14 14
296 289 14 14
297 296 14 14
297 294 14 14
298 287 14 14
298 281 14 14
299 298 14 14
299 282 14 14
280 293 14 14
280 286 14 14
281 291 14 14
281 288 14 14
302 301 15 15
302 300 15 15
303 301 15 15
303 300 15 15
304 301 15 15
304 302 15 15
305 300 15 15
305 303 15 15
306 302 15 15
306 305 15 15
307 305 15 15
307 304 15 15
308 304 15 15
308 302 15 15
309 302 15 15
309 306 15 15
310 301 15 15
310 304 15 15
311 308 15 15
311 309 15 15
312 305 15 15
312 307 15 15
313 310 15 15
313 304 15 15
314 303 15 15
314 301 15 15
315 300 15 15
315 302 15 15
316 305 15 15
316 312 15 15
317 307 15 15
317 312 15 15
318 300 15 15
318 317 15 15
319 309 15 15
319 316 15 15
300 304 15 15
300 319 15 15
301 306 15 15
301 309 15 15
42 20 2 1
57 15 2 0
61 56 3 2
62 16 3 0
92 66 4 3
89 25 4 1
101 92 5 4
111 31 5 1
131 101 6 5
127 88 6 4
144 117 7 5
157 67 7 3
176 137 8 6
179 71 8 3
190 71 9 3
182 154 9 7
205 148 10 7
211 174 10 8
231 130 11 6
228 64 11 3
256 2 12 0
253 189 12 9
264 31 13 1
260 258 13 12
293 182 14 9
286 277 14 13
304 265 15 13
305 77 15 3
11 193 0 9
5 217 0 10
28 182 1 9
32 151 1 7
