swNum = 320
edgeNum = 672

0 0
1 0
2 0
3 0
4 0
5 0
6 0
7 0
8 0
9 0
10 0
11 0
12 0
13 0
14 0
15 0
16 0
17 0
18 0
19 0
20 1
21 1
22 1
23 1
24 1
25 1
26 1
27 1
28 1
29 1
30 1
31 1
32 1
33 1
34 1
35 1
36 1
37 1
38 1
39 1
40 2
41 2
42 2
43 2
44 2
45 2
46 2
47 2
48 2
49 2
50 2
51 2
52 2
53 2
54 2
55 2
56 2
57 2
58 2
59 2
60 3
61 3
62 3
63 3
64 3
65 3
66 3
67 3
68 3
69 3
70 3
71 3
72 3
73 3
74 3
75 3
76 3
77 3
78 3
79 3
80 4
81 4
82 4
83 4
84 4
85 4
86 4
87 4
88 4
89 4
90 4
91 4
92 4
93 4
94 4
95 4
96 4
97 4
98 4
99 4
100 5
101 5
102 5
103 5
104 5
105 5
106 5
107 5
108 5
109 5
110 5
111 5
112 5
113 5
114 5
115 5
116 5
117 5
118 5
119 5
120 6
121 6
122 6
123 6
124 6
125 6
126 6
127 6
128 6
129 6
130 6
131 6
132 6
133 6
134 6
135 6
136 6
137 6
138 6
139 6
140 7
141 7
142 7
143 7
144 7
145 7
146 7
147 7
148 7
149 7
150 7
151 7
152 7
153 7
154 7
155 7
156 7
157 7
158 7
159 7
160 8
161 8
162 8
163 8
164 8
165 8
166 8
167 8
168 8
169 8
170 8
171 8
172 8
173 8
174 8
175 8
176 8
177 8
178 8
179 8
180 9
181 9
182 9
183 9
184 9
185 9
186 9
187 9
188 9
189 9
190 9
191 9
192 9
193 9
194 9
195 9
196 9
197 9
198 9
199 9
200 10
201 10
202 10
203 10
204 10
205 10
206 10
207 10
208 10
209 10
210 10
211 10
212 10
213 10
214 10
215 10
216 10
217 10
218 10
219 10
220 11
221 11
222 11
223 11
224 11
225 11
226 11
227 11
228 11
229 11
230 11
231 11
232 11
233 11
234 11
235 11
236 11
237 11
238 11
239 11
240 12
241 12
242 12
243 12
244 12
245 12
246 12
247 12
248 12
249 12
250 12
251 12
252 12
253 12
254 12
255 12
256 12
257 12
258 12
259 12
260 13
261 13
262 13
263 13
264 13
265 13
266 13
267 13
268 13
269 13
270 13
271 13
272 13
273 13
274 13
275 13
276 13
277 13
278 13
279 13
280 14
281 14
282 14
283 14
284 14
285 14
286 14
287 14
288 14
289 14
290 14
291 14
292 14
293 14
294 14
295 14
296 14
297 14
298 14
299 14
300 15
301 15
302 15
303 15
304 15
305 15
306 15
307 15
308 15
309 15
310 15
311 15
312 15
313 15
314 15
315 15
316 15
317 15
318 15
319 15

2 0 0 0
2 1 0 0
3 2 0 0
3 1 0 0
4 3 0 0
4 1 0 0
5 0 0 0
5 2 0 0
6 0 0 0
6 1 0 0
7 2 0 0
7 6 0 0
8 4 0 0
8 3 0 0
9 5 0 0
9 8 0 0
10 3 0 0
10 1 0 0
11 3 0 0
11 9 0 0
12 5 0 0
12 2 0 0
13 12 0 0
13 7 0 0
14 7 0 0
14 6 0 0
15 14 0 0
15 10 0 0
16 3 0 0
16 10 0 0
17 15 0 0
17 12 0 0
18 10 0 0
18 8 0 0
19 6 0 0
19 10 0 0
0 12 0 0
0 7 0 0
1 7 0 0
1 14 0 0
22 21 1 1
22 20 1 1
23 22 1 1
23 20 1 1
24 23 1 1
24 22 1 1
25 23 1 1
25 24 1 1
26 22 1 1
26 21 1 1
27 22 1 1
27 20 1 1
28 20 1 1
28 26 1 1
29 21 1 1
29 28 1 1
30 27 1 1
30 29 1 1
31 23 1 1
31 25 1 1
32 20 1 1
32 31 1 1
33 32 1 1
33 29 1 1
34 25 1 1
34 29 1 1
35 27 1 1
35 30 1 1
36 20 1 1
36 30 1 1
37 25 1 1
37 20 1 1
38 20 1 1
38 31 1 1
39 31 1 1
39 24 1 1
20 29 1 1
20 35 1 1
21 34 1 1
21 23 1 1
42 40 2 2
42 41 2 2
43 42 2 2
43 40 2 2
44 42 2 2
44 41 2 2
45 40 2 2
45 42 2 2
46 44 2 2
46 42 2 2
47 40 2 2
47 45 2 2
48 47 2 2
48 42 2 2
49 48 2 2
49 42 2 2
50 46 2 2
50 47 2 2
51 49 2 2
51 47 2 2
52 48 2 2
52 46 2 2
53 44 2 2
53 45 2 2
54 48 2 2
54 50 2 2
55 40 2 2
55 47 2 2
56 53 2 2
56 51 2 2
57 55 2 2
57 42 2 2
58 55 2 2
58 57 2 2
59 43 2 2
59 48 2 2
40 51 2 2
40 52 2 2
41 49 2 2
41 54 2 2
62 61 3 3
62 60 3 3
63 60 3 3
63 61 3 3
64 62 3 3
64 61 3 3
65 61 3 3
65 64 3 3
66 63 3 3
66 60 3 3
67 64 3 3
67 65 3 3
68 61 3 3
68 60 3 3
69 67 3 3
69 62 3 3
70 66 3 3
70 61 3 3
71 65 3 3
71 70 3 3
72 68 3 3
72 66 3 3
73 61 3 3
73 69 3 3
74 68 3 3
74 72 3 3
75 66 3 3
75 69 3 3
76 73 3 3
76 71 3 3
77 68 3 3
77 70 3 3
78 63 3 3
78 61 3 3
79 75 3 3
79 78 3 3
60 75 3 3
60 64 3 3
61 72 3 3
61 69 3 3
82 80 4 4
82 81 4 4
83 81 4 4
83 80 4 4
84 83 4 4
84 82 4 4
85 82 4 4
85 84 4 4
86 84 4 4
86 81 4 4
87 82 4 4
87 85 4 4
88 83 4 4
88 81 4 4
89 87 4 4
89 84 4 4
90 89 4 4
90 84 4 4
91 86 4 4
91 89 4 4
92 84 4 4
92 88 4 4
93 83 4 4
93 81 4 4
94 84 4 4
94 86 4 4
95 93 4 4
95 88 4 4
96 84 4 4
96 80 4 4
97 86 4 4
97 82 4 4
98 86 4 4
98 92 4 4
99 95 4 4
99 85 4 4
80 88 4 4
80 95 4 4
81 85 4 4
81 99 4 4
102 101 5 5
102 100 5 5
103 102 5 5
103 101 5 5
104 102 5 5
104 101 5 5
105 104 5 5
105 101 5 5
106 105 5 5
106 100 5 5
107 106 5 5
107 103 5 5
108 100 5 5
108 104 5 5
109 105 5 5
109 101 5 5
110 109 5 5
110 108 5 5
111 109 5 5
111 102 5 5
112 108 5 5
112 110 5 5
113 110 5 5
113 105 5 5
114 104 5 5
114 101 5 5
115 104 5 5
115 110 5 5
116 108 5 5
116 103 5 5
117 108 5 5
117 111 5 5
118 107 5 5
118 106 5 5
119 104 5 5
119 103 5 5
100 105 5 5
100 116 5 5
101 111 5 5
101 110 5 5
122 120 6 6
122 121 6 6
123 122 6 6
123 121 6 6
124 122 6 6
124 121 6 6
125 121 6 6
125 122 6 6
126 122 6 6
126 123 6 6
127 125 6 6
127 121 6 6
128 125 6 6
128 124 6 6
129 123 6 6
129 121 6 6
130 122 6 6
130 124 6 6
131 123 6 6
131 120 6 6
132 120 6 6
132 122 6 6
133 126 6 6
133 128 6 6
134 131 6 6
134 121 6 6
135 131 6 6
135 124 6 6
136 132 6 6
136 131 6 6
137 120 6 6
137 133 6 6
138 125 6 6
138 133 6 6
139 126 6 6
139 123 6 6
120 123 6 6
120 133 6 6
121 128 6 6
121 132 6 6
142 140 7 7
142 141 7 7
143 140 7 7
143 141 7 7
144 143 7 7
144 140 7 7
145 140 7 7
145 142 7 7
146 142 7 7
146 145 7 7
147 143 7 7
147 140 7 7
148 147 7 7
148 140 7 7
149 143 7 7
149 141 7 7
150 149 7 7
150 140 7 7
151 144 7 7
151 142 7 7
152 145 7 7
152 146 7 7
153 151 7 7
153 144 7 7
154 146 7 7
154 140 7 7
155 145 7 7
155 150 7 7
156 141 7 7
156 142 7 7
157 154 7 7
157 149 7 7
158 156 7 7
158 147 7 7
159 140 7 7
159 151 7 7
140 149 7 7
140 153 7 7
141 152 7 7
141 150 7 7
162 160 8 8
162 161 8 8
163 160 8 8
163 162 8 8
164 160 8 8
164 163 8 8
165 161 8 8
165 160 8 8
166 163 8 8
166 162 8 8
167 160 8 8
167 163 8 8
168 160 8 8
168 161 8 8
169 164 8 8
169 162 8 8
170 166 8 8
170 162 8 8
171 160 8 8
171 170 8 8
172 169 8 8
172 166 8 8
173 172 8 8
173 169 8 8
174 166 8 8
174 173 8 8
175 162 8 8
175 168 8 8
176 174 8 8
176 168 8 8
177 168 8 8
177 170 8 8
178 175 8 8
178 167 8 8
179 164 8 8
179 161 8 8
160 178 8 8
160 175 8 8
161 166 8 8
161 175 8 8
182 180 9 9
182 181 9 9
183 181 9 9
183 180 9 9
184 181 9 9
184 182 9 9
185 183 9 9
185 184 9 9
186 182 9 9
186 183 9 9
187 182 9 9
187 180 9 9
188 184 9 9
188 185 9 9
189 186 9 9
189 184 9 9
190 189 9 9
190 186 9 9
191 181 9 9
191 184 9 9
192 180 9 9
192 185 9 9
193 185 9 9
193 187 9 9
194 184 9 9
194 181 9 9
195 185 9 9
195 181 9 9
196 183 9 9
196 189 9 9
197 185 9 9
197 183 9 9
198 194 9 9
198 189 9 9
199 192 9 9
199 190 9 9
180 185 9 9
180 194 9 9
181 187 9 9
181 197 9 9
202 200 10 10
202 201 10 10
203 201 10 10
203 200 10 10
204 203 10 10
204 200 10 10
205 203 10 10
205 204 10 10
206 204 10 10
206 203 10 10
207 205 10 10
207 204 10 10
208 203 10 10
208 206 10 10
209 202 10 10
209 207 10 10
210 204 10 10
210 206 10 10
211 206 10 10
211 201 10 10
212 205 10 10
212 202 10 10
213 204 10 10
213 206 10 10
214 207 10 10
214 213 10 10
215 209 10 10
215 208 10 10
216 215 10 10
216 200 10 10
217 210 10 10
217 204 10 10
218 211 10 10
218 210 10 10
219 208 10 10
219 200 10 10
200 213 10 10
200 215 10 10
201 219 10 10
201 214 10 10
222 220 11 11
222 221 11 11
223 221 11 11
223 222 11 11
224 220 11 11
224 222 11 11
225 224 11 11
225 222 11 11
226 222 11 11
226 223 11 11
227 226 11 11
227 225 11 11
228 227 11 11
228 221 11 11
229 221 11 11
229 228 11 11
230 223 11 11
230 227 11 11
231 224 11 11
231 230 11 11
232 221 11 11
232 230 11 11
233 227 11 11
233 232 11 11
234 229 11 11
234 221 11 11
235 221 11 11
235 226 11 11
236 222 11 11
236 227 11 11
237 235 11 11
237 220 11 11
238 221 11 11
238 235 11 11
239 231 11 11
239 220 11 11
220 231 11 11
220 225 11 11
221 226 11 11
221 237 11 11
242 241 12 12
242 240 12 12
243 241 12 12
243 240 12 12
244 241 12 12
244 242 12 12
245 244 12 12
245 240 12 12
246 243 12 12
246 240 12 12
247 245 12 12
247 244 12 12
248 241 12 12
248 245 12 12
249 240 12 12
249 243 12 12
250 243 12 12
250 248 12 12
251 244 12 12
251 245 12 12
252 250 12 12
252 248 12 12
253 249 12 12
253 246 12 12
254 250 12 12
254 247 12 12
255 247 12 12
255 246 12 12
256 250 12 12
256 255 12 12
257 240 12 12
257 252 12 12
258 243 12 12
258 241 12 12
259 256 12 12
259 244 12 12
240 255 12 12
240 248 12 12
241 259 12 12
241 250 12 12
262 260 13 13
262 261 13 13
263 260 13 13
263 262 13 13
264 261 13 13
264 262 13 13
265 264 13 13
265 262 13 13
266 262 13 13
266 264 13 13
267 266 13 13
267 261 13 13
268 267 13 13
268 260 13 13
269 266 13 13
269 268 13 13
270 268 13 13
270 269 13 13
271 269 13 13
271 270 13 13
272 265 13 13
272 270 13 13
273 263 13 13
273 262 13 13
274 265 13 13
274 267 13 13
275 271 13 13
275 269 13 13
276 266 13 13
276 274 13 13
277 271 13 13
277 264 13 13
278 277 13 13
278 263 13 13
279 271 13 13
279 275 13 13
260 277 13 13
260 266 13 13
261 266 13 13
261 268 13 13
282 281 14 14
282 280 14 14
283 282 14 14
283 280 14 14
284 280 14 14
284 283 14 14
285 284 14 14
285 280 14 14
286 282 14 14
286 283 14 14
287 283 14 14
287 286 14 14
288 283 14 14
288 287 14 14
289 280 14 14
289 283 14 14
290 285 14 14
290 284 14 14
291 282 14 14
291 290 14 14
292 284 14 14
292 290 14 14
293 288 14 14
293 290 14 14
294 282 14 14
294 286 14 14
295 281 14 14
295 294 14 14
296 295 14 14
296 294 14 14
297 284 14 14
297 280 14 14
298 292 14 14
298 293 14 14
299 288 14 14
299 280 14 14
280 295 14 14
280 286 14 14
281 298 14 14
281 293 14 14
302 301 15 15
302 300 15 15
303 301 15 15
303 300 15 15
304 302 15 15
304 300 15 15
305 303 15 15
305 302 15 15
306 302 15 15
306 303 15 15
307 305 15 15
307 300 15 15
308 301 15 15
308 305 15 15
309 304 15 15
309 303 15 15
310 300 15 15
310 309 15 15
311 308 15 15
311 305 15 15
312 311 15 15
312 307 15 15
313 302 15 15
313 305 15 15
314 311 15 15
314 300 15 15
315 307 15 15
315 304 15 15
316 315 15 15
316 310 15 15
317 303 15 15
317 316 15 15
318 300 15 15
318 311 15 15
319 305 15 15
319 303 15 15
300 313 15 15
300 317 15 15
301 309 15 15
301 313 15 15
54 29 2 1
47 6 2 0
70 23 3 1
75 17 3 0
97 30 4 1
87 64 4 3
101 1 5 0
102 27 5 1
125 0 6 0
131 48 6 2
144 58 7 2
142 126 7 6
179 143 8 7
162 106 8 5
195 143 9 7
187 139 9 6
202 8 10 0
219 109 10 5
225 16 11 0
220 131 11 6
251 24 12 1
254 144 12 7
276 8 13 0
272 213 13 10
288 188 14 9
296 244 14 12
307 23 15 1
301 170 15 8
14 243 0 12
3 289 0 14
32 197 1 9
34 152 1 7
