swNum = 320
edgeNum = 672

0 0
1 0
2 0
3 0
4 0
5 0
6 0
7 0
8 0
9 0
10 0
11 0
12 0
13 0
14 0
15 0
16 0
17 0
18 0
19 0
20 1
21 1
22 1
23 1
24 1
25 1
26 1
27 1
28 1
29 1
30 1
31 1
32 1
33 1
34 1
35 1
36 1
37 1
38 1
39 1
40 2
41 2
42 2
43 2
44 2
45 2
46 2
47 2
48 2
49 2
50 2
51 2
52 2
53 2
54 2
55 2
56 2
57 2
58 2
59 2
60 3
61 3
62 3
63 3
64 3
65 3
66 3
67 3
68 3
69 3
70 3
71 3
72 3
73 3
74 3
75 3
76 3
77 3
78 3
79 3
80 4
81 4
82 4
83 4
84 4
85 4
86 4
87 4
88 4
89 4
90 4
91 4
92 4
93 4
94 4
95 4
96 4
97 4
98 4
99 4
100 5
101 5
102 5
103 5
104 5
105 5
106 5
107 5
108 5
109 5
110 5
111 5
112 5
113 5
114 5
115 5
116 5
117 5
118 5
119 5
120 6
121 6
122 6
123 6
124 6
125 6
126 6
127 6
128 6
129 6
130 6
131 6
132 6
133 6
134 6
135 6
136 6
137 6
138 6
139 6
140 7
141 7
142 7
143 7
144 7
145 7
146 7
147 7
148 7
149 7
150 7
151 7
152 7
153 7
154 7
155 7
156 7
157 7
158 7
159 7
160 8
161 8
162 8
163 8
164 8
165 8
166 8
167 8
168 8
169 8
170 8
171 8
172 8
173 8
174 8
175 8
176 8
177 8
178 8
179 8
180 9
181 9
182 9
183 9
184 9
185 9
186 9
187 9
188 9
189 9
190 9
191 9
192 9
193 9
194 9
195 9
196 9
197 9
198 9
199 9
200 10
201 10
202 10
203 10
204 10
205 10
206 10
207 10
208 10
209 10
210 10
211 10
212 10
213 10
214 10
215 10
216 10
217 10
218 10
219 10
220 11
221 11
222 11
223 11
224 11
225 11
226 11
227 11
228 11
229 11
230 11
231 11
232 11
233 11
234 11
235 11
236 11
237 11
238 11
239 11
240 12
241 12
242 12
243 12
244 12
245 12
246 12
247 12
248 12
249 12
250 12
251 12
252 12
253 12
254 12
255 12
256 12
257 12
258 12
259 12
260 13
261 13
262 13
263 13
264 13
265 13
266 13
267 13
268 13
269 13
270 13
271 13
272 13
273 13
274 13
275 13
276 13
277 13
278 13
279 13
280 14
281 14
282 14
283 14
284 14
285 14
286 14
287 14
288 14
289 14
290 14
291 14
292 14
293 14
294 14
295 14
296 14
297 14
298 14
299 14
300 15
301 15
302 15
303 15
304 15
305 15
306 15
307 15
308 15
309 15
310 15
311 15
312 15
313 15
314 15
315 15
316 15
317 15
318 15
319 15

2 1 0 0
2 0 0 0
3 2 0 0
3 0 0 0
4 0 0 0
4 2 0 0
5 2 0 0
5 1 0 0
6 1 0 0
6 5 0 0
7 1 0 0
7 2 0 0
8 3 0 0
8 1 0 0
9 0 0 0
9 3 0 0
10 4 0 0
10 7 0 0
11 2 0 0
11 0 0 0
12 1 0 0
12 2 0 0
13 3 0 0
13 10 0 0
14 6 0 0
14 13 0 0
15 5 0 0
15 2 0 0
16 7 0 0
16 14 0 0
17 0 0 0
17 4 0 0
18 17 0 0
18 10 0 0
19 13 0 0
19 18 0 0
0 15 0 0
0 5 0 0
1 3 0 0
1 13 0 0
22 20 1 1
22 21 1 1
23 21 1 1
23 22 1 1
24 23 1 1
24 21 1 1
25 23 1 1
25 21 1 1
26 25 1 1
26 22 1 1
27 22 1 1
27 23 1 1
28 23 1 1
28 20 1 1
29 21 1 1
29 24 1 1
30 21 1 1
30 22 1 1
31 29 1 1
31 30 1 1
32 20 1 1
32 31 1 1
33 27 1 1
33 24 1 1
34 21 1 1
34 27 1 1
35 26 1 1
35 34 1 1
36 33 1 1
36 35 1 1
37 20 1 1
37 28 1 1
38 23 1 1
38 26 1 1
39 32 1 1
39 28 1 1
20 31 1 1
20 26 1 1
21 35 1 1
21 26 1 1
42 40 2 2
42 41 2 2
43 40 2 2
43 41 2 2
44 41 2 2
44 43 2 2
45 42 2 2
45 44 2 2
46 42 2 2
46 45 2 2
47 41 2 2
47 42 2 2
48 43 2 2
48 44 2 2
49 44 2 2
49 45 2 2
50 40 2 2
50 46 2 2
51 40 2 2
51 44 2 2
52 51 2 2
52 48 2 2
53 41 2 2
53 44 2 2
54 49 2 2
54 40 2 2
55 49 2 2
55 44 2 2
56 54 2 2
56 44 2 2
57 49 2 2
57 42 2 2
58 40 2 2
58 43 2 2
59 43 2 2
59 58 2 2
40 55 2 2
40 46 2 2
41 49 2 2
41 51 2 2
62 61 3 3
62 60 3 3
63 61 3 3
63 60 3 3
64 60 3 3
64 62 3 3
65 64 3 3
65 61 3 3
66 61 3 3
66 62 3 3
67 63 3 3
67 64 3 3
68 64 3 3
68 60 3 3
69 64 3 3
69 67 3 3
70 60 3 3
70 62 3 3
71 65 3 3
71 68 3 3
72 69 3 3
72 70 3 3
73 67 3 3
73 65 3 3
74 61 3 3
74 72 3 3
75 63 3 3
75 60 3 3
76 68 3 3
76 67 3 3
77 72 3 3
77 70 3 3
78 64 3 3
78 72 3 3
79 70 3 3
79 75 3 3
60 66 3 3
60 72 3 3
61 67 3 3
61 72 3 3
82 80 4 4
82 81 4 4
83 80 4 4
83 82 4 4
84 82 4 4
84 80 4 4
85 84 4 4
85 81 4 4
86 81 4 4
86 80 4 4
87 83 4 4
87 85 4 4
88 83 4 4
88 87 4 4
89 84 4 4
89 83 4 4
90 87 4 4
90 84 4 4
91 88 4 4
91 85 4 4
92 91 4 4
92 90 4 4
93 86 4 4
93 90 4 4
94 87 4 4
94 80 4 4
95 80 4 4
95 94 4 4
96 80 4 4
96 82 4 4
97 81 4 4
97 96 4 4
98 91 4 4
98 93 4 4
99 85 4 4
99 82 4 4
80 93 4 4
80 89 4 4
81 92 4 4
81 90 4 4
102 101 5 5
102 100 5 5
103 101 5 5
103 102 5 5
104 102 5 5
104 100 5 5
105 102 5 5
105 100 5 5
106 103 5 5
106 101 5 5
107 106 5 5
107 102 5 5
108 101 5 5
108 106 5 5
109 108 5 5
109 104 5 5
110 103 5 5
110 109 5 5
111 100 5 5
111 101 5 5
112 106 5 5
112 101 5 5
113 110 5 5
113 103 5 5
114 110 5 5
114 102 5 5
115 109 5 5
115 110 5 5
116 113 5 5
116 103 5 5
117 111 5 5
117 110 5 5
118 116 5 5
118 100 5 5
119 118 5 5
119 105 5 5
100 106 5 5
100 115 5 5
101 118 5 5
101 107 5 5
122 121 6 6
122 120 6 6
123 121 6 6
123 122 6 6
124 120 6 6
124 122 6 6
125 120 6 6
125 121 6 6
126 125 6 6
126 120 6 6
127 122 6 6
127 124 6 6
128 120 6 6
128 121 6 6
129 122 6 6
129 125 6 6
130 123 6 6
130 128 6 6
131 126 6 6
131 123 6 6
132 122 6 6
132 121 6 6
133 126 6 6
133 124 6 6
134 122 6 6
134 130 6 6
135 130 6 6
135 132 6 6
136 120 6 6
136 121 6 6
137 124 6 6
137 125 6 6
138 135 6 6
138 128 6 6
139 132 6 6
139 127 6 6
120 123 6 6
120 131 6 6
121 124 6 6
121 129 6 6
142 141 7 7
142 140 7 7
143 140 7 7
143 142 7 7
144 143 7 7
144 140 7 7
145 140 7 7
145 144 7 7
146 144 7 7
146 143 7 7
147 146 7 7
147 144 7 7
148 144 7 7
148 147 7 7
149 148 7 7
149 145 7 7
150 149 7 7
150 146 7 7
151 146 7 7
151 144 7 7
152 148 7 7
152 142 7 7
153 144 7 7
153 149 7 7
154 153 7 7
154 143 7 7
155 154 7 7
155 144 7 7
156 151 7 7
156 154 7 7
157 144 7 7
157 155 7 7
158 156 7 7
158 157 7 7
159 144 7 7
159 157 7 7
140 155 7 7
140 157 7 7
141 153 7 7
141 148 7 7
162 161 8 8
162 160 8 8
163 161 8 8
163 160 8 8
164 160 8 8
164 161 8 8
165 161 8 8
165 162 8 8
166 160 8 8
166 164 8 8
167 161 8 8
167 162 8 8
168 164 8 8
168 160 8 8
169 161 8 8
169 165 8 8
170 162 8 8
170 164 8 8
171 163 8 8
171 169 8 8
172 162 8 8
172 165 8 8
173 161 8 8
173 172 8 8
174 168 8 8
174 171 8 8
175 168 8 8
175 161 8 8
176 175 8 8
176 163 8 8
177 161 8 8
177 163 8 8
178 161 8 8
178 171 8 8
179 169 8 8
179 178 8 8
160 165 8 8
160 167 8 8
161 172 8 8
161 176 8 8
182 180 9 9
182 181 9 9
183 180 9 9
183 181 9 9
184 180 9 9
184 183 9 9
185 184 9 9
185 182 9 9
186 185 9 9
186 183 9 9
187 184 9 9
187 180 9 9
188 187 9 9
188 183 9 9
189 185 9 9
189 186 9 9
190 180 9 9
190 186 9 9
191 188 9 9
191 184 9 9
192 189 9 9
192 190 9 9
193 184 9 9
193 189 9 9
194 181 9 9
194 193 9 9
195 187 9 9
195 181 9 9
196 182 9 9
196 184 9 9
197 187 9 9
197 183 9 9
198 193 9 9
198 187 9 9
199 184 9 9
199 187 9 9
180 192 9 9
180 185 9 9
181 189 9 9
181 198 9 9
202 201 10 10
202 200 10 10
203 200 10 10
203 202 10 10
204 200 10 10
204 203 10 10
205 203 10 10
205 202 10 10
206 201 10 10
206 204 10 10
207 200 10 10
207 202 10 10
208 206 10 10
208 205 10 10
209 208 10 10
209 203 10 10
210 200 10 10
210 204 10 10
211 204 10 10
211 202 10 10
212 204 10 10
212 203 10 10
213 210 10 10
213 211 10 10
214 202 10 10
214 209 10 10
215 210 10 10
215 203 10 10
216 201 10 10
216 202 10 10
217 214 10 10
217 210 10 10
218 209 10 10
218 212 10 10
219 206 10 10
219 208 10 10
200 214 10 10
200 218 10 10
201 209 10 10
201 217 10 10
222 220 11 11
222 221 11 11
223 221 11 11
223 220 11 11
224 223 11 11
224 220 11 11
225 223 11 11
225 224 11 11
226 221 11 11
226 220 11 11
227 224 11 11
227 220 11 11
228 223 11 11
228 226 11 11
229 228 11 11
229 227 11 11
230 220 11 11
230 226 11 11
231 230 11 11
231 226 11 11
232 220 11 11
232 231 11 11
233 223 11 11
233 225 11 11
234 228 11 11
234 230 11 11
235 234 11 11
235 231 11 11
236 230 11 11
236 229 11 11
237 234 11 11
237 221 11 11
238 222 11 11
238 232 11 11
239 228 11 11
239 221 11 11
220 235 11 11
220 237 11 11
221 233 11 11
221 234 11 11
242 241 12 12
242 240 12 12
243 242 12 12
243 241 12 12
244 241 12 12
244 240 12 12
245 244 12 12
245 241 12 12
246 242 12 12
246 240 12 12
247 246 12 12
247 240 12 12
248 242 12 12
248 243 12 12
249 242 12 12
249 245 12 12
250 246 12 12
250 244 12 12
251 249 12 12
251 244 12 12
252 247 12 12
252 250 12 12
253 250 12 12
253 252 12 12
254 250 12 12
254 240 12 12
255 248 12 12
255 243 12 12
256 255 12 12
256 248 12 12
257 251 12 12
257 250 12 12
258 254 12 12
258 256 12 12
259 249 12 12
259 240 12 12
240 257 12 12
240 252 12 12
241 256 12 12
241 250 12 12
262 261 13 13
262 260 13 13
263 261 13 13
263 262 13 13
264 260 13 13
264 261 13 13
265 263 13 13
265 261 13 13
266 265 13 13
266 261 13 13
267 260 13 13
267 264 13 13
268 264 13 13
268 260 13 13
269 260 13 13
269 268 13 13
270 261 13 13
270 262 13 13
271 269 13 13
271 260 13 13
272 263 13 13
272 262 13 13
273 270 13 13
273 263 13 13
274 272 13 13
274 262 13 13
275 261 13 13
275 265 13 13
276 274 13 13
276 264 13 13
277 264 13 13
277 260 13 13
278 267 13 13
278 266 13 13
279 277 13 13
279 274 13 13
260 276 13 13
260 279 13 13
261 272 13 13
261 273 13 13
282 280 14 14
282 281 14 14
283 281 14 14
283 280 14 14
284 280 14 14
284 281 14 14
285 280 14 14
285 282 14 14
286 283 14 14
286 284 14 14
287 281 14 14
287 284 14 14
288 284 14 14
288 283 14 14
289 287 14 14
289 283 14 14
290 280 14 14
290 285 14 14
291 280 14 14
291 285 14 14
292 280 14 14
292 291 14 14
293 289 14 14
293 282 14 14
294 283 14 14
294 286 14 14
295 291 14 14
295 289 14 14
296 293 14 14
296 285 14 14
297 291 14 14
297 282 14 14
298 285 14 14
298 297 14 14
299 287 14 14
299 282 14 14
280 299 14 14
280 296 14 14
281 288 14 14
281 294 14 14
302 300 15 15
302 301 15 15
303 302 15 15
303 301 15 15
304 302 15 15
304 300 15 15
305 300 15 15
305 301 15 15
306 302 15 15
306 303 15 15
307 302 15 15
307 306 15 15
308 306 15 15
308 304 15 15
309 306 15 15
309 302 15 15
310 300 15 15
310 301 15 15
311 308 15 15
311 300 15 15
312 311 15 15
312 307 15 15
313 310 15 15
313 308 15 15
314 304 15 15
314 305 15 15
315 310 15 15
315 304 15 15
316 306 15 15
316 312 15 15
317 315 15 15
317 301 15 15
318 301 15 15
318 315 15 15
319 302 15 15
319 313 15 15
300 317 15 15
300 313 15 15
301 309 15 15
301 319 15 15
54 1 2 0
57 37 2 1
67 38 3 1
77 52 3 2
90 41 4 2
99 66 4 3
114 36 5 1
105 46 5 2
135 98 6 4
133 51 6 2
154 42 7 2
157 17 7 0
175 110 8 5
165 33 8 1
194 15 9 0
197 77 9 3
211 58 10 2
201 128 10 6
230 133 11 6
225 142 11 7
253 174 12 8
254 8 12 0
273 43 13 2
277 37 13 1
282 20 14 1
299 91 14 4
318 129 15 6
312 141 15 7
4 225 0 11
19 67 0 3
26 143 1 7
31 304 1 15
