swNum = 320
edgeNum = 672

0 0
1 0
2 0
3 0
4 0
5 0
6 0
7 0
8 0
9 0
10 0
11 0
12 0
13 0
14 0
15 0
16 0
17 0
18 0
19 0
20 1
21 1
22 1
23 1
24 1
25 1
26 1
27 1
28 1
29 1
30 1
31 1
32 1
33 1
34 1
35 1
36 1
37 1
38 1
39 1
40 2
41 2
42 2
43 2
44 2
45 2
46 2
47 2
48 2
49 2
50 2
51 2
52 2
53 2
54 2
55 2
56 2
57 2
58 2
59 2
60 3
61 3
62 3
63 3
64 3
65 3
66 3
67 3
68 3
69 3
70 3
71 3
72 3
73 3
74 3
75 3
76 3
77 3
78 3
79 3
80 4
81 4
82 4
83 4
84 4
85 4
86 4
87 4
88 4
89 4
90 4
91 4
92 4
93 4
94 4
95 4
96 4
97 4
98 4
99 4
100 5
101 5
102 5
103 5
104 5
105 5
106 5
107 5
108 5
109 5
110 5
111 5
112 5
113 5
114 5
115 5
116 5
117 5
118 5
119 5
120 6
121 6
122 6
123 6
124 6
125 6
126 6
127 6
128 6
129 6
130 6
131 6
132 6
133 6
134 6
135 6
136 6
137 6
138 6
139 6
140 7
141 7
142 7
143 7
144 7
145 7
146 7
147 7
148 7
149 7
150 7
151 7
152 7
153 7
154 7
155 7
156 7
157 7
158 7
159 7
160 8
161 8
162 8
163 8
164 8
165 8
166 8
167 8
168 8
169 8
170 8
171 8
172 8
173 8
174 8
175 8
176 8
177 8
178 8
179 8
180 9
181 9
182 9
183 9
184 9
185 9
186 9
187 9
188 9
189 9
190 9
191 9
192 9
193 9
194 9
195 9
196 9
197 9
198 9
199 9
200 10
201 10
202 10
203 10
204 10
205 10
206 10
207 10
208 10
209 10
210 10
211 10
212 10
213 10
214 10
215 10
216 10
217 10
218 10
219 10
220 11
221 11
222 11
223 11
224 11
225 11
226 11
227 11
228 11
229 11
230 11
231 11
232 11
233 11
234 11
235 11
236 11
237 11
238 11
239 11
240 12
241 12
242 12
243 12
244 12
245 12
246 12
247 12
248 12
249 12
250 12
251 12
252 12
253 12
254 12
255 12
256 12
257 12
258 12
259 12
260 13
261 13
262 13
263 13
264 13
265 13
266 13
267 13
268 13
269 13
270 13
271 13
272 13
273 13
274 13
275 13
276 13
277 13
278 13
279 13
280 14
281 14
282 14
283 14
284 14
285 14
286 14
287 14
288 14
289 14
290 14
291 14
292 14
293 14
294 14
295 14
296 14
297 14
298 14
299 14
300 15
301 15
302 15
303 15
304 15
305 15
306 15
307 15
308 15
309 15
310 15
311 15
312 15
313 15
314 15
315 15
316 15
317 15
318 15
319 15

2 0 0 0
2 1 0 0
3 1 0 0
3 0 0 0
4 2 0 0
4 3 0 0
5 3 0 0
5 4 0 0
6 5 0 0
6 0 0 0
7 3 0 0
7 0 0 0
8 6 0 0
8 5 0 0
9 0 0 0
9 1 0 0
10 4 0 0
10 3 0 0
11 10 0 0
11 7 0 0
12 10 0 0
12 5 0 0
13 5 0 0
13 4 0 0
14 9 0 0
14 13 0 0
15 5 0 0
15 8 0 0
16 5 0 0
16 12 0 0
17 0 0 0
17 4 0 0
18 10 0 0
18 16 0 0
19 9 0 0
19 1 0 0
0 4 0 0
0 19 0 0
1 10 0 0
1 16 0 0
22 21 1 1
22 20 1 1
23 20 1 1
23 21 1 1
24 20 1 1
24 23 1 1
25 24 1 1
25 23 1 1
26 21 1 1
26 25 1 1
27 20 1 1
27 21 1 1
28 27 1 1
28 25 1 1
29 21 1 1
29 26 1 1
30 23 1 1
30 20 1 1
31 26 1 1
31 24 1 1
32 21 1 1
32 26 1 1
33 20 1 1
33 28 1 1
34 26 1 1
34 20 1 1
35 32 1 1
35 22 1 1
36 23 1 1
36 35 1 1
37 36 1 1
37 35 1 1
38 22 1 1
38 29 1 1
39 35 1 1
39 34 1 1
20 29 1 1
20 31 1 1
21 38 1 1
21 33 1 1
42 41 2 2
42 40 2 2
43 40 2 2
43 41 2 2
44 42 2 2
44 40 2 2
45 44 2 2
45 42 2 2
46 42 2 2
46 40 2 2
47 42 2 2
47 45 2 2
48 46 2 2
48 42 2 2
49 44 2 2
49 40 2 2
50 40 2 2
50 48 2 2
51 47 2 2
51 45 2 2
52 50 2 2
52 43 2 2
53 42 2 2
53 52 2 2
54 53 2 2
54 50 2 2
55 49 2 2
55 45 2 2
56 51 2 2
56 50 2 2
57 47 2 2
57 41 2 2
58 52 2 2
58 50 2 2
59 53 2 2
59 51 2 2
40 51 2 2
40 57 2 2
41 47 2 2
41 46 2 2
62 61 3 3
62 60 3 3
63 61 3 3
63 62 3 3
64 63 3 3
64 60 3 3
65 63 3 3
65 62 3 3
66 65 3 3
66 60 3 3
67 65 3 3
67 66 3 3
68 64 3 3
68 67 3 3
69 62 3 3
69 63 3 3
70 60 3 3
70 61 3 3
71 64 3 3
71 70 3 3
72 66 3 3
72 63 3 3
73 64 3 3
73 62 3 3
74 68 3 3
74 64 3 3
75 72 3 3
75 65 3 3
76 67 3 3
76 75 3 3
77 65 3 3
77 66 3 3
78 66 3 3
78 62 3 3
79 72 3 3
79 76 3 3
60 72 3 3
60 67 3 3
61 64 3 3
61 72 3 3
82 81 4 4
82 80 4 4
83 81 4 4
83 82 4 4
84 82 4 4
84 81 4 4
85 81 4 4
85 82 4 4
86 82 4 4
86 80 4 4
87 82 4 4
87 85 4 4
88 83 4 4
88 82 4 4
89 84 4 4
89 82 4 4
90 83 4 4
90 84 4 4
91 81 4 4
91 80 4 4
92 87 4 4
92 86 4 4
93 81 4 4
93 88 4 4
94 83 4 4
94 80 4 4
95 80 4 4
95 83 4 4
96 83 4 4
96 91 4 4
97 85 4 4
97 90 4 4
98 88 4 4
98 91 4 4
99 83 4 4
99 91 4 4
80 97 4 4
80 92 4 4
81 86 4 4
81 99 4 4
102 100 5 5
102 101 5 5
103 102 5 5
103 100 5 5
104 101 5 5
104 102 5 5
105 104 5 5
105 100 5 5
106 102 5 5
106 105 5 5
107 102 5 5
107 104 5 5
108 102 5 5
108 101 5 5
109 103 5 5
109 101 5 5
110 109 5 5
110 107 5 5
111 103 5 5
111 104 5 5
112 103 5 5
112 104 5 5
113 103 5 5
113 105 5 5
114 111 5 5
114 104 5 5
115 107 5 5
115 112 5 5
116 106 5 5
116 102 5 5
117 111 5 5
117 114 5 5
118 115 5 5
118 101 5 5
119 116 5 5
119 106 5 5
100 109 5 5
100 115 5 5
101 114 5 5
101 111 5 5
122 120 6 6
122 121 6 6
123 122 6 6
123 121 6 6
124 121 6 6
124 122 6 6
125 122 6 6
125 121 6 6
126 120 6 6
126 125 6 6
127 122 6 6
127 124 6 6
128 126 6 6
128 122 6 6
129 125 6 6
129 123 6 6
130 127 6 6
130 121 6 6
131 121 6 6
131 123 6 6
132 126 6 6
132 128 6 6
133 129 6 6
133 131 6 6
134 126 6 6
134 132 6 6
135 129 6 6
135 125 6 6
136 131 6 6
136 121 6 6
137 123 6 6
137 129 6 6
138 132 6 6
138 120 6 6
139 122 6 6
139 135 6 6
120 139 6 6
120 127 6 6
121 137 6 6
121 128 6 6
142 141 7 7
142 140 7 7
143 141 7 7
143 142 7 7
144 143 7 7
144 142 7 7
145 143 7 7
145 144 7 7
146 140 7 7
146 145 7 7
147 141 7 7
147 142 7 7
148 140 7 7
148 147 7 7
149 142 7 7
149 140 7 7
150 144 7 7
150 140 7 7
151 143 7 7
151 149 7 7
152 140 7 7
152 144 7 7
153 151 7 7
153 141 7 7
154 143 7 7
154 146 7 7
155 144 7 7
155 146 7 7
156 141 7 7
156 148 7 7
157 141 7 7
157 148 7 7
158 154 7 7
158 151 7 7
159 158 7 7
159 154 7 7
140 147 7 7
140 159 7 7
141 144 7 7
141 146 7 7
162 161 8 8
162 160 8 8
163 161 8 8
163 160 8 8
164 160 8 8
164 162 8 8
165 161 8 8
165 163 8 8
166 163 8 8
166 160 8 8
167 166 8 8
167 161 8 8
168 166 8 8
168 163 8 8
169 165 8 8
169 166 8 8
170 166 8 8
170 163 8 8
171 169 8 8
171 160 8 8
172 160 8 8
172 162 8 8
173 170 8 8
173 169 8 8
174 165 8 8
174 171 8 8
175 167 8 8
175 160 8 8
176 171 8 8
176 161 8 8
177 164 8 8
177 163 8 8
178 169 8 8
178 161 8 8
179 172 8 8
179 174 8 8
160 179 8 8
160 169 8 8
161 168 8 8
161 164 8 8
182 180 9 9
182 181 9 9
183 180 9 9
183 181 9 9
184 182 9 9
184 181 9 9
185 182 9 9
185 181 9 9
186 182 9 9
186 184 9 9
187 185 9 9
187 183 9 9
188 185 9 9
188 182 9 9
189 186 9 9
189 185 9 9
190 184 9 9
190 189 9 9
191 190 9 9
191 188 9 9
192 183 9 9
192 190 9 9
193 189 9 9
193 184 9 9
194 190 9 9
194 186 9 9
195 192 9 9
195 180 9 9
196 187 9 9
196 189 9 9
197 181 9 9
197 193 9 9
198 183 9 9
198 186 9 9
199 182 9 9
199 189 9 9
180 194 9 9
180 192 9 9
181 194 9 9
181 193 9 9
202 200 10 10
202 201 10 10
203 202 10 10
203 200 10 10
204 202 10 10
204 203 10 10
205 202 10 10
205 203 10 10
206 203 10 10
206 204 10 10
207 202 10 10
207 204 10 10
208 202 10 10
208 201 10 10
209 200 10 10
209 201 10 10
210 201 10 10
210 208 10 10
211 202 10 10
211 208 10 10
212 200 10 10
212 210 10 10
213 212 10 10
213 203 10 10
214 208 10 10
214 213 10 10
215 211 10 10
215 201 10 10
216 207 10 10
216 201 10 10
217 214 10 10
217 208 10 10
218 209 10 10
218 212 10 10
219 204 10 10
219 203 10 10
200 213 10 10
200 208 10 10
201 214 10 10
201 205 10 10
222 221 11 11
222 220 11 11
223 222 11 11
223 221 11 11
224 223 11 11
224 222 11 11
225 222 11 11
225 224 11 11
226 222 11 11
226 224 11 11
227 224 11 11
227 226 11 11
228 222 11 11
228 223 11 11
229 222 11 11
229 220 11 11
230 222 11 11
230 221 11 11
231 222 11 11
231 225 11 11
232 228 11 11
232 231 11 11
233 232 11 11
233 231 11 11
234 225 11 11
234 223 11 11
235 228 11 11
235 234 11 11
236 228 11 11
236 225 11 11
237 229 11 11
237 225 11 11
238 229 11 11
238 227 11 11
239 238 11 11
239 221 11 11
220 234 11 11
220 228 11 11
221 234 11 11
221 227 11 11
242 240 12 12
242 241 12 12
243 240 12 12
243 241 12 12
244 241 12 12
244 242 12 12
245 244 12 12
245 241 12 12
246 242 12 12
246 241 12 12
247 242 12 12
247 246 12 12
248 241 12 12
248 244 12 12
249 243 12 12
249 244 12 12
250 246 12 12
250 245 12 12
251 242 12 12
251 246 12 12
252 251 12 12
252 248 12 12
253 243 12 12
253 241 12 12
254 248 12 12
254 249 12 12
255 247 12 12
255 254 12 12
256 253 12 12
256 243 12 12
257 255 12 12
257 241 12 12
258 242 12 12
258 246 12 12
259 250 12 12
259 254 12 12
240 257 12 12
240 258 12 12
241 250 12 12
241 254 12 12
262 260 13 13
262 261 13 13
263 262 13 13
263 260 13 13
264 261 13 13
264 260 13 13
265 264 13 13
265 262 13 13
266 261 13 13
266 260 13 13
267 263 13 13
267 266 13 13
268 262 13 13
268 261 13 13
269 268 13 13
269 267 13 13
270 265 13 13
270 260 13 13
271 269 13 13
271 261 13 13
272 261 13 13
272 263 13 13
273 272 13 13
273 270 13 13
274 265 13 13
274 273 13 13
275 269 13 13
275 274 13 13
276 264 13 13
276 273 13 13
277 275 13 13
277 262 13 13
278 268 13 13
278 262 13 13
279 272 13 13
279 264 13 13
260 273 13 13
260 272 13 13
261 265 13 13
261 279 13 13
282 280 14 14
282 281 14 14
283 282 14 14
283 281 14 14
284 280 14 14
284 283 14 14
285 280 14 14
285 283 14 14
286 280 14 14
286 284 14 14
287 281 14 14
287 282 14 14
288 284 14 14
288 286 14 14
289 284 14 14
289 287 14 14
290 284 14 14
290 285 14 14
291 284 14 14
291 290 14 14
292 284 14 14
292 288 14 14
293 287 14 14
293 283 14 14
294 282 14 14
294 280 14 14
295 294 14 14
295 281 14 14
296 295 14 14
296 286 14 14
297 293 14 14
297 292 14 14
298 283 14 14
298 293 14 14
299 287 14 14
299 281 14 14
280 290 14 14
280 295 14 14
281 297 14 14
281 296 14 14
302 301 15 15
302 300 15 15
303 302 15 15
303 300 15 15
304 300 15 15
304 303 15 15
305 303 15 15
305 302 15 15
306 305 15 15
306 303 15 15
307 302 15 15
307 301 15 15
308 302 15 15
308 304 15 15
309 307 15 15
309 303 15 15
310 300 15 15
310 301 15 15
311 307 15 15
311 305 15 15
312 301 15 15
312 300 15 15
313 311 15 15
313 305 15 15
314 300 15 15
314 308 15 15
315 300 15 15
315 304 15 15
316 308 15 15
316 309 15 15
317 309 15 15
317 301 15 15
318 301 15 15
318 316 15 15
319 310 15 15
319 311 15 15
300 306 15 15
300 318 15 15
301 311 15 15
301 319 15 15
45 17 2 0
49 27 2 1
79 27 3 1
69 6 3 0
87 10 4 0
98 53 4 2
119 27 5 1
113 51 5 2
128 5 6 0
129 93 6 4
150 105 7 5
147 69 7 3
163 150 8 7
167 62 8 3
185 55 9 2
188 19 9 0
204 163 10 8
204 36 10 1
224 40 11 2
224 86 11 4
249 17 12 0
250 94 12 4
271 153 13 7
270 43 13 2
294 83 14 4
296 60 14 3
300 243 15 12
308 50 15 2
5 298 0 14
13 217 0 10
35 257 1 12
36 267 1 13
