swNum = 320
edgeNum = 672

0 0
1 0
2 0
3 0
4 0
5 0
6 0
7 0
8 0
9 0
10 0
11 0
12 0
13 0
14 0
15 0
16 0
17 0
18 0
19 0
20 1
21 1
22 1
23 1
24 1
25 1
26 1
27 1
28 1
29 1
30 1
31 1
32 1
33 1
34 1
35 1
36 1
37 1
38 1
39 1
40 2
41 2
42 2
43 2
44 2
45 2
46 2
47 2
48 2
49 2
50 2
51 2
52 2
53 2
54 2
55 2
56 2
57 2
58 2
59 2
60 3
61 3
62 3
63 3
64 3
65 3
66 3
67 3
68 3
69 3
70 3
71 3
72 3
73 3
74 3
75 3
76 3
77 3
78 3
79 3
80 4
81 4
82 4
83 4
84 4
85 4
86 4
87 4
88 4
89 4
90 4
91 4
92 4
93 4
94 4
95 4
96 4
97 4
98 4
99 4
100 5
101 5
102 5
103 5
104 5
105 5
106 5
107 5
108 5
109 5
110 5
111 5
112 5
113 5
114 5
115 5
116 5
117 5
118 5
119 5
120 6
121 6
122 6
123 6
124 6
125 6
126 6
127 6
128 6
129 6
130 6
131 6
132 6
133 6
134 6
135 6
136 6
137 6
138 6
139 6
140 7
141 7
142 7
143 7
144 7
145 7
146 7
147 7
148 7
149 7
150 7
151 7
152 7
153 7
154 7
155 7
156 7
157 7
158 7
159 7
160 8
161 8
162 8
163 8
164 8
165 8
166 8
167 8
168 8
169 8
170 8
171 8
172 8
173 8
174 8
175 8
176 8
177 8
178 8
179 8
180 9
181 9
182 9
183 9
184 9
185 9
186 9
187 9
188 9
189 9
190 9
191 9
192 9
193 9
194 9
195 9
196 9
197 9
198 9
199 9
200 10
201 10
202 10
203 10
204 10
205 10
206 10
207 10
208 10
209 10
210 10
211 10
212 10
213 10
214 10
215 10
216 10
217 10
218 10
219 10
220 11
221 11
222 11
223 11
224 11
225 11
226 11
227 11
228 11
229 11
230 11
231 11
232 11
233 11
234 11
235 11
236 11
237 11
238 11
239 11
240 12
241 12
242 12
243 12
244 12
245 12
246 12
247 12
248 12
249 12
250 12
251 12
252 12
253 12
254 12
255 12
256 12
257 12
258 12
259 12
260 13
261 13
262 13
263 13
264 13
265 13
266 13
267 13
268 13
269 13
270 13
271 13
272 13
273 13
274 13
275 13
276 13
277 13
278 13
279 13
280 14
281 14
282 14
283 14
284 14
285 14
286 14
287 14
288 14
289 14
290 14
291 14
292 14
293 14
294 14
295 14
296 14
297 14
298 14
299 14
300 15
301 15
302 15
303 15
304 15
305 15
306 15
307 15
308 15
309 15
310 15
311 15
312 15
313 15
314 15
315 15
316 15
317 15
318 15
319 15

2 1 0 0
2 0 0 0
3 1 0 0
3 0 0 0
4 1 0 0
4 0 0 0
5 1 0 0
5 0 0 0
6 5 0 0
6 2 0 0
7 0 0 0
7 5 0 0
8 6 0 0
8 7 0 0
9 4 0 0
9 6 0 0
10 8 0 0
10 6 0 0
11 5 0 0
11 7 0 0
12 8 0 0
12 9 0 0
13 10 0 0
13 4 0 0
14 9 0 0
14 1 0 0
15 5 0 0
15 10 0 0
16 6 0 0
16 10 0 0
17 1 0 0
17 8 0 0
18 5 0 0
18 9 0 0
19 5 0 0
19 17 0 0
0 16 0 0
0 19 0 0
1 6 0 0
1 9 0 0
22 21 1 1
22 20 1 1
23 20 1 1
23 22 1 1
24 23 1 1
24 21 1 1
25 24 1 1
25 20 1 1
26 20 1 1
26 21 1 1
27 20 1 1
27 23 1 1
28 21 1 1
28 27 1 1
29 22 1 1
29 23 1 1
30 24 1 1
30 29 1 1
31 23 1 1
31 30 1 1
32 27 1 1
32 20 1 1
33 23 1 1
33 20 1 1
34 33 1 1
34 28 1 1
35 26 1 1
35 28 1 1
36 27 1 1
36 34 1 1
37 29 1 1
37 24 1 1
38 30 1 1
38 34 1 1
39 35 1 1
39 25 1 1
20 34 1 1
20 36 1 1
21 23 1 1
21 30 1 1
42 41 2 2
42 40 2 2
43 41 2 2
43 40 2 2
44 42 2 2
44 41 2 2
45 40 2 2
45 42 2 2
46 40 2 2
46 44 2 2
47 43 2 2
47 40 2 2
48 42 2 2
48 40 2 2
49 45 2 2
49 47 2 2
50 47 2 2
50 46 2 2
51 46 2 2
51 45 2 2
52 49 2 2
52 44 2 2
53 52 2 2
53 45 2 2
54 53 2 2
54 51 2 2
55 54 2 2
55 46 2 2
56 54 2 2
56 47 2 2
57 48 2 2
57 56 2 2
58 42 2 2
58 49 2 2
59 55 2 2
59 56 2 2
40 51 2 2
40 53 2 2
41 56 2 2
41 48 2 2
62 61 3 3
62 60 3 3
63 61 3 3
63 60 3 3
64 60 3 3
64 63 3 3
65 61 3 3
65 63 3 3
66 65 3 3
66 60 3 3
67 66 3 3
67 65 3 3
68 66 3 3
68 61 3 3
69 68 3 3
69 61 3 3
70 60 3 3
70 62 3 3
71 66 3 3
71 64 3 3
72 65 3 3
72 60 3 3
73 60 3 3
73 65 3 3
74 67 3 3
74 66 3 3
75 69 3 3
75 63 3 3
76 68 3 3
76 75 3 3
77 67 3 3
77 72 3 3
78 70 3 3
78 62 3 3
79 67 3 3
79 66 3 3
60 77 3 3
60 78 3 3
61 66 3 3
61 71 3 3
82 81 4 4
82 80 4 4
83 82 4 4
83 81 4 4
84 81 4 4
84 83 4 4
85 84 4 4
85 83 4 4
86 82 4 4
86 84 4 4
87 84 4 4
87 83 4 4
88 87 4 4
88 81 4 4
89 86 4 4
89 87 4 4
90 88 4 4
90 84 4 4
91 85 4 4
91 80 4 4
92 86 4 4
92 81 4 4
93 91 4 4
93 85 4 4
94 85 4 4
94 80 4 4
95 86 4 4
95 93 4 4
96 87 4 4
96 86 4 4
97 95 4 4
97 92 4 4
98 87 4 4
98 95 4 4
99 85 4 4
99 93 4 4
80 97 4 4
80 85 4 4
81 95 4 4
81 98 4 4
102 101 5 5
102 100 5 5
103 101 5 5
103 102 5 5
104 103 5 5
104 102 5 5
105 104 5 5
105 102 5 5
106 100 5 5
106 102 5 5
107 105 5 5
107 104 5 5
108 102 5 5
108 107 5 5
109 107 5 5
109 108 5 5
110 104 5 5
110 107 5 5
111 106 5 5
111 102 5 5
112 105 5 5
112 111 5 5
113 105 5 5
113 110 5 5
114 111 5 5
114 107 5 5
115 100 5 5
115 114 5 5
116 100 5 5
116 109 5 5
117 110 5 5
117 109 5 5
118 102 5 5
118 110 5 5
119 101 5 5
119 115 5 5
100 113 5 5
100 119 5 5
101 108 5 5
101 110 5 5
122 120 6 6
122 121 6 6
123 120 6 6
123 121 6 6
124 123 6 6
124 122 6 6
125 122 6 6
125 120 6 6
126 121 6 6
126 120 6 6
127 124 6 6
127 121 6 6
128 125 6 6
128 127 6 6
129 128 6 6
129 120 6 6
130 121 6 6
130 124 6 6
131 122 6 6
131 126 6 6
132 123 6 6
132 126 6 6
133 130 6 6
133 127 6 6
134 120 6 6
134 130 6 6
135 132 6 6
135 121 6 6
136 123 6 6
136 132 6 6
137 127 6 6
137 123 6 6
138 126 6 6
138 131 6 6
139 137 6 6
139 136 6 6
120 124 6 6
120 132 6 6
121 137 6 6
121 136 6 6
142 141 7 7
142 140 7 7
143 140 7 7
143 141 7 7
144 143 7 7
144 140 7 7
145 144 7 7
145 143 7 7
146 141 7 7
146 143 7 7
147 142 7 7
147 144 7 7
148 146 7 7
148 143 7 7
149 145 7 7
149 140 7 7
150 144 7 7
150 145 7 7
151 145 7 7
151 149 7 7
152 144 7 7
152 147 7 7
153 142 7 7
153 152 7 7
154 142 7 7
154 151 7 7
155 141 7 7
155 148 7 7
156 151 7 7
156 140 7 7
157 152 7 7
157 146 7 7
158 153 7 7
158 156 7 7
159 151 7 7
159 147 7 7
140 146 7 7
140 155 7 7
141 154 7 7
141 150 7 7
162 161 8 8
162 160 8 8
163 160 8 8
163 162 8 8
164 161 8 8
164 160 8 8
165 161 8 8
165 162 8 8
166 160 8 8
166 162 8 8
167 166 8 8
167 165 8 8
168 167 8 8
168 165 8 8
169 162 8 8
169 168 8 8
170 160 8 8
170 166 8 8
171 168 8 8
171 164 8 8
172 164 8 8
172 166 8 8
173 165 8 8
173 169 8 8
174 160 8 8
174 166 8 8
175 173 8 8
175 162 8 8
176 169 8 8
176 165 8 8
177 162 8 8
177 163 8 8
178 162 8 8
178 161 8 8
179 165 8 8
179 161 8 8
160 177 8 8
160 167 8 8
161 171 8 8
161 174 8 8
182 181 9 9
182 180 9 9
183 182 9 9
183 181 9 9
184 180 9 9
184 182 9 9
185 182 9 9
185 183 9 9
186 185 9 9
186 182 9 9
187 182 9 9
187 180 9 9
188 187 9 9
188 182 9 9
189 184 9 9
189 188 9 9
190 185 9 9
190 183 9 9
191 181 9 9
191 188 9 9
192 186 9 9
192 181 9 9
193 186 9 9
193 183 9 9
194 181 9 9
194 189 9 9
195 182 9 9
195 187 9 9
196 191 9 9
196 193 9 9
197 186 9 9
197 190 9 9
198 193 9 9
198 185 9 9
199 186 9 9
199 183 9 9
180 191 9 9
180 189 9 9
181 186 9 9
181 196 9 9
202 201 10 10
202 200 10 10
203 202 10 10
203 201 10 10
204 202 10 10
204 200 10 10
205 203 10 10
205 201 10 10
206 203 10 10
206 202 10 10
207 201 10 10
207 206 10 10
208 203 10 10
208 204 10 10
209 204 10 10
209 203 10 10
210 206 10 10
210 200 10 10
211 200 10 10
211 208 10 10
212 211 10 10
212 210 10 10
213 201 10 10
213 210 10 10
214 208 10 10
214 210 10 10
215 211 10 10
215 213 10 10
216 213 10 10
216 206 10 10
217 205 10 10
217 200 10 10
218 210 10 10
218 209 10 10
219 207 10 10
219 208 10 10
200 219 10 10
200 212 10 10
201 212 10 10
201 206 10 10
222 220 11 11
222 221 11 11
223 220 11 11
223 222 11 11
224 221 11 11
224 220 11 11
225 221 11 11
225 223 11 11
226 222 11 11
226 220 11 11
227 223 11 11
227 226 11 11
228 224 11 11
228 225 11 11
229 221 11 11
229 225 11 11
230 229 11 11
230 228 11 11
231 228 11 11
231 221 11 11
232 227 11 11
232 225 11 11
233 229 11 11
233 231 11 11
234 226 11 11
234 230 11 11
235 230 11 11
235 227 11 11
236 226 11 11
236 228 11 11
237 222 11 11
237 232 11 11
238 234 11 11
238 222 11 11
239 235 11 11
239 232 11 11
220 232 11 11
220 235 11 11
221 232 11 11
221 226 11 11
242 240 12 12
242 241 12 12
243 240 12 12
243 241 12 12
244 240 12 12
244 243 12 12
245 240 12 12
245 242 12 12
246 240 12 12
246 243 12 12
247 241 12 12
247 242 12 12
248 247 12 12
248 246 12 12
249 247 12 12
249 244 12 12
250 246 12 12
250 248 12 12
251 240 12 12
251 244 12 12
252 250 12 12
252 246 12 12
253 245 12 12
253 240 12 12
254 241 12 12
254 247 12 12
255 254 12 12
255 244 12 12
256 247 12 12
256 249 12 12
257 253 12 12
257 254 12 12
258 256 12 12
258 244 12 12
259 244 12 12
259 253 12 12
240 257 12 12
240 252 12 12
241 252 12 12
241 257 12 12
262 261 13 13
262 260 13 13
263 262 13 13
263 261 13 13
264 260 13 13
264 261 13 13
265 261 13 13
265 263 13 13
266 264 13 13
266 260 13 13
267 264 13 13
267 260 13 13
268 267 13 13
268 264 13 13
269 261 13 13
269 266 13 13
270 269 13 13
270 266 13 13
271 269 13 13
271 267 13 13
272 264 13 13
272 266 13 13
273 263 13 13
273 268 13 13
274 266 13 13
274 270 13 13
275 264 13 13
275 267 13 13
276 274 13 13
276 272 13 13
277 263 13 13
277 268 13 13
278 264 13 13
278 270 13 13
279 270 13 13
279 264 13 13
260 273 13 13
260 268 13 13
261 270 13 13
261 266 13 13
282 280 14 14
282 281 14 14
283 281 14 14
283 282 14 14
284 282 14 14
284 283 14 14
285 282 14 14
285 284 14 14
286 281 14 14
286 283 14 14
287 281 14 14
287 284 14 14
288 285 14 14
288 286 14 14
289 285 14 14
289 284 14 14
290 287 14 14
290 285 14 14
291 284 14 14
291 280 14 14
292 285 14 14
292 284 14 14
293 287 14 14
293 290 14 14
294 293 14 14
294 287 14 14
295 284 14 14
295 286 14 14
296 291 14 14
296 289 14 14
297 285 14 14
297 290 14 14
298 295 14 14
298 297 14 14
299 289 14 14
299 296 14 14
280 292 14 14
280 298 14 14
281 289 14 14
281 292 14 14
302 301 15 15
302 300 15 15
303 302 15 15
303 300 15 15
304 303 15 15
304 302 15 15
305 304 15 15
305 302 15 15
306 304 15 15
306 300 15 15
307 305 15 15
307 304 15 15
308 306 15 15
308 302 15 15
309 308 15 15
309 306 15 15
310 306 15 15
310 303 15 15
311 302 15 15
311 304 15 15
312 308 15 15
312 311 15 15
313 305 15 15
313 302 15 15
314 303 15 15
314 309 15 15
315 300 15 15
315 306 15 15
316 302 15 15
316 301 15 15
317 315 15 15
317 309 15 15
318 309 15 15
318 301 15 15
319 315 15 15
319 317 15 15
300 317 15 15
300 307 15 15
301 313 15 15
301 317 15 15
51 27 2 1
55 16 2 0
63 27 3 1
78 48 3 2
90 52 4 2
80 19 4 0
102 47 5 2
108 72 5 3
134 34 6 1
130 15 6 0
153 111 7 5
148 69 7 3
170 137 8 6
165 25 8 1
180 71 9 3
182 141 9 7
205 28 10 1
203 92 10 4
234 213 11 10
224 119 11 5
255 161 12 8
255 13 12 0
275 52 13 2
276 7 13 0
293 103 14 5
286 224 14 11
317 151 15 7
304 212 15 10
3 63 0 3
9 305 0 15
35 148 1 7
36 113 1 5
