swNum = 320
edgeNum = 672

0 0
1 0
2 0
3 0
4 0
5 0
6 0
7 0
8 0
9 0
10 0
11 0
12 0
13 0
14 0
15 0
16 0
17 0
18 0
19 0
20 1
21 1
22 1
23 1
24 1
25 1
26 1
27 1
28 1
29 1
30 1
31 1
32 1
33 1
34 1
35 1
36 1
37 1
38 1
39 1
40 2
41 2
42 2
43 2
44 2
45 2
46 2
47 2
48 2
49 2
50 2
51 2
52 2
53 2
54 2
55 2
56 2
57 2
58 2
59 2
60 3
61 3
62 3
63 3
64 3
65 3
66 3
67 3
68 3
69 3
70 3
71 3
72 3
73 3
74 3
75 3
76 3
77 3
78 3
79 3
80 4
81 4
82 4
83 4
84 4
85 4
86 4
87 4
88 4
89 4
90 4
91 4
92 4
93 4
94 4
95 4
96 4
97 4
98 4
99 4
100 5
101 5
102 5
103 5
104 5
105 5
106 5
107 5
108 5
109 5
110 5
111 5
112 5
113 5
114 5
115 5
116 5
117 5
118 5
119 5
120 6
121 6
122 6
123 6
124 6
125 6
126 6
127 6
128 6
129 6
130 6
131 6
132 6
133 6
134 6
135 6
136 6
137 6
138 6
139 6
140 7
141 7
142 7
143 7
144 7
145 7
146 7
147 7
148 7
149 7
150 7
151 7
152 7
153 7
154 7
155 7
156 7
157 7
158 7
159 7
160 8
161 8
162 8
163 8
164 8
165 8
166 8
167 8
168 8
169 8
170 8
171 8
172 8
173 8
174 8
175 8
176 8
177 8
178 8
179 8
180 9
181 9
182 9
183 9
184 9
185 9
186 9
187 9
188 9
189 9
190 9
191 9
192 9
193 9
194 9
195 9
196 9
197 9
198 9
199 9
200 10
201 10
202 10
203 10
204 10
205 10
206 10
207 10
208 10
209 10
210 10
211 10
212 10
213 10
214 10
215 10
216 10
217 10
218 10
219 10
220 11
221 11
222 11
223 11
224 11
225 11
226 11
227 11
228 11
229 11
230 11
231 11
232 11
233 11
234 11
235 11
236 11
237 11
238 11
239 11
240 12
241 12
242 12
243 12
244 12
245 12
246 12
247 12
248 12
249 12
250 12
251 12
252 12
253 12
254 12
255 12
256 12
257 12
258 12
259 12
260 13
261 13
262 13
263 13
264 13
265 13
266 13
267 13
268 13
269 13
270 13
271 13
272 13
273 13
274 13
275 13
276 13
277 13
278 13
279 13
280 14
281 14
282 14
283 14
284 14
285 14
286 14
287 14
288 14
289 14
290 14
291 14
292 14
293 14
294 14
295 14
296 14
297 14
298 14
299 14
300 15
301 15
302 15
303 15
304 15
305 15
306 15
307 15
308 15
309 15
310 15
311 15
312 15
313 15
314 15
315 15
316 15
317 15
318 15
319 15

2 1 0 0
2 0 0 0
3 2 0 0
3 1 0 0
4 1 0 0
4 3 0 0
5 1 0 0
5 4 0 0
6 3 0 0
6 1 0 0
7 5 0 0
7 4 0 0
8 5 0 0
8 2 0 0
9 0 0 0
9 8 0 0
10 9 0 0
10 2 0 0
11 5 0 0
11 9 0 0
12 5 0 0
12 0 0 0
13 4 0 0
13 12 0 0
14 4 0 0
14 2 0 0
15 14 0 0
15 5 0 0
16 10 0 0
16 9 0 0
17 15 0 0
17 1 0 0
18 13 0 0
18 15 0 0
19 9 0 0
19 17 0 0
0 11 0 0
0 14 0 0
1 16 0 0
1 15 0 0
22 20 1 1
22 21 1 1
23 22 1 1
23 20 1 1
24 22 1 1
24 20 1 1
25 24 1 1
25 22 1 1
26 20 1 1
26 25 1 1
27 24 1 1
27 20 1 1
28 23 1 1
28 20 1 1
29 23 1 1
29 22 1 1
30 22 1 1
30 25 1 1
31 27 1 1
31 23 1 1
32 28 1 1
32 27 1 1
33 22 1 1
33 30 1 1
34 26 1 1
34 23 1 1
35 22 1 1
35 33 1 1
36 34 1 1
36 23 1 1
37 34 1 1
37 23 1 1
38 23 1 1
38 34 1 1
39 35 1 1
39 23 1 1
20 36 1 1
20 37 1 1
21 38 1 1
21 28 1 1
42 40 2 2
42 41 2 2
43 41 2 2
43 42 2 2
44 43 2 2
44 41 2 2
45 43 2 2
45 44 2 2
46 43 2 2
46 40 2 2
47 44 2 2
47 46 2 2
48 44 2 2
48 41 2 2
49 40 2 2
49 46 2 2
50 46 2 2
50 47 2 2
51 41 2 2
51 48 2 2
52 40 2 2
52 49 2 2
53 43 2 2
53 41 2 2
54 44 2 2
54 41 2 2
55 50 2 2
55 48 2 2
56 53 2 2
56 55 2 2
57 43 2 2
57 52 2 2
58 49 2 2
58 41 2 2
59 49 2 2
59 50 2 2
40 56 2 2
40 47 2 2
41 59 2 2
41 55 2 2
62 61 3 3
62 60 3 3
63 62 3 3
63 60 3 3
64 61 3 3
64 62 3 3
65 61 3 3
65 62 3 3
66 62 3 3
66 61 3 3
67 65 3 3
67 63 3 3
68 61 3 3
68 62 3 3
69 64 3 3
69 60 3 3
70 64 3 3
70 68 3 3
71 63 3 3
71 64 3 3
72 62 3 3
72 63 3 3
73 63 3 3
73 69 3 3
74 60 3 3
74 68 3 3
75 61 3 3
75 64 3 3
76 74 3 3
76 66 3 3
77 65 3 3
77 76 3 3
78 67 3 3
78 68 3 3
79 62 3 3
79 77 3 3
60 76 3 3
60 77 3 3
61 71 3 3
61 70 3 3
82 81 4 4
82 80 4 4
83 81 4 4
83 82 4 4
84 80 4 4
84 81 4 4
85 82 4 4
85 83 4 4
86 84 4 4
86 81 4 4
87 81 4 4
87 82 4 4
88 84 4 4
88 83 4 4
89 81 4 4
89 86 4 4
90 82 4 4
90 88 4 4
91 87 4 4
91 80 4 4
92 81 4 4
92 80 4 4
93 89 4 4
93 86 4 4
94 83 4 4
94 81 4 4
95 85 4 4
95 89 4 4
96 89 4 4
96 94 4 4
97 87 4 4
97 85 4 4
98 82 4 4
98 96 4 4
99 85 4 4
99 89 4 4
80 87 4 4
80 97 4 4
81 95 4 4
81 91 4 4
102 100 5 5
102 101 5 5
103 100 5 5
103 102 5 5
104 103 5 5
104 100 5 5
105 100 5 5
105 101 5 5
106 103 5 5
106 104 5 5
107 100 5 5
107 101 5 5
108 100 5 5
108 106 5 5
109 108 5 5
109 107 5 5
110 101 5 5
110 106 5 5
111 109 5 5
111 100 5 5
112 102 5 5
112 105 5 5
113 106 5 5
113 111 5 5
114 113 5 5
114 103 5 5
115 112 5 5
115 101 5 5
116 103 5 5
116 105 5 5
117 104 5 5
117 101 5 5
118 105 5 5
118 102 5 5
119 104 5 5
119 100 5 5
100 106 5 5
100 117 5 5
101 119 5 5
101 118 5 5
122 121 6 6
122 120 6 6
123 122 6 6
123 120 6 6
124 123 6 6
124 122 6 6
125 122 6 6
125 120 6 6
126 123 6 6
126 121 6 6
127 122 6 6
127 123 6 6
128 125 6 6
128 121 6 6
129 121 6 6
129 128 6 6
130 123 6 6
130 129 6 6
131 126 6 6
131 129 6 6
132 126 6 6
132 130 6 6
133 130 6 6
133 123 6 6
134 130 6 6
134 132 6 6
135 126 6 6
135 121 6 6
136 126 6 6
136 132 6 6
137 135 6 6
137 126 6 6
138 127 6 6
138 130 6 6
139 132 6 6
139 135 6 6
120 128 6 6
120 132 6 6
121 123 6 6
121 132 6 6
142 141 7 7
142 140 7 7
143 142 7 7
143 140 7 7
144 141 7 7
144 142 7 7
145 143 7 7
145 140 7 7
146 142 7 7
146 144 7 7
147 143 7 7
147 145 7 7
148 147 7 7
148 145 7 7
149 148 7 7
149 145 7 7
150 149 7 7
150 142 7 7
151 150 7 7
151 142 7 7
152 145 7 7
152 143 7 7
153 142 7 7
153 144 7 7
154 149 7 7
154 146 7 7
155 151 7 7
155 141 7 7
156 153 7 7
156 146 7 7
157 140 7 7
157 142 7 7
158 153 7 7
158 146 7 7
159 152 7 7
159 141 7 7
140 153 7 7
140 159 7 7
141 158 7 7
141 157 7 7
162 161 8 8
162 160 8 8
163 160 8 8
163 162 8 8
164 160 8 8
164 162 8 8
165 164 8 8
165 160 8 8
166 163 8 8
166 161 8 8
167 161 8 8
167 163 8 8
168 165 8 8
168 164 8 8
169 164 8 8
169 163 8 8
170 163 8 8
170 165 8 8
171 166 8 8
171 164 8 8
172 171 8 8
172 167 8 8
173 165 8 8
173 167 8 8
174 161 8 8
174 173 8 8
175 174 8 8
175 164 8 8
176 164 8 8
176 160 8 8
177 166 8 8
177 161 8 8
178 163 8 8
178 161 8 8
179 164 8 8
179 161 8 8
160 167 8 8
160 172 8 8
161 165 8 8
161 173 8 8
182 180 9 9
182 181 9 9
183 182 9 9
183 180 9 9
184 183 9 9
184 180 9 9
185 181 9 9
185 182 9 9
186 181 9 9
186 180 9 9
187 180 9 9
187 182 9 9
188 185 9 9
188 187 9 9
189 185 9 9
189 187 9 9
190 184 9 9
190 185 9 9
191 186 9 9
191 182 9 9
192 180 9 9
192 182 9 9
193 180 9 9
193 191 9 9
194 185 9 9
194 190 9 9
195 185 9 9
195 194 9 9
196 188 9 9
196 193 9 9
197 192 9 9
197 195 9 9
198 183 9 9
198 191 9 9
199 186 9 9
199 196 9 9
180 196 9 9
180 199 9 9
181 198 9 9
181 184 9 9
202 201 10 10
202 200 10 10
203 201 10 10
203 200 10 10
204 202 10 10
204 203 10 10
205 202 10 10
205 201 10 10
206 203 10 10
206 204 10 10
207 203 10 10
207 201 10 10
208 200 10 10
208 202 10 10
209 206 10 10
209 207 10 10
210 204 10 10
210 207 10 10
211 210 10 10
211 206 10 10
212 204 10 10
212 208 10 10
213 203 10 10
213 211 10 10
214 205 10 10
214 202 10 10
215 205 10 10
215 206 10 10
216 208 10 10
216 200 10 10
217 201 10 10
217 211 10 10
218 200 10 10
218 217 10 10
219 213 10 10
219 204 10 10
200 212 10 10
200 207 10 10
201 219 10 10
201 211 10 10
222 220 11 11
222 221 11 11
223 222 11 11
223 221 11 11
224 222 11 11
224 220 11 11
225 224 11 11
225 222 11 11
226 224 11 11
226 222 11 11
227 222 11 11
227 225 11 11
228 220 11 11
228 226 11 11
229 224 11 11
229 227 11 11
230 221 11 11
230 225 11 11
231 222 11 11
231 223 11 11
232 222 11 11
232 225 11 11
233 222 11 11
233 223 11 11
234 228 11 11
234 227 11 11
235 226 11 11
235 234 11 11
236 234 11 11
236 231 11 11
237 235 11 11
237 229 11 11
238 220 11 11
238 230 11 11
239 235 11 11
239 223 11 11
220 234 11 11
220 239 11 11
221 237 11 11
221 239 11 11
242 240 12 12
242 241 12 12
243 241 12 12
243 242 12 12
244 240 12 12
244 243 12 12
245 240 12 12
245 244 12 12
246 242 12 12
246 243 12 12
247 241 12 12
247 244 12 12
248 245 12 12
248 243 12 12
249 243 12 12
249 242 12 12
250 247 12 12
250 241 12 12
251 240 12 12
251 241 12 12
252 242 12 12
252 250 12 12
253 240 12 12
253 242 12 12
254 243 12 12
254 246 12 12
255 252 12 12
255 241 12 12
256 241 12 12
256 254 12 12
257 242 12 12
257 253 12 12
258 246 12 12
258 247 12 12
259 258 12 12
259 243 12 12
240 256 12 12
240 259 12 12
241 252 12 12
241 257 12 12
262 261 13 13
262 260 13 13
263 260 13 13
263 261 13 13
264 261 13 13
264 260 13 13
265 260 13 13
265 262 13 13
266 264 13 13
266 265 13 13
267 262 13 13
267 265 13 13
268 265 13 13
268 266 13 13
269 265 13 13
269 264 13 13
270 261 13 13
270 268 13 13
271 262 13 13
271 265 13 13
272 260 13 13
272 266 13 13
273 271 13 13
273 261 13 13
274 261 13 13
274 273 13 13
275 262 13 13
275 267 13 13
276 262 13 13
276 275 13 13
277 272 13 13
277 269 13 13
278 272 13 13
278 264 13 13
279 273 13 13
279 261 13 13
260 276 13 13
260 278 13 13
261 272 13 13
261 278 13 13
282 280 14 14
282 281 14 14
283 281 14 14
283 282 14 14
284 283 14 14
284 280 14 14
285 280 14 14
285 283 14 14
286 282 14 14
286 281 14 14
287 281 14 14
287 283 14 14
288 280 14 14
288 286 14 14
289 281 14 14
289 286 14 14
290 283 14 14
290 280 14 14
291 284 14 14
291 283 14 14
292 291 14 14
292 282 14 14
293 281 14 14
293 284 14 14
294 283 14 14
294 280 14 14
295 291 14 14
295 292 14 14
296 286 14 14
296 289 14 14
297 290 14 14
297 295 14 14
298 283 14 14
298 292 14 14
299 292 14 14
299 280 14 14
280 295 14 14
280 293 14 14
281 297 14 14
281 295 14 14
302 301 15 15
302 300 15 15
303 301 15 15
303 300 15 15
304 303 15 15
304 300 15 15
305 304 15 15
305 303 15 15
306 303 15 15
306 304 15 15
307 305 15 15
307 306 15 15
308 307 15 15
308 302 15 15
309 301 15 15
309 302 15 15
310 308 15 15
310 306 15 15
311 305 15 15
311 302 15 15
312 309 15 15
312 301 15 15
313 305 15 15
313 304 15 15
314 313 15 15
314 304 15 15
315 306 15 15
315 311 15 15
316 313 15 15
316 306 15 15
317 302 15 15
317 311 15 15
318 313 15 15
318 311 15 15
319 308 15 15
319 317 15 15
300 314 15 15
300 317 15 15
301 311 15 15
301 314 15 15
45 23 2 1
40 0 2 0
67 48 3 2
61 12 3 0
98 14 4 0
98 47 4 2
100 13 5 0
111 73 5 3
137 78 6 3
120 104 6 5
142 104 7 5
140 69 7 3
167 108 8 5
160 74 8 3
181 39 9 1
181 91 9 4
218 110 10 5
209 135 10 6
235 114 11 5
239 197 11 9
244 183 12 9
251 37 12 1
260 96 13 4
267 189 13 9
284 162 14 8
293 105 14 5
305 258 15 12
301 41 15 2
5 298 0 14
13 306 0 15
37 318 1 15
33 99 1 4
