swNum = 320
edgeNum = 672

0 0
1 0
2 0
3 0
4 0
5 0
6 0
7 0
8 0
9 0
10 0
11 0
12 0
13 0
14 0
15 0
16 0
17 0
18 0
19 0
20 1
21 1
22 1
23 1
24 1
25 1
26 1
27 1
28 1
29 1
30 1
31 1
32 1
33 1
34 1
35 1
36 1
37 1
38 1
39 1
40 2
41 2
42 2
43 2
44 2
45 2
46 2
47 2
48 2
49 2
50 2
51 2
52 2
53 2
54 2
55 2
56 2
57 2
58 2
59 2
60 3
61 3
62 3
63 3
64 3
65 3
66 3
67 3
68 3
69 3
70 3
71 3
72 3
73 3
74 3
75 3
76 3
77 3
78 3
79 3
80 4
81 4
82 4
83 4
84 4
85 4
86 4
87 4
88 4
89 4
90 4
91 4
92 4
93 4
94 4
95 4
96 4
97 4
98 4
99 4
100 5
101 5
102 5
103 5
104 5
105 5
106 5
107 5
108 5
109 5
110 5
111 5
112 5
113 5
114 5
115 5
116 5
117 5
118 5
119 5
120 6
121 6
122 6
123 6
124 6
125 6
126 6
127 6
128 6
129 6
130 6
131 6
132 6
133 6
134 6
135 6
136 6
137 6
138 6
139 6
140 7
141 7
142 7
143 7
144 7
145 7
146 7
147 7
148 7
149 7
150 7
151 7
152 7
153 7
154 7
155 7
156 7
157 7
158 7
159 7
160 8
161 8
162 8
163 8
164 8
165 8
166 8
167 8
168 8
169 8
170 8
171 8
172 8
173 8
174 8
175 8
176 8
177 8
178 8
179 8
180 9
181 9
182 9
183 9
184 9
185 9
186 9
187 9
188 9
189 9
190 9
191 9
192 9
193 9
194 9
195 9
196 9
197 9
198 9
199 9
200 10
201 10
202 10
203 10
204 10
205 10
206 10
207 10
208 10
209 10
210 10
211 10
212 10
213 10
214 10
215 10
216 10
217 10
218 10
219 10
220 11
221 11
222 11
223 11
224 11
225 11
226 11
227 11
228 11
229 11
230 11
231 11
232 11
233 11
234 11
235 11
236 11
237 11
238 11
239 11
240 12
241 12
242 12
243 12
244 12
245 12
246 12
247 12
248 12
249 12
250 12
251 12
252 12
253 12
254 12
255 12
256 12
257 12
258 12
259 12
260 13
261 13
262 13
263 13
264 13
265 13
266 13
267 13
268 13
269 13
270 13
271 13
272 13
273 13
274 13
275 13
276 13
277 13
278 13
279 13
280 14
281 14
282 14
283 14
284 14
285 14
286 14
287 14
288 14
289 14
290 14
291 14
292 14
293 14
294 14
295 14
296 14
297 14
298 14
299 14
300 15
301 15
302 15
303 15
304 15
305 15
306 15
307 15
308 15
309 15
310 15
311 15
312 15
313 15
314 15
315 15
316 15
317 15
318 15
319 15

2 0 0 0
2 1 0 0
3 2 0 0
3 1 0 0
4 2 0 0
4 0 0 0
5 3 0 0
5 1 0 0
6 5 0 0
6 4 0 0
7 1 0 0
7 5 0 0
8 4 0 0
8 7 0 0
9 7 0 0
9 3 0 0
10 8 0 0
10 5 0 0
11 7 0 0
11 1 0 0
12 8 0 0
12 1 0 0
13 7 0 0
13 11 0 0
14 3 0 0
14 10 0 0
15 12 0 0
15 11 0 0
16 0 0 0
16 3 0 0
17 1 0 0
17 6 0 0
18 15 0 0
18 12 0 0
19 17 0 0
19 14 0 0
0 3 0 0
0 9 0 0
1 18 0 0
1 16 0 0
22 20 1 1
22 21 1 1
23 20 1 1
23 22 1 1
24 21 1 1
24 22 1 1
25 22 1 1
25 20 1 1
26 21 1 1
26 22 1 1
27 23 1 1
27 26 1 1
28 27 1 1
28 23 1 1
29 28 1 1
29 23 1 1
30 28 1 1
30 23 1 1
31 22 1 1
31 29 1 1
32 22 1 1
32 24 1 1
33 32 1 1
33 31 1 1
34 29 1 1
34 23 1 1
35 24 1 1
35 23 1 1
36 23 1 1
36 30 1 1
37 22 1 1
37 35 1 1
38 20 1 1
38 34 1 1
39 35 1 1
39 25 1 1
20 32 1 1
20 33 1 1
21 36 1 1
21 39 1 1
42 40 2 2
42 41 2 2
43 41 2 2
43 42 2 2
44 40 2 2
44 43 2 2
45 40 2 2
45 43 2 2
46 42 2 2
46 41 2 2
47 42 2 2
47 46 2 2
48 42 2 2
48 41 2 2
49 42 2 2
49 48 2 2
50 49 2 2
50 48 2 2
51 45 2 2
51 46 2 2
52 43 2 2
52 41 2 2
53 52 2 2
53 41 2 2
54 49 2 2
54 46 2 2
55 52 2 2
55 44 2 2
56 55 2 2
56 43 2 2
57 42 2 2
57 51 2 2
58 41 2 2
58 49 2 2
59 52 2 2
59 43 2 2
40 43 2 2
40 46 2 2
41 56 2 2
41 51 2 2
62 61 3 3
62 60 3 3
63 60 3 3
63 62 3 3
64 60 3 3
64 63 3 3
65 61 3 3
65 62 3 3
66 65 3 3
66 60 3 3
67 64 3 3
67 65 3 3
68 61 3 3
68 62 3 3
69 61 3 3
69 66 3 3
70 62 3 3
70 65 3 3
71 67 3 3
71 60 3 3
72 63 3 3
72 71 3 3
73 72 3 3
73 63 3 3
74 63 3 3
74 70 3 3
75 61 3 3
75 66 3 3
76 67 3 3
76 65 3 3
77 75 3 3
77 68 3 3
78 74 3 3
78 75 3 3
79 62 3 3
79 76 3 3
60 67 3 3
60 72 3 3
61 66 3 3
61 78 3 3
82 81 4 4
82 80 4 4
83 82 4 4
83 80 4 4
84 82 4 4
84 81 4 4
85 80 4 4
85 84 4 4
86 85 4 4
86 83 4 4
87 81 4 4
87 80 4 4
88 85 4 4
88 87 4 4
89 87 4 4
89 80 4 4
90 85 4 4
90 86 4 4
91 90 4 4
91 86 4 4
92 84 4 4
92 87 4 4
93 82 4 4
93 81 4 4
94 90 4 4
94 87 4 4
95 90 4 4
95 88 4 4
96 81 4 4
96 91 4 4
97 93 4 4
97 92 4 4
98 92 4 4
98 80 4 4
99 97 4 4
99 94 4 4
80 99 4 4
80 91 4 4
81 97 4 4
81 91 4 4
102 101 5 5
102 100 5 5
103 102 5 5
103 100 5 5
104 100 5 5
104 102 5 5
105 104 5 5
105 101 5 5
106 102 5 5
106 101 5 5
107 104 5 5
107 105 5 5
108 100 5 5
108 104 5 5
109 100 5 5
109 104 5 5
110 107 5 5
110 101 5 5
111 106 5 5
111 103 5 5
112 103 5 5
112 110 5 5
113 101 5 5
113 107 5 5
114 104 5 5
114 103 5 5
115 114 5 5
115 104 5 5
116 100 5 5
116 108 5 5
117 101 5 5
117 112 5 5
118 110 5 5
118 115 5 5
119 106 5 5
119 104 5 5
100 117 5 5
100 115 5 5
101 103 5 5
101 114 5 5
122 121 6 6
122 120 6 6
123 121 6 6
123 122 6 6
124 120 6 6
124 121 6 6
125 123 6 6
125 124 6 6
126 122 6 6
126 125 6 6
127 124 6 6
127 120 6 6
128 122 6 6
128 127 6 6
129 122 6 6
129 128 6 6
130 122 6 6
130 125 6 6
131 123 6 6
131 121 6 6
132 126 6 6
132 121 6 6
133 121 6 6
133 125 6 6
134 127 6 6
134 131 6 6
135 122 6 6
135 126 6 6
136 125 6 6
136 133 6 6
137 136 6 6
137 132 6 6
138 128 6 6
138 125 6 6
139 126 6 6
139 138 6 6
120 126 6 6
120 138 6 6
121 134 6 6
121 135 6 6
142 140 7 7
142 141 7 7
143 141 7 7
143 142 7 7
144 143 7 7
144 141 7 7
145 144 7 7
145 141 7 7
146 141 7 7
146 144 7 7
147 143 7 7
147 141 7 7
148 146 7 7
148 145 7 7
149 145 7 7
149 141 7 7
150 144 7 7
150 146 7 7
151 148 7 7
151 150 7 7
152 147 7 7
152 142 7 7
153 151 7 7
153 150 7 7
154 145 7 7
154 150 7 7
155 141 7 7
155 152 7 7
156 145 7 7
156 143 7 7
157 142 7 7
157 148 7 7
158 145 7 7
158 157 7 7
159 146 7 7
159 149 7 7
140 150 7 7
140 152 7 7
141 152 7 7
141 150 7 7
162 160 8 8
162 161 8 8
163 161 8 8
163 162 8 8
164 163 8 8
164 160 8 8
165 162 8 8
165 164 8 8
166 161 8 8
166 164 8 8
167 161 8 8
167 160 8 8
168 160 8 8
168 164 8 8
169 161 8 8
169 165 8 8
170 167 8 8
170 160 8 8
171 165 8 8
171 169 8 8
172 166 8 8
172 164 8 8
173 162 8 8
173 167 8 8
174 169 8 8
174 172 8 8
175 161 8 8
175 169 8 8
176 166 8 8
176 174 8 8
177 175 8 8
177 171 8 8
178 164 8 8
178 165 8 8
179 174 8 8
179 164 8 8
160 176 8 8
160 172 8 8
161 165 8 8
161 176 8 8
182 180 9 9
182 181 9 9
183 182 9 9
183 180 9 9
184 182 9 9
184 181 9 9
185 184 9 9
185 180 9 9
186 183 9 9
186 180 9 9
187 186 9 9
187 184 9 9
188 186 9 9
188 184 9 9
189 185 9 9
189 188 9 9
190 182 9 9
190 183 9 9
191 184 9 9
191 188 9 9
192 191 9 9
192 189 9 9
193 183 9 9
193 185 9 9
194 189 9 9
194 180 9 9
195 188 9 9
195 183 9 9
196 193 9 9
196 190 9 9
197 192 9 9
197 185 9 9
198 181 9 9
198 186 9 9
199 191 9 9
199 182 9 9
180 199 9 9
180 191 9 9
181 186 9 9
181 196 9 9
202 200 10 10
202 201 10 10
203 201 10 10
203 202 10 10
204 201 10 10
204 203 10 10
205 200 10 10
205 204 10 10
206 200 10 10
206 205 10 10
207 205 10 10
207 204 10 10
208 205 10 10
208 201 10 10
209 208 10 10
209 201 10 10
210 202 10 10
210 205 10 10
211 209 10 10
211 204 10 10
212 206 10 10
212 203 10 10
213 203 10 10
213 212 10 10
214 204 10 10
214 209 10 10
215 212 10 10
215 201 10 10
216 206 10 10
216 201 10 10
217 215 10 10
217 213 10 10
218 214 10 10
218 201 10 10
219 205 10 10
219 206 10 10
200 208 10 10
200 204 10 10
201 213 10 10
201 214 10 10
222 220 11 11
222 221 11 11
223 221 11 11
223 222 11 11
224 223 11 11
224 221 11 11
225 223 11 11
225 220 11 11
226 223 11 11
226 221 11 11
227 225 11 11
227 222 11 11
228 224 11 11
228 223 11 11
229 227 11 11
229 223 11 11
230 229 11 11
230 227 11 11
231 229 11 11
231 227 11 11
232 221 11 11
232 231 11 11
233 223 11 11
233 231 11 11
234 222 11 11
234 228 11 11
235 231 11 11
235 230 11 11
236 227 11 11
236 226 11 11
237 221 11 11
237 226 11 11
238 221 11 11
238 233 11 11
239 220 11 11
239 225 11 11
220 226 11 11
220 232 11 11
221 229 11 11
221 235 11 11
242 240 12 12
242 241 12 12
243 242 12 12
243 240 12 12
244 242 12 12
244 240 12 12
245 240 12 12
245 244 12 12
246 243 12 12
246 241 12 12
247 246 12 12
247 241 12 12
248 243 12 12
248 241 12 12
249 246 12 12
249 241 12 12
250 245 12 12
250 247 12 12
251 244 12 12
251 242 12 12
252 248 12 12
252 250 12 12
253 246 12 12
253 245 12 12
254 249 12 12
254 252 12 12
255 245 12 12
255 247 12 12
256 254 12 12
256 249 12 12
257 242 12 12
257 251 12 12
258 253 12 12
258 246 12 12
259 253 12 12
259 254 12 12
240 254 12 12
240 249 12 12
241 258 12 12
241 244 12 12
262 260 13 13
262 261 13 13
263 260 13 13
263 261 13 13
264 263 13 13
264 261 13 13
265 264 13 13
265 262 13 13
266 261 13 13
266 263 13 13
267 266 13 13
267 262 13 13
268 265 13 13
268 260 13 13
269 262 13 13
269 266 13 13
270 269 13 13
270 261 13 13
271 268 13 13
271 263 13 13
272 263 13 13
272 270 13 13
273 261 13 13
273 264 13 13
274 273 13 13
274 269 13 13
275 270 13 13
275 260 13 13
276 264 13 13
276 261 13 13
277 270 13 13
277 262 13 13
278 272 13 13
278 274 13 13
279 270 13 13
279 276 13 13
260 279 13 13
260 270 13 13
261 272 13 13
261 274 13 13
282 281 14 14
282 280 14 14
283 282 14 14
283 281 14 14
284 280 14 14
284 283 14 14
285 284 14 14
285 281 14 14
286 281 14 14
286 284 14 14
287 281 14 14
287 286 14 14
288 280 14 14
288 284 14 14
289 285 14 14
289 286 14 14
290 280 14 14
290 281 14 14
291 289 14 14
291 284 14 14
292 283 14 14
292 288 14 14
293 286 14 14
293 291 14 14
294 287 14 14
294 285 14 14
295 280 14 14
295 285 14 14
296 288 14 14
296 280 14 14
297 280 14 14
297 296 14 14
298 285 14 14
298 280 14 14
299 297 14 14
299 290 14 14
280 299 14 14
280 285 14 14
281 294 14 14
281 295 14 14
302 301 15 15
302 300 15 15
303 300 15 15
303 301 15 15
304 302 15 15
304 301 15 15
305 303 15 15
305 301 15 15
306 304 15 15
306 301 15 15
307 306 15 15
307 300 15 15
308 304 15 15
308 301 15 15
309 307 15 15
309 303 15 15
310 309 15 15
310 308 15 15
311 300 15 15
311 303 15 15
312 301 15 15
312 300 15 15
313 305 15 15
313 309 15 15
314 305 15 15
314 310 15 15
315 312 15 15
315 300 15 15
316 306 15 15
316 305 15 15
317 314 15 15
317 308 15 15
318 312 15 15
318 317 15 15
319 316 15 15
319 310 15 15
300 308 15 15
300 318 15 15
301 318 15 15
301 315 15 15
49 39 2 1
59 19 2 0
71 41 3 2
66 1 3 0
94 28 4 1
81 51 4 2
118 38 5 1
106 85 5 4
136 7 6 0
128 74 6 3
147 35 7 1
152 135 7 6
173 136 8 6
162 94 8 4
199 144 9 7
182 104 9 5
203 64 10 3
211 7 10 0
229 127 11 6
235 56 11 2
244 216 12 10
259 97 12 4
274 175 13 8
274 2 13 0
286 271 14 13
292 115 14 5
307 64 15 3
314 102 15 5
15 185 0 9
10 141 0 7
20 259 1 12
34 312 1 15
