swNum = 320
edgeNum = 672

0 0
1 0
2 0
3 0
4 0
5 0
6 0
7 0
8 0
9 0
10 0
11 0
12 0
13 0
14 0
15 0
16 0
17 0
18 0
19 0
20 1
21 1
22 1
23 1
24 1
25 1
26 1
27 1
28 1
29 1
30 1
31 1
32 1
33 1
34 1
35 1
36 1
37 1
38 1
39 1
40 2
41 2
42 2
43 2
44 2
45 2
46 2
47 2
48 2
49 2
50 2
51 2
52 2
53 2
54 2
55 2
56 2
57 2
58 2
59 2
60 3
61 3
62 3
63 3
64 3
65 3
66 3
67 3
68 3
69 3
70 3
71 3
72 3
73 3
74 3
75 3
76 3
77 3
78 3
79 3
80 4
81 4
82 4
83 4
84 4
85 4
86 4
87 4
88 4
89 4
90 4
91 4
92 4
93 4
94 4
95 4
96 4
97 4
98 4
99 4
100 5
101 5
102 5
103 5
104 5
105 5
106 5
107 5
108 5
109 5
110 5
111 5
112 5
113 5
114 5
115 5
116 5
117 5
118 5
119 5
120 6
121 6
122 6
123 6
124 6
125 6
126 6
127 6
128 6
129 6
130 6
131 6
132 6
133 6
134 6
135 6
136 6
137 6
138 6
139 6
140 7
141 7
142 7
143 7
144 7
145 7
146 7
147 7
148 7
149 7
150 7
151 7
152 7
153 7
154 7
155 7
156 7
157 7
158 7
159 7
160 8
161 8
162 8
163 8
164 8
165 8
166 8
167 8
168 8
169 8
170 8
171 8
172 8
173 8
174 8
175 8
176 8
177 8
178 8
179 8
180 9
181 9
182 9
183 9
184 9
185 9
186 9
187 9
188 9
189 9
190 9
191 9
192 9
193 9
194 9
195 9
196 9
197 9
198 9
199 9
200 10
201 10
202 10
203 10
204 10
205 10
206 10
207 10
208 10
209 10
210 10
211 10
212 10
213 10
214 10
215 10
216 10
217 10
218 10
219 10
220 11
221 11
222 11
223 11
224 11
225 11
226 11
227 11
228 11
229 11
230 11
231 11
232 11
233 11
234 11
235 11
236 11
237 11
238 11
239 11
240 12
241 12
242 12
243 12
244 12
245 12
246 12
247 12
248 12
249 12
250 12
251 12
252 12
253 12
254 12
255 12
256 12
257 12
258 12
259 12
260 13
261 13
262 13
263 13
264 13
265 13
266 13
267 13
268 13
269 13
270 13
271 13
272 13
273 13
274 13
275 13
276 13
277 13
278 13
279 13
280 14
281 14
282 14
283 14
284 14
285 14
286 14
287 14
288 14
289 14
290 14
291 14
292 14
293 14
294 14
295 14
296 14
297 14
298 14
299 14
300 15
301 15
302 15
303 15
304 15
305 15
306 15
307 15
308 15
309 15
310 15
311 15
312 15
313 15
314 15
315 15
316 15
317 15
318 15
319 15

2 1 0 0
2 0 0 0
3 2 0 0
3 0 0 0
4 0 0 0
4 2 0 0
5 3 0 0
5 0 0 0
6 1 0 0
6 2 0 0
7 2 0 0
7 1 0 0
8 5 0 0
8 0 0 0
9 5 0 0
9 4 0 0
10 0 0 0
10 6 0 0
11 8 0 0
11 0 0 0
12 10 0 0
12 1 0 0
13 1 0 0
13 6 0 0
14 3 0 0
14 12 0 0
15 5 0 0
15 9 0 0
16 7 0 0
16 8 0 0
17 14 0 0
17 3 0 0
18 4 0 0
18 9 0 0
19 6 0 0
19 4 0 0
0 17 0 0
0 14 0 0
1 16 0 0
1 8 0 0
22 20 1 1
22 21 1 1
23 20 1 1
23 21 1 1
24 22 1 1
24 23 1 1
25 22 1 1
25 24 1 1
26 21 1 1
26 25 1 1
27 22 1 1
27 26 1 1
28 21 1 1
28 20 1 1
29 22 1 1
29 27 1 1
30 26 1 1
30 27 1 1
31 26 1 1
31 22 1 1
32 30 1 1
32 29 1 1
33 29 1 1
33 21 1 1
34 26 1 1
34 21 1 1
35 34 1 1
35 28 1 1
36 30 1 1
36 26 1 1
37 28 1 1
37 31 1 1
38 29 1 1
38 21 1 1
39 29 1 1
39 38 1 1
20 34 1 1
20 30 1 1
21 35 1 1
21 36 1 1
42 40 2 2
42 41 2 2
43 42 2 2
43 41 2 2
44 42 2 2
44 41 2 2
45 42 2 2
45 44 2 2
46 44 2 2
46 45 2 2
47 40 2 2
47 42 2 2
48 45 2 2
48 44 2 2
49 44 2 2
49 47 2 2
50 44 2 2
50 48 2 2
51 40 2 2
51 41 2 2
52 47 2 2
52 51 2 2
53 44 2 2
53 40 2 2
54 47 2 2
54 45 2 2
55 49 2 2
55 41 2 2
56 51 2 2
56 46 2 2
57 40 2 2
57 51 2 2
58 42 2 2
58 55 2 2
59 54 2 2
59 56 2 2
40 52 2 2
40 59 2 2
41 58 2 2
41 53 2 2
62 60 3 3
62 61 3 3
63 60 3 3
63 61 3 3
64 63 3 3
64 60 3 3
65 62 3 3
65 64 3 3
66 63 3 3
66 62 3 3
67 60 3 3
67 65 3 3
68 65 3 3
68 63 3 3
69 63 3 3
69 61 3 3
70 65 3 3
70 64 3 3
71 66 3 3
71 64 3 3
72 70 3 3
72 68 3 3
73 68 3 3
73 64 3 3
74 60 3 3
74 67 3 3
75 62 3 3
75 66 3 3
76 60 3 3
76 71 3 3
77 69 3 3
77 62 3 3
78 69 3 3
78 74 3 3
79 69 3 3
79 68 3 3
60 73 3 3
60 68 3 3
61 67 3 3
61 77 3 3
82 81 4 4
82 80 4 4
83 80 4 4
83 82 4 4
84 81 4 4
84 82 4 4
85 83 4 4
85 81 4 4
86 80 4 4
86 84 4 4
87 85 4 4
87 81 4 4
88 87 4 4
88 82 4 4
89 80 4 4
89 87 4 4
90 81 4 4
90 82 4 4
91 86 4 4
91 81 4 4
92 80 4 4
92 82 4 4
93 84 4 4
93 88 4 4
94 92 4 4
94 93 4 4
95 88 4 4
95 82 4 4
96 94 4 4
96 91 4 4
97 84 4 4
97 87 4 4
98 91 4 4
98 88 4 4
99 90 4 4
99 81 4 4
80 94 4 4
80 90 4 4
81 96 4 4
81 89 4 4
102 101 5 5
102 100 5 5
103 102 5 5
103 101 5 5
104 101 5 5
104 100 5 5
105 103 5 5
105 102 5 5
106 103 5 5
106 105 5 5
107 104 5 5
107 103 5 5
108 107 5 5
108 101 5 5
109 107 5 5
109 100 5 5
110 102 5 5
110 105 5 5
111 110 5 5
111 103 5 5
112 110 5 5
112 107 5 5
113 105 5 5
113 101 5 5
114 105 5 5
114 110 5 5
115 109 5 5
115 100 5 5
116 101 5 5
116 102 5 5
117 115 5 5
117 108 5 5
118 100 5 5
118 109 5 5
119 101 5 5
119 109 5 5
100 113 5 5
100 103 5 5
101 110 5 5
101 112 5 5
122 121 6 6
122 120 6 6
123 122 6 6
123 120 6 6
124 123 6 6
124 121 6 6
125 124 6 6
125 123 6 6
126 120 6 6
126 125 6 6
127 122 6 6
127 123 6 6
128 121 6 6
128 123 6 6
129 120 6 6
129 126 6 6
130 127 6 6
130 128 6 6
131 123 6 6
131 130 6 6
132 122 6 6
132 128 6 6
133 130 6 6
133 122 6 6
134 125 6 6
134 128 6 6
135 134 6 6
135 121 6 6
136 121 6 6
136 123 6 6
137 134 6 6
137 135 6 6
138 125 6 6
138 124 6 6
139 121 6 6
139 136 6 6
120 132 6 6
120 136 6 6
121 126 6 6
121 129 6 6
142 140 7 7
142 141 7 7
143 142 7 7
143 141 7 7
144 142 7 7
144 141 7 7
145 142 7 7
145 143 7 7
146 145 7 7
146 142 7 7
147 146 7 7
147 143 7 7
148 147 7 7
148 146 7 7
149 141 7 7
149 147 7 7
150 141 7 7
150 146 7 7
151 146 7 7
151 148 7 7
152 150 7 7
152 142 7 7
153 146 7 7
153 142 7 7
154 148 7 7
154 144 7 7
155 142 7 7
155 154 7 7
156 152 7 7
156 141 7 7
157 156 7 7
157 149 7 7
158 153 7 7
158 146 7 7
159 145 7 7
159 150 7 7
140 157 7 7
140 155 7 7
141 153 7 7
141 154 7 7
162 160 8 8
162 161 8 8
163 160 8 8
163 161 8 8
164 160 8 8
164 163 8 8
165 162 8 8
165 160 8 8
166 161 8 8
166 160 8 8
167 160 8 8
167 165 8 8
168 162 8 8
168 165 8 8
169 165 8 8
169 164 8 8
170 165 8 8
170 169 8 8
171 170 8 8
171 161 8 8
172 164 8 8
172 162 8 8
173 167 8 8
173 172 8 8
174 163 8 8
174 164 8 8
175 161 8 8
175 170 8 8
176 172 8 8
176 162 8 8
177 169 8 8
177 167 8 8
178 172 8 8
178 160 8 8
179 160 8 8
179 172 8 8
160 173 8 8
160 176 8 8
161 164 8 8
161 172 8 8
182 181 9 9
182 180 9 9
183 180 9 9
183 181 9 9
184 181 9 9
184 180 9 9
185 184 9 9
185 181 9 9
186 182 9 9
186 180 9 9
187 185 9 9
187 186 9 9
188 181 9 9
188 182 9 9
189 181 9 9
189 187 9 9
190 189 9 9
190 185 9 9
191 183 9 9
191 188 9 9
192 184 9 9
192 191 9 9
193 190 9 9
193 180 9 9
194 183 9 9
194 181 9 9
195 185 9 9
195 189 9 9
196 188 9 9
196 187 9 9
197 180 9 9
197 183 9 9
198 187 9 9
198 182 9 9
199 180 9 9
199 190 9 9
180 194 9 9
180 189 9 9
181 198 9 9
181 196 9 9
202 201 10 10
202 200 10 10
203 201 10 10
203 200 10 10
204 200 10 10
204 201 10 10
205 202 10 10
205 200 10 10
206 201 10 10
206 202 10 10
207 201 10 10
207 206 10 10
208 207 10 10
208 200 10 10
209 208 10 10
209 205 10 10
210 208 10 10
210 200 10 10
211 203 10 10
211 209 10 10
212 211 10 10
212 201 10 10
213 203 10 10
213 202 10 10
214 209 10 10
214 212 10 10
215 202 10 10
215 205 10 10
216 208 10 10
216 205 10 10
217 203 10 10
217 200 10 10
218 208 10 10
218 215 10 10
219 210 10 10
219 200 10 10
200 218 10 10
200 213 10 10
201 210 10 10
201 218 10 10
222 220 11 11
222 221 11 11
223 222 11 11
223 221 11 11
224 223 11 11
224 221 11 11
225 220 11 11
225 222 11 11
226 220 11 11
226 222 11 11
227 222 11 11
227 223 11 11
228 227 11 11
228 221 11 11
229 224 11 11
229 222 11 11
230 220 11 11
230 224 11 11
231 230 11 11
231 225 11 11
232 229 11 11
232 227 11 11
233 227 11 11
233 223 11 11
234 232 11 11
234 229 11 11
235 231 11 11
235 227 11 11
236 224 11 11
236 235 11 11
237 222 11 11
237 223 11 11
238 220 11 11
238 225 11 11
239 222 11 11
239 226 11 11
220 223 11 11
220 237 11 11
221 238 11 11
221 230 11 11
242 241 12 12
242 240 12 12
243 242 12 12
243 241 12 12
244 243 12 12
244 240 12 12
245 244 12 12
245 242 12 12
246 243 12 12
246 240 12 12
247 244 12 12
247 245 12 12
248 247 12 12
248 246 12 12
249 244 12 12
249 240 12 12
250 243 12 12
250 244 12 12
251 244 12 12
251 248 12 12
252 246 12 12
252 244 12 12
253 245 12 12
253 248 12 12
254 252 12 12
254 241 12 12
255 254 12 12
255 245 12 12
256 248 12 12
256 244 12 12
257 244 12 12
257 249 12 12
258 252 12 12
258 253 12 12
259 256 12 12
259 241 12 12
240 250 12 12
240 256 12 12
241 249 12 12
241 250 12 12
262 261 13 13
262 260 13 13
263 261 13 13
263 262 13 13
264 262 13 13
264 261 13 13
265 262 13 13
265 260 13 13
266 264 13 13
266 265 13 13
267 260 13 13
267 263 13 13
268 266 13 13
268 261 13 13
269 261 13 13
269 266 13 13
270 269 13 13
270 261 13 13
271 266 13 13
271 263 13 13
272 265 13 13
272 260 13 13
273 271 13 13
273 267 13 13
274 270 13 13
274 264 13 13
275 266 13 13
275 269 13 13
276 262 13 13
276 269 13 13
277 267 13 13
277 273 13 13
278 271 13 13
278 269 13 13
279 273 13 13
279 271 13 13
260 277 13 13
260 279 13 13
261 274 13 13
261 277 13 13
282 280 14 14
282 281 14 14
283 280 14 14
283 282 14 14
284 280 14 14
284 281 14 14
285 284 14 14
285 281 14 14
286 282 14 14
286 280 14 14
287 282 14 14
287 281 14 14
288 285 14 14
288 284 14 14
289 285 14 14
289 281 14 14
290 285 14 14
290 289 14 14
291 288 14 14
291 281 14 14
292 281 14 14
292 284 14 14
293 284 14 14
293 290 14 14
294 285 14 14
294 286 14 14
295 288 14 14
295 291 14 14
296 280 14 14
296 295 14 14
297 291 14 14
297 286 14 14
298 281 14 14
298 292 14 14
299 289 14 14
299 290 14 14
280 294 14 14
280 291 14 14
281 295 14 14
281 290 14 14
302 300 15 15
302 301 15 15
303 302 15 15
303 300 15 15
304 300 15 15
304 301 15 15
305 301 15 15
305 303 15 15
306 301 15 15
306 303 15 15
307 303 15 15
307 302 15 15
308 306 15 15
308 303 15 15
309 308 15 15
309 301 15 15
310 308 15 15
310 307 15 15
311 302 15 15
311 303 15 15
312 300 15 15
312 307 15 15
313 310 15 15
313 311 15 15
314 308 15 15
314 301 15 15
315 306 15 15
315 300 15 15
316 312 15 15
316 309 15 15
317 306 15 15
317 314 15 15
318 305 15 15
318 312 15 15
319 305 15 15
319 303 15 15
300 309 15 15
300 306 15 15
301 317 15 15
301 315 15 15
47 27 2 1
43 11 2 0
68 51 3 2
67 29 3 1
97 50 4 2
99 25 4 1
113 47 5 2
100 28 5 1
125 68 6 3
134 101 6 5
146 95 7 4
151 135 7 6
161 29 8 1
160 117 8 5
184 25 9 1
198 63 9 3
219 68 10 3
202 111 10 5
236 169 11 8
235 116 11 5
256 173 12 8
248 14 12 0
278 155 13 7
272 48 13 2
284 198 14 9
288 54 14 2
314 6 15 0
303 35 15 1
7 201 0 10
9 107 0 5
36 142 1 7
31 285 1 14
