swNum = 320
edgeNum = 672

0 0
1 0
2 0
3 0
4 0
5 0
6 0
7 0
8 0
9 0
10 0
11 0
12 0
13 0
14 0
15 0
16 0
17 0
18 0
19 0
20 1
21 1
22 1
23 1
24 1
25 1
26 1
27 1
28 1
29 1
30 1
31 1
32 1
33 1
34 1
35 1
36 1
37 1
38 1
39 1
40 2
41 2
42 2
43 2
44 2
45 2
46 2
47 2
48 2
49 2
50 2
51 2
52 2
53 2
54 2
55 2
56 2
57 2
58 2
59 2
60 3
61 3
62 3
63 3
64 3
65 3
66 3
67 3
68 3
69 3
70 3
71 3
72 3
73 3
74 3
75 3
76 3
77 3
78 3
79 3
80 4
81 4
82 4
83 4
84 4
85 4
86 4
87 4
88 4
89 4
90 4
91 4
92 4
93 4
94 4
95 4
96 4
97 4
98 4
99 4
100 5
101 5
102 5
103 5
104 5
105 5
106 5
107 5
108 5
109 5
110 5
111 5
112 5
113 5
114 5
115 5
116 5
117 5
118 5
119 5
120 6
121 6
122 6
123 6
124 6
125 6
126 6
127 6
128 6
129 6
130 6
131 6
132 6
133 6
134 6
135 6
136 6
137 6
138 6
139 6
140 7
141 7
142 7
143 7
144 7
145 7
146 7
147 7
148 7
149 7
150 7
151 7
152 7
153 7
154 7
155 7
156 7
157 7
158 7
159 7
160 8
161 8
162 8
163 8
164 8
165 8
166 8
167 8
168 8
169 8
170 8
171 8
172 8
173 8
174 8
175 8
176 8
177 8
178 8
179 8
180 9
181 9
182 9
183 9
184 9
185 9
186 9
187 9
188 9
189 9
190 9
191 9
192 9
193 9
194 9
195 9
196 9
197 9
198 9
199 9
200 10
201 10
202 10
203 10
204 10
205 10
206 10
207 10
208 10
209 10
210 10
211 10
212 10
213 10
214 10
215 10
216 10
217 10
218 10
219 10
220 11
221 11
222 11
223 11
224 11
225 11
226 11
227 11
228 11
229 11
230 11
231 11
232 11
233 11
234 11
235 11
236 11
237 11
238 11
239 11
240 12
241 12
242 12
243 12
244 12
245 12
246 12
247 12
248 12
249 12
250 12
251 12
252 12
253 12
254 12
255 12
256 12
257 12
258 12
259 12
260 13
261 13
262 13
263 13
264 13
265 13
266 13
267 13
268 13
269 13
270 13
271 13
272 13
273 13
274 13
275 13
276 13
277 13
278 13
279 13
280 14
281 14
282 14
283 14
284 14
285 14
286 14
287 14
288 14
289 14
290 14
291 14
292 14
293 14
294 14
295 14
296 14
297 14
298 14
299 14
300 15
301 15
302 15
303 15
304 15
305 15
306 15
307 15
308 15
309 15
310 15
311 15
312 15
313 15
314 15
315 15
316 15
317 15
318 15
319 15

2 0 0 0
2 1 0 0
3 2 0 0
3 0 0 0
4 2 0 0
4 0 0 0
5 2 0 0
5 1 0 0
6 1 0 0
6 2 0 0
7 4 0 0
7 5 0 0
8 1 0 0
8 5 0 0
9 2 0 0
9 7 0 0
10 8 0 0
10 9 0 0
11 2 0 0
11 0 0 0
12 0 0 0
12 5 0 0
13 10 0 0
13 0 0 0
14 1 0 0
14 13 0 0
15 8 0 0
15 5 0 0
16 10 0 0
16 4 0 0
17 5 0 0
17 0 0 0
18 8 0 0
18 16 0 0
19 1 0 0
19 11 0 0
0 19 0 0
0 10 0 0
1 10 0 0
1 16 0 0
22 21 1 1
22 20 1 1
23 22 1 1
23 20 1 1
24 21 1 1
24 20 1 1
25 21 1 1
25 24 1 1
26 21 1 1
26 24 1 1
27 26 1 1
27 24 1 1
28 24 1 1
28 25 1 1
29 20 1 1
29 24 1 1
30 20 1 1
30 24 1 1
31 20 1 1
31 26 1 1
32 21 1 1
32 27 1 1
33 20 1 1
33 31 1 1
34 28 1 1
34 23 1 1
35 24 1 1
35 31 1 1
36 29 1 1
36 32 1 1
37 36 1 1
37 29 1 1
38 22 1 1
38 21 1 1
39 27 1 1
39 26 1 1
20 35 1 1
20 28 1 1
21 23 1 1
21 35 1 1
42 40 2 2
42 41 2 2
43 41 2 2
43 40 2 2
44 40 2 2
44 42 2 2
45 42 2 2
45 40 2 2
46 40 2 2
46 43 2 2
47 41 2 2
47 43 2 2
48 41 2 2
48 43 2 2
49 40 2 2
49 41 2 2
50 45 2 2
50 40 2 2
51 47 2 2
51 48 2 2
52 50 2 2
52 44 2 2
53 50 2 2
53 41 2 2
54 51 2 2
54 53 2 2
55 51 2 2
55 47 2 2
56 42 2 2
56 49 2 2
57 53 2 2
57 56 2 2
58 56 2 2
58 55 2 2
59 40 2 2
59 58 2 2
40 58 2 2
40 55 2 2
41 55 2 2
41 54 2 2
62 61 3 3
62 60 3 3
63 62 3 3
63 60 3 3
64 62 3 3
64 60 3 3
65 64 3 3
65 60 3 3
66 62 3 3
66 65 3 3
67 66 3 3
67 65 3 3
68 62 3 3
68 65 3 3
69 66 3 3
69 62 3 3
70 63 3 3
70 66 3 3
71 62 3 3
71 60 3 3
72 63 3 3
72 67 3 3
73 63 3 3
73 65 3 3
74 60 3 3
74 62 3 3
75 72 3 3
75 69 3 3
76 73 3 3
76 72 3 3
77 65 3 3
77 69 3 3
78 72 3 3
78 77 3 3
79 73 3 3
79 67 3 3
60 69 3 3
60 78 3 3
61 64 3 3
61 66 3 3
82 81 4 4
82 80 4 4
83 82 4 4
83 81 4 4
84 80 4 4
84 81 4 4
85 83 4 4
85 84 4 4
86 85 4 4
86 84 4 4
87 80 4 4
87 86 4 4
88 84 4 4
88 80 4 4
89 80 4 4
89 85 4 4
90 84 4 4
90 83 4 4
91 83 4 4
91 81 4 4
92 91 4 4
92 83 4 4
93 92 4 4
93 82 4 4
94 80 4 4
94 83 4 4
95 91 4 4
95 87 4 4
96 91 4 4
96 82 4 4
97 90 4 4
97 93 4 4
98 90 4 4
98 92 4 4
99 84 4 4
99 86 4 4
80 95 4 4
80 93 4 4
81 97 4 4
81 92 4 4
102 100 5 5
102 101 5 5
103 102 5 5
103 101 5 5
104 100 5 5
104 101 5 5
105 104 5 5
105 100 5 5
106 104 5 5
106 103 5 5
107 104 5 5
107 101 5 5
108 106 5 5
108 107 5 5
109 108 5 5
109 101 5 5
110 107 5 5
110 100 5 5
111 100 5 5
111 103 5 5
112 109 5 5
112 110 5 5
113 102 5 5
113 111 5 5
114 109 5 5
114 101 5 5
115 112 5 5
115 110 5 5
116 101 5 5
116 109 5 5
117 105 5 5
117 112 5 5
118 113 5 5
118 100 5 5
119 118 5 5
119 102 5 5
100 103 5 5
100 113 5 5
101 111 5 5
101 113 5 5
122 120 6 6
122 121 6 6
123 120 6 6
123 122 6 6
124 121 6 6
124 122 6 6
125 124 6 6
125 123 6 6
126 120 6 6
126 122 6 6
127 124 6 6
127 126 6 6
128 126 6 6
128 127 6 6
129 121 6 6
129 127 6 6
130 126 6 6
130 129 6 6
131 123 6 6
131 122 6 6
132 125 6 6
132 129 6 6
133 122 6 6
133 120 6 6
134 126 6 6
134 133 6 6
135 127 6 6
135 122 6 6
136 131 6 6
136 128 6 6
137 127 6 6
137 132 6 6
138 135 6 6
138 137 6 6
139 132 6 6
139 125 6 6
120 128 6 6
120 139 6 6
121 125 6 6
121 127 6 6
142 141 7 7
142 140 7 7
143 142 7 7
143 140 7 7
144 141 7 7
144 143 7 7
145 140 7 7
145 144 7 7
146 143 7 7
146 141 7 7
147 142 7 7
147 141 7 7
148 143 7 7
148 146 7 7
149 143 7 7
149 142 7 7
150 149 7 7
150 145 7 7
151 147 7 7
151 145 7 7
152 145 7 7
152 150 7 7
153 152 7 7
153 150 7 7
154 151 7 7
154 140 7 7
155 144 7 7
155 146 7 7
156 155 7 7
156 153 7 7
157 140 7 7
157 141 7 7
158 144 7 7
158 157 7 7
159 143 7 7
159 155 7 7
140 148 7 7
140 147 7 7
141 149 7 7
141 155 7 7
162 161 8 8
162 160 8 8
163 160 8 8
163 162 8 8
164 162 8 8
164 160 8 8
165 163 8 8
165 161 8 8
166 164 8 8
166 160 8 8
167 164 8 8
167 166 8 8
168 165 8 8
168 160 8 8
169 167 8 8
169 166 8 8
170 163 8 8
170 169 8 8
171 162 8 8
171 170 8 8
172 161 8 8
172 163 8 8
173 166 8 8
173 162 8 8
174 165 8 8
174 173 8 8
175 171 8 8
175 174 8 8
176 165 8 8
176 169 8 8
177 169 8 8
177 160 8 8
178 177 8 8
178 175 8 8
179 169 8 8
179 177 8 8
160 176 8 8
160 175 8 8
161 169 8 8
161 171 8 8
182 181 9 9
182 180 9 9
183 181 9 9
183 182 9 9
184 183 9 9
184 181 9 9
185 180 9 9
185 183 9 9
186 184 9 9
186 182 9 9
187 183 9 9
187 180 9 9
188 182 9 9
188 187 9 9
189 181 9 9
189 186 9 9
190 184 9 9
190 182 9 9
191 183 9 9
191 189 9 9
192 182 9 9
192 183 9 9
193 190 9 9
193 185 9 9
194 193 9 9
194 180 9 9
195 193 9 9
195 184 9 9
196 182 9 9
196 185 9 9
197 190 9 9
197 184 9 9
198 185 9 9
198 193 9 9
199 197 9 9
199 194 9 9
180 189 9 9
180 193 9 9
181 186 9 9
181 185 9 9
202 200 10 10
202 201 10 10
203 200 10 10
203 201 10 10
204 200 10 10
204 202 10 10
205 200 10 10
205 203 10 10
206 204 10 10
206 205 10 10
207 205 10 10
207 204 10 10
208 205 10 10
208 206 10 10
209 207 10 10
209 208 10 10
210 203 10 10
210 201 10 10
211 207 10 10
211 203 10 10
212 205 10 10
212 204 10 10
213 209 10 10
213 205 10 10
214 208 10 10
214 206 10 10
215 200 10 10
215 210 10 10
216 209 10 10
216 202 10 10
217 215 10 10
217 202 10 10
218 209 10 10
218 207 10 10
219 216 10 10
219 203 10 10
200 219 10 10
200 217 10 10
201 206 10 10
201 215 10 10
222 220 11 11
222 221 11 11
223 220 11 11
223 221 11 11
224 221 11 11
224 220 11 11
225 220 11 11
225 223 11 11
226 221 11 11
226 225 11 11
227 220 11 11
227 223 11 11
228 222 11 11
228 226 11 11
229 223 11 11
229 224 11 11
230 222 11 11
230 223 11 11
231 223 11 11
231 230 11 11
232 231 11 11
232 228 11 11
233 227 11 11
233 226 11 11
234 225 11 11
234 226 11 11
235 230 11 11
235 229 11 11
236 222 11 11
236 234 11 11
237 231 11 11
237 229 11 11
238 226 11 11
238 236 11 11
239 220 11 11
239 221 11 11
220 230 11 11
220 237 11 11
221 237 11 11
221 233 11 11
242 241 12 12
242 240 12 12
243 240 12 12
243 242 12 12
244 240 12 12
244 243 12 12
245 242 12 12
245 243 12 12
246 240 12 12
246 242 12 12
247 241 12 12
247 246 12 12
248 247 12 12
248 243 12 12
249 248 12 12
249 247 12 12
250 248 12 12
250 240 12 12
251 249 12 12
251 246 12 12
252 251 12 12
252 248 12 12
253 241 12 12
253 250 12 12
254 247 12 12
254 244 12 12
255 250 12 12
255 243 12 12
256 247 12 12
256 248 12 12
257 242 12 12
257 247 12 12
258 257 12 12
258 243 12 12
259 243 12 12
259 240 12 12
240 248 12 12
240 253 12 12
241 250 12 12
241 257 12 12
262 260 13 13
262 261 13 13
263 262 13 13
263 260 13 13
264 261 13 13
264 262 13 13
265 263 13 13
265 262 13 13
266 260 13 13
266 262 13 13
267 263 13 13
267 265 13 13
268 260 13 13
268 263 13 13
269 260 13 13
269 263 13 13
270 265 13 13
270 267 13 13
271 264 13 13
271 268 13 13
272 262 13 13
272 265 13 13
273 263 13 13
273 268 13 13
274 270 13 13
274 268 13 13
275 264 13 13
275 266 13 13
276 268 13 13
276 267 13 13
277 260 13 13
277 275 13 13
278 266 13 13
278 269 13 13
279 273 13 13
279 262 13 13
260 279 13 13
260 278 13 13
261 276 13 13
261 265 13 13
282 281 14 14
282 280 14 14
283 280 14 14
283 281 14 14
284 282 14 14
284 281 14 14
285 284 14 14
285 282 14 14
286 284 14 14
286 285 14 14
287 286 14 14
287 285 14 14
288 283 14 14
288 287 14 14
289 282 14 14
289 284 14 14
290 287 14 14
290 288 14 14
291 288 14 14
291 283 14 14
292 287 14 14
292 288 14 14
293 286 14 14
293 284 14 14
294 285 14 14
294 280 14 14
295 294 14 14
295 288 14 14
296 294 14 14
296 288 14 14
297 296 14 14
297 280 14 14
298 296 14 14
298 288 14 14
299 284 14 14
299 283 14 14
280 291 14 14
280 293 14 14
281 298 14 14
281 289 14 14
302 301 15 15
302 300 15 15
303 300 15 15
303 302 15 15
304 302 15 15
304 303 15 15
305 302 15 15
305 301 15 15
306 305 15 15
306 301 15 15
307 303 15 15
307 300 15 15
308 301 15 15
308 305 15 15
309 304 15 15
309 301 15 15
310 301 15 15
310 309 15 15
311 304 15 15
311 300 15 15
312 309 15 15
312 305 15 15
313 306 15 15
313 301 15 15
314 307 15 15
314 306 15 15
315 305 15 15
315 313 15 15
316 315 15 15
316 314 15 15
317 309 15 15
317 310 15 15
318 311 15 15
318 315 15 15
319 308 15 15
319 312 15 15
300 308 15 15
300 319 15 15
301 303 15 15
301 316 15 15
59 3 2 0
56 24 2 1
77 43 3 2
78 10 3 0
91 7 4 0
96 21 4 1
108 1 5 0
116 31 5 1
137 15 6 0
125 102 6 5
148 13 7 0
147 35 7 1
163 26 8 1
169 81 8 4
195 128 9 6
193 111 9 5
202 199 10 9
208 162 10 8
229 218 11 10
235 29 11 1
245 142 12 7
258 181 12 9
276 101 13 5
263 196 13 9
290 24 14 1
290 70 14 3
306 203 15 10
307 115 15 5
17 178 0 8
3 201 0 10
28 68 1 3
22 303 1 15
