swNum = 320
edgeNum = 672

0 0
1 0
2 0
3 0
4 0
5 0
6 0
7 0
8 0
9 0
10 0
11 0
12 0
13 0
14 0
15 0
16 0
17 0
18 0
19 0
20 1
21 1
22 1
23 1
24 1
25 1
26 1
27 1
28 1
29 1
30 1
31 1
32 1
33 1
34 1
35 1
36 1
37 1
38 1
39 1
40 2
41 2
42 2
43 2
44 2
45 2
46 2
47 2
48 2
49 2
50 2
51 2
52 2
53 2
54 2
55 2
56 2
57 2
58 2
59 2
60 3
61 3
62 3
63 3
64 3
65 3
66 3
67 3
68 3
69 3
70 3
71 3
72 3
73 3
74 3
75 3
76 3
77 3
78 3
79 3
80 4
81 4
82 4
83 4
84 4
85 4
86 4
87 4
88 4
89 4
90 4
91 4
92 4
93 4
94 4
95 4
96 4
97 4
98 4
99 4
100 5
101 5
102 5
103 5
104 5
105 5
106 5
107 5
108 5
109 5
110 5
111 5
112 5
113 5
114 5
115 5
116 5
117 5
118 5
119 5
120 6
121 6
122 6
123 6
124 6
125 6
126 6
127 6
128 6
129 6
130 6
131 6
132 6
133 6
134 6
135 6
136 6
137 6
138 6
139 6
140 7
141 7
142 7
143 7
144 7
145 7
146 7
147 7
148 7
149 7
150 7
151 7
152 7
153 7
154 7
155 7
156 7
157 7
158 7
159 7
160 8
161 8
162 8
163 8
164 8
165 8
166 8
167 8
168 8
169 8
170 8
171 8
172 8
173 8
174 8
175 8
176 8
177 8
178 8
179 8
180 9
181 9
182 9
183 9
184 9
185 9
186 9
187 9
188 9
189 9
190 9
191 9
192 9
193 9
194 9
195 9
196 9
197 9
198 9
199 9
200 10
201 10
202 10
203 10
204 10
205 10
206 10
207 10
208 10
209 10
210 10
211 10
212 10
213 10
214 10
215 10
216 10
217 10
218 10
219 10
220 11
221 11
222 11
223 11
224 11
225 11
226 11
227 11
228 11
229 11
230 11
231 11
232 11
233 11
234 11
235 11
236 11
237 11
238 11
239 11
240 12
241 12
242 12
243 12
244 12
245 12
246 12
247 12
248 12
249 12
250 12
251 12
252 12
253 12
254 12
255 12
256 12
257 12
258 12
259 12
260 13
261 13
262 13
263 13
264 13
265 13
266 13
267 13
268 13
269 13
270 13
271 13
272 13
273 13
274 13
275 13
276 13
277 13
278 13
279 13
280 14
281 14
282 14
283 14
284 14
285 14
286 14
287 14
288 14
289 14
290 14
291 14
292 14
293 14
294 14
295 14
296 14
297 14
298 14
299 14
300 15
301 15
302 15
303 15
304 15
305 15
306 15
307 15
308 15
309 15
310 15
311 15
312 15
313 15
314 15
315 15
316 15
317 15
318 15
319 15

2 1 0 0
2 0 0 0
3 2 0 0
3 1 0 0
4 2 0 0
4 0 0 0
5 4 0 0
5 0 0 0
6 3 0 0
6 2 0 0
7 5 0 0
7 0 0 0
8 4 0 0
8 7 0 0
9 8 0 0
9 0 0 0
10 5 0 0
10 2 0 0
11 1 0 0
11 8 0 0
12 3 0 0
12 2 0 0
13 8 0 0
13 6 0 0
14 11 0 0
14 9 0 0
15 9 0 0
15 14 0 0
16 8 0 0
16 15 0 0
17 13 0 0
17 3 0 0
18 17 0 0
18 12 0 0
19 18 0 0
19 0 0 0
0 15 0 0
0 16 0 0
1 19 0 0
1 17 0 0
22 20 1 1
22 21 1 1
23 20 1 1
23 22 1 1
24 22 1 1
24 20 1 1
25 21 1 1
25 23 1 1
26 24 1 1
26 22 1 1
27 25 1 1
27 24 1 1
28 21 1 1
28 23 1 1
29 24 1 1
29 20 1 1
30 24 1 1
30 20 1 1
31 21 1 1
31 23 1 1
32 29 1 1
32 27 1 1
33 21 1 1
33 20 1 1
34 32 1 1
34 26 1 1
35 20 1 1
35 21 1 1
36 21 1 1
36 33 1 1
37 20 1 1
37 36 1 1
38 36 1 1
38 21 1 1
39 29 1 1
39 26 1 1
20 27 1 1
20 26 1 1
21 23 1 1
21 34 1 1
42 41 2 2
42 40 2 2
43 41 2 2
43 40 2 2
44 41 2 2
44 42 2 2
45 40 2 2
45 42 2 2
46 41 2 2
46 44 2 2
47 46 2 2
47 41 2 2
48 44 2 2
48 46 2 2
49 44 2 2
49 41 2 2
50 42 2 2
50 40 2 2
51 47 2 2
51 49 2 2
52 49 2 2
52 41 2 2
53 45 2 2
53 40 2 2
54 41 2 2
54 48 2 2
55 48 2 2
55 54 2 2
56 44 2 2
56 40 2 2
57 55 2 2
57 44 2 2
58 49 2 2
58 55 2 2
59 49 2 2
59 44 2 2
40 47 2 2
40 49 2 2
41 57 2 2
41 51 2 2
62 61 3 3
62 60 3 3
63 61 3 3
63 60 3 3
64 63 3 3
64 62 3 3
65 61 3 3
65 62 3 3
66 64 3 3
66 62 3 3
67 66 3 3
67 65 3 3
68 62 3 3
68 67 3 3
69 60 3 3
69 68 3 3
70 61 3 3
70 66 3 3
71 60 3 3
71 68 3 3
72 66 3 3
72 67 3 3
73 68 3 3
73 66 3 3
74 69 3 3
74 71 3 3
75 64 3 3
75 67 3 3
76 69 3 3
76 74 3 3
77 61 3 3
77 73 3 3
78 67 3 3
78 66 3 3
79 74 3 3
79 78 3 3
60 74 3 3
60 70 3 3
61 79 3 3
61 67 3 3
82 81 4 4
82 80 4 4
83 82 4 4
83 81 4 4
84 82 4 4
84 83 4 4
85 80 4 4
85 84 4 4
86 83 4 4
86 85 4 4
87 81 4 4
87 85 4 4
88 80 4 4
88 81 4 4
89 82 4 4
89 84 4 4
90 83 4 4
90 85 4 4
91 84 4 4
91 87 4 4
92 86 4 4
92 80 4 4
93 86 4 4
93 82 4 4
94 81 4 4
94 80 4 4
95 89 4 4
95 94 4 4
96 93 4 4
96 87 4 4
97 84 4 4
97 93 4 4
98 97 4 4
98 86 4 4
99 88 4 4
99 96 4 4
80 91 4 4
80 83 4 4
81 99 4 4
81 90 4 4
102 101 5 5
102 100 5 5
103 102 5 5
103 101 5 5
104 103 5 5
104 101 5 5
105 100 5 5
105 101 5 5
106 105 5 5
106 101 5 5
107 100 5 5
107 102 5 5
108 101 5 5
108 106 5 5
109 106 5 5
109 105 5 5
110 108 5 5
110 104 5 5
111 106 5 5
111 105 5 5
112 106 5 5
112 110 5 5
113 111 5 5
113 101 5 5
114 105 5 5
114 110 5 5
115 112 5 5
115 104 5 5
116 114 5 5
116 110 5 5
117 101 5 5
117 103 5 5
118 102 5 5
118 116 5 5
119 115 5 5
119 116 5 5
100 118 5 5
100 111 5 5
101 119 5 5
101 118 5 5
122 120 6 6
122 121 6 6
123 122 6 6
123 120 6 6
124 123 6 6
124 121 6 6
125 120 6 6
125 121 6 6
126 122 6 6
126 121 6 6
127 126 6 6
127 123 6 6
128 123 6 6
128 122 6 6
129 122 6 6
129 128 6 6
130 126 6 6
130 127 6 6
131 121 6 6
131 122 6 6
132 127 6 6
132 122 6 6
133 121 6 6
133 131 6 6
134 133 6 6
134 123 6 6
135 124 6 6
135 121 6 6
136 124 6 6
136 134 6 6
137 122 6 6
137 120 6 6
138 134 6 6
138 122 6 6
139 132 6 6
139 131 6 6
120 138 6 6
120 128 6 6
121 123 6 6
121 136 6 6
142 141 7 7
142 140 7 7
143 141 7 7
143 142 7 7
144 141 7 7
144 142 7 7
145 142 7 7
145 140 7 7
146 143 7 7
146 142 7 7
147 141 7 7
147 140 7 7
148 141 7 7
148 144 7 7
149 142 7 7
149 147 7 7
150 146 7 7
150 147 7 7
151 141 7 7
151 144 7 7
152 147 7 7
152 150 7 7
153 150 7 7
153 149 7 7
154 144 7 7
154 148 7 7
155 153 7 7
155 141 7 7
156 143 7 7
156 141 7 7
157 143 7 7
157 150 7 7
158 140 7 7
158 149 7 7
159 140 7 7
159 144 7 7
140 152 7 7
140 146 7 7
141 154 7 7
141 149 7 7
162 160 8 8
162 161 8 8
163 160 8 8
163 161 8 8
164 162 8 8
164 163 8 8
165 162 8 8
165 160 8 8
166 164 8 8
166 160 8 8
167 164 8 8
167 160 8 8
168 161 8 8
168 163 8 8
169 167 8 8
169 163 8 8
170 166 8 8
170 160 8 8
171 161 8 8
171 167 8 8
172 163 8 8
172 168 8 8
173 164 8 8
173 160 8 8
174 163 8 8
174 169 8 8
175 164 8 8
175 161 8 8
176 160 8 8
176 165 8 8
177 161 8 8
177 165 8 8
178 176 8 8
178 163 8 8
179 172 8 8
179 169 8 8
160 168 8 8
160 171 8 8
161 167 8 8
161 176 8 8
182 180 9 9
182 181 9 9
183 180 9 9
183 182 9 9
184 182 9 9
184 183 9 9
185 183 9 9
185 181 9 9
186 180 9 9
186 181 9 9
187 186 9 9
187 185 9 9
188 181 9 9
188 187 9 9
189 183 9 9
189 180 9 9
190 182 9 9
190 189 9 9
191 187 9 9
191 180 9 9
192 183 9 9
192 191 9 9
193 184 9 9
193 189 9 9
194 188 9 9
194 190 9 9
195 180 9 9
195 186 9 9
196 182 9 9
196 187 9 9
197 188 9 9
197 185 9 9
198 181 9 9
198 182 9 9
199 188 9 9
199 184 9 9
180 196 9 9
180 193 9 9
181 197 9 9
181 192 9 9
202 201 10 10
202 200 10 10
203 202 10 10
203 201 10 10
204 200 10 10
204 203 10 10
205 203 10 10
205 202 10 10
206 202 10 10
206 205 10 10
207 203 10 10
207 202 10 10
208 202 10 10
208 201 10 10
209 207 10 10
209 201 10 10
210 207 10 10
210 209 10 10
211 207 10 10
211 203 10 10
212 209 10 10
212 203 10 10
213 212 10 10
213 205 10 10
214 205 10 10
214 210 10 10
215 202 10 10
215 208 10 10
216 210 10 10
216 205 10 10
217 206 10 10
217 213 10 10
218 214 10 10
218 206 10 10
219 201 10 10
219 204 10 10
200 213 10 10
200 208 10 10
201 213 10 10
201 205 10 10
222 220 11 11
222 221 11 11
223 221 11 11
223 222 11 11
224 223 11 11
224 222 11 11
225 222 11 11
225 220 11 11
226 225 11 11
226 222 11 11
227 226 11 11
227 224 11 11
228 223 11 11
228 227 11 11
229 222 11 11
229 220 11 11
230 220 11 11
230 227 11 11
231 223 11 11
231 224 11 11
232 230 11 11
232 227 11 11
233 231 11 11
233 232 11 11
234 223 11 11
234 221 11 11
235 227 11 11
235 228 11 11
236 231 11 11
236 220 11 11
237 228 11 11
237 222 11 11
238 227 11 11
238 221 11 11
239 229 11 11
239 238 11 11
220 235 11 11
220 226 11 11
221 230 11 11
221 233 11 11
242 240 12 12
242 241 12 12
243 240 12 12
243 242 12 12
244 240 12 12
244 241 12 12
245 244 12 12
245 241 12 12
246 242 12 12
246 243 12 12
247 245 12 12
247 240 12 12
248 241 12 12
248 240 12 12
249 245 12 12
249 247 12 12
250 241 12 12
250 243 12 12
251 244 12 12
251 240 12 12
252 241 12 12
252 242 12 12
253 251 12 12
253 250 12 12
254 243 12 12
254 253 12 12
255 249 12 12
255 247 12 12
256 252 12 12
256 248 12 12
257 240 12 12
257 245 12 12
258 245 12 12
258 246 12 12
259 254 12 12
259 253 12 12
240 250 12 12
240 249 12 12
241 258 12 12
241 253 12 12
262 260 13 13
262 261 13 13
263 262 13 13
263 260 13 13
264 260 13 13
264 263 13 13
265 263 13 13
265 264 13 13
266 264 13 13
266 260 13 13
267 262 13 13
267 261 13 13
268 261 13 13
268 267 13 13
269 265 13 13
269 266 13 13
270 263 13 13
270 269 13 13
271 264 13 13
271 262 13 13
272 262 13 13
272 269 13 13
273 271 13 13
273 264 13 13
274 273 13 13
274 263 13 13
275 262 13 13
275 260 13 13
276 275 13 13
276 262 13 13
277 262 13 13
277 261 13 13
278 270 13 13
278 265 13 13
279 278 13 13
279 262 13 13
260 278 13 13
260 272 13 13
261 271 13 13
261 273 13 13
282 280 14 14
282 281 14 14
283 281 14 14
283 280 14 14
284 280 14 14
284 283 14 14
285 282 14 14
285 280 14 14
286 283 14 14
286 281 14 14
287 286 14 14
287 284 14 14
288 286 14 14
288 283 14 14
289 285 14 14
289 280 14 14
290 284 14 14
290 280 14 14
291 284 14 14
291 285 14 14
292 282 14 14
292 290 14 14
293 284 14 14
293 292 14 14
294 293 14 14
294 282 14 14
295 282 14 14
295 292 14 14
296 281 14 14
296 287 14 14
297 294 14 14
297 295 14 14
298 281 14 14
298 286 14 14
299 281 14 14
299 289 14 14
280 286 14 14
280 293 14 14
281 290 14 14
281 292 14 14
302 301 15 15
302 300 15 15
303 302 15 15
303 301 15 15
304 303 15 15
304 300 15 15
305 302 15 15
305 303 15 15
306 304 15 15
306 303 15 15
307 305 15 15
307 302 15 15
308 306 15 15
308 307 15 15
309 307 15 15
309 308 15 15
310 306 15 15
310 308 15 15
311 306 15 15
311 308 15 15
312 308 15 15
312 302 15 15
313 305 15 15
313 303 15 15
314 308 15 15
314 310 15 15
315 311 15 15
315 313 15 15
316 301 15 15
316 310 15 15
317 307 15 15
317 301 15 15
318 300 15 15
318 314 15 15
319 315 15 15
319 303 15 15
300 319 15 15
300 313 15 15
301 307 15 15
301 312 15 15
46 34 2 1
49 9 2 0
77 7 3 0
60 29 3 1
84 62 4 3
87 24 4 1
106 33 5 1
101 76 5 3
121 101 6 5
129 8 6 0
152 4 7 0
146 55 7 2
160 44 8 2
163 156 8 7
183 45 9 2
194 5 9 0
217 196 10 9
217 81 10 4
227 22 11 1
232 1 11 0
245 232 12 11
242 28 12 1
270 15 13 0
271 250 13 12
283 0 14 0
290 156 14 7
308 237 15 11
307 154 15 7
10 255 0 12
18 208 0 10
34 209 1 10
34 185 1 9
