swNum = 320
edgeNum = 672

0 0
1 0
2 0
3 0
4 0
5 0
6 0
7 0
8 0
9 0
10 0
11 0
12 0
13 0
14 0
15 0
16 0
17 0
18 0
19 0
20 1
21 1
22 1
23 1
24 1
25 1
26 1
27 1
28 1
29 1
30 1
31 1
32 1
33 1
34 1
35 1
36 1
37 1
38 1
39 1
40 2
41 2
42 2
43 2
44 2
45 2
46 2
47 2
48 2
49 2
50 2
51 2
52 2
53 2
54 2
55 2
56 2
57 2
58 2
59 2
60 3
61 3
62 3
63 3
64 3
65 3
66 3
67 3
68 3
69 3
70 3
71 3
72 3
73 3
74 3
75 3
76 3
77 3
78 3
79 3
80 4
81 4
82 4
83 4
84 4
85 4
86 4
87 4
88 4
89 4
90 4
91 4
92 4
93 4
94 4
95 4
96 4
97 4
98 4
99 4
100 5
101 5
102 5
103 5
104 5
105 5
106 5
107 5
108 5
109 5
110 5
111 5
112 5
113 5
114 5
115 5
116 5
117 5
118 5
119 5
120 6
121 6
122 6
123 6
124 6
125 6
126 6
127 6
128 6
129 6
130 6
131 6
132 6
133 6
134 6
135 6
136 6
137 6
138 6
139 6
140 7
141 7
142 7
143 7
144 7
145 7
146 7
147 7
148 7
149 7
150 7
151 7
152 7
153 7
154 7
155 7
156 7
157 7
158 7
159 7
160 8
161 8
162 8
163 8
164 8
165 8
166 8
167 8
168 8
169 8
170 8
171 8
172 8
173 8
174 8
175 8
176 8
177 8
178 8
179 8
180 9
181 9
182 9
183 9
184 9
185 9
186 9
187 9
188 9
189 9
190 9
191 9
192 9
193 9
194 9
195 9
196 9
197 9
198 9
199 9
200 10
201 10
202 10
203 10
204 10
205 10
206 10
207 10
208 10
209 10
210 10
211 10
212 10
213 10
214 10
215 10
216 10
217 10
218 10
219 10
220 11
221 11
222 11
223 11
224 11
225 11
226 11
227 11
228 11
229 11
230 11
231 11
232 11
233 11
234 11
235 11
236 11
237 11
238 11
239 11
240 12
241 12
242 12
243 12
244 12
245 12
246 12
247 12
248 12
249 12
250 12
251 12
252 12
253 12
254 12
255 12
256 12
257 12
258 12
259 12
260 13
261 13
262 13
263 13
264 13
265 13
266 13
267 13
268 13
269 13
270 13
271 13
272 13
273 13
274 13
275 13
276 13
277 13
278 13
279 13
280 14
281 14
282 14
283 14
284 14
285 14
286 14
287 14
288 14
289 14
290 14
291 14
292 14
293 14
294 14
295 14
296 14
297 14
298 14
299 14
300 15
301 15
302 15
303 15
304 15
305 15
306 15
307 15
308 15
309 15
310 15
311 15
312 15
313 15
314 15
315 15
316 15
317 15
318 15
319 15

2 0 0 0
2 1 0 0
3 2 0 0
3 0 0 0
4 0 0 0
4 2 0 0
5 4 0 0
5 2 0 0
6 1 0 0
6 5 0 0
7 4 0 0
7 0 0 0
8 0 0 0
8 6 0 0
9 0 0 0
9 3 0 0
10 6 0 0
10 4 0 0
11 6 0 0
11 10 0 0
12 2 0 0
12 0 0 0
13 0 0 0
13 12 0 0
14 2 0 0
14 9 0 0
15 11 0 0
15 4 0 0
16 1 0 0
16 6 0 0
17 8 0 0
17 4 0 0
18 17 0 0
18 15 0 0
19 7 0 0
19 18 0 0
0 17 0 0
0 14 0 0
1 18 0 0
1 11 0 0
22 20 1 1
22 21 1 1
23 20 1 1
23 21 1 1
24 21 1 1
24 23 1 1
25 22 1 1
25 23 1 1
26 22 1 1
26 25 1 1
27 20 1 1
27 24 1 1
28 23 1 1
28 24 1 1
29 23 1 1
29 24 1 1
30 22 1 1
30 20 1 1
31 20 1 1
31 24 1 1
32 28 1 1
32 23 1 1
33 24 1 1
33 28 1 1
34 23 1 1
34 22 1 1
35 26 1 1
35 31 1 1
36 35 1 1
36 31 1 1
37 36 1 1
37 28 1 1
38 37 1 1
38 30 1 1
39 25 1 1
39 21 1 1
20 35 1 1
20 26 1 1
21 37 1 1
21 29 1 1
42 41 2 2
42 40 2 2
43 40 2 2
43 41 2 2
44 43 2 2
44 42 2 2
45 43 2 2
45 44 2 2
46 40 2 2
46 45 2 2
47 42 2 2
47 41 2 2
48 46 2 2
48 42 2 2
49 44 2 2
49 40 2 2
50 43 2 2
50 44 2 2
51 48 2 2
51 47 2 2
52 49 2 2
52 42 2 2
53 47 2 2
53 52 2 2
54 40 2 2
54 49 2 2
55 49 2 2
55 47 2 2
56 47 2 2
56 49 2 2
57 44 2 2
57 46 2 2
58 46 2 2
58 55 2 2
59 49 2 2
59 56 2 2
40 47 2 2
40 55 2 2
41 57 2 2
41 56 2 2
62 60 3 3
62 61 3 3
63 60 3 3
63 61 3 3
64 60 3 3
64 62 3 3
65 63 3 3
65 61 3 3
66 61 3 3
66 64 3 3
67 63 3 3
67 65 3 3
68 63 3 3
68 65 3 3
69 62 3 3
69 67 3 3
70 69 3 3
70 64 3 3
71 65 3 3
71 70 3 3
72 63 3 3
72 71 3 3
73 60 3 3
73 64 3 3
74 64 3 3
74 73 3 3
75 61 3 3
75 60 3 3
76 73 3 3
76 68 3 3
77 69 3 3
77 73 3 3
78 66 3 3
78 75 3 3
79 66 3 3
79 75 3 3
60 66 3 3
60 74 3 3
61 78 3 3
61 79 3 3
82 80 4 4
82 81 4 4
83 81 4 4
83 80 4 4
84 83 4 4
84 81 4 4
85 82 4 4
85 81 4 4
86 81 4 4
86 85 4 4
87 86 4 4
87 83 4 4
88 82 4 4
88 80 4 4
89 80 4 4
89 86 4 4
90 85 4 4
90 80 4 4
91 85 4 4
91 89 4 4
92 85 4 4
92 90 4 4
93 81 4 4
93 83 4 4
94 80 4 4
94 85 4 4
95 89 4 4
95 86 4 4
96 92 4 4
96 88 4 4
97 82 4 4
97 95 4 4
98 92 4 4
98 94 4 4
99 92 4 4
99 85 4 4
80 91 4 4
80 98 4 4
81 91 4 4
81 92 4 4
102 101 5 5
102 100 5 5
103 102 5 5
103 101 5 5
104 102 5 5
104 100 5 5
105 102 5 5
105 103 5 5
106 104 5 5
106 103 5 5
107 105 5 5
107 104 5 5
108 103 5 5
108 105 5 5
109 107 5 5
109 103 5 5
110 101 5 5
110 107 5 5
111 107 5 5
111 101 5 5
112 106 5 5
112 103 5 5
113 105 5 5
113 100 5 5
114 104 5 5
114 103 5 5
115 111 5 5
115 110 5 5
116 102 5 5
116 103 5 5
117 102 5 5
117 104 5 5
118 113 5 5
118 116 5 5
119 108 5 5
119 105 5 5
100 111 5 5
100 105 5 5
101 106 5 5
101 112 5 5
122 121 6 6
122 120 6 6
123 121 6 6
123 120 6 6
124 122 6 6
124 123 6 6
125 123 6 6
125 122 6 6
126 123 6 6
126 124 6 6
127 122 6 6
127 120 6 6
128 122 6 6
128 124 6 6
129 125 6 6
129 122 6 6
130 124 6 6
130 120 6 6
131 123 6 6
131 122 6 6
132 127 6 6
132 131 6 6
133 127 6 6
133 128 6 6
134 128 6 6
134 133 6 6
135 134 6 6
135 120 6 6
136 131 6 6
136 127 6 6
137 121 6 6
137 124 6 6
138 132 6 6
138 129 6 6
139 129 6 6
139 138 6 6
120 139 6 6
120 138 6 6
121 131 6 6
121 125 6 6
142 141 7 7
142 140 7 7
143 141 7 7
143 140 7 7
144 142 7 7
144 143 7 7
145 143 7 7
145 140 7 7
146 142 7 7
146 141 7 7
147 145 7 7
147 146 7 7
148 142 7 7
148 146 7 7
149 144 7 7
149 142 7 7
150 141 7 7
150 143 7 7
151 141 7 7
151 149 7 7
152 146 7 7
152 140 7 7
153 144 7 7
153 149 7 7
154 147 7 7
154 145 7 7
155 153 7 7
155 145 7 7
156 146 7 7
156 153 7 7
157 149 7 7
157 146 7 7
158 157 7 7
158 149 7 7
159 155 7 7
159 156 7 7
140 149 7 7
140 158 7 7
141 144 7 7
141 159 7 7
162 160 8 8
162 161 8 8
163 162 8 8
163 160 8 8
164 160 8 8
164 163 8 8
165 162 8 8
165 163 8 8
166 160 8 8
166 164 8 8
167 165 8 8
167 162 8 8
168 161 8 8
168 162 8 8
169 162 8 8
169 161 8 8
170 168 8 8
170 163 8 8
171 166 8 8
171 167 8 8
172 165 8 8
172 169 8 8
173 163 8 8
173 167 8 8
174 165 8 8
174 172 8 8
175 169 8 8
175 171 8 8
176 167 8 8
176 168 8 8
177 169 8 8
177 167 8 8
178 163 8 8
178 175 8 8
179 163 8 8
179 170 8 8
160 172 8 8
160 177 8 8
161 175 8 8
161 165 8 8
182 181 9 9
182 180 9 9
183 182 9 9
183 181 9 9
184 183 9 9
184 180 9 9
185 182 9 9
185 180 9 9
186 182 9 9
186 183 9 9
187 186 9 9
187 184 9 9
188 181 9 9
188 182 9 9
189 180 9 9
189 185 9 9
190 180 9 9
190 189 9 9
191 184 9 9
191 185 9 9
192 191 9 9
192 185 9 9
193 183 9 9
193 192 9 9
194 190 9 9
194 185 9 9
195 182 9 9
195 185 9 9
196 182 9 9
196 186 9 9
197 190 9 9
197 185 9 9
198 182 9 9
198 190 9 9
199 196 9 9
199 189 9 9
180 199 9 9
180 186 9 9
181 196 9 9
181 187 9 9
202 201 10 10
202 200 10 10
203 201 10 10
203 200 10 10
204 200 10 10
204 202 10 10
205 204 10 10
205 200 10 10
206 200 10 10
206 203 10 10
207 205 10 10
207 200 10 10
208 202 10 10
208 204 10 10
209 203 10 10
209 201 10 10
210 209 10 10
210 203 10 10
211 210 10 10
211 207 10 10
212 201 10 10
212 211 10 10
213 205 10 10
213 204 10 10
214 206 10 10
214 205 10 10
215 214 10 10
215 211 10 10
216 203 10 10
216 200 10 10
217 210 10 10
217 202 10 10
218 213 10 10
218 214 10 10
219 206 10 10
219 216 10 10
200 210 10 10
200 215 10 10
201 219 10 10
201 216 10 10
222 221 11 11
222 220 11 11
223 220 11 11
223 222 11 11
224 221 11 11
224 223 11 11
225 222 11 11
225 220 11 11
226 223 11 11
226 221 11 11
227 226 11 11
227 224 11 11
228 224 11 11
228 222 11 11
229 222 11 11
229 221 11 11
230 226 11 11
230 227 11 11
231 228 11 11
231 223 11 11
232 221 11 11
232 225 11 11
233 223 11 11
233 221 11 11
234 222 11 11
234 229 11 11
235 221 11 11
235 232 11 11
236 225 11 11
236 224 11 11
237 230 11 11
237 233 11 11
238 227 11 11
238 228 11 11
239 237 11 11
239 236 11 11
220 233 11 11
220 239 11 11
221 228 11 11
221 234 11 11
242 241 12 12
242 240 12 12
243 240 12 12
243 241 12 12
244 240 12 12
244 243 12 12
245 241 12 12
245 244 12 12
246 243 12 12
246 240 12 12
247 240 12 12
247 241 12 12
248 243 12 12
248 246 12 12
249 245 12 12
249 246 12 12
250 248 12 12
250 242 12 12
251 249 12 12
251 246 12 12
252 245 12 12
252 251 12 12
253 250 12 12
253 241 12 12
254 240 12 12
254 253 12 12
255 243 12 12
255 253 12 12
256 242 12 12
256 253 12 12
257 255 12 12
257 243 12 12
258 244 12 12
258 241 12 12
259 250 12 12
259 244 12 12
240 253 12 12
240 257 12 12
241 250 12 12
241 244 12 12
262 260 13 13
262 261 13 13
263 262 13 13
263 261 13 13
264 263 13 13
264 260 13 13
265 261 13 13
265 263 13 13
266 262 13 13
266 261 13 13
267 262 13 13
267 260 13 13
268 261 13 13
268 262 13 13
269 263 13 13
269 265 13 13
270 268 13 13
270 266 13 13
271 266 13 13
271 264 13 13
272 265 13 13
272 266 13 13
273 267 13 13
273 270 13 13
274 268 13 13
274 265 13 13
275 263 13 13
275 273 13 13
276 267 13 13
276 268 13 13
277 269 13 13
277 273 13 13
278 276 13 13
278 261 13 13
279 273 13 13
279 277 13 13
260 279 13 13
260 276 13 13
261 273 13 13
261 276 13 13
282 280 14 14
282 281 14 14
283 280 14 14
283 282 14 14
284 283 14 14
284 282 14 14
285 280 14 14
285 281 14 14
286 284 14 14
286 282 14 14
287 281 14 14
287 282 14 14
288 282 14 14
288 281 14 14
289 282 14 14
289 285 14 14
290 283 14 14
290 285 14 14
291 285 14 14
291 286 14 14
292 280 14 14
292 283 14 14
293 289 14 14
293 292 14 14
294 283 14 14
294 287 14 14
295 289 14 14
295 286 14 14
296 293 14 14
296 295 14 14
297 280 14 14
297 292 14 14
298 288 14 14
298 281 14 14
299 291 14 14
299 280 14 14
280 287 14 14
280 289 14 14
281 293 14 14
281 289 14 14
302 301 15 15
302 300 15 15
303 302 15 15
303 301 15 15
304 302 15 15
304 300 15 15
305 301 15 15
305 300 15 15
306 305 15 15
306 301 15 15
307 301 15 15
307 305 15 15
308 301 15 15
308 300 15 15
309 300 15 15
309 308 15 15
310 303 15 15
310 309 15 15
311 304 15 15
311 307 15 15
312 308 15 15
312 304 15 15
313 307 15 15
313 300 15 15
314 313 15 15
314 300 15 15
315 300 15 15
315 301 15 15
316 313 15 15
316 306 15 15
317 303 15 15
317 310 15 15
318 303 15 15
318 300 15 15
319 306 15 15
319 307 15 15
300 306 15 15
300 316 15 15
301 316 15 15
301 310 15 15
56 15 2 0
43 25 2 1
68 17 3 0
64 55 3 2
81 75 4 3
89 56 4 2
116 30 5 1
114 45 5 2
133 55 6 2
134 22 6 1
152 78 7 3
157 109 7 5
177 62 8 3
163 126 8 6
197 37 9 1
192 94 9 4
215 105 10 5
209 120 10 6
229 74 11 3
230 11 11 0
259 121 12 6
244 50 12 2
268 2 13 0
271 222 13 11
290 174 14 8
289 244 14 12
313 119 15 5
310 139 15 6
15 111 0 5
4 92 0 4
37 309 1 15
26 289 1 14
