swNum = 320
edgeNum = 672

0 0
1 0
2 0
3 0
4 0
5 0
6 0
7 0
8 0
9 0
10 0
11 0
12 0
13 0
14 0
15 0
16 0
17 0
18 0
19 0
20 1
21 1
22 1
23 1
24 1
25 1
26 1
27 1
28 1
29 1
30 1
31 1
32 1
33 1
34 1
35 1
36 1
37 1
38 1
39 1
40 2
41 2
42 2
43 2
44 2
45 2
46 2
47 2
48 2
49 2
50 2
51 2
52 2
53 2
54 2
55 2
56 2
57 2
58 2
59 2
60 3
61 3
62 3
63 3
64 3
65 3
66 3
67 3
68 3
69 3
70 3
71 3
72 3
73 3
74 3
75 3
76 3
77 3
78 3
79 3
80 4
81 4
82 4
83 4
84 4
85 4
86 4
87 4
88 4
89 4
90 4
91 4
92 4
93 4
94 4
95 4
96 4
97 4
98 4
99 4
100 5
101 5
102 5
103 5
104 5
105 5
106 5
107 5
108 5
109 5
110 5
111 5
112 5
113 5
114 5
115 5
116 5
117 5
118 5
119 5
120 6
121 6
122 6
123 6
124 6
125 6
126 6
127 6
128 6
129 6
130 6
131 6
132 6
133 6
134 6
135 6
136 6
137 6
138 6
139 6
140 7
141 7
142 7
143 7
144 7
145 7
146 7
147 7
148 7
149 7
150 7
151 7
152 7
153 7
154 7
155 7
156 7
157 7
158 7
159 7
160 8
161 8
162 8
163 8
164 8
165 8
166 8
167 8
168 8
169 8
170 8
171 8
172 8
173 8
174 8
175 8
176 8
177 8
178 8
179 8
180 9
181 9
182 9
183 9
184 9
185 9
186 9
187 9
188 9
189 9
190 9
191 9
192 9
193 9
194 9
195 9
196 9
197 9
198 9
199 9
200 10
201 10
202 10
203 10
204 10
205 10
206 10
207 10
208 10
209 10
210 10
211 10
212 10
213 10
214 10
215 10
216 10
217 10
218 10
219 10
220 11
221 11
222 11
223 11
224 11
225 11
226 11
227 11
228 11
229 11
230 11
231 11
232 11
233 11
234 11
235 11
236 11
237 11
238 11
239 11
240 12
241 12
242 12
243 12
244 12
245 12
246 12
247 12
248 12
249 12
250 12
251 12
252 12
253 12
254 12
255 12
256 12
257 12
258 12
259 12
260 13
261 13
262 13
263 13
264 13
265 13
266 13
267 13
268 13
269 13
270 13
271 13
272 13
273 13
274 13
275 13
276 13
277 13
278 13
279 13
280 14
281 14
282 14
283 14
284 14
285 14
286 14
287 14
288 14
289 14
290 14
291 14
292 14
293 14
294 14
295 14
296 14
297 14
298 14
299 14
300 15
301 15
302 15
303 15
304 15
305 15
306 15
307 15
308 15
309 15
310 15
311 15
312 15
313 15
314 15
315 15
316 15
317 15
318 15
319 15

2 1 0 0
2 0 0 0
3 1 0 0
3 2 0 0
4 0 0 0
4 2 0 0
5 4 0 0
5 2 0 0
6 0 0 0
6 5 0 0
7 6 0 0
7 4 0 0
8 5 0 0
8 6 0 0
9 8 0 0
9 0 0 0
10 6 0 0
10 3 0 0
11 3 0 0
11 10 0 0
12 0 0 0
12 6 0 0
13 1 0 0
13 10 0 0
14 11 0 0
14 3 0 0
15 0 0 0
15 6 0 0
16 14 0 0
16 13 0 0
17 13 0 0
17 6 0 0
18 16 0 0
18 11 0 0
19 13 0 0
19 16 0 0
0 8 0 0
0 19 0 0
1 8 0 0
1 11 0 0
22 20 1 1
22 21 1 1
23 21 1 1
23 22 1 1
24 23 1 1
24 20 1 1
25 24 1 1
25 23 1 1
26 20 1 1
26 22 1 1
27 24 1 1
27 23 1 1
28 27 1 1
28 25 1 1
29 25 1 1
29 27 1 1
30 24 1 1
30 28 1 1
31 24 1 1
31 23 1 1
32 31 1 1
32 25 1 1
33 29 1 1
33 22 1 1
34 22 1 1
34 20 1 1
35 30 1 1
35 29 1 1
36 31 1 1
36 23 1 1
37 31 1 1
37 23 1 1
38 23 1 1
38 25 1 1
39 28 1 1
39 36 1 1
20 38 1 1
20 36 1 1
21 35 1 1
21 34 1 1
42 40 2 2
42 41 2 2
43 41 2 2
43 40 2 2
44 41 2 2
44 40 2 2
45 44 2 2
45 40 2 2
46 45 2 2
46 40 2 2
47 46 2 2
47 43 2 2
48 42 2 2
48 43 2 2
49 48 2 2
49 42 2 2
50 45 2 2
50 42 2 2
51 48 2 2
51 43 2 2
52 44 2 2
52 46 2 2
53 51 2 2
53 45 2 2
54 43 2 2
54 53 2 2
55 50 2 2
55 49 2 2
56 41 2 2
56 48 2 2
57 45 2 2
57 50 2 2
58 53 2 2
58 57 2 2
59 40 2 2
59 58 2 2
40 58 2 2
40 56 2 2
41 53 2 2
41 52 2 2
62 61 3 3
62 60 3 3
63 61 3 3
63 62 3 3
64 63 3 3
64 60 3 3
65 61 3 3
65 63 3 3
66 60 3 3
66 63 3 3
67 63 3 3
67 60 3 3
68 61 3 3
68 67 3 3
69 63 3 3
69 62 3 3
70 61 3 3
70 68 3 3
71 62 3 3
71 70 3 3
72 71 3 3
72 66 3 3
73 62 3 3
73 66 3 3
74 63 3 3
74 71 3 3
75 70 3 3
75 73 3 3
76 74 3 3
76 68 3 3
77 61 3 3
77 74 3 3
78 64 3 3
78 77 3 3
79 78 3 3
79 70 3 3
60 74 3 3
60 69 3 3
61 78 3 3
61 71 3 3
82 80 4 4
82 81 4 4
83 82 4 4
83 81 4 4
84 82 4 4
84 83 4 4
85 84 4 4
85 81 4 4
86 81 4 4
86 84 4 4
87 80 4 4
87 83 4 4
88 86 4 4
88 83 4 4
89 83 4 4
89 80 4 4
90 89 4 4
90 88 4 4
91 83 4 4
91 81 4 4
92 91 4 4
92 85 4 4
93 87 4 4
93 80 4 4
94 87 4 4
94 90 4 4
95 93 4 4
95 94 4 4
96 83 4 4
96 85 4 4
97 89 4 4
97 85 4 4
98 82 4 4
98 96 4 4
99 83 4 4
99 84 4 4
80 86 4 4
80 85 4 4
81 92 4 4
81 96 4 4
102 100 5 5
102 101 5 5
103 102 5 5
103 100 5 5
104 103 5 5
104 102 5 5
105 101 5 5
105 100 5 5
106 105 5 5
106 102 5 5
107 101 5 5
107 100 5 5
108 102 5 5
108 103 5 5
109 106 5 5
109 100 5 5
110 108 5 5
110 101 5 5
111 110 5 5
111 107 5 5
112 108 5 5
112 100 5 5
113 102 5 5
113 108 5 5
114 100 5 5
114 110 5 5
115 105 5 5
115 107 5 5
116 108 5 5
116 110 5 5
117 106 5 5
117 100 5 5
118 105 5 5
118 103 5 5
119 109 5 5
119 103 5 5
100 104 5 5
100 113 5 5
101 117 5 5
101 118 5 5
122 121 6 6
122 120 6 6
123 122 6 6
123 121 6 6
124 120 6 6
124 123 6 6
125 123 6 6
125 124 6 6
126 122 6 6
126 125 6 6
127 121 6 6
127 126 6 6
128 124 6 6
128 120 6 6
129 120 6 6
129 125 6 6
130 122 6 6
130 121 6 6
131 121 6 6
131 127 6 6
132 123 6 6
132 128 6 6
133 125 6 6
133 124 6 6
134 121 6 6
134 125 6 6
135 133 6 6
135 120 6 6
136 130 6 6
136 120 6 6
137 126 6 6
137 122 6 6
138 132 6 6
138 133 6 6
139 134 6 6
139 123 6 6
120 125 6 6
120 126 6 6
121 132 6 6
121 133 6 6
142 141 7 7
142 140 7 7
143 141 7 7
143 140 7 7
144 142 7 7
144 143 7 7
145 141 7 7
145 143 7 7
146 143 7 7
146 141 7 7
147 141 7 7
147 140 7 7
148 145 7 7
148 141 7 7
149 146 7 7
149 145 7 7
150 148 7 7
150 147 7 7
151 142 7 7
151 148 7 7
152 142 7 7
152 144 7 7
153 150 7 7
153 149 7 7
154 152 7 7
154 142 7 7
155 151 7 7
155 149 7 7
156 151 7 7
156 155 7 7
157 143 7 7
157 151 7 7
158 152 7 7
158 149 7 7
159 143 7 7
159 142 7 7
140 156 7 7
140 149 7 7
141 153 7 7
141 157 7 7
162 160 8 8
162 161 8 8
163 160 8 8
163 161 8 8
164 162 8 8
164 160 8 8
165 164 8 8
165 163 8 8
166 164 8 8
166 165 8 8
167 161 8 8
167 164 8 8
168 163 8 8
168 167 8 8
169 162 8 8
169 163 8 8
170 165 8 8
170 169 8 8
171 170 8 8
171 168 8 8
172 164 8 8
172 170 8 8
173 170 8 8
173 162 8 8
174 170 8 8
174 172 8 8
175 163 8 8
175 171 8 8
176 160 8 8
176 171 8 8
177 172 8 8
177 169 8 8
178 164 8 8
178 174 8 8
179 172 8 8
179 166 8 8
160 175 8 8
160 177 8 8
161 168 8 8
161 169 8 8
182 181 9 9
182 180 9 9
183 181 9 9
183 182 9 9
184 182 9 9
184 180 9 9
185 183 9 9
185 181 9 9
186 181 9 9
186 183 9 9
187 185 9 9
187 181 9 9
188 186 9 9
188 182 9 9
189 185 9 9
189 188 9 9
190 181 9 9
190 188 9 9
191 190 9 9
191 185 9 9
192 188 9 9
192 183 9 9
193 192 9 9
193 187 9 9
194 188 9 9
194 186 9 9
195 191 9 9
195 180 9 9
196 183 9 9
196 190 9 9
197 192 9 9
197 180 9 9
198 193 9 9
198 185 9 9
199 193 9 9
199 180 9 9
180 191 9 9
180 183 9 9
181 196 9 9
181 195 9 9
202 201 10 10
202 200 10 10
203 201 10 10
203 200 10 10
204 203 10 10
204 202 10 10
205 201 10 10
205 200 10 10
206 204 10 10
206 205 10 10
207 206 10 10
207 204 10 10
208 205 10 10
208 204 10 10
209 201 10 10
209 205 10 10
210 208 10 10
210 201 10 10
211 200 10 10
211 202 10 10
212 205 10 10
212 203 10 10
213 207 10 10
213 205 10 10
214 213 10 10
214 212 10 10
215 209 10 10
215 205 10 10
216 207 10 10
216 203 10 10
217 215 10 10
217 202 10 10
218 212 10 10
218 208 10 10
219 201 10 10
219 202 10 10
200 215 10 10
200 219 10 10
201 216 10 10
201 206 10 10
222 221 11 11
222 220 11 11
223 221 11 11
223 222 11 11
224 222 11 11
224 221 11 11
225 223 11 11
225 221 11 11
226 224 11 11
226 223 11 11
227 221 11 11
227 225 11 11
228 222 11 11
228 220 11 11
229 221 11 11
229 228 11 11
230 224 11 11
230 227 11 11
231 225 11 11
231 230 11 11
232 227 11 11
232 220 11 11
233 227 11 11
233 220 11 11
234 232 11 11
234 229 11 11
235 221 11 11
235 226 11 11
236 235 11 11
236 234 11 11
237 231 11 11
237 227 11 11
238 223 11 11
238 228 11 11
239 228 11 11
239 224 11 11
220 229 11 11
220 225 11 11
221 228 11 11
221 231 11 11
242 241 12 12
242 240 12 12
243 241 12 12
243 240 12 12
244 242 12 12
244 240 12 12
245 240 12 12
245 243 12 12
246 242 12 12
246 244 12 12
247 241 12 12
247 242 12 12
248 246 12 12
248 242 12 12
249 244 12 12
249 245 12 12
250 244 12 12
250 245 12 12
251 244 12 12
251 243 12 12
252 248 12 12
252 250 12 12
253 249 12 12
253 243 12 12
254 241 12 12
254 247 12 12
255 253 12 12
255 241 12 12
256 246 12 12
256 241 12 12
257 252 12 12
257 246 12 12
258 242 12 12
258 251 12 12
259 246 12 12
259 258 12 12
240 258 12 12
240 253 12 12
241 252 12 12
241 259 12 12
262 261 13 13
262 260 13 13
263 262 13 13
263 261 13 13
264 262 13 13
264 263 13 13
265 260 13 13
265 261 13 13
266 261 13 13
266 265 13 13
267 263 13 13
267 260 13 13
268 264 13 13
268 261 13 13
269 266 13 13
269 261 13 13
270 262 13 13
270 264 13 13
271 270 13 13
271 260 13 13
272 265 13 13
272 268 13 13
273 271 13 13
273 269 13 13
274 264 13 13
274 270 13 13
275 264 13 13
275 268 13 13
276 262 13 13
276 274 13 13
277 274 13 13
277 262 13 13
278 260 13 13
278 271 13 13
279 262 13 13
279 275 13 13
260 268 13 13
260 263 13 13
261 267 13 13
261 275 13 13
282 280 14 14
282 281 14 14
283 282 14 14
283 281 14 14
284 281 14 14
284 280 14 14
285 280 14 14
285 284 14 14
286 282 14 14
286 285 14 14
287 285 14 14
287 283 14 14
288 284 14 14
288 283 14 14
289 288 14 14
289 283 14 14
290 288 14 14
290 287 14 14
291 290 14 14
291 288 14 14
292 290 14 14
292 281 14 14
293 290 14 14
293 292 14 14
294 285 14 14
294 284 14 14
295 293 14 14
295 287 14 14
296 282 14 14
296 291 14 14
297 295 14 14
297 294 14 14
298 285 14 14
298 292 14 14
299 290 14 14
299 287 14 14
280 299 14 14
280 290 14 14
281 294 14 14
281 298 14 14
302 301 15 15
302 300 15 15
303 300 15 15
303 302 15 15
304 303 15 15
304 300 15 15
305 300 15 15
305 303 15 15
306 303 15 15
306 304 15 15
307 304 15 15
307 306 15 15
308 301 15 15
308 302 15 15
309 303 15 15
309 304 15 15
310 309 15 15
310 302 15 15
311 306 15 15
311 308 15 15
312 305 15 15
312 311 15 15
313 304 15 15
313 309 15 15
314 310 15 15
314 307 15 15
315 302 15 15
315 314 15 15
316 311 15 15
316 301 15 15
317 315 15 15
317 305 15 15
318 314 15 15
318 311 15 15
319 317 15 15
319 316 15 15
300 317 15 15
300 314 15 15
301 315 15 15
301 319 15 15
45 19 2 0
56 24 2 1
68 5 3 0
64 40 3 2
83 44 4 2
83 20 4 1
105 71 5 3
116 35 5 1
138 82 6 4
125 56 6 2
156 121 7 6
153 9 7 0
165 132 8 6
162 21 8 1
198 118 9 5
184 157 9 7
203 35 10 1
211 134 10 6
220 187 11 9
228 102 11 5
240 53 12 2
240 95 12 4
263 178 13 8
263 108 13 5
286 51 14 2
292 165 14 8
305 222 15 11
311 149 15 7
7 289 0 14
0 86 0 4
22 196 1 9
20 73 1 3
