swNum = 320
edgeNum = 672

0 0
1 0
2 0
3 0
4 0
5 0
6 0
7 0
8 0
9 0
10 0
11 0
12 0
13 0
14 0
15 0
16 0
17 0
18 0
19 0
20 1
21 1
22 1
23 1
24 1
25 1
26 1
27 1
28 1
29 1
30 1
31 1
32 1
33 1
34 1
35 1
36 1
37 1
38 1
39 1
40 2
41 2
42 2
43 2
44 2
45 2
46 2
47 2
48 2
49 2
50 2
51 2
52 2
53 2
54 2
55 2
56 2
57 2
58 2
59 2
60 3
61 3
62 3
63 3
64 3
65 3
66 3
67 3
68 3
69 3
70 3
71 3
72 3
73 3
74 3
75 3
76 3
77 3
78 3
79 3
80 4
81 4
82 4
83 4
84 4
85 4
86 4
87 4
88 4
89 4
90 4
91 4
92 4
93 4
94 4
95 4
96 4
97 4
98 4
99 4
100 5
101 5
102 5
103 5
104 5
105 5
106 5
107 5
108 5
109 5
110 5
111 5
112 5
113 5
114 5
115 5
116 5
117 5
118 5
119 5
120 6
121 6
122 6
123 6
124 6
125 6
126 6
127 6
128 6
129 6
130 6
131 6
132 6
133 6
134 6
135 6
136 6
137 6
138 6
139 6
140 7
141 7
142 7
143 7
144 7
145 7
146 7
147 7
148 7
149 7
150 7
151 7
152 7
153 7
154 7
155 7
156 7
157 7
158 7
159 7
160 8
161 8
162 8
163 8
164 8
165 8
166 8
167 8
168 8
169 8
170 8
171 8
172 8
173 8
174 8
175 8
176 8
177 8
178 8
179 8
180 9
181 9
182 9
183 9
184 9
185 9
186 9
187 9
188 9
189 9
190 9
191 9
192 9
193 9
194 9
195 9
196 9
197 9
198 9
199 9
200 10
201 10
202 10
203 10
204 10
205 10
206 10
207 10
208 10
209 10
210 10
211 10
212 10
213 10
214 10
215 10
216 10
217 10
218 10
219 10
220 11
221 11
222 11
223 11
224 11
225 11
226 11
227 11
228 11
229 11
230 11
231 11
232 11
233 11
234 11
235 11
236 11
237 11
238 11
239 11
240 12
241 12
242 12
243 12
244 12
245 12
246 12
247 12
248 12
249 12
250 12
251 12
252 12
253 12
254 12
255 12
256 12
257 12
258 12
259 12
260 13
261 13
262 13
263 13
264 13
265 13
266 13
267 13
268 13
269 13
270 13
271 13
272 13
273 13
274 13
275 13
276 13
277 13
278 13
279 13
280 14
281 14
282 14
283 14
284 14
285 14
286 14
287 14
288 14
289 14
290 14
291 14
292 14
293 14
294 14
295 14
296 14
297 14
298 14
299 14
300 15
301 15
302 15
303 15
304 15
305 15
306 15
307 15
308 15
309 15
310 15
311 15
312 15
313 15
314 15
315 15
316 15
317 15
318 15
319 15

2 1 0 0
2 0 0 0
3 0 0 0
3 1 0 0
4 2 0 0
4 0 0 0
5 0 0 0
5 4 0 0
6 3 0 0
6 4 0 0
7 3 0 0
7 2 0 0
8 4 0 0
8 5 0 0
9 1 0 0
9 4 0 0
10 1 0 0
10 6 0 0
11 0 0 0
11 10 0 0
12 3 0 0
12 7 0 0
13 8 0 0
13 4 0 0
14 2 0 0
14 7 0 0
15 7 0 0
15 5 0 0
16 8 0 0
16 14 0 0
17 16 0 0
17 2 0 0
18 14 0 0
18 1 0 0
19 0 0 0
19 5 0 0
0 7 0 0
0 14 0 0
1 4 0 0
1 5 0 0
22 20 1 1
22 21 1 1
23 22 1 1
23 21 1 1
24 22 1 1
24 20 1 1
25 21 1 1
25 23 1 1
26 22 1 1
26 23 1 1
27 25 1 1
27 22 1 1
28 22 1 1
28 26 1 1
29 20 1 1
29 21 1 1
30 23 1 1
30 27 1 1
31 26 1 1
31 28 1 1
32 27 1 1
32 22 1 1
33 30 1 1
33 27 1 1
34 27 1 1
34 31 1 1
35 34 1 1
35 26 1 1
36 35 1 1
36 29 1 1
37 35 1 1
37 24 1 1
38 27 1 1
38 32 1 1
39 35 1 1
39 26 1 1
20 25 1 1
20 39 1 1
21 27 1 1
21 37 1 1
42 41 2 2
42 40 2 2
43 41 2 2
43 42 2 2
44 42 2 2
44 40 2 2
45 44 2 2
45 42 2 2
46 40 2 2
46 43 2 2
47 42 2 2
47 45 2 2
48 40 2 2
48 43 2 2
49 46 2 2
49 45 2 2
50 49 2 2
50 42 2 2
51 50 2 2
51 49 2 2
52 47 2 2
52 49 2 2
53 52 2 2
53 40 2 2
54 51 2 2
54 50 2 2
55 42 2 2
55 49 2 2
56 42 2 2
56 41 2 2
57 53 2 2
57 52 2 2
58 54 2 2
58 53 2 2
59 41 2 2
59 50 2 2
40 50 2 2
40 52 2 2
41 52 2 2
41 55 2 2
62 61 3 3
62 60 3 3
63 62 3 3
63 60 3 3
64 60 3 3
64 63 3 3
65 64 3 3
65 62 3 3
66 60 3 3
66 63 3 3
67 63 3 3
67 62 3 3
68 62 3 3
68 64 3 3
69 62 3 3
69 60 3 3
70 68 3 3
70 65 3 3
71 60 3 3
71 67 3 3
72 69 3 3
72 60 3 3
73 72 3 3
73 69 3 3
74 64 3 3
74 65 3 3
75 72 3 3
75 62 3 3
76 72 3 3
76 71 3 3
77 63 3 3
77 76 3 3
78 71 3 3
78 61 3 3
79 77 3 3
79 67 3 3
60 78 3 3
60 65 3 3
61 75 3 3
61 63 3 3
82 80 4 4
82 81 4 4
83 80 4 4
83 82 4 4
84 80 4 4
84 83 4 4
85 81 4 4
85 84 4 4
86 83 4 4
86 85 4 4
87 85 4 4
87 86 4 4
88 80 4 4
88 84 4 4
89 80 4 4
89 86 4 4
90 88 4 4
90 82 4 4
91 83 4 4
91 88 4 4
92 84 4 4
92 91 4 4
93 91 4 4
93 84 4 4
94 80 4 4
94 81 4 4
95 85 4 4
95 81 4 4
96 86 4 4
96 93 4 4
97 88 4 4
97 89 4 4
98 91 4 4
98 90 4 4
99 89 4 4
99 92 4 4
80 96 4 4
80 98 4 4
81 91 4 4
81 92 4 4
102 101 5 5
102 100 5 5
103 101 5 5
103 102 5 5
104 102 5 5
104 101 5 5
105 103 5 5
105 100 5 5
106 103 5 5
106 104 5 5
107 106 5 5
107 100 5 5
108 101 5 5
108 107 5 5
109 100 5 5
109 101 5 5
110 104 5 5
110 109 5 5
111 104 5 5
111 109 5 5
112 101 5 5
112 102 5 5
113 100 5 5
113 105 5 5
114 110 5 5
114 108 5 5
115 107 5 5
115 113 5 5
116 113 5 5
116 105 5 5
117 110 5 5
117 116 5 5
118 113 5 5
118 105 5 5
119 115 5 5
119 101 5 5
100 114 5 5
100 112 5 5
101 105 5 5
101 114 5 5
122 120 6 6
122 121 6 6
123 122 6 6
123 120 6 6
124 121 6 6
124 123 6 6
125 120 6 6
125 121 6 6
126 123 6 6
126 122 6 6
127 122 6 6
127 120 6 6
128 124 6 6
128 123 6 6
129 122 6 6
129 125 6 6
130 126 6 6
130 128 6 6
131 128 6 6
131 127 6 6
132 131 6 6
132 120 6 6
133 130 6 6
133 123 6 6
134 123 6 6
134 131 6 6
135 123 6 6
135 131 6 6
136 125 6 6
136 127 6 6
137 125 6 6
137 123 6 6
138 137 6 6
138 120 6 6
139 123 6 6
139 134 6 6
120 133 6 6
120 136 6 6
121 136 6 6
121 128 6 6
142 141 7 7
142 140 7 7
143 141 7 7
143 140 7 7
144 140 7 7
144 141 7 7
145 141 7 7
145 143 7 7
146 143 7 7
146 140 7 7
147 146 7 7
147 145 7 7
148 143 7 7
148 140 7 7
149 141 7 7
149 145 7 7
150 144 7 7
150 148 7 7
151 144 7 7
151 149 7 7
152 149 7 7
152 146 7 7
153 149 7 7
153 151 7 7
154 150 7 7
154 145 7 7
155 151 7 7
155 153 7 7
156 141 7 7
156 147 7 7
157 147 7 7
157 152 7 7
158 141 7 7
158 143 7 7
159 154 7 7
159 141 7 7
140 147 7 7
140 149 7 7
141 151 7 7
141 148 7 7
162 161 8 8
162 160 8 8
163 162 8 8
163 160 8 8
164 161 8 8
164 163 8 8
165 160 8 8
165 164 8 8
166 161 8 8
166 160 8 8
167 163 8 8
167 160 8 8
168 163 8 8
168 160 8 8
169 165 8 8
169 163 8 8
170 162 8 8
170 166 8 8
171 168 8 8
171 166 8 8
172 168 8 8
172 162 8 8
173 170 8 8
173 168 8 8
174 167 8 8
174 162 8 8
175 162 8 8
175 170 8 8
176 173 8 8
176 165 8 8
177 166 8 8
177 173 8 8
178 171 8 8
178 168 8 8
179 161 8 8
179 166 8 8
160 172 8 8
160 174 8 8
161 165 8 8
161 168 8 8
182 180 9 9
182 181 9 9
183 182 9 9
183 181 9 9
184 181 9 9
184 180 9 9
185 181 9 9
185 180 9 9
186 181 9 9
186 184 9 9
187 183 9 9
187 184 9 9
188 181 9 9
188 184 9 9
189 184 9 9
189 187 9 9
190 184 9 9
190 187 9 9
191 188 9 9
191 184 9 9
192 184 9 9
192 181 9 9
193 185 9 9
193 189 9 9
194 180 9 9
194 181 9 9
195 182 9 9
195 191 9 9
196 180 9 9
196 189 9 9
197 186 9 9
197 194 9 9
198 181 9 9
198 184 9 9
199 190 9 9
199 186 9 9
180 193 9 9
180 186 9 9
181 190 9 9
181 193 9 9
202 200 10 10
202 201 10 10
203 202 10 10
203 201 10 10
204 202 10 10
204 203 10 10
205 203 10 10
205 200 10 10
206 202 10 10
206 201 10 10
207 201 10 10
207 205 10 10
208 207 10 10
208 205 10 10
209 207 10 10
209 200 10 10
210 200 10 10
210 206 10 10
211 200 10 10
211 206 10 10
212 205 10 10
212 209 10 10
213 212 10 10
213 204 10 10
214 206 10 10
214 201 10 10
215 207 10 10
215 211 10 10
216 215 10 10
216 207 10 10
217 206 10 10
217 201 10 10
218 212 10 10
218 214 10 10
219 200 10 10
219 206 10 10
200 204 10 10
200 213 10 10
201 209 10 10
201 212 10 10
222 221 11 11
222 220 11 11
223 220 11 11
223 221 11 11
224 221 11 11
224 223 11 11
225 221 11 11
225 222 11 11
226 220 11 11
226 223 11 11
227 224 11 11
227 221 11 11
228 224 11 11
228 227 11 11
229 220 11 11
229 224 11 11
230 224 11 11
230 229 11 11
231 222 11 11
231 221 11 11
232 223 11 11
232 220 11 11
233 232 11 11
233 228 11 11
234 232 11 11
234 228 11 11
235 220 11 11
235 231 11 11
236 221 11 11
236 232 11 11
237 230 11 11
237 224 11 11
238 224 11 11
238 237 11 11
239 233 11 11
239 234 11 11
220 238 11 11
220 233 11 11
221 239 11 11
221 235 11 11
242 241 12 12
242 240 12 12
243 240 12 12
243 242 12 12
244 241 12 12
244 243 12 12
245 243 12 12
245 241 12 12
246 243 12 12
246 241 12 12
247 246 12 12
247 240 12 12
248 246 12 12
248 247 12 12
249 244 12 12
249 243 12 12
250 244 12 12
250 243 12 12
251 249 12 12
251 245 12 12
252 246 12 12
252 242 12 12
253 246 12 12
253 251 12 12
254 243 12 12
254 249 12 12
255 250 12 12
255 243 12 12
256 244 12 12
256 245 12 12
257 256 12 12
257 251 12 12
258 246 12 12
258 256 12 12
259 248 12 12
259 244 12 12
240 244 12 12
240 250 12 12
241 250 12 12
241 243 12 12
262 261 13 13
262 260 13 13
263 260 13 13
263 261 13 13
264 261 13 13
264 260 13 13
265 261 13 13
265 260 13 13
266 261 13 13
266 265 13 13
267 260 13 13
267 263 13 13
268 263 13 13
268 261 13 13
269 263 13 13
269 266 13 13
270 265 13 13
270 264 13 13
271 261 13 13
271 260 13 13
272 262 13 13
272 266 13 13
273 270 13 13
273 260 13 13
274 261 13 13
274 267 13 13
275 272 13 13
275 265 13 13
276 260 13 13
276 269 13 13
277 268 13 13
277 267 13 13
278 277 13 13
278 271 13 13
279 272 13 13
279 261 13 13
260 270 13 13
260 274 13 13
261 275 13 13
261 277 13 13
282 281 14 14
282 280 14 14
283 280 14 14
283 281 14 14
284 280 14 14
284 282 14 14
285 280 14 14
285 281 14 14
286 282 14 14
286 281 14 14
287 286 14 14
287 283 14 14
288 286 14 14
288 283 14 14
289 286 14 14
289 287 14 14
290 283 14 14
290 285 14 14
291 280 14 14
291 282 14 14
292 284 14 14
292 290 14 14
293 282 14 14
293 291 14 14
294 286 14 14
294 290 14 14
295 291 14 14
295 280 14 14
296 290 14 14
296 280 14 14
297 280 14 14
297 290 14 14
298 296 14 14
298 292 14 14
299 289 14 14
299 284 14 14
280 299 14 14
280 292 14 14
281 297 14 14
281 284 14 14
302 300 15 15
302 301 15 15
303 301 15 15
303 302 15 15
304 303 15 15
304 302 15 15
305 304 15 15
305 302 15 15
306 300 15 15
306 305 15 15
307 306 15 15
307 303 15 15
308 300 15 15
308 301 15 15
309 304 15 15
309 308 15 15
310 308 15 15
310 303 15 15
311 304 15 15
311 309 15 15
312 306 15 15
312 301 15 15
313 306 15 15
313 300 15 15
314 311 15 15
314 309 15 15
315 304 15 15
315 309 15 15
316 304 15 15
316 305 15 15
317 316 15 15
317 315 15 15
318 306 15 15
318 301 15 15
319 300 15 15
319 301 15 15
300 317 15 15
300 314 15 15
301 315 15 15
301 311 15 15
41 29 2 1
45 14 2 0
61 23 3 1
73 54 3 2
99 59 4 2
84 73 4 3
117 34 5 1
107 11 5 0
125 57 6 2
138 77 6 3
157 72 7 3
153 8 7 0
175 111 8 5
169 16 8 0
183 46 9 2
192 26 9 1
210 40 10 2
203 124 10 6
239 113 11 5
227 11 11 0
242 111 12 5
258 85 12 4
261 201 13 10
268 156 13 7
282 273 14 13
286 60 14 3
300 282 15 14
317 66 15 3
18 96 0 4
7 124 0 6
26 218 1 10
21 243 1 12
