swNum = 320
edgeNum = 672

0 0
1 0
2 0
3 0
4 0
5 0
6 0
7 0
8 0
9 0
10 0
11 0
12 0
13 0
14 0
15 0
16 0
17 0
18 0
19 0
20 1
21 1
22 1
23 1
24 1
25 1
26 1
27 1
28 1
29 1
30 1
31 1
32 1
33 1
34 1
35 1
36 1
37 1
38 1
39 1
40 2
41 2
42 2
43 2
44 2
45 2
46 2
47 2
48 2
49 2
50 2
51 2
52 2
53 2
54 2
55 2
56 2
57 2
58 2
59 2
60 3
61 3
62 3
63 3
64 3
65 3
66 3
67 3
68 3
69 3
70 3
71 3
72 3
73 3
74 3
75 3
76 3
77 3
78 3
79 3
80 4
81 4
82 4
83 4
84 4
85 4
86 4
87 4
88 4
89 4
90 4
91 4
92 4
93 4
94 4
95 4
96 4
97 4
98 4
99 4
100 5
101 5
102 5
103 5
104 5
105 5
106 5
107 5
108 5
109 5
110 5
111 5
112 5
113 5
114 5
115 5
116 5
117 5
118 5
119 5
120 6
121 6
122 6
123 6
124 6
125 6
126 6
127 6
128 6
129 6
130 6
131 6
132 6
133 6
134 6
135 6
136 6
137 6
138 6
139 6
140 7
141 7
142 7
143 7
144 7
145 7
146 7
147 7
148 7
149 7
150 7
151 7
152 7
153 7
154 7
155 7
156 7
157 7
158 7
159 7
160 8
161 8
162 8
163 8
164 8
165 8
166 8
167 8
168 8
169 8
170 8
171 8
172 8
173 8
174 8
175 8
176 8
177 8
178 8
179 8
180 9
181 9
182 9
183 9
184 9
185 9
186 9
187 9
188 9
189 9
190 9
191 9
192 9
193 9
194 9
195 9
196 9
197 9
198 9
199 9
200 10
201 10
202 10
203 10
204 10
205 10
206 10
207 10
208 10
209 10
210 10
211 10
212 10
213 10
214 10
215 10
216 10
217 10
218 10
219 10
220 11
221 11
222 11
223 11
224 11
225 11
226 11
227 11
228 11
229 11
230 11
231 11
232 11
233 11
234 11
235 11
236 11
237 11
238 11
239 11
240 12
241 12
242 12
243 12
244 12
245 12
246 12
247 12
248 12
249 12
250 12
251 12
252 12
253 12
254 12
255 12
256 12
257 12
258 12
259 12
260 13
261 13
262 13
263 13
264 13
265 13
266 13
267 13
268 13
269 13
270 13
271 13
272 13
273 13
274 13
275 13
276 13
277 13
278 13
279 13
280 14
281 14
282 14
283 14
284 14
285 14
286 14
287 14
288 14
289 14
290 14
291 14
292 14
293 14
294 14
295 14
296 14
297 14
298 14
299 14
300 15
301 15
302 15
303 15
304 15
305 15
306 15
307 15
308 15
309 15
310 15
311 15
312 15
313 15
314 15
315 15
316 15
317 15
318 15
319 15

2 1 0 0
2 0 0 0
3 2 0 0
3 1 0 0
4 1 0 0
4 0 0 0
5 3 0 0
5 1 0 0
6 1 0 0
6 2 0 0
7 6 0 0
7 1 0 0
8 1 0 0
8 4 0 0
9 5 0 0
9 6 0 0
10 7 0 0
10 3 0 0
11 3 0 0
11 5 0 0
12 2 0 0
12 7 0 0
13 9 0 0
13 5 0 0
14 3 0 0
14 8 0 0
15 2 0 0
15 6 0 0
16 1 0 0
16 12 0 0
17 16 0 0
17 12 0 0
18 9 0 0
18 1 0 0
19 15 0 0
19 2 0 0
0 10 0 0
0 7 0 0
1 9 0 0
1 14 0 0
22 21 1 1
22 20 1 1
23 21 1 1
23 22 1 1
24 20 1 1
24 22 1 1
25 22 1 1
25 23 1 1
26 23 1 1
26 25 1 1
27 26 1 1
27 23 1 1
28 25 1 1
28 20 1 1
29 20 1 1
29 21 1 1
30 25 1 1
30 23 1 1
31 22 1 1
31 20 1 1
32 31 1 1
32 21 1 1
33 31 1 1
33 27 1 1
34 24 1 1
34 27 1 1
35 33 1 1
35 23 1 1
36 26 1 1
36 28 1 1
37 20 1 1
37 25 1 1
38 32 1 1
38 28 1 1
39 34 1 1
39 24 1 1
20 23 1 1
20 36 1 1
21 33 1 1
21 25 1 1
42 40 2 2
42 41 2 2
43 42 2 2
43 40 2 2
44 40 2 2
44 42 2 2
45 40 2 2
45 43 2 2
46 40 2 2
46 42 2 2
47 40 2 2
47 43 2 2
48 42 2 2
48 45 2 2
49 44 2 2
49 45 2 2
50 49 2 2
50 48 2 2
51 41 2 2
51 47 2 2
52 42 2 2
52 40 2 2
53 42 2 2
53 48 2 2
54 40 2 2
54 44 2 2
55 53 2 2
55 46 2 2
56 46 2 2
56 41 2 2
57 46 2 2
57 50 2 2
58 50 2 2
58 40 2 2
59 53 2 2
59 48 2 2
40 48 2 2
40 51 2 2
41 54 2 2
41 57 2 2
62 61 3 3
62 60 3 3
63 62 3 3
63 60 3 3
64 63 3 3
64 62 3 3
65 63 3 3
65 62 3 3
66 62 3 3
66 60 3 3
67 63 3 3
67 61 3 3
68 62 3 3
68 63 3 3
69 65 3 3
69 63 3 3
70 61 3 3
70 60 3 3
71 69 3 3
71 67 3 3
72 69 3 3
72 62 3 3
73 66 3 3
73 67 3 3
74 63 3 3
74 61 3 3
75 62 3 3
75 73 3 3
76 74 3 3
76 73 3 3
77 64 3 3
77 65 3 3
78 75 3 3
78 62 3 3
79 60 3 3
79 64 3 3
60 72 3 3
60 75 3 3
61 78 3 3
61 77 3 3
82 80 4 4
82 81 4 4
83 80 4 4
83 82 4 4
84 82 4 4
84 80 4 4
85 80 4 4
85 84 4 4
86 80 4 4
86 81 4 4
87 86 4 4
87 81 4 4
88 84 4 4
88 86 4 4
89 88 4 4
89 84 4 4
90 83 4 4
90 82 4 4
91 83 4 4
91 90 4 4
92 82 4 4
92 84 4 4
93 88 4 4
93 89 4 4
94 92 4 4
94 93 4 4
95 86 4 4
95 91 4 4
96 95 4 4
96 85 4 4
97 92 4 4
97 88 4 4
98 90 4 4
98 89 4 4
99 97 4 4
99 93 4 4
80 95 4 4
80 96 4 4
81 83 4 4
81 89 4 4
102 100 5 5
102 101 5 5
103 102 5 5
103 100 5 5
104 102 5 5
104 103 5 5
105 101 5 5
105 104 5 5
106 101 5 5
106 100 5 5
107 102 5 5
107 104 5 5
108 103 5 5
108 100 5 5
109 101 5 5
109 105 5 5
110 100 5 5
110 109 5 5
111 109 5 5
111 102 5 5
112 105 5 5
112 110 5 5
113 112 5 5
113 111 5 5
114 111 5 5
114 110 5 5
115 103 5 5
115 109 5 5
116 113 5 5
116 103 5 5
117 107 5 5
117 103 5 5
118 114 5 5
118 110 5 5
119 109 5 5
119 103 5 5
100 118 5 5
100 111 5 5
101 103 5 5
101 113 5 5
122 121 6 6
122 120 6 6
123 122 6 6
123 121 6 6
124 121 6 6
124 122 6 6
125 120 6 6
125 122 6 6
126 121 6 6
126 124 6 6
127 125 6 6
127 122 6 6
128 127 6 6
128 120 6 6
129 125 6 6
129 126 6 6
130 125 6 6
130 129 6 6
131 130 6 6
131 121 6 6
132 124 6 6
132 125 6 6
133 123 6 6
133 121 6 6
134 121 6 6
134 132 6 6
135 132 6 6
135 133 6 6
136 134 6 6
136 131 6 6
137 125 6 6
137 123 6 6
138 121 6 6
138 128 6 6
139 129 6 6
139 122 6 6
120 130 6 6
120 136 6 6
121 137 6 6
121 125 6 6
142 140 7 7
142 141 7 7
143 140 7 7
143 141 7 7
144 141 7 7
144 143 7 7
145 144 7 7
145 140 7 7
146 143 7 7
146 141 7 7
147 142 7 7
147 145 7 7
148 147 7 7
148 141 7 7
149 146 7 7
149 144 7 7
150 145 7 7
150 143 7 7
151 143 7 7
151 148 7 7
152 146 7 7
152 142 7 7
153 143 7 7
153 150 7 7
154 141 7 7
154 143 7 7
155 147 7 7
155 144 7 7
156 152 7 7
156 140 7 7
157 142 7 7
157 154 7 7
158 152 7 7
158 141 7 7
159 145 7 7
159 140 7 7
140 146 7 7
140 148 7 7
141 152 7 7
141 149 7 7
162 160 8 8
162 161 8 8
163 160 8 8
163 161 8 8
164 163 8 8
164 160 8 8
165 163 8 8
165 162 8 8
166 160 8 8
166 163 8 8
167 166 8 8
167 164 8 8
168 161 8 8
168 164 8 8
169 166 8 8
169 161 8 8
170 163 8 8
170 161 8 8
171 162 8 8
171 165 8 8
172 162 8 8
172 165 8 8
173 162 8 8
173 166 8 8
174 165 8 8
174 163 8 8
175 160 8 8
175 168 8 8
176 169 8 8
176 170 8 8
177 176 8 8
177 165 8 8
178 160 8 8
178 175 8 8
179 167 8 8
179 161 8 8
160 174 8 8
160 173 8 8
161 176 8 8
161 177 8 8
182 180 9 9
182 181 9 9
183 180 9 9
183 181 9 9
184 182 9 9
184 183 9 9
185 181 9 9
185 183 9 9
186 182 9 9
186 183 9 9
187 183 9 9
187 185 9 9
188 187 9 9
188 184 9 9
189 181 9 9
189 184 9 9
190 185 9 9
190 180 9 9
191 185 9 9
191 189 9 9
192 190 9 9
192 183 9 9
193 181 9 9
193 188 9 9
194 180 9 9
194 189 9 9
195 187 9 9
195 188 9 9
196 188 9 9
196 195 9 9
197 188 9 9
197 192 9 9
198 186 9 9
198 195 9 9
199 180 9 9
199 195 9 9
180 186 9 9
180 184 9 9
181 196 9 9
181 197 9 9
202 201 10 10
202 200 10 10
203 202 10 10
203 200 10 10
204 202 10 10
204 203 10 10
205 204 10 10
205 201 10 10
206 202 10 10
206 204 10 10
207 203 10 10
207 204 10 10
208 201 10 10
208 202 10 10
209 200 10 10
209 201 10 10
210 206 10 10
210 200 10 10
211 208 10 10
211 200 10 10
212 205 10 10
212 210 10 10
213 205 10 10
213 203 10 10
214 204 10 10
214 208 10 10
215 204 10 10
215 203 10 10
216 203 10 10
216 215 10 10
217 212 10 10
217 211 10 10
218 214 10 10
218 208 10 10
219 204 10 10
219 206 10 10
200 208 10 10
200 204 10 10
201 211 10 10
201 213 10 10
222 221 11 11
222 220 11 11
223 222 11 11
223 221 11 11
224 220 11 11
224 222 11 11
225 221 11 11
225 220 11 11
226 222 11 11
226 221 11 11
227 226 11 11
227 224 11 11
228 226 11 11
228 222 11 11
229 223 11 11
229 224 11 11
230 222 11 11
230 226 11 11
231 227 11 11
231 224 11 11
232 224 11 11
232 229 11 11
233 229 11 11
233 230 11 11
234 225 11 11
234 221 11 11
235 223 11 11
235 224 11 11
236 224 11 11
236 234 11 11
237 226 11 11
237 233 11 11
238 237 11 11
238 220 11 11
239 224 11 11
239 222 11 11
220 229 11 11
220 235 11 11
221 232 11 11
221 236 11 11
242 240 12 12
242 241 12 12
243 241 12 12
243 240 12 12
244 242 12 12
244 243 12 12
245 242 12 12
245 244 12 12
246 245 12 12
246 240 12 12
247 243 12 12
247 246 12 12
248 247 12 12
248 242 12 12
249 247 12 12
249 240 12 12
250 242 12 12
250 247 12 12
251 245 12 12
251 240 12 12
252 242 12 12
252 250 12 12
253 252 12 12
253 247 12 12
254 253 12 12
254 244 12 12
255 243 12 12
255 241 12 12
256 253 12 12
256 254 12 12
257 253 12 12
257 252 12 12
258 249 12 12
258 241 12 12
259 255 12 12
259 256 12 12
240 247 12 12
240 257 12 12
241 246 12 12
241 259 12 12
262 261 13 13
262 260 13 13
263 260 13 13
263 262 13 13
264 263 13 13
264 262 13 13
265 262 13 13
265 261 13 13
266 264 13 13
266 263 13 13
267 265 13 13
267 264 13 13
268 262 13 13
268 267 13 13
269 267 13 13
269 261 13 13
270 263 13 13
270 266 13 13
271 269 13 13
271 264 13 13
272 270 13 13
272 267 13 13
273 261 13 13
273 265 13 13
274 269 13 13
274 266 13 13
275 274 13 13
275 260 13 13
276 275 13 13
276 271 13 13
277 272 13 13
277 264 13 13
278 276 13 13
278 267 13 13
279 264 13 13
279 277 13 13
260 264 13 13
260 274 13 13
261 277 13 13
261 267 13 13
282 281 14 14
282 280 14 14
283 281 14 14
283 282 14 14
284 282 14 14
284 283 14 14
285 282 14 14
285 283 14 14
286 280 14 14
286 282 14 14
287 285 14 14
287 284 14 14
288 285 14 14
288 282 14 14
289 287 14 14
289 280 14 14
290 289 14 14
290 283 14 14
291 285 14 14
291 284 14 14
292 281 14 14
292 288 14 14
293 292 14 14
293 289 14 14
294 288 14 14
294 285 14 14
295 292 14 14
295 280 14 14
296 280 14 14
296 291 14 14
297 282 14 14
297 284 14 14
298 281 14 14
298 295 14 14
299 292 14 14
299 285 14 14
280 285 14 14
280 287 14 14
281 293 14 14
281 287 14 14
302 300 15 15
302 301 15 15
303 301 15 15
303 300 15 15
304 301 15 15
304 302 15 15
305 300 15 15
305 304 15 15
306 304 15 15
306 300 15 15
307 305 15 15
307 301 15 15
308 300 15 15
308 303 15 15
309 305 15 15
309 304 15 15
310 309 15 15
310 301 15 15
311 304 15 15
311 310 15 15
312 309 15 15
312 300 15 15
313 300 15 15
313 308 15 15
314 310 15 15
314 311 15 15
315 309 15 15
315 304 15 15
316 306 15 15
316 308 15 15
317 316 15 15
317 304 15 15
318 314 15 15
318 301 15 15
319 310 15 15
319 308 15 15
300 315 15 15
300 316 15 15
301 319 15 15
301 315 15 15
52 38 2 1
55 12 2 0
77 2 3 0
70 43 3 2
92 27 4 1
96 47 4 2
102 93 5 4
118 24 5 1
137 4 6 0
124 50 6 2
155 80 7 4
146 47 7 2
160 122 8 6
178 154 8 7
189 143 9 7
186 28 9 1
219 83 10 4
208 126 10 6
235 212 11 10
223 76 11 3
252 0 12 0
250 237 12 11
264 168 13 8
269 124 13 6
293 253 14 12
292 79 14 3
300 191 15 9
305 165 15 8
3 227 0 11
4 285 0 14
28 152 1 7
24 268 1 13
