swNum = 320
edgeNum = 672

0 0
1 0
2 0
3 0
4 0
5 0
6 0
7 0
8 0
9 0
10 0
11 0
12 0
13 0
14 0
15 0
16 0
17 0
18 0
19 0
20 1
21 1
22 1
23 1
24 1
25 1
26 1
27 1
28 1
29 1
30 1
31 1
32 1
33 1
34 1
35 1
36 1
37 1
38 1
39 1
40 2
41 2
42 2
43 2
44 2
45 2
46 2
47 2
48 2
49 2
50 2
51 2
52 2
53 2
54 2
55 2
56 2
57 2
58 2
59 2
60 3
61 3
62 3
63 3
64 3
65 3
66 3
67 3
68 3
69 3
70 3
71 3
72 3
73 3
74 3
75 3
76 3
77 3
78 3
79 3
80 4
81 4
82 4
83 4
84 4
85 4
86 4
87 4
88 4
89 4
90 4
91 4
92 4
93 4
94 4
95 4
96 4
97 4
98 4
99 4
100 5
101 5
102 5
103 5
104 5
105 5
106 5
107 5
108 5
109 5
110 5
111 5
112 5
113 5
114 5
115 5
116 5
117 5
118 5
119 5
120 6
121 6
122 6
123 6
124 6
125 6
126 6
127 6
128 6
129 6
130 6
131 6
132 6
133 6
134 6
135 6
136 6
137 6
138 6
139 6
140 7
141 7
142 7
143 7
144 7
145 7
146 7
147 7
148 7
149 7
150 7
151 7
152 7
153 7
154 7
155 7
156 7
157 7
158 7
159 7
160 8
161 8
162 8
163 8
164 8
165 8
166 8
167 8
168 8
169 8
170 8
171 8
172 8
173 8
174 8
175 8
176 8
177 8
178 8
179 8
180 9
181 9
182 9
183 9
184 9
185 9
186 9
187 9
188 9
189 9
190 9
191 9
192 9
193 9
194 9
195 9
196 9
197 9
198 9
199 9
200 10
201 10
202 10
203 10
204 10
205 10
206 10
207 10
208 10
209 10
210 10
211 10
212 10
213 10
214 10
215 10
216 10
217 10
218 10
219 10
220 11
221 11
222 11
223 11
224 11
225 11
226 11
227 11
228 11
229 11
230 11
231 11
232 11
233 11
234 11
235 11
236 11
237 11
238 11
239 11
240 12
241 12
242 12
243 12
244 12
245 12
246 12
247 12
248 12
249 12
250 12
251 12
252 12
253 12
254 12
255 12
256 12
257 12
258 12
259 12
260 13
261 13
262 13
263 13
264 13
265 13
266 13
267 13
268 13
269 13
270 13
271 13
272 13
273 13
274 13
275 13
276 13
277 13
278 13
279 13
280 14
281 14
282 14
283 14
284 14
285 14
286 14
287 14
288 14
289 14
290 14
291 14
292 14
293 14
294 14
295 14
296 14
297 14
298 14
299 14
300 15
301 15
302 15
303 15
304 15
305 15
306 15
307 15
308 15
309 15
310 15
311 15
312 15
313 15
314 15
315 15
316 15
317 15
318 15
319 15

2 0 0 0
2 1 0 0
3 2 0 0
3 1 0 0
4 2 0 0
4 3 0 0
5 1 0 0
5 0 0 0
6 3 0 0
6 4 0 0
7 1 0 0
7 0 0 0
8 5 0 0
8 4 0 0
9 0 0 0
9 3 0 0
10 1 0 0
10 4 0 0
11 0 0 0
11 7 0 0
12 9 0 0
12 11 0 0
13 12 0 0
13 10 0 0
14 12 0 0
14 8 0 0
15 0 0 0
15 9 0 0
16 8 0 0
16 13 0 0
17 14 0 0
17 5 0 0
18 6 0 0
18 1 0 0
19 11 0 0
19 10 0 0
0 19 0 0
0 14 0 0
1 6 0 0
1 4 0 0
22 21 1 1
22 20 1 1
23 20 1 1
23 22 1 1
24 21 1 1
24 22 1 1
25 22 1 1
25 24 1 1
26 21 1 1
26 22 1 1
27 23 1 1
27 26 1 1
28 22 1 1
28 25 1 1
29 21 1 1
29 22 1 1
30 29 1 1
30 24 1 1
31 25 1 1
31 28 1 1
32 28 1 1
32 20 1 1
33 21 1 1
33 32 1 1
34 28 1 1
34 22 1 1
35 34 1 1
35 22 1 1
36 22 1 1
36 20 1 1
37 31 1 1
37 24 1 1
38 32 1 1
38 29 1 1
39 28 1 1
39 37 1 1
20 33 1 1
20 31 1 1
21 25 1 1
21 30 1 1
42 41 2 2
42 40 2 2
43 40 2 2
43 41 2 2
44 43 2 2
44 40 2 2
45 41 2 2
45 44 2 2
46 45 2 2
46 44 2 2
47 42 2 2
47 43 2 2
48 42 2 2
48 46 2 2
49 46 2 2
49 43 2 2
50 44 2 2
50 48 2 2
51 43 2 2
51 48 2 2
52 46 2 2
52 47 2 2
53 46 2 2
53 52 2 2
54 45 2 2
54 51 2 2
55 45 2 2
55 47 2 2
56 54 2 2
56 46 2 2
57 48 2 2
57 47 2 2
58 42 2 2
58 50 2 2
59 50 2 2
59 52 2 2
40 48 2 2
40 56 2 2
41 52 2 2
41 46 2 2
62 60 3 3
62 61 3 3
63 62 3 3
63 60 3 3
64 63 3 3
64 60 3 3
65 64 3 3
65 62 3 3
66 60 3 3
66 65 3 3
67 64 3 3
67 60 3 3
68 60 3 3
68 61 3 3
69 61 3 3
69 64 3 3
70 68 3 3
70 65 3 3
71 63 3 3
71 68 3 3
72 65 3 3
72 63 3 3
73 67 3 3
73 63 3 3
74 67 3 3
74 70 3 3
75 63 3 3
75 64 3 3
76 65 3 3
76 63 3 3
77 65 3 3
77 69 3 3
78 60 3 3
78 66 3 3
79 64 3 3
79 60 3 3
60 69 3 3
60 76 3 3
61 77 3 3
61 70 3 3
82 80 4 4
82 81 4 4
83 81 4 4
83 80 4 4
84 82 4 4
84 80 4 4
85 83 4 4
85 80 4 4
86 80 4 4
86 85 4 4
87 86 4 4
87 85 4 4
88 85 4 4
88 80 4 4
89 85 4 4
89 87 4 4
90 84 4 4
90 83 4 4
91 89 4 4
91 87 4 4
92 81 4 4
92 88 4 4
93 83 4 4
93 89 4 4
94 90 4 4
94 93 4 4
95 87 4 4
95 89 4 4
96 91 4 4
96 92 4 4
97 85 4 4
97 81 4 4
98 86 4 4
98 93 4 4
99 98 4 4
99 94 4 4
80 89 4 4
80 90 4 4
81 84 4 4
81 88 4 4
102 101 5 5
102 100 5 5
103 102 5 5
103 101 5 5
104 100 5 5
104 101 5 5
105 101 5 5
105 104 5 5
106 103 5 5
106 104 5 5
107 100 5 5
107 101 5 5
108 100 5 5
108 107 5 5
109 108 5 5
109 107 5 5
110 107 5 5
110 108 5 5
111 103 5 5
111 104 5 5
112 110 5 5
112 105 5 5
113 109 5 5
113 103 5 5
114 112 5 5
114 106 5 5
115 111 5 5
115 103 5 5
116 100 5 5
116 113 5 5
117 104 5 5
117 108 5 5
118 110 5 5
118 112 5 5
119 111 5 5
119 112 5 5
100 113 5 5
100 103 5 5
101 106 5 5
101 110 5 5
122 120 6 6
122 121 6 6
123 122 6 6
123 120 6 6
124 120 6 6
124 121 6 6
125 120 6 6
125 121 6 6
126 125 6 6
126 120 6 6
127 124 6 6
127 121 6 6
128 126 6 6
128 122 6 6
129 125 6 6
129 120 6 6
130 126 6 6
130 120 6 6
131 130 6 6
131 128 6 6
132 129 6 6
132 126 6 6
133 125 6 6
133 127 6 6
134 133 6 6
134 125 6 6
135 130 6 6
135 133 6 6
136 126 6 6
136 133 6 6
137 131 6 6
137 121 6 6
138 121 6 6
138 127 6 6
139 121 6 6
139 127 6 6
120 132 6 6
120 128 6 6
121 130 6 6
121 134 6 6
142 141 7 7
142 140 7 7
143 140 7 7
143 141 7 7
144 141 7 7
144 140 7 7
145 141 7 7
145 142 7 7
146 140 7 7
146 144 7 7
147 143 7 7
147 140 7 7
148 143 7 7
148 140 7 7
149 141 7 7
149 145 7 7
150 142 7 7
150 149 7 7
151 140 7 7
151 143 7 7
152 143 7 7
152 151 7 7
153 145 7 7
153 141 7 7
154 143 7 7
154 153 7 7
155 153 7 7
155 152 7 7
156 141 7 7
156 145 7 7
157 147 7 7
157 144 7 7
158 140 7 7
158 142 7 7
159 141 7 7
159 144 7 7
140 156 7 7
140 150 7 7
141 152 7 7
141 146 7 7
162 161 8 8
162 160 8 8
163 162 8 8
163 161 8 8
164 163 8 8
164 162 8 8
165 164 8 8
165 161 8 8
166 161 8 8
166 165 8 8
167 161 8 8
167 162 8 8
168 164 8 8
168 161 8 8
169 164 8 8
169 161 8 8
170 167 8 8
170 163 8 8
171 170 8 8
171 166 8 8
172 168 8 8
172 163 8 8
173 164 8 8
173 165 8 8
174 161 8 8
174 168 8 8
175 166 8 8
175 170 8 8
176 168 8 8
176 162 8 8
177 164 8 8
177 165 8 8
178 161 8 8
178 171 8 8
179 168 8 8
179 175 8 8
160 176 8 8
160 174 8 8
161 164 8 8
161 175 8 8
182 180 9 9
182 181 9 9
183 180 9 9
183 182 9 9
184 182 9 9
184 180 9 9
185 181 9 9
185 182 9 9
186 182 9 9
186 185 9 9
187 185 9 9
187 181 9 9
188 180 9 9
188 186 9 9
189 180 9 9
189 182 9 9
190 182 9 9
190 188 9 9
191 188 9 9
191 187 9 9
192 191 9 9
192 182 9 9
193 187 9 9
193 188 9 9
194 185 9 9
194 193 9 9
195 189 9 9
195 194 9 9
196 194 9 9
196 187 9 9
197 190 9 9
197 188 9 9
198 180 9 9
198 190 9 9
199 192 9 9
199 187 9 9
180 194 9 9
180 186 9 9
181 196 9 9
181 192 9 9
202 201 10 10
202 200 10 10
203 202 10 10
203 200 10 10
204 201 10 10
204 200 10 10
205 203 10 10
205 202 10 10
206 201 10 10
206 204 10 10
207 202 10 10
207 205 10 10
208 207 10 10
208 202 10 10
209 204 10 10
209 208 10 10
210 201 10 10
210 208 10 10
211 202 10 10
211 208 10 10
212 210 10 10
212 203 10 10
213 205 10 10
213 204 10 10
214 204 10 10
214 210 10 10
215 209 10 10
215 200 10 10
216 200 10 10
216 210 10 10
217 212 10 10
217 202 10 10
218 201 10 10
218 206 10 10
219 210 10 10
219 211 10 10
200 214 10 10
200 206 10 10
201 215 10 10
201 203 10 10
222 220 11 11
222 221 11 11
223 221 11 11
223 222 11 11
224 221 11 11
224 222 11 11
225 223 11 11
225 221 11 11
226 224 11 11
226 221 11 11
227 225 11 11
227 224 11 11
228 227 11 11
228 221 11 11
229 223 11 11
229 228 11 11
230 224 11 11
230 221 11 11
231 223 11 11
231 230 11 11
232 224 11 11
232 220 11 11
233 228 11 11
233 224 11 11
234 230 11 11
234 231 11 11
235 226 11 11
235 230 11 11
236 226 11 11
236 228 11 11
237 228 11 11
237 225 11 11
238 225 11 11
238 230 11 11
239 236 11 11
239 229 11 11
220 224 11 11
220 236 11 11
221 237 11 11
221 231 11 11
242 241 12 12
242 240 12 12
243 240 12 12
243 241 12 12
244 241 12 12
244 240 12 12
245 241 12 12
245 243 12 12
246 242 12 12
246 244 12 12
247 245 12 12
247 240 12 12
248 246 12 12
248 242 12 12
249 246 12 12
249 243 12 12
250 246 12 12
250 241 12 12
251 245 12 12
251 240 12 12
252 242 12 12
252 248 12 12
253 248 12 12
253 249 12 12
254 252 12 12
254 250 12 12
255 248 12 12
255 252 12 12
256 245 12 12
256 250 12 12
257 252 12 12
257 254 12 12
258 252 12 12
258 248 12 12
259 244 12 12
259 250 12 12
240 254 12 12
240 253 12 12
241 254 12 12
241 246 12 12
262 261 13 13
262 260 13 13
263 261 13 13
263 260 13 13
264 260 13 13
264 262 13 13
265 261 13 13
265 264 13 13
266 263 13 13
266 260 13 13
267 262 13 13
267 263 13 13
268 265 13 13
268 263 13 13
269 266 13 13
269 263 13 13
270 267 13 13
270 265 13 13
271 264 13 13
271 263 13 13
272 267 13 13
272 262 13 13
273 269 13 13
273 262 13 13
274 260 13 13
274 270 13 13
275 268 13 13
275 271 13 13
276 262 13 13
276 275 13 13
277 266 13 13
277 264 13 13
278 269 13 13
278 276 13 13
279 260 13 13
279 274 13 13
260 267 13 13
260 269 13 13
261 276 13 13
261 264 13 13
282 281 14 14
282 280 14 14
283 282 14 14
283 281 14 14
284 280 14 14
284 282 14 14
285 283 14 14
285 282 14 14
286 285 14 14
286 283 14 14
287 284 14 14
287 281 14 14
288 285 14 14
288 286 14 14
289 283 14 14
289 288 14 14
290 286 14 14
290 288 14 14
291 289 14 14
291 286 14 14
292 282 14 14
292 285 14 14
293 292 14 14
293 286 14 14
294 290 14 14
294 285 14 14
295 289 14 14
295 288 14 14
296 285 14 14
296 288 14 14
297 282 14 14
297 292 14 14
298 297 14 14
298 289 14 14
299 289 14 14
299 283 14 14
280 288 14 14
280 293 14 14
281 294 14 14
281 299 14 14
302 301 15 15
302 300 15 15
303 301 15 15
303 302 15 15
304 303 15 15
304 301 15 15
305 303 15 15
305 301 15 15
306 300 15 15
306 302 15 15
307 301 15 15
307 305 15 15
308 300 15 15
308 302 15 15
309 301 15 15
309 303 15 15
310 300 15 15
310 303 15 15
311 309 15 15
311 302 15 15
312 308 15 15
312 307 15 15
313 310 15 15
313 300 15 15
314 311 15 15
314 304 15 15
315 313 15 15
315 312 15 15
316 303 15 15
316 313 15 15
317 315 15 15
317 316 15 15
318 310 15 15
318 306 15 15
319 307 15 15
319 313 15 15
300 317 15 15
300 309 15 15
301 308 15 15
301 316 15 15
52 10 2 0
56 27 2 1
74 43 3 2
72 36 3 1
99 34 4 1
89 73 4 3
116 61 5 3
105 83 5 4
131 51 6 2
137 107 6 5
152 6 7 0
154 126 7 6
170 15 8 0
165 148 8 7
185 32 9 1
195 103 9 5
200 40 10 2
202 115 10 5
231 183 11 9
229 101 11 5
256 200 12 10
255 106 12 5
265 0 13 0
275 206 13 10
282 172 14 8
299 8 14 0
305 28 15 1
311 209 15 10
11 122 0 6
12 314 0 15
35 259 1 12
31 216 1 10
