swNum = 320
edgeNum = 672

0 0
1 0
2 0
3 0
4 0
5 0
6 0
7 0
8 0
9 0
10 0
11 0
12 0
13 0
14 0
15 0
16 0
17 0
18 0
19 0
20 1
21 1
22 1
23 1
24 1
25 1
26 1
27 1
28 1
29 1
30 1
31 1
32 1
33 1
34 1
35 1
36 1
37 1
38 1
39 1
40 2
41 2
42 2
43 2
44 2
45 2
46 2
47 2
48 2
49 2
50 2
51 2
52 2
53 2
54 2
55 2
56 2
57 2
58 2
59 2
60 3
61 3
62 3
63 3
64 3
65 3
66 3
67 3
68 3
69 3
70 3
71 3
72 3
73 3
74 3
75 3
76 3
77 3
78 3
79 3
80 4
81 4
82 4
83 4
84 4
85 4
86 4
87 4
88 4
89 4
90 4
91 4
92 4
93 4
94 4
95 4
96 4
97 4
98 4
99 4
100 5
101 5
102 5
103 5
104 5
105 5
106 5
107 5
108 5
109 5
110 5
111 5
112 5
113 5
114 5
115 5
116 5
117 5
118 5
119 5
120 6
121 6
122 6
123 6
124 6
125 6
126 6
127 6
128 6
129 6
130 6
131 6
132 6
133 6
134 6
135 6
136 6
137 6
138 6
139 6
140 7
141 7
142 7
143 7
144 7
145 7
146 7
147 7
148 7
149 7
150 7
151 7
152 7
153 7
154 7
155 7
156 7
157 7
158 7
159 7
160 8
161 8
162 8
163 8
164 8
165 8
166 8
167 8
168 8
169 8
170 8
171 8
172 8
173 8
174 8
175 8
176 8
177 8
178 8
179 8
180 9
181 9
182 9
183 9
184 9
185 9
186 9
187 9
188 9
189 9
190 9
191 9
192 9
193 9
194 9
195 9
196 9
197 9
198 9
199 9
200 10
201 10
202 10
203 10
204 10
205 10
206 10
207 10
208 10
209 10
210 10
211 10
212 10
213 10
214 10
215 10
216 10
217 10
218 10
219 10
220 11
221 11
222 11
223 11
224 11
225 11
226 11
227 11
228 11
229 11
230 11
231 11
232 11
233 11
234 11
235 11
236 11
237 11
238 11
239 11
240 12
241 12
242 12
243 12
244 12
245 12
246 12
247 12
248 12
249 12
250 12
251 12
252 12
253 12
254 12
255 12
256 12
257 12
258 12
259 12
260 13
261 13
262 13
263 13
264 13
265 13
266 13
267 13
268 13
269 13
270 13
271 13
272 13
273 13
274 13
275 13
276 13
277 13
278 13
279 13
280 14
281 14
282 14
283 14
284 14
285 14
286 14
287 14
288 14
289 14
290 14
291 14
292 14
293 14
294 14
295 14
296 14
297 14
298 14
299 14
300 15
301 15
302 15
303 15
304 15
305 15
306 15
307 15
308 15
309 15
310 15
311 15
312 15
313 15
314 15
315 15
316 15
317 15
318 15
319 15

2 0 0 0
2 1 0 0
3 1 0 0
3 2 0 0
4 3 0 0
4 2 0 0
5 2 0 0
5 1 0 0
6 3 0 0
6 5 0 0
7 2 0 0
7 4 0 0
8 5 0 0
8 1 0 0
9 3 0 0
9 0 0 0
10 4 0 0
10 3 0 0
11 7 0 0
11 4 0 0
12 3 0 0
12 4 0 0
13 4 0 0
13 5 0 0
14 0 0 0
14 4 0 0
15 12 0 0
15 9 0 0
16 6 0 0
16 2 0 0
17 14 0 0
17 16 0 0
18 9 0 0
18 5 0 0
19 12 0 0
19 11 0 0
0 18 0 0
0 10 0 0
1 18 0 0
1 15 0 0
22 21 1 1
22 20 1 1
23 21 1 1
23 20 1 1
24 22 1 1
24 23 1 1
25 21 1 1
25 24 1 1
26 22 1 1
26 20 1 1
27 24 1 1
27 26 1 1
28 26 1 1
28 25 1 1
29 28 1 1
29 23 1 1
30 29 1 1
30 21 1 1
31 24 1 1
31 22 1 1
32 28 1 1
32 21 1 1
33 22 1 1
33 27 1 1
34 32 1 1
34 25 1 1
35 33 1 1
35 27 1 1
36 27 1 1
36 29 1 1
37 23 1 1
37 26 1 1
38 24 1 1
38 22 1 1
39 35 1 1
39 20 1 1
20 38 1 1
20 29 1 1
21 29 1 1
21 38 1 1
42 40 2 2
42 41 2 2
43 42 2 2
43 40 2 2
44 42 2 2
44 40 2 2
45 42 2 2
45 43 2 2
46 45 2 2
46 42 2 2
47 41 2 2
47 45 2 2
48 45 2 2
48 44 2 2
49 40 2 2
49 48 2 2
50 45 2 2
50 47 2 2
51 48 2 2
51 47 2 2
52 48 2 2
52 45 2 2
53 50 2 2
53 47 2 2
54 51 2 2
54 44 2 2
55 40 2 2
55 47 2 2
56 48 2 2
56 52 2 2
57 54 2 2
57 43 2 2
58 57 2 2
58 56 2 2
59 58 2 2
59 57 2 2
40 58 2 2
40 45 2 2
41 51 2 2
41 53 2 2
62 60 3 3
62 61 3 3
63 60 3 3
63 62 3 3
64 62 3 3
64 60 3 3
65 62 3 3
65 63 3 3
66 64 3 3
66 65 3 3
67 61 3 3
67 65 3 3
68 60 3 3
68 63 3 3
69 66 3 3
69 68 3 3
70 61 3 3
70 68 3 3
71 66 3 3
71 62 3 3
72 67 3 3
72 69 3 3
73 69 3 3
73 63 3 3
74 62 3 3
74 66 3 3
75 74 3 3
75 70 3 3
76 60 3 3
76 73 3 3
77 69 3 3
77 61 3 3
78 63 3 3
78 65 3 3
79 75 3 3
79 65 3 3
60 77 3 3
60 74 3 3
61 69 3 3
61 79 3 3
82 81 4 4
82 80 4 4
83 81 4 4
83 80 4 4
84 82 4 4
84 81 4 4
85 84 4 4
85 82 4 4
86 82 4 4
86 83 4 4
87 82 4 4
87 85 4 4
88 81 4 4
88 83 4 4
89 82 4 4
89 87 4 4
90 80 4 4
90 82 4 4
91 84 4 4
91 82 4 4
92 82 4 4
92 80 4 4
93 92 4 4
93 87 4 4
94 89 4 4
94 87 4 4
95 85 4 4
95 84 4 4
96 92 4 4
96 89 4 4
97 95 4 4
97 93 4 4
98 80 4 4
98 87 4 4
99 94 4 4
99 82 4 4
80 86 4 4
80 96 4 4
81 85 4 4
81 97 4 4
102 100 5 5
102 101 5 5
103 101 5 5
103 102 5 5
104 102 5 5
104 101 5 5
105 101 5 5
105 102 5 5
106 100 5 5
106 101 5 5
107 101 5 5
107 104 5 5
108 105 5 5
108 101 5 5
109 101 5 5
109 108 5 5
110 105 5 5
110 101 5 5
111 105 5 5
111 101 5 5
112 107 5 5
112 109 5 5
113 101 5 5
113 102 5 5
114 105 5 5
114 110 5 5
115 107 5 5
115 109 5 5
116 107 5 5
116 109 5 5
117 109 5 5
117 102 5 5
118 101 5 5
118 104 5 5
119 104 5 5
119 111 5 5
100 104 5 5
100 108 5 5
101 114 5 5
101 112 5 5
122 121 6 6
122 120 6 6
123 120 6 6
123 121 6 6
124 123 6 6
124 121 6 6
125 124 6 6
125 123 6 6
126 124 6 6
126 123 6 6
127 121 6 6
127 126 6 6
128 127 6 6
128 120 6 6
129 121 6 6
129 126 6 6
130 126 6 6
130 129 6 6
131 129 6 6
131 120 6 6
132 125 6 6
132 123 6 6
133 123 6 6
133 128 6 6
134 125 6 6
134 123 6 6
135 133 6 6
135 130 6 6
136 129 6 6
136 121 6 6
137 124 6 6
137 132 6 6
138 136 6 6
138 120 6 6
139 123 6 6
139 134 6 6
120 129 6 6
120 133 6 6
121 130 6 6
121 126 6 6
142 140 7 7
142 141 7 7
143 142 7 7
143 141 7 7
144 141 7 7
144 142 7 7
145 144 7 7
145 142 7 7
146 142 7 7
146 140 7 7
147 141 7 7
147 144 7 7
148 141 7 7
148 144 7 7
149 140 7 7
149 145 7 7
150 144 7 7
150 142 7 7
151 149 7 7
151 140 7 7
152 149 7 7
152 142 7 7
153 147 7 7
153 152 7 7
154 144 7 7
154 141 7 7
155 154 7 7
155 145 7 7
156 151 7 7
156 142 7 7
157 144 7 7
157 153 7 7
158 152 7 7
158 142 7 7
159 143 7 7
159 157 7 7
140 150 7 7
140 156 7 7
141 145 7 7
141 151 7 7
162 161 8 8
162 160 8 8
163 160 8 8
163 161 8 8
164 160 8 8
164 163 8 8
165 162 8 8
165 164 8 8
166 161 8 8
166 160 8 8
167 165 8 8
167 162 8 8
168 160 8 8
168 161 8 8
169 162 8 8
169 166 8 8
170 162 8 8
170 165 8 8
171 169 8 8
171 167 8 8
172 163 8 8
172 166 8 8
173 163 8 8
173 168 8 8
174 170 8 8
174 162 8 8
175 174 8 8
175 167 8 8
176 170 8 8
176 162 8 8
177 171 8 8
177 164 8 8
178 171 8 8
178 175 8 8
179 168 8 8
179 171 8 8
160 179 8 8
160 172 8 8
161 171 8 8
161 178 8 8
182 180 9 9
182 181 9 9
183 181 9 9
183 180 9 9
184 180 9 9
184 182 9 9
185 183 9 9
185 181 9 9
186 181 9 9
186 183 9 9
187 181 9 9
187 182 9 9
188 187 9 9
188 186 9 9
189 181 9 9
189 187 9 9
190 181 9 9
190 180 9 9
191 181 9 9
191 182 9 9
192 180 9 9
192 185 9 9
193 182 9 9
193 180 9 9
194 182 9 9
194 192 9 9
195 194 9 9
195 180 9 9
196 186 9 9
196 182 9 9
197 186 9 9
197 181 9 9
198 184 9 9
198 189 9 9
199 192 9 9
199 194 9 9
180 199 9 9
180 189 9 9
181 192 9 9
181 196 9 9
202 200 10 10
202 201 10 10
203 201 10 10
203 202 10 10
204 202 10 10
204 200 10 10
205 202 10 10
205 201 10 10
206 201 10 10
206 203 10 10
207 204 10 10
207 205 10 10
208 207 10 10
208 204 10 10
209 206 10 10
209 200 10 10
210 203 10 10
210 206 10 10
211 200 10 10
211 202 10 10
212 207 10 10
212 200 10 10
213 202 10 10
213 207 10 10
214 209 10 10
214 205 10 10
215 209 10 10
215 203 10 10
216 213 10 10
216 212 10 10
217 213 10 10
217 212 10 10
218 212 10 10
218 200 10 10
219 218 10 10
219 214 10 10
200 214 10 10
200 203 10 10
201 211 10 10
201 210 10 10
222 220 11 11
222 221 11 11
223 221 11 11
223 220 11 11
224 222 11 11
224 221 11 11
225 222 11 11
225 224 11 11
226 220 11 11
226 222 11 11
227 222 11 11
227 224 11 11
228 224 11 11
228 225 11 11
229 224 11 11
229 220 11 11
230 222 11 11
230 226 11 11
231 224 11 11
231 229 11 11
232 224 11 11
232 223 11 11
233 232 11 11
233 224 11 11
234 229 11 11
234 228 11 11
235 231 11 11
235 224 11 11
236 233 11 11
236 231 11 11
237 227 11 11
237 234 11 11
238 224 11 11
238 237 11 11
239 224 11 11
239 237 11 11
220 236 11 11
220 224 11 11
221 236 11 11
221 230 11 11
242 241 12 12
242 240 12 12
243 241 12 12
243 242 12 12
244 242 12 12
244 243 12 12
245 242 12 12
245 241 12 12
246 243 12 12
246 241 12 12
247 246 12 12
247 241 12 12
248 243 12 12
248 246 12 12
249 247 12 12
249 248 12 12
250 241 12 12
250 244 12 12
251 244 12 12
251 249 12 12
252 245 12 12
252 250 12 12
253 249 12 12
253 246 12 12
254 242 12 12
254 252 12 12
255 243 12 12
255 251 12 12
256 251 12 12
256 240 12 12
257 253 12 12
257 254 12 12
258 246 12 12
258 243 12 12
259 244 12 12
259 255 12 12
240 259 12 12
240 246 12 12
241 244 12 12
241 252 12 12
262 261 13 13
262 260 13 13
263 261 13 13
263 260 13 13
264 261 13 13
264 260 13 13
265 261 13 13
265 263 13 13
266 260 13 13
266 265 13 13
267 265 13 13
267 266 13 13
268 262 13 13
268 263 13 13
269 263 13 13
269 266 13 13
270 269 13 13
270 263 13 13
271 260 13 13
271 264 13 13
272 269 13 13
272 265 13 13
273 262 13 13
273 271 13 13
274 267 13 13
274 269 13 13
275 267 13 13
275 260 13 13
276 269 13 13
276 268 13 13
277 264 13 13
277 260 13 13
278 260 13 13
278 271 13 13
279 270 13 13
279 273 13 13
260 273 13 13
260 276 13 13
261 271 13 13
261 266 13 13
282 281 14 14
282 280 14 14
283 281 14 14
283 282 14 14
284 281 14 14
284 283 14 14
285 280 14 14
285 283 14 14
286 282 14 14
286 281 14 14
287 283 14 14
287 282 14 14
288 286 14 14
288 282 14 14
289 285 14 14
289 280 14 14
290 289 14 14
290 280 14 14
291 288 14 14
291 286 14 14
292 281 14 14
292 283 14 14
293 283 14 14
293 292 14 14
294 289 14 14
294 288 14 14
295 287 14 14
295 283 14 14
296 286 14 14
296 291 14 14
297 291 14 14
297 284 14 14
298 291 14 14
298 288 14 14
299 285 14 14
299 284 14 14
280 292 14 14
280 296 14 14
281 296 14 14
281 294 14 14
302 300 15 15
302 301 15 15
303 301 15 15
303 302 15 15
304 301 15 15
304 302 15 15
305 304 15 15
305 301 15 15
306 300 15 15
306 304 15 15
307 306 15 15
307 304 15 15
308 302 15 15
308 304 15 15
309 304 15 15
309 307 15 15
310 305 15 15
310 304 15 15
311 309 15 15
311 302 15 15
312 308 15 15
312 300 15 15
313 310 15 15
313 305 15 15
314 301 15 15
314 308 15 15
315 301 15 15
315 312 15 15
316 312 15 15
316 302 15 15
317 313 15 15
317 316 15 15
318 312 15 15
318 314 15 15
319 315 15 15
319 308 15 15
300 309 15 15
300 307 15 15
301 311 15 15
301 312 15 15
49 31 2 1
45 2 2 0
62 42 3 2
75 28 3 1
87 60 4 3
98 41 4 2
109 23 5 1
114 51 5 2
129 115 6 5
136 9 6 0
144 93 7 4
157 30 7 1
171 11 8 0
161 75 8 3
185 174 9 8
181 151 9 7
206 194 10 9
206 51 10 2
233 21 11 1
228 172 11 8
245 28 12 1
254 174 12 8
267 133 13 6
275 104 13 5
287 264 14 13
281 232 14 11
316 168 15 8
311 268 15 13
4 185 0 9
5 288 0 14
38 304 1 15
22 264 1 13
