swNum = 320
edgeNum = 672

0 0
1 0
2 0
3 0
4 0
5 0
6 0
7 0
8 0
9 0
10 0
11 0
12 0
13 0
14 0
15 0
16 0
17 0
18 0
19 0
20 1
21 1
22 1
23 1
24 1
25 1
26 1
27 1
28 1
29 1
30 1
31 1
32 1
33 1
34 1
35 1
36 1
37 1
38 1
39 1
40 2
41 2
42 2
43 2
44 2
45 2
46 2
47 2
48 2
49 2
50 2
51 2
52 2
53 2
54 2
55 2
56 2
57 2
58 2
59 2
60 3
61 3
62 3
63 3
64 3
65 3
66 3
67 3
68 3
69 3
70 3
71 3
72 3
73 3
74 3
75 3
76 3
77 3
78 3
79 3
80 4
81 4
82 4
83 4
84 4
85 4
86 4
87 4
88 4
89 4
90 4
91 4
92 4
93 4
94 4
95 4
96 4
97 4
98 4
99 4
100 5
101 5
102 5
103 5
104 5
105 5
106 5
107 5
108 5
109 5
110 5
111 5
112 5
113 5
114 5
115 5
116 5
117 5
118 5
119 5
120 6
121 6
122 6
123 6
124 6
125 6
126 6
127 6
128 6
129 6
130 6
131 6
132 6
133 6
134 6
135 6
136 6
137 6
138 6
139 6
140 7
141 7
142 7
143 7
144 7
145 7
146 7
147 7
148 7
149 7
150 7
151 7
152 7
153 7
154 7
155 7
156 7
157 7
158 7
159 7
160 8
161 8
162 8
163 8
164 8
165 8
166 8
167 8
168 8
169 8
170 8
171 8
172 8
173 8
174 8
175 8
176 8
177 8
178 8
179 8
180 9
181 9
182 9
183 9
184 9
185 9
186 9
187 9
188 9
189 9
190 9
191 9
192 9
193 9
194 9
195 9
196 9
197 9
198 9
199 9
200 10
201 10
202 10
203 10
204 10
205 10
206 10
207 10
208 10
209 10
210 10
211 10
212 10
213 10
214 10
215 10
216 10
217 10
218 10
219 10
220 11
221 11
222 11
223 11
224 11
225 11
226 11
227 11
228 11
229 11
230 11
231 11
232 11
233 11
234 11
235 11
236 11
237 11
238 11
239 11
240 12
241 12
242 12
243 12
244 12
245 12
246 12
247 12
248 12
249 12
250 12
251 12
252 12
253 12
254 12
255 12
256 12
257 12
258 12
259 12
260 13
261 13
262 13
263 13
264 13
265 13
266 13
267 13
268 13
269 13
270 13
271 13
272 13
273 13
274 13
275 13
276 13
277 13
278 13
279 13
280 14
281 14
282 14
283 14
284 14
285 14
286 14
287 14
288 14
289 14
290 14
291 14
292 14
293 14
294 14
295 14
296 14
297 14
298 14
299 14
300 15
301 15
302 15
303 15
304 15
305 15
306 15
307 15
308 15
309 15
310 15
311 15
312 15
313 15
314 15
315 15
316 15
317 15
318 15
319 15

2 1 0 0
2 0 0 0
3 2 0 0
3 1 0 0
4 0 0 0
4 3 0 0
5 1 0 0
5 3 0 0
6 3 0 0
6 1 0 0
7 2 0 0
7 1 0 0
8 0 0 0
8 6 0 0
9 7 0 0
9 6 0 0
10 0 0 0
10 4 0 0
11 4 0 0
11 8 0 0
12 2 0 0
12 9 0 0
13 10 0 0
13 2 0 0
14 12 0 0
14 2 0 0
15 5 0 0
15 4 0 0
16 6 0 0
16 1 0 0
17 2 0 0
17 12 0 0
18 9 0 0
18 5 0 0
19 8 0 0
19 10 0 0
0 14 0 0
0 19 0 0
1 12 0 0
1 18 0 0
22 21 1 1
22 20 1 1
23 21 1 1
23 22 1 1
24 21 1 1
24 20 1 1
25 23 1 1
25 21 1 1
26 25 1 1
26 24 1 1
27 24 1 1
27 20 1 1
28 22 1 1
28 26 1 1
29 23 1 1
29 22 1 1
30 24 1 1
30 26 1 1
31 22 1 1
31 29 1 1
32 31 1 1
32 21 1 1
33 31 1 1
33 23 1 1
34 26 1 1
34 33 1 1
35 34 1 1
35 33 1 1
36 22 1 1
36 31 1 1
37 27 1 1
37 34 1 1
38 27 1 1
38 21 1 1
39 34 1 1
39 20 1 1
20 38 1 1
20 36 1 1
21 29 1 1
21 33 1 1
42 40 2 2
42 41 2 2
43 41 2 2
43 40 2 2
44 41 2 2
44 40 2 2
45 42 2 2
45 41 2 2
46 41 2 2
46 44 2 2
47 44 2 2
47 46 2 2
48 44 2 2
48 46 2 2
49 47 2 2
49 44 2 2
50 45 2 2
50 40 2 2
51 41 2 2
51 40 2 2
52 45 2 2
52 42 2 2
53 50 2 2
53 49 2 2
54 43 2 2
54 51 2 2
55 41 2 2
55 43 2 2
56 43 2 2
56 45 2 2
57 55 2 2
57 56 2 2
58 41 2 2
58 54 2 2
59 47 2 2
59 50 2 2
40 49 2 2
40 48 2 2
41 57 2 2
41 48 2 2
62 61 3 3
62 60 3 3
63 61 3 3
63 62 3 3
64 63 3 3
64 62 3 3
65 61 3 3
65 62 3 3
66 60 3 3
66 62 3 3
67 63 3 3
67 62 3 3
68 63 3 3
68 64 3 3
69 67 3 3
69 68 3 3
70 65 3 3
70 61 3 3
71 62 3 3
71 64 3 3
72 69 3 3
72 63 3 3
73 67 3 3
73 72 3 3
74 70 3 3
74 61 3 3
75 67 3 3
75 69 3 3
76 71 3 3
76 62 3 3
77 60 3 3
77 67 3 3
78 60 3 3
78 64 3 3
79 65 3 3
79 75 3 3
60 65 3 3
60 67 3 3
61 64 3 3
61 79 3 3
82 81 4 4
82 80 4 4
83 82 4 4
83 81 4 4
84 80 4 4
84 81 4 4
85 81 4 4
85 82 4 4
86 80 4 4
86 85 4 4
87 83 4 4
87 84 4 4
88 82 4 4
88 83 4 4
89 85 4 4
89 82 4 4
90 83 4 4
90 89 4 4
91 80 4 4
91 82 4 4
92 84 4 4
92 81 4 4
93 91 4 4
93 85 4 4
94 80 4 4
94 85 4 4
95 80 4 4
95 86 4 4
96 81 4 4
96 91 4 4
97 94 4 4
97 92 4 4
98 86 4 4
98 83 4 4
99 94 4 4
99 83 4 4
80 85 4 4
80 88 4 4
81 93 4 4
81 89 4 4
102 101 5 5
102 100 5 5
103 102 5 5
103 100 5 5
104 103 5 5
104 102 5 5
105 102 5 5
105 101 5 5
106 103 5 5
106 104 5 5
107 100 5 5
107 101 5 5
108 107 5 5
108 101 5 5
109 105 5 5
109 102 5 5
110 100 5 5
110 109 5 5
111 109 5 5
111 100 5 5
112 100 5 5
112 111 5 5
113 105 5 5
113 104 5 5
114 111 5 5
114 106 5 5
115 114 5 5
115 102 5 5
116 104 5 5
116 102 5 5
117 100 5 5
117 106 5 5
118 113 5 5
118 111 5 5
119 109 5 5
119 114 5 5
100 118 5 5
100 108 5 5
101 109 5 5
101 119 5 5
122 120 6 6
122 121 6 6
123 122 6 6
123 121 6 6
124 120 6 6
124 123 6 6
125 122 6 6
125 123 6 6
126 123 6 6
126 124 6 6
127 123 6 6
127 124 6 6
128 123 6 6
128 122 6 6
129 120 6 6
129 126 6 6
130 129 6 6
130 123 6 6
131 122 6 6
131 127 6 6
132 120 6 6
132 131 6 6
133 127 6 6
133 126 6 6
134 123 6 6
134 126 6 6
135 131 6 6
135 122 6 6
136 130 6 6
136 127 6 6
137 122 6 6
137 120 6 6
138 122 6 6
138 136 6 6
139 127 6 6
139 131 6 6
120 126 6 6
120 136 6 6
121 139 6 6
121 125 6 6
142 141 7 7
142 140 7 7
143 141 7 7
143 142 7 7
144 143 7 7
144 142 7 7
145 141 7 7
145 144 7 7
146 141 7 7
146 143 7 7
147 145 7 7
147 142 7 7
148 147 7 7
148 140 7 7
149 144 7 7
149 148 7 7
150 149 7 7
150 146 7 7
151 147 7 7
151 149 7 7
152 143 7 7
152 147 7 7
153 142 7 7
153 141 7 7
154 153 7 7
154 142 7 7
155 152 7 7
155 154 7 7
156 152 7 7
156 145 7 7
157 142 7 7
157 153 7 7
158 154 7 7
158 149 7 7
159 157 7 7
159 153 7 7
140 145 7 7
140 159 7 7
141 157 7 7
141 154 7 7
162 161 8 8
162 160 8 8
163 162 8 8
163 161 8 8
164 161 8 8
164 162 8 8
165 164 8 8
165 161 8 8
166 164 8 8
166 162 8 8
167 161 8 8
167 164 8 8
168 165 8 8
168 164 8 8
169 162 8 8
169 161 8 8
170 169 8 8
170 165 8 8
171 167 8 8
171 166 8 8
172 161 8 8
172 162 8 8
173 160 8 8
173 171 8 8
174 163 8 8
174 164 8 8
175 174 8 8
175 163 8 8
176 175 8 8
176 162 8 8
177 173 8 8
177 165 8 8
178 170 8 8
178 173 8 8
179 169 8 8
179 162 8 8
160 164 8 8
160 177 8 8
161 171 8 8
161 174 8 8
182 181 9 9
182 180 9 9
183 180 9 9
183 182 9 9
184 182 9 9
184 180 9 9
185 182 9 9
185 180 9 9
186 181 9 9
186 180 9 9
187 185 9 9
187 186 9 9
188 184 9 9
188 182 9 9
189 184 9 9
189 188 9 9
190 180 9 9
190 188 9 9
191 185 9 9
191 183 9 9
192 185 9 9
192 191 9 9
193 186 9 9
193 192 9 9
194 191 9 9
194 184 9 9
195 181 9 9
195 180 9 9
196 192 9 9
196 188 9 9
197 192 9 9
197 194 9 9
198 194 9 9
198 182 9 9
199 193 9 9
199 183 9 9
180 189 9 9
180 197 9 9
181 197 9 9
181 194 9 9
202 201 10 10
202 200 10 10
203 201 10 10
203 200 10 10
204 203 10 10
204 201 10 10
205 200 10 10
205 202 10 10
206 200 10 10
206 203 10 10
207 202 10 10
207 201 10 10
208 205 10 10
208 202 10 10
209 206 10 10
209 208 10 10
210 207 10 10
210 201 10 10
211 205 10 10
211 202 10 10
212 205 10 10
212 204 10 10
213 209 10 10
213 200 10 10
214 213 10 10
214 203 10 10
215 202 10 10
215 210 10 10
216 207 10 10
216 204 10 10
217 205 10 10
217 214 10 10
218 211 10 10
218 215 10 10
219 205 10 10
219 215 10 10
200 204 10 10
200 210 10 10
201 216 10 10
201 205 10 10
222 221 11 11
222 220 11 11
223 221 11 11
223 222 11 11
224 221 11 11
224 223 11 11
225 221 11 11
225 222 11 11
226 222 11 11
226 225 11 11
227 223 11 11
227 220 11 11
228 227 11 11
228 220 11 11
229 227 11 11
229 223 11 11
230 225 11 11
230 221 11 11
231 228 11 11
231 222 11 11
232 226 11 11
232 230 11 11
233 224 11 11
233 230 11 11
234 224 11 11
234 231 11 11
235 227 11 11
235 229 11 11
236 227 11 11
236 229 11 11
237 234 11 11
237 220 11 11
238 229 11 11
238 226 11 11
239 227 11 11
239 228 11 11
220 232 11 11
220 236 11 11
221 237 11 11
221 226 11 11
242 241 12 12
242 240 12 12
243 242 12 12
243 241 12 12
244 240 12 12
244 241 12 12
245 243 12 12
245 241 12 12
246 242 12 12
246 244 12 12
247 244 12 12
247 242 12 12
248 242 12 12
248 241 12 12
249 240 12 12
249 247 12 12
250 247 12 12
250 242 12 12
251 245 12 12
251 241 12 12
252 240 12 12
252 245 12 12
253 243 12 12
253 252 12 12
254 251 12 12
254 244 12 12
255 254 12 12
255 251 12 12
256 243 12 12
256 251 12 12
257 254 12 12
257 255 12 12
258 241 12 12
258 246 12 12
259 246 12 12
259 242 12 12
240 258 12 12
240 251 12 12
241 254 12 12
241 246 12 12
262 260 13 13
262 261 13 13
263 260 13 13
263 261 13 13
264 260 13 13
264 261 13 13
265 261 13 13
265 260 13 13
266 265 13 13
266 263 13 13
267 262 13 13
267 265 13 13
268 261 13 13
268 262 13 13
269 266 13 13
269 263 13 13
270 260 13 13
270 266 13 13
271 262 13 13
271 266 13 13
272 270 13 13
272 267 13 13
273 265 13 13
273 264 13 13
274 265 13 13
274 261 13 13
275 261 13 13
275 263 13 13
276 263 13 13
276 275 13 13
277 269 13 13
277 260 13 13
278 275 13 13
278 268 13 13
279 278 13 13
279 261 13 13
260 271 13 13
260 272 13 13
261 270 13 13
261 273 13 13
282 281 14 14
282 280 14 14
283 280 14 14
283 282 14 14
284 280 14 14
284 281 14 14
285 282 14 14
285 283 14 14
286 285 14 14
286 282 14 14
287 283 14 14
287 280 14 14
288 283 14 14
288 280 14 14
289 282 14 14
289 287 14 14
290 285 14 14
290 288 14 14
291 289 14 14
291 288 14 14
292 287 14 14
292 289 14 14
293 290 14 14
293 292 14 14
294 285 14 14
294 286 14 14
295 283 14 14
295 290 14 14
296 293 14 14
296 292 14 14
297 289 14 14
297 296 14 14
298 295 14 14
298 297 14 14
299 286 14 14
299 297 14 14
280 292 14 14
280 291 14 14
281 289 14 14
281 288 14 14
302 301 15 15
302 300 15 15
303 302 15 15
303 301 15 15
304 300 15 15
304 302 15 15
305 300 15 15
305 303 15 15
306 305 15 15
306 304 15 15
307 306 15 15
307 305 15 15
308 307 15 15
308 300 15 15
309 305 15 15
309 301 15 15
310 306 15 15
310 303 15 15
311 309 15 15
311 300 15 15
312 310 15 15
312 304 15 15
313 307 15 15
313 308 15 15
314 302 15 15
314 310 15 15
315 301 15 15
315 307 15 15
316 306 15 15
316 313 15 15
317 308 15 15
317 306 15 15
318 311 15 15
318 304 15 15
319 305 15 15
319 307 15 15
300 318 15 15
300 309 15 15
301 316 15 15
301 305 15 15
59 39 2 1
43 16 2 0
71 36 3 1
68 43 3 2
99 0 4 0
82 35 4 1
112 68 5 3
109 26 5 1
120 96 6 4
138 52 6 2
142 105 7 5
143 97 7 4
165 42 8 2
163 138 8 6
194 92 9 4
193 24 9 1
200 167 10 8
201 71 10 3
226 121 11 6
230 63 11 3
256 211 12 10
252 122 12 6
272 70 13 3
261 93 13 4
293 259 14 12
284 51 14 2
305 242 15 12
319 37 15 1
11 271 0 13
11 249 0 12
24 169 1 8
35 159 1 7
