swNum = 320
edgeNum = 672

0 0
1 0
2 0
3 0
4 0
5 0
6 0
7 0
8 0
9 0
10 0
11 0
12 0
13 0
14 0
15 0
16 0
17 0
18 0
19 0
20 1
21 1
22 1
23 1
24 1
25 1
26 1
27 1
28 1
29 1
30 1
31 1
32 1
33 1
34 1
35 1
36 1
37 1
38 1
39 1
40 2
41 2
42 2
43 2
44 2
45 2
46 2
47 2
48 2
49 2
50 2
51 2
52 2
53 2
54 2
55 2
56 2
57 2
58 2
59 2
60 3
61 3
62 3
63 3
64 3
65 3
66 3
67 3
68 3
69 3
70 3
71 3
72 3
73 3
74 3
75 3
76 3
77 3
78 3
79 3
80 4
81 4
82 4
83 4
84 4
85 4
86 4
87 4
88 4
89 4
90 4
91 4
92 4
93 4
94 4
95 4
96 4
97 4
98 4
99 4
100 5
101 5
102 5
103 5
104 5
105 5
106 5
107 5
108 5
109 5
110 5
111 5
112 5
113 5
114 5
115 5
116 5
117 5
118 5
119 5
120 6
121 6
122 6
123 6
124 6
125 6
126 6
127 6
128 6
129 6
130 6
131 6
132 6
133 6
134 6
135 6
136 6
137 6
138 6
139 6
140 7
141 7
142 7
143 7
144 7
145 7
146 7
147 7
148 7
149 7
150 7
151 7
152 7
153 7
154 7
155 7
156 7
157 7
158 7
159 7
160 8
161 8
162 8
163 8
164 8
165 8
166 8
167 8
168 8
169 8
170 8
171 8
172 8
173 8
174 8
175 8
176 8
177 8
178 8
179 8
180 9
181 9
182 9
183 9
184 9
185 9
186 9
187 9
188 9
189 9
190 9
191 9
192 9
193 9
194 9
195 9
196 9
197 9
198 9
199 9
200 10
201 10
202 10
203 10
204 10
205 10
206 10
207 10
208 10
209 10
210 10
211 10
212 10
213 10
214 10
215 10
216 10
217 10
218 10
219 10
220 11
221 11
222 11
223 11
224 11
225 11
226 11
227 11
228 11
229 11
230 11
231 11
232 11
233 11
234 11
235 11
236 11
237 11
238 11
239 11
240 12
241 12
242 12
243 12
244 12
245 12
246 12
247 12
248 12
249 12
250 12
251 12
252 12
253 12
254 12
255 12
256 12
257 12
258 12
259 12
260 13
261 13
262 13
263 13
264 13
265 13
266 13
267 13
268 13
269 13
270 13
271 13
272 13
273 13
274 13
275 13
276 13
277 13
278 13
279 13
280 14
281 14
282 14
283 14
284 14
285 14
286 14
287 14
288 14
289 14
290 14
291 14
292 14
293 14
294 14
295 14
296 14
297 14
298 14
299 14
300 15
301 15
302 15
303 15
304 15
305 15
306 15
307 15
308 15
309 15
310 15
311 15
312 15
313 15
314 15
315 15
316 15
317 15
318 15
319 15

2 0 0 0
2 1 0 0
3 2 0 0
3 1 0 0
4 0 0 0
4 3 0 0
5 2 0 0
5 0 0 0
6 5 0 0
6 4 0 0
7 3 0 0
7 4 0 0
8 1 0 0
8 4 0 0
9 5 0 0
9 6 0 0
10 0 0 0
10 2 0 0
11 2 0 0
11 1 0 0
12 5 0 0
12 10 0 0
13 9 0 0
13 5 0 0
14 2 0 0
14 11 0 0
15 13 0 0
15 5 0 0
16 14 0 0
16 8 0 0
17 11 0 0
17 14 0 0
18 8 0 0
18 5 0 0
19 13 0 0
19 2 0 0
0 19 0 0
0 15 0 0
1 4 0 0
1 16 0 0
22 21 1 1
22 20 1 1
23 22 1 1
23 21 1 1
24 22 1 1
24 21 1 1
25 22 1 1
25 20 1 1
26 22 1 1
26 24 1 1
27 24 1 1
27 23 1 1
28 23 1 1
28 27 1 1
29 21 1 1
29 25 1 1
30 22 1 1
30 29 1 1
31 21 1 1
31 24 1 1
32 23 1 1
32 22 1 1
33 28 1 1
33 29 1 1
34 22 1 1
34 29 1 1
35 32 1 1
35 34 1 1
36 29 1 1
36 30 1 1
37 29 1 1
37 26 1 1
38 29 1 1
38 25 1 1
39 37 1 1
39 21 1 1
20 31 1 1
20 32 1 1
21 27 1 1
21 38 1 1
42 40 2 2
42 41 2 2
43 42 2 2
43 40 2 2
44 40 2 2
44 43 2 2
45 41 2 2
45 43 2 2
46 44 2 2
46 45 2 2
47 43 2 2
47 41 2 2
48 41 2 2
48 47 2 2
49 43 2 2
49 46 2 2
50 48 2 2
50 41 2 2
51 48 2 2
51 41 2 2
52 41 2 2
52 50 2 2
53 50 2 2
53 48 2 2
54 44 2 2
54 43 2 2
55 48 2 2
55 42 2 2
56 54 2 2
56 44 2 2
57 49 2 2
57 48 2 2
58 45 2 2
58 53 2 2
59 44 2 2
59 47 2 2
40 51 2 2
40 48 2 2
41 56 2 2
41 43 2 2
62 61 3 3
62 60 3 3
63 61 3 3
63 60 3 3
64 63 3 3
64 60 3 3
65 62 3 3
65 63 3 3
66 60 3 3
66 63 3 3
67 60 3 3
67 64 3 3
68 64 3 3
68 66 3 3
69 63 3 3
69 68 3 3
70 65 3 3
70 67 3 3
71 65 3 3
71 62 3 3
72 61 3 3
72 68 3 3
73 68 3 3
73 63 3 3
74 61 3 3
74 68 3 3
75 61 3 3
75 72 3 3
76 68 3 3
76 73 3 3
77 60 3 3
77 74 3 3
78 70 3 3
78 67 3 3
79 74 3 3
79 77 3 3
60 68 3 3
60 75 3 3
61 79 3 3
61 67 3 3
82 80 4 4
82 81 4 4
83 82 4 4
83 80 4 4
84 80 4 4
84 83 4 4
85 83 4 4
85 80 4 4
86 84 4 4
86 85 4 4
87 81 4 4
87 85 4 4
88 84 4 4
88 86 4 4
89 87 4 4
89 83 4 4
90 85 4 4
90 81 4 4
91 82 4 4
91 83 4 4
92 89 4 4
92 84 4 4
93 90 4 4
93 89 4 4
94 89 4 4
94 82 4 4
95 92 4 4
95 84 4 4
96 88 4 4
96 82 4 4
97 87 4 4
97 96 4 4
98 88 4 4
98 92 4 4
99 90 4 4
99 89 4 4
80 96 4 4
80 95 4 4
81 94 4 4
81 93 4 4
102 100 5 5
102 101 5 5
103 101 5 5
103 100 5 5
104 101 5 5
104 102 5 5
105 101 5 5
105 104 5 5
106 103 5 5
106 101 5 5
107 103 5 5
107 101 5 5
108 101 5 5
108 106 5 5
109 106 5 5
109 104 5 5
110 101 5 5
110 103 5 5
111 110 5 5
111 101 5 5
112 111 5 5
112 101 5 5
113 101 5 5
113 104 5 5
114 107 5 5
114 101 5 5
115 107 5 5
115 111 5 5
116 105 5 5
116 103 5 5
117 116 5 5
117 105 5 5
118 101 5 5
118 114 5 5
119 104 5 5
119 116 5 5
100 110 5 5
100 109 5 5
101 115 5 5
101 109 5 5
122 120 6 6
122 121 6 6
123 121 6 6
123 122 6 6
124 122 6 6
124 120 6 6
125 120 6 6
125 122 6 6
126 125 6 6
126 123 6 6
127 124 6 6
127 123 6 6
128 124 6 6
128 122 6 6
129 122 6 6
129 125 6 6
130 122 6 6
130 121 6 6
131 128 6 6
131 124 6 6
132 129 6 6
132 131 6 6
133 129 6 6
133 120 6 6
134 126 6 6
134 129 6 6
135 133 6 6
135 121 6 6
136 131 6 6
136 120 6 6
137 129 6 6
137 128 6 6
138 131 6 6
138 130 6 6
139 124 6 6
139 121 6 6
120 139 6 6
120 123 6 6
121 138 6 6
121 137 6 6
142 140 7 7
142 141 7 7
143 140 7 7
143 142 7 7
144 142 7 7
144 141 7 7
145 143 7 7
145 140 7 7
146 141 7 7
146 145 7 7
147 140 7 7
147 143 7 7
148 147 7 7
148 143 7 7
149 140 7 7
149 145 7 7
150 141 7 7
150 148 7 7
151 147 7 7
151 144 7 7
152 149 7 7
152 140 7 7
153 146 7 7
153 141 7 7
154 145 7 7
154 140 7 7
155 140 7 7
155 143 7 7
156 145 7 7
156 152 7 7
157 144 7 7
157 151 7 7
158 154 7 7
158 140 7 7
159 156 7 7
159 144 7 7
140 146 7 7
140 144 7 7
141 149 7 7
141 148 7 7
162 160 8 8
162 161 8 8
163 160 8 8
163 162 8 8
164 160 8 8
164 163 8 8
165 161 8 8
165 162 8 8
166 164 8 8
166 165 8 8
167 166 8 8
167 160 8 8
168 166 8 8
168 161 8 8
169 164 8 8
169 167 8 8
170 160 8 8
170 162 8 8
171 165 8 8
171 164 8 8
172 167 8 8
172 168 8 8
173 162 8 8
173 168 8 8
174 167 8 8
174 171 8 8
175 169 8 8
175 160 8 8
176 175 8 8
176 162 8 8
177 173 8 8
177 170 8 8
178 174 8 8
178 162 8 8
179 164 8 8
179 172 8 8
160 165 8 8
160 174 8 8
161 177 8 8
161 169 8 8
182 181 9 9
182 180 9 9
183 180 9 9
183 181 9 9
184 180 9 9
184 183 9 9
185 182 9 9
185 180 9 9
186 181 9 9
186 184 9 9
187 184 9 9
187 186 9 9
188 184 9 9
188 186 9 9
189 188 9 9
189 184 9 9
190 181 9 9
190 184 9 9
191 183 9 9
191 189 9 9
192 191 9 9
192 181 9 9
193 187 9 9
193 191 9 9
194 180 9 9
194 192 9 9
195 191 9 9
195 182 9 9
196 195 9 9
196 186 9 9
197 195 9 9
197 190 9 9
198 187 9 9
198 193 9 9
199 194 9 9
199 182 9 9
180 192 9 9
180 188 9 9
181 188 9 9
181 189 9 9
202 201 10 10
202 200 10 10
203 202 10 10
203 200 10 10
204 202 10 10
204 201 10 10
205 200 10 10
205 204 10 10
206 201 10 10
206 200 10 10
207 203 10 10
207 205 10 10
208 206 10 10
208 202 10 10
209 201 10 10
209 205 10 10
210 208 10 10
210 201 10 10
211 204 10 10
211 209 10 10
212 200 10 10
212 205 10 10
213 212 10 10
213 203 10 10
214 205 10 10
214 201 10 10
215 205 10 10
215 202 10 10
216 212 10 10
216 206 10 10
217 210 10 10
217 209 10 10
218 209 10 10
218 212 10 10
219 216 10 10
219 201 10 10
200 215 10 10
200 218 10 10
201 216 10 10
201 218 10 10
222 221 11 11
222 220 11 11
223 222 11 11
223 220 11 11
224 220 11 11
224 222 11 11
225 222 11 11
225 220 11 11
226 223 11 11
226 225 11 11
227 222 11 11
227 224 11 11
228 227 11 11
228 225 11 11
229 224 11 11
229 220 11 11
230 228 11 11
230 224 11 11
231 227 11 11
231 225 11 11
232 228 11 11
232 225 11 11
233 224 11 11
233 221 11 11
234 220 11 11
234 231 11 11
235 223 11 11
235 220 11 11
236 232 11 11
236 235 11 11
237 230 11 11
237 234 11 11
238 221 11 11
238 222 11 11
239 228 11 11
239 237 11 11
220 231 11 11
220 228 11 11
221 235 11 11
221 227 11 11
242 240 12 12
242 241 12 12
243 240 12 12
243 241 12 12
244 242 12 12
244 240 12 12
245 241 12 12
245 243 12 12
246 240 12 12
246 244 12 12
247 243 12 12
247 242 12 12
248 240 12 12
248 243 12 12
249 247 12 12
249 246 12 12
250 249 12 12
250 244 12 12
251 242 12 12
251 247 12 12
252 249 12 12
252 247 12 12
253 252 12 12
253 241 12 12
254 250 12 12
254 252 12 12
255 241 12 12
255 253 12 12
256 242 12 12
256 253 12 12
257 247 12 12
257 248 12 12
258 248 12 12
258 252 12 12
259 258 12 12
259 256 12 12
240 252 12 12
240 245 12 12
241 248 12 12
241 256 12 12
262 261 13 13
262 260 13 13
263 261 13 13
263 260 13 13
264 263 13 13
264 262 13 13
265 264 13 13
265 261 13 13
266 260 13 13
266 264 13 13
267 261 13 13
267 260 13 13
268 263 13 13
268 261 13 13
269 266 13 13
269 264 13 13
270 260 13 13
270 269 13 13
271 261 13 13
271 262 13 13
272 267 13 13
272 270 13 13
273 269 13 13
273 266 13 13
274 270 13 13
274 273 13 13
275 264 13 13
275 274 13 13
276 269 13 13
276 271 13 13
277 263 13 13
277 270 13 13
278 265 13 13
278 270 13 13
279 261 13 13
279 272 13 13
260 264 13 13
260 279 13 13
261 275 13 13
261 270 13 13
282 281 14 14
282 280 14 14
283 281 14 14
283 282 14 14
284 283 14 14
284 281 14 14
285 281 14 14
285 283 14 14
286 285 14 14
286 282 14 14
287 285 14 14
287 284 14 14
288 282 14 14
288 281 14 14
289 282 14 14
289 288 14 14
290 285 14 14
290 289 14 14
291 288 14 14
291 289 14 14
292 280 14 14
292 286 14 14
293 287 14 14
293 283 14 14
294 281 14 14
294 282 14 14
295 286 14 14
295 290 14 14
296 294 14 14
296 293 14 14
297 295 14 14
297 288 14 14
298 284 14 14
298 281 14 14
299 280 14 14
299 282 14 14
280 283 14 14
280 297 14 14
281 287 14 14
281 293 14 14
302 300 15 15
302 301 15 15
303 300 15 15
303 301 15 15
304 301 15 15
304 303 15 15
305 300 15 15
305 301 15 15
306 304 15 15
306 305 15 15
307 303 15 15
307 302 15 15
308 303 15 15
308 302 15 15
309 308 15 15
309 306 15 15
310 309 15 15
310 301 15 15
311 303 15 15
311 310 15 15
312 304 15 15
312 309 15 15
313 304 15 15
313 312 15 15
314 309 15 15
314 313 15 15
315 304 15 15
315 307 15 15
316 307 15 15
316 309 15 15
317 314 15 15
317 301 15 15
318 311 15 15
318 308 15 15
319 315 15 15
319 305 15 15
300 308 15 15
300 307 15 15
301 313 15 15
301 316 15 15
45 33 2 1
55 7 2 0
75 55 3 2
62 33 3 1
83 37 4 1
91 7 4 0
111 86 5 4
100 20 5 1
121 69 6 3
131 51 6 2
149 58 7 2
141 35 7 1
168 53 8 2
172 72 8 3
197 82 9 4
192 135 9 6
210 196 10 9
219 65 10 3
236 54 11 2
223 93 11 4
252 163 12 8
244 81 12 4
273 126 13 6
263 256 13 12
284 197 14 9
288 17 14 0
319 227 15 11
302 30 15 1
11 220 0 11
16 212 0 10
39 128 1 6
31 163 1 8
