swNum = 320
edgeNum = 672

0 0
1 0
2 0
3 0
4 0
5 0
6 0
7 0
8 0
9 0
10 0
11 0
12 0
13 0
14 0
15 0
16 0
17 0
18 0
19 0
20 1
21 1
22 1
23 1
24 1
25 1
26 1
27 1
28 1
29 1
30 1
31 1
32 1
33 1
34 1
35 1
36 1
37 1
38 1
39 1
40 2
41 2
42 2
43 2
44 2
45 2
46 2
47 2
48 2
49 2
50 2
51 2
52 2
53 2
54 2
55 2
56 2
57 2
58 2
59 2
60 3
61 3
62 3
63 3
64 3
65 3
66 3
67 3
68 3
69 3
70 3
71 3
72 3
73 3
74 3
75 3
76 3
77 3
78 3
79 3
80 4
81 4
82 4
83 4
84 4
85 4
86 4
87 4
88 4
89 4
90 4
91 4
92 4
93 4
94 4
95 4
96 4
97 4
98 4
99 4
100 5
101 5
102 5
103 5
104 5
105 5
106 5
107 5
108 5
109 5
110 5
111 5
112 5
113 5
114 5
115 5
116 5
117 5
118 5
119 5
120 6
121 6
122 6
123 6
124 6
125 6
126 6
127 6
128 6
129 6
130 6
131 6
132 6
133 6
134 6
135 6
136 6
137 6
138 6
139 6
140 7
141 7
142 7
143 7
144 7
145 7
146 7
147 7
148 7
149 7
150 7
151 7
152 7
153 7
154 7
155 7
156 7
157 7
158 7
159 7
160 8
161 8
162 8
163 8
164 8
165 8
166 8
167 8
168 8
169 8
170 8
171 8
172 8
173 8
174 8
175 8
176 8
177 8
178 8
179 8
180 9
181 9
182 9
183 9
184 9
185 9
186 9
187 9
188 9
189 9
190 9
191 9
192 9
193 9
194 9
195 9
196 9
197 9
198 9
199 9
200 10
201 10
202 10
203 10
204 10
205 10
206 10
207 10
208 10
209 10
210 10
211 10
212 10
213 10
214 10
215 10
216 10
217 10
218 10
219 10
220 11
221 11
222 11
223 11
224 11
225 11
226 11
227 11
228 11
229 11
230 11
231 11
232 11
233 11
234 11
235 11
236 11
237 11
238 11
239 11
240 12
241 12
242 12
243 12
244 12
245 12
246 12
247 12
248 12
249 12
250 12
251 12
252 12
253 12
254 12
255 12
256 12
257 12
258 12
259 12
260 13
261 13
262 13
263 13
264 13
265 13
266 13
267 13
268 13
269 13
270 13
271 13
272 13
273 13
274 13
275 13
276 13
277 13
278 13
279 13
280 14
281 14
282 14
283 14
284 14
285 14
286 14
287 14
288 14
289 14
290 14
291 14
292 14
293 14
294 14
295 14
296 14
297 14
298 14
299 14
300 15
301 15
302 15
303 15
304 15
305 15
306 15
307 15
308 15
309 15
310 15
311 15
312 15
313 15
314 15
315 15
316 15
317 15
318 15
319 15

2 0 0 0
2 1 0 0
3 0 0 0
3 2 0 0
4 3 0 0
4 2 0 0
5 1 0 0
5 0 0 0
6 2 0 0
6 3 0 0
7 5 0 0
7 1 0 0
8 3 0 0
8 5 0 0
9 7 0 0
9 0 0 0
10 8 0 0
10 4 0 0
11 9 0 0
11 0 0 0
12 4 0 0
12 8 0 0
13 5 0 0
13 12 0 0
14 0 0 0
14 11 0 0
15 10 0 0
15 5 0 0
16 15 0 0
16 9 0 0
17 1 0 0
17 15 0 0
18 12 0 0
18 7 0 0
19 14 0 0
19 18 0 0
0 18 0 0
0 4 0 0
1 19 0 0
1 12 0 0
22 21 1 1
22 20 1 1
23 22 1 1
23 21 1 1
24 20 1 1
24 22 1 1
25 24 1 1
25 22 1 1
26 24 1 1
26 25 1 1
27 21 1 1
27 20 1 1
28 21 1 1
28 27 1 1
29 25 1 1
29 26 1 1
30 21 1 1
30 29 1 1
31 23 1 1
31 20 1 1
32 22 1 1
32 24 1 1
33 24 1 1
33 31 1 1
34 30 1 1
34 22 1 1
35 28 1 1
35 22 1 1
36 23 1 1
36 28 1 1
37 24 1 1
37 28 1 1
38 23 1 1
38 35 1 1
39 27 1 1
39 22 1 1
20 32 1 1
20 30 1 1
21 32 1 1
21 31 1 1
42 40 2 2
42 41 2 2
43 41 2 2
43 42 2 2
44 41 2 2
44 40 2 2
45 42 2 2
45 40 2 2
46 42 2 2
46 43 2 2
47 42 2 2
47 43 2 2
48 47 2 2
48 43 2 2
49 42 2 2
49 47 2 2
50 49 2 2
50 44 2 2
51 50 2 2
51 48 2 2
52 51 2 2
52 46 2 2
53 47 2 2
53 52 2 2
54 46 2 2
54 44 2 2
55 54 2 2
55 45 2 2
56 55 2 2
56 45 2 2
57 42 2 2
57 46 2 2
58 55 2 2
58 44 2 2
59 57 2 2
59 46 2 2
40 51 2 2
40 56 2 2
41 50 2 2
41 53 2 2
62 61 3 3
62 60 3 3
63 60 3 3
63 62 3 3
64 63 3 3
64 60 3 3
65 60 3 3
65 61 3 3
66 62 3 3
66 65 3 3
67 65 3 3
67 60 3 3
68 67 3 3
68 65 3 3
69 67 3 3
69 60 3 3
70 63 3 3
70 65 3 3
71 66 3 3
71 68 3 3
72 63 3 3
72 70 3 3
73 62 3 3
73 68 3 3
74 65 3 3
74 67 3 3
75 64 3 3
75 65 3 3
76 75 3 3
76 68 3 3
77 61 3 3
77 76 3 3
78 67 3 3
78 61 3 3
79 62 3 3
79 73 3 3
60 74 3 3
60 68 3 3
61 72 3 3
61 66 3 3
82 81 4 4
82 80 4 4
83 82 4 4
83 80 4 4
84 83 4 4
84 82 4 4
85 80 4 4
85 81 4 4
86 81 4 4
86 80 4 4
87 86 4 4
87 85 4 4
88 80 4 4
88 87 4 4
89 86 4 4
89 83 4 4
90 87 4 4
90 88 4 4
91 87 4 4
91 86 4 4
92 84 4 4
92 91 4 4
93 92 4 4
93 89 4 4
94 91 4 4
94 83 4 4
95 83 4 4
95 87 4 4
96 92 4 4
96 93 4 4
97 80 4 4
97 82 4 4
98 93 4 4
98 84 4 4
99 88 4 4
99 91 4 4
80 89 4 4
80 99 4 4
81 88 4 4
81 99 4 4
102 100 5 5
102 101 5 5
103 101 5 5
103 100 5 5
104 103 5 5
104 101 5 5
105 103 5 5
105 100 5 5
106 105 5 5
106 101 5 5
107 100 5 5
107 103 5 5
108 103 5 5
108 106 5 5
109 102 5 5
109 100 5 5
110 107 5 5
110 100 5 5
111 101 5 5
111 103 5 5
112 102 5 5
112 108 5 5
113 111 5 5
113 106 5 5
114 109 5 5
114 105 5 5
115 107 5 5
115 105 5 5
116 109 5 5
116 100 5 5
117 114 5 5
117 111 5 5
118 116 5 5
118 111 5 5
119 110 5 5
119 109 5 5
100 115 5 5
100 114 5 5
101 108 5 5
101 105 5 5
122 120 6 6
122 121 6 6
123 120 6 6
123 122 6 6
124 121 6 6
124 123 6 6
125 120 6 6
125 124 6 6
126 121 6 6
126 122 6 6
127 122 6 6
127 121 6 6
128 126 6 6
128 121 6 6
129 124 6 6
129 126 6 6
130 127 6 6
130 122 6 6
131 126 6 6
131 125 6 6
132 125 6 6
132 121 6 6
133 121 6 6
133 131 6 6
134 122 6 6
134 123 6 6
135 127 6 6
135 129 6 6
136 120 6 6
136 131 6 6
137 133 6 6
137 134 6 6
138 132 6 6
138 131 6 6
139 130 6 6
139 127 6 6
120 138 6 6
120 129 6 6
121 131 6 6
121 135 6 6
142 140 7 7
142 141 7 7
143 142 7 7
143 140 7 7
144 143 7 7
144 142 7 7
145 142 7 7
145 141 7 7
146 145 7 7
146 142 7 7
147 144 7 7
147 145 7 7
148 141 7 7
148 142 7 7
149 140 7 7
149 144 7 7
150 148 7 7
150 142 7 7
151 142 7 7
151 140 7 7
152 148 7 7
152 145 7 7
153 151 7 7
153 148 7 7
154 141 7 7
154 140 7 7
155 151 7 7
155 148 7 7
156 144 7 7
156 142 7 7
157 153 7 7
157 152 7 7
158 145 7 7
158 147 7 7
159 157 7 7
159 141 7 7
140 146 7 7
140 159 7 7
141 155 7 7
141 157 7 7
162 160 8 8
162 161 8 8
163 161 8 8
163 162 8 8
164 161 8 8
164 163 8 8
165 164 8 8
165 160 8 8
166 161 8 8
166 162 8 8
167 164 8 8
167 163 8 8
168 160 8 8
168 166 8 8
169 167 8 8
169 168 8 8
170 167 8 8
170 161 8 8
171 161 8 8
171 162 8 8
172 165 8 8
172 166 8 8
173 170 8 8
173 167 8 8
174 166 8 8
174 162 8 8
175 165 8 8
175 171 8 8
176 168 8 8
176 170 8 8
177 169 8 8
177 161 8 8
178 166 8 8
178 171 8 8
179 175 8 8
179 164 8 8
160 175 8 8
160 171 8 8
161 167 8 8
161 173 8 8
182 181 9 9
182 180 9 9
183 181 9 9
183 180 9 9
184 180 9 9
184 182 9 9
185 183 9 9
185 182 9 9
186 182 9 9
186 183 9 9
187 183 9 9
187 185 9 9
188 182 9 9
188 184 9 9
189 188 9 9
189 184 9 9
190 182 9 9
190 181 9 9
191 185 9 9
191 181 9 9
192 189 9 9
192 182 9 9
193 181 9 9
193 184 9 9
194 180 9 9
194 189 9 9
195 182 9 9
195 180 9 9
196 189 9 9
196 182 9 9
197 196 9 9
197 186 9 9
198 180 9 9
198 192 9 9
199 184 9 9
199 196 9 9
180 193 9 9
180 191 9 9
181 184 9 9
181 198 9 9
202 200 10 10
202 201 10 10
203 201 10 10
203 200 10 10
204 200 10 10
204 203 10 10
205 203 10 10
205 201 10 10
206 205 10 10
206 204 10 10
207 205 10 10
207 206 10 10
208 207 10 10
208 201 10 10
209 202 10 10
209 200 10 10
210 208 10 10
210 205 10 10
211 206 10 10
211 209 10 10
212 205 10 10
212 200 10 10
213 212 10 10
213 202 10 10
214 211 10 10
214 202 10 10
215 204 10 10
215 214 10 10
216 201 10 10
216 200 10 10
217 215 10 10
217 204 10 10
218 205 10 10
218 211 10 10
219 215 10 10
219 210 10 10
200 215 10 10
200 205 10 10
201 215 10 10
201 204 10 10
222 220 11 11
222 221 11 11
223 221 11 11
223 222 11 11
224 220 11 11
224 221 11 11
225 222 11 11
225 221 11 11
226 220 11 11
226 221 11 11
227 220 11 11
227 225 11 11
228 222 11 11
228 221 11 11
229 228 11 11
229 225 11 11
230 222 11 11
230 223 11 11
231 228 11 11
231 221 11 11
232 225 11 11
232 230 11 11
233 222 11 11
233 229 11 11
234 225 11 11
234 229 11 11
235 224 11 11
235 225 11 11
236 226 11 11
236 234 11 11
237 234 11 11
237 230 11 11
238 223 11 11
238 221 11 11
239 224 11 11
239 220 11 11
220 237 11 11
220 234 11 11
221 235 11 11
221 233 11 11
242 240 12 12
242 241 12 12
243 240 12 12
243 241 12 12
244 243 12 12
244 241 12 12
245 243 12 12
245 241 12 12
246 244 12 12
246 241 12 12
247 243 12 12
247 246 12 12
248 243 12 12
248 244 12 12
249 248 12 12
249 246 12 12
250 241 12 12
250 240 12 12
251 240 12 12
251 250 12 12
252 241 12 12
252 244 12 12
253 247 12 12
253 243 12 12
254 243 12 12
254 252 12 12
255 241 12 12
255 251 12 12
256 253 12 12
256 249 12 12
257 247 12 12
257 249 12 12
258 242 12 12
258 248 12 12
259 251 12 12
259 258 12 12
240 259 12 12
240 258 12 12
241 248 12 12
241 251 12 12
262 261 13 13
262 260 13 13
263 262 13 13
263 261 13 13
264 261 13 13
264 263 13 13
265 261 13 13
265 263 13 13
266 265 13 13
266 260 13 13
267 260 13 13
267 266 13 13
268 260 13 13
268 262 13 13
269 267 13 13
269 260 13 13
270 262 13 13
270 263 13 13
271 267 13 13
271 263 13 13
272 270 13 13
272 268 13 13
273 260 13 13
273 266 13 13
274 263 13 13
274 269 13 13
275 262 13 13
275 272 13 13
276 269 13 13
276 271 13 13
277 268 13 13
277 262 13 13
278 277 13 13
278 271 13 13
279 275 13 13
279 262 13 13
260 275 13 13
260 279 13 13
261 274 13 13
261 275 13 13
282 281 14 14
282 280 14 14
283 280 14 14
283 281 14 14
284 283 14 14
284 280 14 14
285 282 14 14
285 281 14 14
286 284 14 14
286 283 14 14
287 286 14 14
287 283 14 14
288 283 14 14
288 281 14 14
289 287 14 14
289 283 14 14
290 286 14 14
290 287 14 14
291 281 14 14
291 288 14 14
292 287 14 14
292 288 14 14
293 285 14 14
293 282 14 14
294 292 14 14
294 293 14 14
295 287 14 14
295 282 14 14
296 280 14 14
296 293 14 14
297 283 14 14
297 295 14 14
298 280 14 14
298 294 14 14
299 292 14 14
299 286 14 14
280 297 14 14
280 288 14 14
281 292 14 14
281 284 14 14
302 301 15 15
302 300 15 15
303 300 15 15
303 301 15 15
304 300 15 15
304 301 15 15
305 302 15 15
305 303 15 15
306 303 15 15
306 305 15 15
307 306 15 15
307 300 15 15
308 305 15 15
308 302 15 15
309 301 15 15
309 304 15 15
310 307 15 15
310 308 15 15
311 304 15 15
311 300 15 15
312 307 15 15
312 306 15 15
313 303 15 15
313 300 15 15
314 304 15 15
314 301 15 15
315 302 15 15
315 309 15 15
316 312 15 15
316 314 15 15
317 314 15 15
317 306 15 15
318 301 15 15
318 307 15 15
319 308 15 15
319 313 15 15
300 312 15 15
300 309 15 15
301 310 15 15
301 317 15 15
53 12 2 0
57 39 2 1
62 15 3 0
75 52 3 2
96 34 4 1
83 4 4 0
104 28 5 1
100 80 5 4
120 9 6 0
125 40 6 2
152 35 7 1
140 79 7 3
175 155 8 7
179 89 8 4
180 111 9 5
189 76 9 3
202 116 10 5
207 175 10 8
233 45 11 2
228 139 11 6
258 181 12 9
256 218 12 10
271 144 13 7
279 95 13 4
280 259 14 12
299 112 14 5
319 128 15 6
316 48 15 2
4 177 0 8
3 312 0 15
38 292 1 14
24 174 1 8
