swNum = 320
edgeNum = 672

0 0
1 0
2 0
3 0
4 0
5 0
6 0
7 0
8 0
9 0
10 0
11 0
12 0
13 0
14 0
15 0
16 0
17 0
18 0
19 0
20 1
21 1
22 1
23 1
24 1
25 1
26 1
27 1
28 1
29 1
30 1
31 1
32 1
33 1
34 1
35 1
36 1
37 1
38 1
39 1
40 2
41 2
42 2
43 2
44 2
45 2
46 2
47 2
48 2
49 2
50 2
51 2
52 2
53 2
54 2
55 2
56 2
57 2
58 2
59 2
60 3
61 3
62 3
63 3
64 3
65 3
66 3
67 3
68 3
69 3
70 3
71 3
72 3
73 3
74 3
75 3
76 3
77 3
78 3
79 3
80 4
81 4
82 4
83 4
84 4
85 4
86 4
87 4
88 4
89 4
90 4
91 4
92 4
93 4
94 4
95 4
96 4
97 4
98 4
99 4
100 5
101 5
102 5
103 5
104 5
105 5
106 5
107 5
108 5
109 5
110 5
111 5
112 5
113 5
114 5
115 5
116 5
117 5
118 5
119 5
120 6
121 6
122 6
123 6
124 6
125 6
126 6
127 6
128 6
129 6
130 6
131 6
132 6
133 6
134 6
135 6
136 6
137 6
138 6
139 6
140 7
141 7
142 7
143 7
144 7
145 7
146 7
147 7
148 7
149 7
150 7
151 7
152 7
153 7
154 7
155 7
156 7
157 7
158 7
159 7
160 8
161 8
162 8
163 8
164 8
165 8
166 8
167 8
168 8
169 8
170 8
171 8
172 8
173 8
174 8
175 8
176 8
177 8
178 8
179 8
180 9
181 9
182 9
183 9
184 9
185 9
186 9
187 9
188 9
189 9
190 9
191 9
192 9
193 9
194 9
195 9
196 9
197 9
198 9
199 9
200 10
201 10
202 10
203 10
204 10
205 10
206 10
207 10
208 10
209 10
210 10
211 10
212 10
213 10
214 10
215 10
216 10
217 10
218 10
219 10
220 11
221 11
222 11
223 11
224 11
225 11
226 11
227 11
228 11
229 11
230 11
231 11
232 11
233 11
234 11
235 11
236 11
237 11
238 11
239 11
240 12
241 12
242 12
243 12
244 12
245 12
246 12
247 12
248 12
249 12
250 12
251 12
252 12
253 12
254 12
255 12
256 12
257 12
258 12
259 12
260 13
261 13
262 13
263 13
264 13
265 13
266 13
267 13
268 13
269 13
270 13
271 13
272 13
273 13
274 13
275 13
276 13
277 13
278 13
279 13
280 14
281 14
282 14
283 14
284 14
285 14
286 14
287 14
288 14
289 14
290 14
291 14
292 14
293 14
294 14
295 14
296 14
297 14
298 14
299 14
300 15
301 15
302 15
303 15
304 15
305 15
306 15
307 15
308 15
309 15
310 15
311 15
312 15
313 15
314 15
315 15
316 15
317 15
318 15
319 15

2 0 0 0
2 1 0 0
3 2 0 0
3 1 0 0
4 0 0 0
4 1 0 0
5 1 0 0
5 4 0 0
6 5 0 0
6 0 0 0
7 4 0 0
7 5 0 0
8 5 0 0
8 6 0 0
9 8 0 0
9 4 0 0
10 6 0 0
10 9 0 0
11 2 0 0
11 4 0 0
12 9 0 0
12 1 0 0
13 12 0 0
13 4 0 0
14 9 0 0
14 7 0 0
15 10 0 0
15 3 0 0
16 0 0 0
16 1 0 0
17 16 0 0
17 3 0 0
18 9 0 0
18 1 0 0
19 14 0 0
19 16 0 0
0 3 0 0
0 14 0 0
1 17 0 0
1 7 0 0
22 20 1 1
22 21 1 1
23 21 1 1
23 20 1 1
24 21 1 1
24 22 1 1
25 24 1 1
25 21 1 1
26 23 1 1
26 21 1 1
27 23 1 1
27 24 1 1
28 25 1 1
28 20 1 1
29 25 1 1
29 20 1 1
30 21 1 1
30 20 1 1
31 24 1 1
31 21 1 1
32 28 1 1
32 20 1 1
33 30 1 1
33 23 1 1
34 27 1 1
34 24 1 1
35 33 1 1
35 24 1 1
36 20 1 1
36 31 1 1
37 27 1 1
37 21 1 1
38 30 1 1
38 27 1 1
39 32 1 1
39 31 1 1
20 39 1 1
20 26 1 1
21 34 1 1
21 32 1 1
42 40 2 2
42 41 2 2
43 41 2 2
43 42 2 2
44 42 2 2
44 40 2 2
45 44 2 2
45 43 2 2
46 42 2 2
46 43 2 2
47 46 2 2
47 41 2 2
48 41 2 2
48 40 2 2
49 43 2 2
49 46 2 2
50 48 2 2
50 46 2 2
51 40 2 2
51 50 2 2
52 50 2 2
52 48 2 2
53 49 2 2
53 44 2 2
54 44 2 2
54 49 2 2
55 48 2 2
55 46 2 2
56 50 2 2
56 45 2 2
57 56 2 2
57 52 2 2
58 49 2 2
58 42 2 2
59 58 2 2
59 54 2 2
40 52 2 2
40 50 2 2
41 50 2 2
41 51 2 2
62 60 3 3
62 61 3 3
63 60 3 3
63 61 3 3
64 63 3 3
64 61 3 3
65 61 3 3
65 63 3 3
66 62 3 3
66 64 3 3
67 65 3 3
67 62 3 3
68 66 3 3
68 63 3 3
69 64 3 3
69 65 3 3
70 60 3 3
70 68 3 3
71 70 3 3
71 61 3 3
72 65 3 3
72 68 3 3
73 65 3 3
73 68 3 3
74 73 3 3
74 61 3 3
75 65 3 3
75 72 3 3
76 64 3 3
76 62 3 3
77 66 3 3
77 69 3 3
78 65 3 3
78 74 3 3
79 69 3 3
79 75 3 3
60 76 3 3
60 77 3 3
61 79 3 3
61 70 3 3
82 81 4 4
82 80 4 4
83 82 4 4
83 81 4 4
84 82 4 4
84 83 4 4
85 80 4 4
85 81 4 4
86 83 4 4
86 81 4 4
87 81 4 4
87 85 4 4
88 83 4 4
88 81 4 4
89 88 4 4
89 82 4 4
90 86 4 4
90 87 4 4
91 83 4 4
91 80 4 4
92 83 4 4
92 88 4 4
93 87 4 4
93 86 4 4
94 80 4 4
94 82 4 4
95 87 4 4
95 90 4 4
96 95 4 4
96 84 4 4
97 89 4 4
97 91 4 4
98 83 4 4
98 80 4 4
99 83 4 4
99 88 4 4
80 89 4 4
80 97 4 4
81 91 4 4
81 90 4 4
102 100 5 5
102 101 5 5
103 102 5 5
103 100 5 5
104 102 5 5
104 101 5 5
105 104 5 5
105 100 5 5
106 104 5 5
106 103 5 5
107 104 5 5
107 106 5 5
108 106 5 5
108 102 5 5
109 102 5 5
109 105 5 5
110 105 5 5
110 101 5 5
111 109 5 5
111 105 5 5
112 107 5 5
112 102 5 5
113 106 5 5
113 102 5 5
114 108 5 5
114 109 5 5
115 101 5 5
115 106 5 5
116 113 5 5
116 104 5 5
117 105 5 5
117 106 5 5
118 110 5 5
118 105 5 5
119 114 5 5
119 108 5 5
100 113 5 5
100 119 5 5
101 105 5 5
101 109 5 5
122 121 6 6
122 120 6 6
123 121 6 6
123 120 6 6
124 123 6 6
124 121 6 6
125 124 6 6
125 123 6 6
126 123 6 6
126 124 6 6
127 124 6 6
127 125 6 6
128 121 6 6
128 124 6 6
129 124 6 6
129 125 6 6
130 122 6 6
130 129 6 6
131 123 6 6
131 130 6 6
132 121 6 6
132 123 6 6
133 125 6 6
133 129 6 6
134 122 6 6
134 132 6 6
135 123 6 6
135 122 6 6
136 130 6 6
136 125 6 6
137 135 6 6
137 122 6 6
138 130 6 6
138 122 6 6
139 122 6 6
139 132 6 6
120 130 6 6
120 132 6 6
121 126 6 6
121 130 6 6
142 140 7 7
142 141 7 7
143 142 7 7
143 141 7 7
144 142 7 7
144 141 7 7
145 141 7 7
145 143 7 7
146 144 7 7
146 140 7 7
147 141 7 7
147 142 7 7
148 146 7 7
148 145 7 7
149 145 7 7
149 144 7 7
150 145 7 7
150 142 7 7
151 143 7 7
151 145 7 7
152 150 7 7
152 146 7 7
153 149 7 7
153 146 7 7
154 142 7 7
154 149 7 7
155 143 7 7
155 154 7 7
156 140 7 7
156 145 7 7
157 142 7 7
157 153 7 7
158 156 7 7
158 141 7 7
159 155 7 7
159 150 7 7
140 145 7 7
140 151 7 7
141 150 7 7
141 146 7 7
162 161 8 8
162 160 8 8
163 161 8 8
163 160 8 8
164 160 8 8
164 163 8 8
165 160 8 8
165 161 8 8
166 161 8 8
166 165 8 8
167 163 8 8
167 160 8 8
168 160 8 8
168 164 8 8
169 167 8 8
169 168 8 8
170 163 8 8
170 165 8 8
171 160 8 8
171 166 8 8
172 169 8 8
172 167 8 8
173 160 8 8
173 165 8 8
174 163 8 8
174 168 8 8
175 171 8 8
175 166 8 8
176 168 8 8
176 171 8 8
177 169 8 8
177 167 8 8
178 167 8 8
178 168 8 8
179 163 8 8
179 160 8 8
160 172 8 8
160 174 8 8
161 174 8 8
161 179 8 8
182 180 9 9
182 181 9 9
183 182 9 9
183 180 9 9
184 180 9 9
184 183 9 9
185 181 9 9
185 183 9 9
186 183 9 9
186 185 9 9
187 180 9 9
187 183 9 9
188 181 9 9
188 185 9 9
189 182 9 9
189 185 9 9
190 180 9 9
190 183 9 9
191 189 9 9
191 181 9 9
192 182 9 9
192 191 9 9
193 180 9 9
193 187 9 9
194 193 9 9
194 191 9 9
195 191 9 9
195 188 9 9
196 180 9 9
196 191 9 9
197 191 9 9
197 185 9 9
198 197 9 9
198 185 9 9
199 188 9 9
199 182 9 9
180 195 9 9
180 194 9 9
181 198 9 9
181 196 9 9
202 200 10 10
202 201 10 10
203 201 10 10
203 200 10 10
204 201 10 10
204 200 10 10
205 200 10 10
205 201 10 10
206 203 10 10
206 202 10 10
207 205 10 10
207 200 10 10
208 206 10 10
208 203 10 10
209 204 10 10
209 208 10 10
210 207 10 10
210 209 10 10
211 200 10 10
211 206 10 10
212 200 10 10
212 204 10 10
213 206 10 10
213 201 10 10
214 208 10 10
214 213 10 10
215 204 10 10
215 206 10 10
216 212 10 10
216 215 10 10
217 203 10 10
217 202 10 10
218 210 10 10
218 212 10 10
219 207 10 10
219 216 10 10
200 219 10 10
200 210 10 10
201 209 10 10
201 210 10 10
222 220 11 11
222 221 11 11
223 222 11 11
223 221 11 11
224 220 11 11
224 222 11 11
225 222 11 11
225 220 11 11
226 220 11 11
226 225 11 11
227 220 11 11
227 221 11 11
228 220 11 11
228 227 11 11
229 222 11 11
229 227 11 11
230 227 11 11
230 225 11 11
231 224 11 11
231 229 11 11
232 221 11 11
232 229 11 11
233 224 11 11
233 231 11 11
234 232 11 11
234 231 11 11
235 225 11 11
235 232 11 11
236 233 11 11
236 224 11 11
237 229 11 11
237 236 11 11
238 231 11 11
238 220 11 11
239 226 11 11
239 228 11 11
220 239 11 11
220 232 11 11
221 226 11 11
221 229 11 11
242 241 12 12
242 240 12 12
243 242 12 12
243 240 12 12
244 242 12 12
244 240 12 12
245 241 12 12
245 240 12 12
246 244 12 12
246 243 12 12
247 246 12 12
247 240 12 12
248 242 12 12
248 240 12 12
249 248 12 12
249 243 12 12
250 243 12 12
250 249 12 12
251 242 12 12
251 241 12 12
252 250 12 12
252 248 12 12
253 245 12 12
253 240 12 12
254 242 12 12
254 246 12 12
255 248 12 12
255 249 12 12
256 240 12 12
256 248 12 12
257 246 12 12
257 248 12 12
258 255 12 12
258 250 12 12
259 250 12 12
259 258 12 12
240 258 12 12
240 259 12 12
241 255 12 12
241 257 12 12
262 260 13 13
262 261 13 13
263 260 13 13
263 261 13 13
264 263 13 13
264 262 13 13
265 262 13 13
265 264 13 13
266 261 13 13
266 263 13 13
267 262 13 13
267 266 13 13
268 263 13 13
268 261 13 13
269 265 13 13
269 260 13 13
270 267 13 13
270 266 13 13
271 260 13 13
271 264 13 13
272 271 13 13
272 262 13 13
273 272 13 13
273 261 13 13
274 261 13 13
274 271 13 13
275 264 13 13
275 274 13 13
276 266 13 13
276 271 13 13
277 262 13 13
277 275 13 13
278 271 13 13
278 273 13 13
279 264 13 13
279 276 13 13
260 268 13 13
260 279 13 13
261 272 13 13
261 276 13 13
282 281 14 14
282 280 14 14
283 282 14 14
283 281 14 14
284 281 14 14
284 282 14 14
285 283 14 14
285 280 14 14
286 283 14 14
286 284 14 14
287 281 14 14
287 286 14 14
288 284 14 14
288 287 14 14
289 282 14 14
289 284 14 14
290 282 14 14
290 284 14 14
291 288 14 14
291 284 14 14
292 287 14 14
292 291 14 14
293 285 14 14
293 284 14 14
294 281 14 14
294 282 14 14
295 294 14 14
295 282 14 14
296 285 14 14
296 282 14 14
297 295 14 14
297 287 14 14
298 288 14 14
298 286 14 14
299 297 14 14
299 295 14 14
280 295 14 14
280 294 14 14
281 285 14 14
281 293 14 14
302 300 15 15
302 301 15 15
303 301 15 15
303 300 15 15
304 301 15 15
304 300 15 15
305 302 15 15
305 301 15 15
306 303 15 15
306 302 15 15
307 303 15 15
307 302 15 15
308 304 15 15
308 303 15 15
309 306 15 15
309 308 15 15
310 308 15 15
310 302 15 15
311 302 15 15
311 306 15 15
312 305 15 15
312 310 15 15
313 300 15 15
313 307 15 15
314 306 15 15
314 300 15 15
315 313 15 15
315 303 15 15
316 313 15 15
316 303 15 15
317 308 15 15
317 309 15 15
318 317 15 15
318 300 15 15
319 300 15 15
319 304 15 15
300 317 15 15
300 307 15 15
301 316 15 15
301 314 15 15
51 30 2 1
52 10 2 0
72 55 3 2
76 23 3 1
89 0 4 0
97 21 4 1
103 36 5 1
109 60 5 3
136 116 6 5
138 91 6 4
154 4 7 0
141 37 7 1
170 45 8 2
175 116 8 5
181 0 9 0
199 83 9 4
202 44 10 2
202 187 10 9
229 212 11 10
235 192 11 9
249 136 12 6
242 23 12 1
277 98 13 4
274 144 13 7
298 84 14 4
280 185 14 9
314 87 15 4
319 34 15 1
16 269 0 13
19 241 0 12
20 129 1 6
31 287 1 14
