swNum = 320
edgeNum = 672

0 0
1 0
2 0
3 0
4 0
5 0
6 0
7 0
8 0
9 0
10 0
11 0
12 0
13 0
14 0
15 0
16 0
17 0
18 0
19 0
20 1
21 1
22 1
23 1
24 1
25 1
26 1
27 1
28 1
29 1
30 1
31 1
32 1
33 1
34 1
35 1
36 1
37 1
38 1
39 1
40 2
41 2
42 2
43 2
44 2
45 2
46 2
47 2
48 2
49 2
50 2
51 2
52 2
53 2
54 2
55 2
56 2
57 2
58 2
59 2
60 3
61 3
62 3
63 3
64 3
65 3
66 3
67 3
68 3
69 3
70 3
71 3
72 3
73 3
74 3
75 3
76 3
77 3
78 3
79 3
80 4
81 4
82 4
83 4
84 4
85 4
86 4
87 4
88 4
89 4
90 4
91 4
92 4
93 4
94 4
95 4
96 4
97 4
98 4
99 4
100 5
101 5
102 5
103 5
104 5
105 5
106 5
107 5
108 5
109 5
110 5
111 5
112 5
113 5
114 5
115 5
116 5
117 5
118 5
119 5
120 6
121 6
122 6
123 6
124 6
125 6
126 6
127 6
128 6
129 6
130 6
131 6
132 6
133 6
134 6
135 6
136 6
137 6
138 6
139 6
140 7
141 7
142 7
143 7
144 7
145 7
146 7
147 7
148 7
149 7
150 7
151 7
152 7
153 7
154 7
155 7
156 7
157 7
158 7
159 7
160 8
161 8
162 8
163 8
164 8
165 8
166 8
167 8
168 8
169 8
170 8
171 8
172 8
173 8
174 8
175 8
176 8
177 8
178 8
179 8
180 9
181 9
182 9
183 9
184 9
185 9
186 9
187 9
188 9
189 9
190 9
191 9
192 9
193 9
194 9
195 9
196 9
197 9
198 9
199 9
200 10
201 10
202 10
203 10
204 10
205 10
206 10
207 10
208 10
209 10
210 10
211 10
212 10
213 10
214 10
215 10
216 10
217 10
218 10
219 10
220 11
221 11
222 11
223 11
224 11
225 11
226 11
227 11
228 11
229 11
230 11
231 11
232 11
233 11
234 11
235 11
236 11
237 11
238 11
239 11
240 12
241 12
242 12
243 12
244 12
245 12
246 12
247 12
248 12
249 12
250 12
251 12
252 12
253 12
254 12
255 12
256 12
257 12
258 12
259 12
260 13
261 13
262 13
263 13
264 13
265 13
266 13
267 13
268 13
269 13
270 13
271 13
272 13
273 13
274 13
275 13
276 13
277 13
278 13
279 13
280 14
281 14
282 14
283 14
284 14
285 14
286 14
287 14
288 14
289 14
290 14
291 14
292 14
293 14
294 14
295 14
296 14
297 14
298 14
299 14
300 15
301 15
302 15
303 15
304 15
305 15
306 15
307 15
308 15
309 15
310 15
311 15
312 15
313 15
314 15
315 15
316 15
317 15
318 15
319 15

2 1 0 0
2 0 0 0
3 0 0 0
3 2 0 0
4 1 0 0
4 0 0 0
5 1 0 0
5 2 0 0
6 2 0 0
6 1 0 0
7 2 0 0
7 1 0 0
8 6 0 0
8 0 0 0
9 7 0 0
9 8 0 0
10 3 0 0
10 7 0 0
11 7 0 0
11 3 0 0
12 8 0 0
12 7 0 0
13 11 0 0
13 7 0 0
14 6 0 0
14 11 0 0
15 4 0 0
15 13 0 0
16 15 0 0
16 12 0 0
17 14 0 0
17 9 0 0
18 10 0 0
18 9 0 0
19 1 0 0
19 8 0 0
0 7 0 0
0 11 0 0
1 14 0 0
1 8 0 0
22 21 1 1
22 20 1 1
23 20 1 1
23 22 1 1
24 20 1 1
24 21 1 1
25 22 1 1
25 24 1 1
26 24 1 1
26 20 1 1
27 26 1 1
27 23 1 1
28 25 1 1
28 23 1 1
29 26 1 1
29 25 1 1
30 29 1 1
30 28 1 1
31 28 1 1
31 26 1 1
32 27 1 1
32 21 1 1
33 20 1 1
33 29 1 1
34 23 1 1
34 22 1 1
35 21 1 1
35 23 1 1
36 20 1 1
36 24 1 1
37 22 1 1
37 30 1 1
38 30 1 1
38 24 1 1
39 31 1 1
39 30 1 1
20 28 1 1
20 30 1 1
21 28 1 1
21 23 1 1
42 40 2 2
42 41 2 2
43 41 2 2
43 42 2 2
44 43 2 2
44 40 2 2
45 43 2 2
45 40 2 2
46 43 2 2
46 41 2 2
47 40 2 2
47 42 2 2
48 47 2 2
48 44 2 2
49 45 2 2
49 46 2 2
50 46 2 2
50 43 2 2
51 46 2 2
51 47 2 2
52 46 2 2
52 40 2 2
53 40 2 2
53 42 2 2
54 52 2 2
54 53 2 2
55 52 2 2
55 51 2 2
56 41 2 2
56 49 2 2
57 42 2 2
57 53 2 2
58 48 2 2
58 43 2 2
59 44 2 2
59 45 2 2
40 48 2 2
40 54 2 2
41 54 2 2
41 59 2 2
62 61 3 3
62 60 3 3
63 62 3 3
63 60 3 3
64 60 3 3
64 61 3 3
65 63 3 3
65 64 3 3
66 65 3 3
66 64 3 3
67 62 3 3
67 60 3 3
68 66 3 3
68 65 3 3
69 64 3 3
69 62 3 3
70 64 3 3
70 66 3 3
71 64 3 3
71 61 3 3
72 68 3 3
72 64 3 3
73 64 3 3
73 66 3 3
74 64 3 3
74 70 3 3
75 65 3 3
75 70 3 3
76 69 3 3
76 61 3 3
77 73 3 3
77 64 3 3
78 69 3 3
78 73 3 3
79 74 3 3
79 64 3 3
60 75 3 3
60 70 3 3
61 69 3 3
61 72 3 3
82 80 4 4
82 81 4 4
83 80 4 4
83 82 4 4
84 83 4 4
84 82 4 4
85 83 4 4
85 82 4 4
86 84 4 4
86 85 4 4
87 83 4 4
87 84 4 4
88 84 4 4
88 86 4 4
89 83 4 4
89 84 4 4
90 82 4 4
90 86 4 4
91 86 4 4
91 90 4 4
92 86 4 4
92 85 4 4
93 91 4 4
93 85 4 4
94 90 4 4
94 91 4 4
95 83 4 4
95 80 4 4
96 86 4 4
96 91 4 4
97 87 4 4
97 94 4 4
98 90 4 4
98 83 4 4
99 88 4 4
99 83 4 4
80 88 4 4
80 87 4 4
81 91 4 4
81 84 4 4
102 100 5 5
102 101 5 5
103 100 5 5
103 102 5 5
104 100 5 5
104 103 5 5
105 102 5 5
105 101 5 5
106 105 5 5
106 100 5 5
107 103 5 5
107 104 5 5
108 105 5 5
108 103 5 5
109 108 5 5
109 104 5 5
110 101 5 5
110 108 5 5
111 103 5 5
111 102 5 5
112 102 5 5
112 111 5 5
113 100 5 5
113 101 5 5
114 111 5 5
114 101 5 5
115 105 5 5
115 100 5 5
116 111 5 5
116 110 5 5
117 113 5 5
117 109 5 5
118 114 5 5
118 103 5 5
119 114 5 5
119 115 5 5
100 105 5 5
100 111 5 5
101 119 5 5
101 108 5 5
122 120 6 6
122 121 6 6
123 121 6 6
123 120 6 6
124 123 6 6
124 121 6 6
125 120 6 6
125 122 6 6
126 123 6 6
126 124 6 6
127 123 6 6
127 125 6 6
128 122 6 6
128 121 6 6
129 125 6 6
129 127 6 6
130 125 6 6
130 120 6 6
131 124 6 6
131 122 6 6
132 129 6 6
132 120 6 6
133 123 6 6
133 128 6 6
134 124 6 6
134 128 6 6
135 134 6 6
135 128 6 6
136 131 6 6
136 127 6 6
137 134 6 6
137 132 6 6
138 124 6 6
138 129 6 6
139 133 6 6
139 128 6 6
120 139 6 6
120 133 6 6
121 127 6 6
121 125 6 6
142 140 7 7
142 141 7 7
143 142 7 7
143 140 7 7
144 141 7 7
144 142 7 7
145 144 7 7
145 143 7 7
146 140 7 7
146 143 7 7
147 146 7 7
147 143 7 7
148 145 7 7
148 143 7 7
149 140 7 7
149 142 7 7
150 148 7 7
150 147 7 7
151 149 7 7
151 146 7 7
152 147 7 7
152 142 7 7
153 140 7 7
153 149 7 7
154 150 7 7
154 140 7 7
155 149 7 7
155 140 7 7
156 150 7 7
156 140 7 7
157 146 7 7
157 153 7 7
158 147 7 7
158 146 7 7
159 143 7 7
159 146 7 7
140 150 7 7
140 152 7 7
141 153 7 7
141 149 7 7
162 160 8 8
162 161 8 8
163 161 8 8
163 160 8 8
164 160 8 8
164 162 8 8
165 162 8 8
165 164 8 8
166 165 8 8
166 164 8 8
167 164 8 8
167 163 8 8
168 167 8 8
168 162 8 8
169 167 8 8
169 162 8 8
170 161 8 8
170 160 8 8
171 160 8 8
171 170 8 8
172 170 8 8
172 163 8 8
173 167 8 8
173 162 8 8
174 163 8 8
174 166 8 8
175 169 8 8
175 174 8 8
176 164 8 8
176 174 8 8
177 174 8 8
177 170 8 8
178 163 8 8
178 169 8 8
179 165 8 8
179 162 8 8
160 175 8 8
160 173 8 8
161 176 8 8
161 169 8 8
182 180 9 9
182 181 9 9
183 180 9 9
183 181 9 9
184 181 9 9
184 180 9 9
185 182 9 9
185 180 9 9
186 180 9 9
186 183 9 9
187 182 9 9
187 181 9 9
188 187 9 9
188 185 9 9
189 181 9 9
189 184 9 9
190 181 9 9
190 189 9 9
191 180 9 9
191 186 9 9
192 191 9 9
192 180 9 9
193 188 9 9
193 192 9 9
194 192 9 9
194 190 9 9
195 186 9 9
195 183 9 9
196 185 9 9
196 193 9 9
197 196 9 9
197 195 9 9
198 180 9 9
198 188 9 9
199 195 9 9
199 181 9 9
180 193 9 9
180 195 9 9
181 195 9 9
181 194 9 9
202 200 10 10
202 201 10 10
203 202 10 10
203 200 10 10
204 202 10 10
204 200 10 10
205 200 10 10
205 203 10 10
206 202 10 10
206 204 10 10
207 204 10 10
207 201 10 10
208 202 10 10
208 200 10 10
209 202 10 10
209 204 10 10
210 209 10 10
210 202 10 10
211 208 10 10
211 204 10 10
212 200 10 10
212 210 10 10
213 204 10 10
213 203 10 10
214 211 10 10
214 208 10 10
215 204 10 10
215 205 10 10
216 215 10 10
216 200 10 10
217 210 10 10
217 207 10 10
218 201 10 10
218 204 10 10
219 212 10 10
219 203 10 10
200 206 10 10
200 213 10 10
201 203 10 10
201 206 10 10
222 220 11 11
222 221 11 11
223 221 11 11
223 220 11 11
224 223 11 11
224 221 11 11
225 222 11 11
225 220 11 11
226 225 11 11
226 222 11 11
227 223 11 11
227 225 11 11
228 225 11 11
228 223 11 11
229 226 11 11
229 224 11 11
230 221 11 11
230 226 11 11
231 221 11 11
231 228 11 11
232 225 11 11
232 227 11 11
233 224 11 11
233 222 11 11
234 224 11 11
234 223 11 11
235 226 11 11
235 228 11 11
236 231 11 11
236 224 11 11
237 221 11 11
237 234 11 11
238 237 11 11
238 232 11 11
239 238 11 11
239 228 11 11
220 229 11 11
220 233 11 11
221 238 11 11
221 227 11 11
242 241 12 12
242 240 12 12
243 241 12 12
243 240 12 12
244 242 12 12
244 243 12 12
245 242 12 12
245 244 12 12
246 241 12 12
246 243 12 12
247 243 12 12
247 244 12 12
248 241 12 12
248 245 12 12
249 245 12 12
249 243 12 12
250 243 12 12
250 241 12 12
251 242 12 12
251 250 12 12
252 246 12 12
252 244 12 12
253 251 12 12
253 250 12 12
254 241 12 12
254 244 12 12
255 241 12 12
255 246 12 12
256 240 12 12
256 253 12 12
257 246 12 12
257 249 12 12
258 242 12 12
258 255 12 12
259 255 12 12
259 253 12 12
240 254 12 12
240 250 12 12
241 247 12 12
241 258 12 12
262 260 13 13
262 261 13 13
263 260 13 13
263 262 13 13
264 262 13 13
264 260 13 13
265 262 13 13
265 263 13 13
266 261 13 13
266 264 13 13
267 264 13 13
267 266 13 13
268 264 13 13
268 267 13 13
269 265 13 13
269 262 13 13
270 264 13 13
270 263 13 13
271 261 13 13
271 263 13 13
272 261 13 13
272 263 13 13
273 260 13 13
273 271 13 13
274 263 13 13
274 262 13 13
275 263 13 13
275 273 13 13
276 269 13 13
276 271 13 13
277 271 13 13
277 272 13 13
278 268 13 13
278 260 13 13
279 267 13 13
279 260 13 13
260 266 13 13
260 267 13 13
261 276 13 13
261 267 13 13
282 280 14 14
282 281 14 14
283 280 14 14
283 281 14 14
284 280 14 14
284 282 14 14
285 280 14 14
285 284 14 14
286 284 14 14
286 281 14 14
287 284 14 14
287 280 14 14
288 283 14 14
288 281 14 14
289 287 14 14
289 280 14 14
290 283 14 14
290 286 14 14
291 281 14 14
291 287 14 14
292 287 14 14
292 282 14 14
293 285 14 14
293 280 14 14
294 283 14 14
294 288 14 14
295 288 14 14
295 290 14 14
296 280 14 14
296 283 14 14
297 296 14 14
297 285 14 14
298 295 14 14
298 284 14 14
299 286 14 14
299 283 14 14
280 292 14 14
280 299 14 14
281 298 14 14
281 290 14 14
302 300 15 15
302 301 15 15
303 300 15 15
303 302 15 15
304 300 15 15
304 301 15 15
305 303 15 15
305 304 15 15
306 301 15 15
306 300 15 15
307 303 15 15
307 304 15 15
308 304 15 15
308 303 15 15
309 306 15 15
309 304 15 15
310 304 15 15
310 303 15 15
311 305 15 15
311 302 15 15
312 307 15 15
312 304 15 15
313 310 15 15
313 307 15 15
314 303 15 15
314 313 15 15
315 311 15 15
315 308 15 15
316 309 15 15
316 308 15 15
317 309 15 15
317 304 15 15
318 302 15 15
318 304 15 15
319 300 15 15
319 306 15 15
300 310 15 15
300 314 15 15
301 310 15 15
301 307 15 15
45 11 2 0
44 25 2 1
68 23 3 1
70 57 3 2
89 11 4 0
90 31 4 1
106 13 5 0
104 96 5 4
138 75 6 3
131 39 6 1
149 104 7 5
157 47 7 2
176 28 8 1
169 135 8 6
186 121 9 6
197 72 9 3
206 179 10 8
218 147 10 7
227 135 11 6
224 189 11 9
248 83 12 4
249 160 12 8
267 231 13 11
275 76 13 3
290 193 14 9
281 239 14 11
307 26 15 1
307 149 15 7
10 170 0 8
19 259 0 12
37 218 1 10
27 256 1 12
