swNum = 320
edgeNum = 672

0 0
1 0
2 0
3 0
4 0
5 0
6 0
7 0
8 0
9 0
10 0
11 0
12 0
13 0
14 0
15 0
16 0
17 0
18 0
19 0
20 1
21 1
22 1
23 1
24 1
25 1
26 1
27 1
28 1
29 1
30 1
31 1
32 1
33 1
34 1
35 1
36 1
37 1
38 1
39 1
40 2
41 2
42 2
43 2
44 2
45 2
46 2
47 2
48 2
49 2
50 2
51 2
52 2
53 2
54 2
55 2
56 2
57 2
58 2
59 2
60 3
61 3
62 3
63 3
64 3
65 3
66 3
67 3
68 3
69 3
70 3
71 3
72 3
73 3
74 3
75 3
76 3
77 3
78 3
79 3
80 4
81 4
82 4
83 4
84 4
85 4
86 4
87 4
88 4
89 4
90 4
91 4
92 4
93 4
94 4
95 4
96 4
97 4
98 4
99 4
100 5
101 5
102 5
103 5
104 5
105 5
106 5
107 5
108 5
109 5
110 5
111 5
112 5
113 5
114 5
115 5
116 5
117 5
118 5
119 5
120 6
121 6
122 6
123 6
124 6
125 6
126 6
127 6
128 6
129 6
130 6
131 6
132 6
133 6
134 6
135 6
136 6
137 6
138 6
139 6
140 7
141 7
142 7
143 7
144 7
145 7
146 7
147 7
148 7
149 7
150 7
151 7
152 7
153 7
154 7
155 7
156 7
157 7
158 7
159 7
160 8
161 8
162 8
163 8
164 8
165 8
166 8
167 8
168 8
169 8
170 8
171 8
172 8
173 8
174 8
175 8
176 8
177 8
178 8
179 8
180 9
181 9
182 9
183 9
184 9
185 9
186 9
187 9
188 9
189 9
190 9
191 9
192 9
193 9
194 9
195 9
196 9
197 9
198 9
199 9
200 10
201 10
202 10
203 10
204 10
205 10
206 10
207 10
208 10
209 10
210 10
211 10
212 10
213 10
214 10
215 10
216 10
217 10
218 10
219 10
220 11
221 11
222 11
223 11
224 11
225 11
226 11
227 11
228 11
229 11
230 11
231 11
232 11
233 11
234 11
235 11
236 11
237 11
238 11
239 11
240 12
241 12
242 12
243 12
244 12
245 12
246 12
247 12
248 12
249 12
250 12
251 12
252 12
253 12
254 12
255 12
256 12
257 12
258 12
259 12
260 13
261 13
262 13
263 13
264 13
265 13
266 13
267 13
268 13
269 13
270 13
271 13
272 13
273 13
274 13
275 13
276 13
277 13
278 13
279 13
280 14
281 14
282 14
283 14
284 14
285 14
286 14
287 14
288 14
289 14
290 14
291 14
292 14
293 14
294 14
295 14
296 14
297 14
298 14
299 14
300 15
301 15
302 15
303 15
304 15
305 15
306 15
307 15
308 15
309 15
310 15
311 15
312 15
313 15
314 15
315 15
316 15
317 15
318 15
319 15

2 0 0 0
2 1 0 0
3 1 0 0
3 0 0 0
4 1 0 0
4 3 0 0
5 0 0 0
5 3 0 0
6 3 0 0
6 4 0 0
7 5 0 0
7 3 0 0
8 2 0 0
8 4 0 0
9 6 0 0
9 7 0 0
10 5 0 0
10 2 0 0
11 4 0 0
11 0 0 0
12 11 0 0
12 9 0 0
13 0 0 0
13 12 0 0
14 0 0 0
14 2 0 0
15 8 0 0
15 11 0 0
16 13 0 0
16 1 0 0
17 8 0 0
17 6 0 0
18 16 0 0
18 14 0 0
19 2 0 0
19 18 0 0
0 18 0 0
0 4 0 0
1 14 0 0
1 18 0 0
22 20 1 1
22 21 1 1
23 20 1 1
23 21 1 1
24 23 1 1
24 21 1 1
25 20 1 1
25 24 1 1
26 22 1 1
26 23 1 1
27 22 1 1
27 25 1 1
28 25 1 1
28 21 1 1
29 22 1 1
29 25 1 1
30 24 1 1
30 21 1 1
31 30 1 1
31 21 1 1
32 30 1 1
32 26 1 1
33 27 1 1
33 28 1 1
34 31 1 1
34 26 1 1
35 26 1 1
35 32 1 1
36 34 1 1
36 26 1 1
37 25 1 1
37 29 1 1
38 29 1 1
38 34 1 1
39 27 1 1
39 30 1 1
20 29 1 1
20 30 1 1
21 38 1 1
21 26 1 1
42 41 2 2
42 40 2 2
43 40 2 2
43 42 2 2
44 43 2 2
44 42 2 2
45 42 2 2
45 41 2 2
46 43 2 2
46 42 2 2
47 45 2 2
47 44 2 2
48 42 2 2
48 46 2 2
49 47 2 2
49 46 2 2
50 46 2 2
50 45 2 2
51 41 2 2
51 45 2 2
52 48 2 2
52 41 2 2
53 49 2 2
53 50 2 2
54 46 2 2
54 41 2 2
55 49 2 2
55 50 2 2
56 43 2 2
56 50 2 2
57 48 2 2
57 56 2 2
58 42 2 2
58 53 2 2
59 51 2 2
59 41 2 2
40 55 2 2
40 59 2 2
41 58 2 2
41 50 2 2
62 60 3 3
62 61 3 3
63 60 3 3
63 61 3 3
64 60 3 3
64 63 3 3
65 63 3 3
65 64 3 3
66 60 3 3
66 64 3 3
67 64 3 3
67 62 3 3
68 64 3 3
68 65 3 3
69 66 3 3
69 68 3 3
70 69 3 3
70 65 3 3
71 65 3 3
71 68 3 3
72 65 3 3
72 71 3 3
73 71 3 3
73 68 3 3
74 71 3 3
74 68 3 3
75 66 3 3
75 60 3 3
76 74 3 3
76 65 3 3
77 61 3 3
77 69 3 3
78 65 3 3
78 71 3 3
79 77 3 3
79 63 3 3
60 70 3 3
60 73 3 3
61 69 3 3
61 66 3 3
82 80 4 4
82 81 4 4
83 80 4 4
83 82 4 4
84 80 4 4
84 83 4 4
85 82 4 4
85 83 4 4
86 80 4 4
86 85 4 4
87 82 4 4
87 86 4 4
88 85 4 4
88 83 4 4
89 81 4 4
89 85 4 4
90 89 4 4
90 81 4 4
91 84 4 4
91 88 4 4
92 80 4 4
92 86 4 4
93 83 4 4
93 90 4 4
94 88 4 4
94 81 4 4
95 92 4 4
95 89 4 4
96 82 4 4
96 89 4 4
97 84 4 4
97 86 4 4
98 93 4 4
98 81 4 4
99 82 4 4
99 89 4 4
80 96 4 4
80 94 4 4
81 97 4 4
81 99 4 4
102 100 5 5
102 101 5 5
103 100 5 5
103 102 5 5
104 101 5 5
104 103 5 5
105 100 5 5
105 102 5 5
106 100 5 5
106 103 5 5
107 100 5 5
107 101 5 5
108 100 5 5
108 106 5 5
109 106 5 5
109 108 5 5
110 106 5 5
110 104 5 5
111 106 5 5
111 100 5 5
112 111 5 5
112 109 5 5
113 110 5 5
113 109 5 5
114 109 5 5
114 106 5 5
115 103 5 5
115 104 5 5
116 104 5 5
116 107 5 5
117 111 5 5
117 103 5 5
118 103 5 5
118 111 5 5
119 100 5 5
119 117 5 5
100 104 5 5
100 114 5 5
101 116 5 5
101 117 5 5
122 120 6 6
122 121 6 6
123 121 6 6
123 120 6 6
124 123 6 6
124 121 6 6
125 121 6 6
125 123 6 6
126 124 6 6
126 120 6 6
127 120 6 6
127 126 6 6
128 126 6 6
128 123 6 6
129 121 6 6
129 125 6 6
130 121 6 6
130 125 6 6
131 126 6 6
131 120 6 6
132 128 6 6
132 121 6 6
133 126 6 6
133 127 6 6
134 123 6 6
134 121 6 6
135 126 6 6
135 125 6 6
136 125 6 6
136 123 6 6
137 121 6 6
137 127 6 6
138 131 6 6
138 125 6 6
139 131 6 6
139 130 6 6
120 124 6 6
120 135 6 6
121 126 6 6
121 128 6 6
142 141 7 7
142 140 7 7
143 142 7 7
143 141 7 7
144 143 7 7
144 140 7 7
145 143 7 7
145 141 7 7
146 143 7 7
146 141 7 7
147 144 7 7
147 140 7 7
148 141 7 7
148 142 7 7
149 147 7 7
149 143 7 7
150 140 7 7
150 144 7 7
151 150 7 7
151 140 7 7
152 142 7 7
152 141 7 7
153 148 7 7
153 144 7 7
154 141 7 7
154 147 7 7
155 145 7 7
155 147 7 7
156 152 7 7
156 144 7 7
157 148 7 7
157 150 7 7
158 145 7 7
158 153 7 7
159 143 7 7
159 142 7 7
140 145 7 7
140 154 7 7
141 158 7 7
141 153 7 7
162 160 8 8
162 161 8 8
163 161 8 8
163 162 8 8
164 161 8 8
164 163 8 8
165 161 8 8
165 163 8 8
166 165 8 8
166 164 8 8
167 164 8 8
167 166 8 8
168 164 8 8
168 166 8 8
169 164 8 8
169 168 8 8
170 165 8 8
170 163 8 8
171 167 8 8
171 170 8 8
172 160 8 8
172 169 8 8
173 166 8 8
173 172 8 8
174 164 8 8
174 172 8 8
175 162 8 8
175 160 8 8
176 162 8 8
176 175 8 8
177 173 8 8
177 164 8 8
178 165 8 8
178 171 8 8
179 176 8 8
179 161 8 8
160 165 8 8
160 179 8 8
161 171 8 8
161 175 8 8
182 180 9 9
182 181 9 9
183 181 9 9
183 180 9 9
184 181 9 9
184 183 9 9
185 180 9 9
185 181 9 9
186 184 9 9
186 181 9 9
187 185 9 9
187 184 9 9
188 181 9 9
188 183 9 9
189 185 9 9
189 187 9 9
190 183 9 9
190 188 9 9
191 190 9 9
191 180 9 9
192 187 9 9
192 191 9 9
193 187 9 9
193 192 9 9
194 187 9 9
194 188 9 9
195 184 9 9
195 187 9 9
196 190 9 9
196 184 9 9
197 189 9 9
197 188 9 9
198 184 9 9
198 189 9 9
199 193 9 9
199 188 9 9
180 190 9 9
180 193 9 9
181 197 9 9
181 191 9 9
202 200 10 10
202 201 10 10
203 200 10 10
203 202 10 10
204 200 10 10
204 202 10 10
205 204 10 10
205 203 10 10
206 202 10 10
206 201 10 10
207 200 10 10
207 202 10 10
208 206 10 10
208 200 10 10
209 201 10 10
209 206 10 10
210 208 10 10
210 205 10 10
211 204 10 10
211 210 10 10
212 207 10 10
212 211 10 10
213 205 10 10
213 208 10 10
214 211 10 10
214 200 10 10
215 203 10 10
215 208 10 10
216 209 10 10
216 204 10 10
217 200 10 10
217 208 10 10
218 206 10 10
218 208 10 10
219 207 10 10
219 211 10 10
200 205 10 10
200 216 10 10
201 215 10 10
201 204 10 10
222 221 11 11
222 220 11 11
223 221 11 11
223 220 11 11
224 222 11 11
224 220 11 11
225 221 11 11
225 223 11 11
226 223 11 11
226 220 11 11
227 221 11 11
227 223 11 11
228 224 11 11
228 227 11 11
229 223 11 11
229 222 11 11
230 223 11 11
230 222 11 11
231 220 11 11
231 223 11 11
232 223 11 11
232 231 11 11
233 222 11 11
233 232 11 11
234 232 11 11
234 223 11 11
235 227 11 11
235 225 11 11
236 235 11 11
236 232 11 11
237 223 11 11
237 231 11 11
238 234 11 11
238 225 11 11
239 232 11 11
239 235 11 11
220 230 11 11
220 232 11 11
221 237 11 11
221 228 11 11
242 241 12 12
242 240 12 12
243 240 12 12
243 242 12 12
244 243 12 12
244 240 12 12
245 240 12 12
245 241 12 12
246 242 12 12
246 241 12 12
247 241 12 12
247 243 12 12
248 246 12 12
248 243 12 12
249 248 12 12
249 242 12 12
250 240 12 12
250 248 12 12
251 240 12 12
251 247 12 12
252 245 12 12
252 242 12 12
253 250 12 12
253 251 12 12
254 244 12 12
254 252 12 12
255 244 12 12
255 251 12 12
256 240 12 12
256 243 12 12
257 241 12 12
257 248 12 12
258 247 12 12
258 240 12 12
259 253 12 12
259 240 12 12
240 246 12 12
240 254 12 12
241 256 12 12
241 254 12 12
262 260 13 13
262 261 13 13
263 262 13 13
263 260 13 13
264 263 13 13
264 260 13 13
265 262 13 13
265 261 13 13
266 262 13 13
266 260 13 13
267 264 13 13
267 260 13 13
268 267 13 13
268 263 13 13
269 265 13 13
269 266 13 13
270 264 13 13
270 262 13 13
271 265 13 13
271 268 13 13
272 264 13 13
272 263 13 13
273 260 13 13
273 268 13 13
274 262 13 13
274 271 13 13
275 267 13 13
275 265 13 13
276 266 13 13
276 261 13 13
277 272 13 13
277 273 13 13
278 261 13 13
278 260 13 13
279 269 13 13
279 263 13 13
260 275 13 13
260 272 13 13
261 267 13 13
261 274 13 13
282 280 14 14
282 281 14 14
283 282 14 14
283 280 14 14
284 282 14 14
284 280 14 14
285 282 14 14
285 283 14 14
286 283 14 14
286 280 14 14
287 284 14 14
287 285 14 14
288 282 14 14
288 284 14 14
289 282 14 14
289 283 14 14
290 285 14 14
290 282 14 14
291 281 14 14
291 289 14 14
292 289 14 14
292 280 14 14
293 289 14 14
293 286 14 14
294 292 14 14
294 293 14 14
295 286 14 14
295 280 14 14
296 292 14 14
296 293 14 14
297 287 14 14
297 288 14 14
298 289 14 14
298 280 14 14
299 296 14 14
299 298 14 14
280 288 14 14
280 293 14 14
281 284 14 14
281 293 14 14
302 301 15 15
302 300 15 15
303 301 15 15
303 300 15 15
304 302 15 15
304 303 15 15
305 304 15 15
305 302 15 15
306 305 15 15
306 303 15 15
307 304 15 15
307 302 15 15
308 304 15 15
308 301 15 15
309 307 15 15
309 308 15 15
310 307 15 15
310 306 15 15
311 301 15 15
311 302 15 15
312 303 15 15
312 306 15 15
313 309 15 15
313 303 15 15
314 306 15 15
314 312 15 15
315 300 15 15
315 314 15 15
316 301 15 15
316 304 15 15
317 315 15 15
317 305 15 15
318 303 15 15
318 315 15 15
319 312 15 15
319 316 15 15
300 313 15 15
300 319 15 15
301 317 15 15
301 315 15 15
57 1 2 0
57 38 2 1
75 27 3 1
63 46 3 2
93 76 4 3
89 20 4 1
101 23 5 1
104 11 5 0
137 76 6 3
138 54 6 2
156 129 7 6
146 92 7 4
174 133 8 6
164 11 8 0
195 74 9 3
193 138 9 6
207 43 10 2
214 103 10 5
233 217 11 10
237 103 11 5
243 148 12 7
247 76 12 3
267 39 13 1
260 80 13 4
291 158 14 7
299 178 14 8
317 255 15 12
319 177 15 8
19 82 0 4
15 212 0 10
32 223 1 11
20 132 1 6
