swNum = 320
edgeNum = 672

0 0
1 0
2 0
3 0
4 0
5 0
6 0
7 0
8 0
9 0
10 0
11 0
12 0
13 0
14 0
15 0
16 0
17 0
18 0
19 0
20 1
21 1
22 1
23 1
24 1
25 1
26 1
27 1
28 1
29 1
30 1
31 1
32 1
33 1
34 1
35 1
36 1
37 1
38 1
39 1
40 2
41 2
42 2
43 2
44 2
45 2
46 2
47 2
48 2
49 2
50 2
51 2
52 2
53 2
54 2
55 2
56 2
57 2
58 2
59 2
60 3
61 3
62 3
63 3
64 3
65 3
66 3
67 3
68 3
69 3
70 3
71 3
72 3
73 3
74 3
75 3
76 3
77 3
78 3
79 3
80 4
81 4
82 4
83 4
84 4
85 4
86 4
87 4
88 4
89 4
90 4
91 4
92 4
93 4
94 4
95 4
96 4
97 4
98 4
99 4
100 5
101 5
102 5
103 5
104 5
105 5
106 5
107 5
108 5
109 5
110 5
111 5
112 5
113 5
114 5
115 5
116 5
117 5
118 5
119 5
120 6
121 6
122 6
123 6
124 6
125 6
126 6
127 6
128 6
129 6
130 6
131 6
132 6
133 6
134 6
135 6
136 6
137 6
138 6
139 6
140 7
141 7
142 7
143 7
144 7
145 7
146 7
147 7
148 7
149 7
150 7
151 7
152 7
153 7
154 7
155 7
156 7
157 7
158 7
159 7
160 8
161 8
162 8
163 8
164 8
165 8
166 8
167 8
168 8
169 8
170 8
171 8
172 8
173 8
174 8
175 8
176 8
177 8
178 8
179 8
180 9
181 9
182 9
183 9
184 9
185 9
186 9
187 9
188 9
189 9
190 9
191 9
192 9
193 9
194 9
195 9
196 9
197 9
198 9
199 9
200 10
201 10
202 10
203 10
204 10
205 10
206 10
207 10
208 10
209 10
210 10
211 10
212 10
213 10
214 10
215 10
216 10
217 10
218 10
219 10
220 11
221 11
222 11
223 11
224 11
225 11
226 11
227 11
228 11
229 11
230 11
231 11
232 11
233 11
234 11
235 11
236 11
237 11
238 11
239 11
240 12
241 12
242 12
243 12
244 12
245 12
246 12
247 12
248 12
249 12
250 12
251 12
252 12
253 12
254 12
255 12
256 12
257 12
258 12
259 12
260 13
261 13
262 13
263 13
264 13
265 13
266 13
267 13
268 13
269 13
270 13
271 13
272 13
273 13
274 13
275 13
276 13
277 13
278 13
279 13
280 14
281 14
282 14
283 14
284 14
285 14
286 14
287 14
288 14
289 14
290 14
291 14
292 14
293 14
294 14
295 14
296 14
297 14
298 14
299 14
300 15
301 15
302 15
303 15
304 15
305 15
306 15
307 15
308 15
309 15
310 15
311 15
312 15
313 15
314 15
315 15
316 15
317 15
318 15
319 15

2 0 0 0
2 1 0 0
3 0 0 0
3 2 0 0
4 0 0 0
4 2 0 0
5 1 0 0
5 0 0 0
6 2 0 0
6 4 0 0
7 2 0 0
7 1 0 0
8 3 0 0
8 6 0 0
9 5 0 0
9 3 0 0
10 7 0 0
10 3 0 0
11 2 0 0
11 9 0 0
12 6 0 0
12 2 0 0
13 8 0 0
13 3 0 0
14 3 0 0
14 0 0 0
15 0 0 0
15 13 0 0
16 5 0 0
16 11 0 0
17 1 0 0
17 4 0 0
18 12 0 0
18 6 0 0
19 17 0 0
19 6 0 0
0 11 0 0
0 12 0 0
1 6 0 0
1 19 0 0
22 20 1 1
22 21 1 1
23 20 1 1
23 22 1 1
24 23 1 1
24 20 1 1
25 20 1 1
25 23 1 1
26 22 1 1
26 23 1 1
27 21 1 1
27 20 1 1
28 25 1 1
28 23 1 1
29 23 1 1
29 26 1 1
30 23 1 1
30 24 1 1
31 29 1 1
31 26 1 1
32 26 1 1
32 22 1 1
33 23 1 1
33 29 1 1
34 25 1 1
34 33 1 1
35 27 1 1
35 31 1 1
36 29 1 1
36 21 1 1
37 33 1 1
37 28 1 1
38 25 1 1
38 32 1 1
39 27 1 1
39 28 1 1
20 31 1 1
20 33 1 1
21 39 1 1
21 38 1 1
42 40 2 2
42 41 2 2
43 41 2 2
43 42 2 2
44 41 2 2
44 40 2 2
45 44 2 2
45 40 2 2
46 44 2 2
46 43 2 2
47 46 2 2
47 43 2 2
48 46 2 2
48 45 2 2
49 40 2 2
49 43 2 2
50 42 2 2
50 40 2 2
51 50 2 2
51 44 2 2
52 41 2 2
52 46 2 2
53 44 2 2
53 51 2 2
54 41 2 2
54 40 2 2
55 46 2 2
55 49 2 2
56 49 2 2
56 53 2 2
57 46 2 2
57 41 2 2
58 45 2 2
58 52 2 2
59 40 2 2
59 53 2 2
40 51 2 2
40 46 2 2
41 58 2 2
41 45 2 2
62 61 3 3
62 60 3 3
63 60 3 3
63 62 3 3
64 60 3 3
64 61 3 3
65 63 3 3
65 60 3 3
66 65 3 3
66 62 3 3
67 60 3 3
67 65 3 3
68 65 3 3
68 62 3 3
69 66 3 3
69 61 3 3
70 60 3 3
70 66 3 3
71 69 3 3
71 61 3 3
72 62 3 3
72 61 3 3
73 63 3 3
73 61 3 3
74 69 3 3
74 71 3 3
75 66 3 3
75 63 3 3
76 63 3 3
76 66 3 3
77 64 3 3
77 73 3 3
78 62 3 3
78 70 3 3
79 67 3 3
79 70 3 3
60 75 3 3
60 68 3 3
61 70 3 3
61 74 3 3
82 80 4 4
82 81 4 4
83 81 4 4
83 82 4 4
84 80 4 4
84 82 4 4
85 82 4 4
85 80 4 4
86 85 4 4
86 84 4 4
87 80 4 4
87 85 4 4
88 86 4 4
88 82 4 4
89 83 4 4
89 80 4 4
90 88 4 4
90 82 4 4
91 80 4 4
91 81 4 4
92 84 4 4
92 83 4 4
93 92 4 4
93 88 4 4
94 90 4 4
94 85 4 4
95 89 4 4
95 87 4 4
96 88 4 4
96 95 4 4
97 85 4 4
97 82 4 4
98 88 4 4
98 80 4 4
99 91 4 4
99 81 4 4
80 86 4 4
80 99 4 4
81 84 4 4
81 86 4 4
102 101 5 5
102 100 5 5
103 102 5 5
103 100 5 5
104 101 5 5
104 103 5 5
105 100 5 5
105 101 5 5
106 105 5 5
106 103 5 5
107 101 5 5
107 106 5 5
108 102 5 5
108 107 5 5
109 107 5 5
109 102 5 5
110 106 5 5
110 105 5 5
111 107 5 5
111 100 5 5
112 103 5 5
112 105 5 5
113 102 5 5
113 112 5 5
114 110 5 5
114 106 5 5
115 108 5 5
115 100 5 5
116 108 5 5
116 109 5 5
117 102 5 5
117 104 5 5
118 109 5 5
118 102 5 5
119 113 5 5
119 112 5 5
100 108 5 5
100 109 5 5
101 113 5 5
101 103 5 5
122 120 6 6
122 121 6 6
123 122 6 6
123 120 6 6
124 121 6 6
124 122 6 6
125 124 6 6
125 121 6 6
126 122 6 6
126 123 6 6
127 125 6 6
127 121 6 6
128 124 6 6
128 125 6 6
129 125 6 6
129 126 6 6
130 127 6 6
130 125 6 6
131 122 6 6
131 123 6 6
132 120 6 6
132 122 6 6
133 126 6 6
133 124 6 6
134 126 6 6
134 129 6 6
135 131 6 6
135 123 6 6
136 135 6 6
136 121 6 6
137 136 6 6
137 123 6 6
138 135 6 6
138 134 6 6
139 132 6 6
139 127 6 6
120 135 6 6
120 138 6 6
121 137 6 6
121 129 6 6
142 141 7 7
142 140 7 7
143 140 7 7
143 141 7 7
144 142 7 7
144 140 7 7
145 141 7 7
145 140 7 7
146 140 7 7
146 145 7 7
147 143 7 7
147 141 7 7
148 146 7 7
148 142 7 7
149 145 7 7
149 144 7 7
150 141 7 7
150 143 7 7
151 149 7 7
151 147 7 7
152 142 7 7
152 144 7 7
153 147 7 7
153 149 7 7
154 142 7 7
154 144 7 7
155 153 7 7
155 152 7 7
156 155 7 7
156 140 7 7
157 143 7 7
157 145 7 7
158 145 7 7
158 147 7 7
159 148 7 7
159 150 7 7
140 158 7 7
140 150 7 7
141 156 7 7
141 146 7 7
162 160 8 8
162 161 8 8
163 162 8 8
163 161 8 8
164 162 8 8
164 160 8 8
165 160 8 8
165 161 8 8
166 161 8 8
166 165 8 8
167 162 8 8
167 163 8 8
168 160 8 8
168 162 8 8
169 162 8 8
169 165 8 8
170 162 8 8
170 167 8 8
171 170 8 8
171 164 8 8
172 166 8 8
172 161 8 8
173 171 8 8
173 163 8 8
174 161 8 8
174 165 8 8
175 168 8 8
175 174 8 8
176 162 8 8
176 168 8 8
177 163 8 8
177 165 8 8
178 163 8 8
178 175 8 8
179 178 8 8
179 166 8 8
160 175 8 8
160 178 8 8
161 173 8 8
161 168 8 8
182 181 9 9
182 180 9 9
183 181 9 9
183 182 9 9
184 180 9 9
184 181 9 9
185 184 9 9
185 180 9 9
186 180 9 9
186 181 9 9
187 181 9 9
187 183 9 9
188 181 9 9
188 184 9 9
189 182 9 9
189 185 9 9
190 183 9 9
190 188 9 9
191 183 9 9
191 185 9 9
192 190 9 9
192 181 9 9
193 187 9 9
193 182 9 9
194 183 9 9
194 189 9 9
195 183 9 9
195 180 9 9
196 180 9 9
196 187 9 9
197 191 9 9
197 195 9 9
198 181 9 9
198 190 9 9
199 187 9 9
199 183 9 9
180 193 9 9
180 187 9 9
181 189 9 9
181 191 9 9
202 201 10 10
202 200 10 10
203 200 10 10
203 202 10 10
204 203 10 10
204 200 10 10
205 203 10 10
205 200 10 10
206 201 10 10
206 200 10 10
207 204 10 10
207 205 10 10
208 206 10 10
208 200 10 10
209 200 10 10
209 205 10 10
210 204 10 10
210 203 10 10
211 204 10 10
211 208 10 10
212 208 10 10
212 201 10 10
213 212 10 10
213 211 10 10
214 200 10 10
214 203 10 10
215 213 10 10
215 211 10 10
216 208 10 10
216 212 10 10
217 205 10 10
217 212 10 10
218 204 10 10
218 201 10 10
219 214 10 10
219 208 10 10
200 218 10 10
200 219 10 10
201 211 10 10
201 207 10 10
222 220 11 11
222 221 11 11
223 222 11 11
223 221 11 11
224 221 11 11
224 220 11 11
225 224 11 11
225 221 11 11
226 220 11 11
226 222 11 11
227 225 11 11
227 223 11 11
228 224 11 11
228 221 11 11
229 227 11 11
229 225 11 11
230 222 11 11
230 226 11 11
231 224 11 11
231 228 11 11
232 222 11 11
232 221 11 11
233 224 11 11
233 226 11 11
234 233 11 11
234 222 11 11
235 225 11 11
235 220 11 11
236 229 11 11
236 235 11 11
237 227 11 11
237 229 11 11
238 220 11 11
238 228 11 11
239 222 11 11
239 236 11 11
220 237 11 11
220 229 11 11
221 231 11 11
221 229 11 11
242 240 12 12
242 241 12 12
243 242 12 12
243 241 12 12
244 241 12 12
244 240 12 12
245 242 12 12
245 243 12 12
246 240 12 12
246 242 12 12
247 242 12 12
247 246 12 12
248 242 12 12
248 245 12 12
249 243 12 12
249 247 12 12
250 242 12 12
250 247 12 12
251 248 12 12
251 240 12 12
252 246 12 12
252 247 12 12
253 241 12 12
253 245 12 12
254 243 12 12
254 252 12 12
255 248 12 12
255 244 12 12
256 240 12 12
256 251 12 12
257 256 12 12
257 255 12 12
258 252 12 12
258 245 12 12
259 245 12 12
259 244 12 12
240 257 12 12
240 243 12 12
241 256 12 12
241 257 12 12
262 261 13 13
262 260 13 13
263 260 13 13
263 261 13 13
264 263 13 13
264 260 13 13
265 262 13 13
265 263 13 13
266 261 13 13
266 262 13 13
267 262 13 13
267 261 13 13
268 262 13 13
268 267 13 13
269 267 13 13
269 268 13 13
270 266 13 13
270 261 13 13
271 261 13 13
271 270 13 13
272 271 13 13
272 263 13 13
273 268 13 13
273 263 13 13
274 260 13 13
274 263 13 13
275 270 13 13
275 264 13 13
276 274 13 13
276 265 13 13
277 273 13 13
277 271 13 13
278 266 13 13
278 271 13 13
279 275 13 13
279 264 13 13
260 271 13 13
260 265 13 13
261 268 13 13
261 265 13 13
282 280 14 14
282 281 14 14
283 280 14 14
283 281 14 14
284 281 14 14
284 282 14 14
285 281 14 14
285 280 14 14
286 282 14 14
286 280 14 14
287 284 14 14
287 285 14 14
288 286 14 14
288 280 14 14
289 282 14 14
289 288 14 14
290 281 14 14
290 284 14 14
291 283 14 14
291 288 14 14
292 282 14 14
292 280 14 14
293 289 14 14
293 284 14 14
294 282 14 14
294 292 14 14
295 283 14 14
295 292 14 14
296 282 14 14
296 292 14 14
297 286 14 14
297 282 14 14
298 295 14 14
298 292 14 14
299 293 14 14
299 281 14 14
280 295 14 14
280 294 14 14
281 294 14 14
281 298 14 14
302 300 15 15
302 301 15 15
303 301 15 15
303 302 15 15
304 303 15 15
304 302 15 15
305 304 15 15
305 302 15 15
306 301 15 15
306 303 15 15
307 306 15 15
307 304 15 15
308 301 15 15
308 300 15 15
309 306 15 15
309 305 15 15
310 302 15 15
310 305 15 15
311 302 15 15
311 300 15 15
312 308 15 15
312 305 15 15
313 306 15 15
313 307 15 15
314 304 15 15
314 303 15 15
315 311 15 15
315 302 15 15
316 303 15 15
316 314 15 15
317 308 15 15
317 304 15 15
318 307 15 15
318 305 15 15
319 316 15 15
319 311 15 15
300 315 15 15
300 304 15 15
301 304 15 15
301 317 15 15
45 24 2 1
44 11 2 0
70 34 3 1
74 9 3 0
82 74 4 3
97 17 4 0
113 5 5 0
118 88 5 4
136 42 6 2
128 7 6 0
157 76 7 3
157 39 7 1
178 36 8 1
178 74 8 3
180 177 9 8
198 106 9 5
219 148 10 7
209 25 10 1
237 24 11 1
235 119 11 5
243 68 12 3
258 230 12 11
278 52 13 2
267 92 13 4
283 258 14 12
289 113 14 5
300 91 15 4
300 25 15 1
15 176 0 8
15 271 0 13
23 97 1 4
37 130 1 6
