swNum = 320
edgeNum = 672

0 0
1 0
2 0
3 0
4 0
5 0
6 0
7 0
8 0
9 0
10 0
11 0
12 0
13 0
14 0
15 0
16 0
17 0
18 0
19 0
20 1
21 1
22 1
23 1
24 1
25 1
26 1
27 1
28 1
29 1
30 1
31 1
32 1
33 1
34 1
35 1
36 1
37 1
38 1
39 1
40 2
41 2
42 2
43 2
44 2
45 2
46 2
47 2
48 2
49 2
50 2
51 2
52 2
53 2
54 2
55 2
56 2
57 2
58 2
59 2
60 3
61 3
62 3
63 3
64 3
65 3
66 3
67 3
68 3
69 3
70 3
71 3
72 3
73 3
74 3
75 3
76 3
77 3
78 3
79 3
80 4
81 4
82 4
83 4
84 4
85 4
86 4
87 4
88 4
89 4
90 4
91 4
92 4
93 4
94 4
95 4
96 4
97 4
98 4
99 4
100 5
101 5
102 5
103 5
104 5
105 5
106 5
107 5
108 5
109 5
110 5
111 5
112 5
113 5
114 5
115 5
116 5
117 5
118 5
119 5
120 6
121 6
122 6
123 6
124 6
125 6
126 6
127 6
128 6
129 6
130 6
131 6
132 6
133 6
134 6
135 6
136 6
137 6
138 6
139 6
140 7
141 7
142 7
143 7
144 7
145 7
146 7
147 7
148 7
149 7
150 7
151 7
152 7
153 7
154 7
155 7
156 7
157 7
158 7
159 7
160 8
161 8
162 8
163 8
164 8
165 8
166 8
167 8
168 8
169 8
170 8
171 8
172 8
173 8
174 8
175 8
176 8
177 8
178 8
179 8
180 9
181 9
182 9
183 9
184 9
185 9
186 9
187 9
188 9
189 9
190 9
191 9
192 9
193 9
194 9
195 9
196 9
197 9
198 9
199 9
200 10
201 10
202 10
203 10
204 10
205 10
206 10
207 10
208 10
209 10
210 10
211 10
212 10
213 10
214 10
215 10
216 10
217 10
218 10
219 10
220 11
221 11
222 11
223 11
224 11
225 11
226 11
227 11
228 11
229 11
230 11
231 11
232 11
233 11
234 11
235 11
236 11
237 11
238 11
239 11
240 12
241 12
242 12
243 12
244 12
245 12
246 12
247 12
248 12
249 12
250 12
251 12
252 12
253 12
254 12
255 12
256 12
257 12
258 12
259 12
260 13
261 13
262 13
263 13
264 13
265 13
266 13
267 13
268 13
269 13
270 13
271 13
272 13
273 13
274 13
275 13
276 13
277 13
278 13
279 13
280 14
281 14
282 14
283 14
284 14
285 14
286 14
287 14
288 14
289 14
290 14
291 14
292 14
293 14
294 14
295 14
296 14
297 14
298 14
299 14
300 15
301 15
302 15
303 15
304 15
305 15
306 15
307 15
308 15
309 15
310 15
311 15
312 15
313 15
314 15
315 15
316 15
317 15
318 15
319 15

2 1 0 0
2 0 0 0
3 1 0 0
3 0 0 0
4 0 0 0
4 2 0 0
5 4 0 0
5 3 0 0
6 4 0 0
6 1 0 0
7 4 0 0
7 5 0 0
8 5 0 0
8 3 0 0
9 2 0 0
9 0 0 0
10 3 0 0
10 5 0 0
11 0 0 0
11 9 0 0
12 8 0 0
12 3 0 0
13 8 0 0
13 7 0 0
14 12 0 0
14 13 0 0
15 7 0 0
15 8 0 0
16 13 0 0
16 7 0 0
17 2 0 0
17 11 0 0
18 4 0 0
18 1 0 0
19 3 0 0
19 7 0 0
0 19 0 0
0 13 0 0
1 11 0 0
1 15 0 0
22 20 1 1
22 21 1 1
23 21 1 1
23 20 1 1
24 21 1 1
24 22 1 1
25 24 1 1
25 23 1 1
26 25 1 1
26 23 1 1
27 21 1 1
27 25 1 1
28 22 1 1
28 23 1 1
29 21 1 1
29 24 1 1
30 28 1 1
30 20 1 1
31 22 1 1
31 27 1 1
32 29 1 1
32 21 1 1
33 20 1 1
33 29 1 1
34 28 1 1
34 21 1 1
35 23 1 1
35 31 1 1
36 35 1 1
36 24 1 1
37 36 1 1
37 22 1 1
38 34 1 1
38 22 1 1
39 23 1 1
39 31 1 1
20 38 1 1
20 28 1 1
21 37 1 1
21 25 1 1
42 40 2 2
42 41 2 2
43 42 2 2
43 41 2 2
44 41 2 2
44 40 2 2
45 41 2 2
45 42 2 2
46 45 2 2
46 43 2 2
47 43 2 2
47 46 2 2
48 40 2 2
48 45 2 2
49 42 2 2
49 46 2 2
50 42 2 2
50 43 2 2
51 48 2 2
51 42 2 2
52 40 2 2
52 41 2 2
53 49 2 2
53 50 2 2
54 45 2 2
54 48 2 2
55 51 2 2
55 42 2 2
56 41 2 2
56 44 2 2
57 55 2 2
57 52 2 2
58 47 2 2
58 45 2 2
59 40 2 2
59 45 2 2
40 43 2 2
40 49 2 2
41 54 2 2
41 48 2 2
62 60 3 3
62 61 3 3
63 60 3 3
63 61 3 3
64 63 3 3
64 61 3 3
65 63 3 3
65 60 3 3
66 61 3 3
66 62 3 3
67 63 3 3
67 66 3 3
68 67 3 3
68 61 3 3
69 67 3 3
69 64 3 3
70 60 3 3
70 63 3 3
71 66 3 3
71 65 3 3
72 71 3 3
72 63 3 3
73 68 3 3
73 65 3 3
74 73 3 3
74 62 3 3
75 63 3 3
75 69 3 3
76 69 3 3
76 61 3 3
77 60 3 3
77 68 3 3
78 77 3 3
78 65 3 3
79 62 3 3
79 65 3 3
60 76 3 3
60 73 3 3
61 69 3 3
61 73 3 3
82 80 4 4
82 81 4 4
83 81 4 4
83 82 4 4
84 82 4 4
84 83 4 4
85 80 4 4
85 81 4 4
86 82 4 4
86 81 4 4
87 84 4 4
87 81 4 4
88 84 4 4
88 85 4 4
89 80 4 4
89 82 4 4
90 89 4 4
90 85 4 4
91 80 4 4
91 87 4 4
92 84 4 4
92 82 4 4
93 83 4 4
93 91 4 4
94 80 4 4
94 93 4 4
95 89 4 4
95 93 4 4
96 89 4 4
96 85 4 4
97 80 4 4
97 82 4 4
98 93 4 4
98 95 4 4
99 87 4 4
99 97 4 4
80 88 4 4
80 95 4 4
81 92 4 4
81 91 4 4
102 100 5 5
102 101 5 5
103 101 5 5
103 100 5 5
104 102 5 5
104 101 5 5
105 101 5 5
105 102 5 5
106 100 5 5
106 104 5 5
107 104 5 5
107 102 5 5
108 102 5 5
108 103 5 5
109 102 5 5
109 101 5 5
110 104 5 5
110 109 5 5
111 103 5 5
111 107 5 5
112 102 5 5
112 109 5 5
113 108 5 5
113 112 5 5
114 109 5 5
114 107 5 5
115 101 5 5
115 106 5 5
116 113 5 5
116 111 5 5
117 102 5 5
117 100 5 5
118 116 5 5
118 103 5 5
119 113 5 5
119 103 5 5
100 108 5 5
100 118 5 5
101 113 5 5
101 111 5 5
122 120 6 6
122 121 6 6
123 120 6 6
123 121 6 6
124 123 6 6
124 120 6 6
125 120 6 6
125 124 6 6
126 125 6 6
126 123 6 6
127 120 6 6
127 122 6 6
128 126 6 6
128 127 6 6
129 123 6 6
129 124 6 6
130 129 6 6
130 123 6 6
131 123 6 6
131 128 6 6
132 121 6 6
132 125 6 6
133 121 6 6
133 132 6 6
134 125 6 6
134 123 6 6
135 132 6 6
135 126 6 6
136 122 6 6
136 127 6 6
137 128 6 6
137 131 6 6
138 132 6 6
138 137 6 6
139 136 6 6
139 127 6 6
120 134 6 6
120 126 6 6
121 130 6 6
121 135 6 6
142 141 7 7
142 140 7 7
143 142 7 7
143 141 7 7
144 141 7 7
144 140 7 7
145 141 7 7
145 143 7 7
146 144 7 7
146 141 7 7
147 146 7 7
147 143 7 7
148 140 7 7
148 144 7 7
149 141 7 7
149 144 7 7
150 147 7 7
150 145 7 7
151 150 7 7
151 140 7 7
152 142 7 7
152 149 7 7
153 147 7 7
153 140 7 7
154 140 7 7
154 144 7 7
155 151 7 7
155 148 7 7
156 150 7 7
156 151 7 7
157 156 7 7
157 144 7 7
158 140 7 7
158 141 7 7
159 141 7 7
159 148 7 7
140 146 7 7
140 147 7 7
141 155 7 7
141 152 7 7
162 160 8 8
162 161 8 8
163 160 8 8
163 162 8 8
164 160 8 8
164 163 8 8
165 164 8 8
165 163 8 8
166 162 8 8
166 164 8 8
167 164 8 8
167 165 8 8
168 164 8 8
168 166 8 8
169 164 8 8
169 166 8 8
170 160 8 8
170 169 8 8
171 165 8 8
171 167 8 8
172 165 8 8
172 163 8 8
173 169 8 8
173 172 8 8
174 165 8 8
174 163 8 8
175 168 8 8
175 160 8 8
176 173 8 8
176 164 8 8
177 175 8 8
177 170 8 8
178 176 8 8
178 175 8 8
179 177 8 8
179 176 8 8
160 168 8 8
160 173 8 8
161 177 8 8
161 174 8 8
182 180 9 9
182 181 9 9
183 180 9 9
183 181 9 9
184 181 9 9
184 182 9 9
185 180 9 9
185 183 9 9
186 182 9 9
186 184 9 9
187 180 9 9
187 185 9 9
188 184 9 9
188 182 9 9
189 183 9 9
189 184 9 9
190 189 9 9
190 180 9 9
191 182 9 9
191 185 9 9
192 185 9 9
192 183 9 9
193 188 9 9
193 189 9 9
194 181 9 9
194 180 9 9
195 193 9 9
195 186 9 9
196 192 9 9
196 185 9 9
197 191 9 9
197 185 9 9
198 192 9 9
198 180 9 9
199 194 9 9
199 190 9 9
180 189 9 9
180 196 9 9
181 193 9 9
181 197 9 9
202 200 10 10
202 201 10 10
203 200 10 10
203 201 10 10
204 200 10 10
204 203 10 10
205 201 10 10
205 202 10 10
206 201 10 10
206 200 10 10
207 205 10 10
207 203 10 10
208 206 10 10
208 203 10 10
209 204 10 10
209 203 10 10
210 204 10 10
210 203 10 10
211 200 10 10
211 202 10 10
212 205 10 10
212 208 10 10
213 212 10 10
213 202 10 10
214 204 10 10
214 206 10 10
215 205 10 10
215 203 10 10
216 207 10 10
216 212 10 10
217 204 10 10
217 203 10 10
218 214 10 10
218 204 10 10
219 212 10 10
219 202 10 10
200 212 10 10
200 208 10 10
201 210 10 10
201 208 10 10
222 221 11 11
222 220 11 11
223 220 11 11
223 222 11 11
224 222 11 11
224 223 11 11
225 220 11 11
225 223 11 11
226 223 11 11
226 225 11 11
227 220 11 11
227 222 11 11
228 224 11 11
228 226 11 11
229 220 11 11
229 225 11 11
230 229 11 11
230 223 11 11
231 220 11 11
231 228 11 11
232 223 11 11
232 222 11 11
233 224 11 11
233 222 11 11
234 225 11 11
234 232 11 11
235 230 11 11
235 228 11 11
236 227 11 11
236 230 11 11
237 235 11 11
237 232 11 11
238 223 11 11
238 230 11 11
239 234 11 11
239 235 11 11
220 239 11 11
220 226 11 11
221 228 11 11
221 239 11 11
242 241 12 12
242 240 12 12
243 242 12 12
243 240 12 12
244 242 12 12
244 240 12 12
245 241 12 12
245 243 12 12
246 241 12 12
246 242 12 12
247 244 12 12
247 240 12 12
248 242 12 12
248 243 12 12
249 246 12 12
249 248 12 12
250 243 12 12
250 248 12 12
251 245 12 12
251 242 12 12
252 244 12 12
252 251 12 12
253 251 12 12
253 242 12 12
254 246 12 12
254 241 12 12
255 249 12 12
255 247 12 12
256 243 12 12
256 250 12 12
257 251 12 12
257 249 12 12
258 253 12 12
258 250 12 12
259 252 12 12
259 243 12 12
240 255 12 12
240 250 12 12
241 258 12 12
241 249 12 12
262 260 13 13
262 261 13 13
263 261 13 13
263 260 13 13
264 261 13 13
264 263 13 13
265 264 13 13
265 261 13 13
266 260 13 13
266 263 13 13
267 262 13 13
267 261 13 13
268 266 13 13
268 260 13 13
269 266 13 13
269 265 13 13
270 261 13 13
270 265 13 13
271 269 13 13
271 263 13 13
272 265 13 13
272 269 13 13
273 260 13 13
273 271 13 13
274 262 13 13
274 273 13 13
275 272 13 13
275 263 13 13
276 267 13 13
276 270 13 13
277 270 13 13
277 264 13 13
278 267 13 13
278 277 13 13
279 264 13 13
279 265 13 13
260 278 13 13
260 276 13 13
261 272 13 13
261 277 13 13
282 280 14 14
282 281 14 14
283 281 14 14
283 282 14 14
284 280 14 14
284 282 14 14
285 281 14 14
285 283 14 14
286 282 14 14
286 280 14 14
287 282 14 14
287 280 14 14
288 287 14 14
288 286 14 14
289 286 14 14
289 284 14 14
290 283 14 14
290 280 14 14
291 290 14 14
291 283 14 14
292 281 14 14
292 284 14 14
293 288 14 14
293 281 14 14
294 291 14 14
294 290 14 14
295 290 14 14
295 283 14 14
296 293 14 14
296 295 14 14
297 281 14 14
297 288 14 14
298 295 14 14
298 290 14 14
299 291 14 14
299 281 14 14
280 283 14 14
280 297 14 14
281 291 14 14
281 290 14 14
302 301 15 15
302 300 15 15
303 300 15 15
303 301 15 15
304 302 15 15
304 303 15 15
305 301 15 15
305 304 15 15
306 302 15 15
306 301 15 15
307 303 15 15
307 301 15 15
308 302 15 15
308 300 15 15
309 301 15 15
309 305 15 15
310 307 15 15
310 303 15 15
311 307 15 15
311 308 15 15
312 301 15 15
312 309 15 15
313 312 15 15
313 304 15 15
314 304 15 15
314 313 15 15
315 300 15 15
315 311 15 15
316 304 15 15
316 307 15 15
317 316 15 15
317 312 15 15
318 317 15 15
318 314 15 15
319 311 15 15
319 312 15 15
300 319 15 15
300 311 15 15
301 317 15 15
301 313 15 15
45 4 2 0
40 37 2 1
71 18 3 0
63 45 3 2
96 67 4 3
86 10 4 0
113 18 5 0
112 23 5 1
128 56 6 2
139 9 6 0
142 24 7 1
149 101 7 5
160 123 8 6
174 156 8 7
193 47 9 2
193 87 9 4
216 123 10 6
207 162 10 8
230 189 11 9
239 87 11 4
255 51 12 2
253 150 12 7
262 183 13 9
275 15 13 0
288 266 14 13
280 19 14 0
311 59 15 2
306 132 15 6
13 211 0 10
3 235 0 11
26 170 1 8
32 219 1 10
