swNum = 320
edgeNum = 672

0 0
1 0
2 0
3 0
4 0
5 0
6 0
7 0
8 0
9 0
10 0
11 0
12 0
13 0
14 0
15 0
16 0
17 0
18 0
19 0
20 1
21 1
22 1
23 1
24 1
25 1
26 1
27 1
28 1
29 1
30 1
31 1
32 1
33 1
34 1
35 1
36 1
37 1
38 1
39 1
40 2
41 2
42 2
43 2
44 2
45 2
46 2
47 2
48 2
49 2
50 2
51 2
52 2
53 2
54 2
55 2
56 2
57 2
58 2
59 2
60 3
61 3
62 3
63 3
64 3
65 3
66 3
67 3
68 3
69 3
70 3
71 3
72 3
73 3
74 3
75 3
76 3
77 3
78 3
79 3
80 4
81 4
82 4
83 4
84 4
85 4
86 4
87 4
88 4
89 4
90 4
91 4
92 4
93 4
94 4
95 4
96 4
97 4
98 4
99 4
100 5
101 5
102 5
103 5
104 5
105 5
106 5
107 5
108 5
109 5
110 5
111 5
112 5
113 5
114 5
115 5
116 5
117 5
118 5
119 5
120 6
121 6
122 6
123 6
124 6
125 6
126 6
127 6
128 6
129 6
130 6
131 6
132 6
133 6
134 6
135 6
136 6
137 6
138 6
139 6
140 7
141 7
142 7
143 7
144 7
145 7
146 7
147 7
148 7
149 7
150 7
151 7
152 7
153 7
154 7
155 7
156 7
157 7
158 7
159 7
160 8
161 8
162 8
163 8
164 8
165 8
166 8
167 8
168 8
169 8
170 8
171 8
172 8
173 8
174 8
175 8
176 8
177 8
178 8
179 8
180 9
181 9
182 9
183 9
184 9
185 9
186 9
187 9
188 9
189 9
190 9
191 9
192 9
193 9
194 9
195 9
196 9
197 9
198 9
199 9
200 10
201 10
202 10
203 10
204 10
205 10
206 10
207 10
208 10
209 10
210 10
211 10
212 10
213 10
214 10
215 10
216 10
217 10
218 10
219 10
220 11
221 11
222 11
223 11
224 11
225 11
226 11
227 11
228 11
229 11
230 11
231 11
232 11
233 11
234 11
235 11
236 11
237 11
238 11
239 11
240 12
241 12
242 12
243 12
244 12
245 12
246 12
247 12
248 12
249 12
250 12
251 12
252 12
253 12
254 12
255 12
256 12
257 12
258 12
259 12
260 13
261 13
262 13
263 13
264 13
265 13
266 13
267 13
268 13
269 13
270 13
271 13
272 13
273 13
274 13
275 13
276 13
277 13
278 13
279 13
280 14
281 14
282 14
283 14
284 14
285 14
286 14
287 14
288 14
289 14
290 14
291 14
292 14
293 14
294 14
295 14
296 14
297 14
298 14
299 14
300 15
301 15
302 15
303 15
304 15
305 15
306 15
307 15
308 15
309 15
310 15
311 15
312 15
313 15
314 15
315 15
316 15
317 15
318 15
319 15

2 0 0 0
2 1 0 0
3 1 0 0
3 0 0 0
4 2 0 0
4 3 0 0
5 1 0 0
5 0 0 0
6 5 0 0
6 1 0 0
7 3 0 0
7 1 0 0
8 1 0 0
8 7 0 0
9 2 0 0
9 4 0 0
10 8 0 0
10 9 0 0
11 4 0 0
11 2 0 0
12 8 0 0
12 10 0 0
13 10 0 0
13 12 0 0
14 12 0 0
14 2 0 0
15 9 0 0
15 3 0 0
16 4 0 0
16 2 0 0
17 9 0 0
17 1 0 0
18 5 0 0
18 16 0 0
19 15 0 0
19 5 0 0
0 12 0 0
0 13 0 0
1 19 0 0
1 10 0 0
22 20 1 1
22 21 1 1
23 22 1 1
23 21 1 1
24 22 1 1
24 23 1 1
25 23 1 1
25 24 1 1
26 25 1 1
26 22 1 1
27 21 1 1
27 25 1 1
28 22 1 1
28 27 1 1
29 27 1 1
29 26 1 1
30 27 1 1
30 24 1 1
31 26 1 1
31 23 1 1
32 20 1 1
32 29 1 1
33 32 1 1
33 29 1 1
34 28 1 1
34 20 1 1
35 24 1 1
35 28 1 1
36 32 1 1
36 20 1 1
37 36 1 1
37 21 1 1
38 28 1 1
38 33 1 1
39 38 1 1
39 29 1 1
20 39 1 1
20 31 1 1
21 32 1 1
21 36 1 1
42 41 2 2
42 40 2 2
43 41 2 2
43 40 2 2
44 43 2 2
44 42 2 2
45 41 2 2
45 43 2 2
46 43 2 2
46 45 2 2
47 40 2 2
47 41 2 2
48 46 2 2
48 41 2 2
49 42 2 2
49 45 2 2
50 43 2 2
50 41 2 2
51 49 2 2
51 50 2 2
52 47 2 2
52 44 2 2
53 50 2 2
53 41 2 2
54 44 2 2
54 42 2 2
55 42 2 2
55 49 2 2
56 40 2 2
56 44 2 2
57 55 2 2
57 49 2 2
58 47 2 2
58 44 2 2
59 41 2 2
59 44 2 2
40 50 2 2
40 49 2 2
41 51 2 2
41 56 2 2
62 60 3 3
62 61 3 3
63 61 3 3
63 60 3 3
64 60 3 3
64 63 3 3
65 62 3 3
65 63 3 3
66 61 3 3
66 62 3 3
67 60 3 3
67 63 3 3
68 63 3 3
68 66 3 3
69 62 3 3
69 64 3 3
70 60 3 3
70 62 3 3
71 60 3 3
71 61 3 3
72 66 3 3
72 62 3 3
73 60 3 3
73 65 3 3
74 71 3 3
74 69 3 3
75 67 3 3
75 64 3 3
76 62 3 3
76 69 3 3
77 64 3 3
77 63 3 3
78 65 3 3
78 67 3 3
79 64 3 3
79 78 3 3
60 66 3 3
60 74 3 3
61 74 3 3
61 68 3 3
82 81 4 4
82 80 4 4
83 81 4 4
83 82 4 4
84 80 4 4
84 81 4 4
85 80 4 4
85 82 4 4
86 84 4 4
86 85 4 4
87 82 4 4
87 81 4 4
88 82 4 4
88 81 4 4
89 82 4 4
89 83 4 4
90 84 4 4
90 88 4 4
91 82 4 4
91 89 4 4
92 80 4 4
92 86 4 4
93 87 4 4
93 91 4 4
94 89 4 4
94 91 4 4
95 87 4 4
95 86 4 4
96 89 4 4
96 93 4 4
97 95 4 4
97 80 4 4
98 94 4 4
98 90 4 4
99 91 4 4
99 95 4 4
80 86 4 4
80 90 4 4
81 91 4 4
81 93 4 4
102 101 5 5
102 100 5 5
103 102 5 5
103 100 5 5
104 100 5 5
104 102 5 5
105 100 5 5
105 104 5 5
106 100 5 5
106 104 5 5
107 100 5 5
107 106 5 5
108 103 5 5
108 107 5 5
109 108 5 5
109 102 5 5
110 108 5 5
110 100 5 5
111 102 5 5
111 101 5 5
112 107 5 5
112 104 5 5
113 101 5 5
113 106 5 5
114 106 5 5
114 104 5 5
115 111 5 5
115 103 5 5
116 108 5 5
116 115 5 5
117 114 5 5
117 113 5 5
118 110 5 5
118 104 5 5
119 103 5 5
119 114 5 5
100 111 5 5
100 114 5 5
101 117 5 5
101 103 5 5
122 120 6 6
122 121 6 6
123 120 6 6
123 122 6 6
124 123 6 6
124 122 6 6
125 123 6 6
125 124 6 6
126 121 6 6
126 123 6 6
127 123 6 6
127 121 6 6
128 124 6 6
128 127 6 6
129 126 6 6
129 121 6 6
130 121 6 6
130 125 6 6
131 121 6 6
131 125 6 6
132 126 6 6
132 127 6 6
133 125 6 6
133 132 6 6
134 120 6 6
134 125 6 6
135 129 6 6
135 121 6 6
136 122 6 6
136 133 6 6
137 131 6 6
137 128 6 6
138 130 6 6
138 126 6 6
139 137 6 6
139 135 6 6
120 126 6 6
120 125 6 6
121 124 6 6
121 138 6 6
142 140 7 7
142 141 7 7
143 140 7 7
143 141 7 7
144 142 7 7
144 140 7 7
145 144 7 7
145 140 7 7
146 145 7 7
146 141 7 7
147 143 7 7
147 144 7 7
148 144 7 7
148 140 7 7
149 148 7 7
149 144 7 7
150 144 7 7
150 145 7 7
151 147 7 7
151 150 7 7
152 151 7 7
152 150 7 7
153 140 7 7
153 148 7 7
154 152 7 7
154 146 7 7
155 146 7 7
155 148 7 7
156 145 7 7
156 151 7 7
157 152 7 7
157 150 7 7
158 155 7 7
158 153 7 7
159 149 7 7
159 158 7 7
140 150 7 7
140 157 7 7
141 145 7 7
141 149 7 7
162 161 8 8
162 160 8 8
163 161 8 8
163 160 8 8
164 163 8 8
164 160 8 8
165 164 8 8
165 160 8 8
166 162 8 8
166 160 8 8
167 164 8 8
167 163 8 8
168 160 8 8
168 165 8 8
169 163 8 8
169 168 8 8
170 168 8 8
170 160 8 8
171 168 8 8
171 163 8 8
172 171 8 8
172 165 8 8
173 172 8 8
173 160 8 8
174 173 8 8
174 172 8 8
175 169 8 8
175 170 8 8
176 162 8 8
176 169 8 8
177 170 8 8
177 160 8 8
178 167 8 8
178 165 8 8
179 161 8 8
179 172 8 8
160 178 8 8
160 179 8 8
161 177 8 8
161 175 8 8
182 180 9 9
182 181 9 9
183 180 9 9
183 181 9 9
184 181 9 9
184 180 9 9
185 180 9 9
185 182 9 9
186 185 9 9
186 182 9 9
187 183 9 9
187 184 9 9
188 183 9 9
188 181 9 9
189 183 9 9
189 188 9 9
190 183 9 9
190 184 9 9
191 184 9 9
191 182 9 9
192 183 9 9
192 191 9 9
193 186 9 9
193 182 9 9
194 182 9 9
194 183 9 9
195 180 9 9
195 182 9 9
196 182 9 9
196 184 9 9
197 195 9 9
197 185 9 9
198 190 9 9
198 193 9 9
199 180 9 9
199 193 9 9
180 196 9 9
180 190 9 9
181 197 9 9
181 187 9 9
202 200 10 10
202 201 10 10
203 202 10 10
203 200 10 10
204 202 10 10
204 201 10 10
205 201 10 10
205 200 10 10
206 202 10 10
206 201 10 10
207 202 10 10
207 206 10 10
208 207 10 10
208 200 10 10
209 201 10 10
209 204 10 10
210 202 10 10
210 207 10 10
211 204 10 10
211 200 10 10
212 202 10 10
212 207 10 10
213 208 10 10
213 212 10 10
214 207 10 10
214 206 10 10
215 206 10 10
215 204 10 10
216 212 10 10
216 207 10 10
217 203 10 10
217 211 10 10
218 205 10 10
218 211 10 10
219 210 10 10
219 211 10 10
200 207 10 10
200 210 10 10
201 211 10 10
201 218 10 10
222 220 11 11
222 221 11 11
223 221 11 11
223 222 11 11
224 221 11 11
224 223 11 11
225 220 11 11
225 221 11 11
226 223 11 11
226 222 11 11
227 226 11 11
227 225 11 11
228 223 11 11
228 221 11 11
229 227 11 11
229 221 11 11
230 221 11 11
230 229 11 11
231 225 11 11
231 226 11 11
232 226 11 11
232 227 11 11
233 224 11 11
233 225 11 11
234 225 11 11
234 221 11 11
235 234 11 11
235 226 11 11
236 223 11 11
236 229 11 11
237 223 11 11
237 226 11 11
238 233 11 11
238 221 11 11
239 223 11 11
239 237 11 11
220 239 11 11
220 237 11 11
221 226 11 11
221 236 11 11
242 240 12 12
242 241 12 12
243 240 12 12
243 241 12 12
244 241 12 12
244 243 12 12
245 243 12 12
245 244 12 12
246 241 12 12
246 243 12 12
247 241 12 12
247 240 12 12
248 241 12 12
248 246 12 12
249 240 12 12
249 248 12 12
250 241 12 12
250 240 12 12
251 246 12 12
251 248 12 12
252 246 12 12
252 242 12 12
253 249 12 12
253 252 12 12
254 243 12 12
254 251 12 12
255 245 12 12
255 243 12 12
256 247 12 12
256 243 12 12
257 247 12 12
257 252 12 12
258 248 12 12
258 249 12 12
259 255 12 12
259 251 12 12
240 251 12 12
240 254 12 12
241 259 12 12
241 251 12 12
262 261 13 13
262 260 13 13
263 262 13 13
263 260 13 13
264 263 13 13
264 261 13 13
265 262 13 13
265 263 13 13
266 261 13 13
266 264 13 13
267 264 13 13
267 260 13 13
268 261 13 13
268 266 13 13
269 260 13 13
269 267 13 13
270 268 13 13
270 261 13 13
271 269 13 13
271 263 13 13
272 269 13 13
272 267 13 13
273 265 13 13
273 261 13 13
274 264 13 13
274 263 13 13
275 274 13 13
275 273 13 13
276 275 13 13
276 264 13 13
277 274 13 13
277 264 13 13
278 264 13 13
278 261 13 13
279 275 13 13
279 271 13 13
260 272 13 13
260 265 13 13
261 279 13 13
261 265 13 13
282 280 14 14
282 281 14 14
283 282 14 14
283 281 14 14
284 281 14 14
284 283 14 14
285 284 14 14
285 283 14 14
286 281 14 14
286 283 14 14
287 280 14 14
287 285 14 14
288 281 14 14
288 282 14 14
289 283 14 14
289 285 14 14
290 288 14 14
290 283 14 14
291 282 14 14
291 284 14 14
292 290 14 14
292 288 14 14
293 288 14 14
293 283 14 14
294 280 14 14
294 287 14 14
295 292 14 14
295 288 14 14
296 295 14 14
296 288 14 14
297 293 14 14
297 294 14 14
298 288 14 14
298 293 14 14
299 286 14 14
299 295 14 14
280 291 14 14
280 292 14 14
281 296 14 14
281 293 14 14
302 300 15 15
302 301 15 15
303 302 15 15
303 301 15 15
304 300 15 15
304 303 15 15
305 300 15 15
305 304 15 15
306 300 15 15
306 305 15 15
307 305 15 15
307 301 15 15
308 305 15 15
308 304 15 15
309 301 15 15
309 303 15 15
310 308 15 15
310 305 15 15
311 308 15 15
311 303 15 15
312 301 15 15
312 309 15 15
313 312 15 15
313 304 15 15
314 305 15 15
314 302 15 15
315 308 15 15
315 300 15 15
316 309 15 15
316 310 15 15
317 307 15 15
317 300 15 15
318 312 15 15
318 303 15 15
319 309 15 15
319 308 15 15
300 308 15 15
300 310 15 15
301 308 15 15
301 317 15 15
53 32 2 1
53 6 2 0
66 36 3 1
78 41 3 2
97 39 4 1
91 14 4 0
110 33 5 1
104 76 5 3
124 98 6 4
130 13 6 0
147 107 7 5
141 34 7 1
179 94 8 4
175 152 8 7
188 147 9 7
199 132 9 6
215 42 10 2
206 160 10 8
232 85 11 4
236 114 11 5
245 171 12 8
255 11 12 0
276 112 13 5
274 145 13 7
293 232 14 11
294 208 14 10
318 26 15 1
306 45 15 2
6 293 0 14
9 189 0 9
21 209 1 10
23 182 1 9
