swNum = 320
edgeNum = 672

0 0
1 0
2 0
3 0
4 0
5 0
6 0
7 0
8 0
9 0
10 0
11 0
12 0
13 0
14 0
15 0
16 0
17 0
18 0
19 0
20 1
21 1
22 1
23 1
24 1
25 1
26 1
27 1
28 1
29 1
30 1
31 1
32 1
33 1
34 1
35 1
36 1
37 1
38 1
39 1
40 2
41 2
42 2
43 2
44 2
45 2
46 2
47 2
48 2
49 2
50 2
51 2
52 2
53 2
54 2
55 2
56 2
57 2
58 2
59 2
60 3
61 3
62 3
63 3
64 3
65 3
66 3
67 3
68 3
69 3
70 3
71 3
72 3
73 3
74 3
75 3
76 3
77 3
78 3
79 3
80 4
81 4
82 4
83 4
84 4
85 4
86 4
87 4
88 4
89 4
90 4
91 4
92 4
93 4
94 4
95 4
96 4
97 4
98 4
99 4
100 5
101 5
102 5
103 5
104 5
105 5
106 5
107 5
108 5
109 5
110 5
111 5
112 5
113 5
114 5
115 5
116 5
117 5
118 5
119 5
120 6
121 6
122 6
123 6
124 6
125 6
126 6
127 6
128 6
129 6
130 6
131 6
132 6
133 6
134 6
135 6
136 6
137 6
138 6
139 6
140 7
141 7
142 7
143 7
144 7
145 7
146 7
147 7
148 7
149 7
150 7
151 7
152 7
153 7
154 7
155 7
156 7
157 7
158 7
159 7
160 8
161 8
162 8
163 8
164 8
165 8
166 8
167 8
168 8
169 8
170 8
171 8
172 8
173 8
174 8
175 8
176 8
177 8
178 8
179 8
180 9
181 9
182 9
183 9
184 9
185 9
186 9
187 9
188 9
189 9
190 9
191 9
192 9
193 9
194 9
195 9
196 9
197 9
198 9
199 9
200 10
201 10
202 10
203 10
204 10
205 10
206 10
207 10
208 10
209 10
210 10
211 10
212 10
213 10
214 10
215 10
216 10
217 10
218 10
219 10
220 11
221 11
222 11
223 11
224 11
225 11
226 11
227 11
228 11
229 11
230 11
231 11
232 11
233 11
234 11
235 11
236 11
237 11
238 11
239 11
240 12
241 12
242 12
243 12
244 12
245 12
246 12
247 12
248 12
249 12
250 12
251 12
252 12
253 12
254 12
255 12
256 12
257 12
258 12
259 12
260 13
261 13
262 13
263 13
264 13
265 13
266 13
267 13
268 13
269 13
270 13
271 13
272 13
273 13
274 13
275 13
276 13
277 13
278 13
279 13
280 14
281 14
282 14
283 14
284 14
285 14
286 14
287 14
288 14
289 14
290 14
291 14
292 14
293 14
294 14
295 14
296 14
297 14
298 14
299 14
300 15
301 15
302 15
303 15
304 15
305 15
306 15
307 15
308 15
309 15
310 15
311 15
312 15
313 15
314 15
315 15
316 15
317 15
318 15
319 15

2 1 0 0
2 0 0 0
3 1 0 0
3 2 0 0
4 3 0 0
4 2 0 0
5 4 0 0
5 1 0 0
6 4 0 0
6 2 0 0
7 2 0 0
7 0 0 0
8 5 0 0
8 4 0 0
9 5 0 0
9 2 0 0
10 6 0 0
10 8 0 0
11 1 0 0
11 4 0 0
12 0 0 0
12 2 0 0
13 6 0 0
13 10 0 0
14 11 0 0
14 0 0 0
15 3 0 0
15 1 0 0
16 0 0 0
16 12 0 0
17 13 0 0
17 6 0 0
18 16 0 0
18 12 0 0
19 16 0 0
19 5 0 0
0 18 0 0
0 6 0 0
1 18 0 0
1 12 0 0
22 21 1 1
22 20 1 1
23 20 1 1
23 22 1 1
24 23 1 1
24 20 1 1
25 24 1 1
25 20 1 1
26 21 1 1
26 25 1 1
27 25 1 1
27 22 1 1
28 27 1 1
28 23 1 1
29 26 1 1
29 22 1 1
30 20 1 1
30 26 1 1
31 26 1 1
31 30 1 1
32 28 1 1
32 30 1 1
33 23 1 1
33 26 1 1
34 23 1 1
34 22 1 1
35 34 1 1
35 32 1 1
36 31 1 1
36 25 1 1
37 31 1 1
37 36 1 1
38 28 1 1
38 26 1 1
39 23 1 1
39 33 1 1
20 38 1 1
20 34 1 1
21 30 1 1
21 29 1 1
42 41 2 2
42 40 2 2
43 41 2 2
43 42 2 2
44 41 2 2
44 42 2 2
45 40 2 2
45 41 2 2
46 40 2 2
46 43 2 2
47 44 2 2
47 42 2 2
48 41 2 2
48 43 2 2
49 47 2 2
49 42 2 2
50 48 2 2
50 45 2 2
51 41 2 2
51 46 2 2
52 49 2 2
52 51 2 2
53 40 2 2
53 47 2 2
54 49 2 2
54 51 2 2
55 48 2 2
55 47 2 2
56 49 2 2
56 45 2 2
57 47 2 2
57 56 2 2
58 56 2 2
58 44 2 2
59 56 2 2
59 50 2 2
40 51 2 2
40 49 2 2
41 53 2 2
41 52 2 2
62 61 3 3
62 60 3 3
63 60 3 3
63 62 3 3
64 60 3 3
64 63 3 3
65 64 3 3
65 63 3 3
66 60 3 3
66 61 3 3
67 62 3 3
67 60 3 3
68 65 3 3
68 64 3 3
69 68 3 3
69 66 3 3
70 64 3 3
70 67 3 3
71 70 3 3
71 61 3 3
72 65 3 3
72 71 3 3
73 60 3 3
73 65 3 3
74 65 3 3
74 67 3 3
75 69 3 3
75 66 3 3
76 71 3 3
76 74 3 3
77 62 3 3
77 68 3 3
78 76 3 3
78 71 3 3
79 60 3 3
79 63 3 3
60 75 3 3
60 69 3 3
61 67 3 3
61 74 3 3
82 80 4 4
82 81 4 4
83 80 4 4
83 82 4 4
84 80 4 4
84 82 4 4
85 81 4 4
85 82 4 4
86 80 4 4
86 82 4 4
87 85 4 4
87 82 4 4
88 80 4 4
88 82 4 4
89 86 4 4
89 81 4 4
90 82 4 4
90 88 4 4
91 89 4 4
91 88 4 4
92 91 4 4
92 80 4 4
93 89 4 4
93 82 4 4
94 86 4 4
94 84 4 4
95 94 4 4
95 90 4 4
96 87 4 4
96 90 4 4
97 90 4 4
97 95 4 4
98 87 4 4
98 93 4 4
99 87 4 4
99 95 4 4
80 97 4 4
80 87 4 4
81 97 4 4
81 96 4 4
102 101 5 5
102 100 5 5
103 101 5 5
103 102 5 5
104 101 5 5
104 103 5 5
105 104 5 5
105 103 5 5
106 101 5 5
106 102 5 5
107 104 5 5
107 103 5 5
108 107 5 5
108 102 5 5
109 107 5 5
109 108 5 5
110 101 5 5
110 106 5 5
111 101 5 5
111 104 5 5
112 103 5 5
112 107 5 5
113 100 5 5
113 105 5 5
114 102 5 5
114 103 5 5
115 106 5 5
115 113 5 5
116 103 5 5
116 113 5 5
117 105 5 5
117 108 5 5
118 113 5 5
118 111 5 5
119 113 5 5
119 105 5 5
100 110 5 5
100 117 5 5
101 119 5 5
101 115 5 5
122 120 6 6
122 121 6 6
123 120 6 6
123 121 6 6
124 123 6 6
124 120 6 6
125 121 6 6
125 120 6 6
126 125 6 6
126 123 6 6
127 120 6 6
127 121 6 6
128 120 6 6
128 126 6 6
129 124 6 6
129 120 6 6
130 127 6 6
130 121 6 6
131 125 6 6
131 128 6 6
132 131 6 6
132 127 6 6
133 126 6 6
133 123 6 6
134 126 6 6
134 133 6 6
135 125 6 6
135 127 6 6
136 122 6 6
136 132 6 6
137 127 6 6
137 130 6 6
138 133 6 6
138 120 6 6
139 124 6 6
139 129 6 6
120 130 6 6
120 132 6 6
121 137 6 6
121 135 6 6
142 141 7 7
142 140 7 7
143 141 7 7
143 142 7 7
144 140 7 7
144 141 7 7
145 143 7 7
145 142 7 7
146 143 7 7
146 140 7 7
147 144 7 7
147 146 7 7
148 143 7 7
148 146 7 7
149 148 7 7
149 145 7 7
150 146 7 7
150 142 7 7
151 143 7 7
151 145 7 7
152 147 7 7
152 146 7 7
153 146 7 7
153 150 7 7
154 144 7 7
154 147 7 7
155 154 7 7
155 146 7 7
156 144 7 7
156 147 7 7
157 154 7 7
157 146 7 7
158 150 7 7
158 151 7 7
159 157 7 7
159 149 7 7
140 150 7 7
140 155 7 7
141 145 7 7
141 150 7 7
162 160 8 8
162 161 8 8
163 161 8 8
163 160 8 8
164 163 8 8
164 160 8 8
165 160 8 8
165 162 8 8
166 164 8 8
166 160 8 8
167 166 8 8
167 161 8 8
168 166 8 8
168 165 8 8
169 165 8 8
169 168 8 8
170 168 8 8
170 163 8 8
171 166 8 8
171 167 8 8
172 166 8 8
172 169 8 8
173 163 8 8
173 164 8 8
174 162 8 8
174 168 8 8
175 170 8 8
175 174 8 8
176 165 8 8
176 167 8 8
177 164 8 8
177 175 8 8
178 165 8 8
178 167 8 8
179 178 8 8
179 170 8 8
160 171 8 8
160 179 8 8
161 170 8 8
161 171 8 8
182 181 9 9
182 180 9 9
183 180 9 9
183 181 9 9
184 181 9 9
184 182 9 9
185 184 9 9
185 181 9 9
186 180 9 9
186 185 9 9
187 185 9 9
187 182 9 9
188 180 9 9
188 186 9 9
189 186 9 9
189 182 9 9
190 181 9 9
190 186 9 9
191 187 9 9
191 189 9 9
192 184 9 9
192 190 9 9
193 191 9 9
193 192 9 9
194 187 9 9
194 191 9 9
195 188 9 9
195 186 9 9
196 188 9 9
196 191 9 9
197 196 9 9
197 187 9 9
198 190 9 9
198 181 9 9
199 195 9 9
199 183 9 9
180 199 9 9
180 189 9 9
181 194 9 9
181 191 9 9
202 201 10 10
202 200 10 10
203 200 10 10
203 202 10 10
204 203 10 10
204 200 10 10
205 201 10 10
205 202 10 10
206 205 10 10
206 204 10 10
207 200 10 10
207 205 10 10
208 202 10 10
208 206 10 10
209 200 10 10
209 203 10 10
210 203 10 10
210 207 10 10
211 203 10 10
211 201 10 10
212 209 10 10
212 204 10 10
213 202 10 10
213 210 10 10
214 204 10 10
214 212 10 10
215 204 10 10
215 202 10 10
216 205 10 10
216 201 10 10
217 201 10 10
217 208 10 10
218 204 10 10
218 208 10 10
219 203 10 10
219 210 10 10
200 213 10 10
200 219 10 10
201 207 10 10
201 204 10 10
222 221 11 11
222 220 11 11
223 222 11 11
223 221 11 11
224 220 11 11
224 221 11 11
225 222 11 11
225 223 11 11
226 222 11 11
226 223 11 11
227 226 11 11
227 222 11 11
228 223 11 11
228 222 11 11
229 228 11 11
229 226 11 11
230 225 11 11
230 228 11 11
231 222 11 11
231 230 11 11
232 221 11 11
232 220 11 11
233 230 11 11
233 220 11 11
234 231 11 11
234 232 11 11
235 231 11 11
235 233 11 11
236 229 11 11
236 233 11 11
237 223 11 11
237 227 11 11
238 232 11 11
238 233 11 11
239 229 11 11
239 226 11 11
220 225 11 11
220 230 11 11
221 235 11 11
221 236 11 11
242 240 12 12
242 241 12 12
243 241 12 12
243 242 12 12
244 240 12 12
244 242 12 12
245 241 12 12
245 243 12 12
246 243 12 12
246 245 12 12
247 246 12 12
247 244 12 12
248 247 12 12
248 242 12 12
249 245 12 12
249 246 12 12
250 244 12 12
250 245 12 12
251 240 12 12
251 249 12 12
252 245 12 12
252 249 12 12
253 240 12 12
253 244 12 12
254 252 12 12
254 253 12 12
255 245 12 12
255 249 12 12
256 244 12 12
256 245 12 12
257 242 12 12
257 255 12 12
258 248 12 12
258 256 12 12
259 247 12 12
259 240 12 12
240 243 12 12
240 257 12 12
241 254 12 12
241 248 12 12
262 261 13 13
262 260 13 13
263 262 13 13
263 261 13 13
264 260 13 13
264 262 13 13
265 261 13 13
265 262 13 13
266 260 13 13
266 264 13 13
267 261 13 13
267 262 13 13
268 261 13 13
268 266 13 13
269 266 13 13
269 267 13 13
270 262 13 13
270 266 13 13
271 268 13 13
271 260 13 13
272 261 13 13
272 267 13 13
273 267 13 13
273 260 13 13
274 264 13 13
274 272 13 13
275 270 13 13
275 272 13 13
276 272 13 13
276 263 13 13
277 272 13 13
277 267 13 13
278 262 13 13
278 271 13 13
279 278 13 13
279 277 13 13
260 267 13 13
260 269 13 13
261 274 13 13
261 269 13 13
282 281 14 14
282 280 14 14
283 280 14 14
283 281 14 14
284 282 14 14
284 281 14 14
285 283 14 14
285 282 14 14
286 284 14 14
286 281 14 14
287 283 14 14
287 281 14 14
288 284 14 14
288 283 14 14
289 281 14 14
289 282 14 14
290 284 14 14
290 281 14 14
291 283 14 14
291 284 14 14
292 286 14 14
292 291 14 14
293 284 14 14
293 286 14 14
294 285 14 14
294 287 14 14
295 283 14 14
295 290 14 14
296 285 14 14
296 288 14 14
297 284 14 14
297 294 14 14
298 280 14 14
298 286 14 14
299 284 14 14
299 288 14 14
280 291 14 14
280 296 14 14
281 288 14 14
281 298 14 14
302 301 15 15
302 300 15 15
303 300 15 15
303 301 15 15
304 302 15 15
304 301 15 15
305 304 15 15
305 301 15 15
306 303 15 15
306 302 15 15
307 302 15 15
307 300 15 15
308 304 15 15
308 301 15 15
309 305 15 15
309 301 15 15
310 305 15 15
310 301 15 15
311 303 15 15
311 309 15 15
312 304 15 15
312 303 15 15
313 307 15 15
313 310 15 15
314 304 15 15
314 313 15 15
315 300 15 15
315 313 15 15
316 314 15 15
316 307 15 15
317 304 15 15
317 311 15 15
318 301 15 15
318 302 15 15
319 302 15 15
319 316 15 15
300 309 15 15
300 314 15 15
301 314 15 15
301 312 15 15
48 10 2 0
51 23 2 1
76 33 3 1
62 50 3 2
88 40 4 2
96 32 4 1
101 68 5 3
119 85 5 4
127 44 6 2
127 3 6 0
147 58 7 2
153 128 7 6
162 19 8 0
174 67 8 3
185 61 9 3
182 140 9 7
213 44 10 2
202 166 10 8
221 52 11 2
238 61 11 3
258 211 12 10
251 169 12 8
279 209 13 10
268 117 13 5
288 279 14 13
298 188 14 9
300 81 15 4
318 50 15 2
6 217 0 10
17 252 0 12
37 100 1 5
29 228 1 11
