swNum = 320
edgeNum = 672

0 0
1 0
2 0
3 0
4 0
5 0
6 0
7 0
8 0
9 0
10 0
11 0
12 0
13 0
14 0
15 0
16 0
17 0
18 0
19 0
20 1
21 1
22 1
23 1
24 1
25 1
26 1
27 1
28 1
29 1
30 1
31 1
32 1
33 1
34 1
35 1
36 1
37 1
38 1
39 1
40 2
41 2
42 2
43 2
44 2
45 2
46 2
47 2
48 2
49 2
50 2
51 2
52 2
53 2
54 2
55 2
56 2
57 2
58 2
59 2
60 3
61 3
62 3
63 3
64 3
65 3
66 3
67 3
68 3
69 3
70 3
71 3
72 3
73 3
74 3
75 3
76 3
77 3
78 3
79 3
80 4
81 4
82 4
83 4
84 4
85 4
86 4
87 4
88 4
89 4
90 4
91 4
92 4
93 4
94 4
95 4
96 4
97 4
98 4
99 4
100 5
101 5
102 5
103 5
104 5
105 5
106 5
107 5
108 5
109 5
110 5
111 5
112 5
113 5
114 5
115 5
116 5
117 5
118 5
119 5
120 6
121 6
122 6
123 6
124 6
125 6
126 6
127 6
128 6
129 6
130 6
131 6
132 6
133 6
134 6
135 6
136 6
137 6
138 6
139 6
140 7
141 7
142 7
143 7
144 7
145 7
146 7
147 7
148 7
149 7
150 7
151 7
152 7
153 7
154 7
155 7
156 7
157 7
158 7
159 7
160 8
161 8
162 8
163 8
164 8
165 8
166 8
167 8
168 8
169 8
170 8
171 8
172 8
173 8
174 8
175 8
176 8
177 8
178 8
179 8
180 9
181 9
182 9
183 9
184 9
185 9
186 9
187 9
188 9
189 9
190 9
191 9
192 9
193 9
194 9
195 9
196 9
197 9
198 9
199 9
200 10
201 10
202 10
203 10
204 10
205 10
206 10
207 10
208 10
209 10
210 10
211 10
212 10
213 10
214 10
215 10
216 10
217 10
218 10
219 10
220 11
221 11
222 11
223 11
224 11
225 11
226 11
227 11
228 11
229 11
230 11
231 11
232 11
233 11
234 11
235 11
236 11
237 11
238 11
239 11
240 12
241 12
242 12
243 12
244 12
245 12
246 12
247 12
248 12
249 12
250 12
251 12
252 12
253 12
254 12
255 12
256 12
257 12
258 12
259 12
260 13
261 13
262 13
263 13
264 13
265 13
266 13
267 13
268 13
269 13
270 13
271 13
272 13
273 13
274 13
275 13
276 13
277 13
278 13
279 13
280 14
281 14
282 14
283 14
284 14
285 14
286 14
287 14
288 14
289 14
290 14
291 14
292 14
293 14
294 14
295 14
296 14
297 14
298 14
299 14
300 15
301 15
302 15
303 15
304 15
305 15
306 15
307 15
308 15
309 15
310 15
311 15
312 15
313 15
314 15
315 15
316 15
317 15
318 15
319 15

2 1 0 0
2 0 0 0
3 2 0 0
3 1 0 0
4 3 0 0
4 2 0 0
5 2 0 0
5 3 0 0
6 5 0 0
6 1 0 0
7 6 0 0
7 4 0 0
8 0 0 0
8 1 0 0
9 0 0 0
9 1 0 0
10 0 0 0
10 8 0 0
11 10 0 0
11 3 0 0
12 9 0 0
12 7 0 0
13 2 0 0
13 3 0 0
14 6 0 0
14 9 0 0
15 14 0 0
15 5 0 0
16 4 0 0
16 9 0 0
17 5 0 0
17 8 0 0
18 3 0 0
18 12 0 0
19 11 0 0
19 15 0 0
0 13 0 0
0 6 0 0
1 5 0 0
1 11 0 0
22 21 1 1
22 20 1 1
23 20 1 1
23 21 1 1
24 22 1 1
24 23 1 1
25 22 1 1
25 21 1 1
26 24 1 1
26 22 1 1
27 21 1 1
27 25 1 1
28 21 1 1
28 26 1 1
29 20 1 1
29 21 1 1
30 21 1 1
30 29 1 1
31 29 1 1
31 20 1 1
32 25 1 1
32 29 1 1
33 29 1 1
33 21 1 1
34 20 1 1
34 26 1 1
35 29 1 1
35 30 1 1
36 28 1 1
36 27 1 1
37 36 1 1
37 28 1 1
38 36 1 1
38 21 1 1
39 36 1 1
39 38 1 1
20 25 1 1
20 38 1 1
21 32 1 1
21 24 1 1
42 40 2 2
42 41 2 2
43 40 2 2
43 42 2 2
44 40 2 2
44 43 2 2
45 44 2 2
45 41 2 2
46 41 2 2
46 44 2 2
47 45 2 2
47 42 2 2
48 43 2 2
48 41 2 2
49 43 2 2
49 40 2 2
50 40 2 2
50 43 2 2
51 40 2 2
51 45 2 2
52 43 2 2
52 45 2 2
53 46 2 2
53 50 2 2
54 45 2 2
54 49 2 2
55 44 2 2
55 48 2 2
56 52 2 2
56 41 2 2
57 42 2 2
57 44 2 2
58 52 2 2
58 45 2 2
59 45 2 2
59 52 2 2
40 55 2 2
40 48 2 2
41 54 2 2
41 49 2 2
62 61 3 3
62 60 3 3
63 62 3 3
63 61 3 3
64 62 3 3
64 60 3 3
65 64 3 3
65 62 3 3
66 64 3 3
66 60 3 3
67 60 3 3
67 61 3 3
68 64 3 3
68 61 3 3
69 68 3 3
69 61 3 3
70 68 3 3
70 62 3 3
71 66 3 3
71 68 3 3
72 61 3 3
72 64 3 3
73 69 3 3
73 65 3 3
74 68 3 3
74 60 3 3
75 72 3 3
75 70 3 3
76 64 3 3
76 65 3 3
77 67 3 3
77 62 3 3
78 62 3 3
78 74 3 3
79 65 3 3
79 62 3 3
60 77 3 3
60 78 3 3
61 75 3 3
61 78 3 3
82 80 4 4
82 81 4 4
83 80 4 4
83 81 4 4
84 81 4 4
84 80 4 4
85 80 4 4
85 84 4 4
86 84 4 4
86 82 4 4
87 82 4 4
87 86 4 4
88 83 4 4
88 86 4 4
89 86 4 4
89 82 4 4
90 82 4 4
90 83 4 4
91 86 4 4
91 80 4 4
92 81 4 4
92 80 4 4
93 81 4 4
93 90 4 4
94 88 4 4
94 85 4 4
95 83 4 4
95 84 4 4
96 85 4 4
96 94 4 4
97 83 4 4
97 88 4 4
98 94 4 4
98 90 4 4
99 80 4 4
99 94 4 4
80 93 4 4
80 98 4 4
81 98 4 4
81 99 4 4
102 101 5 5
102 100 5 5
103 101 5 5
103 102 5 5
104 103 5 5
104 101 5 5
105 101 5 5
105 104 5 5
106 101 5 5
106 104 5 5
107 101 5 5
107 105 5 5
108 100 5 5
108 102 5 5
109 105 5 5
109 102 5 5
110 104 5 5
110 109 5 5
111 105 5 5
111 103 5 5
112 110 5 5
112 101 5 5
113 102 5 5
113 108 5 5
114 109 5 5
114 103 5 5
115 105 5 5
115 100 5 5
116 110 5 5
116 103 5 5
117 109 5 5
117 105 5 5
118 117 5 5
118 105 5 5
119 106 5 5
119 112 5 5
100 119 5 5
100 114 5 5
101 117 5 5
101 119 5 5
122 120 6 6
122 121 6 6
123 120 6 6
123 122 6 6
124 122 6 6
124 123 6 6
125 124 6 6
125 120 6 6
126 124 6 6
126 123 6 6
127 125 6 6
127 120 6 6
128 123 6 6
128 120 6 6
129 124 6 6
129 126 6 6
130 129 6 6
130 126 6 6
131 125 6 6
131 126 6 6
132 125 6 6
132 120 6 6
133 131 6 6
133 124 6 6
134 124 6 6
134 122 6 6
135 134 6 6
135 133 6 6
136 128 6 6
136 121 6 6
137 134 6 6
137 120 6 6
138 130 6 6
138 137 6 6
139 127 6 6
139 126 6 6
120 136 6 6
120 130 6 6
121 139 6 6
121 126 6 6
142 141 7 7
142 140 7 7
143 140 7 7
143 141 7 7
144 141 7 7
144 142 7 7
145 141 7 7
145 142 7 7
146 141 7 7
146 142 7 7
147 146 7 7
147 145 7 7
148 141 7 7
148 142 7 7
149 142 7 7
149 145 7 7
150 143 7 7
150 147 7 7
151 145 7 7
151 144 7 7
152 144 7 7
152 148 7 7
153 152 7 7
153 142 7 7
154 147 7 7
154 150 7 7
155 154 7 7
155 152 7 7
156 144 7 7
156 140 7 7
157 140 7 7
157 155 7 7
158 141 7 7
158 142 7 7
159 140 7 7
159 149 7 7
140 150 7 7
140 155 7 7
141 151 7 7
141 157 7 7
162 161 8 8
162 160 8 8
163 162 8 8
163 160 8 8
164 160 8 8
164 161 8 8
165 162 8 8
165 160 8 8
166 162 8 8
166 160 8 8
167 161 8 8
167 164 8 8
168 165 8 8
168 161 8 8
169 163 8 8
169 160 8 8
170 164 8 8
170 161 8 8
171 161 8 8
171 163 8 8
172 170 8 8
172 162 8 8
173 168 8 8
173 162 8 8
174 169 8 8
174 168 8 8
175 167 8 8
175 168 8 8
176 174 8 8
176 169 8 8
177 164 8 8
177 163 8 8
178 163 8 8
178 165 8 8
179 171 8 8
179 165 8 8
160 167 8 8
160 178 8 8
161 173 8 8
161 163 8 8
182 180 9 9
182 181 9 9
183 181 9 9
183 180 9 9
184 183 9 9
184 181 9 9
185 181 9 9
185 183 9 9
186 181 9 9
186 184 9 9
187 186 9 9
187 185 9 9
188 180 9 9
188 185 9 9
189 188 9 9
189 183 9 9
190 184 9 9
190 183 9 9
191 188 9 9
191 189 9 9
192 186 9 9
192 185 9 9
193 181 9 9
193 185 9 9
194 191 9 9
194 188 9 9
195 190 9 9
195 193 9 9
196 181 9 9
196 193 9 9
197 187 9 9
197 182 9 9
198 192 9 9
198 197 9 9
199 189 9 9
199 180 9 9
180 194 9 9
180 198 9 9
181 191 9 9
181 194 9 9
202 200 10 10
202 201 10 10
203 201 10 10
203 202 10 10
204 202 10 10
204 203 10 10
205 202 10 10
205 200 10 10
206 201 10 10
206 203 10 10
207 202 10 10
207 201 10 10
208 207 10 10
208 202 10 10
209 206 10 10
209 200 10 10
210 205 10 10
210 207 10 10
211 210 10 10
211 203 10 10
212 205 10 10
212 201 10 10
213 208 10 10
213 212 10 10
214 209 10 10
214 202 10 10
215 207 10 10
215 209 10 10
216 209 10 10
216 207 10 10
217 205 10 10
217 213 10 10
218 205 10 10
218 202 10 10
219 207 10 10
219 214 10 10
200 219 10 10
200 211 10 10
201 213 10 10
201 205 10 10
222 220 11 11
222 221 11 11
223 222 11 11
223 221 11 11
224 222 11 11
224 220 11 11
225 220 11 11
225 222 11 11
226 225 11 11
226 220 11 11
227 220 11 11
227 222 11 11
228 223 11 11
228 221 11 11
229 222 11 11
229 224 11 11
230 229 11 11
230 228 11 11
231 221 11 11
231 227 11 11
232 227 11 11
232 220 11 11
233 220 11 11
233 224 11 11
234 232 11 11
234 231 11 11
235 222 11 11
235 224 11 11
236 222 11 11
236 223 11 11
237 225 11 11
237 226 11 11
238 227 11 11
238 232 11 11
239 235 11 11
239 238 11 11
220 234 11 11
220 228 11 11
221 233 11 11
221 234 11 11
242 241 12 12
242 240 12 12
243 242 12 12
243 241 12 12
244 241 12 12
244 240 12 12
245 244 12 12
245 241 12 12
246 240 12 12
246 244 12 12
247 246 12 12
247 244 12 12
248 246 12 12
248 243 12 12
249 245 12 12
249 244 12 12
250 240 12 12
250 247 12 12
251 250 12 12
251 246 12 12
252 245 12 12
252 241 12 12
253 251 12 12
253 250 12 12
254 251 12 12
254 250 12 12
255 244 12 12
255 246 12 12
256 241 12 12
256 250 12 12
257 248 12 12
257 241 12 12
258 241 12 12
258 246 12 12
259 243 12 12
259 246 12 12
240 252 12 12
240 259 12 12
241 251 12 12
241 250 12 12
262 260 13 13
262 261 13 13
263 260 13 13
263 261 13 13
264 260 13 13
264 261 13 13
265 261 13 13
265 262 13 13
266 261 13 13
266 262 13 13
267 261 13 13
267 260 13 13
268 263 13 13
268 262 13 13
269 265 13 13
269 264 13 13
270 262 13 13
270 263 13 13
271 269 13 13
271 264 13 13
272 266 13 13
272 261 13 13
273 268 13 13
273 270 13 13
274 264 13 13
274 262 13 13
275 260 13 13
275 265 13 13
276 269 13 13
276 273 13 13
277 269 13 13
277 265 13 13
278 261 13 13
278 266 13 13
279 260 13 13
279 265 13 13
260 276 13 13
260 270 13 13
261 277 13 13
261 269 13 13
282 281 14 14
282 280 14 14
283 280 14 14
283 282 14 14
284 280 14 14
284 283 14 14
285 283 14 14
285 284 14 14
286 282 14 14
286 280 14 14
287 282 14 14
287 285 14 14
288 283 14 14
288 285 14 14
289 283 14 14
289 284 14 14
290 285 14 14
290 282 14 14
291 286 14 14
291 282 14 14
292 287 14 14
292 291 14 14
293 285 14 14
293 290 14 14
294 282 14 14
294 289 14 14
295 286 14 14
295 292 14 14
296 293 14 14
296 291 14 14
297 290 14 14
297 281 14 14
298 297 14 14
298 293 14 14
299 290 14 14
299 296 14 14
280 285 14 14
280 297 14 14
281 291 14 14
281 286 14 14
302 301 15 15
302 300 15 15
303 300 15 15
303 302 15 15
304 302 15 15
304 303 15 15
305 302 15 15
305 304 15 15
306 304 15 15
306 301 15 15
307 305 15 15
307 304 15 15
308 307 15 15
308 303 15 15
309 307 15 15
309 302 15 15
310 304 15 15
310 307 15 15
311 302 15 15
311 303 15 15
312 305 15 15
312 310 15 15
313 300 15 15
313 308 15 15
314 302 15 15
314 309 15 15
315 303 15 15
315 305 15 15
316 305 15 15
316 303 15 15
317 316 15 15
317 302 15 15
318 305 15 15
318 307 15 15
319 306 15 15
319 317 15 15
300 315 15 15
300 304 15 15
301 312 15 15
301 319 15 15
55 3 2 0
40 23 2 1
68 0 3 0
61 35 3 1
81 42 4 2
99 12 4 0
103 94 5 4
109 48 5 2
124 2 6 0
134 111 6 5
154 44 7 2
149 9 7 0
169 52 8 2
162 5 8 0
188 152 9 7
184 109 9 5
201 19 10 0
216 124 10 6
239 49 11 2
224 61 11 3
247 207 12 10
253 157 12 7
267 193 13 9
260 42 13 2
295 180 14 9
281 126 14 6
306 97 15 4
310 251 15 12
9 100 0 5
8 252 0 12
39 230 1 11
27 155 1 7
