swNum = 320
edgeNum = 672

0 0
1 0
2 0
3 0
4 0
5 0
6 0
7 0
8 0
9 0
10 0
11 0
12 0
13 0
14 0
15 0
16 0
17 0
18 0
19 0
20 1
21 1
22 1
23 1
24 1
25 1
26 1
27 1
28 1
29 1
30 1
31 1
32 1
33 1
34 1
35 1
36 1
37 1
38 1
39 1
40 2
41 2
42 2
43 2
44 2
45 2
46 2
47 2
48 2
49 2
50 2
51 2
52 2
53 2
54 2
55 2
56 2
57 2
58 2
59 2
60 3
61 3
62 3
63 3
64 3
65 3
66 3
67 3
68 3
69 3
70 3
71 3
72 3
73 3
74 3
75 3
76 3
77 3
78 3
79 3
80 4
81 4
82 4
83 4
84 4
85 4
86 4
87 4
88 4
89 4
90 4
91 4
92 4
93 4
94 4
95 4
96 4
97 4
98 4
99 4
100 5
101 5
102 5
103 5
104 5
105 5
106 5
107 5
108 5
109 5
110 5
111 5
112 5
113 5
114 5
115 5
116 5
117 5
118 5
119 5
120 6
121 6
122 6
123 6
124 6
125 6
126 6
127 6
128 6
129 6
130 6
131 6
132 6
133 6
134 6
135 6
136 6
137 6
138 6
139 6
140 7
141 7
142 7
143 7
144 7
145 7
146 7
147 7
148 7
149 7
150 7
151 7
152 7
153 7
154 7
155 7
156 7
157 7
158 7
159 7
160 8
161 8
162 8
163 8
164 8
165 8
166 8
167 8
168 8
169 8
170 8
171 8
172 8
173 8
174 8
175 8
176 8
177 8
178 8
179 8
180 9
181 9
182 9
183 9
184 9
185 9
186 9
187 9
188 9
189 9
190 9
191 9
192 9
193 9
194 9
195 9
196 9
197 9
198 9
199 9
200 10
201 10
202 10
203 10
204 10
205 10
206 10
207 10
208 10
209 10
210 10
211 10
212 10
213 10
214 10
215 10
216 10
217 10
218 10
219 10
220 11
221 11
222 11
223 11
224 11
225 11
226 11
227 11
228 11
229 11
230 11
231 11
232 11
233 11
234 11
235 11
236 11
237 11
238 11
239 11
240 12
241 12
242 12
243 12
244 12
245 12
246 12
247 12
248 12
249 12
250 12
251 12
252 12
253 12
254 12
255 12
256 12
257 12
258 12
259 12
260 13
261 13
262 13
263 13
264 13
265 13
266 13
267 13
268 13
269 13
270 13
271 13
272 13
273 13
274 13
275 13
276 13
277 13
278 13
279 13
280 14
281 14
282 14
283 14
284 14
285 14
286 14
287 14
288 14
289 14
290 14
291 14
292 14
293 14
294 14
295 14
296 14
297 14
298 14
299 14
300 15
301 15
302 15
303 15
304 15
305 15
306 15
307 15
308 15
309 15
310 15
311 15
312 15
313 15
314 15
315 15
316 15
317 15
318 15
319 15

2 0 0 0
2 1 0 0
3 0 0 0
3 1 0 0
4 1 0 0
4 0 0 0
5 1 0 0
5 2 0 0
6 4 0 0
6 5 0 0
7 0 0 0
7 2 0 0
8 2 0 0
8 0 0 0
9 1 0 0
9 6 0 0
10 0 0 0
10 7 0 0
11 0 0 0
11 6 0 0
12 8 0 0
12 7 0 0
13 7 0 0
13 0 0 0
14 11 0 0
14 4 0 0
15 2 0 0
15 0 0 0
16 5 0 0
16 10 0 0
17 1 0 0
17 6 0 0
18 16 0 0
18 15 0 0
19 18 0 0
19 15 0 0
0 5 0 0
0 18 0 0
1 13 0 0
1 11 0 0
22 21 1 1
22 20 1 1
23 22 1 1
23 20 1 1
24 23 1 1
24 21 1 1
25 23 1 1
25 22 1 1
26 25 1 1
26 23 1 1
27 25 1 1
27 24 1 1
28 22 1 1
28 21 1 1
29 23 1 1
29 28 1 1
30 27 1 1
30 25 1 1
31 25 1 1
31 21 1 1
32 25 1 1
32 24 1 1
33 22 1 1
33 27 1 1
34 27 1 1
34 33 1 1
35 25 1 1
35 23 1 1
36 21 1 1
36 23 1 1
37 21 1 1
37 33 1 1
38 36 1 1
38 32 1 1
39 26 1 1
39 36 1 1
20 24 1 1
20 27 1 1
21 32 1 1
21 25 1 1
42 41 2 2
42 40 2 2
43 41 2 2
43 40 2 2
44 40 2 2
44 42 2 2
45 44 2 2
45 41 2 2
46 45 2 2
46 41 2 2
47 43 2 2
47 45 2 2
48 47 2 2
48 42 2 2
49 40 2 2
49 41 2 2
50 47 2 2
50 48 2 2
51 45 2 2
51 47 2 2
52 46 2 2
52 41 2 2
53 41 2 2
53 49 2 2
54 46 2 2
54 40 2 2
55 40 2 2
55 49 2 2
56 42 2 2
56 46 2 2
57 54 2 2
57 50 2 2
58 47 2 2
58 51 2 2
59 51 2 2
59 58 2 2
40 51 2 2
40 46 2 2
41 50 2 2
41 48 2 2
62 60 3 3
62 61 3 3
63 62 3 3
63 60 3 3
64 60 3 3
64 61 3 3
65 63 3 3
65 62 3 3
66 64 3 3
66 63 3 3
67 63 3 3
67 61 3 3
68 62 3 3
68 61 3 3
69 64 3 3
69 67 3 3
70 68 3 3
70 65 3 3
71 62 3 3
71 68 3 3
72 62 3 3
72 60 3 3
73 70 3 3
73 66 3 3
74 69 3 3
74 66 3 3
75 66 3 3
75 61 3 3
76 62 3 3
76 69 3 3
77 76 3 3
77 62 3 3
78 74 3 3
78 64 3 3
79 64 3 3
79 77 3 3
60 71 3 3
60 69 3 3
61 78 3 3
61 76 3 3
82 80 4 4
82 81 4 4
83 81 4 4
83 80 4 4
84 82 4 4
84 83 4 4
85 81 4 4
85 80 4 4
86 80 4 4
86 81 4 4
87 80 4 4
87 84 4 4
88 84 4 4
88 83 4 4
89 86 4 4
89 80 4 4
90 81 4 4
90 85 4 4
91 80 4 4
91 82 4 4
92 87 4 4
92 88 4 4
93 92 4 4
93 91 4 4
94 85 4 4
94 91 4 4
95 85 4 4
95 93 4 4
96 90 4 4
96 86 4 4
97 89 4 4
97 87 4 4
98 89 4 4
98 81 4 4
99 98 4 4
99 80 4 4
80 96 4 4
80 93 4 4
81 94 4 4
81 97 4 4
102 100 5 5
102 101 5 5
103 100 5 5
103 101 5 5
104 101 5 5
104 103 5 5
105 103 5 5
105 102 5 5
106 104 5 5
106 100 5 5
107 100 5 5
107 104 5 5
108 104 5 5
108 100 5 5
109 107 5 5
109 106 5 5
110 108 5 5
110 102 5 5
111 105 5 5
111 108 5 5
112 111 5 5
112 100 5 5
113 101 5 5
113 100 5 5
114 112 5 5
114 110 5 5
115 108 5 5
115 111 5 5
116 115 5 5
116 103 5 5
117 111 5 5
117 112 5 5
118 117 5 5
118 103 5 5
119 116 5 5
119 107 5 5
100 105 5 5
100 110 5 5
101 116 5 5
101 118 5 5
122 120 6 6
122 121 6 6
123 120 6 6
123 122 6 6
124 123 6 6
124 120 6 6
125 121 6 6
125 120 6 6
126 121 6 6
126 125 6 6
127 123 6 6
127 124 6 6
128 121 6 6
128 124 6 6
129 122 6 6
129 120 6 6
130 125 6 6
130 127 6 6
131 126 6 6
131 123 6 6
132 120 6 6
132 126 6 6
133 125 6 6
133 127 6 6
134 129 6 6
134 122 6 6
135 125 6 6
135 123 6 6
136 131 6 6
136 122 6 6
137 120 6 6
137 126 6 6
138 123 6 6
138 126 6 6
139 135 6 6
139 120 6 6
120 135 6 6
120 136 6 6
121 133 6 6
121 137 6 6
142 141 7 7
142 140 7 7
143 142 7 7
143 141 7 7
144 143 7 7
144 140 7 7
145 140 7 7
145 141 7 7
146 144 7 7
146 140 7 7
147 144 7 7
147 146 7 7
148 143 7 7
148 142 7 7
149 146 7 7
149 140 7 7
150 140 7 7
150 141 7 7
151 146 7 7
151 144 7 7
152 151 7 7
152 146 7 7
153 140 7 7
153 150 7 7
154 144 7 7
154 141 7 7
155 151 7 7
155 140 7 7
156 149 7 7
156 141 7 7
157 145 7 7
157 142 7 7
158 142 7 7
158 141 7 7
159 145 7 7
159 154 7 7
140 151 7 7
140 158 7 7
141 152 7 7
141 153 7 7
162 160 8 8
162 161 8 8
163 162 8 8
163 160 8 8
164 160 8 8
164 163 8 8
165 160 8 8
165 162 8 8
166 163 8 8
166 161 8 8
167 163 8 8
167 162 8 8
168 162 8 8
168 161 8 8
169 166 8 8
169 165 8 8
170 168 8 8
170 165 8 8
171 164 8 8
171 161 8 8
172 169 8 8
172 160 8 8
173 163 8 8
173 169 8 8
174 160 8 8
174 164 8 8
175 166 8 8
175 169 8 8
176 163 8 8
176 167 8 8
177 165 8 8
177 175 8 8
178 169 8 8
178 177 8 8
179 162 8 8
179 164 8 8
160 177 8 8
160 169 8 8
161 165 8 8
161 169 8 8
182 181 9 9
182 180 9 9
183 181 9 9
183 180 9 9
184 181 9 9
184 180 9 9
185 184 9 9
185 182 9 9
186 180 9 9
186 183 9 9
187 184 9 9
187 181 9 9
188 183 9 9
188 180 9 9
189 186 9 9
189 181 9 9
190 186 9 9
190 188 9 9
191 188 9 9
191 183 9 9
192 190 9 9
192 188 9 9
193 181 9 9
193 191 9 9
194 191 9 9
194 180 9 9
195 194 9 9
195 184 9 9
196 184 9 9
196 188 9 9
197 196 9 9
197 191 9 9
198 183 9 9
198 190 9 9
199 184 9 9
199 190 9 9
180 198 9 9
180 191 9 9
181 192 9 9
181 199 9 9
202 201 10 10
202 200 10 10
203 201 10 10
203 202 10 10
204 200 10 10
204 202 10 10
205 202 10 10
205 203 10 10
206 202 10 10
206 204 10 10
207 205 10 10
207 206 10 10
208 203 10 10
208 207 10 10
209 208 10 10
209 207 10 10
210 203 10 10
210 205 10 10
211 208 10 10
211 201 10 10
212 210 10 10
212 209 10 10
213 208 10 10
213 209 10 10
214 208 10 10
214 209 10 10
215 204 10 10
215 203 10 10
216 202 10 10
216 215 10 10
217 204 10 10
217 213 10 10
218 216 10 10
218 201 10 10
219 207 10 10
219 205 10 10
200 214 10 10
200 203 10 10
201 215 10 10
201 216 10 10
222 221 11 11
222 220 11 11
223 222 11 11
223 221 11 11
224 220 11 11
224 221 11 11
225 221 11 11
225 220 11 11
226 222 11 11
226 221 11 11
227 223 11 11
227 221 11 11
228 222 11 11
228 223 11 11
229 228 11 11
229 223 11 11
230 228 11 11
230 220 11 11
231 225 11 11
231 228 11 11
232 225 11 11
232 228 11 11
233 226 11 11
233 224 11 11
234 232 11 11
234 231 11 11
235 220 11 11
235 221 11 11
236 231 11 11
236 229 11 11
237 226 11 11
237 222 11 11
238 229 11 11
238 233 11 11
239 235 11 11
239 234 11 11
220 236 11 11
220 234 11 11
221 228 11 11
221 236 11 11
242 240 12 12
242 241 12 12
243 242 12 12
243 240 12 12
244 243 12 12
244 241 12 12
245 242 12 12
245 240 12 12
246 242 12 12
246 244 12 12
247 244 12 12
247 241 12 12
248 243 12 12
248 240 12 12
249 248 12 12
249 246 12 12
250 241 12 12
250 240 12 12
251 246 12 12
251 241 12 12
252 245 12 12
252 248 12 12
253 242 12 12
253 248 12 12
254 243 12 12
254 242 12 12
255 248 12 12
255 249 12 12
256 248 12 12
256 243 12 12
257 253 12 12
257 256 12 12
258 245 12 12
258 255 12 12
259 244 12 12
259 246 12 12
240 256 12 12
240 253 12 12
241 253 12 12
241 256 12 12
262 261 13 13
262 260 13 13
263 262 13 13
263 261 13 13
264 263 13 13
264 262 13 13
265 261 13 13
265 263 13 13
266 262 13 13
266 260 13 13
267 263 13 13
267 266 13 13
268 265 13 13
268 262 13 13
269 264 13 13
269 263 13 13
270 261 13 13
270 268 13 13
271 270 13 13
271 265 13 13
272 262 13 13
272 269 13 13
273 265 13 13
273 271 13 13
274 260 13 13
274 261 13 13
275 273 13 13
275 274 13 13
276 272 13 13
276 266 13 13
277 267 13 13
277 261 13 13
278 269 13 13
278 271 13 13
279 263 13 13
279 275 13 13
260 275 13 13
260 279 13 13
261 272 13 13
261 269 13 13
282 280 14 14
282 281 14 14
283 282 14 14
283 281 14 14
284 280 14 14
284 281 14 14
285 282 14 14
285 281 14 14
286 280 14 14
286 284 14 14
287 283 14 14
287 282 14 14
288 281 14 14
288 287 14 14
289 282 14 14
289 288 14 14
290 286 14 14
290 283 14 14
291 284 14 14
291 280 14 14
292 280 14 14
292 284 14 14
293 280 14 14
293 283 14 14
294 289 14 14
294 293 14 14
295 291 14 14
295 286 14 14
296 293 14 14
296 281 14 14
297 289 14 14
297 288 14 14
298 287 14 14
298 281 14 14
299 286 14 14
299 295 14 14
280 295 14 14
280 290 14 14
281 291 14 14
281 286 14 14
302 301 15 15
302 300 15 15
303 301 15 15
303 302 15 15
304 301 15 15
304 300 15 15
305 303 15 15
305 301 15 15
306 303 15 15
306 305 15 15
307 303 15 15
307 302 15 15
308 301 15 15
308 307 15 15
309 307 15 15
309 304 15 15
310 308 15 15
310 305 15 15
311 301 15 15
311 303 15 15
312 310 15 15
312 308 15 15
313 308 15 15
313 305 15 15
314 302 15 15
314 311 15 15
315 311 15 15
315 308 15 15
316 300 15 15
316 312 15 15
317 315 15 15
317 313 15 15
318 311 15 15
318 300 15 15
319 305 15 15
319 313 15 15
300 310 15 15
300 306 15 15
301 307 15 15
301 312 15 15
45 33 2 1
47 3 2 0
69 21 3 1
70 44 3 2
95 3 4 0
81 63 4 3
112 75 5 3
119 49 5 2
122 100 6 5
134 8 6 0
147 82 7 4
151 54 7 2
178 4 8 0
175 85 8 4
182 21 9 1
196 147 9 7
210 177 10 8
219 88 10 4
235 92 11 4
234 166 11 8
247 14 12 0
245 37 12 1
275 183 13 9
268 164 13 8
280 188 14 9
283 52 14 2
301 39 15 1
308 183 15 9
6 105 0 5
5 276 0 13
23 299 1 14
25 114 1 5
