swNum = 320
edgeNum = 672

0 0
1 0
2 0
3 0
4 0
5 0
6 0
7 0
8 0
9 0
10 0
11 0
12 0
13 0
14 0
15 0
16 0
17 0
18 0
19 0
20 1
21 1
22 1
23 1
24 1
25 1
26 1
27 1
28 1
29 1
30 1
31 1
32 1
33 1
34 1
35 1
36 1
37 1
38 1
39 1
40 2
41 2
42 2
43 2
44 2
45 2
46 2
47 2
48 2
49 2
50 2
51 2
52 2
53 2
54 2
55 2
56 2
57 2
58 2
59 2
60 3
61 3
62 3
63 3
64 3
65 3
66 3
67 3
68 3
69 3
70 3
71 3
72 3
73 3
74 3
75 3
76 3
77 3
78 3
79 3
80 4
81 4
82 4
83 4
84 4
85 4
86 4
87 4
88 4
89 4
90 4
91 4
92 4
93 4
94 4
95 4
96 4
97 4
98 4
99 4
100 5
101 5
102 5
103 5
104 5
105 5
106 5
107 5
108 5
109 5
110 5
111 5
112 5
113 5
114 5
115 5
116 5
117 5
118 5
119 5
120 6
121 6
122 6
123 6
124 6
125 6
126 6
127 6
128 6
129 6
130 6
131 6
132 6
133 6
134 6
135 6
136 6
137 6
138 6
139 6
140 7
141 7
142 7
143 7
144 7
145 7
146 7
147 7
148 7
149 7
150 7
151 7
152 7
153 7
154 7
155 7
156 7
157 7
158 7
159 7
160 8
161 8
162 8
163 8
164 8
165 8
166 8
167 8
168 8
169 8
170 8
171 8
172 8
173 8
174 8
175 8
176 8
177 8
178 8
179 8
180 9
181 9
182 9
183 9
184 9
185 9
186 9
187 9
188 9
189 9
190 9
191 9
192 9
193 9
194 9
195 9
196 9
197 9
198 9
199 9
200 10
201 10
202 10
203 10
204 10
205 10
206 10
207 10
208 10
209 10
210 10
211 10
212 10
213 10
214 10
215 10
216 10
217 10
218 10
219 10
220 11
221 11
222 11
223 11
224 11
225 11
226 11
227 11
228 11
229 11
230 11
231 11
232 11
233 11
234 11
235 11
236 11
237 11
238 11
239 11
240 12
241 12
242 12
243 12
244 12
245 12
246 12
247 12
248 12
249 12
250 12
251 12
252 12
253 12
254 12
255 12
256 12
257 12
258 12
259 12
260 13
261 13
262 13
263 13
264 13
265 13
266 13
267 13
268 13
269 13
270 13
271 13
272 13
273 13
274 13
275 13
276 13
277 13
278 13
279 13
280 14
281 14
282 14
283 14
284 14
285 14
286 14
287 14
288 14
289 14
290 14
291 14
292 14
293 14
294 14
295 14
296 14
297 14
298 14
299 14
300 15
301 15
302 15
303 15
304 15
305 15
306 15
307 15
308 15
309 15
310 15
311 15
312 15
313 15
314 15
315 15
316 15
317 15
318 15
319 15

2 0 0 0
2 1 0 0
3 0 0 0
3 2 0 0
4 0 0 0
4 1 0 0
5 2 0 0
5 1 0 0
6 4 0 0
6 2 0 0
7 3 0 0
7 0 0 0
8 5 0 0
8 3 0 0
9 8 0 0
9 2 0 0
10 5 0 0
10 2 0 0
11 10 0 0
11 4 0 0
12 9 0 0
12 2 0 0
13 11 0 0
13 0 0 0
14 9 0 0
14 8 0 0
15 1 0 0
15 9 0 0
16 12 0 0
16 14 0 0
17 4 0 0
17 1 0 0
18 6 0 0
18 1 0 0
19 10 0 0
19 1 0 0
0 10 0 0
0 11 0 0
1 6 0 0
1 14 0 0
22 21 1 1
22 20 1 1
23 22 1 1
23 20 1 1
24 20 1 1
24 23 1 1
25 23 1 1
25 24 1 1
26 20 1 1
26 23 1 1
27 20 1 1
27 24 1 1
28 21 1 1
28 26 1 1
29 24 1 1
29 28 1 1
30 29 1 1
30 28 1 1
31 29 1 1
31 28 1 1
32 28 1 1
32 23 1 1
33 28 1 1
33 32 1 1
34 32 1 1
34 26 1 1
35 29 1 1
35 22 1 1
36 31 1 1
36 23 1 1
37 34 1 1
37 27 1 1
38 27 1 1
38 28 1 1
39 23 1 1
39 36 1 1
20 30 1 1
20 29 1 1
21 27 1 1
21 23 1 1
42 40 2 2
42 41 2 2
43 41 2 2
43 40 2 2
44 42 2 2
44 41 2 2
45 44 2 2
45 40 2 2
46 42 2 2
46 44 2 2
47 43 2 2
47 40 2 2
48 40 2 2
48 47 2 2
49 45 2 2
49 46 2 2
50 49 2 2
50 44 2 2
51 50 2 2
51 46 2 2
52 40 2 2
52 48 2 2
53 50 2 2
53 51 2 2
54 52 2 2
54 47 2 2
55 44 2 2
55 49 2 2
56 47 2 2
56 51 2 2
57 47 2 2
57 50 2 2
58 40 2 2
58 56 2 2
59 40 2 2
59 51 2 2
40 46 2 2
40 54 2 2
41 59 2 2
41 55 2 2
62 61 3 3
62 60 3 3
63 60 3 3
63 61 3 3
64 63 3 3
64 60 3 3
65 61 3 3
65 62 3 3
66 65 3 3
66 63 3 3
67 62 3 3
67 65 3 3
68 61 3 3
68 65 3 3
69 67 3 3
69 61 3 3
70 67 3 3
70 64 3 3
71 60 3 3
71 63 3 3
72 69 3 3
72 64 3 3
73 66 3 3
73 69 3 3
74 61 3 3
74 72 3 3
75 62 3 3
75 71 3 3
76 66 3 3
76 60 3 3
77 69 3 3
77 75 3 3
78 74 3 3
78 69 3 3
79 67 3 3
79 60 3 3
60 69 3 3
60 74 3 3
61 67 3 3
61 73 3 3
82 80 4 4
82 81 4 4
83 80 4 4
83 82 4 4
84 81 4 4
84 82 4 4
85 83 4 4
85 82 4 4
86 80 4 4
86 85 4 4
87 82 4 4
87 84 4 4
88 84 4 4
88 80 4 4
89 80 4 4
89 84 4 4
90 83 4 4
90 88 4 4
91 86 4 4
91 87 4 4
92 86 4 4
92 91 4 4
93 89 4 4
93 86 4 4
94 90 4 4
94 93 4 4
95 89 4 4
95 87 4 4
96 95 4 4
96 93 4 4
97 84 4 4
97 82 4 4
98 87 4 4
98 80 4 4
99 87 4 4
99 97 4 4
80 94 4 4
80 93 4 4
81 89 4 4
81 95 4 4
102 100 5 5
102 101 5 5
103 101 5 5
103 100 5 5
104 102 5 5
104 101 5 5
105 102 5 5
105 103 5 5
106 102 5 5
106 101 5 5
107 105 5 5
107 103 5 5
108 104 5 5
108 105 5 5
109 101 5 5
109 108 5 5
110 109 5 5
110 104 5 5
111 105 5 5
111 104 5 5
112 107 5 5
112 108 5 5
113 100 5 5
113 109 5 5
114 105 5 5
114 103 5 5
115 108 5 5
115 112 5 5
116 108 5 5
116 111 5 5
117 105 5 5
117 116 5 5
118 101 5 5
118 105 5 5
119 110 5 5
119 114 5 5
100 107 5 5
100 105 5 5
101 116 5 5
101 115 5 5
122 120 6 6
122 121 6 6
123 120 6 6
123 122 6 6
124 121 6 6
124 120 6 6
125 120 6 6
125 121 6 6
126 125 6 6
126 120 6 6
127 122 6 6
127 125 6 6
128 122 6 6
128 125 6 6
129 123 6 6
129 124 6 6
130 121 6 6
130 124 6 6
131 127 6 6
131 126 6 6
132 120 6 6
132 123 6 6
133 131 6 6
133 124 6 6
134 130 6 6
134 123 6 6
135 126 6 6
135 128 6 6
136 134 6 6
136 127 6 6
137 122 6 6
137 126 6 6
138 125 6 6
138 120 6 6
139 131 6 6
139 136 6 6
120 127 6 6
120 129 6 6
121 133 6 6
121 131 6 6
142 140 7 7
142 141 7 7
143 142 7 7
143 141 7 7
144 141 7 7
144 140 7 7
145 143 7 7
145 142 7 7
146 145 7 7
146 142 7 7
147 146 7 7
147 145 7 7
148 146 7 7
148 145 7 7
149 147 7 7
149 142 7 7
150 142 7 7
150 148 7 7
151 140 7 7
151 143 7 7
152 145 7 7
152 142 7 7
153 142 7 7
153 147 7 7
154 142 7 7
154 152 7 7
155 151 7 7
155 143 7 7
156 154 7 7
156 149 7 7
157 150 7 7
157 149 7 7
158 143 7 7
158 146 7 7
159 152 7 7
159 145 7 7
140 146 7 7
140 155 7 7
141 151 7 7
141 155 7 7
162 161 8 8
162 160 8 8
163 162 8 8
163 161 8 8
164 162 8 8
164 160 8 8
165 162 8 8
165 160 8 8
166 162 8 8
166 164 8 8
167 160 8 8
167 164 8 8
168 162 8 8
168 163 8 8
169 164 8 8
169 160 8 8
170 166 8 8
170 167 8 8
171 162 8 8
171 163 8 8
172 166 8 8
172 160 8 8
173 171 8 8
173 167 8 8
174 169 8 8
174 160 8 8
175 165 8 8
175 162 8 8
176 165 8 8
176 173 8 8
177 163 8 8
177 160 8 8
178 167 8 8
178 166 8 8
179 167 8 8
179 173 8 8
160 170 8 8
160 163 8 8
161 170 8 8
161 177 8 8
182 180 9 9
182 181 9 9
183 180 9 9
183 182 9 9
184 181 9 9
184 182 9 9
185 180 9 9
185 184 9 9
186 182 9 9
186 181 9 9
187 180 9 9
187 182 9 9
188 187 9 9
188 183 9 9
189 180 9 9
189 185 9 9
190 185 9 9
190 181 9 9
191 180 9 9
191 181 9 9
192 190 9 9
192 183 9 9
193 182 9 9
193 188 9 9
194 190 9 9
194 192 9 9
195 180 9 9
195 184 9 9
196 186 9 9
196 194 9 9
197 195 9 9
197 185 9 9
198 191 9 9
198 180 9 9
199 185 9 9
199 190 9 9
180 193 9 9
180 184 9 9
181 196 9 9
181 199 9 9
202 200 10 10
202 201 10 10
203 201 10 10
203 202 10 10
204 201 10 10
204 203 10 10
205 204 10 10
205 201 10 10
206 200 10 10
206 204 10 10
207 200 10 10
207 206 10 10
208 204 10 10
208 207 10 10
209 204 10 10
209 201 10 10
210 200 10 10
210 206 10 10
211 202 10 10
211 210 10 10
212 204 10 10
212 203 10 10
213 206 10 10
213 205 10 10
214 206 10 10
214 210 10 10
215 200 10 10
215 201 10 10
216 205 10 10
216 211 10 10
217 204 10 10
217 205 10 10
218 201 10 10
218 217 10 10
219 211 10 10
219 210 10 10
200 213 10 10
200 208 10 10
201 206 10 10
201 210 10 10
222 221 11 11
222 220 11 11
223 221 11 11
223 220 11 11
224 223 11 11
224 221 11 11
225 221 11 11
225 222 11 11
226 223 11 11
226 225 11 11
227 224 11 11
227 222 11 11
228 224 11 11
228 226 11 11
229 224 11 11
229 228 11 11
230 220 11 11
230 221 11 11
231 222 11 11
231 226 11 11
232 230 11 11
232 220 11 11
233 230 11 11
233 220 11 11
234 225 11 11
234 226 11 11
235 228 11 11
235 229 11 11
236 230 11 11
236 229 11 11
237 220 11 11
237 230 11 11
238 225 11 11
238 235 11 11
239 222 11 11
239 227 11 11
220 229 11 11
220 226 11 11
221 234 11 11
221 239 11 11
242 240 12 12
242 241 12 12
243 241 12 12
243 240 12 12
244 243 12 12
244 240 12 12
245 240 12 12
245 242 12 12
246 242 12 12
246 245 12 12
247 244 12 12
247 240 12 12
248 245 12 12
248 241 12 12
249 248 12 12
249 246 12 12
250 248 12 12
250 241 12 12
251 240 12 12
251 246 12 12
252 246 12 12
252 248 12 12
253 245 12 12
253 249 12 12
254 243 12 12
254 244 12 12
255 246 12 12
255 248 12 12
256 247 12 12
256 246 12 12
257 254 12 12
257 249 12 12
258 241 12 12
258 246 12 12
259 247 12 12
259 253 12 12
240 250 12 12
240 254 12 12
241 256 12 12
241 245 12 12
262 260 13 13
262 261 13 13
263 261 13 13
263 262 13 13
264 262 13 13
264 261 13 13
265 262 13 13
265 263 13 13
266 262 13 13
266 260 13 13
267 264 13 13
267 263 13 13
268 262 13 13
268 264 13 13
269 265 13 13
269 260 13 13
270 267 13 13
270 263 13 13
271 267 13 13
271 270 13 13
272 260 13 13
272 261 13 13
273 263 13 13
273 264 13 13
274 266 13 13
274 264 13 13
275 269 13 13
275 262 13 13
276 275 13 13
276 263 13 13
277 274 13 13
277 266 13 13
278 277 13 13
278 262 13 13
279 273 13 13
279 267 13 13
260 263 13 13
260 273 13 13
261 279 13 13
261 265 13 13
282 281 14 14
282 280 14 14
283 282 14 14
283 281 14 14
284 283 14 14
284 282 14 14
285 281 14 14
285 284 14 14
286 283 14 14
286 284 14 14
287 283 14 14
287 281 14 14
288 283 14 14
288 285 14 14
289 283 14 14
289 282 14 14
290 281 14 14
290 283 14 14
291 290 14 14
291 284 14 14
292 289 14 14
292 286 14 14
293 282 14 14
293 280 14 14
294 282 14 14
294 283 14 14
295 291 14 14
295 281 14 14
296 282 14 14
296 284 14 14
297 294 14 14
297 295 14 14
298 297 14 14
298 291 14 14
299 287 14 14
299 280 14 14
280 285 14 14
280 284 14 14
281 289 14 14
281 296 14 14
302 300 15 15
302 301 15 15
303 300 15 15
303 302 15 15
304 301 15 15
304 300 15 15
305 304 15 15
305 300 15 15
306 302 15 15
306 304 15 15
307 305 15 15
307 304 15 15
308 306 15 15
308 307 15 15
309 301 15 15
309 306 15 15
310 300 15 15
310 302 15 15
311 303 15 15
311 310 15 15
312 306 15 15
312 304 15 15
313 308 15 15
313 300 15 15
314 307 15 15
314 308 15 15
315 304 15 15
315 312 15 15
316 307 15 15
316 308 15 15
317 303 15 15
317 308 15 15
318 317 15 15
318 306 15 15
319 311 15 15
319 314 15 15
300 314 15 15
300 308 15 15
301 314 15 15
301 312 15 15
46 16 2 0
46 37 2 1
77 57 3 2
61 0 3 0
86 52 4 2
95 25 4 1
117 15 5 0
113 98 5 4
136 42 6 2
131 32 6 1
148 2 7 0
140 119 7 5
160 36 8 1
173 40 8 2
186 114 9 5
181 125 9 6
208 146 10 7
219 54 10 2
222 100 11 5
235 170 11 8
243 209 12 10
246 26 12 1
272 235 13 11
268 136 13 6
294 242 14 12
285 102 14 5
308 7 15 0
306 178 15 8
0 176 0 8
9 229 0 11
29 214 1 10
28 104 1 5
