swNum = 320
edgeNum = 672

0 0
1 0
2 0
3 0
4 0
5 0
6 0
7 0
8 0
9 0
10 0
11 0
12 0
13 0
14 0
15 0
16 0
17 0
18 0
19 0
20 1
21 1
22 1
23 1
24 1
25 1
26 1
27 1
28 1
29 1
30 1
31 1
32 1
33 1
34 1
35 1
36 1
37 1
38 1
39 1
40 2
41 2
42 2
43 2
44 2
45 2
46 2
47 2
48 2
49 2
50 2
51 2
52 2
53 2
54 2
55 2
56 2
57 2
58 2
59 2
60 3
61 3
62 3
63 3
64 3
65 3
66 3
67 3
68 3
69 3
70 3
71 3
72 3
73 3
74 3
75 3
76 3
77 3
78 3
79 3
80 4
81 4
82 4
83 4
84 4
85 4
86 4
87 4
88 4
89 4
90 4
91 4
92 4
93 4
94 4
95 4
96 4
97 4
98 4
99 4
100 5
101 5
102 5
103 5
104 5
105 5
106 5
107 5
108 5
109 5
110 5
111 5
112 5
113 5
114 5
115 5
116 5
117 5
118 5
119 5
120 6
121 6
122 6
123 6
124 6
125 6
126 6
127 6
128 6
129 6
130 6
131 6
132 6
133 6
134 6
135 6
136 6
137 6
138 6
139 6
140 7
141 7
142 7
143 7
144 7
145 7
146 7
147 7
148 7
149 7
150 7
151 7
152 7
153 7
154 7
155 7
156 7
157 7
158 7
159 7
160 8
161 8
162 8
163 8
164 8
165 8
166 8
167 8
168 8
169 8
170 8
171 8
172 8
173 8
174 8
175 8
176 8
177 8
178 8
179 8
180 9
181 9
182 9
183 9
184 9
185 9
186 9
187 9
188 9
189 9
190 9
191 9
192 9
193 9
194 9
195 9
196 9
197 9
198 9
199 9
200 10
201 10
202 10
203 10
204 10
205 10
206 10
207 10
208 10
209 10
210 10
211 10
212 10
213 10
214 10
215 10
216 10
217 10
218 10
219 10
220 11
221 11
222 11
223 11
224 11
225 11
226 11
227 11
228 11
229 11
230 11
231 11
232 11
233 11
234 11
235 11
236 11
237 11
238 11
239 11
240 12
241 12
242 12
243 12
244 12
245 12
246 12
247 12
248 12
249 12
250 12
251 12
252 12
253 12
254 12
255 12
256 12
257 12
258 12
259 12
260 13
261 13
262 13
263 13
264 13
265 13
266 13
267 13
268 13
269 13
270 13
271 13
272 13
273 13
274 13
275 13
276 13
277 13
278 13
279 13
280 14
281 14
282 14
283 14
284 14
285 14
286 14
287 14
288 14
289 14
290 14
291 14
292 14
293 14
294 14
295 14
296 14
297 14
298 14
299 14
300 15
301 15
302 15
303 15
304 15
305 15
306 15
307 15
308 15
309 15
310 15
311 15
312 15
313 15
314 15
315 15
316 15
317 15
318 15
319 15

2 0 0 0
2 1 0 0
3 0 0 0
3 2 0 0
4 1 0 0
4 3 0 0
5 2 0 0
5 1 0 0
6 0 0 0
6 2 0 0
7 6 0 0
7 1 0 0
8 2 0 0
8 0 0 0
9 5 0 0
9 4 0 0
10 1 0 0
10 3 0 0
11 5 0 0
11 10 0 0
12 7 0 0
12 3 0 0
13 5 0 0
13 12 0 0
14 11 0 0
14 0 0 0
15 5 0 0
15 9 0 0
16 8 0 0
16 10 0 0
17 2 0 0
17 11 0 0
18 7 0 0
18 5 0 0
19 4 0 0
19 3 0 0
0 10 0 0
0 13 0 0
1 9 0 0
1 12 0 0
22 21 1 1
22 20 1 1
23 22 1 1
23 20 1 1
24 23 1 1
24 21 1 1
25 20 1 1
25 21 1 1
26 23 1 1
26 20 1 1
27 24 1 1
27 20 1 1
28 23 1 1
28 27 1 1
29 22 1 1
29 27 1 1
30 26 1 1
30 22 1 1
31 21 1 1
31 27 1 1
32 22 1 1
32 30 1 1
33 22 1 1
33 30 1 1
34 30 1 1
34 33 1 1
35 25 1 1
35 32 1 1
36 35 1 1
36 28 1 1
37 28 1 1
37 36 1 1
38 21 1 1
38 33 1 1
39 38 1 1
39 35 1 1
20 28 1 1
20 24 1 1
21 37 1 1
21 23 1 1
42 41 2 2
42 40 2 2
43 42 2 2
43 40 2 2
44 42 2 2
44 40 2 2
45 42 2 2
45 40 2 2
46 42 2 2
46 43 2 2
47 44 2 2
47 42 2 2
48 42 2 2
48 41 2 2
49 42 2 2
49 44 2 2
50 42 2 2
50 49 2 2
51 45 2 2
51 47 2 2
52 43 2 2
52 44 2 2
53 43 2 2
53 46 2 2
54 51 2 2
54 53 2 2
55 54 2 2
55 49 2 2
56 54 2 2
56 48 2 2
57 50 2 2
57 56 2 2
58 45 2 2
58 51 2 2
59 46 2 2
59 47 2 2
40 56 2 2
40 54 2 2
41 55 2 2
41 51 2 2
62 60 3 3
62 61 3 3
63 61 3 3
63 60 3 3
64 62 3 3
64 63 3 3
65 61 3 3
65 63 3 3
66 64 3 3
66 61 3 3
67 63 3 3
67 61 3 3
68 66 3 3
68 67 3 3
69 64 3 3
69 63 3 3
70 60 3 3
70 65 3 3
71 62 3 3
71 70 3 3
72 63 3 3
72 71 3 3
73 65 3 3
73 63 3 3
74 60 3 3
74 61 3 3
75 67 3 3
75 72 3 3
76 69 3 3
76 63 3 3
77 69 3 3
77 62 3 3
78 68 3 3
78 76 3 3
79 71 3 3
79 61 3 3
60 71 3 3
60 75 3 3
61 70 3 3
61 72 3 3
82 81 4 4
82 80 4 4
83 82 4 4
83 81 4 4
84 83 4 4
84 82 4 4
85 83 4 4
85 84 4 4
86 81 4 4
86 82 4 4
87 83 4 4
87 85 4 4
88 80 4 4
88 81 4 4
89 82 4 4
89 81 4 4
90 81 4 4
90 87 4 4
91 80 4 4
91 85 4 4
92 90 4 4
92 85 4 4
93 86 4 4
93 84 4 4
94 86 4 4
94 80 4 4
95 81 4 4
95 90 4 4
96 93 4 4
96 92 4 4
97 92 4 4
97 91 4 4
98 95 4 4
98 94 4 4
99 98 4 4
99 83 4 4
80 89 4 4
80 98 4 4
81 99 4 4
81 85 4 4
102 100 5 5
102 101 5 5
103 100 5 5
103 102 5 5
104 100 5 5
104 103 5 5
105 101 5 5
105 104 5 5
106 104 5 5
106 102 5 5
107 106 5 5
107 103 5 5
108 103 5 5
108 100 5 5
109 100 5 5
109 104 5 5
110 105 5 5
110 101 5 5
111 106 5 5
111 105 5 5
112 108 5 5
112 106 5 5
113 108 5 5
113 103 5 5
114 108 5 5
114 113 5 5
115 110 5 5
115 101 5 5
116 101 5 5
116 114 5 5
117 103 5 5
117 106 5 5
118 110 5 5
118 117 5 5
119 113 5 5
119 112 5 5
100 107 5 5
100 119 5 5
101 111 5 5
101 112 5 5
122 121 6 6
122 120 6 6
123 121 6 6
123 120 6 6
124 121 6 6
124 123 6 6
125 121 6 6
125 124 6 6
126 124 6 6
126 120 6 6
127 124 6 6
127 121 6 6
128 126 6 6
128 121 6 6
129 121 6 6
129 125 6 6
130 125 6 6
130 120 6 6
131 123 6 6
131 124 6 6
132 123 6 6
132 129 6 6
133 124 6 6
133 130 6 6
134 131 6 6
134 124 6 6
135 129 6 6
135 127 6 6
136 125 6 6
136 130 6 6
137 135 6 6
137 130 6 6
138 120 6 6
138 122 6 6
139 136 6 6
139 129 6 6
120 128 6 6
120 134 6 6
121 130 6 6
121 135 6 6
142 141 7 7
142 140 7 7
143 142 7 7
143 141 7 7
144 140 7 7
144 141 7 7
145 140 7 7
145 143 7 7
146 140 7 7
146 145 7 7
147 145 7 7
147 141 7 7
148 143 7 7
148 141 7 7
149 141 7 7
149 145 7 7
150 143 7 7
150 144 7 7
151 143 7 7
151 141 7 7
152 147 7 7
152 143 7 7
153 146 7 7
153 148 7 7
154 151 7 7
154 145 7 7
155 140 7 7
155 144 7 7
156 151 7 7
156 153 7 7
157 155 7 7
157 149 7 7
158 140 7 7
158 150 7 7
159 157 7 7
159 151 7 7
140 143 7 7
140 154 7 7
141 152 7 7
141 159 7 7
162 161 8 8
162 160 8 8
163 161 8 8
163 162 8 8
164 161 8 8
164 162 8 8
165 161 8 8
165 163 8 8
166 160 8 8
166 161 8 8
167 163 8 8
167 161 8 8
168 167 8 8
168 163 8 8
169 162 8 8
169 168 8 8
170 161 8 8
170 160 8 8
171 168 8 8
171 166 8 8
172 169 8 8
172 160 8 8
173 161 8 8
173 172 8 8
174 168 8 8
174 170 8 8
175 162 8 8
175 161 8 8
176 162 8 8
176 166 8 8
177 170 8 8
177 175 8 8
178 171 8 8
178 163 8 8
179 165 8 8
179 161 8 8
160 163 8 8
160 164 8 8
161 174 8 8
161 168 8 8
182 180 9 9
182 181 9 9
183 181 9 9
183 182 9 9
184 180 9 9
184 181 9 9
185 184 9 9
185 180 9 9
186 180 9 9
186 183 9 9
187 185 9 9
187 180 9 9
188 187 9 9
188 185 9 9
189 183 9 9
189 185 9 9
190 183 9 9
190 187 9 9
191 188 9 9
191 190 9 9
192 187 9 9
192 190 9 9
193 183 9 9
193 180 9 9
194 184 9 9
194 191 9 9
195 191 9 9
195 190 9 9
196 191 9 9
196 181 9 9
197 184 9 9
197 186 9 9
198 187 9 9
198 189 9 9
199 192 9 9
199 194 9 9
180 189 9 9
180 194 9 9
181 189 9 9
181 199 9 9
202 200 10 10
202 201 10 10
203 202 10 10
203 200 10 10
204 202 10 10
204 203 10 10
205 204 10 10
205 201 10 10
206 204 10 10
206 203 10 10
207 201 10 10
207 200 10 10
208 205 10 10
208 202 10 10
209 208 10 10
209 203 10 10
210 201 10 10
210 208 10 10
211 209 10 10
211 207 10 10
212 209 10 10
212 201 10 10
213 206 10 10
213 207 10 10
214 212 10 10
214 207 10 10
215 207 10 10
215 212 10 10
216 212 10 10
216 215 10 10
217 200 10 10
217 202 10 10
218 217 10 10
218 209 10 10
219 203 10 10
219 214 10 10
200 218 10 10
200 215 10 10
201 215 10 10
201 216 10 10
222 221 11 11
222 220 11 11
223 220 11 11
223 221 11 11
224 222 11 11
224 223 11 11
225 222 11 11
225 224 11 11
226 223 11 11
226 222 11 11
227 224 11 11
227 226 11 11
228 222 11 11
228 224 11 11
229 226 11 11
229 228 11 11
230 229 11 11
230 228 11 11
231 227 11 11
231 221 11 11
232 229 11 11
232 220 11 11
233 220 11 11
233 227 11 11
234 230 11 11
234 222 11 11
235 232 11 11
235 226 11 11
236 223 11 11
236 224 11 11
237 220 11 11
237 223 11 11
238 234 11 11
238 220 11 11
239 228 11 11
239 225 11 11
220 236 11 11
220 231 11 11
221 227 11 11
221 224 11 11
242 240 12 12
242 241 12 12
243 242 12 12
243 240 12 12
244 242 12 12
244 243 12 12
245 244 12 12
245 243 12 12
246 242 12 12
246 243 12 12
247 243 12 12
247 245 12 12
248 241 12 12
248 247 12 12
249 241 12 12
249 242 12 12
250 249 12 12
250 242 12 12
251 242 12 12
251 244 12 12
252 250 12 12
252 248 12 12
253 245 12 12
253 247 12 12
254 245 12 12
254 246 12 12
255 247 12 12
255 253 12 12
256 251 12 12
256 255 12 12
257 249 12 12
257 244 12 12
258 250 12 12
258 252 12 12
259 244 12 12
259 249 12 12
240 252 12 12
240 246 12 12
241 251 12 12
241 245 12 12
262 261 13 13
262 260 13 13
263 262 13 13
263 260 13 13
264 263 13 13
264 261 13 13
265 260 13 13
265 262 13 13
266 265 13 13
266 260 13 13
267 265 13 13
267 260 13 13
268 267 13 13
268 265 13 13
269 261 13 13
269 267 13 13
270 264 13 13
270 263 13 13
271 266 13 13
271 270 13 13
272 261 13 13
272 264 13 13
273 265 13 13
273 266 13 13
274 269 13 13
274 271 13 13
275 268 13 13
275 267 13 13
276 269 13 13
276 267 13 13
277 271 13 13
277 273 13 13
278 267 13 13
278 266 13 13
279 270 13 13
279 271 13 13
260 277 13 13
260 271 13 13
261 276 13 13
261 270 13 13
282 280 14 14
282 281 14 14
283 282 14 14
283 280 14 14
284 281 14 14
284 280 14 14
285 281 14 14
285 282 14 14
286 282 14 14
286 281 14 14
287 286 14 14
287 282 14 14
288 286 14 14
288 284 14 14
289 286 14 14
289 284 14 14
290 280 14 14
290 289 14 14
291 289 14 14
291 290 14 14
292 289 14 14
292 291 14 14
293 283 14 14
293 280 14 14
294 282 14 14
294 288 14 14
295 286 14 14
295 292 14 14
296 280 14 14
296 295 14 14
297 283 14 14
297 285 14 14
298 284 14 14
298 297 14 14
299 298 14 14
299 285 14 14
280 295 14 14
280 297 14 14
281 289 14 14
281 291 14 14
302 301 15 15
302 300 15 15
303 302 15 15
303 301 15 15
304 302 15 15
304 301 15 15
305 301 15 15
305 303 15 15
306 303 15 15
306 305 15 15
307 306 15 15
307 300 15 15
308 307 15 15
308 301 15 15
309 304 15 15
309 301 15 15
310 301 15 15
310 300 15 15
311 309 15 15
311 305 15 15
312 306 15 15
312 309 15 15
313 308 15 15
313 305 15 15
314 303 15 15
314 301 15 15
315 306 15 15
315 311 15 15
316 304 15 15
316 300 15 15
317 307 15 15
317 305 15 15
318 310 15 15
318 300 15 15
319 318 15 15
319 305 15 15
300 314 15 15
300 311 15 15
301 311 15 15
301 317 15 15
49 13 2 0
50 37 2 1
67 8 3 0
67 44 3 2
93 6 4 0
82 26 4 1
114 84 5 4
103 34 5 1
127 52 6 2
135 91 6 4
148 62 7 3
155 56 7 2
176 105 8 5
179 38 8 1
195 20 9 1
197 121 9 6
201 157 10 7
217 74 10 3
222 127 11 6
229 32 11 1
250 123 12 6
253 81 12 4
278 0 13 0
274 88 13 4
297 90 14 4
288 134 14 6
306 2 15 0
309 174 15 8
6 255 0 12
11 285 0 14
24 216 1 10
21 251 1 12
