swNum = 320
edgeNum = 672

0 0
1 0
2 0
3 0
4 0
5 0
6 0
7 0
8 0
9 0
10 0
11 0
12 0
13 0
14 0
15 0
16 0
17 0
18 0
19 0
20 1
21 1
22 1
23 1
24 1
25 1
26 1
27 1
28 1
29 1
30 1
31 1
32 1
33 1
34 1
35 1
36 1
37 1
38 1
39 1
40 2
41 2
42 2
43 2
44 2
45 2
46 2
47 2
48 2
49 2
50 2
51 2
52 2
53 2
54 2
55 2
56 2
57 2
58 2
59 2
60 3
61 3
62 3
63 3
64 3
65 3
66 3
67 3
68 3
69 3
70 3
71 3
72 3
73 3
74 3
75 3
76 3
77 3
78 3
79 3
80 4
81 4
82 4
83 4
84 4
85 4
86 4
87 4
88 4
89 4
90 4
91 4
92 4
93 4
94 4
95 4
96 4
97 4
98 4
99 4
100 5
101 5
102 5
103 5
104 5
105 5
106 5
107 5
108 5
109 5
110 5
111 5
112 5
113 5
114 5
115 5
116 5
117 5
118 5
119 5
120 6
121 6
122 6
123 6
124 6
125 6
126 6
127 6
128 6
129 6
130 6
131 6
132 6
133 6
134 6
135 6
136 6
137 6
138 6
139 6
140 7
141 7
142 7
143 7
144 7
145 7
146 7
147 7
148 7
149 7
150 7
151 7
152 7
153 7
154 7
155 7
156 7
157 7
158 7
159 7
160 8
161 8
162 8
163 8
164 8
165 8
166 8
167 8
168 8
169 8
170 8
171 8
172 8
173 8
174 8
175 8
176 8
177 8
178 8
179 8
180 9
181 9
182 9
183 9
184 9
185 9
186 9
187 9
188 9
189 9
190 9
191 9
192 9
193 9
194 9
195 9
196 9
197 9
198 9
199 9
200 10
201 10
202 10
203 10
204 10
205 10
206 10
207 10
208 10
209 10
210 10
211 10
212 10
213 10
214 10
215 10
216 10
217 10
218 10
219 10
220 11
221 11
222 11
223 11
224 11
225 11
226 11
227 11
228 11
229 11
230 11
231 11
232 11
233 11
234 11
235 11
236 11
237 11
238 11
239 11
240 12
241 12
242 12
243 12
244 12
245 12
246 12
247 12
248 12
249 12
250 12
251 12
252 12
253 12
254 12
255 12
256 12
257 12
258 12
259 12
260 13
261 13
262 13
263 13
264 13
265 13
266 13
267 13
268 13
269 13
270 13
271 13
272 13
273 13
274 13
275 13
276 13
277 13
278 13
279 13
280 14
281 14
282 14
283 14
284 14
285 14
286 14
287 14
288 14
289 14
290 14
291 14
292 14
293 14
294 14
295 14
296 14
297 14
298 14
299 14
300 15
301 15
302 15
303 15
304 15
305 15
306 15
307 15
308 15
309 15
310 15
311 15
312 15
313 15
314 15
315 15
316 15
317 15
318 15
319 15

2 0 0 0
2 1 0 0
3 1 0 0
3 2 0 0
4 1 0 0
4 2 0 0
5 2 0 0
5 4 0 0
6 3 0 0
6 0 0 0
7 0 0 0
7 6 0 0
8 4 0 0
8 3 0 0
9 5 0 0
9 2 0 0
10 8 0 0
10 7 0 0
11 0 0 0
11 1 0 0
12 5 0 0
12 9 0 0
13 2 0 0
13 7 0 0
14 1 0 0
14 8 0 0
15 13 0 0
15 0 0 0
16 9 0 0
16 6 0 0
17 15 0 0
17 0 0 0
18 7 0 0
18 5 0 0
19 14 0 0
19 6 0 0
0 9 0 0
0 3 0 0
1 19 0 0
1 15 0 0
22 20 1 1
22 21 1 1
23 21 1 1
23 20 1 1
24 23 1 1
24 22 1 1
25 21 1 1
25 24 1 1
26 22 1 1
26 24 1 1
27 21 1 1
27 25 1 1
28 23 1 1
28 26 1 1
29 28 1 1
29 20 1 1
30 24 1 1
30 21 1 1
31 25 1 1
31 22 1 1
32 26 1 1
32 23 1 1
33 22 1 1
33 20 1 1
34 21 1 1
34 20 1 1
35 27 1 1
35 22 1 1
36 34 1 1
36 28 1 1
37 25 1 1
37 24 1 1
38 34 1 1
38 30 1 1
39 36 1 1
39 21 1 1
20 25 1 1
20 38 1 1
21 38 1 1
21 36 1 1
42 40 2 2
42 41 2 2
43 40 2 2
43 41 2 2
44 43 2 2
44 41 2 2
45 40 2 2
45 43 2 2
46 43 2 2
46 45 2 2
47 46 2 2
47 41 2 2
48 41 2 2
48 44 2 2
49 46 2 2
49 41 2 2
50 45 2 2
50 43 2 2
51 43 2 2
51 40 2 2
52 48 2 2
52 51 2 2
53 42 2 2
53 45 2 2
54 53 2 2
54 45 2 2
55 50 2 2
55 46 2 2
56 51 2 2
56 44 2 2
57 52 2 2
57 44 2 2
58 56 2 2
58 47 2 2
59 50 2 2
59 56 2 2
40 56 2 2
40 55 2 2
41 51 2 2
41 52 2 2
62 61 3 3
62 60 3 3
63 60 3 3
63 61 3 3
64 61 3 3
64 63 3 3
65 61 3 3
65 64 3 3
66 63 3 3
66 60 3 3
67 63 3 3
67 66 3 3
68 62 3 3
68 63 3 3
69 63 3 3
69 61 3 3
70 60 3 3
70 65 3 3
71 62 3 3
71 68 3 3
72 63 3 3
72 65 3 3
73 63 3 3
73 68 3 3
74 67 3 3
74 63 3 3
75 71 3 3
75 73 3 3
76 69 3 3
76 75 3 3
77 68 3 3
77 63 3 3
78 77 3 3
78 69 3 3
79 76 3 3
79 61 3 3
60 74 3 3
60 69 3 3
61 77 3 3
61 74 3 3
82 80 4 4
82 81 4 4
83 82 4 4
83 80 4 4
84 82 4 4
84 83 4 4
85 84 4 4
85 83 4 4
86 85 4 4
86 81 4 4
87 85 4 4
87 80 4 4
88 82 4 4
88 84 4 4
89 85 4 4
89 80 4 4
90 89 4 4
90 84 4 4
91 84 4 4
91 89 4 4
92 82 4 4
92 91 4 4
93 86 4 4
93 92 4 4
94 88 4 4
94 81 4 4
95 88 4 4
95 84 4 4
96 95 4 4
96 85 4 4
97 94 4 4
97 93 4 4
98 92 4 4
98 87 4 4
99 89 4 4
99 97 4 4
80 91 4 4
80 93 4 4
81 87 4 4
81 97 4 4
102 100 5 5
102 101 5 5
103 102 5 5
103 101 5 5
104 103 5 5
104 101 5 5
105 101 5 5
105 104 5 5
106 101 5 5
106 102 5 5
107 100 5 5
107 106 5 5
108 107 5 5
108 104 5 5
109 104 5 5
109 107 5 5
110 100 5 5
110 106 5 5
111 107 5 5
111 104 5 5
112 101 5 5
112 105 5 5
113 107 5 5
113 104 5 5
114 109 5 5
114 101 5 5
115 100 5 5
115 113 5 5
116 115 5 5
116 102 5 5
117 113 5 5
117 104 5 5
118 103 5 5
118 115 5 5
119 118 5 5
119 103 5 5
100 109 5 5
100 104 5 5
101 109 5 5
101 113 5 5
122 121 6 6
122 120 6 6
123 120 6 6
123 121 6 6
124 122 6 6
124 121 6 6
125 124 6 6
125 120 6 6
126 120 6 6
126 124 6 6
127 120 6 6
127 123 6 6
128 121 6 6
128 126 6 6
129 128 6 6
129 122 6 6
130 122 6 6
130 124 6 6
131 129 6 6
131 124 6 6
132 127 6 6
132 123 6 6
133 120 6 6
133 122 6 6
134 133 6 6
134 128 6 6
135 132 6 6
135 127 6 6
136 133 6 6
136 128 6 6
137 134 6 6
137 129 6 6
138 128 6 6
138 135 6 6
139 124 6 6
139 125 6 6
120 131 6 6
120 129 6 6
121 129 6 6
121 131 6 6
142 140 7 7
142 141 7 7
143 142 7 7
143 140 7 7
144 141 7 7
144 143 7 7
145 142 7 7
145 140 7 7
146 142 7 7
146 145 7 7
147 142 7 7
147 144 7 7
148 141 7 7
148 140 7 7
149 143 7 7
149 142 7 7
150 148 7 7
150 144 7 7
151 149 7 7
151 144 7 7
152 142 7 7
152 145 7 7
153 146 7 7
153 149 7 7
154 141 7 7
154 147 7 7
155 144 7 7
155 150 7 7
156 146 7 7
156 142 7 7
157 152 7 7
157 148 7 7
158 142 7 7
158 143 7 7
159 145 7 7
159 147 7 7
140 149 7 7
140 155 7 7
141 146 7 7
141 145 7 7
162 161 8 8
162 160 8 8
163 162 8 8
163 161 8 8
164 163 8 8
164 161 8 8
165 164 8 8
165 163 8 8
166 164 8 8
166 162 8 8
167 163 8 8
167 161 8 8
168 161 8 8
168 167 8 8
169 166 8 8
169 165 8 8
170 162 8 8
170 164 8 8
171 161 8 8
171 170 8 8
172 170 8 8
172 167 8 8
173 170 8 8
173 168 8 8
174 167 8 8
174 172 8 8
175 169 8 8
175 164 8 8
176 169 8 8
176 164 8 8
177 166 8 8
177 165 8 8
178 164 8 8
178 174 8 8
179 169 8 8
179 167 8 8
160 164 8 8
160 169 8 8
161 169 8 8
161 172 8 8
182 181 9 9
182 180 9 9
183 180 9 9
183 181 9 9
184 182 9 9
184 181 9 9
185 182 9 9
185 181 9 9
186 183 9 9
186 180 9 9
187 184 9 9
187 183 9 9
188 182 9 9
188 180 9 9
189 184 9 9
189 187 9 9
190 185 9 9
190 188 9 9
191 183 9 9
191 182 9 9
192 187 9 9
192 189 9 9
193 191 9 9
193 190 9 9
194 185 9 9
194 189 9 9
195 188 9 9
195 180 9 9
196 191 9 9
196 182 9 9
197 195 9 9
197 187 9 9
198 188 9 9
198 193 9 9
199 198 9 9
199 197 9 9
180 190 9 9
180 197 9 9
181 199 9 9
181 194 9 9
202 201 10 10
202 200 10 10
203 200 10 10
203 202 10 10
204 203 10 10
204 200 10 10
205 204 10 10
205 203 10 10
206 205 10 10
206 200 10 10
207 206 10 10
207 205 10 10
208 203 10 10
208 206 10 10
209 202 10 10
209 200 10 10
210 205 10 10
210 203 10 10
211 206 10 10
211 201 10 10
212 204 10 10
212 210 10 10
213 212 10 10
213 209 10 10
214 203 10 10
214 212 10 10
215 204 10 10
215 200 10 10
216 213 10 10
216 211 10 10
217 212 10 10
217 203 10 10
218 207 10 10
218 208 10 10
219 208 10 10
219 205 10 10
200 214 10 10
200 213 10 10
201 208 10 10
201 207 10 10
222 221 11 11
222 220 11 11
223 220 11 11
223 221 11 11
224 220 11 11
224 223 11 11
225 222 11 11
225 221 11 11
226 220 11 11
226 222 11 11
227 224 11 11
227 223 11 11
228 225 11 11
228 226 11 11
229 228 11 11
229 222 11 11
230 227 11 11
230 221 11 11
231 228 11 11
231 221 11 11
232 223 11 11
232 230 11 11
233 222 11 11
233 229 11 11
234 228 11 11
234 225 11 11
235 225 11 11
235 229 11 11
236 220 11 11
236 228 11 11
237 225 11 11
237 230 11 11
238 224 11 11
238 231 11 11
239 224 11 11
239 227 11 11
220 230 11 11
220 232 11 11
221 239 11 11
221 235 11 11
242 241 12 12
242 240 12 12
243 240 12 12
243 242 12 12
244 242 12 12
244 240 12 12
245 241 12 12
245 240 12 12
246 243 12 12
246 245 12 12
247 240 12 12
247 241 12 12
248 242 12 12
248 244 12 12
249 245 12 12
249 248 12 12
250 243 12 12
250 245 12 12
251 245 12 12
251 246 12 12
252 250 12 12
252 251 12 12
253 247 12 12
253 249 12 12
254 249 12 12
254 248 12 12
255 247 12 12
255 246 12 12
256 249 12 12
256 251 12 12
257 245 12 12
257 246 12 12
258 248 12 12
258 256 12 12
259 258 12 12
259 240 12 12
240 253 12 12
240 256 12 12
241 246 12 12
241 257 12 12
262 261 13 13
262 260 13 13
263 261 13 13
263 262 13 13
264 263 13 13
264 260 13 13
265 264 13 13
265 263 13 13
266 265 13 13
266 263 13 13
267 265 13 13
267 260 13 13
268 261 13 13
268 267 13 13
269 260 13 13
269 266 13 13
270 263 13 13
270 261 13 13
271 262 13 13
271 268 13 13
272 261 13 13
272 265 13 13
273 267 13 13
273 261 13 13
274 263 13 13
274 269 13 13
275 261 13 13
275 273 13 13
276 267 13 13
276 273 13 13
277 263 13 13
277 274 13 13
278 265 13 13
278 273 13 13
279 261 13 13
279 271 13 13
260 275 13 13
260 266 13 13
261 277 13 13
261 267 13 13
282 281 14 14
282 280 14 14
283 282 14 14
283 280 14 14
284 283 14 14
284 280 14 14
285 284 14 14
285 282 14 14
286 284 14 14
286 280 14 14
287 280 14 14
287 284 14 14
288 281 14 14
288 287 14 14
289 287 14 14
289 284 14 14
290 287 14 14
290 289 14 14
291 288 14 14
291 281 14 14
292 280 14 14
292 284 14 14
293 285 14 14
293 288 14 14
294 286 14 14
294 280 14 14
295 284 14 14
295 289 14 14
296 293 14 14
296 287 14 14
297 287 14 14
297 293 14 14
298 293 14 14
298 294 14 14
299 293 14 14
299 285 14 14
280 291 14 14
280 290 14 14
281 296 14 14
281 284 14 14
302 301 15 15
302 300 15 15
303 302 15 15
303 300 15 15
304 300 15 15
304 303 15 15
305 304 15 15
305 301 15 15
306 302 15 15
306 305 15 15
307 305 15 15
307 301 15 15
308 300 15 15
308 305 15 15
309 303 15 15
309 301 15 15
310 304 15 15
310 306 15 15
311 301 15 15
311 309 15 15
312 310 15 15
312 306 15 15
313 302 15 15
313 305 15 15
314 308 15 15
314 309 15 15
315 305 15 15
315 307 15 15
316 311 15 15
316 304 15 15
317 315 15 15
317 314 15 15
318 316 15 15
318 317 15 15
319 311 15 15
319 305 15 15
300 305 15 15
300 307 15 15
301 306 15 15
301 319 15 15
59 1 2 0
53 22 2 1
61 21 3 1
77 43 3 2
81 43 4 2
89 27 4 1
106 94 5 4
106 22 5 1
125 64 6 3
125 25 6 1
156 57 7 2
156 20 7 1
160 15 8 0
168 36 8 1
198 65 9 3
192 59 9 2
207 164 10 8
206 197 10 9
225 179 11 8
231 105 11 5
248 131 12 6
246 100 12 5
275 100 13 5
264 18 13 0
295 21 14 1
287 250 14 12
309 29 15 1
301 64 15 3
17 292 0 14
14 114 0 5
20 190 1 9
28 245 1 12
