swNum = 320
edgeNum = 672

0 0
1 0
2 0
3 0
4 0
5 0
6 0
7 0
8 0
9 0
10 0
11 0
12 0
13 0
14 0
15 0
16 0
17 0
18 0
19 0
20 1
21 1
22 1
23 1
24 1
25 1
26 1
27 1
28 1
29 1
30 1
31 1
32 1
33 1
34 1
35 1
36 1
37 1
38 1
39 1
40 2
41 2
42 2
43 2
44 2
45 2
46 2
47 2
48 2
49 2
50 2
51 2
52 2
53 2
54 2
55 2
56 2
57 2
58 2
59 2
60 3
61 3
62 3
63 3
64 3
65 3
66 3
67 3
68 3
69 3
70 3
71 3
72 3
73 3
74 3
75 3
76 3
77 3
78 3
79 3
80 4
81 4
82 4
83 4
84 4
85 4
86 4
87 4
88 4
89 4
90 4
91 4
92 4
93 4
94 4
95 4
96 4
97 4
98 4
99 4
100 5
101 5
102 5
103 5
104 5
105 5
106 5
107 5
108 5
109 5
110 5
111 5
112 5
113 5
114 5
115 5
116 5
117 5
118 5
119 5
120 6
121 6
122 6
123 6
124 6
125 6
126 6
127 6
128 6
129 6
130 6
131 6
132 6
133 6
134 6
135 6
136 6
137 6
138 6
139 6
140 7
141 7
142 7
143 7
144 7
145 7
146 7
147 7
148 7
149 7
150 7
151 7
152 7
153 7
154 7
155 7
156 7
157 7
158 7
159 7
160 8
161 8
162 8
163 8
164 8
165 8
166 8
167 8
168 8
169 8
170 8
171 8
172 8
173 8
174 8
175 8
176 8
177 8
178 8
179 8
180 9
181 9
182 9
183 9
184 9
185 9
186 9
187 9
188 9
189 9
190 9
191 9
192 9
193 9
194 9
195 9
196 9
197 9
198 9
199 9
200 10
201 10
202 10
203 10
204 10
205 10
206 10
207 10
208 10
209 10
210 10
211 10
212 10
213 10
214 10
215 10
216 10
217 10
218 10
219 10
220 11
221 11
222 11
223 11
224 11
225 11
226 11
227 11
228 11
229 11
230 11
231 11
232 11
233 11
234 11
235 11
236 11
237 11
238 11
239 11
240 12
241 12
242 12
243 12
244 12
245 12
246 12
247 12
248 12
249 12
250 12
251 12
252 12
253 12
254 12
255 12
256 12
257 12
258 12
259 12
260 13
261 13
262 13
263 13
264 13
265 13
266 13
267 13
268 13
269 13
270 13
271 13
272 13
273 13
274 13
275 13
276 13
277 13
278 13
279 13
280 14
281 14
282 14
283 14
284 14
285 14
286 14
287 14
288 14
289 14
290 14
291 14
292 14
293 14
294 14
295 14
296 14
297 14
298 14
299 14
300 15
301 15
302 15
303 15
304 15
305 15
306 15
307 15
308 15
309 15
310 15
311 15
312 15
313 15
314 15
315 15
316 15
317 15
318 15
319 15

2 1 0 0
2 0 0 0
3 2 0 0
3 1 0 0
4 1 0 0
4 0 0 0
5 2 0 0
5 3 0 0
6 3 0 0
6 5 0 0
7 2 0 0
7 3 0 0
8 4 0 0
8 2 0 0
9 6 0 0
9 3 0 0
10 8 0 0
10 3 0 0
11 1 0 0
11 2 0 0
12 9 0 0
12 2 0 0
13 5 0 0
13 2 0 0
14 0 0 0
14 11 0 0
15 12 0 0
15 10 0 0
16 4 0 0
16 14 0 0
17 15 0 0
17 7 0 0
18 5 0 0
18 7 0 0
19 3 0 0
19 18 0 0
0 5 0 0
0 17 0 0
1 6 0 0
1 7 0 0
22 20 1 1
22 21 1 1
23 20 1 1
23 21 1 1
24 23 1 1
24 22 1 1
25 20 1 1
25 24 1 1
26 24 1 1
26 23 1 1
27 20 1 1
27 24 1 1
28 21 1 1
28 20 1 1
29 27 1 1
29 24 1 1
30 25 1 1
30 29 1 1
31 29 1 1
31 22 1 1
32 30 1 1
32 31 1 1
33 25 1 1
33 32 1 1
34 21 1 1
34 22 1 1
35 20 1 1
35 32 1 1
36 20 1 1
36 21 1 1
37 21 1 1
37 35 1 1
38 31 1 1
38 30 1 1
39 38 1 1
39 36 1 1
20 30 1 1
20 26 1 1
21 32 1 1
21 31 1 1
42 40 2 2
42 41 2 2
43 40 2 2
43 42 2 2
44 43 2 2
44 42 2 2
45 41 2 2
45 43 2 2
46 40 2 2
46 43 2 2
47 42 2 2
47 46 2 2
48 44 2 2
48 43 2 2
49 40 2 2
49 44 2 2
50 48 2 2
50 47 2 2
51 41 2 2
51 45 2 2
52 44 2 2
52 42 2 2
53 52 2 2
53 40 2 2
54 49 2 2
54 44 2 2
55 49 2 2
55 50 2 2
56 49 2 2
56 40 2 2
57 47 2 2
57 52 2 2
58 56 2 2
58 54 2 2
59 55 2 2
59 44 2 2
40 57 2 2
40 55 2 2
41 57 2 2
41 46 2 2
62 60 3 3
62 61 3 3
63 60 3 3
63 61 3 3
64 61 3 3
64 62 3 3
65 61 3 3
65 64 3 3
66 63 3 3
66 62 3 3
67 61 3 3
67 60 3 3
68 60 3 3
68 63 3 3
69 64 3 3
69 61 3 3
70 68 3 3
70 64 3 3
71 67 3 3
71 61 3 3
72 66 3 3
72 62 3 3
73 68 3 3
73 60 3 3
74 72 3 3
74 64 3 3
75 62 3 3
75 63 3 3
76 68 3 3
76 65 3 3
77 66 3 3
77 68 3 3
78 77 3 3
78 73 3 3
79 77 3 3
79 75 3 3
60 77 3 3
60 66 3 3
61 73 3 3
61 79 3 3
82 80 4 4
82 81 4 4
83 80 4 4
83 82 4 4
84 80 4 4
84 82 4 4
85 84 4 4
85 81 4 4
86 80 4 4
86 81 4 4
87 80 4 4
87 86 4 4
88 81 4 4
88 87 4 4
89 82 4 4
89 88 4 4
90 88 4 4
90 87 4 4
91 89 4 4
91 82 4 4
92 82 4 4
92 91 4 4
93 80 4 4
93 92 4 4
94 91 4 4
94 90 4 4
95 86 4 4
95 88 4 4
96 87 4 4
96 85 4 4
97 95 4 4
97 91 4 4
98 81 4 4
98 82 4 4
99 89 4 4
99 87 4 4
80 99 4 4
80 98 4 4
81 90 4 4
81 97 4 4
102 101 5 5
102 100 5 5
103 100 5 5
103 102 5 5
104 103 5 5
104 100 5 5
105 101 5 5
105 103 5 5
106 105 5 5
106 101 5 5
107 104 5 5
107 100 5 5
108 100 5 5
108 104 5 5
109 102 5 5
109 107 5 5
110 108 5 5
110 104 5 5
111 108 5 5
111 106 5 5
112 104 5 5
112 110 5 5
113 103 5 5
113 106 5 5
114 112 5 5
114 105 5 5
115 110 5 5
115 102 5 5
116 112 5 5
116 107 5 5
117 100 5 5
117 106 5 5
118 115 5 5
118 103 5 5
119 102 5 5
119 101 5 5
100 109 5 5
100 112 5 5
101 113 5 5
101 115 5 5
122 121 6 6
122 120 6 6
123 120 6 6
123 122 6 6
124 123 6 6
124 121 6 6
125 124 6 6
125 121 6 6
126 122 6 6
126 121 6 6
127 125 6 6
127 126 6 6
128 121 6 6
128 124 6 6
129 120 6 6
129 125 6 6
130 128 6 6
130 120 6 6
131 130 6 6
131 129 6 6
132 128 6 6
132 129 6 6
133 128 6 6
133 124 6 6
134 121 6 6
134 122 6 6
135 122 6 6
135 133 6 6
136 124 6 6
136 121 6 6
137 131 6 6
137 123 6 6
138 137 6 6
138 120 6 6
139 121 6 6
139 138 6 6
120 131 6 6
120 137 6 6
121 135 6 6
121 131 6 6
142 141 7 7
142 140 7 7
143 141 7 7
143 142 7 7
144 142 7 7
144 140 7 7
145 140 7 7
145 144 7 7
146 144 7 7
146 140 7 7
147 146 7 7
147 142 7 7
148 140 7 7
148 144 7 7
149 148 7 7
149 146 7 7
150 144 7 7
150 140 7 7
151 147 7 7
151 141 7 7
152 150 7 7
152 141 7 7
153 145 7 7
153 146 7 7
154 150 7 7
154 146 7 7
155 142 7 7
155 141 7 7
156 147 7 7
156 142 7 7
157 148 7 7
157 140 7 7
158 152 7 7
158 142 7 7
159 154 7 7
159 150 7 7
140 149 7 7
140 154 7 7
141 156 7 7
141 146 7 7
162 160 8 8
162 161 8 8
163 161 8 8
163 160 8 8
164 162 8 8
164 161 8 8
165 164 8 8
165 162 8 8
166 164 8 8
166 160 8 8
167 163 8 8
167 166 8 8
168 167 8 8
168 165 8 8
169 163 8 8
169 168 8 8
170 161 8 8
170 165 8 8
171 162 8 8
171 170 8 8
172 161 8 8
172 170 8 8
173 170 8 8
173 168 8 8
174 160 8 8
174 163 8 8
175 162 8 8
175 172 8 8
176 171 8 8
176 175 8 8
177 160 8 8
177 168 8 8
178 160 8 8
178 172 8 8
179 165 8 8
179 172 8 8
160 167 8 8
160 173 8 8
161 176 8 8
161 175 8 8
182 180 9 9
182 181 9 9
183 180 9 9
183 181 9 9
184 181 9 9
184 183 9 9
185 180 9 9
185 184 9 9
186 185 9 9
186 181 9 9
187 186 9 9
187 185 9 9
188 187 9 9
188 181 9 9
189 183 9 9
189 186 9 9
190 187 9 9
190 183 9 9
191 189 9 9
191 190 9 9
192 189 9 9
192 187 9 9
193 185 9 9
193 187 9 9
194 187 9 9
194 185 9 9
195 181 9 9
195 192 9 9
196 187 9 9
196 193 9 9
197 180 9 9
197 196 9 9
198 197 9 9
198 180 9 9
199 198 9 9
199 187 9 9
180 193 9 9
180 194 9 9
181 185 9 9
181 194 9 9
202 200 10 10
202 201 10 10
203 200 10 10
203 201 10 10
204 200 10 10
204 203 10 10
205 204 10 10
205 200 10 10
206 204 10 10
206 200 10 10
207 205 10 10
207 203 10 10
208 204 10 10
208 200 10 10
209 202 10 10
209 200 10 10
210 203 10 10
210 204 10 10
211 200 10 10
211 201 10 10
212 201 10 10
212 200 10 10
213 201 10 10
213 205 10 10
214 208 10 10
214 205 10 10
215 205 10 10
215 204 10 10
216 209 10 10
216 204 10 10
217 210 10 10
217 208 10 10
218 202 10 10
218 203 10 10
219 205 10 10
219 207 10 10
200 207 10 10
200 216 10 10
201 216 10 10
201 214 10 10
222 221 11 11
222 220 11 11
223 220 11 11
223 221 11 11
224 220 11 11
224 221 11 11
225 220 11 11
225 222 11 11
226 222 11 11
226 221 11 11
227 222 11 11
227 223 11 11
228 223 11 11
228 222 11 11
229 226 11 11
229 228 11 11
230 225 11 11
230 227 11 11
231 225 11 11
231 220 11 11
232 221 11 11
232 225 11 11
233 220 11 11
233 221 11 11
234 233 11 11
234 224 11 11
235 225 11 11
235 234 11 11
236 235 11 11
236 229 11 11
237 234 11 11
237 220 11 11
238 232 11 11
238 231 11 11
239 223 11 11
239 221 11 11
220 235 11 11
220 228 11 11
221 236 11 11
221 235 11 11
242 241 12 12
242 240 12 12
243 241 12 12
243 240 12 12
244 241 12 12
244 242 12 12
245 241 12 12
245 242 12 12
246 241 12 12
246 243 12 12
247 245 12 12
247 240 12 12
248 241 12 12
248 242 12 12
249 243 12 12
249 241 12 12
250 244 12 12
250 249 12 12
251 243 12 12
251 249 12 12
252 245 12 12
252 244 12 12
253 247 12 12
253 244 12 12
254 247 12 12
254 243 12 12
255 246 12 12
255 241 12 12
256 241 12 12
256 243 12 12
257 243 12 12
257 246 12 12
258 245 12 12
258 242 12 12
259 241 12 12
259 242 12 12
240 251 12 12
240 252 12 12
241 251 12 12
241 253 12 12
262 261 13 13
262 260 13 13
263 260 13 13
263 262 13 13
264 260 13 13
264 263 13 13
265 262 13 13
265 263 13 13
266 265 13 13
266 263 13 13
267 265 13 13
267 261 13 13
268 260 13 13
268 262 13 13
269 268 13 13
269 262 13 13
270 269 13 13
270 263 13 13
271 261 13 13
271 262 13 13
272 261 13 13
272 263 13 13
273 265 13 13
273 272 13 13
274 264 13 13
274 260 13 13
275 266 13 13
275 272 13 13
276 265 13 13
276 263 13 13
277 276 13 13
277 263 13 13
278 266 13 13
278 267 13 13
279 266 13 13
279 275 13 13
260 270 13 13
260 269 13 13
261 277 13 13
261 276 13 13
282 281 14 14
282 280 14 14
283 282 14 14
283 281 14 14
284 281 14 14
284 283 14 14
285 281 14 14
285 284 14 14
286 283 14 14
286 285 14 14
287 286 14 14
287 284 14 14
288 287 14 14
288 280 14 14
289 288 14 14
289 284 14 14
290 287 14 14
290 284 14 14
291 285 14 14
291 288 14 14
292 284 14 14
292 282 14 14
293 282 14 14
293 289 14 14
294 287 14 14
294 291 14 14
295 287 14 14
295 285 14 14
296 282 14 14
296 280 14 14
297 282 14 14
297 280 14 14
298 287 14 14
298 289 14 14
299 286 14 14
299 298 14 14
280 289 14 14
280 295 14 14
281 286 14 14
281 288 14 14
302 300 15 15
302 301 15 15
303 300 15 15
303 302 15 15
304 301 15 15
304 300 15 15
305 301 15 15
305 304 15 15
306 302 15 15
306 304 15 15
307 304 15 15
307 301 15 15
308 307 15 15
308 304 15 15
309 308 15 15
309 306 15 15
310 307 15 15
310 305 15 15
311 303 15 15
311 302 15 15
312 304 15 15
312 309 15 15
313 310 15 15
313 307 15 15
314 305 15 15
314 313 15 15
315 304 15 15
315 307 15 15
316 313 15 15
316 307 15 15
317 311 15 15
317 313 15 15
318 307 15 15
318 312 15 15
319 309 15 15
319 312 15 15
300 313 15 15
300 311 15 15
301 318 15 15
301 316 15 15
42 25 2 1
47 8 2 0
69 49 3 2
74 1 3 0
97 67 4 3
93 9 4 0
117 39 5 1
114 14 5 0
127 96 6 4
125 14 6 0
147 52 7 2
158 93 7 4
172 99 8 4
170 136 8 6
191 88 9 4
189 142 9 7
205 4 10 0
218 93 10 4
229 217 11 10
229 65 11 3
253 11 12 0
258 109 12 5
270 73 13 3
277 50 13 2
280 214 14 10
296 125 14 6
304 138 15 6
300 45 15 2
11 195 0 9
1 302 0 15
34 139 1 6
30 203 1 10
