swNum = 320
edgeNum = 672

0 0
1 0
2 0
3 0
4 0
5 0
6 0
7 0
8 0
9 0
10 0
11 0
12 0
13 0
14 0
15 0
16 0
17 0
18 0
19 0
20 1
21 1
22 1
23 1
24 1
25 1
26 1
27 1
28 1
29 1
30 1
31 1
32 1
33 1
34 1
35 1
36 1
37 1
38 1
39 1
40 2
41 2
42 2
43 2
44 2
45 2
46 2
47 2
48 2
49 2
50 2
51 2
52 2
53 2
54 2
55 2
56 2
57 2
58 2
59 2
60 3
61 3
62 3
63 3
64 3
65 3
66 3
67 3
68 3
69 3
70 3
71 3
72 3
73 3
74 3
75 3
76 3
77 3
78 3
79 3
80 4
81 4
82 4
83 4
84 4
85 4
86 4
87 4
88 4
89 4
90 4
91 4
92 4
93 4
94 4
95 4
96 4
97 4
98 4
99 4
100 5
101 5
102 5
103 5
104 5
105 5
106 5
107 5
108 5
109 5
110 5
111 5
112 5
113 5
114 5
115 5
116 5
117 5
118 5
119 5
120 6
121 6
122 6
123 6
124 6
125 6
126 6
127 6
128 6
129 6
130 6
131 6
132 6
133 6
134 6
135 6
136 6
137 6
138 6
139 6
140 7
141 7
142 7
143 7
144 7
145 7
146 7
147 7
148 7
149 7
150 7
151 7
152 7
153 7
154 7
155 7
156 7
157 7
158 7
159 7
160 8
161 8
162 8
163 8
164 8
165 8
166 8
167 8
168 8
169 8
170 8
171 8
172 8
173 8
174 8
175 8
176 8
177 8
178 8
179 8
180 9
181 9
182 9
183 9
184 9
185 9
186 9
187 9
188 9
189 9
190 9
191 9
192 9
193 9
194 9
195 9
196 9
197 9
198 9
199 9
200 10
201 10
202 10
203 10
204 10
205 10
206 10
207 10
208 10
209 10
210 10
211 10
212 10
213 10
214 10
215 10
216 10
217 10
218 10
219 10
220 11
221 11
222 11
223 11
224 11
225 11
226 11
227 11
228 11
229 11
230 11
231 11
232 11
233 11
234 11
235 11
236 11
237 11
238 11
239 11
240 12
241 12
242 12
243 12
244 12
245 12
246 12
247 12
248 12
249 12
250 12
251 12
252 12
253 12
254 12
255 12
256 12
257 12
258 12
259 12
260 13
261 13
262 13
263 13
264 13
265 13
266 13
267 13
268 13
269 13
270 13
271 13
272 13
273 13
274 13
275 13
276 13
277 13
278 13
279 13
280 14
281 14
282 14
283 14
284 14
285 14
286 14
287 14
288 14
289 14
290 14
291 14
292 14
293 14
294 14
295 14
296 14
297 14
298 14
299 14
300 15
301 15
302 15
303 15
304 15
305 15
306 15
307 15
308 15
309 15
310 15
311 15
312 15
313 15
314 15
315 15
316 15
317 15
318 15
319 15

2 1 0 0
2 0 0 0
3 2 0 0
3 1 0 0
4 2 0 0
4 1 0 0
5 3 0 0
5 4 0 0
6 1 0 0
6 0 0 0
7 5 0 0
7 2 0 0
8 4 0 0
8 7 0 0
9 7 0 0
9 3 0 0
10 3 0 0
10 0 0 0
11 9 0 0
11 2 0 0
12 0 0 0
12 1 0 0
13 9 0 0
13 10 0 0
14 13 0 0
14 6 0 0
15 6 0 0
15 10 0 0
16 10 0 0
16 5 0 0
17 16 0 0
17 7 0 0
18 3 0 0
18 7 0 0
19 8 0 0
19 13 0 0
0 9 0 0
0 15 0 0
1 15 0 0
1 11 0 0
22 20 1 1
22 21 1 1
23 20 1 1
23 21 1 1
24 20 1 1
24 21 1 1
25 23 1 1
25 20 1 1
26 20 1 1
26 25 1 1
27 25 1 1
27 21 1 1
28 25 1 1
28 26 1 1
29 22 1 1
29 21 1 1
30 28 1 1
30 21 1 1
31 24 1 1
31 28 1 1
32 26 1 1
32 30 1 1
33 20 1 1
33 24 1 1
34 28 1 1
34 22 1 1
35 31 1 1
35 30 1 1
36 34 1 1
36 27 1 1
37 34 1 1
37 24 1 1
38 24 1 1
38 26 1 1
39 36 1 1
39 21 1 1
20 38 1 1
20 35 1 1
21 34 1 1
21 32 1 1
42 40 2 2
42 41 2 2
43 40 2 2
43 41 2 2
44 43 2 2
44 42 2 2
45 44 2 2
45 42 2 2
46 42 2 2
46 40 2 2
47 45 2 2
47 46 2 2
48 45 2 2
48 42 2 2
49 40 2 2
49 43 2 2
50 49 2 2
50 48 2 2
51 48 2 2
51 42 2 2
52 44 2 2
52 43 2 2
53 47 2 2
53 49 2 2
54 43 2 2
54 46 2 2
55 48 2 2
55 44 2 2
56 44 2 2
56 48 2 2
57 47 2 2
57 54 2 2
58 49 2 2
58 51 2 2
59 55 2 2
59 40 2 2
40 56 2 2
40 45 2 2
41 47 2 2
41 59 2 2
62 60 3 3
62 61 3 3
63 62 3 3
63 61 3 3
64 62 3 3
64 63 3 3
65 61 3 3
65 63 3 3
66 61 3 3
66 60 3 3
67 66 3 3
67 65 3 3
68 67 3 3
68 65 3 3
69 65 3 3
69 61 3 3
70 65 3 3
70 69 3 3
71 70 3 3
71 63 3 3
72 63 3 3
72 71 3 3
73 68 3 3
73 62 3 3
74 68 3 3
74 71 3 3
75 65 3 3
75 67 3 3
76 68 3 3
76 70 3 3
77 66 3 3
77 64 3 3
78 60 3 3
78 65 3 3
79 65 3 3
79 77 3 3
60 70 3 3
60 74 3 3
61 67 3 3
61 78 3 3
82 81 4 4
82 80 4 4
83 82 4 4
83 80 4 4
84 83 4 4
84 80 4 4
85 80 4 4
85 81 4 4
86 85 4 4
86 83 4 4
87 81 4 4
87 83 4 4
88 81 4 4
88 83 4 4
89 83 4 4
89 85 4 4
90 81 4 4
90 88 4 4
91 85 4 4
91 81 4 4
92 84 4 4
92 86 4 4
93 80 4 4
93 81 4 4
94 93 4 4
94 89 4 4
95 86 4 4
95 83 4 4
96 83 4 4
96 85 4 4
97 96 4 4
97 80 4 4
98 97 4 4
98 90 4 4
99 93 4 4
99 89 4 4
80 90 4 4
80 91 4 4
81 98 4 4
81 94 4 4
102 101 5 5
102 100 5 5
103 102 5 5
103 100 5 5
104 102 5 5
104 100 5 5
105 102 5 5
105 101 5 5
106 102 5 5
106 105 5 5
107 103 5 5
107 105 5 5
108 107 5 5
108 104 5 5
109 107 5 5
109 106 5 5
110 104 5 5
110 107 5 5
111 110 5 5
111 102 5 5
112 109 5 5
112 105 5 5
113 103 5 5
113 104 5 5
114 107 5 5
114 106 5 5
115 108 5 5
115 105 5 5
116 107 5 5
116 102 5 5
117 116 5 5
117 100 5 5
118 105 5 5
118 111 5 5
119 104 5 5
119 117 5 5
100 106 5 5
100 116 5 5
101 114 5 5
101 109 5 5
122 120 6 6
122 121 6 6
123 120 6 6
123 122 6 6
124 122 6 6
124 121 6 6
125 123 6 6
125 121 6 6
126 122 6 6
126 124 6 6
127 125 6 6
127 121 6 6
128 123 6 6
128 122 6 6
129 125 6 6
129 124 6 6
130 123 6 6
130 129 6 6
131 122 6 6
131 126 6 6
132 127 6 6
132 126 6 6
133 127 6 6
133 125 6 6
134 131 6 6
134 128 6 6
135 128 6 6
135 127 6 6
136 131 6 6
136 122 6 6
137 134 6 6
137 129 6 6
138 125 6 6
138 126 6 6
139 126 6 6
139 123 6 6
120 124 6 6
120 129 6 6
121 138 6 6
121 132 6 6
142 140 7 7
142 141 7 7
143 141 7 7
143 142 7 7
144 140 7 7
144 142 7 7
145 143 7 7
145 140 7 7
146 142 7 7
146 144 7 7
147 140 7 7
147 143 7 7
148 142 7 7
148 141 7 7
149 140 7 7
149 145 7 7
150 142 7 7
150 141 7 7
151 142 7 7
151 141 7 7
152 150 7 7
152 141 7 7
153 149 7 7
153 151 7 7
154 151 7 7
154 146 7 7
155 144 7 7
155 150 7 7
156 144 7 7
156 141 7 7
157 149 7 7
157 155 7 7
158 140 7 7
158 142 7 7
159 157 7 7
159 150 7 7
140 157 7 7
140 153 7 7
141 157 7 7
141 154 7 7
162 160 8 8
162 161 8 8
163 162 8 8
163 160 8 8
164 161 8 8
164 163 8 8
165 161 8 8
165 160 8 8
166 165 8 8
166 162 8 8
167 162 8 8
167 166 8 8
168 166 8 8
168 160 8 8
169 162 8 8
169 164 8 8
170 167 8 8
170 168 8 8
171 163 8 8
171 166 8 8
172 164 8 8
172 170 8 8
173 171 8 8
173 162 8 8
174 172 8 8
174 166 8 8
175 172 8 8
175 168 8 8
176 165 8 8
176 163 8 8
177 162 8 8
177 171 8 8
178 160 8 8
178 161 8 8
179 175 8 8
179 177 8 8
160 170 8 8
160 166 8 8
161 167 8 8
161 169 8 8
182 180 9 9
182 181 9 9
183 182 9 9
183 181 9 9
184 181 9 9
184 180 9 9
185 183 9 9
185 182 9 9
186 185 9 9
186 183 9 9
187 182 9 9
187 185 9 9
188 184 9 9
188 186 9 9
189 181 9 9
189 188 9 9
190 186 9 9
190 185 9 9
191 185 9 9
191 188 9 9
192 187 9 9
192 189 9 9
193 186 9 9
193 182 9 9
194 186 9 9
194 193 9 9
195 181 9 9
195 191 9 9
196 185 9 9
196 180 9 9
197 185 9 9
197 193 9 9
198 188 9 9
198 191 9 9
199 186 9 9
199 198 9 9
180 193 9 9
180 194 9 9
181 196 9 9
181 192 9 9
202 201 10 10
202 200 10 10
203 200 10 10
203 202 10 10
204 203 10 10
204 200 10 10
205 203 10 10
205 202 10 10
206 202 10 10
206 200 10 10
207 205 10 10
207 200 10 10
208 207 10 10
208 201 10 10
209 207 10 10
209 206 10 10
210 205 10 10
210 207 10 10
211 203 10 10
211 204 10 10
212 203 10 10
212 207 10 10
213 205 10 10
213 207 10 10
214 202 10 10
214 212 10 10
215 201 10 10
215 214 10 10
216 213 10 10
216 205 10 10
217 209 10 10
217 211 10 10
218 207 10 10
218 212 10 10
219 210 10 10
219 202 10 10
200 216 10 10
200 214 10 10
201 219 10 10
201 218 10 10
222 221 11 11
222 220 11 11
223 222 11 11
223 220 11 11
224 221 11 11
224 220 11 11
225 221 11 11
225 220 11 11
226 223 11 11
226 222 11 11
227 224 11 11
227 222 11 11
228 220 11 11
228 226 11 11
229 226 11 11
229 223 11 11
230 223 11 11
230 222 11 11
231 230 11 11
231 226 11 11
232 225 11 11
232 221 11 11
233 222 11 11
233 228 11 11
234 226 11 11
234 222 11 11
235 231 11 11
235 229 11 11
236 223 11 11
236 229 11 11
237 221 11 11
237 220 11 11
238 227 11 11
238 224 11 11
239 223 11 11
239 235 11 11
220 239 11 11
220 229 11 11
221 228 11 11
221 233 11 11
242 240 12 12
242 241 12 12
243 241 12 12
243 242 12 12
244 243 12 12
244 241 12 12
245 243 12 12
245 240 12 12
246 244 12 12
246 243 12 12
247 244 12 12
247 240 12 12
248 241 12 12
248 242 12 12
249 243 12 12
249 244 12 12
250 240 12 12
250 248 12 12
251 250 12 12
251 241 12 12
252 242 12 12
252 248 12 12
253 251 12 12
253 247 12 12
254 247 12 12
254 246 12 12
255 253 12 12
255 244 12 12
256 248 12 12
256 245 12 12
257 246 12 12
257 249 12 12
258 244 12 12
258 257 12 12
259 249 12 12
259 241 12 12
240 251 12 12
240 256 12 12
241 247 12 12
241 249 12 12
262 261 13 13
262 260 13 13
263 262 13 13
263 261 13 13
264 262 13 13
264 260 13 13
265 264 13 13
265 261 13 13
266 263 13 13
266 260 13 13
267 264 13 13
267 260 13 13
268 261 13 13
268 266 13 13
269 268 13 13
269 266 13 13
270 263 13 13
270 265 13 13
271 269 13 13
271 270 13 13
272 270 13 13
272 271 13 13
273 264 13 13
273 272 13 13
274 261 13 13
274 269 13 13
275 263 13 13
275 260 13 13
276 272 13 13
276 263 13 13
277 267 13 13
277 264 13 13
278 266 13 13
278 269 13 13
279 264 13 13
279 277 13 13
260 278 13 13
260 269 13 13
261 271 13 13
261 269 13 13
282 281 14 14
282 280 14 14
283 280 14 14
283 282 14 14
284 281 14 14
284 280 14 14
285 281 14 14
285 280 14 14
286 280 14 14
286 281 14 14
287 280 14 14
287 283 14 14
288 285 14 14
288 287 14 14
289 280 14 14
289 288 14 14
290 285 14 14
290 284 14 14
291 289 14 14
291 287 14 14
292 288 14 14
292 287 14 14
293 292 14 14
293 282 14 14
294 291 14 14
294 289 14 14
295 292 14 14
295 288 14 14
296 291 14 14
296 284 14 14
297 293 14 14
297 282 14 14
298 291 14 14
298 295 14 14
299 281 14 14
299 282 14 14
280 293 14 14
280 294 14 14
281 283 14 14
281 287 14 14
302 301 15 15
302 300 15 15
303 302 15 15
303 300 15 15
304 302 15 15
304 303 15 15
305 304 15 15
305 303 15 15
306 300 15 15
306 304 15 15
307 305 15 15
307 304 15 15
308 302 15 15
308 300 15 15
309 300 15 15
309 308 15 15
310 309 15 15
310 301 15 15
311 301 15 15
311 305 15 15
312 309 15 15
312 303 15 15
313 304 15 15
313 309 15 15
314 303 15 15
314 307 15 15
315 312 15 15
315 311 15 15
316 309 15 15
316 308 15 15
317 309 15 15
317 307 15 15
318 313 15 15
318 316 15 15
319 316 15 15
319 301 15 15
300 316 15 15
300 312 15 15
301 312 15 15
301 318 15 15
58 22 2 1
52 4 2 0
72 7 3 0
77 27 3 1
99 60 4 3
92 6 4 0
115 39 5 1
105 65 5 3
129 75 6 3
138 48 6 2
153 26 7 1
153 42 7 2
178 126 8 6
163 32 8 1
191 7 9 0
188 96 9 4
219 174 10 8
203 52 10 2
235 164 11 8
220 202 11 10
258 232 12 11
247 192 12 9
264 88 13 4
263 152 13 7
283 177 14 8
288 188 14 9
300 213 15 10
303 61 15 3
7 270 0 13
9 226 0 11
20 283 1 14
25 93 1 4
