swNum = 320
edgeNum = 672

0 0
1 0
2 0
3 0
4 0
5 0
6 0
7 0
8 0
9 0
10 0
11 0
12 0
13 0
14 0
15 0
16 0
17 0
18 0
19 0
20 1
21 1
22 1
23 1
24 1
25 1
26 1
27 1
28 1
29 1
30 1
31 1
32 1
33 1
34 1
35 1
36 1
37 1
38 1
39 1
40 2
41 2
42 2
43 2
44 2
45 2
46 2
47 2
48 2
49 2
50 2
51 2
52 2
53 2
54 2
55 2
56 2
57 2
58 2
59 2
60 3
61 3
62 3
63 3
64 3
65 3
66 3
67 3
68 3
69 3
70 3
71 3
72 3
73 3
74 3
75 3
76 3
77 3
78 3
79 3
80 4
81 4
82 4
83 4
84 4
85 4
86 4
87 4
88 4
89 4
90 4
91 4
92 4
93 4
94 4
95 4
96 4
97 4
98 4
99 4
100 5
101 5
102 5
103 5
104 5
105 5
106 5
107 5
108 5
109 5
110 5
111 5
112 5
113 5
114 5
115 5
116 5
117 5
118 5
119 5
120 6
121 6
122 6
123 6
124 6
125 6
126 6
127 6
128 6
129 6
130 6
131 6
132 6
133 6
134 6
135 6
136 6
137 6
138 6
139 6
140 7
141 7
142 7
143 7
144 7
145 7
146 7
147 7
148 7
149 7
150 7
151 7
152 7
153 7
154 7
155 7
156 7
157 7
158 7
159 7
160 8
161 8
162 8
163 8
164 8
165 8
166 8
167 8
168 8
169 8
170 8
171 8
172 8
173 8
174 8
175 8
176 8
177 8
178 8
179 8
180 9
181 9
182 9
183 9
184 9
185 9
186 9
187 9
188 9
189 9
190 9
191 9
192 9
193 9
194 9
195 9
196 9
197 9
198 9
199 9
200 10
201 10
202 10
203 10
204 10
205 10
206 10
207 10
208 10
209 10
210 10
211 10
212 10
213 10
214 10
215 10
216 10
217 10
218 10
219 10
220 11
221 11
222 11
223 11
224 11
225 11
226 11
227 11
228 11
229 11
230 11
231 11
232 11
233 11
234 11
235 11
236 11
237 11
238 11
239 11
240 12
241 12
242 12
243 12
244 12
245 12
246 12
247 12
248 12
249 12
250 12
251 12
252 12
253 12
254 12
255 12
256 12
257 12
258 12
259 12
260 13
261 13
262 13
263 13
264 13
265 13
266 13
267 13
268 13
269 13
270 13
271 13
272 13
273 13
274 13
275 13
276 13
277 13
278 13
279 13
280 14
281 14
282 14
283 14
284 14
285 14
286 14
287 14
288 14
289 14
290 14
291 14
292 14
293 14
294 14
295 14
296 14
297 14
298 14
299 14
300 15
301 15
302 15
303 15
304 15
305 15
306 15
307 15
308 15
309 15
310 15
311 15
312 15
313 15
314 15
315 15
316 15
317 15
318 15
319 15

2 1 0 0
2 0 0 0
3 0 0 0
3 1 0 0
4 0 0 0
4 1 0 0
5 2 0 0
5 3 0 0
6 3 0 0
6 5 0 0
7 6 0 0
7 1 0 0
8 6 0 0
8 3 0 0
9 3 0 0
9 1 0 0
10 5 0 0
10 6 0 0
11 9 0 0
11 2 0 0
12 6 0 0
12 0 0 0
13 4 0 0
13 0 0 0
14 4 0 0
14 8 0 0
15 6 0 0
15 9 0 0
16 15 0 0
16 1 0 0
17 14 0 0
17 13 0 0
18 2 0 0
18 10 0 0
19 1 0 0
19 14 0 0
0 19 0 0
0 10 0 0
1 6 0 0
1 12 0 0
22 20 1 1
22 21 1 1
23 21 1 1
23 20 1 1
24 22 1 1
24 20 1 1
25 24 1 1
25 21 1 1
26 21 1 1
26 25 1 1
27 24 1 1
27 20 1 1
28 27 1 1
28 22 1 1
29 25 1 1
29 28 1 1
30 28 1 1
30 23 1 1
31 26 1 1
31 23 1 1
32 22 1 1
32 29 1 1
33 31 1 1
33 23 1 1
34 20 1 1
34 27 1 1
35 29 1 1
35 20 1 1
36 20 1 1
36 21 1 1
37 31 1 1
37 33 1 1
38 28 1 1
38 33 1 1
39 37 1 1
39 33 1 1
20 38 1 1
20 30 1 1
21 38 1 1
21 35 1 1
42 41 2 2
42 40 2 2
43 42 2 2
43 41 2 2
44 42 2 2
44 40 2 2
45 41 2 2
45 43 2 2
46 40 2 2
46 44 2 2
47 42 2 2
47 43 2 2
48 42 2 2
48 43 2 2
49 45 2 2
49 47 2 2
50 40 2 2
50 49 2 2
51 50 2 2
51 40 2 2
52 41 2 2
52 42 2 2
53 40 2 2
53 44 2 2
54 53 2 2
54 40 2 2
55 50 2 2
55 44 2 2
56 47 2 2
56 40 2 2
57 53 2 2
57 46 2 2
58 44 2 2
58 53 2 2
59 41 2 2
59 48 2 2
40 45 2 2
40 49 2 2
41 55 2 2
41 47 2 2
62 60 3 3
62 61 3 3
63 62 3 3
63 60 3 3
64 61 3 3
64 62 3 3
65 61 3 3
65 64 3 3
66 61 3 3
66 65 3 3
67 65 3 3
67 66 3 3
68 63 3 3
68 64 3 3
69 63 3 3
69 62 3 3
70 66 3 3
70 67 3 3
71 62 3 3
71 66 3 3
72 60 3 3
72 62 3 3
73 69 3 3
73 64 3 3
74 69 3 3
74 60 3 3
75 60 3 3
75 71 3 3
76 64 3 3
76 61 3 3
77 69 3 3
77 63 3 3
78 67 3 3
78 77 3 3
79 60 3 3
79 69 3 3
60 70 3 3
60 71 3 3
61 70 3 3
61 78 3 3
82 81 4 4
82 80 4 4
83 82 4 4
83 81 4 4
84 80 4 4
84 82 4 4
85 80 4 4
85 84 4 4
86 81 4 4
86 82 4 4
87 86 4 4
87 81 4 4
88 81 4 4
88 86 4 4
89 83 4 4
89 81 4 4
90 84 4 4
90 82 4 4
91 89 4 4
91 85 4 4
92 84 4 4
92 90 4 4
93 88 4 4
93 92 4 4
94 82 4 4
94 86 4 4
95 81 4 4
95 80 4 4
96 82 4 4
96 95 4 4
97 93 4 4
97 85 4 4
98 92 4 4
98 84 4 4
99 95 4 4
99 83 4 4
80 91 4 4
80 86 4 4
81 97 4 4
81 94 4 4
102 100 5 5
102 101 5 5
103 102 5 5
103 100 5 5
104 100 5 5
104 101 5 5
105 103 5 5
105 101 5 5
106 100 5 5
106 105 5 5
107 103 5 5
107 102 5 5
108 105 5 5
108 104 5 5
109 105 5 5
109 108 5 5
110 109 5 5
110 103 5 5
111 109 5 5
111 110 5 5
112 101 5 5
112 106 5 5
113 112 5 5
113 111 5 5
114 103 5 5
114 112 5 5
115 109 5 5
115 103 5 5
116 101 5 5
116 113 5 5
117 116 5 5
117 109 5 5
118 102 5 5
118 116 5 5
119 110 5 5
119 108 5 5
100 108 5 5
100 105 5 5
101 109 5 5
101 106 5 5
122 121 6 6
122 120 6 6
123 122 6 6
123 121 6 6
124 122 6 6
124 123 6 6
125 123 6 6
125 121 6 6
126 121 6 6
126 124 6 6
127 121 6 6
127 124 6 6
128 121 6 6
128 120 6 6
129 123 6 6
129 127 6 6
130 128 6 6
130 120 6 6
131 122 6 6
131 124 6 6
132 125 6 6
132 124 6 6
133 122 6 6
133 129 6 6
134 125 6 6
134 124 6 6
135 132 6 6
135 134 6 6
136 135 6 6
136 125 6 6
137 132 6 6
137 129 6 6
138 129 6 6
138 134 6 6
139 123 6 6
139 126 6 6
120 138 6 6
120 127 6 6
121 136 6 6
121 137 6 6
142 141 7 7
142 140 7 7
143 140 7 7
143 141 7 7
144 141 7 7
144 142 7 7
145 143 7 7
145 144 7 7
146 143 7 7
146 141 7 7
147 141 7 7
147 145 7 7
148 145 7 7
148 141 7 7
149 141 7 7
149 143 7 7
150 148 7 7
150 142 7 7
151 144 7 7
151 147 7 7
152 146 7 7
152 147 7 7
153 149 7 7
153 143 7 7
154 143 7 7
154 140 7 7
155 150 7 7
155 147 7 7
156 141 7 7
156 144 7 7
157 152 7 7
157 145 7 7
158 141 7 7
158 147 7 7
159 150 7 7
159 151 7 7
140 146 7 7
140 152 7 7
141 155 7 7
141 153 7 7
162 160 8 8
162 161 8 8
163 161 8 8
163 162 8 8
164 163 8 8
164 161 8 8
165 164 8 8
165 162 8 8
166 164 8 8
166 160 8 8
167 162 8 8
167 160 8 8
168 161 8 8
168 163 8 8
169 160 8 8
169 166 8 8
170 169 8 8
170 167 8 8
171 163 8 8
171 165 8 8
172 160 8 8
172 165 8 8
173 165 8 8
173 161 8 8
174 165 8 8
174 161 8 8
175 162 8 8
175 171 8 8
176 163 8 8
176 172 8 8
177 170 8 8
177 161 8 8
178 171 8 8
178 162 8 8
179 168 8 8
179 173 8 8
160 170 8 8
160 179 8 8
161 170 8 8
161 172 8 8
182 181 9 9
182 180 9 9
183 180 9 9
183 181 9 9
184 182 9 9
184 181 9 9
185 180 9 9
185 184 9 9
186 183 9 9
186 184 9 9
187 184 9 9
187 181 9 9
188 184 9 9
188 186 9 9
189 187 9 9
189 188 9 9
190 180 9 9
190 183 9 9
191 180 9 9
191 186 9 9
192 183 9 9
192 189 9 9
193 190 9 9
193 180 9 9
194 190 9 9
194 184 9 9
195 180 9 9
195 192 9 9
196 182 9 9
196 191 9 9
197 182 9 9
197 191 9 9
198 194 9 9
198 189 9 9
199 186 9 9
199 189 9 9
180 198 9 9
180 188 9 9
181 199 9 9
181 190 9 9
202 200 10 10
202 201 10 10
203 201 10 10
203 200 10 10
204 202 10 10
204 200 10 10
205 201 10 10
205 200 10 10
206 205 10 10
206 200 10 10
207 200 10 10
207 201 10 10
208 203 10 10
208 205 10 10
209 206 10 10
209 208 10 10
210 203 10 10
210 201 10 10
211 201 10 10
211 202 10 10
212 206 10 10
212 204 10 10
213 207 10 10
213 212 10 10
214 205 10 10
214 207 10 10
215 210 10 10
215 213 10 10
216 207 10 10
216 214 10 10
217 207 10 10
217 202 10 10
218 202 10 10
218 209 10 10
219 208 10 10
219 213 10 10
200 215 10 10
200 217 10 10
201 213 10 10
201 208 10 10
222 221 11 11
222 220 11 11
223 222 11 11
223 221 11 11
224 222 11 11
224 223 11 11
225 221 11 11
225 222 11 11
226 224 11 11
226 222 11 11
227 224 11 11
227 225 11 11
228 222 11 11
228 225 11 11
229 225 11 11
229 220 11 11
230 226 11 11
230 222 11 11
231 220 11 11
231 230 11 11
232 223 11 11
232 231 11 11
233 232 11 11
233 227 11 11
234 231 11 11
234 223 11 11
235 234 11 11
235 222 11 11
236 221 11 11
236 220 11 11
237 220 11 11
237 222 11 11
238 237 11 11
238 229 11 11
239 237 11 11
239 232 11 11
220 233 11 11
220 224 11 11
221 227 11 11
221 235 11 11
242 240 12 12
242 241 12 12
243 241 12 12
243 242 12 12
244 242 12 12
244 243 12 12
245 241 12 12
245 243 12 12
246 244 12 12
246 241 12 12
247 240 12 12
247 241 12 12
248 243 12 12
248 241 12 12
249 240 12 12
249 247 12 12
250 249 12 12
250 242 12 12
251 247 12 12
251 249 12 12
252 249 12 12
252 247 12 12
253 250 12 12
253 247 12 12
254 252 12 12
254 242 12 12
255 246 12 12
255 254 12 12
256 253 12 12
256 246 12 12
257 243 12 12
257 252 12 12
258 252 12 12
258 251 12 12
259 249 12 12
259 244 12 12
240 250 12 12
240 257 12 12
241 252 12 12
241 250 12 12
262 260 13 13
262 261 13 13
263 260 13 13
263 262 13 13
264 260 13 13
264 262 13 13
265 264 13 13
265 262 13 13
266 264 13 13
266 262 13 13
267 263 13 13
267 262 13 13
268 262 13 13
268 261 13 13
269 262 13 13
269 265 13 13
270 268 13 13
270 266 13 13
271 268 13 13
271 262 13 13
272 265 13 13
272 262 13 13
273 271 13 13
273 270 13 13
274 260 13 13
274 263 13 13
275 262 13 13
275 264 13 13
276 269 13 13
276 268 13 13
277 262 13 13
277 265 13 13
278 272 13 13
278 262 13 13
279 263 13 13
279 277 13 13
260 279 13 13
260 277 13 13
261 275 13 13
261 279 13 13
282 281 14 14
282 280 14 14
283 282 14 14
283 280 14 14
284 281 14 14
284 283 14 14
285 283 14 14
285 282 14 14
286 283 14 14
286 280 14 14
287 282 14 14
287 283 14 14
288 282 14 14
288 280 14 14
289 288 14 14
289 284 14 14
290 285 14 14
290 283 14 14
291 290 14 14
291 280 14 14
292 284 14 14
292 289 14 14
293 286 14 14
293 287 14 14
294 291 14 14
294 285 14 14
295 285 14 14
295 284 14 14
296 295 14 14
296 292 14 14
297 282 14 14
297 294 14 14
298 288 14 14
298 292 14 14
299 298 14 14
299 286 14 14
280 299 14 14
280 295 14 14
281 295 14 14
281 289 14 14
302 301 15 15
302 300 15 15
303 300 15 15
303 302 15 15
304 303 15 15
304 301 15 15
305 303 15 15
305 300 15 15
306 301 15 15
306 303 15 15
307 302 15 15
307 300 15 15
308 300 15 15
308 302 15 15
309 306 15 15
309 305 15 15
310 309 15 15
310 307 15 15
311 307 15 15
311 308 15 15
312 301 15 15
312 303 15 15
313 303 15 15
313 305 15 15
314 303 15 15
314 309 15 15
315 313 15 15
315 312 15 15
316 301 15 15
316 313 15 15
317 302 15 15
317 307 15 15
318 307 15 15
318 300 15 15
319 308 15 15
319 302 15 15
300 317 15 15
300 319 15 15
301 315 15 15
301 305 15 15
51 31 2 1
52 6 2 0
78 4 3 0
72 56 3 2
80 37 4 1
89 62 4 3
115 13 5 0
102 95 5 4
121 8 6 0
138 88 6 4
147 98 7 4
148 133 7 6
178 56 8 2
164 67 8 3
180 19 9 0
193 147 9 7
212 11 10 0
215 185 10 9
221 61 11 3
236 21 11 1
257 188 12 9
249 238 12 11
277 175 13 8
262 76 13 3
295 248 14 12
286 68 14 3
313 124 15 6
316 258 15 12
7 303 0 15
8 249 0 12
29 266 1 13
20 60 1 3
