swNum = 320
edgeNum = 672

0 0
1 0
2 0
3 0
4 0
5 0
6 0
7 0
8 0
9 0
10 0
11 0
12 0
13 0
14 0
15 0
16 0
17 0
18 0
19 0
20 1
21 1
22 1
23 1
24 1
25 1
26 1
27 1
28 1
29 1
30 1
31 1
32 1
33 1
34 1
35 1
36 1
37 1
38 1
39 1
40 2
41 2
42 2
43 2
44 2
45 2
46 2
47 2
48 2
49 2
50 2
51 2
52 2
53 2
54 2
55 2
56 2
57 2
58 2
59 2
60 3
61 3
62 3
63 3
64 3
65 3
66 3
67 3
68 3
69 3
70 3
71 3
72 3
73 3
74 3
75 3
76 3
77 3
78 3
79 3
80 4
81 4
82 4
83 4
84 4
85 4
86 4
87 4
88 4
89 4
90 4
91 4
92 4
93 4
94 4
95 4
96 4
97 4
98 4
99 4
100 5
101 5
102 5
103 5
104 5
105 5
106 5
107 5
108 5
109 5
110 5
111 5
112 5
113 5
114 5
115 5
116 5
117 5
118 5
119 5
120 6
121 6
122 6
123 6
124 6
125 6
126 6
127 6
128 6
129 6
130 6
131 6
132 6
133 6
134 6
135 6
136 6
137 6
138 6
139 6
140 7
141 7
142 7
143 7
144 7
145 7
146 7
147 7
148 7
149 7
150 7
151 7
152 7
153 7
154 7
155 7
156 7
157 7
158 7
159 7
160 8
161 8
162 8
163 8
164 8
165 8
166 8
167 8
168 8
169 8
170 8
171 8
172 8
173 8
174 8
175 8
176 8
177 8
178 8
179 8
180 9
181 9
182 9
183 9
184 9
185 9
186 9
187 9
188 9
189 9
190 9
191 9
192 9
193 9
194 9
195 9
196 9
197 9
198 9
199 9
200 10
201 10
202 10
203 10
204 10
205 10
206 10
207 10
208 10
209 10
210 10
211 10
212 10
213 10
214 10
215 10
216 10
217 10
218 10
219 10
220 11
221 11
222 11
223 11
224 11
225 11
226 11
227 11
228 11
229 11
230 11
231 11
232 11
233 11
234 11
235 11
236 11
237 11
238 11
239 11
240 12
241 12
242 12
243 12
244 12
245 12
246 12
247 12
248 12
249 12
250 12
251 12
252 12
253 12
254 12
255 12
256 12
257 12
258 12
259 12
260 13
261 13
262 13
263 13
264 13
265 13
266 13
267 13
268 13
269 13
270 13
271 13
272 13
273 13
274 13
275 13
276 13
277 13
278 13
279 13
280 14
281 14
282 14
283 14
284 14
285 14
286 14
287 14
288 14
289 14
290 14
291 14
292 14
293 14
294 14
295 14
296 14
297 14
298 14
299 14
300 15
301 15
302 15
303 15
304 15
305 15
306 15
307 15
308 15
309 15
310 15
311 15
312 15
313 15
314 15
315 15
316 15
317 15
318 15
319 15

2 0 0 0
2 1 0 0
3 0 0 0
3 1 0 0
4 0 0 0
4 3 0 0
5 0 0 0
5 3 0 0
6 4 0 0
6 5 0 0
7 4 0 0
7 6 0 0
8 3 0 0
8 5 0 0
9 7 0 0
9 1 0 0
10 1 0 0
10 0 0 0
11 3 0 0
11 5 0 0
12 4 0 0
12 9 0 0
13 12 0 0
13 5 0 0
14 10 0 0
14 0 0 0
15 12 0 0
15 14 0 0
16 6 0 0
16 7 0 0
17 0 0 0
17 16 0 0
18 11 0 0
18 3 0 0
19 3 0 0
19 18 0 0
0 9 0 0
0 12 0 0
1 14 0 0
1 13 0 0
22 21 1 1
22 20 1 1
23 22 1 1
23 21 1 1
24 20 1 1
24 23 1 1
25 21 1 1
25 24 1 1
26 23 1 1
26 24 1 1
27 22 1 1
27 26 1 1
28 23 1 1
28 20 1 1
29 25 1 1
29 20 1 1
30 20 1 1
30 29 1 1
31 27 1 1
31 24 1 1
32 23 1 1
32 25 1 1
33 26 1 1
33 20 1 1
34 23 1 1
34 21 1 1
35 24 1 1
35 30 1 1
36 20 1 1
36 31 1 1
37 36 1 1
37 27 1 1
38 34 1 1
38 27 1 1
39 38 1 1
39 27 1 1
20 25 1 1
20 38 1 1
21 27 1 1
21 24 1 1
42 40 2 2
42 41 2 2
43 40 2 2
43 41 2 2
44 40 2 2
44 41 2 2
45 41 2 2
45 44 2 2
46 44 2 2
46 42 2 2
47 41 2 2
47 42 2 2
48 40 2 2
48 45 2 2
49 46 2 2
49 44 2 2
50 44 2 2
50 43 2 2
51 43 2 2
51 46 2 2
52 44 2 2
52 43 2 2
53 50 2 2
53 47 2 2
54 43 2 2
54 52 2 2
55 52 2 2
55 50 2 2
56 45 2 2
56 54 2 2
57 46 2 2
57 51 2 2
58 53 2 2
58 55 2 2
59 55 2 2
59 52 2 2
40 58 2 2
40 56 2 2
41 50 2 2
41 49 2 2
62 61 3 3
62 60 3 3
63 60 3 3
63 61 3 3
64 61 3 3
64 63 3 3
65 62 3 3
65 63 3 3
66 64 3 3
66 63 3 3
67 60 3 3
67 65 3 3
68 64 3 3
68 66 3 3
69 61 3 3
69 64 3 3
70 62 3 3
70 60 3 3
71 68 3 3
71 64 3 3
72 66 3 3
72 62 3 3
73 72 3 3
73 62 3 3
74 70 3 3
74 73 3 3
75 71 3 3
75 73 3 3
76 60 3 3
76 73 3 3
77 64 3 3
77 75 3 3
78 60 3 3
78 77 3 3
79 70 3 3
79 67 3 3
60 73 3 3
60 72 3 3
61 76 3 3
61 66 3 3
82 80 4 4
82 81 4 4
83 81 4 4
83 82 4 4
84 80 4 4
84 83 4 4
85 83 4 4
85 80 4 4
86 84 4 4
86 80 4 4
87 81 4 4
87 80 4 4
88 86 4 4
88 82 4 4
89 87 4 4
89 80 4 4
90 81 4 4
90 87 4 4
91 87 4 4
91 80 4 4
92 82 4 4
92 80 4 4
93 81 4 4
93 92 4 4
94 83 4 4
94 85 4 4
95 94 4 4
95 92 4 4
96 91 4 4
96 95 4 4
97 86 4 4
97 94 4 4
98 81 4 4
98 94 4 4
99 87 4 4
99 82 4 4
80 97 4 4
80 83 4 4
81 96 4 4
81 91 4 4
102 101 5 5
102 100 5 5
103 100 5 5
103 102 5 5
104 102 5 5
104 101 5 5
105 104 5 5
105 102 5 5
106 104 5 5
106 105 5 5
107 101 5 5
107 100 5 5
108 107 5 5
108 100 5 5
109 105 5 5
109 101 5 5
110 104 5 5
110 108 5 5
111 101 5 5
111 100 5 5
112 100 5 5
112 110 5 5
113 103 5 5
113 104 5 5
114 103 5 5
114 102 5 5
115 113 5 5
115 104 5 5
116 110 5 5
116 115 5 5
117 104 5 5
117 100 5 5
118 111 5 5
118 100 5 5
119 100 5 5
119 114 5 5
100 105 5 5
100 114 5 5
101 110 5 5
101 118 5 5
122 120 6 6
122 121 6 6
123 122 6 6
123 121 6 6
124 123 6 6
124 121 6 6
125 122 6 6
125 123 6 6
126 120 6 6
126 125 6 6
127 123 6 6
127 126 6 6
128 127 6 6
128 121 6 6
129 125 6 6
129 126 6 6
130 129 6 6
130 122 6 6
131 127 6 6
131 123 6 6
132 124 6 6
132 128 6 6
133 132 6 6
133 129 6 6
134 132 6 6
134 127 6 6
135 130 6 6
135 129 6 6
136 125 6 6
136 132 6 6
137 121 6 6
137 127 6 6
138 125 6 6
138 136 6 6
139 122 6 6
139 124 6 6
120 138 6 6
120 133 6 6
121 131 6 6
121 127 6 6
142 140 7 7
142 141 7 7
143 142 7 7
143 141 7 7
144 141 7 7
144 143 7 7
145 143 7 7
145 144 7 7
146 141 7 7
146 140 7 7
147 140 7 7
147 145 7 7
148 145 7 7
148 143 7 7
149 142 7 7
149 145 7 7
150 147 7 7
150 140 7 7
151 140 7 7
151 148 7 7
152 147 7 7
152 149 7 7
153 151 7 7
153 140 7 7
154 151 7 7
154 149 7 7
155 141 7 7
155 149 7 7
156 143 7 7
156 146 7 7
157 153 7 7
157 154 7 7
158 141 7 7
158 140 7 7
159 140 7 7
159 151 7 7
140 152 7 7
140 156 7 7
141 151 7 7
141 154 7 7
162 161 8 8
162 160 8 8
163 161 8 8
163 160 8 8
164 162 8 8
164 163 8 8
165 160 8 8
165 161 8 8
166 163 8 8
166 164 8 8
167 164 8 8
167 160 8 8
168 160 8 8
168 162 8 8
169 160 8 8
169 168 8 8
170 165 8 8
170 160 8 8
171 163 8 8
171 164 8 8
172 167 8 8
172 160 8 8
173 161 8 8
173 160 8 8
174 172 8 8
174 161 8 8
175 169 8 8
175 171 8 8
176 160 8 8
176 161 8 8
177 164 8 8
177 171 8 8
178 162 8 8
178 168 8 8
179 162 8 8
179 163 8 8
160 179 8 8
160 178 8 8
161 172 8 8
161 168 8 8
182 180 9 9
182 181 9 9
183 182 9 9
183 180 9 9
184 183 9 9
184 180 9 9
185 184 9 9
185 183 9 9
186 182 9 9
186 183 9 9
187 184 9 9
187 181 9 9
188 184 9 9
188 180 9 9
189 183 9 9
189 187 9 9
190 181 9 9
190 187 9 9
191 182 9 9
191 183 9 9
192 181 9 9
192 183 9 9
193 187 9 9
193 184 9 9
194 188 9 9
194 189 9 9
195 186 9 9
195 191 9 9
196 189 9 9
196 187 9 9
197 193 9 9
197 195 9 9
198 184 9 9
198 190 9 9
199 180 9 9
199 196 9 9
180 196 9 9
180 194 9 9
181 198 9 9
181 184 9 9
202 200 10 10
202 201 10 10
203 200 10 10
203 202 10 10
204 201 10 10
204 202 10 10
205 201 10 10
205 203 10 10
206 201 10 10
206 204 10 10
207 206 10 10
207 201 10 10
208 203 10 10
208 206 10 10
209 201 10 10
209 207 10 10
210 208 10 10
210 205 10 10
211 207 10 10
211 209 10 10
212 207 10 10
212 205 10 10
213 211 10 10
213 208 10 10
214 202 10 10
214 209 10 10
215 208 10 10
215 213 10 10
216 211 10 10
216 200 10 10
217 201 10 10
217 208 10 10
218 203 10 10
218 210 10 10
219 218 10 10
219 217 10 10
200 213 10 10
200 208 10 10
201 211 10 10
201 216 10 10
222 220 11 11
222 221 11 11
223 220 11 11
223 221 11 11
224 220 11 11
224 222 11 11
225 223 11 11
225 220 11 11
226 221 11 11
226 223 11 11
227 221 11 11
227 223 11 11
228 227 11 11
228 223 11 11
229 220 11 11
229 224 11 11
230 223 11 11
230 225 11 11
231 223 11 11
231 226 11 11
232 220 11 11
232 229 11 11
233 224 11 11
233 227 11 11
234 229 11 11
234 230 11 11
235 230 11 11
235 225 11 11
236 228 11 11
236 230 11 11
237 224 11 11
237 226 11 11
238 223 11 11
238 235 11 11
239 234 11 11
239 230 11 11
220 233 11 11
220 239 11 11
221 239 11 11
221 225 11 11
242 241 12 12
242 240 12 12
243 241 12 12
243 242 12 12
244 243 12 12
244 242 12 12
245 242 12 12
245 240 12 12
246 240 12 12
246 245 12 12
247 244 12 12
247 243 12 12
248 246 12 12
248 245 12 12
249 241 12 12
249 243 12 12
250 241 12 12
250 247 12 12
251 242 12 12
251 243 12 12
252 241 12 12
252 250 12 12
253 250 12 12
253 251 12 12
254 246 12 12
254 247 12 12
255 246 12 12
255 245 12 12
256 253 12 12
256 244 12 12
257 251 12 12
257 254 12 12
258 241 12 12
258 250 12 12
259 245 12 12
259 241 12 12
240 243 12 12
240 259 12 12
241 246 12 12
241 251 12 12
262 260 13 13
262 261 13 13
263 262 13 13
263 260 13 13
264 261 13 13
264 260 13 13
265 262 13 13
265 260 13 13
266 265 13 13
266 263 13 13
267 262 13 13
267 261 13 13
268 262 13 13
268 264 13 13
269 263 13 13
269 268 13 13
270 261 13 13
270 260 13 13
271 261 13 13
271 268 13 13
272 261 13 13
272 263 13 13
273 263 13 13
273 266 13 13
274 264 13 13
274 268 13 13
275 266 13 13
275 262 13 13
276 275 13 13
276 268 13 13
277 273 13 13
277 271 13 13
278 265 13 13
278 271 13 13
279 264 13 13
279 263 13 13
260 271 13 13
260 278 13 13
261 278 13 13
261 265 13 13
282 281 14 14
282 280 14 14
283 281 14 14
283 282 14 14
284 283 14 14
284 282 14 14
285 281 14 14
285 284 14 14
286 280 14 14
286 285 14 14
287 282 14 14
287 284 14 14
288 287 14 14
288 280 14 14
289 287 14 14
289 282 14 14
290 287 14 14
290 289 14 14
291 287 14 14
291 285 14 14
292 282 14 14
292 286 14 14
293 285 14 14
293 290 14 14
294 288 14 14
294 280 14 14
295 287 14 14
295 284 14 14
296 283 14 14
296 284 14 14
297 282 14 14
297 284 14 14
298 286 14 14
298 288 14 14
299 284 14 14
299 298 14 14
280 292 14 14
280 298 14 14
281 299 14 14
281 289 14 14
302 300 15 15
302 301 15 15
303 302 15 15
303 300 15 15
304 300 15 15
304 301 15 15
305 301 15 15
305 302 15 15
306 302 15 15
306 304 15 15
307 302 15 15
307 301 15 15
308 300 15 15
308 302 15 15
309 303 15 15
309 300 15 15
310 300 15 15
310 301 15 15
311 305 15 15
311 310 15 15
312 309 15 15
312 302 15 15
313 301 15 15
313 300 15 15
314 308 15 15
314 305 15 15
315 309 15 15
315 300 15 15
316 303 15 15
316 311 15 15
317 301 15 15
317 310 15 15
318 310 15 15
318 312 15 15
319 309 15 15
319 305 15 15
300 319 15 15
300 312 15 15
301 318 15 15
301 311 15 15
47 5 2 0
57 25 2 1
60 16 3 0
70 42 3 2
91 8 4 0
82 61 4 3
112 87 5 4
117 68 5 3
127 91 6 4
132 8 6 0
147 33 7 1
145 9 7 0
178 150 8 7
162 100 8 5
183 58 9 2
185 131 9 6
202 154 10 7
213 89 10 4
231 60 11 3
222 111 11 5
246 113 12 5
241 142 12 7
272 51 13 2
264 197 13 9
299 123 14 6
299 193 14 9
317 147 15 7
314 299 15 14
6 269 0 13
17 232 0 11
21 131 1 6
33 167 1 8
