swNum = 320
edgeNum = 672

0 0
1 0
2 0
3 0
4 0
5 0
6 0
7 0
8 0
9 0
10 0
11 0
12 0
13 0
14 0
15 0
16 0
17 0
18 0
19 0
20 1
21 1
22 1
23 1
24 1
25 1
26 1
27 1
28 1
29 1
30 1
31 1
32 1
33 1
34 1
35 1
36 1
37 1
38 1
39 1
40 2
41 2
42 2
43 2
44 2
45 2
46 2
47 2
48 2
49 2
50 2
51 2
52 2
53 2
54 2
55 2
56 2
57 2
58 2
59 2
60 3
61 3
62 3
63 3
64 3
65 3
66 3
67 3
68 3
69 3
70 3
71 3
72 3
73 3
74 3
75 3
76 3
77 3
78 3
79 3
80 4
81 4
82 4
83 4
84 4
85 4
86 4
87 4
88 4
89 4
90 4
91 4
92 4
93 4
94 4
95 4
96 4
97 4
98 4
99 4
100 5
101 5
102 5
103 5
104 5
105 5
106 5
107 5
108 5
109 5
110 5
111 5
112 5
113 5
114 5
115 5
116 5
117 5
118 5
119 5
120 6
121 6
122 6
123 6
124 6
125 6
126 6
127 6
128 6
129 6
130 6
131 6
132 6
133 6
134 6
135 6
136 6
137 6
138 6
139 6
140 7
141 7
142 7
143 7
144 7
145 7
146 7
147 7
148 7
149 7
150 7
151 7
152 7
153 7
154 7
155 7
156 7
157 7
158 7
159 7
160 8
161 8
162 8
163 8
164 8
165 8
166 8
167 8
168 8
169 8
170 8
171 8
172 8
173 8
174 8
175 8
176 8
177 8
178 8
179 8
180 9
181 9
182 9
183 9
184 9
185 9
186 9
187 9
188 9
189 9
190 9
191 9
192 9
193 9
194 9
195 9
196 9
197 9
198 9
199 9
200 10
201 10
202 10
203 10
204 10
205 10
206 10
207 10
208 10
209 10
210 10
211 10
212 10
213 10
214 10
215 10
216 10
217 10
218 10
219 10
220 11
221 11
222 11
223 11
224 11
225 11
226 11
227 11
228 11
229 11
230 11
231 11
232 11
233 11
234 11
235 11
236 11
237 11
238 11
239 11
240 12
241 12
242 12
243 12
244 12
245 12
246 12
247 12
248 12
249 12
250 12
251 12
252 12
253 12
254 12
255 12
256 12
257 12
258 12
259 12
260 13
261 13
262 13
263 13
264 13
265 13
266 13
267 13
268 13
269 13
270 13
271 13
272 13
273 13
274 13
275 13
276 13
277 13
278 13
279 13
280 14
281 14
282 14
283 14
284 14
285 14
286 14
287 14
288 14
289 14
290 14
291 14
292 14
293 14
294 14
295 14
296 14
297 14
298 14
299 14
300 15
301 15
302 15
303 15
304 15
305 15
306 15
307 15
308 15
309 15
310 15
311 15
312 15
313 15
314 15
315 15
316 15
317 15
318 15
319 15

2 1 0 0
2 0 0 0
3 2 0 0
3 0 0 0
4 3 0 0
4 2 0 0
5 3 0 0
5 1 0 0
6 2 0 0
6 1 0 0
7 3 0 0
7 0 0 0
8 3 0 0
8 7 0 0
9 2 0 0
9 6 0 0
10 0 0 0
10 9 0 0
11 2 0 0
11 9 0 0
12 6 0 0
12 5 0 0
13 12 0 0
13 3 0 0
14 0 0 0
14 13 0 0
15 8 0 0
15 3 0 0
16 8 0 0
16 0 0 0
17 5 0 0
17 9 0 0
18 15 0 0
18 1 0 0
19 8 0 0
19 4 0 0
0 13 0 0
0 15 0 0
1 14 0 0
1 16 0 0
22 21 1 1
22 20 1 1
23 20 1 1
23 22 1 1
24 21 1 1
24 20 1 1
25 22 1 1
25 23 1 1
26 23 1 1
26 22 1 1
27 20 1 1
27 25 1 1
28 23 1 1
28 26 1 1
29 20 1 1
29 25 1 1
30 29 1 1
30 28 1 1
31 20 1 1
31 24 1 1
32 23 1 1
32 22 1 1
33 28 1 1
33 20 1 1
34 33 1 1
34 27 1 1
35 24 1 1
35 26 1 1
36 31 1 1
36 27 1 1
37 35 1 1
37 28 1 1
38 30 1 1
38 24 1 1
39 38 1 1
39 29 1 1
20 36 1 1
20 32 1 1
21 38 1 1
21 32 1 1
42 41 2 2
42 40 2 2
43 41 2 2
43 40 2 2
44 43 2 2
44 42 2 2
45 44 2 2
45 41 2 2
46 42 2 2
46 41 2 2
47 46 2 2
47 40 2 2
48 40 2 2
48 46 2 2
49 44 2 2
49 42 2 2
50 45 2 2
50 41 2 2
51 42 2 2
51 43 2 2
52 42 2 2
52 49 2 2
53 49 2 2
53 48 2 2
54 40 2 2
54 48 2 2
55 45 2 2
55 47 2 2
56 47 2 2
56 46 2 2
57 48 2 2
57 55 2 2
58 45 2 2
58 55 2 2
59 52 2 2
59 51 2 2
40 53 2 2
40 45 2 2
41 53 2 2
41 54 2 2
62 61 3 3
62 60 3 3
63 60 3 3
63 62 3 3
64 63 3 3
64 60 3 3
65 63 3 3
65 62 3 3
66 64 3 3
66 63 3 3
67 64 3 3
67 66 3 3
68 64 3 3
68 61 3 3
69 68 3 3
69 65 3 3
70 69 3 3
70 67 3 3
71 70 3 3
71 68 3 3
72 71 3 3
72 61 3 3
73 63 3 3
73 69 3 3
74 63 3 3
74 61 3 3
75 70 3 3
75 74 3 3
76 74 3 3
76 65 3 3
77 61 3 3
77 62 3 3
78 76 3 3
78 70 3 3
79 61 3 3
79 78 3 3
60 74 3 3
60 77 3 3
61 63 3 3
61 76 3 3
82 81 4 4
82 80 4 4
83 81 4 4
83 82 4 4
84 80 4 4
84 83 4 4
85 83 4 4
85 82 4 4
86 81 4 4
86 80 4 4
87 84 4 4
87 80 4 4
88 80 4 4
88 84 4 4
89 80 4 4
89 84 4 4
90 82 4 4
90 85 4 4
91 82 4 4
91 90 4 4
92 91 4 4
92 90 4 4
93 84 4 4
93 90 4 4
94 85 4 4
94 80 4 4
95 91 4 4
95 83 4 4
96 81 4 4
96 88 4 4
97 92 4 4
97 93 4 4
98 85 4 4
98 80 4 4
99 86 4 4
99 92 4 4
80 99 4 4
80 95 4 4
81 88 4 4
81 90 4 4
102 100 5 5
102 101 5 5
103 100 5 5
103 101 5 5
104 103 5 5
104 101 5 5
105 103 5 5
105 104 5 5
106 105 5 5
106 103 5 5
107 100 5 5
107 105 5 5
108 105 5 5
108 102 5 5
109 107 5 5
109 105 5 5
110 105 5 5
110 109 5 5
111 105 5 5
111 101 5 5
112 104 5 5
112 101 5 5
113 104 5 5
113 106 5 5
114 104 5 5
114 110 5 5
115 101 5 5
115 112 5 5
116 113 5 5
116 111 5 5
117 114 5 5
117 103 5 5
118 116 5 5
118 104 5 5
119 105 5 5
119 107 5 5
100 113 5 5
100 111 5 5
101 117 5 5
101 110 5 5
122 121 6 6
122 120 6 6
123 120 6 6
123 121 6 6
124 121 6 6
124 120 6 6
125 124 6 6
125 121 6 6
126 120 6 6
126 123 6 6
127 120 6 6
127 122 6 6
128 127 6 6
128 121 6 6
129 120 6 6
129 127 6 6
130 123 6 6
130 124 6 6
131 123 6 6
131 120 6 6
132 131 6 6
132 120 6 6
133 131 6 6
133 123 6 6
134 129 6 6
134 120 6 6
135 132 6 6
135 131 6 6
136 120 6 6
136 126 6 6
137 132 6 6
137 135 6 6
138 132 6 6
138 128 6 6
139 125 6 6
139 123 6 6
120 138 6 6
120 125 6 6
121 137 6 6
121 130 6 6
142 140 7 7
142 141 7 7
143 142 7 7
143 140 7 7
144 143 7 7
144 142 7 7
145 140 7 7
145 141 7 7
146 142 7 7
146 144 7 7
147 141 7 7
147 140 7 7
148 143 7 7
148 140 7 7
149 141 7 7
149 147 7 7
150 140 7 7
150 147 7 7
151 141 7 7
151 142 7 7
152 144 7 7
152 140 7 7
153 152 7 7
153 142 7 7
154 140 7 7
154 148 7 7
155 140 7 7
155 150 7 7
156 145 7 7
156 140 7 7
157 144 7 7
157 149 7 7
158 151 7 7
158 146 7 7
159 142 7 7
159 145 7 7
140 153 7 7
140 157 7 7
141 157 7 7
141 150 7 7
162 160 8 8
162 161 8 8
163 162 8 8
163 160 8 8
164 160 8 8
164 161 8 8
165 160 8 8
165 163 8 8
166 165 8 8
166 161 8 8
167 163 8 8
167 165 8 8
168 165 8 8
168 161 8 8
169 164 8 8
169 166 8 8
170 164 8 8
170 160 8 8
171 168 8 8
171 169 8 8
172 165 8 8
172 171 8 8
173 168 8 8
173 167 8 8
174 160 8 8
174 165 8 8
175 160 8 8
175 169 8 8
176 166 8 8
176 167 8 8
177 167 8 8
177 161 8 8
178 161 8 8
178 177 8 8
179 173 8 8
179 163 8 8
160 177 8 8
160 172 8 8
161 167 8 8
161 165 8 8
182 180 9 9
182 181 9 9
183 182 9 9
183 180 9 9
184 182 9 9
184 180 9 9
185 182 9 9
185 183 9 9
186 182 9 9
186 185 9 9
187 186 9 9
187 182 9 9
188 183 9 9
188 185 9 9
189 186 9 9
189 181 9 9
190 189 9 9
190 183 9 9
191 182 9 9
191 189 9 9
192 189 9 9
192 180 9 9
193 183 9 9
193 192 9 9
194 186 9 9
194 182 9 9
195 183 9 9
195 188 9 9
196 189 9 9
196 183 9 9
197 196 9 9
197 193 9 9
198 186 9 9
198 183 9 9
199 185 9 9
199 194 9 9
180 186 9 9
180 185 9 9
181 186 9 9
181 199 9 9
202 200 10 10
202 201 10 10
203 201 10 10
203 200 10 10
204 201 10 10
204 200 10 10
205 202 10 10
205 200 10 10
206 205 10 10
206 202 10 10
207 204 10 10
207 203 10 10
208 205 10 10
208 206 10 10
209 202 10 10
209 205 10 10
210 206 10 10
210 203 10 10
211 206 10 10
211 209 10 10
212 204 10 10
212 205 10 10
213 200 10 10
213 202 10 10
214 201 10 10
214 204 10 10
215 213 10 10
215 202 10 10
216 213 10 10
216 202 10 10
217 211 10 10
217 202 10 10
218 206 10 10
218 217 10 10
219 209 10 10
219 213 10 10
200 215 10 10
200 211 10 10
201 209 10 10
201 218 10 10
222 220 11 11
222 221 11 11
223 222 11 11
223 220 11 11
224 220 11 11
224 221 11 11
225 222 11 11
225 223 11 11
226 224 11 11
226 222 11 11
227 222 11 11
227 224 11 11
228 222 11 11
228 226 11 11
229 222 11 11
229 220 11 11
230 221 11 11
230 227 11 11
231 222 11 11
231 225 11 11
232 222 11 11
232 227 11 11
233 230 11 11
233 220 11 11
234 233 11 11
234 224 11 11
235 227 11 11
235 224 11 11
236 226 11 11
236 231 11 11
237 221 11 11
237 231 11 11
238 229 11 11
238 220 11 11
239 224 11 11
239 238 11 11
220 235 11 11
220 236 11 11
221 234 11 11
221 232 11 11
242 240 12 12
242 241 12 12
243 241 12 12
243 242 12 12
244 242 12 12
244 243 12 12
245 243 12 12
245 244 12 12
246 242 12 12
246 245 12 12
247 245 12 12
247 240 12 12
248 244 12 12
248 246 12 12
249 248 12 12
249 244 12 12
250 248 12 12
250 249 12 12
251 242 12 12
251 245 12 12
252 247 12 12
252 251 12 12
253 249 12 12
253 245 12 12
254 249 12 12
254 250 12 12
255 248 12 12
255 244 12 12
256 252 12 12
256 245 12 12
257 256 12 12
257 255 12 12
258 241 12 12
258 256 12 12
259 258 12 12
259 254 12 12
240 243 12 12
240 245 12 12
241 251 12 12
241 253 12 12
262 261 13 13
262 260 13 13
263 260 13 13
263 262 13 13
264 261 13 13
264 263 13 13
265 263 13 13
265 260 13 13
266 262 13 13
266 264 13 13
267 265 13 13
267 260 13 13
268 262 13 13
268 265 13 13
269 262 13 13
269 264 13 13
270 263 13 13
270 260 13 13
271 262 13 13
271 266 13 13
272 263 13 13
272 269 13 13
273 264 13 13
273 268 13 13
274 260 13 13
274 265 13 13
275 262 13 13
275 269 13 13
276 274 13 13
276 260 13 13
277 265 13 13
277 267 13 13
278 265 13 13
278 260 13 13
279 265 13 13
279 275 13 13
260 277 13 13
260 275 13 13
261 270 13 13
261 271 13 13
282 281 14 14
282 280 14 14
283 281 14 14
283 280 14 14
284 280 14 14
284 281 14 14
285 283 14 14
285 281 14 14
286 283 14 14
286 280 14 14
287 285 14 14
287 283 14 14
288 286 14 14
288 280 14 14
289 286 14 14
289 287 14 14
290 284 14 14
290 288 14 14
291 288 14 14
291 290 14 14
292 287 14 14
292 283 14 14
293 288 14 14
293 286 14 14
294 284 14 14
294 289 14 14
295 289 14 14
295 294 14 14
296 281 14 14
296 293 14 14
297 288 14 14
297 290 14 14
298 290 14 14
298 289 14 14
299 282 14 14
299 293 14 14
280 290 14 14
280 297 14 14
281 294 14 14
281 298 14 14
302 300 15 15
302 301 15 15
303 301 15 15
303 302 15 15
304 300 15 15
304 303 15 15
305 303 15 15
305 304 15 15
306 303 15 15
306 300 15 15
307 304 15 15
307 301 15 15
308 304 15 15
308 307 15 15
309 308 15 15
309 306 15 15
310 306 15 15
310 304 15 15
311 306 15 15
311 303 15 15
312 300 15 15
312 306 15 15
313 302 15 15
313 312 15 15
314 305 15 15
314 313 15 15
315 302 15 15
315 304 15 15
316 312 15 15
316 314 15 15
317 308 15 15
317 307 15 15
318 308 15 15
318 317 15 15
319 301 15 15
319 305 15 15
300 315 15 15
300 308 15 15
301 306 15 15
301 317 15 15
52 20 2 1
40 19 2 0
78 18 3 0
65 20 3 1
98 30 4 1
85 1 4 0
100 30 5 1
116 16 5 0
127 83 6 4
135 13 6 0
151 61 7 3
153 132 7 6
170 47 8 2
168 90 8 4
182 87 9 4
199 16 9 0
202 186 10 9
205 170 10 8
229 133 11 6
233 71 11 3
240 81 12 4
249 209 12 10
270 162 13 8
278 191 13 9
299 21 14 1
292 100 14 5
303 169 15 8
300 233 15 11
4 150 0 7
16 225 0 11
31 124 1 6
21 265 1 13
