swNum = 320
edgeNum = 672

0 0
1 0
2 0
3 0
4 0
5 0
6 0
7 0
8 0
9 0
10 0
11 0
12 0
13 0
14 0
15 0
16 0
17 0
18 0
19 0
20 1
21 1
22 1
23 1
24 1
25 1
26 1
27 1
28 1
29 1
30 1
31 1
32 1
33 1
34 1
35 1
36 1
37 1
38 1
39 1
40 2
41 2
42 2
43 2
44 2
45 2
46 2
47 2
48 2
49 2
50 2
51 2
52 2
53 2
54 2
55 2
56 2
57 2
58 2
59 2
60 3
61 3
62 3
63 3
64 3
65 3
66 3
67 3
68 3
69 3
70 3
71 3
72 3
73 3
74 3
75 3
76 3
77 3
78 3
79 3
80 4
81 4
82 4
83 4
84 4
85 4
86 4
87 4
88 4
89 4
90 4
91 4
92 4
93 4
94 4
95 4
96 4
97 4
98 4
99 4
100 5
101 5
102 5
103 5
104 5
105 5
106 5
107 5
108 5
109 5
110 5
111 5
112 5
113 5
114 5
115 5
116 5
117 5
118 5
119 5
120 6
121 6
122 6
123 6
124 6
125 6
126 6
127 6
128 6
129 6
130 6
131 6
132 6
133 6
134 6
135 6
136 6
137 6
138 6
139 6
140 7
141 7
142 7
143 7
144 7
145 7
146 7
147 7
148 7
149 7
150 7
151 7
152 7
153 7
154 7
155 7
156 7
157 7
158 7
159 7
160 8
161 8
162 8
163 8
164 8
165 8
166 8
167 8
168 8
169 8
170 8
171 8
172 8
173 8
174 8
175 8
176 8
177 8
178 8
179 8
180 9
181 9
182 9
183 9
184 9
185 9
186 9
187 9
188 9
189 9
190 9
191 9
192 9
193 9
194 9
195 9
196 9
197 9
198 9
199 9
200 10
201 10
202 10
203 10
204 10
205 10
206 10
207 10
208 10
209 10
210 10
211 10
212 10
213 10
214 10
215 10
216 10
217 10
218 10
219 10
220 11
221 11
222 11
223 11
224 11
225 11
226 11
227 11
228 11
229 11
230 11
231 11
232 11
233 11
234 11
235 11
236 11
237 11
238 11
239 11
240 12
241 12
242 12
243 12
244 12
245 12
246 12
247 12
248 12
249 12
250 12
251 12
252 12
253 12
254 12
255 12
256 12
257 12
258 12
259 12
260 13
261 13
262 13
263 13
264 13
265 13
266 13
267 13
268 13
269 13
270 13
271 13
272 13
273 13
274 13
275 13
276 13
277 13
278 13
279 13
280 14
281 14
282 14
283 14
284 14
285 14
286 14
287 14
288 14
289 14
290 14
291 14
292 14
293 14
294 14
295 14
296 14
297 14
298 14
299 14
300 15
301 15
302 15
303 15
304 15
305 15
306 15
307 15
308 15
309 15
310 15
311 15
312 15
313 15
314 15
315 15
316 15
317 15
318 15
319 15

2 1 0 0
2 0 0 0
3 2 0 0
3 1 0 0
4 1 0 0
4 3 0 0
5 3 0 0
5 4 0 0
6 5 0 0
6 1 0 0
7 6 0 0
7 3 0 0
8 7 0 0
8 4 0 0
9 8 0 0
9 3 0 0
10 7 0 0
10 3 0 0
11 10 0 0
11 7 0 0
12 4 0 0
12 11 0 0
13 11 0 0
13 4 0 0
14 7 0 0
14 5 0 0
15 12 0 0
15 14 0 0
16 0 0 0
16 7 0 0
17 0 0 0
17 1 0 0
18 10 0 0
18 13 0 0
19 14 0 0
19 15 0 0
0 6 0 0
0 14 0 0
1 5 0 0
1 14 0 0
22 21 1 1
22 20 1 1
23 22 1 1
23 21 1 1
24 22 1 1
24 20 1 1
25 21 1 1
25 24 1 1
26 25 1 1
26 21 1 1
27 23 1 1
27 21 1 1
28 22 1 1
28 24 1 1
29 28 1 1
29 20 1 1
30 23 1 1
30 22 1 1
31 22 1 1
31 20 1 1
32 31 1 1
32 26 1 1
33 32 1 1
33 21 1 1
34 23 1 1
34 20 1 1
35 22 1 1
35 23 1 1
36 28 1 1
36 33 1 1
37 31 1 1
37 27 1 1
38 35 1 1
38 26 1 1
39 24 1 1
39 21 1 1
20 32 1 1
20 33 1 1
21 30 1 1
21 29 1 1
42 41 2 2
42 40 2 2
43 41 2 2
43 42 2 2
44 42 2 2
44 43 2 2
45 41 2 2
45 42 2 2
46 42 2 2
46 44 2 2
47 40 2 2
47 41 2 2
48 46 2 2
48 41 2 2
49 48 2 2
49 45 2 2
50 45 2 2
50 48 2 2
51 43 2 2
51 41 2 2
52 47 2 2
52 43 2 2
53 44 2 2
53 46 2 2
54 51 2 2
54 42 2 2
55 45 2 2
55 54 2 2
56 45 2 2
56 41 2 2
57 50 2 2
57 54 2 2
58 50 2 2
58 41 2 2
59 42 2 2
59 52 2 2
40 52 2 2
40 44 2 2
41 54 2 2
41 52 2 2
62 61 3 3
62 60 3 3
63 61 3 3
63 62 3 3
64 63 3 3
64 60 3 3
65 60 3 3
65 61 3 3
66 61 3 3
66 60 3 3
67 63 3 3
67 66 3 3
68 60 3 3
68 63 3 3
69 60 3 3
69 62 3 3
70 66 3 3
70 61 3 3
71 67 3 3
71 63 3 3
72 62 3 3
72 60 3 3
73 65 3 3
73 70 3 3
74 70 3 3
74 65 3 3
75 69 3 3
75 61 3 3
76 70 3 3
76 65 3 3
77 71 3 3
77 63 3 3
78 73 3 3
78 62 3 3
79 67 3 3
79 68 3 3
60 76 3 3
60 78 3 3
61 74 3 3
61 64 3 3
82 80 4 4
82 81 4 4
83 80 4 4
83 81 4 4
84 83 4 4
84 80 4 4
85 83 4 4
85 82 4 4
86 85 4 4
86 84 4 4
87 81 4 4
87 80 4 4
88 80 4 4
88 86 4 4
89 84 4 4
89 83 4 4
90 80 4 4
90 82 4 4
91 90 4 4
91 83 4 4
92 88 4 4
92 80 4 4
93 87 4 4
93 92 4 4
94 88 4 4
94 81 4 4
95 80 4 4
95 93 4 4
96 81 4 4
96 95 4 4
97 83 4 4
97 93 4 4
98 93 4 4
98 89 4 4
99 80 4 4
99 90 4 4
80 98 4 4
80 91 4 4
81 93 4 4
81 85 4 4
102 100 5 5
102 101 5 5
103 101 5 5
103 102 5 5
104 101 5 5
104 102 5 5
105 100 5 5
105 102 5 5
106 104 5 5
106 105 5 5
107 102 5 5
107 101 5 5
108 100 5 5
108 106 5 5
109 108 5 5
109 103 5 5
110 102 5 5
110 103 5 5
111 110 5 5
111 100 5 5
112 111 5 5
112 108 5 5
113 109 5 5
113 107 5 5
114 106 5 5
114 112 5 5
115 101 5 5
115 107 5 5
116 100 5 5
116 115 5 5
117 111 5 5
117 102 5 5
118 105 5 5
118 112 5 5
119 106 5 5
119 113 5 5
100 113 5 5
100 106 5 5
101 109 5 5
101 105 5 5
122 121 6 6
122 120 6 6
123 122 6 6
123 120 6 6
124 121 6 6
124 120 6 6
125 120 6 6
125 121 6 6
126 121 6 6
126 122 6 6
127 123 6 6
127 121 6 6
128 125 6 6
128 124 6 6
129 123 6 6
129 128 6 6
130 128 6 6
130 123 6 6
131 126 6 6
131 120 6 6
132 124 6 6
132 128 6 6
133 131 6 6
133 121 6 6
134 133 6 6
134 122 6 6
135 133 6 6
135 134 6 6
136 122 6 6
136 133 6 6
137 121 6 6
137 128 6 6
138 129 6 6
138 126 6 6
139 124 6 6
139 120 6 6
120 128 6 6
120 133 6 6
121 131 6 6
121 136 6 6
142 140 7 7
142 141 7 7
143 140 7 7
143 142 7 7
144 143 7 7
144 142 7 7
145 143 7 7
145 140 7 7
146 144 7 7
146 143 7 7
147 146 7 7
147 144 7 7
148 146 7 7
148 147 7 7
149 142 7 7
149 144 7 7
150 146 7 7
150 140 7 7
151 140 7 7
151 146 7 7
152 150 7 7
152 148 7 7
153 147 7 7
153 146 7 7
154 153 7 7
154 152 7 7
155 145 7 7
155 146 7 7
156 142 7 7
156 150 7 7
157 153 7 7
157 140 7 7
158 152 7 7
158 154 7 7
159 147 7 7
159 144 7 7
140 156 7 7
140 158 7 7
141 157 7 7
141 155 7 7
162 160 8 8
162 161 8 8
163 162 8 8
163 161 8 8
164 161 8 8
164 163 8 8
165 163 8 8
165 161 8 8
166 160 8 8
166 161 8 8
167 161 8 8
167 160 8 8
168 167 8 8
168 160 8 8
169 164 8 8
169 161 8 8
170 165 8 8
170 164 8 8
171 164 8 8
171 166 8 8
172 162 8 8
172 167 8 8
173 160 8 8
173 167 8 8
174 161 8 8
174 166 8 8
175 169 8 8
175 168 8 8
176 162 8 8
176 172 8 8
177 162 8 8
177 170 8 8
178 169 8 8
178 162 8 8
179 160 8 8
179 163 8 8
160 174 8 8
160 169 8 8
161 168 8 8
161 175 8 8
182 180 9 9
182 181 9 9
183 181 9 9
183 182 9 9
184 181 9 9
184 182 9 9
185 184 9 9
185 180 9 9
186 184 9 9
186 181 9 9
187 182 9 9
187 180 9 9
188 187 9 9
188 181 9 9
189 186 9 9
189 183 9 9
190 184 9 9
190 180 9 9
191 186 9 9
191 181 9 9
192 181 9 9
192 187 9 9
193 185 9 9
193 188 9 9
194 191 9 9
194 184 9 9
195 181 9 9
195 185 9 9
196 180 9 9
196 192 9 9
197 184 9 9
197 190 9 9
198 187 9 9
198 193 9 9
199 181 9 9
199 189 9 9
180 192 9 9
180 195 9 9
181 190 9 9
181 187 9 9
202 201 10 10
202 200 10 10
203 201 10 10
203 200 10 10
204 200 10 10
204 201 10 10
205 203 10 10
205 202 10 10
206 203 10 10
206 204 10 10
207 206 10 10
207 205 10 10
208 206 10 10
208 203 10 10
209 200 10 10
209 201 10 10
210 207 10 10
210 200 10 10
211 200 10 10
211 210 10 10
212 206 10 10
212 203 10 10
213 208 10 10
213 207 10 10
214 203 10 10
214 213 10 10
215 211 10 10
215 202 10 10
216 209 10 10
216 200 10 10
217 207 10 10
217 206 10 10
218 214 10 10
218 207 10 10
219 215 10 10
219 217 10 10
200 219 10 10
200 206 10 10
201 218 10 10
201 205 10 10
222 220 11 11
222 221 11 11
223 222 11 11
223 220 11 11
224 221 11 11
224 222 11 11
225 222 11 11
225 220 11 11
226 221 11 11
226 223 11 11
227 220 11 11
227 222 11 11
228 220 11 11
228 223 11 11
229 226 11 11
229 228 11 11
230 224 11 11
230 228 11 11
231 220 11 11
231 224 11 11
232 224 11 11
232 229 11 11
233 224 11 11
233 228 11 11
234 228 11 11
234 229 11 11
235 234 11 11
235 221 11 11
236 226 11 11
236 222 11 11
237 234 11 11
237 222 11 11
238 224 11 11
238 221 11 11
239 223 11 11
239 228 11 11
220 239 11 11
220 230 11 11
221 223 11 11
221 233 11 11
242 241 12 12
242 240 12 12
243 240 12 12
243 241 12 12
244 241 12 12
244 240 12 12
245 241 12 12
245 240 12 12
246 244 12 12
246 245 12 12
247 243 12 12
247 240 12 12
248 242 12 12
248 241 12 12
249 242 12 12
249 248 12 12
250 243 12 12
250 249 12 12
251 244 12 12
251 242 12 12
252 240 12 12
252 243 12 12
253 248 12 12
253 242 12 12
254 252 12 12
254 251 12 12
255 244 12 12
255 245 12 12
256 243 12 12
256 252 12 12
257 249 12 12
257 255 12 12
258 244 12 12
258 251 12 12
259 255 12 12
259 241 12 12
240 249 12 12
240 253 12 12
241 255 12 12
241 257 12 12
262 261 13 13
262 260 13 13
263 261 13 13
263 260 13 13
264 260 13 13
264 263 13 13
265 260 13 13
265 261 13 13
266 264 13 13
266 260 13 13
267 266 13 13
267 263 13 13
268 263 13 13
268 265 13 13
269 260 13 13
269 264 13 13
270 268 13 13
270 267 13 13
271 260 13 13
271 268 13 13
272 262 13 13
272 269 13 13
273 272 13 13
273 266 13 13
274 267 13 13
274 272 13 13
275 264 13 13
275 260 13 13
276 270 13 13
276 269 13 13
277 274 13 13
277 260 13 13
278 271 13 13
278 272 13 13
279 273 13 13
279 261 13 13
260 272 13 13
260 276 13 13
261 264 13 13
261 275 13 13
282 280 14 14
282 281 14 14
283 280 14 14
283 281 14 14
284 281 14 14
284 283 14 14
285 282 14 14
285 281 14 14
286 281 14 14
286 282 14 14
287 285 14 14
287 283 14 14
288 283 14 14
288 284 14 14
289 282 14 14
289 284 14 14
290 287 14 14
290 284 14 14
291 286 14 14
291 290 14 14
292 280 14 14
292 281 14 14
293 283 14 14
293 292 14 14
294 291 14 14
294 288 14 14
295 287 14 14
295 289 14 14
296 295 14 14
296 289 14 14
297 290 14 14
297 291 14 14
298 287 14 14
298 289 14 14
299 284 14 14
299 295 14 14
280 289 14 14
280 296 14 14
281 299 14 14
281 298 14 14
302 300 15 15
302 301 15 15
303 302 15 15
303 300 15 15
304 303 15 15
304 302 15 15
305 302 15 15
305 304 15 15
306 304 15 15
306 302 15 15
307 306 15 15
307 305 15 15
308 305 15 15
308 300 15 15
309 303 15 15
309 306 15 15
310 300 15 15
310 303 15 15
311 305 15 15
311 300 15 15
312 301 15 15
312 311 15 15
313 311 15 15
313 309 15 15
314 300 15 15
314 304 15 15
315 300 15 15
315 314 15 15
316 314 15 15
316 303 15 15
317 307 15 15
317 310 15 15
318 304 15 15
318 305 15 15
319 318 15 15
319 313 15 15
300 318 15 15
300 316 15 15
301 313 15 15
301 315 15 15
52 36 2 1
54 4 2 0
66 36 3 1
77 0 3 0
88 74 4 3
96 35 4 1
119 94 5 4
113 73 5 3
131 102 6 5
128 15 6 0
151 85 7 4
146 70 7 3
174 11 8 0
168 78 8 3
188 93 9 4
196 139 9 6
205 117 10 5
210 70 10 3
232 214 11 10
232 80 11 4
258 223 12 11
256 13 12 0
271 119 13 5
276 259 13 12
290 193 14 9
290 95 14 4
308 17 15 0
304 55 15 2
12 199 0 9
18 234 0 11
30 216 1 10
32 176 1 8
