swNum = 320
edgeNum = 672

0 0
1 0
2 0
3 0
4 0
5 0
6 0
7 0
8 0
9 0
10 0
11 0
12 0
13 0
14 0
15 0
16 0
17 0
18 0
19 0
20 1
21 1
22 1
23 1
24 1
25 1
26 1
27 1
28 1
29 1
30 1
31 1
32 1
33 1
34 1
35 1
36 1
37 1
38 1
39 1
40 2
41 2
42 2
43 2
44 2
45 2
46 2
47 2
48 2
49 2
50 2
51 2
52 2
53 2
54 2
55 2
56 2
57 2
58 2
59 2
60 3
61 3
62 3
63 3
64 3
65 3
66 3
67 3
68 3
69 3
70 3
71 3
72 3
73 3
74 3
75 3
76 3
77 3
78 3
79 3
80 4
81 4
82 4
83 4
84 4
85 4
86 4
87 4
88 4
89 4
90 4
91 4
92 4
93 4
94 4
95 4
96 4
97 4
98 4
99 4
100 5
101 5
102 5
103 5
104 5
105 5
106 5
107 5
108 5
109 5
110 5
111 5
112 5
113 5
114 5
115 5
116 5
117 5
118 5
119 5
120 6
121 6
122 6
123 6
124 6
125 6
126 6
127 6
128 6
129 6
130 6
131 6
132 6
133 6
134 6
135 6
136 6
137 6
138 6
139 6
140 7
141 7
142 7
143 7
144 7
145 7
146 7
147 7
148 7
149 7
150 7
151 7
152 7
153 7
154 7
155 7
156 7
157 7
158 7
159 7
160 8
161 8
162 8
163 8
164 8
165 8
166 8
167 8
168 8
169 8
170 8
171 8
172 8
173 8
174 8
175 8
176 8
177 8
178 8
179 8
180 9
181 9
182 9
183 9
184 9
185 9
186 9
187 9
188 9
189 9
190 9
191 9
192 9
193 9
194 9
195 9
196 9
197 9
198 9
199 9
200 10
201 10
202 10
203 10
204 10
205 10
206 10
207 10
208 10
209 10
210 10
211 10
212 10
213 10
214 10
215 10
216 10
217 10
218 10
219 10
220 11
221 11
222 11
223 11
224 11
225 11
226 11
227 11
228 11
229 11
230 11
231 11
232 11
233 11
234 11
235 11
236 11
237 11
238 11
239 11
240 12
241 12
242 12
243 12
244 12
245 12
246 12
247 12
248 12
249 12
250 12
251 12
252 12
253 12
254 12
255 12
256 12
257 12
258 12
259 12
260 13
261 13
262 13
263 13
264 13
265 13
266 13
267 13
268 13
269 13
270 13
271 13
272 13
273 13
274 13
275 13
276 13
277 13
278 13
279 13
280 14
281 14
282 14
283 14
284 14
285 14
286 14
287 14
288 14
289 14
290 14
291 14
292 14
293 14
294 14
295 14
296 14
297 14
298 14
299 14
300 15
301 15
302 15
303 15
304 15
305 15
306 15
307 15
308 15
309 15
310 15
311 15
312 15
313 15
314 15
315 15
316 15
317 15
318 15
319 15

2 0 0 0
2 1 0 0
3 0 0 0
3 1 0 0
4 1 0 0
4 2 0 0
5 3 0 0
5 4 0 0
6 3 0 0
6 2 0 0
7 0 0 0
7 1 0 0
8 3 0 0
8 1 0 0
9 5 0 0
9 3 0 0
10 0 0 0
10 3 0 0
11 3 0 0
11 4 0 0
12 4 0 0
12 9 0 0
13 9 0 0
13 5 0 0
14 6 0 0
14 4 0 0
15 13 0 0
15 11 0 0
16 11 0 0
16 10 0 0
17 1 0 0
17 14 0 0
18 17 0 0
18 3 0 0
19 1 0 0
19 14 0 0
0 17 0 0
0 18 0 0
1 9 0 0
1 18 0 0
22 20 1 1
22 21 1 1
23 20 1 1
23 22 1 1
24 22 1 1
24 23 1 1
25 22 1 1
25 24 1 1
26 20 1 1
26 25 1 1
27 23 1 1
27 24 1 1
28 26 1 1
28 20 1 1
29 28 1 1
29 23 1 1
30 28 1 1
30 26 1 1
31 24 1 1
31 25 1 1
32 21 1 1
32 26 1 1
33 21 1 1
33 23 1 1
34 20 1 1
34 23 1 1
35 29 1 1
35 31 1 1
36 25 1 1
36 22 1 1
37 24 1 1
37 29 1 1
38 32 1 1
38 20 1 1
39 21 1 1
39 31 1 1
20 31 1 1
20 37 1 1
21 35 1 1
21 27 1 1
42 41 2 2
42 40 2 2
43 42 2 2
43 41 2 2
44 42 2 2
44 40 2 2
45 44 2 2
45 40 2 2
46 44 2 2
46 41 2 2
47 43 2 2
47 46 2 2
48 40 2 2
48 46 2 2
49 40 2 2
49 44 2 2
50 48 2 2
50 46 2 2
51 47 2 2
51 41 2 2
52 51 2 2
52 46 2 2
53 40 2 2
53 50 2 2
54 47 2 2
54 53 2 2
55 40 2 2
55 46 2 2
56 42 2 2
56 46 2 2
57 48 2 2
57 40 2 2
58 46 2 2
58 47 2 2
59 41 2 2
59 56 2 2
40 54 2 2
40 56 2 2
41 52 2 2
41 44 2 2
62 61 3 3
62 60 3 3
63 60 3 3
63 62 3 3
64 62 3 3
64 61 3 3
65 64 3 3
65 62 3 3
66 65 3 3
66 63 3 3
67 61 3 3
67 65 3 3
68 64 3 3
68 62 3 3
69 67 3 3
69 64 3 3
70 63 3 3
70 62 3 3
71 61 3 3
71 69 3 3
72 70 3 3
72 68 3 3
73 72 3 3
73 69 3 3
74 61 3 3
74 68 3 3
75 70 3 3
75 63 3 3
76 74 3 3
76 72 3 3
77 73 3 3
77 72 3 3
78 67 3 3
78 66 3 3
79 68 3 3
79 71 3 3
60 68 3 3
60 66 3 3
61 72 3 3
61 79 3 3
82 81 4 4
82 80 4 4
83 81 4 4
83 82 4 4
84 80 4 4
84 81 4 4
85 80 4 4
85 84 4 4
86 82 4 4
86 80 4 4
87 84 4 4
87 80 4 4
88 85 4 4
88 83 4 4
89 81 4 4
89 88 4 4
90 86 4 4
90 81 4 4
91 82 4 4
91 86 4 4
92 88 4 4
92 82 4 4
93 89 4 4
93 88 4 4
94 82 4 4
94 81 4 4
95 83 4 4
95 88 4 4
96 82 4 4
96 86 4 4
97 84 4 4
97 95 4 4
98 93 4 4
98 88 4 4
99 96 4 4
99 90 4 4
80 93 4 4
80 97 4 4
81 86 4 4
81 95 4 4
102 101 5 5
102 100 5 5
103 100 5 5
103 101 5 5
104 101 5 5
104 100 5 5
105 100 5 5
105 104 5 5
106 102 5 5
106 103 5 5
107 101 5 5
107 100 5 5
108 101 5 5
108 106 5 5
109 102 5 5
109 105 5 5
110 105 5 5
110 100 5 5
111 103 5 5
111 104 5 5
112 104 5 5
112 108 5 5
113 108 5 5
113 102 5 5
114 101 5 5
114 102 5 5
115 112 5 5
115 102 5 5
116 113 5 5
116 108 5 5
117 109 5 5
117 115 5 5
118 101 5 5
118 117 5 5
119 110 5 5
119 102 5 5
100 119 5 5
100 115 5 5
101 112 5 5
101 113 5 5
122 120 6 6
122 121 6 6
123 121 6 6
123 122 6 6
124 120 6 6
124 122 6 6
125 120 6 6
125 123 6 6
126 123 6 6
126 125 6 6
127 124 6 6
127 123 6 6
128 122 6 6
128 121 6 6
129 122 6 6
129 121 6 6
130 120 6 6
130 121 6 6
131 128 6 6
131 125 6 6
132 128 6 6
132 120 6 6
133 122 6 6
133 131 6 6
134 122 6 6
134 121 6 6
135 124 6 6
135 133 6 6
136 132 6 6
136 120 6 6
137 133 6 6
137 124 6 6
138 125 6 6
138 131 6 6
139 128 6 6
139 134 6 6
120 131 6 6
120 139 6 6
121 138 6 6
121 126 6 6
142 140 7 7
142 141 7 7
143 141 7 7
143 140 7 7
144 143 7 7
144 140 7 7
145 141 7 7
145 142 7 7
146 142 7 7
146 144 7 7
147 140 7 7
147 146 7 7
148 145 7 7
148 140 7 7
149 141 7 7
149 147 7 7
150 148 7 7
150 140 7 7
151 140 7 7
151 150 7 7
152 146 7 7
152 150 7 7
153 152 7 7
153 147 7 7
154 144 7 7
154 141 7 7
155 152 7 7
155 140 7 7
156 146 7 7
156 144 7 7
157 152 7 7
157 146 7 7
158 140 7 7
158 150 7 7
159 144 7 7
159 145 7 7
140 154 7 7
140 159 7 7
141 156 7 7
141 151 7 7
162 161 8 8
162 160 8 8
163 161 8 8
163 160 8 8
164 161 8 8
164 162 8 8
165 160 8 8
165 163 8 8
166 165 8 8
166 160 8 8
167 165 8 8
167 166 8 8
168 160 8 8
168 166 8 8
169 165 8 8
169 163 8 8
170 162 8 8
170 168 8 8
171 169 8 8
171 162 8 8
172 170 8 8
172 169 8 8
173 168 8 8
173 164 8 8
174 170 8 8
174 173 8 8
175 162 8 8
175 161 8 8
176 175 8 8
176 166 8 8
177 165 8 8
177 176 8 8
178 161 8 8
178 164 8 8
179 162 8 8
179 166 8 8
160 178 8 8
160 164 8 8
161 170 8 8
161 176 8 8
182 181 9 9
182 180 9 9
183 182 9 9
183 181 9 9
184 180 9 9
184 183 9 9
185 184 9 9
185 180 9 9
186 182 9 9
186 183 9 9
187 186 9 9
187 183 9 9
188 185 9 9
188 180 9 9
189 183 9 9
189 187 9 9
190 182 9 9
190 181 9 9
191 185 9 9
191 183 9 9
192 180 9 9
192 190 9 9
193 182 9 9
193 183 9 9
194 185 9 9
194 189 9 9
195 183 9 9
195 190 9 9
196 188 9 9
196 184 9 9
197 181 9 9
197 185 9 9
198 187 9 9
198 186 9 9
199 192 9 9
199 187 9 9
180 197 9 9
180 196 9 9
181 187 9 9
181 186 9 9
202 200 10 10
202 201 10 10
203 202 10 10
203 201 10 10
204 202 10 10
204 203 10 10
205 203 10 10
205 200 10 10
206 203 10 10
206 200 10 10
207 204 10 10
207 200 10 10
208 206 10 10
208 207 10 10
209 208 10 10
209 207 10 10
210 201 10 10
210 207 10 10
211 207 10 10
211 208 10 10
212 205 10 10
212 207 10 10
213 209 10 10
213 208 10 10
214 203 10 10
214 201 10 10
215 203 10 10
215 202 10 10
216 204 10 10
216 215 10 10
217 208 10 10
217 206 10 10
218 211 10 10
218 207 10 10
219 211 10 10
219 209 10 10
200 219 10 10
200 214 10 10
201 218 10 10
201 211 10 10
222 220 11 11
222 221 11 11
223 221 11 11
223 222 11 11
224 222 11 11
224 220 11 11
225 222 11 11
225 221 11 11
226 224 11 11
226 221 11 11
227 221 11 11
227 222 11 11
228 222 11 11
228 221 11 11
229 222 11 11
229 228 11 11
230 227 11 11
230 221 11 11
231 225 11 11
231 229 11 11
232 220 11 11
232 222 11 11
233 226 11 11
233 223 11 11
234 231 11 11
234 225 11 11
235 228 11 11
235 233 11 11
236 228 11 11
236 232 11 11
237 233 11 11
237 225 11 11
238 233 11 11
238 230 11 11
239 225 11 11
239 226 11 11
220 223 11 11
220 234 11 11
221 236 11 11
221 237 11 11
242 241 12 12
242 240 12 12
243 240 12 12
243 242 12 12
244 241 12 12
244 240 12 12
245 242 12 12
245 244 12 12
246 243 12 12
246 244 12 12
247 242 12 12
247 243 12 12
248 245 12 12
248 242 12 12
249 241 12 12
249 246 12 12
250 242 12 12
250 249 12 12
251 243 12 12
251 244 12 12
252 245 12 12
252 248 12 12
253 249 12 12
253 242 12 12
254 246 12 12
254 252 12 12
255 253 12 12
255 244 12 12
256 250 12 12
256 248 12 12
257 245 12 12
257 242 12 12
258 242 12 12
258 250 12 12
259 249 12 12
259 254 12 12
240 249 12 12
240 246 12 12
241 253 12 12
241 255 12 12
262 261 13 13
262 260 13 13
263 261 13 13
263 260 13 13
264 262 13 13
264 260 13 13
265 261 13 13
265 260 13 13
266 264 13 13
266 262 13 13
267 265 13 13
267 262 13 13
268 265 13 13
268 261 13 13
269 260 13 13
269 266 13 13
270 265 13 13
270 263 13 13
271 266 13 13
271 269 13 13
272 263 13 13
272 264 13 13
273 260 13 13
273 271 13 13
274 272 13 13
274 266 13 13
275 262 13 13
275 271 13 13
276 265 13 13
276 260 13 13
277 266 13 13
277 265 13 13
278 260 13 13
278 272 13 13
279 265 13 13
279 273 13 13
260 275 13 13
260 270 13 13
261 264 13 13
261 276 13 13
282 280 14 14
282 281 14 14
283 282 14 14
283 280 14 14
284 281 14 14
284 283 14 14
285 282 14 14
285 280 14 14
286 281 14 14
286 285 14 14
287 284 14 14
287 285 14 14
288 287 14 14
288 285 14 14
289 285 14 14
289 282 14 14
290 281 14 14
290 286 14 14
291 283 14 14
291 287 14 14
292 291 14 14
292 284 14 14
293 280 14 14
293 291 14 14
294 284 14 14
294 292 14 14
295 292 14 14
295 287 14 14
296 286 14 14
296 281 14 14
297 283 14 14
297 288 14 14
298 297 14 14
298 280 14 14
299 289 14 14
299 287 14 14
280 296 14 14
280 287 14 14
281 287 14 14
281 294 14 14
302 300 15 15
302 301 15 15
303 302 15 15
303 301 15 15
304 302 15 15
304 303 15 15
305 303 15 15
305 301 15 15
306 302 15 15
306 301 15 15
307 301 15 15
307 305 15 15
308 307 15 15
308 303 15 15
309 307 15 15
309 304 15 15
310 306 15 15
310 305 15 15
311 310 15 15
311 309 15 15
312 311 15 15
312 303 15 15
313 312 15 15
313 310 15 15
314 306 15 15
314 301 15 15
315 313 15 15
315 311 15 15
316 305 15 15
316 307 15 15
317 302 15 15
317 304 15 15
318 302 15 15
318 301 15 15
319 310 15 15
319 317 15 15
300 314 15 15
300 303 15 15
301 311 15 15
301 317 15 15
40 11 2 0
44 38 2 1
72 13 3 0
79 28 3 1
95 60 4 3
96 16 4 0
103 6 5 0
101 64 5 3
120 89 6 4
135 5 6 0
146 127 7 6
148 64 7 3
175 22 8 1
168 87 8 4
192 82 9 4
186 72 9 3
203 50 10 2
202 152 10 7
220 119 11 5
227 200 11 10
244 53 12 2
255 109 12 5
269 121 13 6
265 4 13 0
291 266 14 13
291 1 14 0
309 181 15 9
304 99 15 4
11 141 0 7
8 213 0 10
25 188 1 9
26 123 1 6
