swNum = 320
edgeNum = 672

0 0
1 0
2 0
3 0
4 0
5 0
6 0
7 0
8 0
9 0
10 0
11 0
12 0
13 0
14 0
15 0
16 0
17 0
18 0
19 0
20 1
21 1
22 1
23 1
24 1
25 1
26 1
27 1
28 1
29 1
30 1
31 1
32 1
33 1
34 1
35 1
36 1
37 1
38 1
39 1
40 2
41 2
42 2
43 2
44 2
45 2
46 2
47 2
48 2
49 2
50 2
51 2
52 2
53 2
54 2
55 2
56 2
57 2
58 2
59 2
60 3
61 3
62 3
63 3
64 3
65 3
66 3
67 3
68 3
69 3
70 3
71 3
72 3
73 3
74 3
75 3
76 3
77 3
78 3
79 3
80 4
81 4
82 4
83 4
84 4
85 4
86 4
87 4
88 4
89 4
90 4
91 4
92 4
93 4
94 4
95 4
96 4
97 4
98 4
99 4
100 5
101 5
102 5
103 5
104 5
105 5
106 5
107 5
108 5
109 5
110 5
111 5
112 5
113 5
114 5
115 5
116 5
117 5
118 5
119 5
120 6
121 6
122 6
123 6
124 6
125 6
126 6
127 6
128 6
129 6
130 6
131 6
132 6
133 6
134 6
135 6
136 6
137 6
138 6
139 6
140 7
141 7
142 7
143 7
144 7
145 7
146 7
147 7
148 7
149 7
150 7
151 7
152 7
153 7
154 7
155 7
156 7
157 7
158 7
159 7
160 8
161 8
162 8
163 8
164 8
165 8
166 8
167 8
168 8
169 8
170 8
171 8
172 8
173 8
174 8
175 8
176 8
177 8
178 8
179 8
180 9
181 9
182 9
183 9
184 9
185 9
186 9
187 9
188 9
189 9
190 9
191 9
192 9
193 9
194 9
195 9
196 9
197 9
198 9
199 9
200 10
201 10
202 10
203 10
204 10
205 10
206 10
207 10
208 10
209 10
210 10
211 10
212 10
213 10
214 10
215 10
216 10
217 10
218 10
219 10
220 11
221 11
222 11
223 11
224 11
225 11
226 11
227 11
228 11
229 11
230 11
231 11
232 11
233 11
234 11
235 11
236 11
237 11
238 11
239 11
240 12
241 12
242 12
243 12
244 12
245 12
246 12
247 12
248 12
249 12
250 12
251 12
252 12
253 12
254 12
255 12
256 12
257 12
258 12
259 12
260 13
261 13
262 13
263 13
264 13
265 13
266 13
267 13
268 13
269 13
270 13
271 13
272 13
273 13
274 13
275 13
276 13
277 13
278 13
279 13
280 14
281 14
282 14
283 14
284 14
285 14
286 14
287 14
288 14
289 14
290 14
291 14
292 14
293 14
294 14
295 14
296 14
297 14
298 14
299 14
300 15
301 15
302 15
303 15
304 15
305 15
306 15
307 15
308 15
309 15
310 15
311 15
312 15
313 15
314 15
315 15
316 15
317 15
318 15
319 15

2 1 0 0
2 0 0 0
3 2 0 0
3 1 0 0
4 0 0 0
4 2 0 0
5 1 0 0
5 0 0 0
6 2 0 0
6 3 0 0
7 0 0 0
7 5 0 0
8 2 0 0
8 6 0 0
9 7 0 0
9 1 0 0
10 3 0 0
10 5 0 0
11 2 0 0
11 10 0 0
12 4 0 0
12 8 0 0
13 8 0 0
13 2 0 0
14 9 0 0
14 10 0 0
15 11 0 0
15 7 0 0
16 15 0 0
16 7 0 0
17 16 0 0
17 11 0 0
18 13 0 0
18 14 0 0
19 8 0 0
19 14 0 0
0 8 0 0
0 14 0 0
1 14 0 0
1 11 0 0
22 21 1 1
22 20 1 1
23 20 1 1
23 21 1 1
24 21 1 1
24 23 1 1
25 24 1 1
25 21 1 1
26 23 1 1
26 24 1 1
27 25 1 1
27 24 1 1
28 25 1 1
28 22 1 1
29 20 1 1
29 28 1 1
30 21 1 1
30 24 1 1
31 30 1 1
31 21 1 1
32 29 1 1
32 25 1 1
33 32 1 1
33 24 1 1
34 26 1 1
34 25 1 1
35 30 1 1
35 26 1 1
36 34 1 1
36 22 1 1
37 36 1 1
37 20 1 1
38 26 1 1
38 35 1 1
39 20 1 1
39 23 1 1
20 26 1 1
20 27 1 1
21 32 1 1
21 35 1 1
42 40 2 2
42 41 2 2
43 40 2 2
43 42 2 2
44 43 2 2
44 40 2 2
45 40 2 2
45 42 2 2
46 41 2 2
46 40 2 2
47 42 2 2
47 45 2 2
48 45 2 2
48 47 2 2
49 43 2 2
49 42 2 2
50 42 2 2
50 49 2 2
51 46 2 2
51 48 2 2
52 46 2 2
52 51 2 2
53 46 2 2
53 51 2 2
54 48 2 2
54 49 2 2
55 54 2 2
55 46 2 2
56 54 2 2
56 55 2 2
57 45 2 2
57 50 2 2
58 46 2 2
58 47 2 2
59 51 2 2
59 50 2 2
40 58 2 2
40 59 2 2
41 45 2 2
41 52 2 2
62 61 3 3
62 60 3 3
63 62 3 3
63 61 3 3
64 60 3 3
64 63 3 3
65 62 3 3
65 60 3 3
66 65 3 3
66 62 3 3
67 63 3 3
67 65 3 3
68 60 3 3
68 64 3 3
69 67 3 3
69 65 3 3
70 63 3 3
70 61 3 3
71 64 3 3
71 70 3 3
72 63 3 3
72 70 3 3
73 62 3 3
73 66 3 3
74 60 3 3
74 73 3 3
75 71 3 3
75 64 3 3
76 70 3 3
76 64 3 3
77 61 3 3
77 73 3 3
78 61 3 3
78 70 3 3
79 64 3 3
79 69 3 3
60 77 3 3
60 76 3 3
61 79 3 3
61 76 3 3
82 81 4 4
82 80 4 4
83 82 4 4
83 81 4 4
84 81 4 4
84 82 4 4
85 80 4 4
85 81 4 4
86 81 4 4
86 83 4 4
87 82 4 4
87 86 4 4
88 84 4 4
88 83 4 4
89 83 4 4
89 81 4 4
90 85 4 4
90 82 4 4
91 81 4 4
91 82 4 4
92 91 4 4
92 85 4 4
93 80 4 4
93 82 4 4
94 83 4 4
94 82 4 4
95 88 4 4
95 94 4 4
96 91 4 4
96 87 4 4
97 90 4 4
97 95 4 4
98 97 4 4
98 82 4 4
99 96 4 4
99 81 4 4
80 86 4 4
80 99 4 4
81 98 4 4
81 88 4 4
102 100 5 5
102 101 5 5
103 101 5 5
103 102 5 5
104 101 5 5
104 103 5 5
105 101 5 5
105 103 5 5
106 105 5 5
106 104 5 5
107 105 5 5
107 106 5 5
108 102 5 5
108 107 5 5
109 105 5 5
109 104 5 5
110 108 5 5
110 101 5 5
111 104 5 5
111 106 5 5
112 109 5 5
112 100 5 5
113 104 5 5
113 109 5 5
114 105 5 5
114 104 5 5
115 104 5 5
115 108 5 5
116 109 5 5
116 108 5 5
117 101 5 5
117 113 5 5
118 117 5 5
118 108 5 5
119 116 5 5
119 109 5 5
100 116 5 5
100 109 5 5
101 113 5 5
101 115 5 5
122 120 6 6
122 121 6 6
123 122 6 6
123 121 6 6
124 123 6 6
124 121 6 6
125 120 6 6
125 123 6 6
126 120 6 6
126 125 6 6
127 124 6 6
127 122 6 6
128 124 6 6
128 123 6 6
129 120 6 6
129 123 6 6
130 123 6 6
130 122 6 6
131 130 6 6
131 127 6 6
132 127 6 6
132 129 6 6
133 121 6 6
133 132 6 6
134 128 6 6
134 123 6 6
135 122 6 6
135 127 6 6
136 125 6 6
136 134 6 6
137 126 6 6
137 127 6 6
138 131 6 6
138 137 6 6
139 123 6 6
139 121 6 6
120 128 6 6
120 133 6 6
121 132 6 6
121 135 6 6
142 140 7 7
142 141 7 7
143 142 7 7
143 140 7 7
144 142 7 7
144 140 7 7
145 143 7 7
145 142 7 7
146 145 7 7
146 141 7 7
147 140 7 7
147 143 7 7
148 147 7 7
148 146 7 7
149 141 7 7
149 144 7 7
150 144 7 7
150 143 7 7
151 146 7 7
151 148 7 7
152 146 7 7
152 144 7 7
153 144 7 7
153 150 7 7
154 150 7 7
154 148 7 7
155 148 7 7
155 145 7 7
156 149 7 7
156 150 7 7
157 155 7 7
157 146 7 7
158 144 7 7
158 140 7 7
159 145 7 7
159 144 7 7
140 145 7 7
140 155 7 7
141 156 7 7
141 144 7 7
162 161 8 8
162 160 8 8
163 160 8 8
163 161 8 8
164 161 8 8
164 160 8 8
165 164 8 8
165 161 8 8
166 163 8 8
166 165 8 8
167 160 8 8
167 164 8 8
168 166 8 8
168 160 8 8
169 160 8 8
169 166 8 8
170 165 8 8
170 167 8 8
171 166 8 8
171 163 8 8
172 171 8 8
172 167 8 8
173 161 8 8
173 162 8 8
174 160 8 8
174 170 8 8
175 166 8 8
175 167 8 8
176 163 8 8
176 173 8 8
177 174 8 8
177 165 8 8
178 164 8 8
178 173 8 8
179 163 8 8
179 165 8 8
160 173 8 8
160 166 8 8
161 168 8 8
161 178 8 8
182 181 9 9
182 180 9 9
183 180 9 9
183 182 9 9
184 183 9 9
184 180 9 9
185 180 9 9
185 182 9 9
186 181 9 9
186 184 9 9
187 182 9 9
187 186 9 9
188 185 9 9
188 186 9 9
189 182 9 9
189 185 9 9
190 185 9 9
190 184 9 9
191 180 9 9
191 189 9 9
192 183 9 9
192 185 9 9
193 181 9 9
193 184 9 9
194 193 9 9
194 181 9 9
195 187 9 9
195 190 9 9
196 182 9 9
196 192 9 9
197 190 9 9
197 184 9 9
198 196 9 9
198 189 9 9
199 192 9 9
199 197 9 9
180 195 9 9
180 194 9 9
181 185 9 9
181 189 9 9
202 201 10 10
202 200 10 10
203 201 10 10
203 200 10 10
204 200 10 10
204 203 10 10
205 202 10 10
205 203 10 10
206 202 10 10
206 204 10 10
207 206 10 10
207 201 10 10
208 201 10 10
208 203 10 10
209 206 10 10
209 204 10 10
210 202 10 10
210 205 10 10
211 207 10 10
211 204 10 10
212 209 10 10
212 204 10 10
213 206 10 10
213 202 10 10
214 210 10 10
214 206 10 10
215 200 10 10
215 208 10 10
216 206 10 10
216 207 10 10
217 205 10 10
217 213 10 10
218 209 10 10
218 214 10 10
219 217 10 10
219 209 10 10
200 212 10 10
200 219 10 10
201 216 10 10
201 206 10 10
222 221 11 11
222 220 11 11
223 221 11 11
223 222 11 11
224 221 11 11
224 222 11 11
225 223 11 11
225 222 11 11
226 221 11 11
226 220 11 11
227 220 11 11
227 225 11 11
228 225 11 11
228 222 11 11
229 225 11 11
229 220 11 11
230 225 11 11
230 224 11 11
231 227 11 11
231 226 11 11
232 223 11 11
232 225 11 11
233 229 11 11
233 222 11 11
234 220 11 11
234 221 11 11
235 220 11 11
235 227 11 11
236 222 11 11
236 228 11 11
237 225 11 11
237 229 11 11
238 226 11 11
238 231 11 11
239 220 11 11
239 234 11 11
220 224 11 11
220 237 11 11
221 232 11 11
221 236 11 11
242 241 12 12
242 240 12 12
243 240 12 12
243 241 12 12
244 241 12 12
244 242 12 12
245 244 12 12
245 241 12 12
246 241 12 12
246 245 12 12
247 243 12 12
247 240 12 12
248 246 12 12
248 241 12 12
249 243 12 12
249 248 12 12
250 242 12 12
250 248 12 12
251 242 12 12
251 246 12 12
252 241 12 12
252 247 12 12
253 246 12 12
253 252 12 12
254 247 12 12
254 240 12 12
255 250 12 12
255 246 12 12
256 248 12 12
256 249 12 12
257 246 12 12
257 250 12 12
258 243 12 12
258 240 12 12
259 253 12 12
259 256 12 12
240 250 12 12
240 248 12 12
241 247 12 12
241 258 12 12
262 261 13 13
262 260 13 13
263 260 13 13
263 262 13 13
264 260 13 13
264 263 13 13
265 264 13 13
265 260 13 13
266 264 13 13
266 260 13 13
267 260 13 13
267 263 13 13
268 260 13 13
268 263 13 13
269 264 13 13
269 261 13 13
270 266 13 13
270 265 13 13
271 269 13 13
271 264 13 13
272 266 13 13
272 265 13 13
273 261 13 13
273 268 13 13
274 269 13 13
274 270 13 13
275 263 13 13
275 266 13 13
276 272 13 13
276 271 13 13
277 262 13 13
277 260 13 13
278 277 13 13
278 262 13 13
279 261 13 13
279 273 13 13
260 275 13 13
260 279 13 13
261 277 13 13
261 276 13 13
282 281 14 14
282 280 14 14
283 280 14 14
283 282 14 14
284 282 14 14
284 281 14 14
285 280 14 14
285 284 14 14
286 282 14 14
286 285 14 14
287 284 14 14
287 286 14 14
288 280 14 14
288 285 14 14
289 282 14 14
289 288 14 14
290 283 14 14
290 285 14 14
291 282 14 14
291 290 14 14
292 280 14 14
292 288 14 14
293 292 14 14
293 289 14 14
294 283 14 14
294 286 14 14
295 284 14 14
295 287 14 14
296 285 14 14
296 288 14 14
297 281 14 14
297 288 14 14
298 292 14 14
298 291 14 14
299 283 14 14
299 296 14 14
280 287 14 14
280 290 14 14
281 289 14 14
281 285 14 14
302 301 15 15
302 300 15 15
303 300 15 15
303 302 15 15
304 301 15 15
304 303 15 15
305 300 15 15
305 303 15 15
306 305 15 15
306 302 15 15
307 302 15 15
307 303 15 15
308 303 15 15
308 302 15 15
309 304 15 15
309 308 15 15
310 306 15 15
310 303 15 15
311 308 15 15
311 310 15 15
312 305 15 15
312 304 15 15
313 308 15 15
313 312 15 15
314 313 15 15
314 302 15 15
315 307 15 15
315 306 15 15
316 305 15 15
316 310 15 15
317 306 15 15
317 303 15 15
318 313 15 15
318 309 15 15
319 303 15 15
319 312 15 15
300 309 15 15
300 318 15 15
301 303 15 15
301 305 15 15
59 17 2 0
54 34 2 1
66 54 3 2
73 30 3 1
97 37 4 1
88 76 4 3
119 71 5 3
115 92 5 4
130 66 6 3
131 95 6 4
145 22 7 1
148 86 7 4
164 117 8 5
179 159 8 7
196 171 9 8
186 49 9 2
203 102 10 5
217 168 10 8
225 183 11 9
235 144 11 7
254 78 12 3
258 186 12 9
266 219 13 10
269 228 13 11
294 69 14 3
298 186 14 9
306 283 15 14
301 120 15 6
1 178 0 8
7 191 0 9
28 126 1 6
22 245 1 12
