swNum = 320
edgeNum = 672

0 0
1 0
2 0
3 0
4 0
5 0
6 0
7 0
8 0
9 0
10 0
11 0
12 0
13 0
14 0
15 0
16 0
17 0
18 0
19 0
20 1
21 1
22 1
23 1
24 1
25 1
26 1
27 1
28 1
29 1
30 1
31 1
32 1
33 1
34 1
35 1
36 1
37 1
38 1
39 1
40 2
41 2
42 2
43 2
44 2
45 2
46 2
47 2
48 2
49 2
50 2
51 2
52 2
53 2
54 2
55 2
56 2
57 2
58 2
59 2
60 3
61 3
62 3
63 3
64 3
65 3
66 3
67 3
68 3
69 3
70 3
71 3
72 3
73 3
74 3
75 3
76 3
77 3
78 3
79 3
80 4
81 4
82 4
83 4
84 4
85 4
86 4
87 4
88 4
89 4
90 4
91 4
92 4
93 4
94 4
95 4
96 4
97 4
98 4
99 4
100 5
101 5
102 5
103 5
104 5
105 5
106 5
107 5
108 5
109 5
110 5
111 5
112 5
113 5
114 5
115 5
116 5
117 5
118 5
119 5
120 6
121 6
122 6
123 6
124 6
125 6
126 6
127 6
128 6
129 6
130 6
131 6
132 6
133 6
134 6
135 6
136 6
137 6
138 6
139 6
140 7
141 7
142 7
143 7
144 7
145 7
146 7
147 7
148 7
149 7
150 7
151 7
152 7
153 7
154 7
155 7
156 7
157 7
158 7
159 7
160 8
161 8
162 8
163 8
164 8
165 8
166 8
167 8
168 8
169 8
170 8
171 8
172 8
173 8
174 8
175 8
176 8
177 8
178 8
179 8
180 9
181 9
182 9
183 9
184 9
185 9
186 9
187 9
188 9
189 9
190 9
191 9
192 9
193 9
194 9
195 9
196 9
197 9
198 9
199 9
200 10
201 10
202 10
203 10
204 10
205 10
206 10
207 10
208 10
209 10
210 10
211 10
212 10
213 10
214 10
215 10
216 10
217 10
218 10
219 10
220 11
221 11
222 11
223 11
224 11
225 11
226 11
227 11
228 11
229 11
230 11
231 11
232 11
233 11
234 11
235 11
236 11
237 11
238 11
239 11
240 12
241 12
242 12
243 12
244 12
245 12
246 12
247 12
248 12
249 12
250 12
251 12
252 12
253 12
254 12
255 12
256 12
257 12
258 12
259 12
260 13
261 13
262 13
263 13
264 13
265 13
266 13
267 13
268 13
269 13
270 13
271 13
272 13
273 13
274 13
275 13
276 13
277 13
278 13
279 13
280 14
281 14
282 14
283 14
284 14
285 14
286 14
287 14
288 14
289 14
290 14
291 14
292 14
293 14
294 14
295 14
296 14
297 14
298 14
299 14
300 15
301 15
302 15
303 15
304 15
305 15
306 15
307 15
308 15
309 15
310 15
311 15
312 15
313 15
314 15
315 15
316 15
317 15
318 15
319 15

2 0 0 0
2 1 0 0
3 2 0 0
3 0 0 0
4 3 0 0
4 2 0 0
5 3 0 0
5 1 0 0
6 5 0 0
6 1 0 0
7 2 0 0
7 6 0 0
8 3 0 0
8 5 0 0
9 1 0 0
9 0 0 0
10 8 0 0
10 5 0 0
11 3 0 0
11 0 0 0
12 11 0 0
12 8 0 0
13 6 0 0
13 2 0 0
14 10 0 0
14 6 0 0
15 9 0 0
15 7 0 0
16 0 0 0
16 7 0 0
17 12 0 0
17 7 0 0
18 16 0 0
18 4 0 0
19 5 0 0
19 8 0 0
0 19 0 0
0 8 0 0
1 19 0 0
1 16 0 0
22 20 1 1
22 21 1 1
23 22 1 1
23 21 1 1
24 20 1 1
24 21 1 1
25 23 1 1
25 22 1 1
26 25 1 1
26 22 1 1
27 21 1 1
27 22 1 1
28 24 1 1
28 27 1 1
29 27 1 1
29 22 1 1
30 20 1 1
30 26 1 1
31 21 1 1
31 24 1 1
32 29 1 1
32 21 1 1
33 30 1 1
33 20 1 1
34 22 1 1
34 32 1 1
35 20 1 1
35 29 1 1
36 22 1 1
36 25 1 1
37 23 1 1
37 22 1 1
38 20 1 1
38 24 1 1
39 30 1 1
39 38 1 1
20 37 1 1
20 39 1 1
21 34 1 1
21 28 1 1
42 41 2 2
42 40 2 2
43 41 2 2
43 40 2 2
44 40 2 2
44 41 2 2
45 40 2 2
45 42 2 2
46 42 2 2
46 40 2 2
47 42 2 2
47 46 2 2
48 43 2 2
48 47 2 2
49 47 2 2
49 48 2 2
50 40 2 2
50 48 2 2
51 48 2 2
51 42 2 2
52 48 2 2
52 45 2 2
53 52 2 2
53 50 2 2
54 43 2 2
54 52 2 2
55 40 2 2
55 51 2 2
56 53 2 2
56 42 2 2
57 56 2 2
57 45 2 2
58 57 2 2
58 52 2 2
59 50 2 2
59 52 2 2
40 56 2 2
40 57 2 2
41 58 2 2
41 51 2 2
62 60 3 3
62 61 3 3
63 62 3 3
63 60 3 3
64 63 3 3
64 60 3 3
65 60 3 3
65 64 3 3
66 65 3 3
66 64 3 3
67 66 3 3
67 62 3 3
68 67 3 3
68 63 3 3
69 63 3 3
69 60 3 3
70 66 3 3
70 69 3 3
71 61 3 3
71 60 3 3
72 65 3 3
72 68 3 3
73 63 3 3
73 68 3 3
74 69 3 3
74 70 3 3
75 70 3 3
75 67 3 3
76 71 3 3
76 61 3 3
77 70 3 3
77 68 3 3
78 71 3 3
78 76 3 3
79 78 3 3
79 68 3 3
60 73 3 3
60 72 3 3
61 70 3 3
61 79 3 3
82 81 4 4
82 80 4 4
83 81 4 4
83 80 4 4
84 81 4 4
84 82 4 4
85 81 4 4
85 83 4 4
86 83 4 4
86 81 4 4
87 84 4 4
87 83 4 4
88 84 4 4
88 80 4 4
89 80 4 4
89 81 4 4
90 87 4 4
90 83 4 4
91 82 4 4
91 81 4 4
92 80 4 4
92 83 4 4
93 84 4 4
93 83 4 4
94 90 4 4
94 80 4 4
95 84 4 4
95 81 4 4
96 86 4 4
96 95 4 4
97 95 4 4
97 81 4 4
98 82 4 4
98 87 4 4
99 98 4 4
99 88 4 4
80 93 4 4
80 96 4 4
81 98 4 4
81 90 4 4
102 100 5 5
102 101 5 5
103 101 5 5
103 100 5 5
104 100 5 5
104 101 5 5
105 100 5 5
105 104 5 5
106 100 5 5
106 104 5 5
107 104 5 5
107 103 5 5
108 105 5 5
108 107 5 5
109 102 5 5
109 108 5 5
110 106 5 5
110 104 5 5
111 106 5 5
111 108 5 5
112 110 5 5
112 109 5 5
113 112 5 5
113 104 5 5
114 103 5 5
114 102 5 5
115 103 5 5
115 102 5 5
116 107 5 5
116 112 5 5
117 112 5 5
117 109 5 5
118 112 5 5
118 116 5 5
119 102 5 5
119 110 5 5
100 116 5 5
100 113 5 5
101 113 5 5
101 115 5 5
122 120 6 6
122 121 6 6
123 122 6 6
123 121 6 6
124 121 6 6
124 120 6 6
125 120 6 6
125 124 6 6
126 125 6 6
126 121 6 6
127 124 6 6
127 120 6 6
128 124 6 6
128 126 6 6
129 123 6 6
129 125 6 6
130 121 6 6
130 125 6 6
131 130 6 6
131 128 6 6
132 126 6 6
132 123 6 6
133 123 6 6
133 120 6 6
134 125 6 6
134 126 6 6
135 132 6 6
135 131 6 6
136 126 6 6
136 134 6 6
137 133 6 6
137 123 6 6
138 133 6 6
138 135 6 6
139 135 6 6
139 122 6 6
120 136 6 6
120 138 6 6
121 127 6 6
121 135 6 6
142 141 7 7
142 140 7 7
143 141 7 7
143 142 7 7
144 141 7 7
144 140 7 7
145 143 7 7
145 140 7 7
146 142 7 7
146 141 7 7
147 142 7 7
147 143 7 7
148 140 7 7
148 143 7 7
149 147 7 7
149 146 7 7
150 144 7 7
150 146 7 7
151 150 7 7
151 141 7 7
152 144 7 7
152 151 7 7
153 150 7 7
153 140 7 7
154 141 7 7
154 145 7 7
155 149 7 7
155 154 7 7
156 142 7 7
156 144 7 7
157 142 7 7
157 152 7 7
158 149 7 7
158 145 7 7
159 155 7 7
159 141 7 7
140 150 7 7
140 158 7 7
141 153 7 7
141 156 7 7
162 160 8 8
162 161 8 8
163 162 8 8
163 160 8 8
164 163 8 8
164 162 8 8
165 160 8 8
165 161 8 8
166 160 8 8
166 165 8 8
167 161 8 8
167 165 8 8
168 163 8 8
168 167 8 8
169 168 8 8
169 163 8 8
170 168 8 8
170 165 8 8
171 162 8 8
171 167 8 8
172 171 8 8
172 165 8 8
173 165 8 8
173 169 8 8
174 168 8 8
174 163 8 8
175 169 8 8
175 160 8 8
176 164 8 8
176 162 8 8
177 176 8 8
177 173 8 8
178 173 8 8
178 160 8 8
179 176 8 8
179 175 8 8
160 164 8 8
160 177 8 8
161 178 8 8
161 166 8 8
182 181 9 9
182 180 9 9
183 181 9 9
183 180 9 9
184 180 9 9
184 181 9 9
185 181 9 9
185 182 9 9
186 182 9 9
186 184 9 9
187 183 9 9
187 186 9 9
188 187 9 9
188 186 9 9
189 184 9 9
189 188 9 9
190 188 9 9
190 184 9 9
191 184 9 9
191 187 9 9
192 180 9 9
192 191 9 9
193 187 9 9
193 190 9 9
194 187 9 9
194 190 9 9
195 180 9 9
195 190 9 9
196 192 9 9
196 182 9 9
197 186 9 9
197 195 9 9
198 186 9 9
198 188 9 9
199 188 9 9
199 183 9 9
180 193 9 9
180 196 9 9
181 190 9 9
181 192 9 9
202 201 10 10
202 200 10 10
203 201 10 10
203 202 10 10
204 200 10 10
204 202 10 10
205 202 10 10
205 203 10 10
206 202 10 10
206 205 10 10
207 201 10 10
207 205 10 10
208 207 10 10
208 201 10 10
209 208 10 10
209 201 10 10
210 203 10 10
210 202 10 10
211 209 10 10
211 207 10 10
212 200 10 10
212 204 10 10
213 210 10 10
213 201 10 10
214 204 10 10
214 212 10 10
215 205 10 10
215 203 10 10
216 203 10 10
216 211 10 10
217 208 10 10
217 204 10 10
218 206 10 10
218 212 10 10
219 207 10 10
219 201 10 10
200 205 10 10
200 214 10 10
201 216 10 10
201 212 10 10
222 221 11 11
222 220 11 11
223 221 11 11
223 222 11 11
224 221 11 11
224 220 11 11
225 224 11 11
225 221 11 11
226 221 11 11
226 220 11 11
227 220 11 11
227 224 11 11
228 227 11 11
228 225 11 11
229 222 11 11
229 223 11 11
230 228 11 11
230 221 11 11
231 228 11 11
231 223 11 11
232 224 11 11
232 226 11 11
233 225 11 11
233 226 11 11
234 220 11 11
234 228 11 11
235 222 11 11
235 227 11 11
236 223 11 11
236 229 11 11
237 235 11 11
237 229 11 11
238 234 11 11
238 220 11 11
239 229 11 11
239 223 11 11
220 232 11 11
220 230 11 11
221 231 11 11
221 233 11 11
242 240 12 12
242 241 12 12
243 242 12 12
243 241 12 12
244 243 12 12
244 242 12 12
245 243 12 12
245 240 12 12
246 242 12 12
246 245 12 12
247 244 12 12
247 243 12 12
248 247 12 12
248 241 12 12
249 244 12 12
249 245 12 12
250 243 12 12
250 242 12 12
251 240 12 12
251 246 12 12
252 246 12 12
252 247 12 12
253 240 12 12
253 251 12 12
254 241 12 12
254 244 12 12
255 241 12 12
255 251 12 12
256 244 12 12
256 254 12 12
257 251 12 12
257 241 12 12
258 245 12 12
258 249 12 12
259 251 12 12
259 246 12 12
240 255 12 12
240 258 12 12
241 259 12 12
241 245 12 12
262 260 13 13
262 261 13 13
263 261 13 13
263 260 13 13
264 261 13 13
264 263 13 13
265 261 13 13
265 264 13 13
266 263 13 13
266 265 13 13
267 260 13 13
267 266 13 13
268 266 13 13
268 267 13 13
269 263 13 13
269 262 13 13
270 267 13 13
270 261 13 13
271 268 13 13
271 261 13 13
272 260 13 13
272 271 13 13
273 266 13 13
273 264 13 13
274 262 13 13
274 269 13 13
275 263 13 13
275 260 13 13
276 263 13 13
276 266 13 13
277 267 13 13
277 269 13 13
278 265 13 13
278 261 13 13
279 260 13 13
279 274 13 13
260 266 13 13
260 270 13 13
261 273 13 13
261 268 13 13
282 281 14 14
282 280 14 14
283 281 14 14
283 282 14 14
284 281 14 14
284 283 14 14
285 284 14 14
285 281 14 14
286 284 14 14
286 283 14 14
287 285 14 14
287 281 14 14
288 284 14 14
288 281 14 14
289 283 14 14
289 286 14 14
290 286 14 14
290 289 14 14
291 285 14 14
291 283 14 14
292 290 14 14
292 289 14 14
293 286 14 14
293 281 14 14
294 286 14 14
294 292 14 14
295 287 14 14
295 293 14 14
296 294 14 14
296 281 14 14
297 283 14 14
297 285 14 14
298 285 14 14
298 288 14 14
299 290 14 14
299 281 14 14
280 284 14 14
280 287 14 14
281 289 14 14
281 297 14 14
302 300 15 15
302 301 15 15
303 302 15 15
303 300 15 15
304 303 15 15
304 300 15 15
305 304 15 15
305 302 15 15
306 303 15 15
306 302 15 15
307 300 15 15
307 304 15 15
308 303 15 15
308 305 15 15
309 301 15 15
309 300 15 15
310 303 15 15
310 300 15 15
311 303 15 15
311 306 15 15
312 300 15 15
312 310 15 15
313 303 15 15
313 309 15 15
314 306 15 15
314 303 15 15
315 303 15 15
315 304 15 15
316 315 15 15
316 303 15 15
317 309 15 15
317 308 15 15
318 302 15 15
318 312 15 15
319 305 15 15
319 303 15 15
300 318 15 15
300 313 15 15
301 314 15 15
301 311 15 15
46 35 2 1
50 2 2 0
76 19 3 0
63 21 3 1
81 33 4 1
90 77 4 3
114 15 5 0
106 39 5 1
137 84 6 4
127 9 6 0
150 97 7 4
153 71 7 3
176 87 8 4
167 35 8 1
185 111 9 5
194 149 9 7
217 162 10 8
201 91 10 4
228 21 11 1
236 114 11 5
248 173 12 8
256 191 12 9
270 205 13 10
273 122 13 6
292 243 14 12
293 169 14 8
312 220 15 11
309 97 15 4
9 312 0 15
6 198 0 9
30 315 1 15
26 152 1 7
