swNum = 320
edgeNum = 672

0 0
1 0
2 0
3 0
4 0
5 0
6 0
7 0
8 0
9 0
10 0
11 0
12 0
13 0
14 0
15 0
16 0
17 0
18 0
19 0
20 1
21 1
22 1
23 1
24 1
25 1
26 1
27 1
28 1
29 1
30 1
31 1
32 1
33 1
34 1
35 1
36 1
37 1
38 1
39 1
40 2
41 2
42 2
43 2
44 2
45 2
46 2
47 2
48 2
49 2
50 2
51 2
52 2
53 2
54 2
55 2
56 2
57 2
58 2
59 2
60 3
61 3
62 3
63 3
64 3
65 3
66 3
67 3
68 3
69 3
70 3
71 3
72 3
73 3
74 3
75 3
76 3
77 3
78 3
79 3
80 4
81 4
82 4
83 4
84 4
85 4
86 4
87 4
88 4
89 4
90 4
91 4
92 4
93 4
94 4
95 4
96 4
97 4
98 4
99 4
100 5
101 5
102 5
103 5
104 5
105 5
106 5
107 5
108 5
109 5
110 5
111 5
112 5
113 5
114 5
115 5
116 5
117 5
118 5
119 5
120 6
121 6
122 6
123 6
124 6
125 6
126 6
127 6
128 6
129 6
130 6
131 6
132 6
133 6
134 6
135 6
136 6
137 6
138 6
139 6
140 7
141 7
142 7
143 7
144 7
145 7
146 7
147 7
148 7
149 7
150 7
151 7
152 7
153 7
154 7
155 7
156 7
157 7
158 7
159 7
160 8
161 8
162 8
163 8
164 8
165 8
166 8
167 8
168 8
169 8
170 8
171 8
172 8
173 8
174 8
175 8
176 8
177 8
178 8
179 8
180 9
181 9
182 9
183 9
184 9
185 9
186 9
187 9
188 9
189 9
190 9
191 9
192 9
193 9
194 9
195 9
196 9
197 9
198 9
199 9
200 10
201 10
202 10
203 10
204 10
205 10
206 10
207 10
208 10
209 10
210 10
211 10
212 10
213 10
214 10
215 10
216 10
217 10
218 10
219 10
220 11
221 11
222 11
223 11
224 11
225 11
226 11
227 11
228 11
229 11
230 11
231 11
232 11
233 11
234 11
235 11
236 11
237 11
238 11
239 11
240 12
241 12
242 12
243 12
244 12
245 12
246 12
247 12
248 12
249 12
250 12
251 12
252 12
253 12
254 12
255 12
256 12
257 12
258 12
259 12
260 13
261 13
262 13
263 13
264 13
265 13
266 13
267 13
268 13
269 13
270 13
271 13
272 13
273 13
274 13
275 13
276 13
277 13
278 13
279 13
280 14
281 14
282 14
283 14
284 14
285 14
286 14
287 14
288 14
289 14
290 14
291 14
292 14
293 14
294 14
295 14
296 14
297 14
298 14
299 14
300 15
301 15
302 15
303 15
304 15
305 15
306 15
307 15
308 15
309 15
310 15
311 15
312 15
313 15
314 15
315 15
316 15
317 15
318 15
319 15

2 0 0 0
2 1 0 0
3 2 0 0
3 1 0 0
4 3 0 0
4 2 0 0
5 1 0 0
5 0 0 0
6 5 0 0
6 3 0 0
7 3 0 0
7 0 0 0
8 2 0 0
8 0 0 0
9 6 0 0
9 2 0 0
10 6 0 0
10 8 0 0
11 9 0 0
11 5 0 0
12 9 0 0
12 11 0 0
13 11 0 0
13 2 0 0
14 9 0 0
14 0 0 0
15 1 0 0
15 13 0 0
16 2 0 0
16 8 0 0
17 15 0 0
17 0 0 0
18 9 0 0
18 2 0 0
19 4 0 0
19 11 0 0
0 18 0 0
0 13 0 0
1 17 0 0
1 9 0 0
22 21 1 1
22 20 1 1
23 20 1 1
23 21 1 1
24 23 1 1
24 21 1 1
25 23 1 1
25 20 1 1
26 23 1 1
26 22 1 1
27 21 1 1
27 23 1 1
28 21 1 1
28 22 1 1
29 26 1 1
29 25 1 1
30 21 1 1
30 25 1 1
31 27 1 1
31 21 1 1
32 26 1 1
32 31 1 1
33 20 1 1
33 23 1 1
34 29 1 1
34 26 1 1
35 20 1 1
35 29 1 1
36 22 1 1
36 28 1 1
37 21 1 1
37 25 1 1
38 23 1 1
38 22 1 1
39 29 1 1
39 34 1 1
20 37 1 1
20 38 1 1
21 26 1 1
21 36 1 1
42 41 2 2
42 40 2 2
43 41 2 2
43 42 2 2
44 41 2 2
44 43 2 2
45 44 2 2
45 40 2 2
46 44 2 2
46 41 2 2
47 44 2 2
47 42 2 2
48 46 2 2
48 41 2 2
49 42 2 2
49 40 2 2
50 45 2 2
50 46 2 2
51 49 2 2
51 46 2 2
52 42 2 2
52 45 2 2
53 49 2 2
53 45 2 2
54 48 2 2
54 42 2 2
55 48 2 2
55 42 2 2
56 50 2 2
56 48 2 2
57 42 2 2
57 52 2 2
58 41 2 2
58 47 2 2
59 46 2 2
59 42 2 2
40 52 2 2
40 51 2 2
41 47 2 2
41 56 2 2
62 61 3 3
62 60 3 3
63 60 3 3
63 61 3 3
64 60 3 3
64 63 3 3
65 64 3 3
65 62 3 3
66 64 3 3
66 65 3 3
67 63 3 3
67 60 3 3
68 63 3 3
68 65 3 3
69 63 3 3
69 62 3 3
70 62 3 3
70 67 3 3
71 63 3 3
71 62 3 3
72 69 3 3
72 62 3 3
73 61 3 3
73 68 3 3
74 72 3 3
74 67 3 3
75 63 3 3
75 68 3 3
76 64 3 3
76 65 3 3
77 63 3 3
77 62 3 3
78 60 3 3
78 75 3 3
79 75 3 3
79 76 3 3
60 73 3 3
60 66 3 3
61 71 3 3
61 69 3 3
82 81 4 4
82 80 4 4
83 81 4 4
83 82 4 4
84 81 4 4
84 80 4 4
85 80 4 4
85 82 4 4
86 85 4 4
86 84 4 4
87 80 4 4
87 84 4 4
88 87 4 4
88 86 4 4
89 86 4 4
89 83 4 4
90 87 4 4
90 81 4 4
91 88 4 4
91 80 4 4
92 87 4 4
92 83 4 4
93 81 4 4
93 84 4 4
94 81 4 4
94 82 4 4
95 93 4 4
95 88 4 4
96 95 4 4
96 82 4 4
97 86 4 4
97 89 4 4
98 92 4 4
98 80 4 4
99 87 4 4
99 95 4 4
80 86 4 4
80 95 4 4
81 89 4 4
81 91 4 4
102 100 5 5
102 101 5 5
103 100 5 5
103 102 5 5
104 103 5 5
104 100 5 5
105 104 5 5
105 102 5 5
106 101 5 5
106 105 5 5
107 100 5 5
107 104 5 5
108 104 5 5
108 100 5 5
109 108 5 5
109 104 5 5
110 104 5 5
110 102 5 5
111 100 5 5
111 103 5 5
112 106 5 5
112 111 5 5
113 105 5 5
113 104 5 5
114 113 5 5
114 105 5 5
115 108 5 5
115 112 5 5
116 111 5 5
116 103 5 5
117 103 5 5
117 104 5 5
118 116 5 5
118 103 5 5
119 116 5 5
119 100 5 5
100 116 5 5
100 109 5 5
101 109 5 5
101 114 5 5
122 121 6 6
122 120 6 6
123 121 6 6
123 120 6 6
124 122 6 6
124 121 6 6
125 124 6 6
125 120 6 6
126 122 6 6
126 120 6 6
127 126 6 6
127 120 6 6
128 120 6 6
128 125 6 6
129 128 6 6
129 124 6 6
130 127 6 6
130 128 6 6
131 128 6 6
131 124 6 6
132 128 6 6
132 129 6 6
133 120 6 6
133 121 6 6
134 120 6 6
134 125 6 6
135 121 6 6
135 126 6 6
136 125 6 6
136 130 6 6
137 123 6 6
137 121 6 6
138 123 6 6
138 134 6 6
139 133 6 6
139 130 6 6
120 131 6 6
120 129 6 6
121 131 6 6
121 125 6 6
142 140 7 7
142 141 7 7
143 140 7 7
143 142 7 7
144 141 7 7
144 140 7 7
145 143 7 7
145 141 7 7
146 141 7 7
146 143 7 7
147 140 7 7
147 144 7 7
148 143 7 7
148 142 7 7
149 145 7 7
149 142 7 7
150 140 7 7
150 145 7 7
151 144 7 7
151 141 7 7
152 142 7 7
152 144 7 7
153 145 7 7
153 142 7 7
154 141 7 7
154 142 7 7
155 153 7 7
155 154 7 7
156 140 7 7
156 149 7 7
157 154 7 7
157 153 7 7
158 146 7 7
158 144 7 7
159 147 7 7
159 141 7 7
140 145 7 7
140 154 7 7
141 143 7 7
141 158 7 7
162 161 8 8
162 160 8 8
163 161 8 8
163 162 8 8
164 161 8 8
164 160 8 8
165 163 8 8
165 161 8 8
166 162 8 8
166 161 8 8
167 166 8 8
167 162 8 8
168 164 8 8
168 160 8 8
169 165 8 8
169 161 8 8
170 166 8 8
170 165 8 8
171 165 8 8
171 162 8 8
172 166 8 8
172 162 8 8
173 171 8 8
173 169 8 8
174 168 8 8
174 163 8 8
175 171 8 8
175 169 8 8
176 166 8 8
176 163 8 8
177 164 8 8
177 170 8 8
178 173 8 8
178 162 8 8
179 169 8 8
179 164 8 8
160 169 8 8
160 174 8 8
161 178 8 8
161 176 8 8
182 180 9 9
182 181 9 9
183 182 9 9
183 181 9 9
184 181 9 9
184 182 9 9
185 180 9 9
185 183 9 9
186 182 9 9
186 185 9 9
187 183 9 9
187 182 9 9
188 186 9 9
188 183 9 9
189 188 9 9
189 184 9 9
190 180 9 9
190 187 9 9
191 188 9 9
191 186 9 9
192 190 9 9
192 189 9 9
193 190 9 9
193 184 9 9
194 188 9 9
194 181 9 9
195 194 9 9
195 193 9 9
196 192 9 9
196 180 9 9
197 188 9 9
197 186 9 9
198 188 9 9
198 191 9 9
199 189 9 9
199 185 9 9
180 188 9 9
180 191 9 9
181 186 9 9
181 195 9 9
202 201 10 10
202 200 10 10
203 200 10 10
203 202 10 10
204 203 10 10
204 200 10 10
205 203 10 10
205 200 10 10
206 204 10 10
206 202 10 10
207 204 10 10
207 200 10 10
208 204 10 10
208 201 10 10
209 202 10 10
209 203 10 10
210 202 10 10
210 205 10 10
211 210 10 10
211 203 10 10
212 203 10 10
212 211 10 10
213 200 10 10
213 202 10 10
214 200 10 10
214 204 10 10
215 203 10 10
215 212 10 10
216 205 10 10
216 212 10 10
217 200 10 10
217 211 10 10
218 200 10 10
218 216 10 10
219 212 10 10
219 217 10 10
200 209 10 10
200 208 10 10
201 209 10 10
201 212 10 10
222 220 11 11
222 221 11 11
223 221 11 11
223 222 11 11
224 222 11 11
224 221 11 11
225 220 11 11
225 221 11 11
226 222 11 11
226 225 11 11
227 222 11 11
227 220 11 11
228 220 11 11
228 222 11 11
229 227 11 11
229 225 11 11
230 220 11 11
230 222 11 11
231 229 11 11
231 227 11 11
232 225 11 11
232 226 11 11
233 232 11 11
233 223 11 11
234 222 11 11
234 229 11 11
235 221 11 11
235 234 11 11
236 228 11 11
236 225 11 11
237 236 11 11
237 232 11 11
238 223 11 11
238 222 11 11
239 228 11 11
239 233 11 11
220 231 11 11
220 233 11 11
221 229 11 11
221 226 11 11
242 241 12 12
242 240 12 12
243 241 12 12
243 240 12 12
244 243 12 12
244 241 12 12
245 241 12 12
245 243 12 12
246 241 12 12
246 240 12 12
247 241 12 12
247 244 12 12
248 240 12 12
248 246 12 12
249 242 12 12
249 244 12 12
250 246 12 12
250 240 12 12
251 247 12 12
251 242 12 12
252 244 12 12
252 249 12 12
253 244 12 12
253 243 12 12
254 251 12 12
254 240 12 12
255 244 12 12
255 249 12 12
256 249 12 12
256 242 12 12
257 255 12 12
257 246 12 12
258 244 12 12
258 252 12 12
259 254 12 12
259 252 12 12
240 244 12 12
240 249 12 12
241 257 12 12
241 249 12 12
262 261 13 13
262 260 13 13
263 260 13 13
263 261 13 13
264 262 13 13
264 260 13 13
265 262 13 13
265 260 13 13
266 265 13 13
266 263 13 13
267 260 13 13
267 263 13 13
268 260 13 13
268 261 13 13
269 264 13 13
269 260 13 13
270 262 13 13
270 265 13 13
271 264 13 13
271 268 13 13
272 270 13 13
272 264 13 13
273 269 13 13
273 264 13 13
274 269 13 13
274 263 13 13
275 260 13 13
275 268 13 13
276 274 13 13
276 265 13 13
277 272 13 13
277 273 13 13
278 265 13 13
278 263 13 13
279 273 13 13
279 277 13 13
260 271 13 13
260 274 13 13
261 277 13 13
261 270 13 13
282 281 14 14
282 280 14 14
283 281 14 14
283 282 14 14
284 283 14 14
284 282 14 14
285 284 14 14
285 282 14 14
286 283 14 14
286 285 14 14
287 280 14 14
287 282 14 14
288 283 14 14
288 285 14 14
289 280 14 14
289 282 14 14
290 281 14 14
290 289 14 14
291 288 14 14
291 282 14 14
292 291 14 14
292 280 14 14
293 290 14 14
293 292 14 14
294 285 14 14
294 281 14 14
295 284 14 14
295 280 14 14
296 283 14 14
296 290 14 14
297 284 14 14
297 293 14 14
298 297 14 14
298 281 14 14
299 285 14 14
299 284 14 14
280 299 14 14
280 294 14 14
281 296 14 14
281 292 14 14
302 301 15 15
302 300 15 15
303 302 15 15
303 300 15 15
304 302 15 15
304 300 15 15
305 301 15 15
305 302 15 15
306 302 15 15
306 304 15 15
307 301 15 15
307 306 15 15
308 305 15 15
308 302 15 15
309 301 15 15
309 305 15 15
310 302 15 15
310 308 15 15
311 305 15 15
311 301 15 15
312 301 15 15
312 300 15 15
313 301 15 15
313 310 15 15
314 308 15 15
314 311 15 15
315 307 15 15
315 312 15 15
316 308 15 15
316 303 15 15
317 303 15 15
317 306 15 15
318 308 15 15
318 303 15 15
319 307 15 15
319 304 15 15
300 307 15 15
300 310 15 15
301 319 15 15
301 304 15 15
40 0 2 0
49 30 2 1
61 11 3 0
60 57 3 2
93 66 4 3
95 41 4 2
102 31 5 1
119 70 5 3
130 52 6 2
138 97 6 4
147 84 7 4
151 134 7 6
175 136 8 6
171 117 8 5
194 15 9 0
198 162 9 8
204 36 10 1
218 40 10 2
238 203 11 10
229 65 11 3
251 67 12 3
247 106 12 5
263 58 13 2
274 212 13 10
293 90 14 4
294 218 14 10
305 56 15 2
309 131 15 6
15 202 0 10
3 157 0 7
24 220 1 11
26 247 1 12
