swNum = 320
edgeNum = 672

0 0
1 0
2 0
3 0
4 0
5 0
6 0
7 0
8 0
9 0
10 0
11 0
12 0
13 0
14 0
15 0
16 0
17 0
18 0
19 0
20 1
21 1
22 1
23 1
24 1
25 1
26 1
27 1
28 1
29 1
30 1
31 1
32 1
33 1
34 1
35 1
36 1
37 1
38 1
39 1
40 2
41 2
42 2
43 2
44 2
45 2
46 2
47 2
48 2
49 2
50 2
51 2
52 2
53 2
54 2
55 2
56 2
57 2
58 2
59 2
60 3
61 3
62 3
63 3
64 3
65 3
66 3
67 3
68 3
69 3
70 3
71 3
72 3
73 3
74 3
75 3
76 3
77 3
78 3
79 3
80 4
81 4
82 4
83 4
84 4
85 4
86 4
87 4
88 4
89 4
90 4
91 4
92 4
93 4
94 4
95 4
96 4
97 4
98 4
99 4
100 5
101 5
102 5
103 5
104 5
105 5
106 5
107 5
108 5
109 5
110 5
111 5
112 5
113 5
114 5
115 5
116 5
117 5
118 5
119 5
120 6
121 6
122 6
123 6
124 6
125 6
126 6
127 6
128 6
129 6
130 6
131 6
132 6
133 6
134 6
135 6
136 6
137 6
138 6
139 6
140 7
141 7
142 7
143 7
144 7
145 7
146 7
147 7
148 7
149 7
150 7
151 7
152 7
153 7
154 7
155 7
156 7
157 7
158 7
159 7
160 8
161 8
162 8
163 8
164 8
165 8
166 8
167 8
168 8
169 8
170 8
171 8
172 8
173 8
174 8
175 8
176 8
177 8
178 8
179 8
180 9
181 9
182 9
183 9
184 9
185 9
186 9
187 9
188 9
189 9
190 9
191 9
192 9
193 9
194 9
195 9
196 9
197 9
198 9
199 9
200 10
201 10
202 10
203 10
204 10
205 10
206 10
207 10
208 10
209 10
210 10
211 10
212 10
213 10
214 10
215 10
216 10
217 10
218 10
219 10
220 11
221 11
222 11
223 11
224 11
225 11
226 11
227 11
228 11
229 11
230 11
231 11
232 11
233 11
234 11
235 11
236 11
237 11
238 11
239 11
240 12
241 12
242 12
243 12
244 12
245 12
246 12
247 12
248 12
249 12
250 12
251 12
252 12
253 12
254 12
255 12
256 12
257 12
258 12
259 12
260 13
261 13
262 13
263 13
264 13
265 13
266 13
267 13
268 13
269 13
270 13
271 13
272 13
273 13
274 13
275 13
276 13
277 13
278 13
279 13
280 14
281 14
282 14
283 14
284 14
285 14
286 14
287 14
288 14
289 14
290 14
291 14
292 14
293 14
294 14
295 14
296 14
297 14
298 14
299 14
300 15
301 15
302 15
303 15
304 15
305 15
306 15
307 15
308 15
309 15
310 15
311 15
312 15
313 15
314 15
315 15
316 15
317 15
318 15
319 15

2 1 0 0
2 0 0 0
3 1 0 0
3 2 0 0
4 1 0 0
4 3 0 0
5 1 0 0
5 0 0 0
6 2 0 0
6 1 0 0
7 4 0 0
7 5 0 0
8 2 0 0
8 4 0 0
9 0 0 0
9 4 0 0
10 4 0 0
10 5 0 0
11 1 0 0
11 3 0 0
12 7 0 0
12 11 0 0
13 11 0 0
13 4 0 0
14 3 0 0
14 11 0 0
15 10 0 0
15 5 0 0
16 10 0 0
16 14 0 0
17 5 0 0
17 12 0 0
18 12 0 0
18 1 0 0
19 16 0 0
19 15 0 0
0 13 0 0
0 11 0 0
1 13 0 0
1 14 0 0
22 20 1 1
22 21 1 1
23 21 1 1
23 22 1 1
24 23 1 1
24 20 1 1
25 22 1 1
25 23 1 1
26 24 1 1
26 23 1 1
27 20 1 1
27 22 1 1
28 24 1 1
28 26 1 1
29 21 1 1
29 22 1 1
30 29 1 1
30 21 1 1
31 23 1 1
31 25 1 1
32 23 1 1
32 21 1 1
33 22 1 1
33 20 1 1
34 28 1 1
34 22 1 1
35 25 1 1
35 28 1 1
36 29 1 1
36 26 1 1
37 35 1 1
37 36 1 1
38 25 1 1
38 28 1 1
39 26 1 1
39 29 1 1
20 25 1 1
20 39 1 1
21 25 1 1
21 33 1 1
42 40 2 2
42 41 2 2
43 40 2 2
43 42 2 2
44 41 2 2
44 42 2 2
45 41 2 2
45 40 2 2
46 45 2 2
46 42 2 2
47 41 2 2
47 46 2 2
48 46 2 2
48 40 2 2
49 43 2 2
49 40 2 2
50 40 2 2
50 48 2 2
51 45 2 2
51 46 2 2
52 51 2 2
52 48 2 2
53 47 2 2
53 40 2 2
54 45 2 2
54 43 2 2
55 49 2 2
55 42 2 2
56 54 2 2
56 55 2 2
57 44 2 2
57 47 2 2
58 40 2 2
58 42 2 2
59 51 2 2
59 49 2 2
40 55 2 2
40 44 2 2
41 43 2 2
41 57 2 2
62 60 3 3
62 61 3 3
63 62 3 3
63 61 3 3
64 61 3 3
64 62 3 3
65 60 3 3
65 64 3 3
66 61 3 3
66 60 3 3
67 61 3 3
67 65 3 3
68 61 3 3
68 65 3 3
69 62 3 3
69 60 3 3
70 60 3 3
70 67 3 3
71 66 3 3
71 61 3 3
72 66 3 3
72 64 3 3
73 60 3 3
73 61 3 3
74 69 3 3
74 68 3 3
75 63 3 3
75 62 3 3
76 66 3 3
76 67 3 3
77 68 3 3
77 64 3 3
78 73 3 3
78 67 3 3
79 64 3 3
79 77 3 3
60 68 3 3
60 78 3 3
61 70 3 3
61 79 3 3
82 80 4 4
82 81 4 4
83 82 4 4
83 80 4 4
84 83 4 4
84 82 4 4
85 82 4 4
85 80 4 4
86 83 4 4
86 80 4 4
87 86 4 4
87 83 4 4
88 81 4 4
88 83 4 4
89 80 4 4
89 82 4 4
90 83 4 4
90 84 4 4
91 80 4 4
91 89 4 4
92 90 4 4
92 80 4 4
93 86 4 4
93 90 4 4
94 81 4 4
94 86 4 4
95 89 4 4
95 86 4 4
96 92 4 4
96 88 4 4
97 83 4 4
97 94 4 4
98 89 4 4
98 83 4 4
99 85 4 4
99 89 4 4
80 94 4 4
80 95 4 4
81 85 4 4
81 99 4 4
102 100 5 5
102 101 5 5
103 102 5 5
103 101 5 5
104 101 5 5
104 103 5 5
105 100 5 5
105 102 5 5
106 100 5 5
106 103 5 5
107 100 5 5
107 102 5 5
108 102 5 5
108 104 5 5
109 107 5 5
109 100 5 5
110 109 5 5
110 105 5 5
111 108 5 5
111 106 5 5
112 104 5 5
112 101 5 5
113 110 5 5
113 108 5 5
114 102 5 5
114 105 5 5
115 106 5 5
115 109 5 5
116 109 5 5
116 102 5 5
117 115 5 5
117 101 5 5
118 100 5 5
118 113 5 5
119 112 5 5
119 109 5 5
100 112 5 5
100 104 5 5
101 119 5 5
101 109 5 5
122 120 6 6
122 121 6 6
123 122 6 6
123 120 6 6
124 120 6 6
124 123 6 6
125 124 6 6
125 122 6 6
126 121 6 6
126 125 6 6
127 121 6 6
127 126 6 6
128 122 6 6
128 124 6 6
129 120 6 6
129 121 6 6
130 124 6 6
130 122 6 6
131 121 6 6
131 124 6 6
132 120 6 6
132 123 6 6
133 132 6 6
133 124 6 6
134 128 6 6
134 123 6 6
135 134 6 6
135 120 6 6
136 126 6 6
136 135 6 6
137 120 6 6
137 132 6 6
138 123 6 6
138 128 6 6
139 131 6 6
139 127 6 6
120 133 6 6
120 136 6 6
121 133 6 6
121 128 6 6
142 141 7 7
142 140 7 7
143 141 7 7
143 140 7 7
144 141 7 7
144 140 7 7
145 140 7 7
145 141 7 7
146 142 7 7
146 141 7 7
147 140 7 7
147 143 7 7
148 145 7 7
148 144 7 7
149 144 7 7
149 146 7 7
150 146 7 7
150 149 7 7
151 144 7 7
151 142 7 7
152 143 7 7
152 149 7 7
153 146 7 7
153 148 7 7
154 146 7 7
154 149 7 7
155 147 7 7
155 141 7 7
156 150 7 7
156 149 7 7
157 151 7 7
157 150 7 7
158 149 7 7
158 141 7 7
159 154 7 7
159 145 7 7
140 152 7 7
140 155 7 7
141 159 7 7
141 154 7 7
162 160 8 8
162 161 8 8
163 162 8 8
163 161 8 8
164 162 8 8
164 160 8 8
165 162 8 8
165 163 8 8
166 164 8 8
166 165 8 8
167 160 8 8
167 161 8 8
168 161 8 8
168 165 8 8
169 162 8 8
169 161 8 8
170 166 8 8
170 162 8 8
171 164 8 8
171 167 8 8
172 167 8 8
172 171 8 8
173 166 8 8
173 171 8 8
174 170 8 8
174 169 8 8
175 163 8 8
175 170 8 8
176 171 8 8
176 168 8 8
177 165 8 8
177 175 8 8
178 174 8 8
178 172 8 8
179 173 8 8
179 175 8 8
160 174 8 8
160 172 8 8
161 175 8 8
161 178 8 8
182 181 9 9
182 180 9 9
183 181 9 9
183 182 9 9
184 183 9 9
184 181 9 9
185 180 9 9
185 182 9 9
186 180 9 9
186 182 9 9
187 181 9 9
187 183 9 9
188 182 9 9
188 183 9 9
189 180 9 9
189 185 9 9
190 185 9 9
190 189 9 9
191 183 9 9
191 190 9 9
192 188 9 9
192 190 9 9
193 186 9 9
193 180 9 9
194 186 9 9
194 189 9 9
195 187 9 9
195 193 9 9
196 193 9 9
196 194 9 9
197 189 9 9
197 182 9 9
198 187 9 9
198 180 9 9
199 187 9 9
199 182 9 9
180 187 9 9
180 197 9 9
181 195 9 9
181 193 9 9
202 201 10 10
202 200 10 10
203 202 10 10
203 201 10 10
204 202 10 10
204 203 10 10
205 202 10 10
205 203 10 10
206 202 10 10
206 205 10 10
207 203 10 10
207 201 10 10
208 205 10 10
208 207 10 10
209 207 10 10
209 201 10 10
210 202 10 10
210 209 10 10
211 207 10 10
211 200 10 10
212 208 10 10
212 200 10 10
213 212 10 10
213 210 10 10
214 213 10 10
214 210 10 10
215 208 10 10
215 207 10 10
216 208 10 10
216 215 10 10
217 212 10 10
217 214 10 10
218 215 10 10
218 205 10 10
219 206 10 10
219 200 10 10
200 210 10 10
200 217 10 10
201 210 10 10
201 218 10 10
222 220 11 11
222 221 11 11
223 220 11 11
223 222 11 11
224 223 11 11
224 221 11 11
225 224 11 11
225 221 11 11
226 222 11 11
226 225 11 11
227 223 11 11
227 225 11 11
228 223 11 11
228 227 11 11
229 221 11 11
229 227 11 11
230 222 11 11
230 224 11 11
231 223 11 11
231 224 11 11
232 228 11 11
232 227 11 11
233 232 11 11
233 224 11 11
234 230 11 11
234 226 11 11
235 222 11 11
235 226 11 11
236 228 11 11
236 225 11 11
237 225 11 11
237 221 11 11
238 229 11 11
238 237 11 11
239 230 11 11
239 223 11 11
220 227 11 11
220 239 11 11
221 228 11 11
221 234 11 11
242 241 12 12
242 240 12 12
243 240 12 12
243 241 12 12
244 240 12 12
244 241 12 12
245 244 12 12
245 241 12 12
246 243 12 12
246 240 12 12
247 243 12 12
247 246 12 12
248 247 12 12
248 246 12 12
249 247 12 12
249 245 12 12
250 249 12 12
250 247 12 12
251 248 12 12
251 245 12 12
252 243 12 12
252 246 12 12
253 250 12 12
253 241 12 12
254 248 12 12
254 246 12 12
255 244 12 12
255 251 12 12
256 254 12 12
256 247 12 12
257 256 12 12
257 252 12 12
258 256 12 12
258 253 12 12
259 258 12 12
259 252 12 12
240 259 12 12
240 245 12 12
241 249 12 12
241 252 12 12
262 260 13 13
262 261 13 13
263 262 13 13
263 260 13 13
264 262 13 13
264 260 13 13
265 261 13 13
265 262 13 13
266 263 13 13
266 264 13 13
267 265 13 13
267 266 13 13
268 267 13 13
268 265 13 13
269 265 13 13
269 267 13 13
270 267 13 13
270 262 13 13
271 265 13 13
271 264 13 13
272 269 13 13
272 270 13 13
273 260 13 13
273 269 13 13
274 272 13 13
274 269 13 13
275 262 13 13
275 264 13 13
276 273 13 13
276 272 13 13
277 274 13 13
277 264 13 13
278 265 13 13
278 271 13 13
279 268 13 13
279 265 13 13
260 278 13 13
260 276 13 13
261 273 13 13
261 271 13 13
282 281 14 14
282 280 14 14
283 281 14 14
283 280 14 14
284 283 14 14
284 281 14 14
285 283 14 14
285 284 14 14
286 282 14 14
286 283 14 14
287 283 14 14
287 285 14 14
288 284 14 14
288 281 14 14
289 282 14 14
289 287 14 14
290 289 14 14
290 287 14 14
291 282 14 14
291 288 14 14
292 290 14 14
292 280 14 14
293 280 14 14
293 287 14 14
294 287 14 14
294 282 14 14
295 294 14 14
295 293 14 14
296 287 14 14
296 285 14 14
297 281 14 14
297 290 14 14
298 287 14 14
298 285 14 14
299 281 14 14
299 291 14 14
280 296 14 14
280 297 14 14
281 292 14 14
281 286 14 14
302 300 15 15
302 301 15 15
303 302 15 15
303 301 15 15
304 300 15 15
304 301 15 15
305 304 15 15
305 303 15 15
306 305 15 15
306 303 15 15
307 301 15 15
307 303 15 15
308 305 15 15
308 300 15 15
309 303 15 15
309 302 15 15
310 307 15 15
310 302 15 15
311 304 15 15
311 301 15 15
312 309 15 15
312 304 15 15
313 308 15 15
313 312 15 15
314 305 15 15
314 307 15 15
315 307 15 15
315 308 15 15
316 311 15 15
316 301 15 15
317 309 15 15
317 316 15 15
318 311 15 15
318 315 15 15
319 309 15 15
319 304 15 15
300 318 15 15
300 315 15 15
301 309 15 15
301 305 15 15
52 26 2 1
46 6 2 0
76 9 3 0
61 48 3 2
84 50 4 2
83 18 4 0
103 78 5 3
114 82 5 4
139 34 6 1
139 110 6 5
145 73 7 3
148 18 7 0
176 18 8 0
160 122 8 6
199 108 9 5
196 23 9 1
211 24 10 1
214 10 10 0
222 183 11 9
220 160 11 8
257 105 12 5
249 214 12 10
264 150 13 7
275 194 13 9
283 268 14 13
285 104 14 5
305 81 15 4
308 152 15 7
2 104 0 5
15 310 0 15
31 93 1 4
29 304 1 15
