swNum = 320
edgeNum = 672

0 0
1 0
2 0
3 0
4 0
5 0
6 0
7 0
8 0
9 0
10 0
11 0
12 0
13 0
14 0
15 0
16 0
17 0
18 0
19 0
20 1
21 1
22 1
23 1
24 1
25 1
26 1
27 1
28 1
29 1
30 1
31 1
32 1
33 1
34 1
35 1
36 1
37 1
38 1
39 1
40 2
41 2
42 2
43 2
44 2
45 2
46 2
47 2
48 2
49 2
50 2
51 2
52 2
53 2
54 2
55 2
56 2
57 2
58 2
59 2
60 3
61 3
62 3
63 3
64 3
65 3
66 3
67 3
68 3
69 3
70 3
71 3
72 3
73 3
74 3
75 3
76 3
77 3
78 3
79 3
80 4
81 4
82 4
83 4
84 4
85 4
86 4
87 4
88 4
89 4
90 4
91 4
92 4
93 4
94 4
95 4
96 4
97 4
98 4
99 4
100 5
101 5
102 5
103 5
104 5
105 5
106 5
107 5
108 5
109 5
110 5
111 5
112 5
113 5
114 5
115 5
116 5
117 5
118 5
119 5
120 6
121 6
122 6
123 6
124 6
125 6
126 6
127 6
128 6
129 6
130 6
131 6
132 6
133 6
134 6
135 6
136 6
137 6
138 6
139 6
140 7
141 7
142 7
143 7
144 7
145 7
146 7
147 7
148 7
149 7
150 7
151 7
152 7
153 7
154 7
155 7
156 7
157 7
158 7
159 7
160 8
161 8
162 8
163 8
164 8
165 8
166 8
167 8
168 8
169 8
170 8
171 8
172 8
173 8
174 8
175 8
176 8
177 8
178 8
179 8
180 9
181 9
182 9
183 9
184 9
185 9
186 9
187 9
188 9
189 9
190 9
191 9
192 9
193 9
194 9
195 9
196 9
197 9
198 9
199 9
200 10
201 10
202 10
203 10
204 10
205 10
206 10
207 10
208 10
209 10
210 10
211 10
212 10
213 10
214 10
215 10
216 10
217 10
218 10
219 10
220 11
221 11
222 11
223 11
224 11
225 11
226 11
227 11
228 11
229 11
230 11
231 11
232 11
233 11
234 11
235 11
236 11
237 11
238 11
239 11
240 12
241 12
242 12
243 12
244 12
245 12
246 12
247 12
248 12
249 12
250 12
251 12
252 12
253 12
254 12
255 12
256 12
257 12
258 12
259 12
260 13
261 13
262 13
263 13
264 13
265 13
266 13
267 13
268 13
269 13
270 13
271 13
272 13
273 13
274 13
275 13
276 13
277 13
278 13
279 13
280 14
281 14
282 14
283 14
284 14
285 14
286 14
287 14
288 14
289 14
290 14
291 14
292 14
293 14
294 14
295 14
296 14
297 14
298 14
299 14
300 15
301 15
302 15
303 15
304 15
305 15
306 15
307 15
308 15
309 15
310 15
311 15
312 15
313 15
314 15
315 15
316 15
317 15
318 15
319 15

2 0 0 0
2 1 0 0
3 2 0 0
3 1 0 0
4 0 0 0
4 1 0 0
5 3 0 0
5 0 0 0
6 2 0 0
6 3 0 0
7 4 0 0
7 1 0 0
8 7 0 0
8 0 0 0
9 1 0 0
9 5 0 0
10 2 0 0
10 9 0 0
11 3 0 0
11 6 0 0
12 6 0 0
12 8 0 0
13 4 0 0
13 1 0 0
14 1 0 0
14 8 0 0
15 3 0 0
15 14 0 0
16 3 0 0
16 4 0 0
17 7 0 0
17 0 0 0
18 12 0 0
18 15 0 0
19 4 0 0
19 14 0 0
0 19 0 0
0 14 0 0
1 17 0 0
1 19 0 0
22 20 1 1
22 21 1 1
23 21 1 1
23 22 1 1
24 20 1 1
24 21 1 1
25 23 1 1
25 20 1 1
26 20 1 1
26 21 1 1
27 20 1 1
27 22 1 1
28 25 1 1
28 22 1 1
29 26 1 1
29 20 1 1
30 25 1 1
30 28 1 1
31 29 1 1
31 23 1 1
32 24 1 1
32 23 1 1
33 28 1 1
33 25 1 1
34 30 1 1
34 29 1 1
35 30 1 1
35 27 1 1
36 27 1 1
36 23 1 1
37 29 1 1
37 33 1 1
38 21 1 1
38 32 1 1
39 24 1 1
39 20 1 1
20 30 1 1
20 32 1 1
21 29 1 1
21 30 1 1
42 41 2 2
42 40 2 2
43 40 2 2
43 41 2 2
44 41 2 2
44 42 2 2
45 42 2 2
45 43 2 2
46 44 2 2
46 41 2 2
47 44 2 2
47 42 2 2
48 45 2 2
48 41 2 2
49 40 2 2
49 42 2 2
50 41 2 2
50 42 2 2
51 49 2 2
51 44 2 2
52 48 2 2
52 44 2 2
53 45 2 2
53 51 2 2
54 43 2 2
54 46 2 2
55 53 2 2
55 44 2 2
56 49 2 2
56 40 2 2
57 51 2 2
57 42 2 2
58 44 2 2
58 54 2 2
59 53 2 2
59 46 2 2
40 51 2 2
40 55 2 2
41 52 2 2
41 59 2 2
62 60 3 3
62 61 3 3
63 62 3 3
63 61 3 3
64 61 3 3
64 62 3 3
65 60 3 3
65 61 3 3
66 62 3 3
66 63 3 3
67 64 3 3
67 62 3 3
68 67 3 3
68 61 3 3
69 65 3 3
69 60 3 3
70 65 3 3
70 67 3 3
71 64 3 3
71 66 3 3
72 69 3 3
72 63 3 3
73 67 3 3
73 71 3 3
74 65 3 3
74 62 3 3
75 62 3 3
75 65 3 3
76 69 3 3
76 67 3 3
77 76 3 3
77 70 3 3
78 68 3 3
78 74 3 3
79 76 3 3
79 67 3 3
60 78 3 3
60 74 3 3
61 72 3 3
61 78 3 3
82 80 4 4
82 81 4 4
83 82 4 4
83 80 4 4
84 80 4 4
84 82 4 4
85 80 4 4
85 84 4 4
86 84 4 4
86 80 4 4
87 86 4 4
87 81 4 4
88 86 4 4
88 81 4 4
89 87 4 4
89 80 4 4
90 89 4 4
90 81 4 4
91 80 4 4
91 89 4 4
92 84 4 4
92 89 4 4
93 81 4 4
93 87 4 4
94 86 4 4
94 82 4 4
95 83 4 4
95 94 4 4
96 86 4 4
96 81 4 4
97 89 4 4
97 83 4 4
98 90 4 4
98 91 4 4
99 93 4 4
99 95 4 4
80 99 4 4
80 88 4 4
81 92 4 4
81 85 4 4
102 101 5 5
102 100 5 5
103 102 5 5
103 101 5 5
104 103 5 5
104 100 5 5
105 103 5 5
105 102 5 5
106 102 5 5
106 104 5 5
107 106 5 5
107 104 5 5
108 101 5 5
108 105 5 5
109 108 5 5
109 101 5 5
110 103 5 5
110 109 5 5
111 109 5 5
111 108 5 5
112 106 5 5
112 110 5 5
113 108 5 5
113 112 5 5
114 112 5 5
114 106 5 5
115 108 5 5
115 101 5 5
116 111 5 5
116 101 5 5
117 107 5 5
117 103 5 5
118 102 5 5
118 107 5 5
119 113 5 5
119 106 5 5
100 116 5 5
100 112 5 5
101 107 5 5
101 111 5 5
122 121 6 6
122 120 6 6
123 122 6 6
123 121 6 6
124 123 6 6
124 120 6 6
125 122 6 6
125 121 6 6
126 120 6 6
126 124 6 6
127 120 6 6
127 121 6 6
128 121 6 6
128 120 6 6
129 122 6 6
129 128 6 6
130 125 6 6
130 121 6 6
131 127 6 6
131 120 6 6
132 126 6 6
132 128 6 6
133 129 6 6
133 122 6 6
134 132 6 6
134 122 6 6
135 126 6 6
135 127 6 6
136 122 6 6
136 135 6 6
137 127 6 6
137 121 6 6
138 127 6 6
138 122 6 6
139 125 6 6
139 122 6 6
120 134 6 6
120 133 6 6
121 139 6 6
121 138 6 6
142 141 7 7
142 140 7 7
143 140 7 7
143 141 7 7
144 143 7 7
144 142 7 7
145 140 7 7
145 141 7 7
146 145 7 7
146 140 7 7
147 143 7 7
147 145 7 7
148 140 7 7
148 142 7 7
149 146 7 7
149 145 7 7
150 142 7 7
150 149 7 7
151 140 7 7
151 147 7 7
152 141 7 7
152 145 7 7
153 143 7 7
153 147 7 7
154 147 7 7
154 143 7 7
155 143 7 7
155 141 7 7
156 150 7 7
156 149 7 7
157 153 7 7
157 143 7 7
158 145 7 7
158 157 7 7
159 142 7 7
159 145 7 7
140 149 7 7
140 154 7 7
141 159 7 7
141 156 7 7
162 160 8 8
162 161 8 8
163 160 8 8
163 162 8 8
164 162 8 8
164 163 8 8
165 160 8 8
165 163 8 8
166 162 8 8
166 165 8 8
167 166 8 8
167 165 8 8
168 166 8 8
168 163 8 8
169 162 8 8
169 160 8 8
170 169 8 8
170 167 8 8
171 167 8 8
171 168 8 8
172 165 8 8
172 166 8 8
173 168 8 8
173 161 8 8
174 169 8 8
174 173 8 8
175 160 8 8
175 162 8 8
176 165 8 8
176 162 8 8
177 168 8 8
177 161 8 8
178 161 8 8
178 162 8 8
179 175 8 8
179 172 8 8
160 178 8 8
160 171 8 8
161 170 8 8
161 169 8 8
182 180 9 9
182 181 9 9
183 182 9 9
183 180 9 9
184 180 9 9
184 182 9 9
185 180 9 9
185 181 9 9
186 184 9 9
186 181 9 9
187 186 9 9
187 182 9 9
188 180 9 9
188 181 9 9
189 188 9 9
189 183 9 9
190 185 9 9
190 188 9 9
191 188 9 9
191 181 9 9
192 188 9 9
192 184 9 9
193 188 9 9
193 189 9 9
194 185 9 9
194 182 9 9
195 193 9 9
195 189 9 9
196 182 9 9
196 184 9 9
197 180 9 9
197 185 9 9
198 196 9 9
198 194 9 9
199 180 9 9
199 191 9 9
180 190 9 9
180 187 9 9
181 183 9 9
181 199 9 9
202 200 10 10
202 201 10 10
203 202 10 10
203 201 10 10
204 202 10 10
204 201 10 10
205 200 10 10
205 202 10 10
206 205 10 10
206 202 10 10
207 201 10 10
207 204 10 10
208 201 10 10
208 202 10 10
209 208 10 10
209 206 10 10
210 209 10 10
210 200 10 10
211 209 10 10
211 202 10 10
212 209 10 10
212 206 10 10
213 202 10 10
213 203 10 10
214 204 10 10
214 208 10 10
215 214 10 10
215 204 10 10
216 202 10 10
216 203 10 10
217 200 10 10
217 211 10 10
218 212 10 10
218 216 10 10
219 210 10 10
219 215 10 10
200 213 10 10
200 214 10 10
201 214 10 10
201 217 10 10
222 220 11 11
222 221 11 11
223 222 11 11
223 220 11 11
224 223 11 11
224 220 11 11
225 222 11 11
225 220 11 11
226 221 11 11
226 223 11 11
227 224 11 11
227 220 11 11
228 226 11 11
228 225 11 11
229 227 11 11
229 225 11 11
230 225 11 11
230 224 11 11
231 223 11 11
231 226 11 11
232 224 11 11
232 223 11 11
233 226 11 11
233 220 11 11
234 233 11 11
234 226 11 11
235 224 11 11
235 222 11 11
236 230 11 11
236 224 11 11
237 231 11 11
237 234 11 11
238 229 11 11
238 235 11 11
239 233 11 11
239 228 11 11
220 237 11 11
220 228 11 11
221 228 11 11
221 237 11 11
242 240 12 12
242 241 12 12
243 240 12 12
243 242 12 12
244 243 12 12
244 240 12 12
245 240 12 12
245 242 12 12
246 241 12 12
246 245 12 12
247 245 12 12
247 246 12 12
248 247 12 12
248 241 12 12
249 243 12 12
249 244 12 12
250 248 12 12
250 241 12 12
251 244 12 12
251 245 12 12
252 247 12 12
252 250 12 12
253 242 12 12
253 243 12 12
254 240 12 12
254 243 12 12
255 249 12 12
255 254 12 12
256 255 12 12
256 246 12 12
257 247 12 12
257 251 12 12
258 247 12 12
258 242 12 12
259 243 12 12
259 244 12 12
240 257 12 12
240 258 12 12
241 256 12 12
241 258 12 12
262 260 13 13
262 261 13 13
263 261 13 13
263 262 13 13
264 261 13 13
264 260 13 13
265 264 13 13
265 261 13 13
266 262 13 13
266 260 13 13
267 262 13 13
267 261 13 13
268 262 13 13
268 266 13 13
269 261 13 13
269 263 13 13
270 262 13 13
270 260 13 13
271 270 13 13
271 261 13 13
272 266 13 13
272 270 13 13
273 267 13 13
273 260 13 13
274 271 13 13
274 273 13 13
275 265 13 13
275 272 13 13
276 275 13 13
276 266 13 13
277 260 13 13
277 269 13 13
278 276 13 13
278 263 13 13
279 270 13 13
279 273 13 13
260 267 13 13
260 274 13 13
261 279 13 13
261 277 13 13
282 280 14 14
282 281 14 14
283 280 14 14
283 282 14 14
284 283 14 14
284 280 14 14
285 284 14 14
285 283 14 14
286 285 14 14
286 281 14 14
287 282 14 14
287 286 14 14
288 281 14 14
288 282 14 14
289 283 14 14
289 284 14 14
290 287 14 14
290 283 14 14
291 287 14 14
291 281 14 14
292 280 14 14
292 285 14 14
293 288 14 14
293 286 14 14
294 288 14 14
294 289 14 14
295 285 14 14
295 280 14 14
296 295 14 14
296 292 14 14
297 295 14 14
297 283 14 14
298 285 14 14
298 290 14 14
299 298 14 14
299 282 14 14
280 298 14 14
280 297 14 14
281 287 14 14
281 295 14 14
302 301 15 15
302 300 15 15
303 302 15 15
303 300 15 15
304 301 15 15
304 300 15 15
305 304 15 15
305 300 15 15
306 304 15 15
306 305 15 15
307 304 15 15
307 306 15 15
308 304 15 15
308 302 15 15
309 307 15 15
309 308 15 15
310 305 15 15
310 306 15 15
311 300 15 15
311 302 15 15
312 310 15 15
312 302 15 15
313 311 15 15
313 300 15 15
314 308 15 15
314 301 15 15
315 305 15 15
315 312 15 15
316 300 15 15
316 312 15 15
317 310 15 15
317 301 15 15
318 304 15 15
318 308 15 15
319 301 15 15
319 318 15 15
300 308 15 15
300 310 15 15
301 309 15 15
301 308 15 15
51 22 2 1
54 16 2 0
70 17 3 0
73 21 3 1
89 2 4 0
87 31 4 1
105 61 5 3
117 37 5 1
122 21 6 1
120 41 6 2
149 33 7 1
150 86 7 4
173 152 8 7
175 69 8 3
188 4 9 0
182 38 9 1
200 90 10 4
212 167 10 8
229 52 11 2
233 205 11 10
242 39 12 1
255 123 12 6
261 185 13 9
271 58 13 2
280 80 14 4
288 136 14 6
314 268 15 13
300 43 15 2
6 215 0 10
13 276 0 13
37 297 1 14
31 271 1 13
