swNum = 320
edgeNum = 672

0 0
1 0
2 0
3 0
4 0
5 0
6 0
7 0
8 0
9 0
10 0
11 0
12 0
13 0
14 0
15 0
16 0
17 0
18 0
19 0
20 1
21 1
22 1
23 1
24 1
25 1
26 1
27 1
28 1
29 1
30 1
31 1
32 1
33 1
34 1
35 1
36 1
37 1
38 1
39 1
40 2
41 2
42 2
43 2
44 2
45 2
46 2
47 2
48 2
49 2
50 2
51 2
52 2
53 2
54 2
55 2
56 2
57 2
58 2
59 2
60 3
61 3
62 3
63 3
64 3
65 3
66 3
67 3
68 3
69 3
70 3
71 3
72 3
73 3
74 3
75 3
76 3
77 3
78 3
79 3
80 4
81 4
82 4
83 4
84 4
85 4
86 4
87 4
88 4
89 4
90 4
91 4
92 4
93 4
94 4
95 4
96 4
97 4
98 4
99 4
100 5
101 5
102 5
103 5
104 5
105 5
106 5
107 5
108 5
109 5
110 5
111 5
112 5
113 5
114 5
115 5
116 5
117 5
118 5
119 5
120 6
121 6
122 6
123 6
124 6
125 6
126 6
127 6
128 6
129 6
130 6
131 6
132 6
133 6
134 6
135 6
136 6
137 6
138 6
139 6
140 7
141 7
142 7
143 7
144 7
145 7
146 7
147 7
148 7
149 7
150 7
151 7
152 7
153 7
154 7
155 7
156 7
157 7
158 7
159 7
160 8
161 8
162 8
163 8
164 8
165 8
166 8
167 8
168 8
169 8
170 8
171 8
172 8
173 8
174 8
175 8
176 8
177 8
178 8
179 8
180 9
181 9
182 9
183 9
184 9
185 9
186 9
187 9
188 9
189 9
190 9
191 9
192 9
193 9
194 9
195 9
196 9
197 9
198 9
199 9
200 10
201 10
202 10
203 10
204 10
205 10
206 10
207 10
208 10
209 10
210 10
211 10
212 10
213 10
214 10
215 10
216 10
217 10
218 10
219 10
220 11
221 11
222 11
223 11
224 11
225 11
226 11
227 11
228 11
229 11
230 11
231 11
232 11
233 11
234 11
235 11
236 11
237 11
238 11
239 11
240 12
241 12
242 12
243 12
244 12
245 12
246 12
247 12
248 12
249 12
250 12
251 12
252 12
253 12
254 12
255 12
256 12
257 12
258 12
259 12
260 13
261 13
262 13
263 13
264 13
265 13
266 13
267 13
268 13
269 13
270 13
271 13
272 13
273 13
274 13
275 13
276 13
277 13
278 13
279 13
280 14
281 14
282 14
283 14
284 14
285 14
286 14
287 14
288 14
289 14
290 14
291 14
292 14
293 14
294 14
295 14
296 14
297 14
298 14
299 14
300 15
301 15
302 15
303 15
304 15
305 15
306 15
307 15
308 15
309 15
310 15
311 15
312 15
313 15
314 15
315 15
316 15
317 15
318 15
319 15

2 1 0 0
2 0 0 0
3 1 0 0
3 2 0 0
4 0 0 0
4 1 0 0
5 0 0 0
5 1 0 0
6 5 0 0
6 1 0 0
7 5 0 0
7 2 0 0
8 5 0 0
8 0 0 0
9 5 0 0
9 4 0 0
10 9 0 0
10 8 0 0
11 2 0 0
11 7 0 0
12 8 0 0
12 7 0 0
13 4 0 0
13 0 0 0
14 3 0 0
14 1 0 0
15 1 0 0
15 9 0 0
16 10 0 0
16 6 0 0
17 2 0 0
17 8 0 0
18 9 0 0
18 16 0 0
19 18 0 0
19 4 0 0
0 16 0 0
0 7 0 0
1 13 0 0
1 10 0 0
22 21 1 1
22 20 1 1
23 21 1 1
23 20 1 1
24 23 1 1
24 20 1 1
25 22 1 1
25 20 1 1
26 21 1 1
26 25 1 1
27 21 1 1
27 26 1 1
28 21 1 1
28 23 1 1
29 21 1 1
29 28 1 1
30 21 1 1
30 22 1 1
31 27 1 1
31 23 1 1
32 27 1 1
32 31 1 1
33 28 1 1
33 25 1 1
34 33 1 1
34 23 1 1
35 26 1 1
35 21 1 1
36 25 1 1
36 28 1 1
37 29 1 1
37 26 1 1
38 29 1 1
38 30 1 1
39 35 1 1
39 30 1 1
20 36 1 1
20 38 1 1
21 25 1 1
21 24 1 1
42 41 2 2
42 40 2 2
43 40 2 2
43 42 2 2
44 40 2 2
44 42 2 2
45 40 2 2
45 43 2 2
46 43 2 2
46 44 2 2
47 45 2 2
47 42 2 2
48 42 2 2
48 44 2 2
49 47 2 2
49 46 2 2
50 49 2 2
50 46 2 2
51 46 2 2
51 48 2 2
52 42 2 2
52 43 2 2
53 51 2 2
53 41 2 2
54 46 2 2
54 49 2 2
55 40 2 2
55 41 2 2
56 48 2 2
56 44 2 2
57 46 2 2
57 44 2 2
58 46 2 2
58 42 2 2
59 58 2 2
59 41 2 2
40 46 2 2
40 50 2 2
41 58 2 2
41 54 2 2
62 61 3 3
62 60 3 3
63 61 3 3
63 62 3 3
64 62 3 3
64 63 3 3
65 62 3 3
65 63 3 3
66 62 3 3
66 63 3 3
67 61 3 3
67 62 3 3
68 64 3 3
68 62 3 3
69 63 3 3
69 60 3 3
70 65 3 3
70 61 3 3
71 70 3 3
71 61 3 3
72 71 3 3
72 62 3 3
73 61 3 3
73 68 3 3
74 66 3 3
74 68 3 3
75 62 3 3
75 70 3 3
76 68 3 3
76 70 3 3
77 63 3 3
77 72 3 3
78 61 3 3
78 68 3 3
79 77 3 3
79 69 3 3
60 70 3 3
60 78 3 3
61 65 3 3
61 79 3 3
82 80 4 4
82 81 4 4
83 82 4 4
83 81 4 4
84 83 4 4
84 82 4 4
85 81 4 4
85 83 4 4
86 85 4 4
86 80 4 4
87 80 4 4
87 81 4 4
88 87 4 4
88 80 4 4
89 81 4 4
89 87 4 4
90 84 4 4
90 81 4 4
91 82 4 4
91 87 4 4
92 85 4 4
92 81 4 4
93 88 4 4
93 83 4 4
94 91 4 4
94 80 4 4
95 91 4 4
95 81 4 4
96 90 4 4
96 94 4 4
97 80 4 4
97 85 4 4
98 91 4 4
98 97 4 4
99 91 4 4
99 80 4 4
80 92 4 4
80 85 4 4
81 88 4 4
81 98 4 4
102 101 5 5
102 100 5 5
103 102 5 5
103 101 5 5
104 101 5 5
104 103 5 5
105 100 5 5
105 102 5 5
106 102 5 5
106 101 5 5
107 104 5 5
107 105 5 5
108 101 5 5
108 104 5 5
109 107 5 5
109 104 5 5
110 107 5 5
110 105 5 5
111 105 5 5
111 109 5 5
112 106 5 5
112 111 5 5
113 105 5 5
113 110 5 5
114 112 5 5
114 108 5 5
115 109 5 5
115 108 5 5
116 110 5 5
116 107 5 5
117 100 5 5
117 103 5 5
118 115 5 5
118 112 5 5
119 115 5 5
119 117 5 5
100 118 5 5
100 119 5 5
101 118 5 5
101 117 5 5
122 120 6 6
122 121 6 6
123 122 6 6
123 121 6 6
124 121 6 6
124 123 6 6
125 124 6 6
125 122 6 6
126 122 6 6
126 125 6 6
127 126 6 6
127 125 6 6
128 124 6 6
128 126 6 6
129 120 6 6
129 121 6 6
130 123 6 6
130 127 6 6
131 128 6 6
131 122 6 6
132 125 6 6
132 127 6 6
133 129 6 6
133 122 6 6
134 126 6 6
134 130 6 6
135 129 6 6
135 121 6 6
136 135 6 6
136 126 6 6
137 136 6 6
137 135 6 6
138 134 6 6
138 121 6 6
139 125 6 6
139 124 6 6
120 138 6 6
120 123 6 6
121 137 6 6
121 127 6 6
142 140 7 7
142 141 7 7
143 140 7 7
143 141 7 7
144 140 7 7
144 143 7 7
145 144 7 7
145 141 7 7
146 144 7 7
146 140 7 7
147 142 7 7
147 145 7 7
148 144 7 7
148 145 7 7
149 143 7 7
149 146 7 7
150 146 7 7
150 142 7 7
151 140 7 7
151 144 7 7
152 143 7 7
152 142 7 7
153 145 7 7
153 146 7 7
154 149 7 7
154 146 7 7
155 149 7 7
155 146 7 7
156 144 7 7
156 141 7 7
157 143 7 7
157 147 7 7
158 150 7 7
158 141 7 7
159 151 7 7
159 154 7 7
140 148 7 7
140 156 7 7
141 153 7 7
141 148 7 7
162 160 8 8
162 161 8 8
163 161 8 8
163 162 8 8
164 161 8 8
164 163 8 8
165 161 8 8
165 164 8 8
166 163 8 8
166 160 8 8
167 160 8 8
167 165 8 8
168 160 8 8
168 165 8 8
169 162 8 8
169 165 8 8
170 166 8 8
170 165 8 8
171 169 8 8
171 162 8 8
172 162 8 8
172 169 8 8
173 164 8 8
173 166 8 8
174 172 8 8
174 160 8 8
175 165 8 8
175 166 8 8
176 175 8 8
176 161 8 8
177 172 8 8
177 162 8 8
178 177 8 8
178 170 8 8
179 169 8 8
179 176 8 8
160 178 8 8
160 177 8 8
161 169 8 8
161 173 8 8
182 180 9 9
182 181 9 9
183 182 9 9
183 181 9 9
184 181 9 9
184 182 9 9
185 180 9 9
185 181 9 9
186 181 9 9
186 183 9 9
187 184 9 9
187 182 9 9
188 183 9 9
188 185 9 9
189 184 9 9
189 187 9 9
190 181 9 9
190 180 9 9
191 182 9 9
191 188 9 9
192 186 9 9
192 185 9 9
193 182 9 9
193 190 9 9
194 192 9 9
194 191 9 9
195 191 9 9
195 183 9 9
196 183 9 9
196 182 9 9
197 189 9 9
197 180 9 9
198 189 9 9
198 193 9 9
199 197 9 9
199 192 9 9
180 184 9 9
180 187 9 9
181 195 9 9
181 193 9 9
202 201 10 10
202 200 10 10
203 200 10 10
203 202 10 10
204 200 10 10
204 201 10 10
205 204 10 10
205 203 10 10
206 204 10 10
206 203 10 10
207 203 10 10
207 200 10 10
208 204 10 10
208 203 10 10
209 207 10 10
209 200 10 10
210 201 10 10
210 203 10 10
211 208 10 10
211 201 10 10
212 208 10 10
212 205 10 10
213 202 10 10
213 203 10 10
214 205 10 10
214 209 10 10
215 205 10 10
215 208 10 10
216 200 10 10
216 207 10 10
217 213 10 10
217 203 10 10
218 217 10 10
218 214 10 10
219 204 10 10
219 213 10 10
200 213 10 10
200 205 10 10
201 219 10 10
201 207 10 10
222 221 11 11
222 220 11 11
223 220 11 11
223 221 11 11
224 221 11 11
224 223 11 11
225 223 11 11
225 221 11 11
226 220 11 11
226 223 11 11
227 222 11 11
227 220 11 11
228 223 11 11
228 226 11 11
229 225 11 11
229 220 11 11
230 226 11 11
230 228 11 11
231 223 11 11
231 228 11 11
232 222 11 11
232 226 11 11
233 223 11 11
233 222 11 11
234 229 11 11
234 220 11 11
235 230 11 11
235 221 11 11
236 231 11 11
236 228 11 11
237 226 11 11
237 235 11 11
238 220 11 11
238 233 11 11
239 229 11 11
239 227 11 11
220 225 11 11
220 224 11 11
221 229 11 11
221 237 11 11
242 240 12 12
242 241 12 12
243 240 12 12
243 241 12 12
244 242 12 12
244 241 12 12
245 242 12 12
245 244 12 12
246 244 12 12
246 241 12 12
247 240 12 12
247 242 12 12
248 242 12 12
248 246 12 12
249 241 12 12
249 246 12 12
250 244 12 12
250 245 12 12
251 248 12 12
251 240 12 12
252 245 12 12
252 247 12 12
253 240 12 12
253 241 12 12
254 240 12 12
254 253 12 12
255 247 12 12
255 253 12 12
256 250 12 12
256 242 12 12
257 243 12 12
257 245 12 12
258 256 12 12
258 246 12 12
259 251 12 12
259 241 12 12
240 256 12 12
240 255 12 12
241 251 12 12
241 256 12 12
262 261 13 13
262 260 13 13
263 262 13 13
263 260 13 13
264 260 13 13
264 261 13 13
265 260 13 13
265 262 13 13
266 262 13 13
266 263 13 13
267 260 13 13
267 264 13 13
268 260 13 13
268 261 13 13
269 266 13 13
269 261 13 13
270 266 13 13
270 264 13 13
271 260 13 13
271 268 13 13
272 263 13 13
272 260 13 13
273 270 13 13
273 267 13 13
274 273 13 13
274 270 13 13
275 273 13 13
275 263 13 13
276 261 13 13
276 271 13 13
277 262 13 13
277 270 13 13
278 265 13 13
278 267 13 13
279 273 13 13
279 272 13 13
260 278 13 13
260 274 13 13
261 273 13 13
261 278 13 13
282 280 14 14
282 281 14 14
283 282 14 14
283 281 14 14
284 282 14 14
284 280 14 14
285 283 14 14
285 282 14 14
286 284 14 14
286 282 14 14
287 282 14 14
287 284 14 14
288 281 14 14
288 282 14 14
289 282 14 14
289 281 14 14
290 287 14 14
290 284 14 14
291 285 14 14
291 290 14 14
292 287 14 14
292 291 14 14
293 281 14 14
293 290 14 14
294 285 14 14
294 291 14 14
295 281 14 14
295 291 14 14
296 282 14 14
296 293 14 14
297 287 14 14
297 293 14 14
298 280 14 14
298 288 14 14
299 292 14 14
299 293 14 14
280 283 14 14
280 289 14 14
281 299 14 14
281 294 14 14
302 300 15 15
302 301 15 15
303 302 15 15
303 300 15 15
304 300 15 15
304 302 15 15
305 300 15 15
305 302 15 15
306 301 15 15
306 305 15 15
307 303 15 15
307 305 15 15
308 300 15 15
308 304 15 15
309 308 15 15
309 304 15 15
310 304 15 15
310 305 15 15
311 306 15 15
311 303 15 15
312 302 15 15
312 307 15 15
313 300 15 15
313 310 15 15
314 302 15 15
314 306 15 15
315 304 15 15
315 306 15 15
316 300 15 15
316 313 15 15
317 309 15 15
317 305 15 15
318 314 15 15
318 306 15 15
319 300 15 15
319 315 15 15
300 318 15 15
300 310 15 15
301 310 15 15
301 312 15 15
50 5 2 0
55 38 2 1
61 59 3 2
61 3 3 0
81 31 4 1
92 4 4 0
103 90 5 4
103 77 5 3
138 54 6 2
138 90 6 4
155 46 7 2
148 101 7 5
171 42 8 2
173 153 8 7
184 108 9 5
195 153 9 7
212 171 10 8
200 147 10 7
233 137 11 6
228 141 11 7
246 113 12 5
250 85 12 4
268 235 13 11
272 35 13 1
284 278 14 13
282 165 14 8
319 144 15 7
300 108 15 5
5 261 0 13
12 251 0 12
23 157 1 7
23 190 1 9
