swNum = 320
edgeNum = 672

0 0
1 0
2 0
3 0
4 0
5 0
6 0
7 0
8 0
9 0
10 0
11 0
12 0
13 0
14 0
15 0
16 0
17 0
18 0
19 0
20 1
21 1
22 1
23 1
24 1
25 1
26 1
27 1
28 1
29 1
30 1
31 1
32 1
33 1
34 1
35 1
36 1
37 1
38 1
39 1
40 2
41 2
42 2
43 2
44 2
45 2
46 2
47 2
48 2
49 2
50 2
51 2
52 2
53 2
54 2
55 2
56 2
57 2
58 2
59 2
60 3
61 3
62 3
63 3
64 3
65 3
66 3
67 3
68 3
69 3
70 3
71 3
72 3
73 3
74 3
75 3
76 3
77 3
78 3
79 3
80 4
81 4
82 4
83 4
84 4
85 4
86 4
87 4
88 4
89 4
90 4
91 4
92 4
93 4
94 4
95 4
96 4
97 4
98 4
99 4
100 5
101 5
102 5
103 5
104 5
105 5
106 5
107 5
108 5
109 5
110 5
111 5
112 5
113 5
114 5
115 5
116 5
117 5
118 5
119 5
120 6
121 6
122 6
123 6
124 6
125 6
126 6
127 6
128 6
129 6
130 6
131 6
132 6
133 6
134 6
135 6
136 6
137 6
138 6
139 6
140 7
141 7
142 7
143 7
144 7
145 7
146 7
147 7
148 7
149 7
150 7
151 7
152 7
153 7
154 7
155 7
156 7
157 7
158 7
159 7
160 8
161 8
162 8
163 8
164 8
165 8
166 8
167 8
168 8
169 8
170 8
171 8
172 8
173 8
174 8
175 8
176 8
177 8
178 8
179 8
180 9
181 9
182 9
183 9
184 9
185 9
186 9
187 9
188 9
189 9
190 9
191 9
192 9
193 9
194 9
195 9
196 9
197 9
198 9
199 9
200 10
201 10
202 10
203 10
204 10
205 10
206 10
207 10
208 10
209 10
210 10
211 10
212 10
213 10
214 10
215 10
216 10
217 10
218 10
219 10
220 11
221 11
222 11
223 11
224 11
225 11
226 11
227 11
228 11
229 11
230 11
231 11
232 11
233 11
234 11
235 11
236 11
237 11
238 11
239 11
240 12
241 12
242 12
243 12
244 12
245 12
246 12
247 12
248 12
249 12
250 12
251 12
252 12
253 12
254 12
255 12
256 12
257 12
258 12
259 12
260 13
261 13
262 13
263 13
264 13
265 13
266 13
267 13
268 13
269 13
270 13
271 13
272 13
273 13
274 13
275 13
276 13
277 13
278 13
279 13
280 14
281 14
282 14
283 14
284 14
285 14
286 14
287 14
288 14
289 14
290 14
291 14
292 14
293 14
294 14
295 14
296 14
297 14
298 14
299 14
300 15
301 15
302 15
303 15
304 15
305 15
306 15
307 15
308 15
309 15
310 15
311 15
312 15
313 15
314 15
315 15
316 15
317 15
318 15
319 15

2 1 0 0
2 0 0 0
3 1 0 0
3 0 0 0
4 0 0 0
4 2 0 0
5 1 0 0
5 0 0 0
6 1 0 0
6 4 0 0
7 5 0 0
7 4 0 0
8 6 0 0
8 2 0 0
9 6 0 0
9 5 0 0
10 8 0 0
10 9 0 0
11 3 0 0
11 7 0 0
12 2 0 0
12 3 0 0
13 3 0 0
13 5 0 0
14 13 0 0
14 3 0 0
15 10 0 0
15 5 0 0
16 4 0 0
16 6 0 0
17 5 0 0
17 16 0 0
18 5 0 0
18 13 0 0
19 6 0 0
19 18 0 0
0 10 0 0
0 7 0 0
1 10 0 0
1 16 0 0
22 20 1 1
22 21 1 1
23 22 1 1
23 20 1 1
24 22 1 1
24 23 1 1
25 20 1 1
25 22 1 1
26 23 1 1
26 22 1 1
27 21 1 1
27 24 1 1
28 27 1 1
28 26 1 1
29 25 1 1
29 23 1 1
30 22 1 1
30 21 1 1
31 20 1 1
31 22 1 1
32 28 1 1
32 25 1 1
33 28 1 1
33 26 1 1
34 26 1 1
34 33 1 1
35 20 1 1
35 34 1 1
36 29 1 1
36 30 1 1
37 32 1 1
37 29 1 1
38 27 1 1
38 21 1 1
39 35 1 1
39 23 1 1
20 36 1 1
20 32 1 1
21 32 1 1
21 23 1 1
42 41 2 2
42 40 2 2
43 42 2 2
43 41 2 2
44 42 2 2
44 43 2 2
45 41 2 2
45 42 2 2
46 40 2 2
46 45 2 2
47 44 2 2
47 42 2 2
48 46 2 2
48 40 2 2
49 46 2 2
49 47 2 2
50 42 2 2
50 45 2 2
51 47 2 2
51 48 2 2
52 43 2 2
52 49 2 2
53 43 2 2
53 46 2 2
54 41 2 2
54 49 2 2
55 44 2 2
55 45 2 2
56 53 2 2
56 48 2 2
57 56 2 2
57 51 2 2
58 49 2 2
58 43 2 2
59 48 2 2
59 58 2 2
40 44 2 2
40 56 2 2
41 52 2 2
41 49 2 2
62 61 3 3
62 60 3 3
63 62 3 3
63 60 3 3
64 60 3 3
64 63 3 3
65 63 3 3
65 61 3 3
66 61 3 3
66 64 3 3
67 64 3 3
67 65 3 3
68 61 3 3
68 67 3 3
69 64 3 3
69 68 3 3
70 65 3 3
70 66 3 3
71 61 3 3
71 62 3 3
72 60 3 3
72 66 3 3
73 64 3 3
73 67 3 3
74 69 3 3
74 67 3 3
75 63 3 3
75 60 3 3
76 66 3 3
76 74 3 3
77 66 3 3
77 60 3 3
78 66 3 3
78 65 3 3
79 72 3 3
79 77 3 3
60 65 3 3
60 69 3 3
61 78 3 3
61 70 3 3
82 81 4 4
82 80 4 4
83 80 4 4
83 81 4 4
84 82 4 4
84 80 4 4
85 80 4 4
85 83 4 4
86 85 4 4
86 83 4 4
87 85 4 4
87 83 4 4
88 84 4 4
88 87 4 4
89 82 4 4
89 86 4 4
90 84 4 4
90 85 4 4
91 80 4 4
91 86 4 4
92 87 4 4
92 90 4 4
93 88 4 4
93 85 4 4
94 89 4 4
94 92 4 4
95 89 4 4
95 90 4 4
96 90 4 4
96 87 4 4
97 89 4 4
97 91 4 4
98 85 4 4
98 80 4 4
99 87 4 4
99 89 4 4
80 90 4 4
80 95 4 4
81 93 4 4
81 88 4 4
102 101 5 5
102 100 5 5
103 100 5 5
103 101 5 5
104 101 5 5
104 103 5 5
105 104 5 5
105 101 5 5
106 100 5 5
106 103 5 5
107 106 5 5
107 104 5 5
108 101 5 5
108 102 5 5
109 100 5 5
109 102 5 5
110 102 5 5
110 108 5 5
111 103 5 5
111 101 5 5
112 109 5 5
112 105 5 5
113 108 5 5
113 107 5 5
114 100 5 5
114 105 5 5
115 108 5 5
115 111 5 5
116 105 5 5
116 111 5 5
117 107 5 5
117 113 5 5
118 102 5 5
118 115 5 5
119 110 5 5
119 108 5 5
100 119 5 5
100 116 5 5
101 107 5 5
101 114 5 5
122 120 6 6
122 121 6 6
123 120 6 6
123 121 6 6
124 120 6 6
124 121 6 6
125 123 6 6
125 120 6 6
126 125 6 6
126 123 6 6
127 122 6 6
127 121 6 6
128 122 6 6
128 127 6 6
129 126 6 6
129 125 6 6
130 127 6 6
130 128 6 6
131 128 6 6
131 121 6 6
132 128 6 6
132 131 6 6
133 126 6 6
133 121 6 6
134 120 6 6
134 128 6 6
135 125 6 6
135 128 6 6
136 130 6 6
136 128 6 6
137 123 6 6
137 130 6 6
138 134 6 6
138 121 6 6
139 120 6 6
139 130 6 6
120 127 6 6
120 133 6 6
121 130 6 6
121 136 6 6
142 140 7 7
142 141 7 7
143 140 7 7
143 142 7 7
144 143 7 7
144 140 7 7
145 144 7 7
145 140 7 7
146 143 7 7
146 140 7 7
147 141 7 7
147 142 7 7
148 144 7 7
148 142 7 7
149 142 7 7
149 147 7 7
150 146 7 7
150 147 7 7
151 145 7 7
151 149 7 7
152 150 7 7
152 148 7 7
153 149 7 7
153 151 7 7
154 149 7 7
154 144 7 7
155 152 7 7
155 147 7 7
156 145 7 7
156 151 7 7
157 151 7 7
157 144 7 7
158 148 7 7
158 149 7 7
159 140 7 7
159 143 7 7
140 147 7 7
140 149 7 7
141 154 7 7
141 149 7 7
162 160 8 8
162 161 8 8
163 161 8 8
163 162 8 8
164 160 8 8
164 163 8 8
165 163 8 8
165 164 8 8
166 163 8 8
166 164 8 8
167 164 8 8
167 165 8 8
168 161 8 8
168 166 8 8
169 166 8 8
169 168 8 8
170 168 8 8
170 169 8 8
171 165 8 8
171 168 8 8
172 166 8 8
172 160 8 8
173 171 8 8
173 164 8 8
174 167 8 8
174 164 8 8
175 161 8 8
175 170 8 8
176 164 8 8
176 160 8 8
177 169 8 8
177 170 8 8
178 175 8 8
178 162 8 8
179 176 8 8
179 174 8 8
160 178 8 8
160 177 8 8
161 171 8 8
161 173 8 8
182 181 9 9
182 180 9 9
183 181 9 9
183 182 9 9
184 180 9 9
184 181 9 9
185 183 9 9
185 180 9 9
186 184 9 9
186 185 9 9
187 180 9 9
187 184 9 9
188 181 9 9
188 185 9 9
189 180 9 9
189 184 9 9
190 181 9 9
190 186 9 9
191 188 9 9
191 186 9 9
192 182 9 9
192 186 9 9
193 181 9 9
193 192 9 9
194 181 9 9
194 182 9 9
195 193 9 9
195 188 9 9
196 184 9 9
196 189 9 9
197 187 9 9
197 196 9 9
198 195 9 9
198 189 9 9
199 186 9 9
199 188 9 9
180 194 9 9
180 188 9 9
181 189 9 9
181 185 9 9
202 201 10 10
202 200 10 10
203 202 10 10
203 200 10 10
204 202 10 10
204 201 10 10
205 201 10 10
205 204 10 10
206 203 10 10
206 204 10 10
207 200 10 10
207 203 10 10
208 206 10 10
208 203 10 10
209 201 10 10
209 203 10 10
210 208 10 10
210 209 10 10
211 208 10 10
211 204 10 10
212 208 10 10
212 206 10 10
213 208 10 10
213 202 10 10
214 213 10 10
214 210 10 10
215 211 10 10
215 204 10 10
216 214 10 10
216 204 10 10
217 206 10 10
217 205 10 10
218 212 10 10
218 206 10 10
219 208 10 10
219 216 10 10
200 216 10 10
200 218 10 10
201 217 10 10
201 207 10 10
222 220 11 11
222 221 11 11
223 220 11 11
223 222 11 11
224 222 11 11
224 221 11 11
225 224 11 11
225 221 11 11
226 221 11 11
226 222 11 11
227 221 11 11
227 226 11 11
228 221 11 11
228 223 11 11
229 227 11 11
229 225 11 11
230 228 11 11
230 229 11 11
231 220 11 11
231 230 11 11
232 225 11 11
232 223 11 11
233 230 11 11
233 220 11 11
234 223 11 11
234 229 11 11
235 227 11 11
235 224 11 11
236 232 11 11
236 223 11 11
237 220 11 11
237 223 11 11
238 225 11 11
238 236 11 11
239 226 11 11
239 229 11 11
220 230 11 11
220 234 11 11
221 223 11 11
221 233 11 11
242 241 12 12
242 240 12 12
243 240 12 12
243 241 12 12
244 242 12 12
244 240 12 12
245 243 12 12
245 242 12 12
246 243 12 12
246 242 12 12
247 241 12 12
247 240 12 12
248 247 12 12
248 241 12 12
249 246 12 12
249 244 12 12
250 241 12 12
250 246 12 12
251 241 12 12
251 247 12 12
252 248 12 12
252 246 12 12
253 243 12 12
253 245 12 12
254 245 12 12
254 241 12 12
255 244 12 12
255 250 12 12
256 250 12 12
256 251 12 12
257 245 12 12
257 247 12 12
258 240 12 12
258 242 12 12
259 252 12 12
259 249 12 12
240 245 12 12
240 259 12 12
241 258 12 12
241 256 12 12
262 261 13 13
262 260 13 13
263 262 13 13
263 261 13 13
264 260 13 13
264 262 13 13
265 264 13 13
265 260 13 13
266 262 13 13
266 260 13 13
267 264 13 13
267 262 13 13
268 263 13 13
268 266 13 13
269 261 13 13
269 263 13 13
270 267 13 13
270 266 13 13
271 264 13 13
271 270 13 13
272 271 13 13
272 266 13 13
273 267 13 13
273 260 13 13
274 265 13 13
274 270 13 13
275 262 13 13
275 272 13 13
276 271 13 13
276 272 13 13
277 260 13 13
277 263 13 13
278 267 13 13
278 275 13 13
279 266 13 13
279 275 13 13
260 275 13 13
260 278 13 13
261 266 13 13
261 279 13 13
282 281 14 14
282 280 14 14
283 282 14 14
283 280 14 14
284 280 14 14
284 283 14 14
285 280 14 14
285 284 14 14
286 281 14 14
286 284 14 14
287 283 14 14
287 286 14 14
288 280 14 14
288 284 14 14
289 286 14 14
289 283 14 14
290 288 14 14
290 283 14 14
291 281 14 14
291 282 14 14
292 285 14 14
292 286 14 14
293 281 14 14
293 280 14 14
294 286 14 14
294 282 14 14
295 280 14 14
295 288 14 14
296 290 14 14
296 287 14 14
297 292 14 14
297 281 14 14
298 288 14 14
298 290 14 14
299 289 14 14
299 293 14 14
280 292 14 14
280 294 14 14
281 285 14 14
281 292 14 14
302 300 15 15
302 301 15 15
303 302 15 15
303 300 15 15
304 302 15 15
304 301 15 15
305 301 15 15
305 304 15 15
306 300 15 15
306 305 15 15
307 306 15 15
307 304 15 15
308 300 15 15
308 301 15 15
309 308 15 15
309 304 15 15
310 305 15 15
310 300 15 15
311 301 15 15
311 307 15 15
312 300 15 15
312 305 15 15
313 306 15 15
313 311 15 15
314 307 15 15
314 313 15 15
315 310 15 15
315 302 15 15
316 303 15 15
316 314 15 15
317 302 15 15
317 306 15 15
318 307 15 15
318 305 15 15
319 318 15 15
319 311 15 15
300 313 15 15
300 318 15 15
301 310 15 15
301 318 15 15
45 6 2 0
57 26 2 1
71 29 3 1
78 11 3 0
81 38 4 1
84 77 4 3
110 71 5 3
109 51 5 2
128 57 6 2
129 25 6 1
153 134 7 6
154 47 7 2
167 123 8 6
163 103 8 5
189 57 9 2
196 171 9 8
219 5 10 0
212 173 10 8
224 195 11 9
230 218 11 10
247 23 12 1
248 99 12 4
270 7 13 0
265 100 13 5
295 49 14 2
284 126 14 6
302 27 15 1
314 90 15 4
8 110 0 5
12 148 0 7
38 178 1 8
36 238 1 11
