swNum = 320
edgeNum = 672

0 0
1 0
2 0
3 0
4 0
5 0
6 0
7 0
8 0
9 0
10 0
11 0
12 0
13 0
14 0
15 0
16 0
17 0
18 0
19 0
20 1
21 1
22 1
23 1
24 1
25 1
26 1
27 1
28 1
29 1
30 1
31 1
32 1
33 1
34 1
35 1
36 1
37 1
38 1
39 1
40 2
41 2
42 2
43 2
44 2
45 2
46 2
47 2
48 2
49 2
50 2
51 2
52 2
53 2
54 2
55 2
56 2
57 2
58 2
59 2
60 3
61 3
62 3
63 3
64 3
65 3
66 3
67 3
68 3
69 3
70 3
71 3
72 3
73 3
74 3
75 3
76 3
77 3
78 3
79 3
80 4
81 4
82 4
83 4
84 4
85 4
86 4
87 4
88 4
89 4
90 4
91 4
92 4
93 4
94 4
95 4
96 4
97 4
98 4
99 4
100 5
101 5
102 5
103 5
104 5
105 5
106 5
107 5
108 5
109 5
110 5
111 5
112 5
113 5
114 5
115 5
116 5
117 5
118 5
119 5
120 6
121 6
122 6
123 6
124 6
125 6
126 6
127 6
128 6
129 6
130 6
131 6
132 6
133 6
134 6
135 6
136 6
137 6
138 6
139 6
140 7
141 7
142 7
143 7
144 7
145 7
146 7
147 7
148 7
149 7
150 7
151 7
152 7
153 7
154 7
155 7
156 7
157 7
158 7
159 7
160 8
161 8
162 8
163 8
164 8
165 8
166 8
167 8
168 8
169 8
170 8
171 8
172 8
173 8
174 8
175 8
176 8
177 8
178 8
179 8
180 9
181 9
182 9
183 9
184 9
185 9
186 9
187 9
188 9
189 9
190 9
191 9
192 9
193 9
194 9
195 9
196 9
197 9
198 9
199 9
200 10
201 10
202 10
203 10
204 10
205 10
206 10
207 10
208 10
209 10
210 10
211 10
212 10
213 10
214 10
215 10
216 10
217 10
218 10
219 10
220 11
221 11
222 11
223 11
224 11
225 11
226 11
227 11
228 11
229 11
230 11
231 11
232 11
233 11
234 11
235 11
236 11
237 11
238 11
239 11
240 12
241 12
242 12
243 12
244 12
245 12
246 12
247 12
248 12
249 12
250 12
251 12
252 12
253 12
254 12
255 12
256 12
257 12
258 12
259 12
260 13
261 13
262 13
263 13
264 13
265 13
266 13
267 13
268 13
269 13
270 13
271 13
272 13
273 13
274 13
275 13
276 13
277 13
278 13
279 13
280 14
281 14
282 14
283 14
284 14
285 14
286 14
287 14
288 14
289 14
290 14
291 14
292 14
293 14
294 14
295 14
296 14
297 14
298 14
299 14
300 15
301 15
302 15
303 15
304 15
305 15
306 15
307 15
308 15
309 15
310 15
311 15
312 15
313 15
314 15
315 15
316 15
317 15
318 15
319 15

2 1 0 0
2 0 0 0
3 0 0 0
3 2 0 0
4 2 0 0
4 0 0 0
5 0 0 0
5 3 0 0
6 5 0 0
6 4 0 0
7 1 0 0
7 6 0 0
8 4 0 0
8 0 0 0
9 7 0 0
9 2 0 0
10 0 0 0
10 8 0 0
11 1 0 0
11 4 0 0
12 8 0 0
12 7 0 0
13 5 0 0
13 3 0 0
14 10 0 0
14 4 0 0
15 3 0 0
15 4 0 0
16 15 0 0
16 10 0 0
17 14 0 0
17 10 0 0
18 2 0 0
18 5 0 0
19 8 0 0
19 17 0 0
0 17 0 0
0 19 0 0
1 19 0 0
1 12 0 0
22 20 1 1
22 21 1 1
23 21 1 1
23 20 1 1
24 23 1 1
24 21 1 1
25 21 1 1
25 23 1 1
26 24 1 1
26 21 1 1
27 26 1 1
27 23 1 1
28 27 1 1
28 20 1 1
29 24 1 1
29 23 1 1
30 28 1 1
30 27 1 1
31 28 1 1
31 27 1 1
32 24 1 1
32 30 1 1
33 21 1 1
33 27 1 1
34 24 1 1
34 27 1 1
35 22 1 1
35 23 1 1
36 31 1 1
36 26 1 1
37 36 1 1
37 28 1 1
38 26 1 1
38 33 1 1
39 32 1 1
39 30 1 1
20 27 1 1
20 24 1 1
21 38 1 1
21 35 1 1
42 41 2 2
42 40 2 2
43 41 2 2
43 40 2 2
44 40 2 2
44 41 2 2
45 41 2 2
45 44 2 2
46 43 2 2
46 40 2 2
47 44 2 2
47 40 2 2
48 42 2 2
48 41 2 2
49 44 2 2
49 46 2 2
50 46 2 2
50 40 2 2
51 40 2 2
51 50 2 2
52 49 2 2
52 47 2 2
53 51 2 2
53 43 2 2
54 47 2 2
54 46 2 2
55 43 2 2
55 53 2 2
56 50 2 2
56 51 2 2
57 45 2 2
57 49 2 2
58 44 2 2
58 52 2 2
59 47 2 2
59 43 2 2
40 45 2 2
40 52 2 2
41 49 2 2
41 53 2 2
62 61 3 3
62 60 3 3
63 62 3 3
63 61 3 3
64 61 3 3
64 62 3 3
65 63 3 3
65 61 3 3
66 62 3 3
66 65 3 3
67 62 3 3
67 63 3 3
68 67 3 3
68 62 3 3
69 68 3 3
69 64 3 3
70 64 3 3
70 68 3 3
71 63 3 3
71 65 3 3
72 70 3 3
72 64 3 3
73 61 3 3
73 67 3 3
74 69 3 3
74 71 3 3
75 68 3 3
75 62 3 3
76 73 3 3
76 65 3 3
77 60 3 3
77 62 3 3
78 75 3 3
78 70 3 3
79 66 3 3
79 65 3 3
60 70 3 3
60 65 3 3
61 74 3 3
61 72 3 3
82 80 4 4
82 81 4 4
83 80 4 4
83 81 4 4
84 83 4 4
84 81 4 4
85 83 4 4
85 84 4 4
86 84 4 4
86 85 4 4
87 82 4 4
87 86 4 4
88 87 4 4
88 86 4 4
89 87 4 4
89 83 4 4
90 86 4 4
90 80 4 4
91 80 4 4
91 90 4 4
92 86 4 4
92 91 4 4
93 84 4 4
93 87 4 4
94 84 4 4
94 86 4 4
95 86 4 4
95 84 4 4
96 93 4 4
96 88 4 4
97 95 4 4
97 92 4 4
98 96 4 4
98 85 4 4
99 93 4 4
99 95 4 4
80 85 4 4
80 89 4 4
81 93 4 4
81 97 4 4
102 101 5 5
102 100 5 5
103 102 5 5
103 101 5 5
104 102 5 5
104 100 5 5
105 101 5 5
105 102 5 5
106 101 5 5
106 104 5 5
107 106 5 5
107 102 5 5
108 105 5 5
108 106 5 5
109 106 5 5
109 105 5 5
110 104 5 5
110 106 5 5
111 105 5 5
111 103 5 5
112 102 5 5
112 105 5 5
113 104 5 5
113 101 5 5
114 102 5 5
114 101 5 5
115 107 5 5
115 113 5 5
116 113 5 5
116 106 5 5
117 116 5 5
117 109 5 5
118 114 5 5
118 112 5 5
119 103 5 5
119 111 5 5
100 111 5 5
100 106 5 5
101 111 5 5
101 112 5 5
122 120 6 6
122 121 6 6
123 120 6 6
123 121 6 6
124 121 6 6
124 122 6 6
125 124 6 6
125 121 6 6
126 124 6 6
126 122 6 6
127 121 6 6
127 124 6 6
128 126 6 6
128 122 6 6
129 121 6 6
129 128 6 6
130 127 6 6
130 121 6 6
131 126 6 6
131 128 6 6
132 131 6 6
132 124 6 6
133 122 6 6
133 130 6 6
134 129 6 6
134 127 6 6
135 122 6 6
135 131 6 6
136 129 6 6
136 132 6 6
137 129 6 6
137 121 6 6
138 126 6 6
138 129 6 6
139 128 6 6
139 132 6 6
120 131 6 6
120 132 6 6
121 131 6 6
121 138 6 6
142 141 7 7
142 140 7 7
143 141 7 7
143 142 7 7
144 142 7 7
144 143 7 7
145 142 7 7
145 140 7 7
146 140 7 7
146 144 7 7
147 145 7 7
147 142 7 7
148 142 7 7
148 143 7 7
149 143 7 7
149 142 7 7
150 149 7 7
150 148 7 7
151 142 7 7
151 147 7 7
152 140 7 7
152 151 7 7
153 150 7 7
153 149 7 7
154 145 7 7
154 142 7 7
155 150 7 7
155 142 7 7
156 150 7 7
156 141 7 7
157 150 7 7
157 153 7 7
158 142 7 7
158 155 7 7
159 153 7 7
159 155 7 7
140 153 7 7
140 144 7 7
141 157 7 7
141 145 7 7
162 161 8 8
162 160 8 8
163 162 8 8
163 160 8 8
164 162 8 8
164 160 8 8
165 162 8 8
165 161 8 8
166 162 8 8
166 161 8 8
167 164 8 8
167 162 8 8
168 167 8 8
168 166 8 8
169 164 8 8
169 163 8 8
170 160 8 8
170 163 8 8
171 167 8 8
171 161 8 8
172 161 8 8
172 160 8 8
173 168 8 8
173 169 8 8
174 166 8 8
174 172 8 8
175 163 8 8
175 170 8 8
176 162 8 8
176 167 8 8
177 161 8 8
177 165 8 8
178 163 8 8
178 177 8 8
179 161 8 8
179 173 8 8
160 178 8 8
160 179 8 8
161 175 8 8
161 174 8 8
182 180 9 9
182 181 9 9
183 180 9 9
183 181 9 9
184 182 9 9
184 180 9 9
185 181 9 9
185 180 9 9
186 182 9 9
186 185 9 9
187 185 9 9
187 181 9 9
188 187 9 9
188 185 9 9
189 187 9 9
189 188 9 9
190 187 9 9
190 188 9 9
191 182 9 9
191 186 9 9
192 180 9 9
192 184 9 9
193 185 9 9
193 183 9 9
194 180 9 9
194 185 9 9
195 181 9 9
195 183 9 9
196 184 9 9
196 194 9 9
197 195 9 9
197 185 9 9
198 188 9 9
198 187 9 9
199 182 9 9
199 197 9 9
180 189 9 9
180 196 9 9
181 189 9 9
181 188 9 9
202 200 10 10
202 201 10 10
203 202 10 10
203 201 10 10
204 203 10 10
204 201 10 10
205 201 10 10
205 204 10 10
206 200 10 10
206 201 10 10
207 205 10 10
207 203 10 10
208 205 10 10
208 201 10 10
209 200 10 10
209 205 10 10
210 204 10 10
210 203 10 10
211 206 10 10
211 209 10 10
212 202 10 10
212 205 10 10
213 212 10 10
213 204 10 10
214 207 10 10
214 203 10 10
215 210 10 10
215 203 10 10
216 201 10 10
216 210 10 10
217 206 10 10
217 200 10 10
218 201 10 10
218 202 10 10
219 207 10 10
219 218 10 10
200 210 10 10
200 218 10 10
201 219 10 10
201 209 10 10
222 220 11 11
222 221 11 11
223 220 11 11
223 222 11 11
224 220 11 11
224 222 11 11
225 220 11 11
225 224 11 11
226 220 11 11
226 225 11 11
227 221 11 11
227 222 11 11
228 220 11 11
228 225 11 11
229 224 11 11
229 222 11 11
230 220 11 11
230 229 11 11
231 221 11 11
231 225 11 11
232 220 11 11
232 229 11 11
233 227 11 11
233 231 11 11
234 231 11 11
234 230 11 11
235 234 11 11
235 231 11 11
236 229 11 11
236 228 11 11
237 231 11 11
237 226 11 11
238 222 11 11
238 229 11 11
239 234 11 11
239 238 11 11
220 236 11 11
220 235 11 11
221 237 11 11
221 236 11 11
242 241 12 12
242 240 12 12
243 241 12 12
243 240 12 12
244 241 12 12
244 242 12 12
245 240 12 12
245 244 12 12
246 240 12 12
246 245 12 12
247 245 12 12
247 240 12 12
248 243 12 12
248 247 12 12
249 240 12 12
249 247 12 12
250 247 12 12
250 242 12 12
251 248 12 12
251 245 12 12
252 245 12 12
252 248 12 12
253 247 12 12
253 249 12 12
254 249 12 12
254 243 12 12
255 249 12 12
255 254 12 12
256 245 12 12
256 252 12 12
257 252 12 12
257 243 12 12
258 249 12 12
258 254 12 12
259 242 12 12
259 254 12 12
240 251 12 12
240 259 12 12
241 252 12 12
241 251 12 12
262 260 13 13
262 261 13 13
263 262 13 13
263 260 13 13
264 261 13 13
264 263 13 13
265 260 13 13
265 262 13 13
266 261 13 13
266 260 13 13
267 265 13 13
267 266 13 13
268 267 13 13
268 262 13 13
269 261 13 13
269 262 13 13
270 266 13 13
270 265 13 13
271 264 13 13
271 266 13 13
272 268 13 13
272 270 13 13
273 260 13 13
273 262 13 13
274 272 13 13
274 266 13 13
275 263 13 13
275 262 13 13
276 268 13 13
276 274 13 13
277 267 13 13
277 273 13 13
278 273 13 13
278 262 13 13
279 269 13 13
279 268 13 13
260 268 13 13
260 278 13 13
261 278 13 13
261 263 13 13
282 280 14 14
282 281 14 14
283 282 14 14
283 280 14 14
284 283 14 14
284 281 14 14
285 283 14 14
285 281 14 14
286 283 14 14
286 285 14 14
287 286 14 14
287 281 14 14
288 282 14 14
288 287 14 14
289 285 14 14
289 283 14 14
290 283 14 14
290 284 14 14
291 280 14 14
291 288 14 14
292 281 14 14
292 280 14 14
293 288 14 14
293 286 14 14
294 288 14 14
294 282 14 14
295 289 14 14
295 283 14 14
296 288 14 14
296 280 14 14
297 284 14 14
297 285 14 14
298 289 14 14
298 286 14 14
299 296 14 14
299 280 14 14
280 284 14 14
280 285 14 14
281 299 14 14
281 286 14 14
302 301 15 15
302 300 15 15
303 301 15 15
303 302 15 15
304 301 15 15
304 302 15 15
305 301 15 15
305 304 15 15
306 300 15 15
306 302 15 15
307 303 15 15
307 301 15 15
308 300 15 15
308 303 15 15
309 302 15 15
309 304 15 15
310 305 15 15
310 302 15 15
311 304 15 15
311 306 15 15
312 304 15 15
312 310 15 15
313 311 15 15
313 303 15 15
314 306 15 15
314 312 15 15
315 307 15 15
315 303 15 15
316 306 15 15
316 311 15 15
317 313 15 15
317 301 15 15
318 303 15 15
318 315 15 15
319 311 15 15
319 307 15 15
300 313 15 15
300 309 15 15
301 319 15 15
301 308 15 15
44 1 2 0
56 21 2 1
75 38 3 1
73 43 3 2
85 79 4 3
93 12 4 0
119 66 5 3
107 3 5 0
121 15 6 0
133 64 6 3
152 80 7 4
155 121 7 6
174 73 8 3
178 157 8 7
184 148 9 7
196 14 9 0
218 180 10 9
208 133 10 6
230 10 11 0
232 51 11 2
249 3 12 0
241 176 12 8
275 155 13 7
262 246 13 12
282 27 14 1
296 86 14 4
303 86 15 4
314 295 15 14
13 308 0 15
19 279 0 13
21 277 1 13
27 87 1 4
