swNum = 320
edgeNum = 672

0 0
1 0
2 0
3 0
4 0
5 0
6 0
7 0
8 0
9 0
10 0
11 0
12 0
13 0
14 0
15 0
16 0
17 0
18 0
19 0
20 1
21 1
22 1
23 1
24 1
25 1
26 1
27 1
28 1
29 1
30 1
31 1
32 1
33 1
34 1
35 1
36 1
37 1
38 1
39 1
40 2
41 2
42 2
43 2
44 2
45 2
46 2
47 2
48 2
49 2
50 2
51 2
52 2
53 2
54 2
55 2
56 2
57 2
58 2
59 2
60 3
61 3
62 3
63 3
64 3
65 3
66 3
67 3
68 3
69 3
70 3
71 3
72 3
73 3
74 3
75 3
76 3
77 3
78 3
79 3
80 4
81 4
82 4
83 4
84 4
85 4
86 4
87 4
88 4
89 4
90 4
91 4
92 4
93 4
94 4
95 4
96 4
97 4
98 4
99 4
100 5
101 5
102 5
103 5
104 5
105 5
106 5
107 5
108 5
109 5
110 5
111 5
112 5
113 5
114 5
115 5
116 5
117 5
118 5
119 5
120 6
121 6
122 6
123 6
124 6
125 6
126 6
127 6
128 6
129 6
130 6
131 6
132 6
133 6
134 6
135 6
136 6
137 6
138 6
139 6
140 7
141 7
142 7
143 7
144 7
145 7
146 7
147 7
148 7
149 7
150 7
151 7
152 7
153 7
154 7
155 7
156 7
157 7
158 7
159 7
160 8
161 8
162 8
163 8
164 8
165 8
166 8
167 8
168 8
169 8
170 8
171 8
172 8
173 8
174 8
175 8
176 8
177 8
178 8
179 8
180 9
181 9
182 9
183 9
184 9
185 9
186 9
187 9
188 9
189 9
190 9
191 9
192 9
193 9
194 9
195 9
196 9
197 9
198 9
199 9
200 10
201 10
202 10
203 10
204 10
205 10
206 10
207 10
208 10
209 10
210 10
211 10
212 10
213 10
214 10
215 10
216 10
217 10
218 10
219 10
220 11
221 11
222 11
223 11
224 11
225 11
226 11
227 11
228 11
229 11
230 11
231 11
232 11
233 11
234 11
235 11
236 11
237 11
238 11
239 11
240 12
241 12
242 12
243 12
244 12
245 12
246 12
247 12
248 12
249 12
250 12
251 12
252 12
253 12
254 12
255 12
256 12
257 12
258 12
259 12
260 13
261 13
262 13
263 13
264 13
265 13
266 13
267 13
268 13
269 13
270 13
271 13
272 13
273 13
274 13
275 13
276 13
277 13
278 13
279 13
280 14
281 14
282 14
283 14
284 14
285 14
286 14
287 14
288 14
289 14
290 14
291 14
292 14
293 14
294 14
295 14
296 14
297 14
298 14
299 14
300 15
301 15
302 15
303 15
304 15
305 15
306 15
307 15
308 15
309 15
310 15
311 15
312 15
313 15
314 15
315 15
316 15
317 15
318 15
319 15

2 0 0 0
2 1 0 0
3 2 0 0
3 0 0 0
4 2 0 0
4 0 0 0
5 3 0 0
5 0 0 0
6 4 0 0
6 5 0 0
7 0 0 0
7 4 0 0
8 1 0 0
8 4 0 0
9 0 0 0
9 7 0 0
10 2 0 0
10 6 0 0
11 4 0 0
11 3 0 0
12 8 0 0
12 6 0 0
13 8 0 0
13 11 0 0
14 6 0 0
14 5 0 0
15 1 0 0
15 0 0 0
16 0 0 0
16 9 0 0
17 0 0 0
17 10 0 0
18 9 0 0
18 11 0 0
19 0 0 0
19 7 0 0
0 10 0 0
0 8 0 0
1 18 0 0
1 16 0 0
22 20 1 1
22 21 1 1
23 22 1 1
23 21 1 1
24 20 1 1
24 23 1 1
25 23 1 1
25 24 1 1
26 24 1 1
26 25 1 1
27 24 1 1
27 23 1 1
28 20 1 1
28 24 1 1
29 20 1 1
29 23 1 1
30 23 1 1
30 20 1 1
31 25 1 1
31 24 1 1
32 30 1 1
32 29 1 1
33 31 1 1
33 23 1 1
34 23 1 1
34 26 1 1
35 27 1 1
35 34 1 1
36 28 1 1
36 22 1 1
37 28 1 1
37 26 1 1
38 22 1 1
38 25 1 1
39 34 1 1
39 27 1 1
20 39 1 1
20 23 1 1
21 39 1 1
21 36 1 1
42 41 2 2
42 40 2 2
43 42 2 2
43 41 2 2
44 40 2 2
44 42 2 2
45 40 2 2
45 41 2 2
46 41 2 2
46 43 2 2
47 44 2 2
47 40 2 2
48 40 2 2
48 45 2 2
49 42 2 2
49 48 2 2
50 45 2 2
50 44 2 2
51 50 2 2
51 49 2 2
52 42 2 2
52 43 2 2
53 40 2 2
53 44 2 2
54 45 2 2
54 48 2 2
55 49 2 2
55 53 2 2
56 52 2 2
56 42 2 2
57 56 2 2
57 50 2 2
58 47 2 2
58 40 2 2
59 49 2 2
59 55 2 2
40 43 2 2
40 54 2 2
41 59 2 2
41 47 2 2
62 60 3 3
62 61 3 3
63 62 3 3
63 61 3 3
64 62 3 3
64 61 3 3
65 61 3 3
65 62 3 3
66 65 3 3
66 62 3 3
67 66 3 3
67 65 3 3
68 66 3 3
68 64 3 3
69 65 3 3
69 63 3 3
70 62 3 3
70 61 3 3
71 61 3 3
71 64 3 3
72 69 3 3
72 66 3 3
73 62 3 3
73 61 3 3
74 73 3 3
74 66 3 3
75 72 3 3
75 68 3 3
76 67 3 3
76 73 3 3
77 66 3 3
77 71 3 3
78 67 3 3
78 76 3 3
79 69 3 3
79 65 3 3
60 76 3 3
60 63 3 3
61 77 3 3
61 75 3 3
82 80 4 4
82 81 4 4
83 80 4 4
83 82 4 4
84 80 4 4
84 82 4 4
85 80 4 4
85 84 4 4
86 81 4 4
86 84 4 4
87 82 4 4
87 86 4 4
88 80 4 4
88 81 4 4
89 80 4 4
89 86 4 4
90 89 4 4
90 86 4 4
91 83 4 4
91 86 4 4
92 82 4 4
92 83 4 4
93 89 4 4
93 87 4 4
94 87 4 4
94 88 4 4
95 86 4 4
95 91 4 4
96 94 4 4
96 84 4 4
97 80 4 4
97 86 4 4
98 80 4 4
98 94 4 4
99 82 4 4
99 83 4 4
80 94 4 4
80 87 4 4
81 93 4 4
81 90 4 4
102 101 5 5
102 100 5 5
103 100 5 5
103 101 5 5
104 102 5 5
104 103 5 5
105 100 5 5
105 102 5 5
106 103 5 5
106 101 5 5
107 106 5 5
107 105 5 5
108 104 5 5
108 106 5 5
109 102 5 5
109 107 5 5
110 108 5 5
110 106 5 5
111 101 5 5
111 103 5 5
112 110 5 5
112 109 5 5
113 106 5 5
113 109 5 5
114 103 5 5
114 105 5 5
115 102 5 5
115 106 5 5
116 110 5 5
116 109 5 5
117 115 5 5
117 101 5 5
118 110 5 5
118 117 5 5
119 113 5 5
119 115 5 5
100 110 5 5
100 117 5 5
101 112 5 5
101 110 5 5
122 121 6 6
122 120 6 6
123 120 6 6
123 121 6 6
124 123 6 6
124 120 6 6
125 123 6 6
125 124 6 6
126 125 6 6
126 122 6 6
127 123 6 6
127 125 6 6
128 126 6 6
128 124 6 6
129 127 6 6
129 123 6 6
130 127 6 6
130 122 6 6
131 127 6 6
131 121 6 6
132 125 6 6
132 129 6 6
133 121 6 6
133 120 6 6
134 124 6 6
134 128 6 6
135 123 6 6
135 122 6 6
136 125 6 6
136 131 6 6
137 127 6 6
137 133 6 6
138 120 6 6
138 128 6 6
139 132 6 6
139 120 6 6
120 128 6 6
120 136 6 6
121 125 6 6
121 124 6 6
142 141 7 7
142 140 7 7
143 142 7 7
143 140 7 7
144 142 7 7
144 141 7 7
145 141 7 7
145 140 7 7
146 141 7 7
146 142 7 7
147 140 7 7
147 146 7 7
148 145 7 7
148 147 7 7
149 145 7 7
149 144 7 7
150 146 7 7
150 141 7 7
151 141 7 7
151 148 7 7
152 142 7 7
152 150 7 7
153 147 7 7
153 143 7 7
154 145 7 7
154 151 7 7
155 145 7 7
155 143 7 7
156 145 7 7
156 143 7 7
157 146 7 7
157 144 7 7
158 146 7 7
158 140 7 7
159 145 7 7
159 151 7 7
140 151 7 7
140 153 7 7
141 158 7 7
141 156 7 7
162 160 8 8
162 161 8 8
163 161 8 8
163 160 8 8
164 160 8 8
164 161 8 8
165 162 8 8
165 161 8 8
166 164 8 8
166 165 8 8
167 161 8 8
167 166 8 8
168 162 8 8
168 165 8 8
169 164 8 8
169 163 8 8
170 168 8 8
170 165 8 8
171 166 8 8
171 170 8 8
172 168 8 8
172 165 8 8
173 170 8 8
173 164 8 8
174 168 8 8
174 166 8 8
175 160 8 8
175 165 8 8
176 166 8 8
176 160 8 8
177 160 8 8
177 161 8 8
178 160 8 8
178 161 8 8
179 175 8 8
179 177 8 8
160 170 8 8
160 171 8 8
161 166 8 8
161 179 8 8
182 181 9 9
182 180 9 9
183 180 9 9
183 182 9 9
184 182 9 9
184 183 9 9
185 183 9 9
185 184 9 9
186 180 9 9
186 183 9 9
187 186 9 9
187 180 9 9
188 181 9 9
188 187 9 9
189 181 9 9
189 185 9 9
190 182 9 9
190 181 9 9
191 185 9 9
191 189 9 9
192 182 9 9
192 189 9 9
193 192 9 9
193 181 9 9
194 190 9 9
194 184 9 9
195 192 9 9
195 193 9 9
196 182 9 9
196 187 9 9
197 193 9 9
197 181 9 9
198 197 9 9
198 196 9 9
199 197 9 9
199 188 9 9
180 198 9 9
180 184 9 9
181 195 9 9
181 184 9 9
202 200 10 10
202 201 10 10
203 202 10 10
203 200 10 10
204 200 10 10
204 202 10 10
205 202 10 10
205 200 10 10
206 201 10 10
206 202 10 10
207 201 10 10
207 202 10 10
208 201 10 10
208 202 10 10
209 203 10 10
209 204 10 10
210 202 10 10
210 206 10 10
211 203 10 10
211 202 10 10
212 207 10 10
212 209 10 10
213 201 10 10
213 203 10 10
214 206 10 10
214 201 10 10
215 206 10 10
215 210 10 10
216 202 10 10
216 201 10 10
217 200 10 10
217 212 10 10
218 216 10 10
218 206 10 10
219 211 10 10
219 203 10 10
200 207 10 10
200 209 10 10
201 212 10 10
201 204 10 10
222 220 11 11
222 221 11 11
223 220 11 11
223 221 11 11
224 221 11 11
224 220 11 11
225 223 11 11
225 224 11 11
226 220 11 11
226 222 11 11
227 226 11 11
227 220 11 11
228 225 11 11
228 221 11 11
229 227 11 11
229 224 11 11
230 226 11 11
230 222 11 11
231 222 11 11
231 220 11 11
232 229 11 11
232 230 11 11
233 231 11 11
233 230 11 11
234 222 11 11
234 229 11 11
235 228 11 11
235 227 11 11
236 231 11 11
236 230 11 11
237 230 11 11
237 232 11 11
238 223 11 11
238 229 11 11
239 225 11 11
239 238 11 11
220 229 11 11
220 233 11 11
221 230 11 11
221 234 11 11
242 240 12 12
242 241 12 12
243 240 12 12
243 241 12 12
244 241 12 12
244 242 12 12
245 243 12 12
245 240 12 12
246 243 12 12
246 245 12 12
247 242 12 12
247 241 12 12
248 240 12 12
248 244 12 12
249 246 12 12
249 240 12 12
250 241 12 12
250 240 12 12
251 241 12 12
251 247 12 12
252 249 12 12
252 240 12 12
253 250 12 12
253 242 12 12
254 251 12 12
254 250 12 12
255 251 12 12
255 240 12 12
256 244 12 12
256 247 12 12
257 255 12 12
257 254 12 12
258 241 12 12
258 242 12 12
259 254 12 12
259 252 12 12
240 244 12 12
240 256 12 12
241 257 12 12
241 252 12 12
262 261 13 13
262 260 13 13
263 262 13 13
263 260 13 13
264 262 13 13
264 261 13 13
265 261 13 13
265 262 13 13
266 260 13 13
266 262 13 13
267 260 13 13
267 266 13 13
268 266 13 13
268 267 13 13
269 264 13 13
269 262 13 13
270 261 13 13
270 268 13 13
271 260 13 13
271 267 13 13
272 262 13 13
272 268 13 13
273 268 13 13
273 261 13 13
274 266 13 13
274 273 13 13
275 273 13 13
275 274 13 13
276 264 13 13
276 260 13 13
277 269 13 13
277 271 13 13
278 263 13 13
278 261 13 13
279 261 13 13
279 268 13 13
260 272 13 13
260 274 13 13
261 272 13 13
261 269 13 13
282 280 14 14
282 281 14 14
283 282 14 14
283 281 14 14
284 281 14 14
284 280 14 14
285 281 14 14
285 280 14 14
286 285 14 14
286 283 14 14
287 285 14 14
287 283 14 14
288 283 14 14
288 287 14 14
289 286 14 14
289 280 14 14
290 285 14 14
290 281 14 14
291 286 14 14
291 283 14 14
292 283 14 14
292 291 14 14
293 291 14 14
293 292 14 14
294 281 14 14
294 287 14 14
295 290 14 14
295 286 14 14
296 291 14 14
296 280 14 14
297 281 14 14
297 280 14 14
298 290 14 14
298 288 14 14
299 295 14 14
299 298 14 14
280 293 14 14
280 292 14 14
281 299 14 14
281 288 14 14
302 301 15 15
302 300 15 15
303 300 15 15
303 301 15 15
304 302 15 15
304 301 15 15
305 302 15 15
305 300 15 15
306 302 15 15
306 305 15 15
307 305 15 15
307 302 15 15
308 306 15 15
308 307 15 15
309 301 15 15
309 304 15 15
310 302 15 15
310 308 15 15
311 301 15 15
311 304 15 15
312 309 15 15
312 302 15 15
313 308 15 15
313 302 15 15
314 300 15 15
314 305 15 15
315 305 15 15
315 310 15 15
316 312 15 15
316 307 15 15
317 303 15 15
317 307 15 15
318 302 15 15
318 311 15 15
319 303 15 15
319 308 15 15
300 318 15 15
300 307 15 15
301 310 15 15
301 315 15 15
40 36 2 1
54 13 2 0
68 34 3 1
65 14 3 0
99 79 4 3
94 19 4 0
118 28 5 1
112 44 5 2
139 51 6 2
123 1 6 0
148 117 7 5
149 25 7 1
173 134 8 6
174 43 8 2
191 136 9 6
187 178 9 8
216 143 10 7
219 34 10 1
237 149 11 7
228 117 11 5
243 214 12 10
240 18 12 0
266 199 13 9
273 131 13 6
297 173 14 8
280 226 14 11
304 282 15 14
305 105 15 5
18 195 0 9
10 269 0 13
22 240 1 12
25 315 1 15
