swNum = 320
edgeNum = 672

0 0
1 0
2 0
3 0
4 0
5 0
6 0
7 0
8 0
9 0
10 0
11 0
12 0
13 0
14 0
15 0
16 0
17 0
18 0
19 0
20 1
21 1
22 1
23 1
24 1
25 1
26 1
27 1
28 1
29 1
30 1
31 1
32 1
33 1
34 1
35 1
36 1
37 1
38 1
39 1
40 2
41 2
42 2
43 2
44 2
45 2
46 2
47 2
48 2
49 2
50 2
51 2
52 2
53 2
54 2
55 2
56 2
57 2
58 2
59 2
60 3
61 3
62 3
63 3
64 3
65 3
66 3
67 3
68 3
69 3
70 3
71 3
72 3
73 3
74 3
75 3
76 3
77 3
78 3
79 3
80 4
81 4
82 4
83 4
84 4
85 4
86 4
87 4
88 4
89 4
90 4
91 4
92 4
93 4
94 4
95 4
96 4
97 4
98 4
99 4
100 5
101 5
102 5
103 5
104 5
105 5
106 5
107 5
108 5
109 5
110 5
111 5
112 5
113 5
114 5
115 5
116 5
117 5
118 5
119 5
120 6
121 6
122 6
123 6
124 6
125 6
126 6
127 6
128 6
129 6
130 6
131 6
132 6
133 6
134 6
135 6
136 6
137 6
138 6
139 6
140 7
141 7
142 7
143 7
144 7
145 7
146 7
147 7
148 7
149 7
150 7
151 7
152 7
153 7
154 7
155 7
156 7
157 7
158 7
159 7
160 8
161 8
162 8
163 8
164 8
165 8
166 8
167 8
168 8
169 8
170 8
171 8
172 8
173 8
174 8
175 8
176 8
177 8
178 8
179 8
180 9
181 9
182 9
183 9
184 9
185 9
186 9
187 9
188 9
189 9
190 9
191 9
192 9
193 9
194 9
195 9
196 9
197 9
198 9
199 9
200 10
201 10
202 10
203 10
204 10
205 10
206 10
207 10
208 10
209 10
210 10
211 10
212 10
213 10
214 10
215 10
216 10
217 10
218 10
219 10
220 11
221 11
222 11
223 11
224 11
225 11
226 11
227 11
228 11
229 11
230 11
231 11
232 11
233 11
234 11
235 11
236 11
237 11
238 11
239 11
240 12
241 12
242 12
243 12
244 12
245 12
246 12
247 12
248 12
249 12
250 12
251 12
252 12
253 12
254 12
255 12
256 12
257 12
258 12
259 12
260 13
261 13
262 13
263 13
264 13
265 13
266 13
267 13
268 13
269 13
270 13
271 13
272 13
273 13
274 13
275 13
276 13
277 13
278 13
279 13
280 14
281 14
282 14
283 14
284 14
285 14
286 14
287 14
288 14
289 14
290 14
291 14
292 14
293 14
294 14
295 14
296 14
297 14
298 14
299 14
300 15
301 15
302 15
303 15
304 15
305 15
306 15
307 15
308 15
309 15
310 15
311 15
312 15
313 15
314 15
315 15
316 15
317 15
318 15
319 15

2 0 0 0
2 1 0 0
3 1 0 0
3 0 0 0
4 2 0 0
4 0 0 0
5 4 0 0
5 2 0 0
6 0 0 0
6 3 0 0
7 6 0 0
7 0 0 0
8 6 0 0
8 3 0 0
9 3 0 0
9 1 0 0
10 6 0 0
10 8 0 0
11 2 0 0
11 6 0 0
12 9 0 0
12 2 0 0
13 2 0 0
13 3 0 0
14 10 0 0
14 0 0 0
15 0 0 0
15 3 0 0
16 1 0 0
16 3 0 0
17 3 0 0
17 16 0 0
18 5 0 0
18 13 0 0
19 5 0 0
19 4 0 0
0 12 0 0
0 9 0 0
1 11 0 0
1 7 0 0
22 20 1 1
22 21 1 1
23 21 1 1
23 22 1 1
24 20 1 1
24 23 1 1
25 24 1 1
25 20 1 1
26 23 1 1
26 24 1 1
27 23 1 1
27 21 1 1
28 25 1 1
28 20 1 1
29 22 1 1
29 23 1 1
30 21 1 1
30 23 1 1
31 30 1 1
31 21 1 1
32 25 1 1
32 20 1 1
33 26 1 1
33 30 1 1
34 26 1 1
34 23 1 1
35 20 1 1
35 23 1 1
36 35 1 1
36 26 1 1
37 26 1 1
37 34 1 1
38 37 1 1
38 26 1 1
39 25 1 1
39 32 1 1
20 36 1 1
20 27 1 1
21 36 1 1
21 24 1 1
42 40 2 2
42 41 2 2
43 40 2 2
43 41 2 2
44 41 2 2
44 42 2 2
45 44 2 2
45 42 2 2
46 40 2 2
46 42 2 2
47 45 2 2
47 42 2 2
48 43 2 2
48 44 2 2
49 46 2 2
49 42 2 2
50 40 2 2
50 45 2 2
51 46 2 2
51 42 2 2
52 46 2 2
52 43 2 2
53 42 2 2
53 48 2 2
54 52 2 2
54 44 2 2
55 46 2 2
55 44 2 2
56 40 2 2
56 46 2 2
57 41 2 2
57 45 2 2
58 52 2 2
58 47 2 2
59 53 2 2
59 45 2 2
40 53 2 2
40 52 2 2
41 53 2 2
41 59 2 2
62 61 3 3
62 60 3 3
63 60 3 3
63 61 3 3
64 62 3 3
64 61 3 3
65 62 3 3
65 61 3 3
66 64 3 3
66 65 3 3
67 61 3 3
67 60 3 3
68 61 3 3
68 66 3 3
69 68 3 3
69 61 3 3
70 62 3 3
70 65 3 3
71 60 3 3
71 63 3 3
72 67 3 3
72 66 3 3
73 70 3 3
73 62 3 3
74 60 3 3
74 63 3 3
75 64 3 3
75 69 3 3
76 73 3 3
76 63 3 3
77 68 3 3
77 74 3 3
78 63 3 3
78 66 3 3
79 74 3 3
79 66 3 3
60 79 3 3
60 68 3 3
61 74 3 3
61 66 3 3
82 81 4 4
82 80 4 4
83 82 4 4
83 81 4 4
84 80 4 4
84 83 4 4
85 81 4 4
85 84 4 4
86 84 4 4
86 83 4 4
87 83 4 4
87 80 4 4
88 82 4 4
88 85 4 4
89 80 4 4
89 82 4 4
90 80 4 4
90 89 4 4
91 90 4 4
91 88 4 4
92 85 4 4
92 86 4 4
93 86 4 4
93 88 4 4
94 86 4 4
94 93 4 4
95 81 4 4
95 86 4 4
96 81 4 4
96 80 4 4
97 80 4 4
97 91 4 4
98 83 4 4
98 95 4 4
99 93 4 4
99 85 4 4
80 99 4 4
80 92 4 4
81 98 4 4
81 97 4 4
102 100 5 5
102 101 5 5
103 102 5 5
103 100 5 5
104 102 5 5
104 100 5 5
105 103 5 5
105 104 5 5
106 105 5 5
106 103 5 5
107 105 5 5
107 100 5 5
108 105 5 5
108 102 5 5
109 107 5 5
109 103 5 5
110 103 5 5
110 101 5 5
111 103 5 5
111 102 5 5
112 111 5 5
112 102 5 5
113 107 5 5
113 103 5 5
114 100 5 5
114 103 5 5
115 105 5 5
115 114 5 5
116 108 5 5
116 107 5 5
117 105 5 5
117 106 5 5
118 115 5 5
118 106 5 5
119 103 5 5
119 110 5 5
100 112 5 5
100 111 5 5
101 103 5 5
101 111 5 5
122 121 6 6
122 120 6 6
123 122 6 6
123 120 6 6
124 123 6 6
124 120 6 6
125 121 6 6
125 122 6 6
126 124 6 6
126 122 6 6
127 121 6 6
127 123 6 6
128 124 6 6
128 127 6 6
129 128 6 6
129 126 6 6
130 123 6 6
130 121 6 6
131 122 6 6
131 121 6 6
132 126 6 6
132 131 6 6
133 129 6 6
133 128 6 6
134 128 6 6
134 120 6 6
135 123 6 6
135 133 6 6
136 131 6 6
136 124 6 6
137 136 6 6
137 121 6 6
138 134 6 6
138 130 6 6
139 138 6 6
139 135 6 6
120 127 6 6
120 128 6 6
121 132 6 6
121 136 6 6
142 141 7 7
142 140 7 7
143 141 7 7
143 140 7 7
144 143 7 7
144 140 7 7
145 141 7 7
145 144 7 7
146 145 7 7
146 141 7 7
147 145 7 7
147 142 7 7
148 143 7 7
148 142 7 7
149 143 7 7
149 144 7 7
150 144 7 7
150 149 7 7
151 146 7 7
151 145 7 7
152 151 7 7
152 148 7 7
153 151 7 7
153 146 7 7
154 151 7 7
154 152 7 7
155 144 7 7
155 150 7 7
156 152 7 7
156 148 7 7
157 141 7 7
157 145 7 7
158 157 7 7
158 145 7 7
159 158 7 7
159 149 7 7
140 147 7 7
140 150 7 7
141 155 7 7
141 158 7 7
162 160 8 8
162 161 8 8
163 160 8 8
163 161 8 8
164 162 8 8
164 163 8 8
165 162 8 8
165 163 8 8
166 161 8 8
166 164 8 8
167 160 8 8
167 163 8 8
168 162 8 8
168 166 8 8
169 164 8 8
169 162 8 8
170 167 8 8
170 162 8 8
171 166 8 8
171 164 8 8
172 160 8 8
172 165 8 8
173 172 8 8
173 164 8 8
174 164 8 8
174 161 8 8
175 160 8 8
175 167 8 8
176 161 8 8
176 172 8 8
177 168 8 8
177 166 8 8
178 162 8 8
178 174 8 8
179 178 8 8
179 171 8 8
160 178 8 8
160 177 8 8
161 169 8 8
161 171 8 8
182 180 9 9
182 181 9 9
183 180 9 9
183 182 9 9
184 183 9 9
184 182 9 9
185 184 9 9
185 180 9 9
186 185 9 9
186 180 9 9
187 182 9 9
187 183 9 9
188 182 9 9
188 184 9 9
189 188 9 9
189 186 9 9
190 186 9 9
190 183 9 9
191 186 9 9
191 188 9 9
192 187 9 9
192 188 9 9
193 180 9 9
193 187 9 9
194 188 9 9
194 187 9 9
195 187 9 9
195 184 9 9
196 191 9 9
196 194 9 9
197 193 9 9
197 190 9 9
198 193 9 9
198 197 9 9
199 185 9 9
199 183 9 9
180 189 9 9
180 198 9 9
181 197 9 9
181 194 9 9
202 200 10 10
202 201 10 10
203 200 10 10
203 202 10 10
204 203 10 10
204 200 10 10
205 203 10 10
205 200 10 10
206 203 10 10
206 201 10 10
207 204 10 10
207 205 10 10
208 201 10 10
208 203 10 10
209 206 10 10
209 204 10 10
210 201 10 10
210 207 10 10
211 202 10 10
211 204 10 10
212 207 10 10
212 205 10 10
213 201 10 10
213 209 10 10
214 201 10 10
214 213 10 10
215 207 10 10
215 205 10 10
216 202 10 10
216 210 10 10
217 210 10 10
217 207 10 10
218 215 10 10
218 217 10 10
219 203 10 10
219 201 10 10
200 216 10 10
200 212 10 10
201 209 10 10
201 217 10 10
222 221 11 11
222 220 11 11
223 220 11 11
223 222 11 11
224 220 11 11
224 221 11 11
225 221 11 11
225 220 11 11
226 221 11 11
226 220 11 11
227 222 11 11
227 221 11 11
228 221 11 11
228 223 11 11
229 224 11 11
229 222 11 11
230 223 11 11
230 222 11 11
231 230 11 11
231 228 11 11
232 224 11 11
232 231 11 11
233 228 11 11
233 226 11 11
234 230 11 11
234 232 11 11
235 231 11 11
235 230 11 11
236 224 11 11
236 225 11 11
237 221 11 11
237 220 11 11
238 226 11 11
238 234 11 11
239 237 11 11
239 220 11 11
220 233 11 11
220 227 11 11
221 230 11 11
221 239 11 11
242 241 12 12
242 240 12 12
243 241 12 12
243 242 12 12
244 243 12 12
244 240 12 12
245 240 12 12
245 243 12 12
246 243 12 12
246 241 12 12
247 240 12 12
247 244 12 12
248 242 12 12
248 240 12 12
249 246 12 12
249 243 12 12
250 248 12 12
250 244 12 12
251 249 12 12
251 247 12 12
252 247 12 12
252 242 12 12
253 251 12 12
253 241 12 12
254 250 12 12
254 244 12 12
255 241 12 12
255 249 12 12
256 244 12 12
256 245 12 12
257 253 12 12
257 242 12 12
258 248 12 12
258 250 12 12
259 252 12 12
259 255 12 12
240 250 12 12
240 249 12 12
241 254 12 12
241 248 12 12
262 261 13 13
262 260 13 13
263 260 13 13
263 262 13 13
264 260 13 13
264 261 13 13
265 263 13 13
265 261 13 13
266 260 13 13
266 263 13 13
267 264 13 13
267 261 13 13
268 260 13 13
268 263 13 13
269 265 13 13
269 263 13 13
270 262 13 13
270 266 13 13
271 268 13 13
271 263 13 13
272 271 13 13
272 269 13 13
273 263 13 13
273 270 13 13
274 265 13 13
274 267 13 13
275 270 13 13
275 266 13 13
276 271 13 13
276 268 13 13
277 273 13 13
277 269 13 13
278 268 13 13
278 265 13 13
279 261 13 13
279 266 13 13
260 272 13 13
260 270 13 13
261 272 13 13
261 263 13 13
282 280 14 14
282 281 14 14
283 282 14 14
283 280 14 14
284 281 14 14
284 280 14 14
285 281 14 14
285 280 14 14
286 284 14 14
286 285 14 14
287 282 14 14
287 285 14 14
288 282 14 14
288 285 14 14
289 286 14 14
289 284 14 14
290 280 14 14
290 285 14 14
291 284 14 14
291 280 14 14
292 284 14 14
292 289 14 14
293 292 14 14
293 289 14 14
294 280 14 14
294 284 14 14
295 284 14 14
295 289 14 14
296 281 14 14
296 287 14 14
297 284 14 14
297 287 14 14
298 282 14 14
298 288 14 14
299 298 14 14
299 297 14 14
280 295 14 14
280 298 14 14
281 287 14 14
281 297 14 14
302 300 15 15
302 301 15 15
303 301 15 15
303 302 15 15
304 301 15 15
304 302 15 15
305 303 15 15
305 301 15 15
306 301 15 15
306 300 15 15
307 304 15 15
307 301 15 15
308 304 15 15
308 301 15 15
309 301 15 15
309 302 15 15
310 308 15 15
310 303 15 15
311 307 15 15
311 301 15 15
312 308 15 15
312 302 15 15
313 301 15 15
313 305 15 15
314 313 15 15
314 306 15 15
315 308 15 15
315 306 15 15
316 309 15 15
316 300 15 15
317 313 15 15
317 309 15 15
318 317 15 15
318 305 15 15
319 310 15 15
319 312 15 15
300 311 15 15
300 318 15 15
301 316 15 15
301 312 15 15
55 19 2 0
49 28 2 1
63 3 3 0
62 41 3 2
86 30 4 1
97 49 4 2
102 27 5 1
101 51 5 2
137 86 6 4
134 12 6 0
153 69 7 3
159 4 7 0
178 86 8 4
168 37 8 1
192 87 9 4
195 5 9 0
213 103 10 5
207 6 10 0
233 79 11 3
232 155 11 7
248 86 12 4
242 56 12 2
260 231 13 11
267 75 13 3
282 192 14 9
284 18 14 0
302 107 15 5
309 94 15 4
3 87 0 4
3 232 0 11
27 129 1 6
34 236 1 11
