swNum = 320
edgeNum = 672

0 0
1 0
2 0
3 0
4 0
5 0
6 0
7 0
8 0
9 0
10 0
11 0
12 0
13 0
14 0
15 0
16 0
17 0
18 0
19 0
20 1
21 1
22 1
23 1
24 1
25 1
26 1
27 1
28 1
29 1
30 1
31 1
32 1
33 1
34 1
35 1
36 1
37 1
38 1
39 1
40 2
41 2
42 2
43 2
44 2
45 2
46 2
47 2
48 2
49 2
50 2
51 2
52 2
53 2
54 2
55 2
56 2
57 2
58 2
59 2
60 3
61 3
62 3
63 3
64 3
65 3
66 3
67 3
68 3
69 3
70 3
71 3
72 3
73 3
74 3
75 3
76 3
77 3
78 3
79 3
80 4
81 4
82 4
83 4
84 4
85 4
86 4
87 4
88 4
89 4
90 4
91 4
92 4
93 4
94 4
95 4
96 4
97 4
98 4
99 4
100 5
101 5
102 5
103 5
104 5
105 5
106 5
107 5
108 5
109 5
110 5
111 5
112 5
113 5
114 5
115 5
116 5
117 5
118 5
119 5
120 6
121 6
122 6
123 6
124 6
125 6
126 6
127 6
128 6
129 6
130 6
131 6
132 6
133 6
134 6
135 6
136 6
137 6
138 6
139 6
140 7
141 7
142 7
143 7
144 7
145 7
146 7
147 7
148 7
149 7
150 7
151 7
152 7
153 7
154 7
155 7
156 7
157 7
158 7
159 7
160 8
161 8
162 8
163 8
164 8
165 8
166 8
167 8
168 8
169 8
170 8
171 8
172 8
173 8
174 8
175 8
176 8
177 8
178 8
179 8
180 9
181 9
182 9
183 9
184 9
185 9
186 9
187 9
188 9
189 9
190 9
191 9
192 9
193 9
194 9
195 9
196 9
197 9
198 9
199 9
200 10
201 10
202 10
203 10
204 10
205 10
206 10
207 10
208 10
209 10
210 10
211 10
212 10
213 10
214 10
215 10
216 10
217 10
218 10
219 10
220 11
221 11
222 11
223 11
224 11
225 11
226 11
227 11
228 11
229 11
230 11
231 11
232 11
233 11
234 11
235 11
236 11
237 11
238 11
239 11
240 12
241 12
242 12
243 12
244 12
245 12
246 12
247 12
248 12
249 12
250 12
251 12
252 12
253 12
254 12
255 12
256 12
257 12
258 12
259 12
260 13
261 13
262 13
263 13
264 13
265 13
266 13
267 13
268 13
269 13
270 13
271 13
272 13
273 13
274 13
275 13
276 13
277 13
278 13
279 13
280 14
281 14
282 14
283 14
284 14
285 14
286 14
287 14
288 14
289 14
290 14
291 14
292 14
293 14
294 14
295 14
296 14
297 14
298 14
299 14
300 15
301 15
302 15
303 15
304 15
305 15
306 15
307 15
308 15
309 15
310 15
311 15
312 15
313 15
314 15
315 15
316 15
317 15
318 15
319 15

2 1 0 0
2 0 0 0
3 1 0 0
3 2 0 0
4 3 0 0
4 0 0 0
5 1 0 0
5 2 0 0
6 5 0 0
6 2 0 0
7 1 0 0
7 0 0 0
8 3 0 0
8 2 0 0
9 1 0 0
9 8 0 0
10 8 0 0
10 7 0 0
11 9 0 0
11 5 0 0
12 6 0 0
12 11 0 0
13 3 0 0
13 9 0 0
14 12 0 0
14 11 0 0
15 2 0 0
15 3 0 0
16 1 0 0
16 14 0 0
17 9 0 0
17 4 0 0
18 2 0 0
18 16 0 0
19 17 0 0
19 15 0 0
0 13 0 0
0 15 0 0
1 18 0 0
1 12 0 0
22 21 1 1
22 20 1 1
23 22 1 1
23 20 1 1
24 23 1 1
24 22 1 1
25 24 1 1
25 21 1 1
26 24 1 1
26 23 1 1
27 21 1 1
27 25 1 1
28 25 1 1
28 24 1 1
29 22 1 1
29 20 1 1
30 26 1 1
30 23 1 1
31 30 1 1
31 24 1 1
32 27 1 1
32 20 1 1
33 26 1 1
33 20 1 1
34 21 1 1
34 25 1 1
35 24 1 1
35 31 1 1
36 33 1 1
36 29 1 1
37 33 1 1
37 31 1 1
38 34 1 1
38 28 1 1
39 31 1 1
39 32 1 1
20 24 1 1
20 36 1 1
21 28 1 1
21 33 1 1
42 40 2 2
42 41 2 2
43 40 2 2
43 41 2 2
44 42 2 2
44 41 2 2
45 41 2 2
45 43 2 2
46 45 2 2
46 44 2 2
47 41 2 2
47 42 2 2
48 43 2 2
48 44 2 2
49 45 2 2
49 47 2 2
50 40 2 2
50 45 2 2
51 47 2 2
51 49 2 2
52 48 2 2
52 50 2 2
53 49 2 2
53 48 2 2
54 52 2 2
54 43 2 2
55 42 2 2
55 46 2 2
56 45 2 2
56 49 2 2
57 49 2 2
57 41 2 2
58 47 2 2
58 41 2 2
59 42 2 2
59 48 2 2
40 52 2 2
40 59 2 2
41 50 2 2
41 59 2 2
62 60 3 3
62 61 3 3
63 62 3 3
63 61 3 3
64 62 3 3
64 60 3 3
65 61 3 3
65 64 3 3
66 62 3 3
66 65 3 3
67 62 3 3
67 60 3 3
68 63 3 3
68 60 3 3
69 64 3 3
69 60 3 3
70 63 3 3
70 67 3 3
71 64 3 3
71 65 3 3
72 62 3 3
72 64 3 3
73 67 3 3
73 66 3 3
74 65 3 3
74 69 3 3
75 60 3 3
75 71 3 3
76 63 3 3
76 73 3 3
77 69 3 3
77 60 3 3
78 64 3 3
78 68 3 3
79 74 3 3
79 64 3 3
60 76 3 3
60 72 3 3
61 72 3 3
61 71 3 3
82 80 4 4
82 81 4 4
83 81 4 4
83 82 4 4
84 81 4 4
84 80 4 4
85 82 4 4
85 84 4 4
86 80 4 4
86 82 4 4
87 83 4 4
87 86 4 4
88 81 4 4
88 80 4 4
89 85 4 4
89 86 4 4
90 86 4 4
90 89 4 4
91 83 4 4
91 86 4 4
92 81 4 4
92 80 4 4
93 89 4 4
93 82 4 4
94 86 4 4
94 89 4 4
95 82 4 4
95 89 4 4
96 88 4 4
96 92 4 4
97 96 4 4
97 90 4 4
98 83 4 4
98 87 4 4
99 91 4 4
99 80 4 4
80 87 4 4
80 91 4 4
81 96 4 4
81 91 4 4
102 100 5 5
102 101 5 5
103 102 5 5
103 100 5 5
104 102 5 5
104 101 5 5
105 104 5 5
105 100 5 5
106 104 5 5
106 102 5 5
107 100 5 5
107 103 5 5
108 104 5 5
108 105 5 5
109 102 5 5
109 108 5 5
110 106 5 5
110 109 5 5
111 105 5 5
111 102 5 5
112 111 5 5
112 100 5 5
113 109 5 5
113 104 5 5
114 101 5 5
114 103 5 5
115 110 5 5
115 105 5 5
116 102 5 5
116 100 5 5
117 105 5 5
117 111 5 5
118 109 5 5
118 111 5 5
119 101 5 5
119 112 5 5
100 115 5 5
100 114 5 5
101 109 5 5
101 111 5 5
122 121 6 6
122 120 6 6
123 121 6 6
123 120 6 6
124 122 6 6
124 120 6 6
125 122 6 6
125 121 6 6
126 124 6 6
126 120 6 6
127 121 6 6
127 124 6 6
128 124 6 6
128 120 6 6
129 123 6 6
129 121 6 6
130 124 6 6
130 128 6 6
131 125 6 6
131 127 6 6
132 131 6 6
132 120 6 6
133 120 6 6
133 124 6 6
134 131 6 6
134 120 6 6
135 127 6 6
135 122 6 6
136 129 6 6
136 121 6 6
137 125 6 6
137 122 6 6
138 134 6 6
138 127 6 6
139 135 6 6
139 132 6 6
120 137 6 6
120 130 6 6
121 131 6 6
121 124 6 6
142 141 7 7
142 140 7 7
143 140 7 7
143 141 7 7
144 143 7 7
144 141 7 7
145 143 7 7
145 144 7 7
146 143 7 7
146 145 7 7
147 140 7 7
147 144 7 7
148 143 7 7
148 144 7 7
149 147 7 7
149 144 7 7
150 142 7 7
150 144 7 7
151 148 7 7
151 141 7 7
152 150 7 7
152 141 7 7
153 150 7 7
153 151 7 7
154 140 7 7
154 147 7 7
155 143 7 7
155 146 7 7
156 153 7 7
156 145 7 7
157 142 7 7
157 151 7 7
158 142 7 7
158 154 7 7
159 147 7 7
159 144 7 7
140 156 7 7
140 144 7 7
141 157 7 7
141 159 7 7
162 160 8 8
162 161 8 8
163 160 8 8
163 161 8 8
164 161 8 8
164 163 8 8
165 161 8 8
165 164 8 8
166 161 8 8
166 162 8 8
167 166 8 8
167 161 8 8
168 166 8 8
168 167 8 8
169 160 8 8
169 163 8 8
170 169 8 8
170 165 8 8
171 162 8 8
171 170 8 8
172 162 8 8
172 161 8 8
173 160 8 8
173 168 8 8
174 162 8 8
174 167 8 8
175 171 8 8
175 170 8 8
176 166 8 8
176 175 8 8
177 165 8 8
177 169 8 8
178 160 8 8
178 177 8 8
179 161 8 8
179 173 8 8
160 174 8 8
160 175 8 8
161 170 8 8
161 178 8 8
182 180 9 9
182 181 9 9
183 180 9 9
183 182 9 9
184 181 9 9
184 182 9 9
185 184 9 9
185 181 9 9
186 182 9 9
186 185 9 9
187 185 9 9
187 184 9 9
188 187 9 9
188 181 9 9
189 180 9 9
189 181 9 9
190 188 9 9
190 183 9 9
191 182 9 9
191 183 9 9
192 189 9 9
192 186 9 9
193 185 9 9
193 190 9 9
194 189 9 9
194 183 9 9
195 182 9 9
195 191 9 9
196 194 9 9
196 187 9 9
197 191 9 9
197 188 9 9
198 191 9 9
198 197 9 9
199 183 9 9
199 197 9 9
180 194 9 9
180 192 9 9
181 193 9 9
181 186 9 9
202 201 10 10
202 200 10 10
203 201 10 10
203 200 10 10
204 200 10 10
204 202 10 10
205 200 10 10
205 201 10 10
206 205 10 10
206 201 10 10
207 203 10 10
207 201 10 10
208 200 10 10
208 203 10 10
209 204 10 10
209 200 10 10
210 208 10 10
210 200 10 10
211 209 10 10
211 204 10 10
212 206 10 10
212 202 10 10
213 204 10 10
213 212 10 10
214 211 10 10
214 202 10 10
215 206 10 10
215 210 10 10
216 202 10 10
216 204 10 10
217 202 10 10
217 200 10 10
218 202 10 10
218 200 10 10
219 217 10 10
219 204 10 10
200 219 10 10
200 213 10 10
201 210 10 10
201 215 10 10
222 221 11 11
222 220 11 11
223 220 11 11
223 221 11 11
224 223 11 11
224 221 11 11
225 222 11 11
225 220 11 11
226 221 11 11
226 220 11 11
227 222 11 11
227 226 11 11
228 225 11 11
228 224 11 11
229 226 11 11
229 224 11 11
230 229 11 11
230 227 11 11
231 224 11 11
231 226 11 11
232 222 11 11
232 226 11 11
233 222 11 11
233 232 11 11
234 223 11 11
234 224 11 11
235 221 11 11
235 233 11 11
236 226 11 11
236 220 11 11
237 235 11 11
237 220 11 11
238 227 11 11
238 231 11 11
239 228 11 11
239 230 11 11
220 231 11 11
220 239 11 11
221 233 11 11
221 239 11 11
242 240 12 12
242 241 12 12
243 240 12 12
243 242 12 12
244 243 12 12
244 242 12 12
245 243 12 12
245 244 12 12
246 243 12 12
246 244 12 12
247 243 12 12
247 246 12 12
248 241 12 12
248 242 12 12
249 244 12 12
249 245 12 12
250 249 12 12
250 244 12 12
251 249 12 12
251 245 12 12
252 242 12 12
252 248 12 12
253 252 12 12
253 240 12 12
254 241 12 12
254 244 12 12
255 249 12 12
255 251 12 12
256 255 12 12
256 254 12 12
257 250 12 12
257 253 12 12
258 242 12 12
258 248 12 12
259 243 12 12
259 249 12 12
240 247 12 12
240 259 12 12
241 259 12 12
241 246 12 12
262 261 13 13
262 260 13 13
263 261 13 13
263 262 13 13
264 261 13 13
264 263 13 13
265 261 13 13
265 264 13 13
266 260 13 13
266 262 13 13
267 260 13 13
267 262 13 13
268 264 13 13
268 262 13 13
269 266 13 13
269 263 13 13
270 264 13 13
270 268 13 13
271 268 13 13
271 264 13 13
272 263 13 13
272 261 13 13
273 264 13 13
273 265 13 13
274 271 13 13
274 261 13 13
275 260 13 13
275 266 13 13
276 261 13 13
276 268 13 13
277 274 13 13
277 268 13 13
278 269 13 13
278 267 13 13
279 276 13 13
279 263 13 13
260 276 13 13
260 278 13 13
261 275 13 13
261 271 13 13
282 281 14 14
282 280 14 14
283 281 14 14
283 282 14 14
284 281 14 14
284 282 14 14
285 281 14 14
285 280 14 14
286 285 14 14
286 281 14 14
287 286 14 14
287 285 14 14
288 283 14 14
288 282 14 14
289 284 14 14
289 283 14 14
290 285 14 14
290 284 14 14
291 281 14 14
291 287 14 14
292 285 14 14
292 286 14 14
293 288 14 14
293 280 14 14
294 282 14 14
294 290 14 14
295 294 14 14
295 280 14 14
296 283 14 14
296 295 14 14
297 283 14 14
297 288 14 14
298 285 14 14
298 282 14 14
299 289 14 14
299 281 14 14
280 291 14 14
280 292 14 14
281 297 14 14
281 292 14 14
302 301 15 15
302 300 15 15
303 300 15 15
303 301 15 15
304 303 15 15
304 301 15 15
305 302 15 15
305 304 15 15
306 300 15 15
306 304 15 15
307 303 15 15
307 302 15 15
308 301 15 15
308 300 15 15
309 306 15 15
309 308 15 15
310 307 15 15
310 300 15 15
311 301 15 15
311 305 15 15
312 306 15 15
312 305 15 15
313 305 15 15
313 307 15 15
314 302 15 15
314 306 15 15
315 306 15 15
315 302 15 15
316 312 15 15
316 309 15 15
317 314 15 15
317 303 15 15
318 308 15 15
318 316 15 15
319 300 15 15
319 307 15 15
300 316 15 15
300 312 15 15
301 310 15 15
301 314 15 15
52 30 2 1
48 2 2 0
73 9 3 0
60 47 3 2
80 67 4 3
87 35 4 1
103 48 5 2
103 19 5 0
128 38 6 1
123 91 6 4
152 17 7 0
146 133 7 6
163 61 8 3
165 158 8 7
196 137 9 6
186 112 9 5
215 22 10 1
201 55 10 2
220 88 11 4
228 111 11 5
255 88 12 4
240 189 12 9
271 257 13 12
263 152 13 7
280 201 14 10
285 260 14 13
306 237 15 11
311 103 15 5
2 266 0 13
17 214 0 10
22 247 1 12
32 74 1 3
