swNum = 320
edgeNum = 672

0 0
1 0
2 0
3 0
4 0
5 0
6 0
7 0
8 0
9 0
10 0
11 0
12 0
13 0
14 0
15 0
16 0
17 0
18 0
19 0
20 1
21 1
22 1
23 1
24 1
25 1
26 1
27 1
28 1
29 1
30 1
31 1
32 1
33 1
34 1
35 1
36 1
37 1
38 1
39 1
40 2
41 2
42 2
43 2
44 2
45 2
46 2
47 2
48 2
49 2
50 2
51 2
52 2
53 2
54 2
55 2
56 2
57 2
58 2
59 2
60 3
61 3
62 3
63 3
64 3
65 3
66 3
67 3
68 3
69 3
70 3
71 3
72 3
73 3
74 3
75 3
76 3
77 3
78 3
79 3
80 4
81 4
82 4
83 4
84 4
85 4
86 4
87 4
88 4
89 4
90 4
91 4
92 4
93 4
94 4
95 4
96 4
97 4
98 4
99 4
100 5
101 5
102 5
103 5
104 5
105 5
106 5
107 5
108 5
109 5
110 5
111 5
112 5
113 5
114 5
115 5
116 5
117 5
118 5
119 5
120 6
121 6
122 6
123 6
124 6
125 6
126 6
127 6
128 6
129 6
130 6
131 6
132 6
133 6
134 6
135 6
136 6
137 6
138 6
139 6
140 7
141 7
142 7
143 7
144 7
145 7
146 7
147 7
148 7
149 7
150 7
151 7
152 7
153 7
154 7
155 7
156 7
157 7
158 7
159 7
160 8
161 8
162 8
163 8
164 8
165 8
166 8
167 8
168 8
169 8
170 8
171 8
172 8
173 8
174 8
175 8
176 8
177 8
178 8
179 8
180 9
181 9
182 9
183 9
184 9
185 9
186 9
187 9
188 9
189 9
190 9
191 9
192 9
193 9
194 9
195 9
196 9
197 9
198 9
199 9
200 10
201 10
202 10
203 10
204 10
205 10
206 10
207 10
208 10
209 10
210 10
211 10
212 10
213 10
214 10
215 10
216 10
217 10
218 10
219 10
220 11
221 11
222 11
223 11
224 11
225 11
226 11
227 11
228 11
229 11
230 11
231 11
232 11
233 11
234 11
235 11
236 11
237 11
238 11
239 11
240 12
241 12
242 12
243 12
244 12
245 12
246 12
247 12
248 12
249 12
250 12
251 12
252 12
253 12
254 12
255 12
256 12
257 12
258 12
259 12
260 13
261 13
262 13
263 13
264 13
265 13
266 13
267 13
268 13
269 13
270 13
271 13
272 13
273 13
274 13
275 13
276 13
277 13
278 13
279 13
280 14
281 14
282 14
283 14
284 14
285 14
286 14
287 14
288 14
289 14
290 14
291 14
292 14
293 14
294 14
295 14
296 14
297 14
298 14
299 14
300 15
301 15
302 15
303 15
304 15
305 15
306 15
307 15
308 15
309 15
310 15
311 15
312 15
313 15
314 15
315 15
316 15
317 15
318 15
319 15

2 1 0 0
2 0 0 0
3 2 0 0
3 0 0 0
4 2 0 0
4 1 0 0
5 2 0 0
5 1 0 0
6 2 0 0
6 0 0 0
7 4 0 0
7 2 0 0
8 6 0 0
8 2 0 0
9 4 0 0
9 2 0 0
10 0 0 0
10 4 0 0
11 7 0 0
11 10 0 0
12 3 0 0
12 4 0 0
13 6 0 0
13 5 0 0
14 9 0 0
14 12 0 0
15 2 0 0
15 0 0 0
16 11 0 0
16 7 0 0
17 8 0 0
17 1 0 0
18 9 0 0
18 12 0 0
19 9 0 0
19 1 0 0
0 13 0 0
0 8 0 0
1 10 0 0
1 12 0 0
22 21 1 1
22 20 1 1
23 22 1 1
23 21 1 1
24 22 1 1
24 23 1 1
25 24 1 1
25 20 1 1
26 25 1 1
26 24 1 1
27 20 1 1
27 25 1 1
28 27 1 1
28 25 1 1
29 25 1 1
29 26 1 1
30 23 1 1
30 20 1 1
31 28 1 1
31 30 1 1
32 28 1 1
32 27 1 1
33 25 1 1
33 32 1 1
34 29 1 1
34 28 1 1
35 21 1 1
35 33 1 1
36 28 1 1
36 32 1 1
37 27 1 1
37 28 1 1
38 21 1 1
38 26 1 1
39 34 1 1
39 37 1 1
20 34 1 1
20 36 1 1
21 33 1 1
21 31 1 1
42 41 2 2
42 40 2 2
43 42 2 2
43 41 2 2
44 42 2 2
44 40 2 2
45 42 2 2
45 40 2 2
46 45 2 2
46 40 2 2
47 41 2 2
47 42 2 2
48 40 2 2
48 45 2 2
49 48 2 2
49 43 2 2
50 42 2 2
50 40 2 2
51 42 2 2
51 41 2 2
52 40 2 2
52 42 2 2
53 44 2 2
53 43 2 2
54 48 2 2
54 40 2 2
55 52 2 2
55 53 2 2
56 40 2 2
56 46 2 2
57 53 2 2
57 52 2 2
58 40 2 2
58 47 2 2
59 57 2 2
59 49 2 2
40 51 2 2
40 59 2 2
41 49 2 2
41 56 2 2
62 60 3 3
62 61 3 3
63 60 3 3
63 62 3 3
64 62 3 3
64 63 3 3
65 63 3 3
65 61 3 3
66 64 3 3
66 60 3 3
67 64 3 3
67 66 3 3
68 64 3 3
68 61 3 3
69 68 3 3
69 66 3 3
70 61 3 3
70 64 3 3
71 66 3 3
71 69 3 3
72 61 3 3
72 70 3 3
73 71 3 3
73 66 3 3
74 70 3 3
74 62 3 3
75 71 3 3
75 73 3 3
76 74 3 3
76 64 3 3
77 72 3 3
77 68 3 3
78 68 3 3
78 65 3 3
79 71 3 3
79 63 3 3
60 73 3 3
60 64 3 3
61 78 3 3
61 76 3 3
82 80 4 4
82 81 4 4
83 82 4 4
83 81 4 4
84 81 4 4
84 80 4 4
85 82 4 4
85 83 4 4
86 85 4 4
86 81 4 4
87 84 4 4
87 81 4 4
88 84 4 4
88 85 4 4
89 85 4 4
89 83 4 4
90 81 4 4
90 87 4 4
91 85 4 4
91 83 4 4
92 81 4 4
92 80 4 4
93 90 4 4
93 84 4 4
94 91 4 4
94 87 4 4
95 88 4 4
95 82 4 4
96 91 4 4
96 94 4 4
97 94 4 4
97 89 4 4
98 90 4 4
98 82 4 4
99 95 4 4
99 86 4 4
80 94 4 4
80 87 4 4
81 94 4 4
81 93 4 4
102 100 5 5
102 101 5 5
103 101 5 5
103 100 5 5
104 103 5 5
104 101 5 5
105 103 5 5
105 101 5 5
106 104 5 5
106 101 5 5
107 106 5 5
107 105 5 5
108 101 5 5
108 103 5 5
109 101 5 5
109 103 5 5
110 101 5 5
110 108 5 5
111 103 5 5
111 102 5 5
112 100 5 5
112 109 5 5
113 100 5 5
113 104 5 5
114 102 5 5
114 110 5 5
115 110 5 5
115 107 5 5
116 108 5 5
116 102 5 5
117 109 5 5
117 110 5 5
118 105 5 5
118 103 5 5
119 111 5 5
119 112 5 5
100 115 5 5
100 107 5 5
101 118 5 5
101 119 5 5
122 120 6 6
122 121 6 6
123 121 6 6
123 122 6 6
124 123 6 6
124 122 6 6
125 124 6 6
125 123 6 6
126 125 6 6
126 124 6 6
127 126 6 6
127 123 6 6
128 122 6 6
128 126 6 6
129 124 6 6
129 126 6 6
130 126 6 6
130 127 6 6
131 129 6 6
131 124 6 6
132 130 6 6
132 125 6 6
133 131 6 6
133 132 6 6
134 129 6 6
134 133 6 6
135 125 6 6
135 126 6 6
136 122 6 6
136 123 6 6
137 122 6 6
137 134 6 6
138 122 6 6
138 128 6 6
139 123 6 6
139 126 6 6
120 138 6 6
120 133 6 6
121 127 6 6
121 132 6 6
142 141 7 7
142 140 7 7
143 140 7 7
143 141 7 7
144 140 7 7
144 141 7 7
145 142 7 7
145 141 7 7
146 145 7 7
146 141 7 7
147 145 7 7
147 146 7 7
148 140 7 7
148 142 7 7
149 144 7 7
149 141 7 7
150 143 7 7
150 144 7 7
151 147 7 7
151 141 7 7
152 143 7 7
152 151 7 7
153 142 7 7
153 152 7 7
154 140 7 7
154 149 7 7
155 151 7 7
155 146 7 7
156 145 7 7
156 149 7 7
157 149 7 7
157 146 7 7
158 142 7 7
158 157 7 7
159 151 7 7
159 147 7 7
140 158 7 7
140 159 7 7
141 158 7 7
141 150 7 7
162 161 8 8
162 160 8 8
163 161 8 8
163 162 8 8
164 163 8 8
164 161 8 8
165 164 8 8
165 162 8 8
166 163 8 8
166 162 8 8
167 161 8 8
167 162 8 8
168 162 8 8
168 164 8 8
169 166 8 8
169 167 8 8
170 161 8 8
170 162 8 8
171 161 8 8
171 164 8 8
172 164 8 8
172 167 8 8
173 170 8 8
173 172 8 8
174 166 8 8
174 170 8 8
175 174 8 8
175 165 8 8
176 170 8 8
176 163 8 8
177 174 8 8
177 168 8 8
178 174 8 8
178 164 8 8
179 173 8 8
179 174 8 8
160 165 8 8
160 166 8 8
161 176 8 8
161 179 8 8
182 180 9 9
182 181 9 9
183 182 9 9
183 180 9 9
184 180 9 9
184 182 9 9
185 183 9 9
185 182 9 9
186 181 9 9
186 182 9 9
187 183 9 9
187 181 9 9
188 183 9 9
188 186 9 9
189 183 9 9
189 186 9 9
190 181 9 9
190 187 9 9
191 185 9 9
191 181 9 9
192 189 9 9
192 185 9 9
193 184 9 9
193 188 9 9
194 187 9 9
194 191 9 9
195 191 9 9
195 193 9 9
196 186 9 9
196 190 9 9
197 195 9 9
197 186 9 9
198 184 9 9
198 181 9 9
199 198 9 9
199 186 9 9
180 195 9 9
180 186 9 9
181 184 9 9
181 199 9 9
202 200 10 10
202 201 10 10
203 202 10 10
203 201 10 10
204 200 10 10
204 203 10 10
205 201 10 10
205 203 10 10
206 203 10 10
206 201 10 10
207 204 10 10
207 200 10 10
208 207 10 10
208 200 10 10
209 203 10 10
209 206 10 10
210 204 10 10
210 201 10 10
211 209 10 10
211 200 10 10
212 208 10 10
212 201 10 10
213 209 10 10
213 212 10 10
214 212 10 10
214 203 10 10
215 212 10 10
215 209 10 10
216 206 10 10
216 209 10 10
217 205 10 10
217 212 10 10
218 213 10 10
218 209 10 10
219 211 10 10
219 210 10 10
200 212 10 10
200 203 10 10
201 219 10 10
201 217 10 10
222 220 11 11
222 221 11 11
223 222 11 11
223 221 11 11
224 222 11 11
224 221 11 11
225 223 11 11
225 221 11 11
226 222 11 11
226 221 11 11
227 220 11 11
227 226 11 11
228 226 11 11
228 221 11 11
229 224 11 11
229 228 11 11
230 220 11 11
230 228 11 11
231 220 11 11
231 225 11 11
232 228 11 11
232 221 11 11
233 226 11 11
233 231 11 11
234 226 11 11
234 222 11 11
235 234 11 11
235 228 11 11
236 232 11 11
236 222 11 11
237 232 11 11
237 233 11 11
238 228 11 11
238 226 11 11
239 221 11 11
239 232 11 11
220 234 11 11
220 232 11 11
221 233 11 11
221 236 11 11
242 241 12 12
242 240 12 12
243 242 12 12
243 240 12 12
244 241 12 12
244 240 12 12
245 242 12 12
245 243 12 12
246 243 12 12
246 242 12 12
247 245 12 12
247 246 12 12
248 246 12 12
248 243 12 12
249 245 12 12
249 241 12 12
250 243 12 12
250 242 12 12
251 245 12 12
251 244 12 12
252 250 12 12
252 251 12 12
253 244 12 12
253 251 12 12
254 244 12 12
254 242 12 12
255 241 12 12
255 252 12 12
256 243 12 12
256 253 12 12
257 251 12 12
257 241 12 12
258 257 12 12
258 251 12 12
259 250 12 12
259 242 12 12
240 255 12 12
240 254 12 12
241 253 12 12
241 259 12 12
262 260 13 13
262 261 13 13
263 262 13 13
263 261 13 13
264 261 13 13
264 262 13 13
265 261 13 13
265 264 13 13
266 260 13 13
266 262 13 13
267 263 13 13
267 266 13 13
268 261 13 13
268 267 13 13
269 263 13 13
269 267 13 13
270 260 13 13
270 261 13 13
271 263 13 13
271 270 13 13
272 260 13 13
272 261 13 13
273 268 13 13
273 261 13 13
274 270 13 13
274 266 13 13
275 271 13 13
275 265 13 13
276 267 13 13
276 260 13 13
277 265 13 13
277 270 13 13
278 261 13 13
278 269 13 13
279 273 13 13
279 263 13 13
260 268 13 13
260 271 13 13
261 276 13 13
261 269 13 13
282 281 14 14
282 280 14 14
283 282 14 14
283 280 14 14
284 282 14 14
284 281 14 14
285 280 14 14
285 284 14 14
286 284 14 14
286 280 14 14
287 286 14 14
287 283 14 14
288 287 14 14
288 286 14 14
289 287 14 14
289 288 14 14
290 282 14 14
290 286 14 14
291 286 14 14
291 288 14 14
292 281 14 14
292 289 14 14
293 288 14 14
293 286 14 14
294 284 14 14
294 288 14 14
295 282 14 14
295 291 14 14
296 294 14 14
296 282 14 14
297 284 14 14
297 290 14 14
298 286 14 14
298 290 14 14
299 281 14 14
299 295 14 14
280 298 14 14
280 289 14 14
281 296 14 14
281 289 14 14
302 301 15 15
302 300 15 15
303 302 15 15
303 301 15 15
304 302 15 15
304 303 15 15
305 303 15 15
305 302 15 15
306 302 15 15
306 301 15 15
307 303 15 15
307 306 15 15
308 303 15 15
308 307 15 15
309 305 15 15
309 301 15 15
310 304 15 15
310 306 15 15
311 307 15 15
311 305 15 15
312 307 15 15
312 302 15 15
313 309 15 15
313 311 15 15
314 312 15 15
314 305 15 15
315 306 15 15
315 305 15 15
316 304 15 15
316 308 15 15
317 300 15 15
317 309 15 15
318 309 15 15
318 305 15 15
319 313 15 15
319 305 15 15
300 313 15 15
300 310 15 15
301 315 15 15
301 308 15 15
56 34 2 1
50 5 2 0
68 9 3 0
60 52 3 2
91 47 4 2
99 17 4 0
114 35 5 1
102 98 5 4
128 108 6 5
139 51 6 2
150 121 7 6
154 16 7 0
177 59 8 2
170 30 8 1
196 153 9 7
183 71 9 3
217 98 10 4
212 9 10 0
224 157 11 7
233 200 11 10
251 126 12 6
252 109 12 5
277 53 13 2
271 102 13 5
289 55 14 2
284 121 14 6
313 47 15 2
304 165 15 8
6 181 0 9
4 260 0 13
27 124 1 6
35 271 1 13
