swNum = 320
edgeNum = 672

0 0
1 0
2 0
3 0
4 0
5 0
6 0
7 0
8 0
9 0
10 0
11 0
12 0
13 0
14 0
15 0
16 0
17 0
18 0
19 0
20 1
21 1
22 1
23 1
24 1
25 1
26 1
27 1
28 1
29 1
30 1
31 1
32 1
33 1
34 1
35 1
36 1
37 1
38 1
39 1
40 2
41 2
42 2
43 2
44 2
45 2
46 2
47 2
48 2
49 2
50 2
51 2
52 2
53 2
54 2
55 2
56 2
57 2
58 2
59 2
60 3
61 3
62 3
63 3
64 3
65 3
66 3
67 3
68 3
69 3
70 3
71 3
72 3
73 3
74 3
75 3
76 3
77 3
78 3
79 3
80 4
81 4
82 4
83 4
84 4
85 4
86 4
87 4
88 4
89 4
90 4
91 4
92 4
93 4
94 4
95 4
96 4
97 4
98 4
99 4
100 5
101 5
102 5
103 5
104 5
105 5
106 5
107 5
108 5
109 5
110 5
111 5
112 5
113 5
114 5
115 5
116 5
117 5
118 5
119 5
120 6
121 6
122 6
123 6
124 6
125 6
126 6
127 6
128 6
129 6
130 6
131 6
132 6
133 6
134 6
135 6
136 6
137 6
138 6
139 6
140 7
141 7
142 7
143 7
144 7
145 7
146 7
147 7
148 7
149 7
150 7
151 7
152 7
153 7
154 7
155 7
156 7
157 7
158 7
159 7
160 8
161 8
162 8
163 8
164 8
165 8
166 8
167 8
168 8
169 8
170 8
171 8
172 8
173 8
174 8
175 8
176 8
177 8
178 8
179 8
180 9
181 9
182 9
183 9
184 9
185 9
186 9
187 9
188 9
189 9
190 9
191 9
192 9
193 9
194 9
195 9
196 9
197 9
198 9
199 9
200 10
201 10
202 10
203 10
204 10
205 10
206 10
207 10
208 10
209 10
210 10
211 10
212 10
213 10
214 10
215 10
216 10
217 10
218 10
219 10
220 11
221 11
222 11
223 11
224 11
225 11
226 11
227 11
228 11
229 11
230 11
231 11
232 11
233 11
234 11
235 11
236 11
237 11
238 11
239 11
240 12
241 12
242 12
243 12
244 12
245 12
246 12
247 12
248 12
249 12
250 12
251 12
252 12
253 12
254 12
255 12
256 12
257 12
258 12
259 12
260 13
261 13
262 13
263 13
264 13
265 13
266 13
267 13
268 13
269 13
270 13
271 13
272 13
273 13
274 13
275 13
276 13
277 13
278 13
279 13
280 14
281 14
282 14
283 14
284 14
285 14
286 14
287 14
288 14
289 14
290 14
291 14
292 14
293 14
294 14
295 14
296 14
297 14
298 14
299 14
300 15
301 15
302 15
303 15
304 15
305 15
306 15
307 15
308 15
309 15
310 15
311 15
312 15
313 15
314 15
315 15
316 15
317 15
318 15
319 15

2 0 0 0
2 1 0 0
3 1 0 0
3 0 0 0
4 0 0 0
4 2 0 0
5 3 0 0
5 0 0 0
6 2 0 0
6 4 0 0
7 0 0 0
7 3 0 0
8 6 0 0
8 1 0 0
9 0 0 0
9 2 0 0
10 3 0 0
10 2 0 0
11 8 0 0
11 6 0 0
12 4 0 0
12 8 0 0
13 5 0 0
13 11 0 0
14 5 0 0
14 6 0 0
15 2 0 0
15 4 0 0
16 6 0 0
16 7 0 0
17 13 0 0
17 5 0 0
18 5 0 0
18 17 0 0
19 13 0 0
19 2 0 0
0 14 0 0
0 19 0 0
1 4 0 0
1 10 0 0
22 21 1 1
22 20 1 1
23 22 1 1
23 21 1 1
24 23 1 1
24 21 1 1
25 22 1 1
25 24 1 1
26 23 1 1
26 21 1 1
27 20 1 1
27 23 1 1
28 24 1 1
28 22 1 1
29 28 1 1
29 23 1 1
30 27 1 1
30 21 1 1
31 20 1 1
31 29 1 1
32 21 1 1
32 22 1 1
33 32 1 1
33 25 1 1
34 20 1 1
34 21 1 1
35 20 1 1
35 31 1 1
36 32 1 1
36 20 1 1
37 28 1 1
37 25 1 1
38 29 1 1
38 24 1 1
39 23 1 1
39 24 1 1
20 38 1 1
20 24 1 1
21 28 1 1
21 29 1 1
42 40 2 2
42 41 2 2
43 42 2 2
43 40 2 2
44 42 2 2
44 40 2 2
45 43 2 2
45 40 2 2
46 45 2 2
46 43 2 2
47 41 2 2
47 42 2 2
48 44 2 2
48 46 2 2
49 43 2 2
49 42 2 2
50 40 2 2
50 41 2 2
51 46 2 2
51 43 2 2
52 44 2 2
52 49 2 2
53 49 2 2
53 52 2 2
54 50 2 2
54 52 2 2
55 43 2 2
55 52 2 2
56 54 2 2
56 51 2 2
57 48 2 2
57 50 2 2
58 44 2 2
58 54 2 2
59 41 2 2
59 44 2 2
40 56 2 2
40 57 2 2
41 52 2 2
41 49 2 2
62 60 3 3
62 61 3 3
63 61 3 3
63 60 3 3
64 62 3 3
64 63 3 3
65 64 3 3
65 61 3 3
66 65 3 3
66 60 3 3
67 63 3 3
67 64 3 3
68 61 3 3
68 65 3 3
69 65 3 3
69 68 3 3
70 65 3 3
70 61 3 3
71 62 3 3
71 67 3 3
72 69 3 3
72 62 3 3
73 66 3 3
73 67 3 3
74 62 3 3
74 69 3 3
75 69 3 3
75 72 3 3
76 67 3 3
76 65 3 3
77 62 3 3
77 61 3 3
78 76 3 3
78 70 3 3
79 71 3 3
79 73 3 3
60 71 3 3
60 79 3 3
61 66 3 3
61 69 3 3
82 81 4 4
82 80 4 4
83 82 4 4
83 81 4 4
84 83 4 4
84 80 4 4
85 83 4 4
85 81 4 4
86 81 4 4
86 83 4 4
87 83 4 4
87 82 4 4
88 82 4 4
88 83 4 4
89 83 4 4
89 81 4 4
90 81 4 4
90 89 4 4
91 89 4 4
91 87 4 4
92 85 4 4
92 84 4 4
93 88 4 4
93 83 4 4
94 91 4 4
94 87 4 4
95 81 4 4
95 87 4 4
96 95 4 4
96 87 4 4
97 85 4 4
97 89 4 4
98 88 4 4
98 84 4 4
99 93 4 4
99 98 4 4
80 97 4 4
80 85 4 4
81 87 4 4
81 93 4 4
102 101 5 5
102 100 5 5
103 102 5 5
103 100 5 5
104 103 5 5
104 102 5 5
105 104 5 5
105 102 5 5
106 105 5 5
106 103 5 5
107 101 5 5
107 103 5 5
108 101 5 5
108 107 5 5
109 103 5 5
109 104 5 5
110 107 5 5
110 103 5 5
111 110 5 5
111 105 5 5
112 108 5 5
112 111 5 5
113 111 5 5
113 112 5 5
114 102 5 5
114 108 5 5
115 109 5 5
115 108 5 5
116 114 5 5
116 107 5 5
117 107 5 5
117 101 5 5
118 100 5 5
118 103 5 5
119 101 5 5
119 102 5 5
100 117 5 5
100 106 5 5
101 109 5 5
101 104 5 5
122 121 6 6
122 120 6 6
123 122 6 6
123 120 6 6
124 123 6 6
124 121 6 6
125 123 6 6
125 124 6 6
126 121 6 6
126 120 6 6
127 126 6 6
127 122 6 6
128 121 6 6
128 124 6 6
129 125 6 6
129 121 6 6
130 121 6 6
130 126 6 6
131 121 6 6
131 123 6 6
132 131 6 6
132 124 6 6
133 128 6 6
133 123 6 6
134 132 6 6
134 125 6 6
135 127 6 6
135 129 6 6
136 126 6 6
136 127 6 6
137 123 6 6
137 132 6 6
138 137 6 6
138 127 6 6
139 120 6 6
139 134 6 6
120 135 6 6
120 125 6 6
121 134 6 6
121 136 6 6
142 140 7 7
142 141 7 7
143 142 7 7
143 140 7 7
144 142 7 7
144 141 7 7
145 140 7 7
145 142 7 7
146 145 7 7
146 143 7 7
147 141 7 7
147 143 7 7
148 144 7 7
148 142 7 7
149 141 7 7
149 142 7 7
150 147 7 7
150 144 7 7
151 149 7 7
151 145 7 7
152 146 7 7
152 145 7 7
153 145 7 7
153 148 7 7
154 145 7 7
154 143 7 7
155 149 7 7
155 142 7 7
156 145 7 7
156 149 7 7
157 154 7 7
157 143 7 7
158 154 7 7
158 148 7 7
159 152 7 7
159 147 7 7
140 156 7 7
140 152 7 7
141 150 7 7
141 153 7 7
162 161 8 8
162 160 8 8
163 162 8 8
163 161 8 8
164 160 8 8
164 161 8 8
165 162 8 8
165 161 8 8
166 164 8 8
166 163 8 8
167 161 8 8
167 162 8 8
168 160 8 8
168 164 8 8
169 163 8 8
169 162 8 8
170 163 8 8
170 166 8 8
171 160 8 8
171 164 8 8
172 171 8 8
172 163 8 8
173 169 8 8
173 166 8 8
174 165 8 8
174 160 8 8
175 168 8 8
175 171 8 8
176 170 8 8
176 169 8 8
177 165 8 8
177 169 8 8
178 166 8 8
178 176 8 8
179 175 8 8
179 177 8 8
160 173 8 8
160 179 8 8
161 166 8 8
161 176 8 8
182 180 9 9
182 181 9 9
183 181 9 9
183 180 9 9
184 180 9 9
184 182 9 9
185 181 9 9
185 183 9 9
186 184 9 9
186 180 9 9
187 184 9 9
187 181 9 9
188 180 9 9
188 186 9 9
189 185 9 9
189 181 9 9
190 182 9 9
190 186 9 9
191 185 9 9
191 187 9 9
192 181 9 9
192 183 9 9
193 186 9 9
193 182 9 9
194 183 9 9
194 181 9 9
195 194 9 9
195 190 9 9
196 192 9 9
196 191 9 9
197 188 9 9
197 195 9 9
198 193 9 9
198 185 9 9
199 183 9 9
199 187 9 9
180 198 9 9
180 193 9 9
181 195 9 9
181 191 9 9
202 201 10 10
202 200 10 10
203 200 10 10
203 201 10 10
204 200 10 10
204 202 10 10
205 200 10 10
205 203 10 10
206 204 10 10
206 202 10 10
207 202 10 10
207 204 10 10
208 200 10 10
208 204 10 10
209 201 10 10
209 204 10 10
210 209 10 10
210 208 10 10
211 200 10 10
211 202 10 10
212 204 10 10
212 200 10 10
213 208 10 10
213 203 10 10
214 206 10 10
214 207 10 10
215 208 10 10
215 209 10 10
216 200 10 10
216 208 10 10
217 206 10 10
217 211 10 10
218 211 10 10
218 203 10 10
219 216 10 10
219 205 10 10
200 207 10 10
200 209 10 10
201 210 10 10
201 218 10 10
222 220 11 11
222 221 11 11
223 222 11 11
223 220 11 11
224 222 11 11
224 221 11 11
225 222 11 11
225 224 11 11
226 223 11 11
226 220 11 11
227 222 11 11
227 226 11 11
228 224 11 11
228 223 11 11
229 223 11 11
229 222 11 11
230 229 11 11
230 226 11 11
231 229 11 11
231 223 11 11
232 220 11 11
232 223 11 11
233 222 11 11
233 230 11 11
234 228 11 11
234 227 11 11
235 221 11 11
235 223 11 11
236 225 11 11
236 224 11 11
237 231 11 11
237 225 11 11
238 232 11 11
238 230 11 11
239 228 11 11
239 225 11 11
220 229 11 11
220 233 11 11
221 227 11 11
221 226 11 11
242 240 12 12
242 241 12 12
243 240 12 12
243 241 12 12
244 241 12 12
244 240 12 12
245 243 12 12
245 241 12 12
246 240 12 12
246 245 12 12
247 246 12 12
247 245 12 12
248 247 12 12
248 246 12 12
249 240 12 12
249 247 12 12
250 241 12 12
250 244 12 12
251 241 12 12
251 250 12 12
252 242 12 12
252 251 12 12
253 249 12 12
253 250 12 12
254 246 12 12
254 241 12 12
255 251 12 12
255 241 12 12
256 254 12 12
256 241 12 12
257 245 12 12
257 241 12 12
258 249 12 12
258 255 12 12
259 254 12 12
259 255 12 12
240 255 12 12
240 258 12 12
241 246 12 12
241 252 12 12
262 260 13 13
262 261 13 13
263 262 13 13
263 261 13 13
264 261 13 13
264 262 13 13
265 263 13 13
265 262 13 13
266 260 13 13
266 261 13 13
267 261 13 13
267 263 13 13
268 260 13 13
268 264 13 13
269 268 13 13
269 265 13 13
270 263 13 13
270 265 13 13
271 260 13 13
271 262 13 13
272 260 13 13
272 263 13 13
273 260 13 13
273 271 13 13
274 263 13 13
274 262 13 13
275 264 13 13
275 274 13 13
276 267 13 13
276 264 13 13
277 272 13 13
277 260 13 13
278 268 13 13
278 269 13 13
279 267 13 13
279 272 13 13
260 276 13 13
260 279 13 13
261 273 13 13
261 271 13 13
282 281 14 14
282 280 14 14
283 282 14 14
283 280 14 14
284 280 14 14
284 283 14 14
285 283 14 14
285 284 14 14
286 282 14 14
286 284 14 14
287 281 14 14
287 280 14 14
288 284 14 14
288 283 14 14
289 282 14 14
289 283 14 14
290 287 14 14
290 289 14 14
291 281 14 14
291 288 14 14
292 290 14 14
292 285 14 14
293 280 14 14
293 286 14 14
294 285 14 14
294 293 14 14
295 283 14 14
295 281 14 14
296 294 14 14
296 282 14 14
297 287 14 14
297 281 14 14
298 295 14 14
298 282 14 14
299 295 14 14
299 281 14 14
280 298 14 14
280 288 14 14
281 288 14 14
281 290 14 14
302 300 15 15
302 301 15 15
303 302 15 15
303 300 15 15
304 302 15 15
304 301 15 15
305 302 15 15
305 304 15 15
306 302 15 15
306 300 15 15
307 300 15 15
307 306 15 15
308 306 15 15
308 302 15 15
309 301 15 15
309 306 15 15
310 300 15 15
310 307 15 15
311 305 15 15
311 307 15 15
312 301 15 15
312 311 15 15
313 312 15 15
313 304 15 15
314 306 15 15
314 305 15 15
315 314 15 15
315 309 15 15
316 308 15 15
316 306 15 15
317 303 15 15
317 307 15 15
318 306 15 15
318 308 15 15
319 307 15 15
319 306 15 15
300 311 15 15
300 317 15 15
301 306 15 15
301 314 15 15
46 18 2 0
58 24 2 1
61 25 3 1
73 5 3 0
93 20 4 1
81 71 4 3
115 8 5 0
115 43 5 2
138 40 6 2
123 1 6 0
156 47 7 2
145 103 7 5
167 57 8 2
163 126 8 6
199 2 9 0
194 170 9 8
211 69 10 3
208 173 10 8
221 183 11 9
233 214 11 10
247 67 12 3
244 186 12 9
264 51 13 2
260 60 13 3
294 104 14 5
286 81 14 4
318 267 15 13
313 30 15 1
3 146 0 7
5 262 0 13
36 187 1 9
33 285 1 14
