swNum = 320
edgeNum = 672

0 0
1 0
2 0
3 0
4 0
5 0
6 0
7 0
8 0
9 0
10 0
11 0
12 0
13 0
14 0
15 0
16 0
17 0
18 0
19 0
20 1
21 1
22 1
23 1
24 1
25 1
26 1
27 1
28 1
29 1
30 1
31 1
32 1
33 1
34 1
35 1
36 1
37 1
38 1
39 1
40 2
41 2
42 2
43 2
44 2
45 2
46 2
47 2
48 2
49 2
50 2
51 2
52 2
53 2
54 2
55 2
56 2
57 2
58 2
59 2
60 3
61 3
62 3
63 3
64 3
65 3
66 3
67 3
68 3
69 3
70 3
71 3
72 3
73 3
74 3
75 3
76 3
77 3
78 3
79 3
80 4
81 4
82 4
83 4
84 4
85 4
86 4
87 4
88 4
89 4
90 4
91 4
92 4
93 4
94 4
95 4
96 4
97 4
98 4
99 4
100 5
101 5
102 5
103 5
104 5
105 5
106 5
107 5
108 5
109 5
110 5
111 5
112 5
113 5
114 5
115 5
116 5
117 5
118 5
119 5
120 6
121 6
122 6
123 6
124 6
125 6
126 6
127 6
128 6
129 6
130 6
131 6
132 6
133 6
134 6
135 6
136 6
137 6
138 6
139 6
140 7
141 7
142 7
143 7
144 7
145 7
146 7
147 7
148 7
149 7
150 7
151 7
152 7
153 7
154 7
155 7
156 7
157 7
158 7
159 7
160 8
161 8
162 8
163 8
164 8
165 8
166 8
167 8
168 8
169 8
170 8
171 8
172 8
173 8
174 8
175 8
176 8
177 8
178 8
179 8
180 9
181 9
182 9
183 9
184 9
185 9
186 9
187 9
188 9
189 9
190 9
191 9
192 9
193 9
194 9
195 9
196 9
197 9
198 9
199 9
200 10
201 10
202 10
203 10
204 10
205 10
206 10
207 10
208 10
209 10
210 10
211 10
212 10
213 10
214 10
215 10
216 10
217 10
218 10
219 10
220 11
221 11
222 11
223 11
224 11
225 11
226 11
227 11
228 11
229 11
230 11
231 11
232 11
233 11
234 11
235 11
236 11
237 11
238 11
239 11
240 12
241 12
242 12
243 12
244 12
245 12
246 12
247 12
248 12
249 12
250 12
251 12
252 12
253 12
254 12
255 12
256 12
257 12
258 12
259 12
260 13
261 13
262 13
263 13
264 13
265 13
266 13
267 13
268 13
269 13
270 13
271 13
272 13
273 13
274 13
275 13
276 13
277 13
278 13
279 13
280 14
281 14
282 14
283 14
284 14
285 14
286 14
287 14
288 14
289 14
290 14
291 14
292 14
293 14
294 14
295 14
296 14
297 14
298 14
299 14
300 15
301 15
302 15
303 15
304 15
305 15
306 15
307 15
308 15
309 15
310 15
311 15
312 15
313 15
314 15
315 15
316 15
317 15
318 15
319 15

2 0 0 0
2 1 0 0
3 1 0 0
3 0 0 0
4 3 0 0
4 2 0 0
5 4 0 0
5 1 0 0
6 3 0 0
6 2 0 0
7 1 0 0
7 2 0 0
8 0 0 0
8 7 0 0
9 8 0 0
9 2 0 0
10 0 0 0
10 8 0 0
11 2 0 0
11 1 0 0
12 4 0 0
12 11 0 0
13 8 0 0
13 6 0 0
14 4 0 0
14 12 0 0
15 13 0 0
15 6 0 0
16 11 0 0
16 7 0 0
17 4 0 0
17 10 0 0
18 14 0 0
18 9 0 0
19 0 0 0
19 9 0 0
0 7 0 0
0 17 0 0
1 18 0 0
1 13 0 0
22 21 1 1
22 20 1 1
23 22 1 1
23 20 1 1
24 21 1 1
24 22 1 1
25 24 1 1
25 21 1 1
26 24 1 1
26 25 1 1
27 24 1 1
27 25 1 1
28 26 1 1
28 20 1 1
29 20 1 1
29 21 1 1
30 21 1 1
30 25 1 1
31 30 1 1
31 28 1 1
32 23 1 1
32 20 1 1
33 27 1 1
33 24 1 1
34 20 1 1
34 29 1 1
35 26 1 1
35 23 1 1
36 35 1 1
36 34 1 1
37 34 1 1
37 21 1 1
38 27 1 1
38 28 1 1
39 37 1 1
39 38 1 1
20 27 1 1
20 25 1 1
21 27 1 1
21 31 1 1
42 40 2 2
42 41 2 2
43 42 2 2
43 40 2 2
44 43 2 2
44 41 2 2
45 40 2 2
45 42 2 2
46 45 2 2
46 42 2 2
47 42 2 2
47 45 2 2
48 41 2 2
48 44 2 2
49 44 2 2
49 42 2 2
50 40 2 2
50 43 2 2
51 43 2 2
51 46 2 2
52 46 2 2
52 49 2 2
53 44 2 2
53 41 2 2
54 48 2 2
54 41 2 2
55 46 2 2
55 44 2 2
56 54 2 2
56 53 2 2
57 53 2 2
57 54 2 2
58 52 2 2
58 54 2 2
59 56 2 2
59 49 2 2
40 51 2 2
40 54 2 2
41 56 2 2
41 55 2 2
62 60 3 3
62 61 3 3
63 61 3 3
63 60 3 3
64 63 3 3
64 60 3 3
65 63 3 3
65 61 3 3
66 61 3 3
66 62 3 3
67 60 3 3
67 65 3 3
68 66 3 3
68 65 3 3
69 67 3 3
69 60 3 3
70 69 3 3
70 64 3 3
71 66 3 3
71 62 3 3
72 64 3 3
72 61 3 3
73 65 3 3
73 64 3 3
74 69 3 3
74 67 3 3
75 63 3 3
75 61 3 3
76 66 3 3
76 68 3 3
77 75 3 3
77 76 3 3
78 63 3 3
78 67 3 3
79 69 3 3
79 67 3 3
60 75 3 3
60 72 3 3
61 70 3 3
61 73 3 3
82 80 4 4
82 81 4 4
83 80 4 4
83 81 4 4
84 81 4 4
84 82 4 4
85 84 4 4
85 82 4 4
86 82 4 4
86 80 4 4
87 80 4 4
87 82 4 4
88 86 4 4
88 80 4 4
89 81 4 4
89 86 4 4
90 88 4 4
90 81 4 4
91 83 4 4
91 90 4 4
92 88 4 4
92 81 4 4
93 90 4 4
93 88 4 4
94 82 4 4
94 87 4 4
95 92 4 4
95 94 4 4
96 89 4 4
96 95 4 4
97 95 4 4
97 81 4 4
98 89 4 4
98 84 4 4
99 98 4 4
99 88 4 4
80 93 4 4
80 97 4 4
81 95 4 4
81 85 4 4
102 101 5 5
102 100 5 5
103 101 5 5
103 102 5 5
104 102 5 5
104 100 5 5
105 101 5 5
105 100 5 5
106 101 5 5
106 105 5 5
107 100 5 5
107 102 5 5
108 106 5 5
108 101 5 5
109 104 5 5
109 108 5 5
110 106 5 5
110 101 5 5
111 107 5 5
111 102 5 5
112 101 5 5
112 109 5 5
113 108 5 5
113 100 5 5
114 105 5 5
114 110 5 5
115 113 5 5
115 103 5 5
116 106 5 5
116 107 5 5
117 107 5 5
117 105 5 5
118 104 5 5
118 110 5 5
119 115 5 5
119 116 5 5
100 116 5 5
100 112 5 5
101 113 5 5
101 117 5 5
122 120 6 6
122 121 6 6
123 121 6 6
123 122 6 6
124 120 6 6
124 123 6 6
125 120 6 6
125 123 6 6
126 124 6 6
126 120 6 6
127 125 6 6
127 122 6 6
128 123 6 6
128 125 6 6
129 120 6 6
129 123 6 6
130 122 6 6
130 128 6 6
131 128 6 6
131 122 6 6
132 122 6 6
132 127 6 6
133 122 6 6
133 125 6 6
134 122 6 6
134 127 6 6
135 127 6 6
135 130 6 6
136 135 6 6
136 128 6 6
137 132 6 6
137 122 6 6
138 137 6 6
138 128 6 6
139 132 6 6
139 124 6 6
120 133 6 6
120 131 6 6
121 131 6 6
121 130 6 6
142 141 7 7
142 140 7 7
143 141 7 7
143 140 7 7
144 143 7 7
144 141 7 7
145 141 7 7
145 143 7 7
146 145 7 7
146 142 7 7
147 142 7 7
147 145 7 7
148 145 7 7
148 144 7 7
149 147 7 7
149 142 7 7
150 141 7 7
150 148 7 7
151 150 7 7
151 146 7 7
152 148 7 7
152 147 7 7
153 144 7 7
153 152 7 7
154 146 7 7
154 152 7 7
155 154 7 7
155 141 7 7
156 144 7 7
156 149 7 7
157 149 7 7
157 154 7 7
158 142 7 7
158 141 7 7
159 151 7 7
159 156 7 7
140 147 7 7
140 150 7 7
141 157 7 7
141 147 7 7
162 161 8 8
162 160 8 8
163 160 8 8
163 162 8 8
164 162 8 8
164 163 8 8
165 162 8 8
165 164 8 8
166 164 8 8
166 161 8 8
167 165 8 8
167 162 8 8
168 160 8 8
168 162 8 8
169 162 8 8
169 164 8 8
170 164 8 8
170 163 8 8
171 168 8 8
171 166 8 8
172 168 8 8
172 167 8 8
173 166 8 8
173 171 8 8
174 162 8 8
174 168 8 8
175 173 8 8
175 171 8 8
176 160 8 8
176 171 8 8
177 170 8 8
177 164 8 8
178 165 8 8
178 173 8 8
179 164 8 8
179 178 8 8
160 178 8 8
160 174 8 8
161 175 8 8
161 171 8 8
182 181 9 9
182 180 9 9
183 180 9 9
183 181 9 9
184 182 9 9
184 181 9 9
185 181 9 9
185 180 9 9
186 182 9 9
186 185 9 9
187 186 9 9
187 182 9 9
188 187 9 9
188 186 9 9
189 188 9 9
189 185 9 9
190 185 9 9
190 189 9 9
191 187 9 9
191 189 9 9
192 191 9 9
192 189 9 9
193 180 9 9
193 181 9 9
194 181 9 9
194 184 9 9
195 190 9 9
195 181 9 9
196 192 9 9
196 191 9 9
197 182 9 9
197 184 9 9
198 196 9 9
198 182 9 9
199 193 9 9
199 192 9 9
180 186 9 9
180 197 9 9
181 199 9 9
181 189 9 9
202 201 10 10
202 200 10 10
203 200 10 10
203 202 10 10
204 202 10 10
204 201 10 10
205 203 10 10
205 200 10 10
206 203 10 10
206 200 10 10
207 201 10 10
207 200 10 10
208 200 10 10
208 203 10 10
209 205 10 10
209 207 10 10
210 202 10 10
210 204 10 10
211 210 10 10
211 204 10 10
212 200 10 10
212 207 10 10
213 201 10 10
213 205 10 10
214 208 10 10
214 201 10 10
215 214 10 10
215 207 10 10
216 213 10 10
216 201 10 10
217 213 10 10
217 210 10 10
218 210 10 10
218 211 10 10
219 213 10 10
219 216 10 10
200 204 10 10
200 219 10 10
201 211 10 10
201 218 10 10
222 220 11 11
222 221 11 11
223 220 11 11
223 222 11 11
224 223 11 11
224 222 11 11
225 223 11 11
225 224 11 11
226 225 11 11
226 224 11 11
227 220 11 11
227 225 11 11
228 227 11 11
228 226 11 11
229 224 11 11
229 225 11 11
230 228 11 11
230 226 11 11
231 226 11 11
231 229 11 11
232 223 11 11
232 230 11 11
233 223 11 11
233 227 11 11
234 220 11 11
234 231 11 11
235 220 11 11
235 232 11 11
236 226 11 11
236 233 11 11
237 225 11 11
237 228 11 11
238 221 11 11
238 227 11 11
239 223 11 11
239 238 11 11
220 224 11 11
220 230 11 11
221 231 11 11
221 233 11 11
242 240 12 12
242 241 12 12
243 241 12 12
243 242 12 12
244 241 12 12
244 240 12 12
245 243 12 12
245 244 12 12
246 243 12 12
246 241 12 12
247 244 12 12
247 240 12 12
248 247 12 12
248 242 12 12
249 248 12 12
249 243 12 12
250 243 12 12
250 244 12 12
251 248 12 12
251 247 12 12
252 248 12 12
252 245 12 12
253 240 12 12
253 245 12 12
254 246 12 12
254 242 12 12
255 242 12 12
255 246 12 12
256 241 12 12
256 246 12 12
257 250 12 12
257 253 12 12
258 253 12 12
258 251 12 12
259 240 12 12
259 244 12 12
240 245 12 12
240 251 12 12
241 248 12 12
241 259 12 12
262 261 13 13
262 260 13 13
263 262 13 13
263 260 13 13
264 262 13 13
264 261 13 13
265 260 13 13
265 261 13 13
266 260 13 13
266 264 13 13
267 262 13 13
267 265 13 13
268 262 13 13
268 266 13 13
269 260 13 13
269 266 13 13
270 264 13 13
270 261 13 13
271 260 13 13
271 269 13 13
272 265 13 13
272 267 13 13
273 261 13 13
273 270 13 13
274 273 13 13
274 264 13 13
275 267 13 13
275 268 13 13
276 272 13 13
276 270 13 13
277 270 13 13
277 262 13 13
278 274 13 13
278 265 13 13
279 260 13 13
279 271 13 13
260 273 13 13
260 277 13 13
261 277 13 13
261 276 13 13
282 280 14 14
282 281 14 14
283 280 14 14
283 282 14 14
284 282 14 14
284 280 14 14
285 284 14 14
285 283 14 14
286 281 14 14
286 280 14 14
287 281 14 14
287 280 14 14
288 286 14 14
288 282 14 14
289 283 14 14
289 285 14 14
290 282 14 14
290 283 14 14
291 285 14 14
291 287 14 14
292 291 14 14
292 287 14 14
293 287 14 14
293 290 14 14
294 292 14 14
294 284 14 14
295 287 14 14
295 284 14 14
296 292 14 14
296 286 14 14
297 287 14 14
297 290 14 14
298 285 14 14
298 292 14 14
299 282 14 14
299 292 14 14
280 290 14 14
280 288 14 14
281 289 14 14
281 296 14 14
302 301 15 15
302 300 15 15
303 302 15 15
303 301 15 15
304 300 15 15
304 301 15 15
305 300 15 15
305 301 15 15
306 301 15 15
306 305 15 15
307 304 15 15
307 301 15 15
308 303 15 15
308 301 15 15
309 308 15 15
309 305 15 15
310 308 15 15
310 306 15 15
311 301 15 15
311 300 15 15
312 311 15 15
312 306 15 15
313 312 15 15
313 306 15 15
314 308 15 15
314 302 15 15
315 307 15 15
315 308 15 15
316 314 15 15
316 306 15 15
317 313 15 15
317 308 15 15
318 307 15 15
318 314 15 15
319 316 15 15
319 305 15 15
300 319 15 15
300 317 15 15
301 314 15 15
301 318 15 15
51 7 2 0
59 20 2 1
65 45 3 2
76 15 3 0
97 64 4 3
97 16 4 0
111 25 5 1
103 89 5 4
131 89 6 4
130 68 6 3
154 88 7 4
155 46 7 2
168 151 8 7
175 102 8 5
186 103 9 5
199 29 9 1
217 45 10 2
217 195 10 9
234 10 11 0
236 29 11 1
257 225 12 11
246 162 12 8
262 240 13 12
278 51 13 2
298 20 14 1
284 163 14 8
304 171 15 8
318 211 15 10
8 159 0 7
16 270 0 13
33 90 1 4
20 140 1 7
