swNum = 320
edgeNum = 672

0 0
1 0
2 0
3 0
4 0
5 0
6 0
7 0
8 0
9 0
10 0
11 0
12 0
13 0
14 0
15 0
16 0
17 0
18 0
19 0
20 1
21 1
22 1
23 1
24 1
25 1
26 1
27 1
28 1
29 1
30 1
31 1
32 1
33 1
34 1
35 1
36 1
37 1
38 1
39 1
40 2
41 2
42 2
43 2
44 2
45 2
46 2
47 2
48 2
49 2
50 2
51 2
52 2
53 2
54 2
55 2
56 2
57 2
58 2
59 2
60 3
61 3
62 3
63 3
64 3
65 3
66 3
67 3
68 3
69 3
70 3
71 3
72 3
73 3
74 3
75 3
76 3
77 3
78 3
79 3
80 4
81 4
82 4
83 4
84 4
85 4
86 4
87 4
88 4
89 4
90 4
91 4
92 4
93 4
94 4
95 4
96 4
97 4
98 4
99 4
100 5
101 5
102 5
103 5
104 5
105 5
106 5
107 5
108 5
109 5
110 5
111 5
112 5
113 5
114 5
115 5
116 5
117 5
118 5
119 5
120 6
121 6
122 6
123 6
124 6
125 6
126 6
127 6
128 6
129 6
130 6
131 6
132 6
133 6
134 6
135 6
136 6
137 6
138 6
139 6
140 7
141 7
142 7
143 7
144 7
145 7
146 7
147 7
148 7
149 7
150 7
151 7
152 7
153 7
154 7
155 7
156 7
157 7
158 7
159 7
160 8
161 8
162 8
163 8
164 8
165 8
166 8
167 8
168 8
169 8
170 8
171 8
172 8
173 8
174 8
175 8
176 8
177 8
178 8
179 8
180 9
181 9
182 9
183 9
184 9
185 9
186 9
187 9
188 9
189 9
190 9
191 9
192 9
193 9
194 9
195 9
196 9
197 9
198 9
199 9
200 10
201 10
202 10
203 10
204 10
205 10
206 10
207 10
208 10
209 10
210 10
211 10
212 10
213 10
214 10
215 10
216 10
217 10
218 10
219 10
220 11
221 11
222 11
223 11
224 11
225 11
226 11
227 11
228 11
229 11
230 11
231 11
232 11
233 11
234 11
235 11
236 11
237 11
238 11
239 11
240 12
241 12
242 12
243 12
244 12
245 12
246 12
247 12
248 12
249 12
250 12
251 12
252 12
253 12
254 12
255 12
256 12
257 12
258 12
259 12
260 13
261 13
262 13
263 13
264 13
265 13
266 13
267 13
268 13
269 13
270 13
271 13
272 13
273 13
274 13
275 13
276 13
277 13
278 13
279 13
280 14
281 14
282 14
283 14
284 14
285 14
286 14
287 14
288 14
289 14
290 14
291 14
292 14
293 14
294 14
295 14
296 14
297 14
298 14
299 14
300 15
301 15
302 15
303 15
304 15
305 15
306 15
307 15
308 15
309 15
310 15
311 15
312 15
313 15
314 15
315 15
316 15
317 15
318 15
319 15

2 1 0 0
2 0 0 0
3 2 0 0
3 0 0 0
4 2 0 0
4 3 0 0
5 3 0 0
5 4 0 0
6 0 0 0
6 4 0 0
7 2 0 0
7 5 0 0
8 6 0 0
8 1 0 0
9 2 0 0
9 0 0 0
10 0 0 0
10 3 0 0
11 5 0 0
11 3 0 0
12 9 0 0
12 0 0 0
13 5 0 0
13 9 0 0
14 9 0 0
14 13 0 0
15 1 0 0
15 3 0 0
16 0 0 0
16 11 0 0
17 8 0 0
17 5 0 0
18 4 0 0
18 11 0 0
19 12 0 0
19 18 0 0
0 18 0 0
0 5 0 0
1 12 0 0
1 19 0 0
22 20 1 1
22 21 1 1
23 20 1 1
23 22 1 1
24 22 1 1
24 20 1 1
25 22 1 1
25 23 1 1
26 22 1 1
26 25 1 1
27 26 1 1
27 22 1 1
28 26 1 1
28 27 1 1
29 25 1 1
29 22 1 1
30 26 1 1
30 23 1 1
31 24 1 1
31 29 1 1
32 28 1 1
32 25 1 1
33 22 1 1
33 25 1 1
34 26 1 1
34 25 1 1
35 23 1 1
35 30 1 1
36 35 1 1
36 20 1 1
37 25 1 1
37 22 1 1
38 35 1 1
38 33 1 1
39 27 1 1
39 32 1 1
20 39 1 1
20 28 1 1
21 34 1 1
21 35 1 1
42 41 2 2
42 40 2 2
43 41 2 2
43 42 2 2
44 41 2 2
44 43 2 2
45 43 2 2
45 40 2 2
46 41 2 2
46 43 2 2
47 45 2 2
47 41 2 2
48 47 2 2
48 46 2 2
49 47 2 2
49 46 2 2
50 48 2 2
50 49 2 2
51 50 2 2
51 48 2 2
52 40 2 2
52 49 2 2
53 43 2 2
53 52 2 2
54 42 2 2
54 43 2 2
55 41 2 2
55 43 2 2
56 49 2 2
56 46 2 2
57 48 2 2
57 55 2 2
58 44 2 2
58 57 2 2
59 44 2 2
59 47 2 2
40 55 2 2
40 58 2 2
41 58 2 2
41 51 2 2
62 61 3 3
62 60 3 3
63 62 3 3
63 61 3 3
64 61 3 3
64 62 3 3
65 61 3 3
65 60 3 3
66 60 3 3
66 61 3 3
67 64 3 3
67 62 3 3
68 61 3 3
68 67 3 3
69 64 3 3
69 66 3 3
70 66 3 3
70 60 3 3
71 63 3 3
71 61 3 3
72 70 3 3
72 71 3 3
73 67 3 3
73 62 3 3
74 65 3 3
74 69 3 3
75 73 3 3
75 74 3 3
76 67 3 3
76 73 3 3
77 61 3 3
77 60 3 3
78 72 3 3
78 73 3 3
79 62 3 3
79 69 3 3
60 72 3 3
60 78 3 3
61 74 3 3
61 76 3 3
82 81 4 4
82 80 4 4
83 81 4 4
83 82 4 4
84 82 4 4
84 83 4 4
85 83 4 4
85 80 4 4
86 85 4 4
86 80 4 4
87 81 4 4
87 83 4 4
88 86 4 4
88 87 4 4
89 88 4 4
89 81 4 4
90 87 4 4
90 89 4 4
91 90 4 4
91 86 4 4
92 82 4 4
92 88 4 4
93 87 4 4
93 89 4 4
94 86 4 4
94 81 4 4
95 84 4 4
95 80 4 4
96 94 4 4
96 85 4 4
97 85 4 4
97 84 4 4
98 96 4 4
98 80 4 4
99 86 4 4
99 80 4 4
80 94 4 4
80 96 4 4
81 90 4 4
81 97 4 4
102 100 5 5
102 101 5 5
103 102 5 5
103 100 5 5
104 102 5 5
104 100 5 5
105 103 5 5
105 102 5 5
106 103 5 5
106 102 5 5
107 100 5 5
107 102 5 5
108 100 5 5
108 107 5 5
109 106 5 5
109 100 5 5
110 104 5 5
110 108 5 5
111 106 5 5
111 107 5 5
112 111 5 5
112 106 5 5
113 102 5 5
113 104 5 5
114 108 5 5
114 103 5 5
115 114 5 5
115 101 5 5
116 100 5 5
116 101 5 5
117 114 5 5
117 101 5 5
118 109 5 5
118 113 5 5
119 117 5 5
119 110 5 5
100 105 5 5
100 110 5 5
101 106 5 5
101 110 5 5
122 121 6 6
122 120 6 6
123 120 6 6
123 121 6 6
124 122 6 6
124 121 6 6
125 123 6 6
125 124 6 6
126 122 6 6
126 124 6 6
127 126 6 6
127 122 6 6
128 121 6 6
128 123 6 6
129 120 6 6
129 128 6 6
130 125 6 6
130 128 6 6
131 122 6 6
131 126 6 6
132 129 6 6
132 128 6 6
133 130 6 6
133 124 6 6
134 121 6 6
134 124 6 6
135 125 6 6
135 132 6 6
136 130 6 6
136 127 6 6
137 124 6 6
137 134 6 6
138 130 6 6
138 133 6 6
139 127 6 6
139 120 6 6
120 131 6 6
120 134 6 6
121 126 6 6
121 129 6 6
142 140 7 7
142 141 7 7
143 141 7 7
143 140 7 7
144 141 7 7
144 143 7 7
145 142 7 7
145 141 7 7
146 142 7 7
146 145 7 7
147 141 7 7
147 143 7 7
148 146 7 7
148 147 7 7
149 141 7 7
149 148 7 7
150 149 7 7
150 148 7 7
151 143 7 7
151 146 7 7
152 141 7 7
152 143 7 7
153 150 7 7
153 146 7 7
154 152 7 7
154 151 7 7
155 149 7 7
155 140 7 7
156 148 7 7
156 154 7 7
157 153 7 7
157 154 7 7
158 142 7 7
158 154 7 7
159 146 7 7
159 156 7 7
140 150 7 7
140 144 7 7
141 151 7 7
141 157 7 7
162 161 8 8
162 160 8 8
163 162 8 8
163 161 8 8
164 162 8 8
164 161 8 8
165 163 8 8
165 162 8 8
166 163 8 8
166 160 8 8
167 166 8 8
167 162 8 8
168 162 8 8
168 163 8 8
169 164 8 8
169 163 8 8
170 161 8 8
170 163 8 8
171 165 8 8
171 166 8 8
172 171 8 8
172 163 8 8
173 165 8 8
173 160 8 8
174 169 8 8
174 162 8 8
175 171 8 8
175 162 8 8
176 173 8 8
176 163 8 8
177 170 8 8
177 167 8 8
178 160 8 8
178 177 8 8
179 170 8 8
179 161 8 8
160 174 8 8
160 176 8 8
161 177 8 8
161 168 8 8
182 180 9 9
182 181 9 9
183 182 9 9
183 180 9 9
184 183 9 9
184 180 9 9
185 183 9 9
185 180 9 9
186 185 9 9
186 180 9 9
187 184 9 9
187 186 9 9
188 187 9 9
188 185 9 9
189 187 9 9
189 182 9 9
190 186 9 9
190 187 9 9
191 187 9 9
191 189 9 9
192 185 9 9
192 188 9 9
193 188 9 9
193 189 9 9
194 186 9 9
194 193 9 9
195 180 9 9
195 194 9 9
196 182 9 9
196 183 9 9
197 190 9 9
197 186 9 9
198 192 9 9
198 187 9 9
199 184 9 9
199 189 9 9
180 197 9 9
180 190 9 9
181 197 9 9
181 199 9 9
202 200 10 10
202 201 10 10
203 200 10 10
203 202 10 10
204 200 10 10
204 203 10 10
205 202 10 10
205 203 10 10
206 201 10 10
206 202 10 10
207 200 10 10
207 205 10 10
208 201 10 10
208 205 10 10
209 204 10 10
209 203 10 10
210 206 10 10
210 202 10 10
211 208 10 10
211 206 10 10
212 200 10 10
212 208 10 10
213 201 10 10
213 200 10 10
214 212 10 10
214 200 10 10
215 207 10 10
215 205 10 10
216 208 10 10
216 202 10 10
217 200 10 10
217 207 10 10
218 212 10 10
218 216 10 10
219 206 10 10
219 215 10 10
200 216 10 10
200 219 10 10
201 219 10 10
201 215 10 10
222 220 11 11
222 221 11 11
223 222 11 11
223 221 11 11
224 220 11 11
224 222 11 11
225 222 11 11
225 221 11 11
226 224 11 11
226 225 11 11
227 225 11 11
227 224 11 11
228 226 11 11
228 221 11 11
229 223 11 11
229 228 11 11
230 222 11 11
230 221 11 11
231 227 11 11
231 224 11 11
232 225 11 11
232 229 11 11
233 224 11 11
233 229 11 11
234 223 11 11
234 221 11 11
235 222 11 11
235 231 11 11
236 223 11 11
236 234 11 11
237 221 11 11
237 234 11 11
238 221 11 11
238 220 11 11
239 226 11 11
239 227 11 11
220 232 11 11
220 237 11 11
221 229 11 11
221 226 11 11
242 240 12 12
242 241 12 12
243 241 12 12
243 240 12 12
244 240 12 12
244 241 12 12
245 242 12 12
245 240 12 12
246 244 12 12
246 240 12 12
247 241 12 12
247 242 12 12
248 246 12 12
248 247 12 12
249 248 12 12
249 246 12 12
250 242 12 12
250 249 12 12
251 249 12 12
251 241 12 12
252 249 12 12
252 251 12 12
253 249 12 12
253 245 12 12
254 241 12 12
254 245 12 12
255 242 12 12
255 252 12 12
256 248 12 12
256 243 12 12
257 249 12 12
257 248 12 12
258 240 12 12
258 247 12 12
259 245 12 12
259 244 12 12
240 252 12 12
240 251 12 12
241 255 12 12
241 258 12 12
262 261 13 13
262 260 13 13
263 260 13 13
263 261 13 13
264 262 13 13
264 263 13 13
265 262 13 13
265 263 13 13
266 260 13 13
266 264 13 13
267 264 13 13
267 263 13 13
268 260 13 13
268 266 13 13
269 261 13 13
269 262 13 13
270 261 13 13
270 269 13 13
271 263 13 13
271 265 13 13
272 267 13 13
272 265 13 13
273 260 13 13
273 262 13 13
274 271 13 13
274 273 13 13
275 272 13 13
275 262 13 13
276 273 13 13
276 264 13 13
277 264 13 13
277 270 13 13
278 260 13 13
278 269 13 13
279 266 13 13
279 262 13 13
260 277 13 13
260 276 13 13
261 276 13 13
261 277 13 13
282 280 14 14
282 281 14 14
283 281 14 14
283 282 14 14
284 282 14 14
284 281 14 14
285 283 14 14
285 282 14 14
286 280 14 14
286 285 14 14
287 282 14 14
287 283 14 14
288 281 14 14
288 286 14 14
289 283 14 14
289 280 14 14
290 288 14 14
290 281 14 14
291 282 14 14
291 288 14 14
292 290 14 14
292 287 14 14
293 287 14 14
293 292 14 14
294 288 14 14
294 285 14 14
295 291 14 14
295 293 14 14
296 289 14 14
296 287 14 14
297 285 14 14
297 282 14 14
298 291 14 14
298 286 14 14
299 295 14 14
299 286 14 14
280 296 14 14
280 298 14 14
281 292 14 14
281 296 14 14
302 301 15 15
302 300 15 15
303 300 15 15
303 302 15 15
304 302 15 15
304 303 15 15
305 300 15 15
305 302 15 15
306 300 15 15
306 305 15 15
307 306 15 15
307 303 15 15
308 303 15 15
308 306 15 15
309 308 15 15
309 304 15 15
310 303 15 15
310 308 15 15
311 305 15 15
311 304 15 15
312 303 15 15
312 301 15 15
313 310 15 15
313 306 15 15
314 302 15 15
314 300 15 15
315 309 15 15
315 303 15 15
316 311 15 15
316 313 15 15
317 306 15 15
317 304 15 15
318 316 15 15
318 307 15 15
319 311 15 15
319 303 15 15
300 316 15 15
300 315 15 15
301 303 15 15
301 305 15 15
52 10 2 0
50 32 2 1
60 22 3 1
61 19 3 0
83 15 4 0
97 62 4 3
116 15 5 0
116 42 5 2
125 20 6 1
131 71 6 3
145 78 7 3
153 50 7 2
165 132 8 6
164 95 8 4
192 74 9 3
186 139 9 6
215 199 10 9
200 118 10 5
228 128 11 6
234 91 11 4
243 53 12 2
258 141 12 7
277 27 13 1
279 254 13 12
288 49 14 2
290 142 14 7
315 295 15 14
308 187 15 9
1 290 0 14
5 307 0 15
38 256 1 12
34 91 1 4
