swNum = 320
edgeNum = 672

0 0
1 0
2 0
3 0
4 0
5 0
6 0
7 0
8 0
9 0
10 0
11 0
12 0
13 0
14 0
15 0
16 0
17 0
18 0
19 0
20 1
21 1
22 1
23 1
24 1
25 1
26 1
27 1
28 1
29 1
30 1
31 1
32 1
33 1
34 1
35 1
36 1
37 1
38 1
39 1
40 2
41 2
42 2
43 2
44 2
45 2
46 2
47 2
48 2
49 2
50 2
51 2
52 2
53 2
54 2
55 2
56 2
57 2
58 2
59 2
60 3
61 3
62 3
63 3
64 3
65 3
66 3
67 3
68 3
69 3
70 3
71 3
72 3
73 3
74 3
75 3
76 3
77 3
78 3
79 3
80 4
81 4
82 4
83 4
84 4
85 4
86 4
87 4
88 4
89 4
90 4
91 4
92 4
93 4
94 4
95 4
96 4
97 4
98 4
99 4
100 5
101 5
102 5
103 5
104 5
105 5
106 5
107 5
108 5
109 5
110 5
111 5
112 5
113 5
114 5
115 5
116 5
117 5
118 5
119 5
120 6
121 6
122 6
123 6
124 6
125 6
126 6
127 6
128 6
129 6
130 6
131 6
132 6
133 6
134 6
135 6
136 6
137 6
138 6
139 6
140 7
141 7
142 7
143 7
144 7
145 7
146 7
147 7
148 7
149 7
150 7
151 7
152 7
153 7
154 7
155 7
156 7
157 7
158 7
159 7
160 8
161 8
162 8
163 8
164 8
165 8
166 8
167 8
168 8
169 8
170 8
171 8
172 8
173 8
174 8
175 8
176 8
177 8
178 8
179 8
180 9
181 9
182 9
183 9
184 9
185 9
186 9
187 9
188 9
189 9
190 9
191 9
192 9
193 9
194 9
195 9
196 9
197 9
198 9
199 9
200 10
201 10
202 10
203 10
204 10
205 10
206 10
207 10
208 10
209 10
210 10
211 10
212 10
213 10
214 10
215 10
216 10
217 10
218 10
219 10
220 11
221 11
222 11
223 11
224 11
225 11
226 11
227 11
228 11
229 11
230 11
231 11
232 11
233 11
234 11
235 11
236 11
237 11
238 11
239 11
240 12
241 12
242 12
243 12
244 12
245 12
246 12
247 12
248 12
249 12
250 12
251 12
252 12
253 12
254 12
255 12
256 12
257 12
258 12
259 12
260 13
261 13
262 13
263 13
264 13
265 13
266 13
267 13
268 13
269 13
270 13
271 13
272 13
273 13
274 13
275 13
276 13
277 13
278 13
279 13
280 14
281 14
282 14
283 14
284 14
285 14
286 14
287 14
288 14
289 14
290 14
291 14
292 14
293 14
294 14
295 14
296 14
297 14
298 14
299 14
300 15
301 15
302 15
303 15
304 15
305 15
306 15
307 15
308 15
309 15
310 15
311 15
312 15
313 15
314 15
315 15
316 15
317 15
318 15
319 15

2 1 0 0
2 0 0 0
3 1 0 0
3 2 0 0
4 2 0 0
4 0 0 0
5 3 0 0
5 1 0 0
6 1 0 0
6 5 0 0
7 0 0 0
7 4 0 0
8 6 0 0
8 5 0 0
9 8 0 0
9 4 0 0
10 9 0 0
10 6 0 0
11 10 0 0
11 5 0 0
12 0 0 0
12 9 0 0
13 8 0 0
13 11 0 0
14 6 0 0
14 0 0 0
15 11 0 0
15 12 0 0
16 8 0 0
16 14 0 0
17 4 0 0
17 14 0 0
18 7 0 0
18 2 0 0
19 13 0 0
19 15 0 0
0 13 0 0
0 18 0 0
1 9 0 0
1 13 0 0
22 20 1 1
22 21 1 1
23 22 1 1
23 20 1 1
24 20 1 1
24 21 1 1
25 24 1 1
25 23 1 1
26 24 1 1
26 22 1 1
27 26 1 1
27 21 1 1
28 22 1 1
28 23 1 1
29 23 1 1
29 20 1 1
30 20 1 1
30 25 1 1
31 26 1 1
31 27 1 1
32 30 1 1
32 21 1 1
33 24 1 1
33 27 1 1
34 25 1 1
34 28 1 1
35 30 1 1
35 32 1 1
36 20 1 1
36 33 1 1
37 25 1 1
37 34 1 1
38 34 1 1
38 21 1 1
39 24 1 1
39 32 1 1
20 26 1 1
20 33 1 1
21 25 1 1
21 26 1 1
42 40 2 2
42 41 2 2
43 42 2 2
43 41 2 2
44 40 2 2
44 42 2 2
45 43 2 2
45 44 2 2
46 43 2 2
46 40 2 2
47 46 2 2
47 42 2 2
48 41 2 2
48 43 2 2
49 45 2 2
49 44 2 2
50 44 2 2
50 45 2 2
51 43 2 2
51 41 2 2
52 49 2 2
52 46 2 2
53 50 2 2
53 45 2 2
54 53 2 2
54 44 2 2
55 45 2 2
55 48 2 2
56 51 2 2
56 43 2 2
57 42 2 2
57 50 2 2
58 53 2 2
58 57 2 2
59 53 2 2
59 44 2 2
40 58 2 2
40 43 2 2
41 57 2 2
41 53 2 2
62 61 3 3
62 60 3 3
63 60 3 3
63 61 3 3
64 60 3 3
64 61 3 3
65 60 3 3
65 61 3 3
66 62 3 3
66 64 3 3
67 66 3 3
67 65 3 3
68 62 3 3
68 63 3 3
69 62 3 3
69 67 3 3
70 62 3 3
70 66 3 3
71 66 3 3
71 68 3 3
72 60 3 3
72 69 3 3
73 61 3 3
73 62 3 3
74 67 3 3
74 71 3 3
75 71 3 3
75 61 3 3
76 74 3 3
76 75 3 3
77 73 3 3
77 76 3 3
78 61 3 3
78 75 3 3
79 72 3 3
79 64 3 3
60 68 3 3
60 74 3 3
61 66 3 3
61 76 3 3
82 81 4 4
82 80 4 4
83 82 4 4
83 80 4 4
84 82 4 4
84 81 4 4
85 81 4 4
85 83 4 4
86 83 4 4
86 80 4 4
87 82 4 4
87 80 4 4
88 85 4 4
88 80 4 4
89 88 4 4
89 83 4 4
90 88 4 4
90 80 4 4
91 81 4 4
91 85 4 4
92 90 4 4
92 89 4 4
93 91 4 4
93 82 4 4
94 87 4 4
94 93 4 4
95 83 4 4
95 87 4 4
96 91 4 4
96 93 4 4
97 81 4 4
97 82 4 4
98 82 4 4
98 94 4 4
99 97 4 4
99 90 4 4
80 89 4 4
80 96 4 4
81 88 4 4
81 92 4 4
102 101 5 5
102 100 5 5
103 100 5 5
103 101 5 5
104 101 5 5
104 102 5 5
105 100 5 5
105 103 5 5
106 103 5 5
106 105 5 5
107 106 5 5
107 103 5 5
108 100 5 5
108 102 5 5
109 102 5 5
109 108 5 5
110 108 5 5
110 100 5 5
111 107 5 5
111 101 5 5
112 110 5 5
112 108 5 5
113 110 5 5
113 105 5 5
114 104 5 5
114 106 5 5
115 110 5 5
115 112 5 5
116 104 5 5
116 109 5 5
117 111 5 5
117 112 5 5
118 106 5 5
118 116 5 5
119 109 5 5
119 102 5 5
100 118 5 5
100 107 5 5
101 107 5 5
101 105 5 5
122 120 6 6
122 121 6 6
123 121 6 6
123 122 6 6
124 120 6 6
124 123 6 6
125 122 6 6
125 123 6 6
126 125 6 6
126 120 6 6
127 120 6 6
127 125 6 6
128 126 6 6
128 123 6 6
129 123 6 6
129 127 6 6
130 122 6 6
130 125 6 6
131 125 6 6
131 127 6 6
132 126 6 6
132 125 6 6
133 124 6 6
133 128 6 6
134 120 6 6
134 124 6 6
135 131 6 6
135 134 6 6
136 120 6 6
136 135 6 6
137 124 6 6
137 135 6 6
138 131 6 6
138 128 6 6
139 136 6 6
139 123 6 6
120 131 6 6
120 135 6 6
121 128 6 6
121 130 6 6
142 141 7 7
142 140 7 7
143 141 7 7
143 142 7 7
144 143 7 7
144 140 7 7
145 144 7 7
145 141 7 7
146 140 7 7
146 144 7 7
147 141 7 7
147 140 7 7
148 144 7 7
148 141 7 7
149 144 7 7
149 148 7 7
150 140 7 7
150 142 7 7
151 148 7 7
151 146 7 7
152 141 7 7
152 150 7 7
153 151 7 7
153 147 7 7
154 147 7 7
154 145 7 7
155 146 7 7
155 147 7 7
156 147 7 7
156 146 7 7
157 153 7 7
157 156 7 7
158 152 7 7
158 154 7 7
159 147 7 7
159 153 7 7
140 148 7 7
140 152 7 7
141 159 7 7
141 153 7 7
162 161 8 8
162 160 8 8
163 162 8 8
163 161 8 8
164 162 8 8
164 163 8 8
165 161 8 8
165 164 8 8
166 161 8 8
166 165 8 8
167 166 8 8
167 162 8 8
168 164 8 8
168 163 8 8
169 167 8 8
169 162 8 8
170 161 8 8
170 167 8 8
171 161 8 8
171 169 8 8
172 163 8 8
172 166 8 8
173 171 8 8
173 164 8 8
174 166 8 8
174 161 8 8
175 167 8 8
175 172 8 8
176 169 8 8
176 165 8 8
177 170 8 8
177 161 8 8
178 174 8 8
178 162 8 8
179 162 8 8
179 171 8 8
160 170 8 8
160 178 8 8
161 176 8 8
161 178 8 8
182 181 9 9
182 180 9 9
183 181 9 9
183 182 9 9
184 181 9 9
184 180 9 9
185 182 9 9
185 180 9 9
186 184 9 9
186 185 9 9
187 185 9 9
187 183 9 9
188 182 9 9
188 180 9 9
189 180 9 9
189 186 9 9
190 181 9 9
190 188 9 9
191 184 9 9
191 181 9 9
192 182 9 9
192 186 9 9
193 181 9 9
193 182 9 9
194 191 9 9
194 188 9 9
195 181 9 9
195 192 9 9
196 190 9 9
196 180 9 9
197 184 9 9
197 191 9 9
198 188 9 9
198 180 9 9
199 192 9 9
199 191 9 9
180 187 9 9
180 186 9 9
181 194 9 9
181 199 9 9
202 201 10 10
202 200 10 10
203 201 10 10
203 202 10 10
204 203 10 10
204 200 10 10
205 201 10 10
205 200 10 10
206 201 10 10
206 204 10 10
207 202 10 10
207 203 10 10
208 204 10 10
208 205 10 10
209 204 10 10
209 200 10 10
210 205 10 10
210 203 10 10
211 205 10 10
211 201 10 10
212 210 10 10
212 208 10 10
213 212 10 10
213 209 10 10
214 211 10 10
214 210 10 10
215 210 10 10
215 204 10 10
216 206 10 10
216 212 10 10
217 203 10 10
217 212 10 10
218 200 10 10
218 216 10 10
219 200 10 10
219 204 10 10
200 217 10 10
200 214 10 10
201 215 10 10
201 214 10 10
222 221 11 11
222 220 11 11
223 220 11 11
223 221 11 11
224 223 11 11
224 222 11 11
225 220 11 11
225 223 11 11
226 220 11 11
226 224 11 11
227 221 11 11
227 220 11 11
228 223 11 11
228 220 11 11
229 225 11 11
229 221 11 11
230 227 11 11
230 226 11 11
231 223 11 11
231 227 11 11
232 221 11 11
232 220 11 11
233 226 11 11
233 221 11 11
234 221 11 11
234 223 11 11
235 227 11 11
235 233 11 11
236 221 11 11
236 232 11 11
237 233 11 11
237 232 11 11
238 234 11 11
238 235 11 11
239 235 11 11
239 221 11 11
220 236 11 11
220 235 11 11
221 228 11 11
221 238 11 11
242 241 12 12
242 240 12 12
243 240 12 12
243 242 12 12
244 242 12 12
244 241 12 12
245 242 12 12
245 243 12 12
246 245 12 12
246 243 12 12
247 246 12 12
247 240 12 12
248 247 12 12
248 241 12 12
249 248 12 12
249 242 12 12
250 243 12 12
250 248 12 12
251 241 12 12
251 244 12 12
252 245 12 12
252 243 12 12
253 241 12 12
253 252 12 12
254 252 12 12
254 247 12 12
255 244 12 12
255 243 12 12
256 254 12 12
256 243 12 12
257 246 12 12
257 241 12 12
258 252 12 12
258 244 12 12
259 245 12 12
259 251 12 12
240 251 12 12
240 253 12 12
241 256 12 12
241 246 12 12
262 261 13 13
262 260 13 13
263 262 13 13
263 261 13 13
264 263 13 13
264 262 13 13
265 264 13 13
265 263 13 13
266 260 13 13
266 262 13 13
267 264 13 13
267 266 13 13
268 264 13 13
268 263 13 13
269 268 13 13
269 265 13 13
270 262 13 13
270 261 13 13
271 265 13 13
271 270 13 13
272 262 13 13
272 264 13 13
273 264 13 13
273 268 13 13
274 263 13 13
274 273 13 13
275 266 13 13
275 271 13 13
276 272 13 13
276 260 13 13
277 275 13 13
277 267 13 13
278 277 13 13
278 269 13 13
279 264 13 13
279 277 13 13
260 269 13 13
260 272 13 13
261 265 13 13
261 273 13 13
282 280 14 14
282 281 14 14
283 282 14 14
283 280 14 14
284 280 14 14
284 282 14 14
285 283 14 14
285 280 14 14
286 283 14 14
286 285 14 14
287 285 14 14
287 280 14 14
288 284 14 14
288 283 14 14
289 288 14 14
289 285 14 14
290 287 14 14
290 289 14 14
291 282 14 14
291 283 14 14
292 291 14 14
292 286 14 14
293 284 14 14
293 285 14 14
294 292 14 14
294 280 14 14
295 284 14 14
295 281 14 14
296 284 14 14
296 291 14 14
297 292 14 14
297 288 14 14
298 294 14 14
298 288 14 14
299 295 14 14
299 290 14 14
280 295 14 14
280 290 14 14
281 290 14 14
281 287 14 14
302 300 15 15
302 301 15 15
303 302 15 15
303 301 15 15
304 302 15 15
304 303 15 15
305 301 15 15
305 302 15 15
306 301 15 15
306 303 15 15
307 304 15 15
307 300 15 15
308 302 15 15
308 300 15 15
309 305 15 15
309 302 15 15
310 302 15 15
310 301 15 15
311 306 15 15
311 309 15 15
312 302 15 15
312 305 15 15
313 311 15 15
313 301 15 15
314 309 15 15
314 306 15 15
315 309 15 15
315 307 15 15
316 311 15 15
316 314 15 15
317 306 15 15
317 316 15 15
318 301 15 15
318 310 15 15
319 301 15 15
319 309 15 15
300 315 15 15
300 306 15 15
301 312 15 15
301 316 15 15
46 39 2 1
40 5 2 0
72 49 3 2
74 26 3 1
93 79 4 3
81 23 4 1
104 91 5 4
103 66 5 3
131 10 6 0
131 25 6 1
156 122 7 6
140 16 7 0
162 12 8 0
165 58 8 2
194 8 9 0
199 53 9 2
200 75 10 3
201 123 10 6
233 8 11 0
234 62 11 3
255 109 12 5
248 159 12 7
276 57 13 2
271 185 13 9
282 146 14 7
286 256 14 12
319 143 15 7
300 225 15 11
10 304 0 15
3 246 0 12
36 205 1 10
23 305 1 15
