swNum = 320
edgeNum = 672

0 0
1 0
2 0
3 0
4 0
5 0
6 0
7 0
8 0
9 0
10 0
11 0
12 0
13 0
14 0
15 0
16 0
17 0
18 0
19 0
20 1
21 1
22 1
23 1
24 1
25 1
26 1
27 1
28 1
29 1
30 1
31 1
32 1
33 1
34 1
35 1
36 1
37 1
38 1
39 1
40 2
41 2
42 2
43 2
44 2
45 2
46 2
47 2
48 2
49 2
50 2
51 2
52 2
53 2
54 2
55 2
56 2
57 2
58 2
59 2
60 3
61 3
62 3
63 3
64 3
65 3
66 3
67 3
68 3
69 3
70 3
71 3
72 3
73 3
74 3
75 3
76 3
77 3
78 3
79 3
80 4
81 4
82 4
83 4
84 4
85 4
86 4
87 4
88 4
89 4
90 4
91 4
92 4
93 4
94 4
95 4
96 4
97 4
98 4
99 4
100 5
101 5
102 5
103 5
104 5
105 5
106 5
107 5
108 5
109 5
110 5
111 5
112 5
113 5
114 5
115 5
116 5
117 5
118 5
119 5
120 6
121 6
122 6
123 6
124 6
125 6
126 6
127 6
128 6
129 6
130 6
131 6
132 6
133 6
134 6
135 6
136 6
137 6
138 6
139 6
140 7
141 7
142 7
143 7
144 7
145 7
146 7
147 7
148 7
149 7
150 7
151 7
152 7
153 7
154 7
155 7
156 7
157 7
158 7
159 7
160 8
161 8
162 8
163 8
164 8
165 8
166 8
167 8
168 8
169 8
170 8
171 8
172 8
173 8
174 8
175 8
176 8
177 8
178 8
179 8
180 9
181 9
182 9
183 9
184 9
185 9
186 9
187 9
188 9
189 9
190 9
191 9
192 9
193 9
194 9
195 9
196 9
197 9
198 9
199 9
200 10
201 10
202 10
203 10
204 10
205 10
206 10
207 10
208 10
209 10
210 10
211 10
212 10
213 10
214 10
215 10
216 10
217 10
218 10
219 10
220 11
221 11
222 11
223 11
224 11
225 11
226 11
227 11
228 11
229 11
230 11
231 11
232 11
233 11
234 11
235 11
236 11
237 11
238 11
239 11
240 12
241 12
242 12
243 12
244 12
245 12
246 12
247 12
248 12
249 12
250 12
251 12
252 12
253 12
254 12
255 12
256 12
257 12
258 12
259 12
260 13
261 13
262 13
263 13
264 13
265 13
266 13
267 13
268 13
269 13
270 13
271 13
272 13
273 13
274 13
275 13
276 13
277 13
278 13
279 13
280 14
281 14
282 14
283 14
284 14
285 14
286 14
287 14
288 14
289 14
290 14
291 14
292 14
293 14
294 14
295 14
296 14
297 14
298 14
299 14
300 15
301 15
302 15
303 15
304 15
305 15
306 15
307 15
308 15
309 15
310 15
311 15
312 15
313 15
314 15
315 15
316 15
317 15
318 15
319 15

2 1 0 0
2 0 0 0
3 0 0 0
3 1 0 0
4 2 0 0
4 1 0 0
5 3 0 0
5 1 0 0
6 1 0 0
6 0 0 0
7 2 0 0
7 1 0 0
8 3 0 0
8 1 0 0
9 1 0 0
9 6 0 0
10 5 0 0
10 2 0 0
11 2 0 0
11 1 0 0
12 9 0 0
12 3 0 0
13 11 0 0
13 3 0 0
14 5 0 0
14 13 0 0
15 4 0 0
15 2 0 0
16 0 0 0
16 11 0 0
17 3 0 0
17 10 0 0
18 3 0 0
18 5 0 0
19 6 0 0
19 11 0 0
0 13 0 0
0 8 0 0
1 13 0 0
1 12 0 0
22 21 1 1
22 20 1 1
23 20 1 1
23 21 1 1
24 23 1 1
24 20 1 1
25 20 1 1
25 24 1 1
26 23 1 1
26 20 1 1
27 25 1 1
27 24 1 1
28 22 1 1
28 23 1 1
29 25 1 1
29 21 1 1
30 21 1 1
30 28 1 1
31 23 1 1
31 22 1 1
32 23 1 1
32 24 1 1
33 22 1 1
33 29 1 1
34 33 1 1
34 32 1 1
35 20 1 1
35 34 1 1
36 31 1 1
36 20 1 1
37 22 1 1
37 24 1 1
38 26 1 1
38 23 1 1
39 24 1 1
39 25 1 1
20 34 1 1
20 31 1 1
21 26 1 1
21 37 1 1
42 40 2 2
42 41 2 2
43 40 2 2
43 42 2 2
44 43 2 2
44 40 2 2
45 40 2 2
45 43 2 2
46 40 2 2
46 44 2 2
47 46 2 2
47 40 2 2
48 40 2 2
48 44 2 2
49 40 2 2
49 42 2 2
50 43 2 2
50 41 2 2
51 45 2 2
51 40 2 2
52 42 2 2
52 45 2 2
53 51 2 2
53 49 2 2
54 53 2 2
54 45 2 2
55 48 2 2
55 50 2 2
56 46 2 2
56 48 2 2
57 49 2 2
57 47 2 2
58 53 2 2
58 42 2 2
59 58 2 2
59 50 2 2
40 56 2 2
40 55 2 2
41 56 2 2
41 46 2 2
62 60 3 3
62 61 3 3
63 61 3 3
63 60 3 3
64 63 3 3
64 61 3 3
65 62 3 3
65 64 3 3
66 64 3 3
66 65 3 3
67 62 3 3
67 61 3 3
68 65 3 3
68 67 3 3
69 67 3 3
69 60 3 3
70 63 3 3
70 67 3 3
71 61 3 3
71 62 3 3
72 63 3 3
72 65 3 3
73 67 3 3
73 62 3 3
74 70 3 3
74 63 3 3
75 68 3 3
75 72 3 3
76 64 3 3
76 74 3 3
77 76 3 3
77 64 3 3
78 62 3 3
78 67 3 3
79 74 3 3
79 72 3 3
60 71 3 3
60 74 3 3
61 70 3 3
61 72 3 3
82 80 4 4
82 81 4 4
83 80 4 4
83 82 4 4
84 80 4 4
84 83 4 4
85 84 4 4
85 83 4 4
86 81 4 4
86 82 4 4
87 86 4 4
87 83 4 4
88 83 4 4
88 87 4 4
89 86 4 4
89 87 4 4
90 85 4 4
90 84 4 4
91 87 4 4
91 85 4 4
92 81 4 4
92 84 4 4
93 89 4 4
93 83 4 4
94 82 4 4
94 92 4 4
95 91 4 4
95 92 4 4
96 85 4 4
96 95 4 4
97 90 4 4
97 83 4 4
98 90 4 4
98 97 4 4
99 81 4 4
99 93 4 4
80 89 4 4
80 92 4 4
81 87 4 4
81 85 4 4
102 101 5 5
102 100 5 5
103 101 5 5
103 100 5 5
104 101 5 5
104 103 5 5
105 100 5 5
105 104 5 5
106 102 5 5
106 105 5 5
107 106 5 5
107 105 5 5
108 104 5 5
108 102 5 5
109 107 5 5
109 106 5 5
110 106 5 5
110 101 5 5
111 104 5 5
111 105 5 5
112 100 5 5
112 110 5 5
113 100 5 5
113 102 5 5
114 109 5 5
114 107 5 5
115 111 5 5
115 105 5 5
116 103 5 5
116 111 5 5
117 110 5 5
117 108 5 5
118 116 5 5
118 105 5 5
119 104 5 5
119 111 5 5
100 115 5 5
100 117 5 5
101 108 5 5
101 111 5 5
122 120 6 6
122 121 6 6
123 121 6 6
123 120 6 6
124 120 6 6
124 122 6 6
125 122 6 6
125 124 6 6
126 125 6 6
126 122 6 6
127 120 6 6
127 124 6 6
128 120 6 6
128 125 6 6
129 120 6 6
129 126 6 6
130 129 6 6
130 120 6 6
131 123 6 6
131 127 6 6
132 127 6 6
132 123 6 6
133 129 6 6
133 131 6 6
134 129 6 6
134 133 6 6
135 128 6 6
135 132 6 6
136 123 6 6
136 135 6 6
137 129 6 6
137 134 6 6
138 132 6 6
138 121 6 6
139 131 6 6
139 125 6 6
120 137 6 6
120 135 6 6
121 133 6 6
121 124 6 6
142 140 7 7
142 141 7 7
143 141 7 7
143 142 7 7
144 143 7 7
144 140 7 7
145 142 7 7
145 141 7 7
146 141 7 7
146 142 7 7
147 146 7 7
147 144 7 7
148 145 7 7
148 143 7 7
149 143 7 7
149 144 7 7
150 141 7 7
150 146 7 7
151 142 7 7
151 150 7 7
152 142 7 7
152 141 7 7
153 148 7 7
153 147 7 7
154 151 7 7
154 141 7 7
155 153 7 7
155 149 7 7
156 142 7 7
156 141 7 7
157 152 7 7
157 148 7 7
158 152 7 7
158 143 7 7
159 141 7 7
159 150 7 7
140 151 7 7
140 154 7 7
141 157 7 7
141 153 7 7
162 160 8 8
162 161 8 8
163 160 8 8
163 161 8 8
164 161 8 8
164 162 8 8
165 162 8 8
165 160 8 8
166 160 8 8
166 165 8 8
167 162 8 8
167 165 8 8
168 165 8 8
168 166 8 8
169 161 8 8
169 164 8 8
170 169 8 8
170 161 8 8
171 162 8 8
171 161 8 8
172 164 8 8
172 167 8 8
173 170 8 8
173 172 8 8
174 162 8 8
174 171 8 8
175 173 8 8
175 161 8 8
176 172 8 8
176 173 8 8
177 169 8 8
177 175 8 8
178 171 8 8
178 165 8 8
179 178 8 8
179 162 8 8
160 176 8 8
160 173 8 8
161 173 8 8
161 174 8 8
182 180 9 9
182 181 9 9
183 182 9 9
183 180 9 9
184 183 9 9
184 181 9 9
185 182 9 9
185 184 9 9
186 180 9 9
186 182 9 9
187 186 9 9
187 183 9 9
188 183 9 9
188 181 9 9
189 180 9 9
189 186 9 9
190 186 9 9
190 183 9 9
191 183 9 9
191 182 9 9
192 186 9 9
192 187 9 9
193 188 9 9
193 187 9 9
194 181 9 9
194 183 9 9
195 192 9 9
195 190 9 9
196 193 9 9
196 190 9 9
197 182 9 9
197 194 9 9
198 194 9 9
198 196 9 9
199 180 9 9
199 192 9 9
180 196 9 9
180 192 9 9
181 189 9 9
181 183 9 9
202 200 10 10
202 201 10 10
203 200 10 10
203 201 10 10
204 203 10 10
204 202 10 10
205 204 10 10
205 203 10 10
206 203 10 10
206 200 10 10
207 202 10 10
207 201 10 10
208 201 10 10
208 203 10 10
209 204 10 10
209 203 10 10
210 204 10 10
210 206 10 10
211 208 10 10
211 207 10 10
212 207 10 10
212 204 10 10
213 211 10 10
213 204 10 10
214 210 10 10
214 213 10 10
215 211 10 10
215 213 10 10
216 200 10 10
216 203 10 10
217 210 10 10
217 215 10 10
218 207 10 10
218 201 10 10
219 210 10 10
219 208 10 10
200 207 10 10
200 212 10 10
201 210 10 10
201 204 10 10
222 220 11 11
222 221 11 11
223 220 11 11
223 222 11 11
224 223 11 11
224 220 11 11
225 224 11 11
225 221 11 11
226 221 11 11
226 223 11 11
227 222 11 11
227 223 11 11
228 220 11 11
228 223 11 11
229 220 11 11
229 222 11 11
230 220 11 11
230 227 11 11
231 230 11 11
231 221 11 11
232 224 11 11
232 221 11 11
233 229 11 11
233 222 11 11
234 228 11 11
234 233 11 11
235 234 11 11
235 229 11 11
236 223 11 11
236 221 11 11
237 236 11 11
237 223 11 11
238 235 11 11
238 226 11 11
239 221 11 11
239 233 11 11
220 238 11 11
220 231 11 11
221 227 11 11
221 229 11 11
242 240 12 12
242 241 12 12
243 242 12 12
243 240 12 12
244 240 12 12
244 241 12 12
245 241 12 12
245 240 12 12
246 242 12 12
246 240 12 12
247 244 12 12
247 241 12 12
248 240 12 12
248 247 12 12
249 245 12 12
249 242 12 12
250 247 12 12
250 240 12 12
251 246 12 12
251 248 12 12
252 240 12 12
252 241 12 12
253 243 12 12
253 250 12 12
254 240 12 12
254 247 12 12
255 249 12 12
255 242 12 12
256 244 12 12
256 242 12 12
257 252 12 12
257 246 12 12
258 241 12 12
258 256 12 12
259 244 12 12
259 247 12 12
240 247 12 12
240 259 12 12
241 255 12 12
241 249 12 12
262 261 13 13
262 260 13 13
263 260 13 13
263 261 13 13
264 261 13 13
264 262 13 13
265 262 13 13
265 263 13 13
266 262 13 13
266 261 13 13
267 264 13 13
267 265 13 13
268 264 13 13
268 266 13 13
269 261 13 13
269 267 13 13
270 262 13 13
270 269 13 13
271 268 13 13
271 266 13 13
272 263 13 13
272 266 13 13
273 267 13 13
273 263 13 13
274 261 13 13
274 264 13 13
275 268 13 13
275 267 13 13
276 262 13 13
276 269 13 13
277 270 13 13
277 271 13 13
278 266 13 13
278 264 13 13
279 268 13 13
279 273 13 13
260 274 13 13
260 273 13 13
261 272 13 13
261 278 13 13
282 281 14 14
282 280 14 14
283 282 14 14
283 280 14 14
284 281 14 14
284 282 14 14
285 280 14 14
285 283 14 14
286 284 14 14
286 281 14 14
287 280 14 14
287 283 14 14
288 286 14 14
288 284 14 14
289 288 14 14
289 284 14 14
290 286 14 14
290 281 14 14
291 289 14 14
291 288 14 14
292 284 14 14
292 280 14 14
293 283 14 14
293 285 14 14
294 285 14 14
294 290 14 14
295 293 14 14
295 291 14 14
296 283 14 14
296 292 14 14
297 295 14 14
297 280 14 14
298 297 14 14
298 290 14 14
299 284 14 14
299 282 14 14
280 289 14 14
280 295 14 14
281 292 14 14
281 298 14 14
302 301 15 15
302 300 15 15
303 301 15 15
303 300 15 15
304 301 15 15
304 302 15 15
305 302 15 15
305 300 15 15
306 302 15 15
306 301 15 15
307 306 15 15
307 303 15 15
308 303 15 15
308 304 15 15
309 307 15 15
309 305 15 15
310 307 15 15
310 309 15 15
311 310 15 15
311 303 15 15
312 305 15 15
312 311 15 15
313 306 15 15
313 302 15 15
314 312 15 15
314 310 15 15
315 306 15 15
315 308 15 15
316 304 15 15
316 302 15 15
317 314 15 15
317 307 15 15
318 316 15 15
318 306 15 15
319 316 15 15
319 300 15 15
300 318 15 15
300 311 15 15
301 308 15 15
301 318 15 15
49 15 2 0
57 28 2 1
64 27 3 1
60 18 3 0
98 12 4 0
92 70 4 3
117 46 5 2
100 87 5 4
138 35 6 1
121 19 6 0
143 95 7 4
149 105 7 5
160 52 8 2
173 103 8 5
193 155 9 7
194 81 9 4
200 170 10 8
215 2 10 0
227 117 11 5
236 30 11 1
255 164 12 8
247 195 12 9
270 6 13 0
264 211 13 10
296 45 14 2
289 100 14 5
309 222 15 11
300 218 15 10
17 160 0 8
2 151 0 7
34 255 1 12
27 207 1 10
