swNum = 320
edgeNum = 672

0 0
1 0
2 0
3 0
4 0
5 0
6 0
7 0
8 0
9 0
10 0
11 0
12 0
13 0
14 0
15 0
16 0
17 0
18 0
19 0
20 1
21 1
22 1
23 1
24 1
25 1
26 1
27 1
28 1
29 1
30 1
31 1
32 1
33 1
34 1
35 1
36 1
37 1
38 1
39 1
40 2
41 2
42 2
43 2
44 2
45 2
46 2
47 2
48 2
49 2
50 2
51 2
52 2
53 2
54 2
55 2
56 2
57 2
58 2
59 2
60 3
61 3
62 3
63 3
64 3
65 3
66 3
67 3
68 3
69 3
70 3
71 3
72 3
73 3
74 3
75 3
76 3
77 3
78 3
79 3
80 4
81 4
82 4
83 4
84 4
85 4
86 4
87 4
88 4
89 4
90 4
91 4
92 4
93 4
94 4
95 4
96 4
97 4
98 4
99 4
100 5
101 5
102 5
103 5
104 5
105 5
106 5
107 5
108 5
109 5
110 5
111 5
112 5
113 5
114 5
115 5
116 5
117 5
118 5
119 5
120 6
121 6
122 6
123 6
124 6
125 6
126 6
127 6
128 6
129 6
130 6
131 6
132 6
133 6
134 6
135 6
136 6
137 6
138 6
139 6
140 7
141 7
142 7
143 7
144 7
145 7
146 7
147 7
148 7
149 7
150 7
151 7
152 7
153 7
154 7
155 7
156 7
157 7
158 7
159 7
160 8
161 8
162 8
163 8
164 8
165 8
166 8
167 8
168 8
169 8
170 8
171 8
172 8
173 8
174 8
175 8
176 8
177 8
178 8
179 8
180 9
181 9
182 9
183 9
184 9
185 9
186 9
187 9
188 9
189 9
190 9
191 9
192 9
193 9
194 9
195 9
196 9
197 9
198 9
199 9
200 10
201 10
202 10
203 10
204 10
205 10
206 10
207 10
208 10
209 10
210 10
211 10
212 10
213 10
214 10
215 10
216 10
217 10
218 10
219 10
220 11
221 11
222 11
223 11
224 11
225 11
226 11
227 11
228 11
229 11
230 11
231 11
232 11
233 11
234 11
235 11
236 11
237 11
238 11
239 11
240 12
241 12
242 12
243 12
244 12
245 12
246 12
247 12
248 12
249 12
250 12
251 12
252 12
253 12
254 12
255 12
256 12
257 12
258 12
259 12
260 13
261 13
262 13
263 13
264 13
265 13
266 13
267 13
268 13
269 13
270 13
271 13
272 13
273 13
274 13
275 13
276 13
277 13
278 13
279 13
280 14
281 14
282 14
283 14
284 14
285 14
286 14
287 14
288 14
289 14
290 14
291 14
292 14
293 14
294 14
295 14
296 14
297 14
298 14
299 14
300 15
301 15
302 15
303 15
304 15
305 15
306 15
307 15
308 15
309 15
310 15
311 15
312 15
313 15
314 15
315 15
316 15
317 15
318 15
319 15

2 1 0 0
2 0 0 0
3 2 0 0
3 1 0 0
4 3 0 0
4 2 0 0
5 0 0 0
5 1 0 0
6 4 0 0
6 3 0 0
7 1 0 0
7 5 0 0
8 3 0 0
8 6 0 0
9 1 0 0
9 4 0 0
10 5 0 0
10 0 0 0
11 0 0 0
11 3 0 0
12 4 0 0
12 9 0 0
13 11 0 0
13 10 0 0
14 7 0 0
14 2 0 0
15 5 0 0
15 3 0 0
16 1 0 0
16 2 0 0
17 12 0 0
17 3 0 0
18 17 0 0
18 14 0 0
19 0 0 0
19 18 0 0
0 16 0 0
0 13 0 0
1 4 0 0
1 11 0 0
22 21 1 1
22 20 1 1
23 22 1 1
23 21 1 1
24 23 1 1
24 22 1 1
25 23 1 1
25 22 1 1
26 22 1 1
26 20 1 1
27 21 1 1
27 23 1 1
28 22 1 1
28 25 1 1
29 27 1 1
29 20 1 1
30 29 1 1
30 28 1 1
31 25 1 1
31 30 1 1
32 29 1 1
32 24 1 1
33 20 1 1
33 30 1 1
34 24 1 1
34 29 1 1
35 23 1 1
35 31 1 1
36 35 1 1
36 25 1 1
37 28 1 1
37 32 1 1
38 21 1 1
38 23 1 1
39 38 1 1
39 37 1 1
20 39 1 1
20 37 1 1
21 30 1 1
21 33 1 1
42 41 2 2
42 40 2 2
43 42 2 2
43 41 2 2
44 41 2 2
44 42 2 2
45 42 2 2
45 44 2 2
46 41 2 2
46 43 2 2
47 42 2 2
47 43 2 2
48 40 2 2
48 45 2 2
49 48 2 2
49 46 2 2
50 42 2 2
50 40 2 2
51 42 2 2
51 40 2 2
52 50 2 2
52 42 2 2
53 43 2 2
53 40 2 2
54 52 2 2
54 42 2 2
55 44 2 2
55 42 2 2
56 54 2 2
56 51 2 2
57 45 2 2
57 44 2 2
58 53 2 2
58 54 2 2
59 48 2 2
59 44 2 2
40 45 2 2
40 44 2 2
41 47 2 2
41 54 2 2
62 61 3 3
62 60 3 3
63 61 3 3
63 60 3 3
64 60 3 3
64 62 3 3
65 62 3 3
65 61 3 3
66 61 3 3
66 62 3 3
67 63 3 3
67 60 3 3
68 60 3 3
68 63 3 3
69 64 3 3
69 67 3 3
70 68 3 3
70 60 3 3
71 61 3 3
71 65 3 3
72 70 3 3
72 65 3 3
73 60 3 3
73 62 3 3
74 70 3 3
74 62 3 3
75 65 3 3
75 66 3 3
76 68 3 3
76 60 3 3
77 62 3 3
77 63 3 3
78 63 3 3
78 74 3 3
79 69 3 3
79 76 3 3
60 74 3 3
60 71 3 3
61 76 3 3
61 64 3 3
82 80 4 4
82 81 4 4
83 82 4 4
83 80 4 4
84 82 4 4
84 80 4 4
85 82 4 4
85 81 4 4
86 83 4 4
86 81 4 4
87 82 4 4
87 83 4 4
88 83 4 4
88 82 4 4
89 86 4 4
89 82 4 4
90 87 4 4
90 82 4 4
91 87 4 4
91 89 4 4
92 81 4 4
92 85 4 4
93 85 4 4
93 91 4 4
94 81 4 4
94 93 4 4
95 85 4 4
95 84 4 4
96 86 4 4
96 89 4 4
97 85 4 4
97 88 4 4
98 95 4 4
98 91 4 4
99 98 4 4
99 97 4 4
80 91 4 4
80 96 4 4
81 91 4 4
81 96 4 4
102 101 5 5
102 100 5 5
103 100 5 5
103 101 5 5
104 103 5 5
104 101 5 5
105 100 5 5
105 104 5 5
106 105 5 5
106 101 5 5
107 100 5 5
107 102 5 5
108 107 5 5
108 102 5 5
109 101 5 5
109 103 5 5
110 105 5 5
110 108 5 5
111 109 5 5
111 104 5 5
112 102 5 5
112 109 5 5
113 101 5 5
113 102 5 5
114 106 5 5
114 108 5 5
115 103 5 5
115 109 5 5
116 102 5 5
116 101 5 5
117 108 5 5
117 105 5 5
118 106 5 5
118 111 5 5
119 101 5 5
119 100 5 5
100 106 5 5
100 112 5 5
101 117 5 5
101 105 5 5
122 120 6 6
122 121 6 6
123 122 6 6
123 120 6 6
124 122 6 6
124 121 6 6
125 122 6 6
125 120 6 6
126 124 6 6
126 121 6 6
127 120 6 6
127 125 6 6
128 127 6 6
128 125 6 6
129 122 6 6
129 125 6 6
130 122 6 6
130 123 6 6
131 125 6 6
131 127 6 6
132 131 6 6
132 130 6 6
133 130 6 6
133 121 6 6
134 132 6 6
134 126 6 6
135 121 6 6
135 131 6 6
136 130 6 6
136 125 6 6
137 122 6 6
137 123 6 6
138 136 6 6
138 125 6 6
139 132 6 6
139 124 6 6
120 138 6 6
120 134 6 6
121 129 6 6
121 136 6 6
142 141 7 7
142 140 7 7
143 140 7 7
143 142 7 7
144 140 7 7
144 143 7 7
145 142 7 7
145 140 7 7
146 143 7 7
146 145 7 7
147 144 7 7
147 145 7 7
148 142 7 7
148 144 7 7
149 147 7 7
149 142 7 7
150 142 7 7
150 143 7 7
151 140 7 7
151 146 7 7
152 146 7 7
152 148 7 7
153 142 7 7
153 143 7 7
154 144 7 7
154 151 7 7
155 146 7 7
155 152 7 7
156 152 7 7
156 145 7 7
157 153 7 7
157 145 7 7
158 147 7 7
158 151 7 7
159 151 7 7
159 154 7 7
140 156 7 7
140 159 7 7
141 154 7 7
141 153 7 7
162 161 8 8
162 160 8 8
163 162 8 8
163 161 8 8
164 160 8 8
164 162 8 8
165 161 8 8
165 160 8 8
166 162 8 8
166 163 8 8
167 164 8 8
167 160 8 8
168 164 8 8
168 167 8 8
169 163 8 8
169 161 8 8
170 168 8 8
170 164 8 8
171 169 8 8
171 163 8 8
172 164 8 8
172 163 8 8
173 168 8 8
173 169 8 8
174 173 8 8
174 166 8 8
175 173 8 8
175 160 8 8
176 162 8 8
176 161 8 8
177 176 8 8
177 162 8 8
178 173 8 8
178 167 8 8
179 177 8 8
179 164 8 8
160 178 8 8
160 172 8 8
161 171 8 8
161 177 8 8
182 181 9 9
182 180 9 9
183 182 9 9
183 181 9 9
184 180 9 9
184 182 9 9
185 184 9 9
185 180 9 9
186 180 9 9
186 184 9 9
187 180 9 9
187 183 9 9
188 185 9 9
188 183 9 9
189 188 9 9
189 181 9 9
190 182 9 9
190 187 9 9
191 189 9 9
191 185 9 9
192 188 9 9
192 184 9 9
193 189 9 9
193 185 9 9
194 181 9 9
194 187 9 9
195 190 9 9
195 181 9 9
196 180 9 9
196 192 9 9
197 190 9 9
197 180 9 9
198 194 9 9
198 196 9 9
199 190 9 9
199 196 9 9
180 192 9 9
180 198 9 9
181 190 9 9
181 196 9 9
202 201 10 10
202 200 10 10
203 202 10 10
203 201 10 10
204 200 10 10
204 202 10 10
205 200 10 10
205 204 10 10
206 202 10 10
206 205 10 10
207 201 10 10
207 202 10 10
208 205 10 10
208 206 10 10
209 207 10 10
209 202 10 10
210 206 10 10
210 203 10 10
211 200 10 10
211 205 10 10
212 205 10 10
212 200 10 10
213 206 10 10
213 210 10 10
214 203 10 10
214 205 10 10
215 203 10 10
215 211 10 10
216 203 10 10
216 200 10 10
217 203 10 10
217 209 10 10
218 207 10 10
218 211 10 10
219 203 10 10
219 212 10 10
200 206 10 10
200 215 10 10
201 206 10 10
201 211 10 10
222 220 11 11
222 221 11 11
223 220 11 11
223 221 11 11
224 221 11 11
224 222 11 11
225 220 11 11
225 223 11 11
226 221 11 11
226 220 11 11
227 225 11 11
227 223 11 11
228 224 11 11
228 227 11 11
229 228 11 11
229 227 11 11
230 220 11 11
230 225 11 11
231 220 11 11
231 221 11 11
232 221 11 11
232 229 11 11
233 221 11 11
233 222 11 11
234 230 11 11
234 231 11 11
235 227 11 11
235 231 11 11
236 230 11 11
236 224 11 11
237 229 11 11
237 228 11 11
238 233 11 11
238 222 11 11
239 232 11 11
239 228 11 11
220 234 11 11
220 228 11 11
221 228 11 11
221 230 11 11
242 241 12 12
242 240 12 12
243 240 12 12
243 241 12 12
244 242 12 12
244 243 12 12
245 244 12 12
245 240 12 12
246 245 12 12
246 244 12 12
247 242 12 12
247 243 12 12
248 240 12 12
248 243 12 12
249 244 12 12
249 240 12 12
250 244 12 12
250 246 12 12
251 244 12 12
251 245 12 12
252 247 12 12
252 248 12 12
253 245 12 12
253 251 12 12
254 241 12 12
254 242 12 12
255 250 12 12
255 248 12 12
256 254 12 12
256 241 12 12
257 254 12 12
257 245 12 12
258 242 12 12
258 256 12 12
259 248 12 12
259 254 12 12
240 251 12 12
240 256 12 12
241 244 12 12
241 252 12 12
262 261 13 13
262 260 13 13
263 261 13 13
263 262 13 13
264 262 13 13
264 263 13 13
265 260 13 13
265 264 13 13
266 264 13 13
266 260 13 13
267 266 13 13
267 264 13 13
268 261 13 13
268 263 13 13
269 263 13 13
269 266 13 13
270 265 13 13
270 268 13 13
271 263 13 13
271 267 13 13
272 271 13 13
272 260 13 13
273 263 13 13
273 272 13 13
274 265 13 13
274 273 13 13
275 262 13 13
275 261 13 13
276 265 13 13
276 275 13 13
277 264 13 13
277 273 13 13
278 260 13 13
278 272 13 13
279 271 13 13
279 265 13 13
260 279 13 13
260 269 13 13
261 272 13 13
261 277 13 13
282 281 14 14
282 280 14 14
283 282 14 14
283 280 14 14
284 283 14 14
284 281 14 14
285 281 14 14
285 280 14 14
286 283 14 14
286 280 14 14
287 284 14 14
287 285 14 14
288 285 14 14
288 287 14 14
289 283 14 14
289 280 14 14
290 282 14 14
290 284 14 14
291 281 14 14
291 288 14 14
292 291 14 14
292 281 14 14
293 280 14 14
293 286 14 14
294 284 14 14
294 290 14 14
295 287 14 14
295 288 14 14
296 283 14 14
296 284 14 14
297 293 14 14
297 296 14 14
298 292 14 14
298 287 14 14
299 289 14 14
299 280 14 14
280 290 14 14
280 291 14 14
281 293 14 14
281 290 14 14
302 300 15 15
302 301 15 15
303 300 15 15
303 302 15 15
304 300 15 15
304 302 15 15
305 300 15 15
305 302 15 15
306 303 15 15
306 304 15 15
307 301 15 15
307 303 15 15
308 303 15 15
308 307 15 15
309 304 15 15
309 308 15 15
310 304 15 15
310 308 15 15
311 308 15 15
311 305 15 15
312 303 15 15
312 308 15 15
313 312 15 15
313 308 15 15
314 310 15 15
314 300 15 15
315 313 15 15
315 306 15 15
316 300 15 15
316 304 15 15
317 302 15 15
317 304 15 15
318 310 15 15
318 301 15 15
319 304 15 15
319 306 15 15
300 308 15 15
300 312 15 15
301 310 15 15
301 304 15 15
59 33 2 1
42 16 2 0
75 48 3 2
78 1 3 0
99 70 4 3
88 19 4 0
105 61 5 3
109 24 5 1
138 62 6 3
127 90 6 4
144 55 7 2
155 129 7 6
162 86 8 4
163 105 8 5
195 5 9 0
187 161 9 8
215 52 10 2
210 191 10 9
232 208 11 10
232 53 11 2
243 10 12 0
248 46 12 2
266 224 13 11
276 131 13 6
282 184 14 9
292 167 14 8
309 200 15 10
307 284 15 14
8 167 0 8
13 315 0 15
27 306 1 15
31 183 1 9
