swNum = 320
edgeNum = 672

0 0
1 0
2 0
3 0
4 0
5 0
6 0
7 0
8 0
9 0
10 0
11 0
12 0
13 0
14 0
15 0
16 0
17 0
18 0
19 0
20 1
21 1
22 1
23 1
24 1
25 1
26 1
27 1
28 1
29 1
30 1
31 1
32 1
33 1
34 1
35 1
36 1
37 1
38 1
39 1
40 2
41 2
42 2
43 2
44 2
45 2
46 2
47 2
48 2
49 2
50 2
51 2
52 2
53 2
54 2
55 2
56 2
57 2
58 2
59 2
60 3
61 3
62 3
63 3
64 3
65 3
66 3
67 3
68 3
69 3
70 3
71 3
72 3
73 3
74 3
75 3
76 3
77 3
78 3
79 3
80 4
81 4
82 4
83 4
84 4
85 4
86 4
87 4
88 4
89 4
90 4
91 4
92 4
93 4
94 4
95 4
96 4
97 4
98 4
99 4
100 5
101 5
102 5
103 5
104 5
105 5
106 5
107 5
108 5
109 5
110 5
111 5
112 5
113 5
114 5
115 5
116 5
117 5
118 5
119 5
120 6
121 6
122 6
123 6
124 6
125 6
126 6
127 6
128 6
129 6
130 6
131 6
132 6
133 6
134 6
135 6
136 6
137 6
138 6
139 6
140 7
141 7
142 7
143 7
144 7
145 7
146 7
147 7
148 7
149 7
150 7
151 7
152 7
153 7
154 7
155 7
156 7
157 7
158 7
159 7
160 8
161 8
162 8
163 8
164 8
165 8
166 8
167 8
168 8
169 8
170 8
171 8
172 8
173 8
174 8
175 8
176 8
177 8
178 8
179 8
180 9
181 9
182 9
183 9
184 9
185 9
186 9
187 9
188 9
189 9
190 9
191 9
192 9
193 9
194 9
195 9
196 9
197 9
198 9
199 9
200 10
201 10
202 10
203 10
204 10
205 10
206 10
207 10
208 10
209 10
210 10
211 10
212 10
213 10
214 10
215 10
216 10
217 10
218 10
219 10
220 11
221 11
222 11
223 11
224 11
225 11
226 11
227 11
228 11
229 11
230 11
231 11
232 11
233 11
234 11
235 11
236 11
237 11
238 11
239 11
240 12
241 12
242 12
243 12
244 12
245 12
246 12
247 12
248 12
249 12
250 12
251 12
252 12
253 12
254 12
255 12
256 12
257 12
258 12
259 12
260 13
261 13
262 13
263 13
264 13
265 13
266 13
267 13
268 13
269 13
270 13
271 13
272 13
273 13
274 13
275 13
276 13
277 13
278 13
279 13
280 14
281 14
282 14
283 14
284 14
285 14
286 14
287 14
288 14
289 14
290 14
291 14
292 14
293 14
294 14
295 14
296 14
297 14
298 14
299 14
300 15
301 15
302 15
303 15
304 15
305 15
306 15
307 15
308 15
309 15
310 15
311 15
312 15
313 15
314 15
315 15
316 15
317 15
318 15
319 15

2 0 0 0
2 1 0 0
3 2 0 0
3 1 0 0
4 3 0 0
4 0 0 0
5 2 0 0
5 1 0 0
6 4 0 0
6 5 0 0
7 4 0 0
7 6 0 0
8 4 0 0
8 3 0 0
9 2 0 0
9 1 0 0
10 4 0 0
10 6 0 0
11 6 0 0
11 2 0 0
12 2 0 0
12 11 0 0
13 2 0 0
13 5 0 0
14 13 0 0
14 11 0 0
15 0 0 0
15 3 0 0
16 8 0 0
16 14 0 0
17 4 0 0
17 3 0 0
18 17 0 0
18 11 0 0
19 2 0 0
19 12 0 0
0 5 0 0
0 12 0 0
1 14 0 0
1 18 0 0
22 21 1 1
22 20 1 1
23 20 1 1
23 22 1 1
24 22 1 1
24 23 1 1
25 22 1 1
25 24 1 1
26 21 1 1
26 20 1 1
27 25 1 1
27 21 1 1
28 20 1 1
28 26 1 1
29 27 1 1
29 26 1 1
30 22 1 1
30 24 1 1
31 29 1 1
31 23 1 1
32 23 1 1
32 24 1 1
33 32 1 1
33 25 1 1
34 32 1 1
34 31 1 1
35 30 1 1
35 26 1 1
36 33 1 1
36 24 1 1
37 31 1 1
37 36 1 1
38 35 1 1
38 32 1 1
39 32 1 1
39 23 1 1
20 31 1 1
20 35 1 1
21 37 1 1
21 29 1 1
42 40 2 2
42 41 2 2
43 42 2 2
43 40 2 2
44 40 2 2
44 42 2 2
45 41 2 2
45 43 2 2
46 45 2 2
46 43 2 2
47 43 2 2
47 42 2 2
48 47 2 2
48 43 2 2
49 44 2 2
49 40 2 2
50 46 2 2
50 44 2 2
51 44 2 2
51 49 2 2
52 41 2 2
52 51 2 2
53 48 2 2
53 45 2 2
54 42 2 2
54 53 2 2
55 42 2 2
55 52 2 2
56 48 2 2
56 53 2 2
57 53 2 2
57 40 2 2
58 41 2 2
58 57 2 2
59 45 2 2
59 46 2 2
40 55 2 2
40 50 2 2
41 57 2 2
41 43 2 2
62 61 3 3
62 60 3 3
63 61 3 3
63 60 3 3
64 60 3 3
64 63 3 3
65 63 3 3
65 62 3 3
66 60 3 3
66 64 3 3
67 61 3 3
67 60 3 3
68 66 3 3
68 61 3 3
69 67 3 3
69 64 3 3
70 63 3 3
70 69 3 3
71 69 3 3
71 60 3 3
72 66 3 3
72 64 3 3
73 71 3 3
73 64 3 3
74 69 3 3
74 71 3 3
75 66 3 3
75 60 3 3
76 69 3 3
76 64 3 3
77 68 3 3
77 75 3 3
78 66 3 3
78 72 3 3
79 68 3 3
79 73 3 3
60 76 3 3
60 65 3 3
61 65 3 3
61 69 3 3
82 80 4 4
82 81 4 4
83 81 4 4
83 80 4 4
84 81 4 4
84 80 4 4
85 83 4 4
85 80 4 4
86 85 4 4
86 84 4 4
87 83 4 4
87 86 4 4
88 80 4 4
88 85 4 4
89 80 4 4
89 85 4 4
90 85 4 4
90 86 4 4
91 84 4 4
91 85 4 4
92 85 4 4
92 81 4 4
93 85 4 4
93 90 4 4
94 80 4 4
94 82 4 4
95 92 4 4
95 81 4 4
96 91 4 4
96 94 4 4
97 86 4 4
97 81 4 4
98 87 4 4
98 92 4 4
99 97 4 4
99 81 4 4
80 97 4 4
80 91 4 4
81 91 4 4
81 98 4 4
102 100 5 5
102 101 5 5
103 102 5 5
103 101 5 5
104 103 5 5
104 102 5 5
105 100 5 5
105 102 5 5
106 100 5 5
106 105 5 5
107 103 5 5
107 104 5 5
108 105 5 5
108 100 5 5
109 105 5 5
109 106 5 5
110 107 5 5
110 104 5 5
111 100 5 5
111 110 5 5
112 109 5 5
112 100 5 5
113 111 5 5
113 110 5 5
114 106 5 5
114 103 5 5
115 110 5 5
115 109 5 5
116 100 5 5
116 109 5 5
117 111 5 5
117 110 5 5
118 101 5 5
118 107 5 5
119 101 5 5
119 115 5 5
100 114 5 5
100 113 5 5
101 112 5 5
101 114 5 5
122 121 6 6
122 120 6 6
123 121 6 6
123 120 6 6
124 123 6 6
124 121 6 6
125 121 6 6
125 120 6 6
126 121 6 6
126 125 6 6
127 123 6 6
127 124 6 6
128 124 6 6
128 121 6 6
129 121 6 6
129 126 6 6
130 123 6 6
130 126 6 6
131 123 6 6
131 120 6 6
132 120 6 6
132 123 6 6
133 124 6 6
133 130 6 6
134 128 6 6
134 121 6 6
135 125 6 6
135 132 6 6
136 125 6 6
136 121 6 6
137 126 6 6
137 136 6 6
138 132 6 6
138 129 6 6
139 133 6 6
139 132 6 6
120 135 6 6
120 128 6 6
121 137 6 6
121 132 6 6
142 140 7 7
142 141 7 7
143 141 7 7
143 142 7 7
144 140 7 7
144 141 7 7
145 142 7 7
145 144 7 7
146 141 7 7
146 144 7 7
147 146 7 7
147 141 7 7
148 140 7 7
148 142 7 7
149 142 7 7
149 148 7 7
150 143 7 7
150 146 7 7
151 148 7 7
151 145 7 7
152 140 7 7
152 145 7 7
153 141 7 7
153 146 7 7
154 149 7 7
154 153 7 7
155 153 7 7
155 142 7 7
156 146 7 7
156 143 7 7
157 141 7 7
157 152 7 7
158 154 7 7
158 155 7 7
159 158 7 7
159 155 7 7
140 153 7 7
140 149 7 7
141 154 7 7
141 159 7 7
162 160 8 8
162 161 8 8
163 160 8 8
163 162 8 8
164 160 8 8
164 163 8 8
165 161 8 8
165 164 8 8
166 164 8 8
166 161 8 8
167 162 8 8
167 164 8 8
168 167 8 8
168 163 8 8
169 160 8 8
169 164 8 8
170 160 8 8
170 162 8 8
171 165 8 8
171 170 8 8
172 162 8 8
172 160 8 8
173 165 8 8
173 167 8 8
174 167 8 8
174 168 8 8
175 171 8 8
175 173 8 8
176 160 8 8
176 174 8 8
177 161 8 8
177 168 8 8
178 166 8 8
178 162 8 8
179 161 8 8
179 172 8 8
160 175 8 8
160 173 8 8
161 167 8 8
161 168 8 8
182 180 9 9
182 181 9 9
183 181 9 9
183 182 9 9
184 181 9 9
184 180 9 9
185 184 9 9
185 180 9 9
186 181 9 9
186 185 9 9
187 180 9 9
187 182 9 9
188 184 9 9
188 186 9 9
189 186 9 9
189 180 9 9
190 185 9 9
190 189 9 9
191 190 9 9
191 180 9 9
192 191 9 9
192 187 9 9
193 182 9 9
193 180 9 9
194 187 9 9
194 182 9 9
195 184 9 9
195 188 9 9
196 191 9 9
196 195 9 9
197 184 9 9
197 187 9 9
198 181 9 9
198 186 9 9
199 190 9 9
199 182 9 9
180 197 9 9
180 192 9 9
181 187 9 9
181 191 9 9
202 201 10 10
202 200 10 10
203 200 10 10
203 202 10 10
204 203 10 10
204 202 10 10
205 203 10 10
205 200 10 10
206 200 10 10
206 201 10 10
207 204 10 10
207 205 10 10
208 204 10 10
208 201 10 10
209 200 10 10
209 204 10 10
210 205 10 10
210 204 10 10
211 205 10 10
211 201 10 10
212 203 10 10
212 209 10 10
213 208 10 10
213 200 10 10
214 210 10 10
214 212 10 10
215 204 10 10
215 212 10 10
216 201 10 10
216 214 10 10
217 212 10 10
217 216 10 10
218 217 10 10
218 210 10 10
219 211 10 10
219 207 10 10
200 204 10 10
200 217 10 10
201 204 10 10
201 218 10 10
222 220 11 11
222 221 11 11
223 220 11 11
223 221 11 11
224 220 11 11
224 221 11 11
225 221 11 11
225 224 11 11
226 225 11 11
226 220 11 11
227 224 11 11
227 223 11 11
228 222 11 11
228 221 11 11
229 225 11 11
229 226 11 11
230 223 11 11
230 227 11 11
231 224 11 11
231 228 11 11
232 222 11 11
232 220 11 11
233 226 11 11
233 229 11 11
234 221 11 11
234 220 11 11
235 223 11 11
235 220 11 11
236 230 11 11
236 226 11 11
237 230 11 11
237 231 11 11
238 236 11 11
238 230 11 11
239 231 11 11
239 232 11 11
220 236 11 11
220 228 11 11
221 236 11 11
221 239 11 11
242 241 12 12
242 240 12 12
243 242 12 12
243 241 12 12
244 242 12 12
244 241 12 12
245 240 12 12
245 242 12 12
246 240 12 12
246 241 12 12
247 242 12 12
247 241 12 12
248 240 12 12
248 245 12 12
249 242 12 12
249 243 12 12
250 245 12 12
250 240 12 12
251 241 12 12
251 249 12 12
252 241 12 12
252 246 12 12
253 250 12 12
253 249 12 12
254 240 12 12
254 252 12 12
255 250 12 12
255 247 12 12
256 255 12 12
256 241 12 12
257 250 12 12
257 241 12 12
258 241 12 12
258 242 12 12
259 258 12 12
259 251 12 12
240 257 12 12
240 243 12 12
241 254 12 12
241 250 12 12
262 260 13 13
262 261 13 13
263 260 13 13
263 262 13 13
264 263 13 13
264 261 13 13
265 262 13 13
265 263 13 13
266 264 13 13
266 262 13 13
267 262 13 13
267 265 13 13
268 266 13 13
268 267 13 13
269 267 13 13
269 260 13 13
270 261 13 13
270 269 13 13
271 267 13 13
271 268 13 13
272 264 13 13
272 265 13 13
273 271 13 13
273 272 13 13
274 266 13 13
274 264 13 13
275 271 13 13
275 270 13 13
276 262 13 13
276 265 13 13
277 262 13 13
277 264 13 13
278 265 13 13
278 266 13 13
279 274 13 13
279 260 13 13
260 274 13 13
260 271 13 13
261 268 13 13
261 269 13 13
282 280 14 14
282 281 14 14
283 281 14 14
283 282 14 14
284 280 14 14
284 283 14 14
285 282 14 14
285 284 14 14
286 282 14 14
286 280 14 14
287 280 14 14
287 281 14 14
288 283 14 14
288 284 14 14
289 287 14 14
289 282 14 14
290 281 14 14
290 282 14 14
291 290 14 14
291 286 14 14
292 283 14 14
292 284 14 14
293 288 14 14
293 280 14 14
294 283 14 14
294 281 14 14
295 281 14 14
295 280 14 14
296 283 14 14
296 290 14 14
297 285 14 14
297 284 14 14
298 285 14 14
298 282 14 14
299 295 14 14
299 294 14 14
280 299 14 14
280 294 14 14
281 296 14 14
281 285 14 14
302 300 15 15
302 301 15 15
303 302 15 15
303 301 15 15
304 303 15 15
304 301 15 15
305 304 15 15
305 303 15 15
306 301 15 15
306 302 15 15
307 305 15 15
307 306 15 15
308 307 15 15
308 301 15 15
309 306 15 15
309 304 15 15
310 305 15 15
310 300 15 15
311 303 15 15
311 310 15 15
312 301 15 15
312 302 15 15
313 309 15 15
313 308 15 15
314 307 15 15
314 305 15 15
315 304 15 15
315 314 15 15
316 306 15 15
316 307 15 15
317 312 15 15
317 313 15 15
318 316 15 15
318 302 15 15
319 314 15 15
319 309 15 15
300 311 15 15
300 305 15 15
301 315 15 15
301 314 15 15
41 5 2 0
53 31 2 1
67 33 3 1
64 54 3 2
85 14 4 0
82 21 4 1
116 54 5 2
108 19 5 0
122 34 6 1
137 99 6 4
152 78 7 3
149 2 7 0
176 49 8 2
162 17 8 0
194 156 9 7
197 66 9 3
214 27 10 1
211 84 10 4
226 120 11 6
230 55 11 2
259 192 12 9
258 178 12 8
279 9 13 0
267 31 13 1
292 249 14 12
290 75 14 3
300 132 15 6
318 92 15 4
12 211 0 10
0 224 0 11
29 157 1 7
20 179 1 8
