swNum = 320
edgeNum = 672

0 0
1 0
2 0
3 0
4 0
5 0
6 0
7 0
8 0
9 0
10 0
11 0
12 0
13 0
14 0
15 0
16 0
17 0
18 0
19 0
20 1
21 1
22 1
23 1
24 1
25 1
26 1
27 1
28 1
29 1
30 1
31 1
32 1
33 1
34 1
35 1
36 1
37 1
38 1
39 1
40 2
41 2
42 2
43 2
44 2
45 2
46 2
47 2
48 2
49 2
50 2
51 2
52 2
53 2
54 2
55 2
56 2
57 2
58 2
59 2
60 3
61 3
62 3
63 3
64 3
65 3
66 3
67 3
68 3
69 3
70 3
71 3
72 3
73 3
74 3
75 3
76 3
77 3
78 3
79 3
80 4
81 4
82 4
83 4
84 4
85 4
86 4
87 4
88 4
89 4
90 4
91 4
92 4
93 4
94 4
95 4
96 4
97 4
98 4
99 4
100 5
101 5
102 5
103 5
104 5
105 5
106 5
107 5
108 5
109 5
110 5
111 5
112 5
113 5
114 5
115 5
116 5
117 5
118 5
119 5
120 6
121 6
122 6
123 6
124 6
125 6
126 6
127 6
128 6
129 6
130 6
131 6
132 6
133 6
134 6
135 6
136 6
137 6
138 6
139 6
140 7
141 7
142 7
143 7
144 7
145 7
146 7
147 7
148 7
149 7
150 7
151 7
152 7
153 7
154 7
155 7
156 7
157 7
158 7
159 7
160 8
161 8
162 8
163 8
164 8
165 8
166 8
167 8
168 8
169 8
170 8
171 8
172 8
173 8
174 8
175 8
176 8
177 8
178 8
179 8
180 9
181 9
182 9
183 9
184 9
185 9
186 9
187 9
188 9
189 9
190 9
191 9
192 9
193 9
194 9
195 9
196 9
197 9
198 9
199 9
200 10
201 10
202 10
203 10
204 10
205 10
206 10
207 10
208 10
209 10
210 10
211 10
212 10
213 10
214 10
215 10
216 10
217 10
218 10
219 10
220 11
221 11
222 11
223 11
224 11
225 11
226 11
227 11
228 11
229 11
230 11
231 11
232 11
233 11
234 11
235 11
236 11
237 11
238 11
239 11
240 12
241 12
242 12
243 12
244 12
245 12
246 12
247 12
248 12
249 12
250 12
251 12
252 12
253 12
254 12
255 12
256 12
257 12
258 12
259 12
260 13
261 13
262 13
263 13
264 13
265 13
266 13
267 13
268 13
269 13
270 13
271 13
272 13
273 13
274 13
275 13
276 13
277 13
278 13
279 13
280 14
281 14
282 14
283 14
284 14
285 14
286 14
287 14
288 14
289 14
290 14
291 14
292 14
293 14
294 14
295 14
296 14
297 14
298 14
299 14
300 15
301 15
302 15
303 15
304 15
305 15
306 15
307 15
308 15
309 15
310 15
311 15
312 15
313 15
314 15
315 15
316 15
317 15
318 15
319 15

2 1 0 0
2 0 0 0
3 0 0 0
3 2 0 0
4 1 0 0
4 0 0 0
5 1 0 0
5 4 0 0
6 5 0 0
6 3 0 0
7 6 0 0
7 2 0 0
8 6 0 0
8 7 0 0
9 3 0 0
9 5 0 0
10 0 0 0
10 8 0 0
11 1 0 0
11 7 0 0
12 4 0 0
12 2 0 0
13 3 0 0
13 12 0 0
14 8 0 0
14 0 0 0
15 7 0 0
15 2 0 0
16 13 0 0
16 8 0 0
17 8 0 0
17 10 0 0
18 10 0 0
18 9 0 0
19 3 0 0
19 5 0 0
0 7 0 0
0 8 0 0
1 12 0 0
1 7 0 0
22 21 1 1
22 20 1 1
23 21 1 1
23 22 1 1
24 22 1 1
24 20 1 1
25 21 1 1
25 20 1 1
26 25 1 1
26 20 1 1
27 24 1 1
27 25 1 1
28 20 1 1
28 26 1 1
29 22 1 1
29 23 1 1
30 22 1 1
30 24 1 1
31 21 1 1
31 25 1 1
32 25 1 1
32 24 1 1
33 27 1 1
33 21 1 1
34 28 1 1
34 27 1 1
35 23 1 1
35 29 1 1
36 34 1 1
36 33 1 1
37 26 1 1
37 22 1 1
38 23 1 1
38 24 1 1
39 26 1 1
39 35 1 1
20 34 1 1
20 39 1 1
21 35 1 1
21 34 1 1
42 41 2 2
42 40 2 2
43 42 2 2
43 41 2 2
44 42 2 2
44 40 2 2
45 42 2 2
45 41 2 2
46 40 2 2
46 44 2 2
47 46 2 2
47 40 2 2
48 40 2 2
48 45 2 2
49 40 2 2
49 46 2 2
50 44 2 2
50 49 2 2
51 49 2 2
51 41 2 2
52 42 2 2
52 47 2 2
53 48 2 2
53 51 2 2
54 45 2 2
54 53 2 2
55 42 2 2
55 47 2 2
56 42 2 2
56 51 2 2
57 49 2 2
57 50 2 2
58 47 2 2
58 57 2 2
59 42 2 2
59 55 2 2
40 43 2 2
40 55 2 2
41 48 2 2
41 59 2 2
62 61 3 3
62 60 3 3
63 62 3 3
63 61 3 3
64 62 3 3
64 61 3 3
65 64 3 3
65 63 3 3
66 62 3 3
66 63 3 3
67 61 3 3
67 63 3 3
68 67 3 3
68 63 3 3
69 67 3 3
69 60 3 3
70 69 3 3
70 64 3 3
71 70 3 3
71 62 3 3
72 71 3 3
72 60 3 3
73 72 3 3
73 70 3 3
74 64 3 3
74 70 3 3
75 66 3 3
75 67 3 3
76 61 3 3
76 63 3 3
77 64 3 3
77 69 3 3
78 77 3 3
78 72 3 3
79 69 3 3
79 70 3 3
60 77 3 3
60 66 3 3
61 71 3 3
61 72 3 3
82 80 4 4
82 81 4 4
83 81 4 4
83 82 4 4
84 82 4 4
84 81 4 4
85 82 4 4
85 83 4 4
86 81 4 4
86 83 4 4
87 83 4 4
87 84 4 4
88 87 4 4
88 81 4 4
89 82 4 4
89 87 4 4
90 89 4 4
90 80 4 4
91 81 4 4
91 90 4 4
92 81 4 4
92 88 4 4
93 81 4 4
93 83 4 4
94 83 4 4
94 81 4 4
95 86 4 4
95 81 4 4
96 90 4 4
96 88 4 4
97 87 4 4
97 89 4 4
98 89 4 4
98 92 4 4
99 96 4 4
99 95 4 4
80 96 4 4
80 94 4 4
81 96 4 4
81 85 4 4
102 101 5 5
102 100 5 5
103 100 5 5
103 101 5 5
104 102 5 5
104 101 5 5
105 101 5 5
105 102 5 5
106 102 5 5
106 101 5 5
107 100 5 5
107 102 5 5
108 103 5 5
108 101 5 5
109 103 5 5
109 101 5 5
110 103 5 5
110 108 5 5
111 108 5 5
111 104 5 5
112 107 5 5
112 104 5 5
113 111 5 5
113 103 5 5
114 102 5 5
114 104 5 5
115 101 5 5
115 107 5 5
116 104 5 5
116 105 5 5
117 113 5 5
117 106 5 5
118 110 5 5
118 115 5 5
119 110 5 5
119 112 5 5
100 118 5 5
100 104 5 5
101 107 5 5
101 111 5 5
122 120 6 6
122 121 6 6
123 122 6 6
123 121 6 6
124 122 6 6
124 120 6 6
125 121 6 6
125 124 6 6
126 124 6 6
126 122 6 6
127 123 6 6
127 124 6 6
128 123 6 6
128 121 6 6
129 121 6 6
129 127 6 6
130 120 6 6
130 127 6 6
131 126 6 6
131 122 6 6
132 125 6 6
132 122 6 6
133 121 6 6
133 125 6 6
134 120 6 6
134 124 6 6
135 121 6 6
135 124 6 6
136 126 6 6
136 134 6 6
137 133 6 6
137 129 6 6
138 134 6 6
138 129 6 6
139 126 6 6
139 128 6 6
120 127 6 6
120 128 6 6
121 124 6 6
121 139 6 6
142 140 7 7
142 141 7 7
143 141 7 7
143 142 7 7
144 140 7 7
144 142 7 7
145 140 7 7
145 143 7 7
146 144 7 7
146 145 7 7
147 141 7 7
147 143 7 7
148 144 7 7
148 143 7 7
149 142 7 7
149 146 7 7
150 147 7 7
150 143 7 7
151 140 7 7
151 141 7 7
152 148 7 7
152 151 7 7
153 151 7 7
153 152 7 7
154 141 7 7
154 150 7 7
155 153 7 7
155 148 7 7
156 154 7 7
156 144 7 7
157 152 7 7
157 151 7 7
158 156 7 7
158 149 7 7
159 141 7 7
159 145 7 7
140 146 7 7
140 156 7 7
141 156 7 7
141 158 7 7
162 161 8 8
162 160 8 8
163 162 8 8
163 161 8 8
164 162 8 8
164 161 8 8
165 163 8 8
165 160 8 8
166 164 8 8
166 163 8 8
167 161 8 8
167 163 8 8
168 163 8 8
168 167 8 8
169 166 8 8
169 163 8 8
170 166 8 8
170 169 8 8
171 161 8 8
171 166 8 8
172 160 8 8
172 170 8 8
173 160 8 8
173 162 8 8
174 173 8 8
174 164 8 8
175 165 8 8
175 162 8 8
176 160 8 8
176 164 8 8
177 163 8 8
177 169 8 8
178 172 8 8
178 173 8 8
179 173 8 8
179 161 8 8
160 169 8 8
160 168 8 8
161 172 8 8
161 168 8 8
182 181 9 9
182 180 9 9
183 181 9 9
183 180 9 9
184 182 9 9
184 181 9 9
185 182 9 9
185 180 9 9
186 185 9 9
186 180 9 9
187 186 9 9
187 180 9 9
188 180 9 9
188 183 9 9
189 184 9 9
189 181 9 9
190 185 9 9
190 189 9 9
191 180 9 9
191 184 9 9
192 181 9 9
192 184 9 9
193 187 9 9
193 184 9 9
194 192 9 9
194 191 9 9
195 183 9 9
195 187 9 9
196 191 9 9
196 187 9 9
197 196 9 9
197 192 9 9
198 180 9 9
198 194 9 9
199 181 9 9
199 196 9 9
180 196 9 9
180 184 9 9
181 197 9 9
181 190 9 9
202 200 10 10
202 201 10 10
203 200 10 10
203 202 10 10
204 200 10 10
204 201 10 10
205 201 10 10
205 202 10 10
206 200 10 10
206 204 10 10
207 205 10 10
207 204 10 10
208 205 10 10
208 207 10 10
209 201 10 10
209 200 10 10
210 200 10 10
210 202 10 10
211 207 10 10
211 208 10 10
212 209 10 10
212 211 10 10
213 203 10 10
213 211 10 10
214 208 10 10
214 203 10 10
215 205 10 10
215 207 10 10
216 200 10 10
216 201 10 10
217 202 10 10
217 214 10 10
218 207 10 10
218 213 10 10
219 206 10 10
219 216 10 10
200 211 10 10
200 214 10 10
201 210 10 10
201 217 10 10
222 220 11 11
222 221 11 11
223 220 11 11
223 221 11 11
224 223 11 11
224 221 11 11
225 220 11 11
225 224 11 11
226 222 11 11
226 220 11 11
227 220 11 11
227 221 11 11
228 220 11 11
228 223 11 11
229 225 11 11
229 227 11 11
230 228 11 11
230 224 11 11
231 223 11 11
231 226 11 11
232 222 11 11
232 227 11 11
233 227 11 11
233 229 11 11
234 229 11 11
234 233 11 11
235 232 11 11
235 227 11 11
236 228 11 11
236 224 11 11
237 230 11 11
237 229 11 11
238 230 11 11
238 229 11 11
239 232 11 11
239 220 11 11
220 229 11 11
220 234 11 11
221 233 11 11
221 229 11 11
242 241 12 12
242 240 12 12
243 240 12 12
243 241 12 12
244 240 12 12
244 243 12 12
245 241 12 12
245 244 12 12
246 245 12 12
246 240 12 12
247 240 12 12
247 241 12 12
248 241 12 12
248 240 12 12
249 242 12 12
249 241 12 12
250 248 12 12
250 247 12 12
251 248 12 12
251 246 12 12
252 249 12 12
252 251 12 12
253 247 12 12
253 246 12 12
254 241 12 12
254 242 12 12
255 240 12 12
255 247 12 12
256 243 12 12
256 246 12 12
257 253 12 12
257 251 12 12
258 245 12 12
258 241 12 12
259 258 12 12
259 254 12 12
240 252 12 12
240 251 12 12
241 251 12 12
241 259 12 12
262 261 13 13
262 260 13 13
263 260 13 13
263 262 13 13
264 262 13 13
264 260 13 13
265 264 13 13
265 263 13 13
266 263 13 13
266 265 13 13
267 262 13 13
267 264 13 13
268 263 13 13
268 262 13 13
269 266 13 13
269 268 13 13
270 264 13 13
270 268 13 13
271 269 13 13
271 262 13 13
272 265 13 13
272 263 13 13
273 269 13 13
273 262 13 13
274 267 13 13
274 271 13 13
275 260 13 13
275 271 13 13
276 273 13 13
276 267 13 13
277 262 13 13
277 275 13 13
278 272 13 13
278 266 13 13
279 270 13 13
279 262 13 13
260 270 13 13
260 267 13 13
261 272 13 13
261 271 13 13
282 281 14 14
282 280 14 14
283 281 14 14
283 280 14 14
284 281 14 14
284 280 14 14
285 280 14 14
285 282 14 14
286 284 14 14
286 281 14 14
287 284 14 14
287 283 14 14
288 287 14 14
288 281 14 14
289 283 14 14
289 288 14 14
290 280 14 14
290 286 14 14
291 284 14 14
291 289 14 14
292 290 14 14
292 280 14 14
293 280 14 14
293 283 14 14
294 282 14 14
294 287 14 14
295 285 14 14
295 280 14 14
296 280 14 14
296 292 14 14
297 283 14 14
297 290 14 14
298 288 14 14
298 287 14 14
299 286 14 14
299 281 14 14
280 299 14 14
280 298 14 14
281 285 14 14
281 298 14 14
302 301 15 15
302 300 15 15
303 302 15 15
303 301 15 15
304 302 15 15
304 300 15 15
305 304 15 15
305 301 15 15
306 305 15 15
306 301 15 15
307 305 15 15
307 302 15 15
308 301 15 15
308 304 15 15
309 306 15 15
309 304 15 15
310 303 15 15
310 304 15 15
311 309 15 15
311 303 15 15
312 306 15 15
312 304 15 15
313 310 15 15
313 304 15 15
314 311 15 15
314 313 15 15
315 312 15 15
315 303 15 15
316 300 15 15
316 312 15 15
317 302 15 15
317 300 15 15
318 316 15 15
318 303 15 15
319 300 15 15
319 302 15 15
300 315 15 15
300 308 15 15
301 309 15 15
301 316 15 15
53 38 2 1
47 1 2 0
66 49 3 2
75 4 3 0
94 37 4 1
93 7 4 0
105 73 5 3
100 14 5 0
126 91 6 4
121 11 6 0
153 57 7 2
156 112 7 5
165 49 8 2
177 115 8 5
191 52 9 2
180 96 9 4
211 89 10 4
202 181 10 9
234 39 11 1
226 42 11 2
242 69 12 3
249 104 12 5
271 90 13 4
263 192 13 9
282 69 14 3
293 226 14 11
305 269 15 13
313 92 15 4
11 315 0 15
8 168 0 8
35 156 1 7
27 275 1 13
