swNum = 320
edgeNum = 672

0 0
1 0
2 0
3 0
4 0
5 0
6 0
7 0
8 0
9 0
10 0
11 0
12 0
13 0
14 0
15 0
16 0
17 0
18 0
19 0
20 1
21 1
22 1
23 1
24 1
25 1
26 1
27 1
28 1
29 1
30 1
31 1
32 1
33 1
34 1
35 1
36 1
37 1
38 1
39 1
40 2
41 2
42 2
43 2
44 2
45 2
46 2
47 2
48 2
49 2
50 2
51 2
52 2
53 2
54 2
55 2
56 2
57 2
58 2
59 2
60 3
61 3
62 3
63 3
64 3
65 3
66 3
67 3
68 3
69 3
70 3
71 3
72 3
73 3
74 3
75 3
76 3
77 3
78 3
79 3
80 4
81 4
82 4
83 4
84 4
85 4
86 4
87 4
88 4
89 4
90 4
91 4
92 4
93 4
94 4
95 4
96 4
97 4
98 4
99 4
100 5
101 5
102 5
103 5
104 5
105 5
106 5
107 5
108 5
109 5
110 5
111 5
112 5
113 5
114 5
115 5
116 5
117 5
118 5
119 5
120 6
121 6
122 6
123 6
124 6
125 6
126 6
127 6
128 6
129 6
130 6
131 6
132 6
133 6
134 6
135 6
136 6
137 6
138 6
139 6
140 7
141 7
142 7
143 7
144 7
145 7
146 7
147 7
148 7
149 7
150 7
151 7
152 7
153 7
154 7
155 7
156 7
157 7
158 7
159 7
160 8
161 8
162 8
163 8
164 8
165 8
166 8
167 8
168 8
169 8
170 8
171 8
172 8
173 8
174 8
175 8
176 8
177 8
178 8
179 8
180 9
181 9
182 9
183 9
184 9
185 9
186 9
187 9
188 9
189 9
190 9
191 9
192 9
193 9
194 9
195 9
196 9
197 9
198 9
199 9
200 10
201 10
202 10
203 10
204 10
205 10
206 10
207 10
208 10
209 10
210 10
211 10
212 10
213 10
214 10
215 10
216 10
217 10
218 10
219 10
220 11
221 11
222 11
223 11
224 11
225 11
226 11
227 11
228 11
229 11
230 11
231 11
232 11
233 11
234 11
235 11
236 11
237 11
238 11
239 11
240 12
241 12
242 12
243 12
244 12
245 12
246 12
247 12
248 12
249 12
250 12
251 12
252 12
253 12
254 12
255 12
256 12
257 12
258 12
259 12
260 13
261 13
262 13
263 13
264 13
265 13
266 13
267 13
268 13
269 13
270 13
271 13
272 13
273 13
274 13
275 13
276 13
277 13
278 13
279 13
280 14
281 14
282 14
283 14
284 14
285 14
286 14
287 14
288 14
289 14
290 14
291 14
292 14
293 14
294 14
295 14
296 14
297 14
298 14
299 14
300 15
301 15
302 15
303 15
304 15
305 15
306 15
307 15
308 15
309 15
310 15
311 15
312 15
313 15
314 15
315 15
316 15
317 15
318 15
319 15

2 0 0 0
2 1 0 0
3 0 0 0
3 2 0 0
4 1 0 0
4 0 0 0
5 1 0 0
5 0 0 0
6 2 0 0
6 0 0 0
7 1 0 0
7 3 0 0
8 1 0 0
8 4 0 0
9 7 0 0
9 5 0 0
10 2 0 0
10 4 0 0
11 6 0 0
11 3 0 0
12 8 0 0
12 1 0 0
13 5 0 0
13 9 0 0
14 6 0 0
14 12 0 0
15 12 0 0
15 1 0 0
16 5 0 0
16 10 0 0
17 4 0 0
17 5 0 0
18 17 0 0
18 0 0 0
19 14 0 0
19 9 0 0
0 16 0 0
0 13 0 0
1 19 0 0
1 9 0 0
22 21 1 1
22 20 1 1
23 21 1 1
23 22 1 1
24 20 1 1
24 21 1 1
25 24 1 1
25 22 1 1
26 23 1 1
26 21 1 1
27 24 1 1
27 26 1 1
28 21 1 1
28 20 1 1
29 20 1 1
29 28 1 1
30 23 1 1
30 21 1 1
31 29 1 1
31 28 1 1
32 31 1 1
32 20 1 1
33 21 1 1
33 20 1 1
34 21 1 1
34 30 1 1
35 20 1 1
35 24 1 1
36 25 1 1
36 34 1 1
37 26 1 1
37 23 1 1
38 20 1 1
38 22 1 1
39 32 1 1
39 27 1 1
20 25 1 1
20 31 1 1
21 31 1 1
21 27 1 1
42 40 2 2
42 41 2 2
43 40 2 2
43 41 2 2
44 41 2 2
44 40 2 2
45 44 2 2
45 43 2 2
46 41 2 2
46 40 2 2
47 46 2 2
47 42 2 2
48 47 2 2
48 46 2 2
49 43 2 2
49 44 2 2
50 46 2 2
50 40 2 2
51 41 2 2
51 50 2 2
52 51 2 2
52 45 2 2
53 41 2 2
53 50 2 2
54 49 2 2
54 47 2 2
55 54 2 2
55 53 2 2
56 49 2 2
56 50 2 2
57 44 2 2
57 48 2 2
58 47 2 2
58 44 2 2
59 44 2 2
59 57 2 2
40 58 2 2
40 54 2 2
41 57 2 2
41 56 2 2
62 61 3 3
62 60 3 3
63 60 3 3
63 61 3 3
64 62 3 3
64 61 3 3
65 62 3 3
65 64 3 3
66 61 3 3
66 64 3 3
67 63 3 3
67 60 3 3
68 63 3 3
68 67 3 3
69 68 3 3
69 66 3 3
70 64 3 3
70 68 3 3
71 69 3 3
71 68 3 3
72 67 3 3
72 68 3 3
73 66 3 3
73 71 3 3
74 60 3 3
74 68 3 3
75 60 3 3
75 74 3 3
76 67 3 3
76 62 3 3
77 64 3 3
77 73 3 3
78 65 3 3
78 67 3 3
79 71 3 3
79 64 3 3
60 76 3 3
60 79 3 3
61 72 3 3
61 79 3 3
82 80 4 4
82 81 4 4
83 81 4 4
83 82 4 4
84 81 4 4
84 82 4 4
85 82 4 4
85 83 4 4
86 85 4 4
86 84 4 4
87 84 4 4
87 83 4 4
88 80 4 4
88 83 4 4
89 86 4 4
89 80 4 4
90 81 4 4
90 84 4 4
91 82 4 4
91 85 4 4
92 82 4 4
92 91 4 4
93 83 4 4
93 87 4 4
94 85 4 4
94 83 4 4
95 81 4 4
95 86 4 4
96 84 4 4
96 89 4 4
97 90 4 4
97 87 4 4
98 89 4 4
98 93 4 4
99 88 4 4
99 93 4 4
80 87 4 4
80 99 4 4
81 91 4 4
81 97 4 4
102 101 5 5
102 100 5 5
103 101 5 5
103 100 5 5
104 100 5 5
104 103 5 5
105 102 5 5
105 101 5 5
106 105 5 5
106 102 5 5
107 102 5 5
107 105 5 5
108 106 5 5
108 100 5 5
109 102 5 5
109 105 5 5
110 101 5 5
110 106 5 5
111 105 5 5
111 107 5 5
112 103 5 5
112 107 5 5
113 110 5 5
113 103 5 5
114 110 5 5
114 113 5 5
115 109 5 5
115 110 5 5
116 115 5 5
116 105 5 5
117 102 5 5
117 115 5 5
118 100 5 5
118 117 5 5
119 116 5 5
119 107 5 5
100 107 5 5
100 105 5 5
101 106 5 5
101 113 5 5
122 121 6 6
122 120 6 6
123 122 6 6
123 121 6 6
124 123 6 6
124 122 6 6
125 123 6 6
125 124 6 6
126 120 6 6
126 125 6 6
127 123 6 6
127 125 6 6
128 122 6 6
128 123 6 6
129 120 6 6
129 123 6 6
130 122 6 6
130 123 6 6
131 125 6 6
131 123 6 6
132 125 6 6
132 121 6 6
133 128 6 6
133 130 6 6
134 131 6 6
134 125 6 6
135 129 6 6
135 127 6 6
136 120 6 6
136 121 6 6
137 136 6 6
137 135 6 6
138 130 6 6
138 127 6 6
139 125 6 6
139 131 6 6
120 127 6 6
120 139 6 6
121 139 6 6
121 124 6 6
142 140 7 7
142 141 7 7
143 140 7 7
143 142 7 7
144 142 7 7
144 143 7 7
145 143 7 7
145 140 7 7
146 141 7 7
146 142 7 7
147 143 7 7
147 146 7 7
148 145 7 7
148 141 7 7
149 140 7 7
149 147 7 7
150 142 7 7
150 143 7 7
151 145 7 7
151 142 7 7
152 143 7 7
152 144 7 7
153 150 7 7
153 149 7 7
154 144 7 7
154 153 7 7
155 140 7 7
155 143 7 7
156 153 7 7
156 151 7 7
157 143 7 7
157 149 7 7
158 143 7 7
158 142 7 7
159 149 7 7
159 155 7 7
140 158 7 7
140 151 7 7
141 144 7 7
141 143 7 7
162 160 8 8
162 161 8 8
163 161 8 8
163 162 8 8
164 160 8 8
164 163 8 8
165 162 8 8
165 164 8 8
166 163 8 8
166 165 8 8
167 165 8 8
167 160 8 8
168 165 8 8
168 164 8 8
169 165 8 8
169 162 8 8
170 167 8 8
170 161 8 8
171 163 8 8
171 162 8 8
172 163 8 8
172 166 8 8
173 166 8 8
173 163 8 8
174 170 8 8
174 173 8 8
175 174 8 8
175 164 8 8
176 163 8 8
176 167 8 8
177 167 8 8
177 160 8 8
178 165 8 8
178 171 8 8
179 172 8 8
179 173 8 8
160 175 8 8
160 168 8 8
161 164 8 8
161 178 8 8
182 181 9 9
182 180 9 9
183 180 9 9
183 182 9 9
184 180 9 9
184 183 9 9
185 184 9 9
185 182 9 9
186 181 9 9
186 182 9 9
187 186 9 9
187 183 9 9
188 187 9 9
188 181 9 9
189 187 9 9
189 185 9 9
190 181 9 9
190 185 9 9
191 183 9 9
191 180 9 9
192 184 9 9
192 188 9 9
193 191 9 9
193 180 9 9
194 184 9 9
194 187 9 9
195 193 9 9
195 181 9 9
196 188 9 9
196 193 9 9
197 182 9 9
197 196 9 9
198 184 9 9
198 192 9 9
199 183 9 9
199 191 9 9
180 198 9 9
180 197 9 9
181 185 9 9
181 193 9 9
202 201 10 10
202 200 10 10
203 201 10 10
203 200 10 10
204 203 10 10
204 202 10 10
205 201 10 10
205 203 10 10
206 205 10 10
206 201 10 10
207 201 10 10
207 206 10 10
208 206 10 10
208 203 10 10
209 206 10 10
209 207 10 10
210 207 10 10
210 200 10 10
211 202 10 10
211 209 10 10
212 200 10 10
212 210 10 10
213 209 10 10
213 208 10 10
214 206 10 10
214 209 10 10
215 205 10 10
215 203 10 10
216 215 10 10
216 212 10 10
217 209 10 10
217 212 10 10
218 216 10 10
218 201 10 10
219 205 10 10
219 212 10 10
200 216 10 10
200 207 10 10
201 208 10 10
201 219 10 10
222 220 11 11
222 221 11 11
223 222 11 11
223 220 11 11
224 220 11 11
224 223 11 11
225 223 11 11
225 222 11 11
226 222 11 11
226 221 11 11
227 226 11 11
227 225 11 11
228 226 11 11
228 220 11 11
229 227 11 11
229 225 11 11
230 229 11 11
230 222 11 11
231 227 11 11
231 229 11 11
232 225 11 11
232 229 11 11
233 225 11 11
233 220 11 11
234 222 11 11
234 231 11 11
235 225 11 11
235 221 11 11
236 229 11 11
236 233 11 11
237 223 11 11
237 221 11 11
238 229 11 11
238 236 11 11
239 227 11 11
239 234 11 11
220 232 11 11
220 229 11 11
221 238 11 11
221 227 11 11
242 241 12 12
242 240 12 12
243 242 12 12
243 240 12 12
244 241 12 12
244 242 12 12
245 244 12 12
245 241 12 12
246 243 12 12
246 240 12 12
247 241 12 12
247 244 12 12
248 242 12 12
248 241 12 12
249 246 12 12
249 243 12 12
250 240 12 12
250 245 12 12
251 244 12 12
251 250 12 12
252 242 12 12
252 251 12 12
253 251 12 12
253 245 12 12
254 244 12 12
254 248 12 12
255 247 12 12
255 240 12 12
256 253 12 12
256 245 12 12
257 245 12 12
257 240 12 12
258 254 12 12
258 246 12 12
259 256 12 12
259 242 12 12
240 259 12 12
240 253 12 12
241 258 12 12
241 251 12 12
262 260 13 13
262 261 13 13
263 261 13 13
263 260 13 13
264 261 13 13
264 262 13 13
265 262 13 13
265 260 13 13
266 262 13 13
266 263 13 13
267 261 13 13
267 265 13 13
268 264 13 13
268 262 13 13
269 264 13 13
269 261 13 13
270 269 13 13
270 268 13 13
271 270 13 13
271 262 13 13
272 271 13 13
272 265 13 13
273 265 13 13
273 271 13 13
274 260 13 13
274 268 13 13
275 261 13 13
275 273 13 13
276 263 13 13
276 271 13 13
277 271 13 13
277 267 13 13
278 269 13 13
278 272 13 13
279 264 13 13
279 276 13 13
260 271 13 13
260 277 13 13
261 277 13 13
261 266 13 13
282 280 14 14
282 281 14 14
283 281 14 14
283 280 14 14
284 280 14 14
284 283 14 14
285 283 14 14
285 284 14 14
286 281 14 14
286 280 14 14
287 285 14 14
287 284 14 14
288 282 14 14
288 285 14 14
289 286 14 14
289 288 14 14
290 285 14 14
290 282 14 14
291 282 14 14
291 287 14 14
292 282 14 14
292 280 14 14
293 281 14 14
293 286 14 14
294 280 14 14
294 282 14 14
295 285 14 14
295 286 14 14
296 291 14 14
296 288 14 14
297 289 14 14
297 288 14 14
298 283 14 14
298 293 14 14
299 291 14 14
299 292 14 14
280 291 14 14
280 295 14 14
281 285 14 14
281 287 14 14
302 300 15 15
302 301 15 15
303 302 15 15
303 301 15 15
304 302 15 15
304 301 15 15
305 303 15 15
305 302 15 15
306 301 15 15
306 302 15 15
307 300 15 15
307 301 15 15
308 307 15 15
308 301 15 15
309 305 15 15
309 308 15 15
310 305 15 15
310 308 15 15
311 307 15 15
311 300 15 15
312 301 15 15
312 311 15 15
313 307 15 15
313 300 15 15
314 313 15 15
314 306 15 15
315 308 15 15
315 312 15 15
316 302 15 15
316 306 15 15
317 313 15 15
317 312 15 15
318 316 15 15
318 306 15 15
319 308 15 15
319 302 15 15
300 319 15 15
300 315 15 15
301 316 15 15
301 318 15 15
58 38 2 1
48 4 2 0
75 33 3 1
63 58 3 2
81 74 4 3
92 37 4 1
101 79 5 3
111 50 5 2
138 52 6 2
133 25 6 1
141 46 7 2
144 27 7 1
179 155 8 7
175 24 8 1
189 118 9 5
197 142 9 7
219 48 10 2
216 132 10 6
235 39 11 1
225 166 11 8
240 183 12 9
258 9 12 0
272 170 13 8
264 29 13 1
283 216 14 10
283 231 14 11
301 150 15 7
307 87 15 4
6 105 0 5
5 137 0 6
30 303 1 15
30 105 1 5
