swNum = 320
edgeNum = 672

0 0
1 0
2 0
3 0
4 0
5 0
6 0
7 0
8 0
9 0
10 0
11 0
12 0
13 0
14 0
15 0
16 0
17 0
18 0
19 0
20 1
21 1
22 1
23 1
24 1
25 1
26 1
27 1
28 1
29 1
30 1
31 1
32 1
33 1
34 1
35 1
36 1
37 1
38 1
39 1
40 2
41 2
42 2
43 2
44 2
45 2
46 2
47 2
48 2
49 2
50 2
51 2
52 2
53 2
54 2
55 2
56 2
57 2
58 2
59 2
60 3
61 3
62 3
63 3
64 3
65 3
66 3
67 3
68 3
69 3
70 3
71 3
72 3
73 3
74 3
75 3
76 3
77 3
78 3
79 3
80 4
81 4
82 4
83 4
84 4
85 4
86 4
87 4
88 4
89 4
90 4
91 4
92 4
93 4
94 4
95 4
96 4
97 4
98 4
99 4
100 5
101 5
102 5
103 5
104 5
105 5
106 5
107 5
108 5
109 5
110 5
111 5
112 5
113 5
114 5
115 5
116 5
117 5
118 5
119 5
120 6
121 6
122 6
123 6
124 6
125 6
126 6
127 6
128 6
129 6
130 6
131 6
132 6
133 6
134 6
135 6
136 6
137 6
138 6
139 6
140 7
141 7
142 7
143 7
144 7
145 7
146 7
147 7
148 7
149 7
150 7
151 7
152 7
153 7
154 7
155 7
156 7
157 7
158 7
159 7
160 8
161 8
162 8
163 8
164 8
165 8
166 8
167 8
168 8
169 8
170 8
171 8
172 8
173 8
174 8
175 8
176 8
177 8
178 8
179 8
180 9
181 9
182 9
183 9
184 9
185 9
186 9
187 9
188 9
189 9
190 9
191 9
192 9
193 9
194 9
195 9
196 9
197 9
198 9
199 9
200 10
201 10
202 10
203 10
204 10
205 10
206 10
207 10
208 10
209 10
210 10
211 10
212 10
213 10
214 10
215 10
216 10
217 10
218 10
219 10
220 11
221 11
222 11
223 11
224 11
225 11
226 11
227 11
228 11
229 11
230 11
231 11
232 11
233 11
234 11
235 11
236 11
237 11
238 11
239 11
240 12
241 12
242 12
243 12
244 12
245 12
246 12
247 12
248 12
249 12
250 12
251 12
252 12
253 12
254 12
255 12
256 12
257 12
258 12
259 12
260 13
261 13
262 13
263 13
264 13
265 13
266 13
267 13
268 13
269 13
270 13
271 13
272 13
273 13
274 13
275 13
276 13
277 13
278 13
279 13
280 14
281 14
282 14
283 14
284 14
285 14
286 14
287 14
288 14
289 14
290 14
291 14
292 14
293 14
294 14
295 14
296 14
297 14
298 14
299 14
300 15
301 15
302 15
303 15
304 15
305 15
306 15
307 15
308 15
309 15
310 15
311 15
312 15
313 15
314 15
315 15
316 15
317 15
318 15
319 15

2 1 0 0
2 0 0 0
3 2 0 0
3 1 0 0
4 3 0 0
4 2 0 0
5 2 0 0
5 1 0 0
6 5 0 0
6 1 0 0
7 0 0 0
7 1 0 0
8 0 0 0
8 1 0 0
9 6 0 0
9 1 0 0
10 9 0 0
10 0 0 0
11 7 0 0
11 9 0 0
12 7 0 0
12 1 0 0
13 8 0 0
13 6 0 0
14 5 0 0
14 6 0 0
15 13 0 0
15 3 0 0
16 7 0 0
16 2 0 0
17 5 0 0
17 0 0 0
18 9 0 0
18 14 0 0
19 0 0 0
19 6 0 0
0 5 0 0
0 14 0 0
1 11 0 0
1 18 0 0
22 20 1 1
22 21 1 1
23 21 1 1
23 22 1 1
24 23 1 1
24 21 1 1
25 22 1 1
25 23 1 1
26 24 1 1
26 21 1 1
27 22 1 1
27 20 1 1
28 20 1 1
28 22 1 1
29 26 1 1
29 23 1 1
30 26 1 1
30 20 1 1
31 24 1 1
31 28 1 1
32 25 1 1
32 22 1 1
33 26 1 1
33 23 1 1
34 22 1 1
34 32 1 1
35 29 1 1
35 24 1 1
36 26 1 1
36 20 1 1
37 35 1 1
37 20 1 1
38 34 1 1
38 31 1 1
39 22 1 1
39 20 1 1
20 34 1 1
20 26 1 1
21 29 1 1
21 33 1 1
42 41 2 2
42 40 2 2
43 41 2 2
43 40 2 2
44 43 2 2
44 42 2 2
45 40 2 2
45 42 2 2
46 45 2 2
46 41 2 2
47 42 2 2
47 41 2 2
48 41 2 2
48 43 2 2
49 41 2 2
49 40 2 2
50 47 2 2
50 48 2 2
51 50 2 2
51 43 2 2
52 40 2 2
52 48 2 2
53 51 2 2
53 50 2 2
54 42 2 2
54 47 2 2
55 52 2 2
55 50 2 2
56 49 2 2
56 54 2 2
57 50 2 2
57 51 2 2
58 41 2 2
58 51 2 2
59 44 2 2
59 57 2 2
40 46 2 2
40 57 2 2
41 50 2 2
41 55 2 2
62 60 3 3
62 61 3 3
63 62 3 3
63 60 3 3
64 62 3 3
64 61 3 3
65 62 3 3
65 61 3 3
66 62 3 3
66 61 3 3
67 60 3 3
67 66 3 3
68 60 3 3
68 66 3 3
69 61 3 3
69 65 3 3
70 65 3 3
70 62 3 3
71 68 3 3
71 62 3 3
72 62 3 3
72 70 3 3
73 69 3 3
73 62 3 3
74 65 3 3
74 64 3 3
75 68 3 3
75 64 3 3
76 68 3 3
76 60 3 3
77 67 3 3
77 63 3 3
78 67 3 3
78 66 3 3
79 78 3 3
79 62 3 3
60 78 3 3
60 69 3 3
61 70 3 3
61 79 3 3
82 80 4 4
82 81 4 4
83 82 4 4
83 80 4 4
84 80 4 4
84 83 4 4
85 82 4 4
85 83 4 4
86 85 4 4
86 82 4 4
87 86 4 4
87 82 4 4
88 81 4 4
88 82 4 4
89 81 4 4
89 85 4 4
90 80 4 4
90 85 4 4
91 83 4 4
91 89 4 4
92 91 4 4
92 85 4 4
93 91 4 4
93 85 4 4
94 90 4 4
94 82 4 4
95 90 4 4
95 83 4 4
96 92 4 4
96 83 4 4
97 96 4 4
97 85 4 4
98 82 4 4
98 81 4 4
99 92 4 4
99 88 4 4
80 98 4 4
80 96 4 4
81 87 4 4
81 86 4 4
102 101 5 5
102 100 5 5
103 102 5 5
103 100 5 5
104 101 5 5
104 102 5 5
105 103 5 5
105 104 5 5
106 104 5 5
106 102 5 5
107 102 5 5
107 103 5 5
108 103 5 5
108 106 5 5
109 102 5 5
109 104 5 5
110 103 5 5
110 107 5 5
111 108 5 5
111 102 5 5
112 101 5 5
112 109 5 5
113 102 5 5
113 111 5 5
114 101 5 5
114 108 5 5
115 113 5 5
115 102 5 5
116 109 5 5
116 100 5 5
117 108 5 5
117 111 5 5
118 114 5 5
118 117 5 5
119 108 5 5
119 112 5 5
100 106 5 5
100 104 5 5
101 108 5 5
101 106 5 5
122 121 6 6
122 120 6 6
123 121 6 6
123 122 6 6
124 122 6 6
124 123 6 6
125 124 6 6
125 123 6 6
126 121 6 6
126 125 6 6
127 123 6 6
127 120 6 6
128 123 6 6
128 122 6 6
129 122 6 6
129 125 6 6
130 128 6 6
130 126 6 6
131 122 6 6
131 126 6 6
132 120 6 6
132 129 6 6
133 122 6 6
133 120 6 6
134 130 6 6
134 122 6 6
135 128 6 6
135 124 6 6
136 131 6 6
136 125 6 6
137 134 6 6
137 127 6 6
138 134 6 6
138 135 6 6
139 134 6 6
139 133 6 6
120 131 6 6
120 130 6 6
121 131 6 6
121 127 6 6
142 140 7 7
142 141 7 7
143 141 7 7
143 140 7 7
144 141 7 7
144 142 7 7
145 140 7 7
145 142 7 7
146 141 7 7
146 140 7 7
147 145 7 7
147 140 7 7
148 147 7 7
148 140 7 7
149 147 7 7
149 143 7 7
150 145 7 7
150 140 7 7
151 141 7 7
151 144 7 7
152 148 7 7
152 142 7 7
153 145 7 7
153 146 7 7
154 144 7 7
154 143 7 7
155 152 7 7
155 150 7 7
156 154 7 7
156 149 7 7
157 153 7 7
157 145 7 7
158 142 7 7
158 153 7 7
159 145 7 7
159 150 7 7
140 159 7 7
140 152 7 7
141 153 7 7
141 156 7 7
162 161 8 8
162 160 8 8
163 161 8 8
163 160 8 8
164 162 8 8
164 163 8 8
165 163 8 8
165 160 8 8
166 163 8 8
166 165 8 8
167 164 8 8
167 161 8 8
168 164 8 8
168 161 8 8
169 168 8 8
169 164 8 8
170 166 8 8
170 163 8 8
171 169 8 8
171 166 8 8
172 167 8 8
172 161 8 8
173 165 8 8
173 163 8 8
174 165 8 8
174 164 8 8
175 172 8 8
175 162 8 8
176 174 8 8
176 168 8 8
177 162 8 8
177 165 8 8
178 168 8 8
178 165 8 8
179 167 8 8
179 162 8 8
160 166 8 8
160 173 8 8
161 177 8 8
161 176 8 8
182 181 9 9
182 180 9 9
183 180 9 9
183 181 9 9
184 182 9 9
184 181 9 9
185 180 9 9
185 181 9 9
186 180 9 9
186 181 9 9
187 184 9 9
187 186 9 9
188 182 9 9
188 187 9 9
189 184 9 9
189 182 9 9
190 181 9 9
190 189 9 9
191 187 9 9
191 185 9 9
192 187 9 9
192 184 9 9
193 192 9 9
193 185 9 9
194 183 9 9
194 189 9 9
195 183 9 9
195 185 9 9
196 195 9 9
196 190 9 9
197 180 9 9
197 181 9 9
198 193 9 9
198 191 9 9
199 190 9 9
199 187 9 9
180 195 9 9
180 188 9 9
181 199 9 9
181 194 9 9
202 201 10 10
202 200 10 10
203 200 10 10
203 202 10 10
204 202 10 10
204 203 10 10
205 201 10 10
205 200 10 10
206 204 10 10
206 203 10 10
207 205 10 10
207 202 10 10
208 207 10 10
208 202 10 10
209 204 10 10
209 202 10 10
210 207 10 10
210 208 10 10
211 209 10 10
211 200 10 10
212 202 10 10
212 201 10 10
213 210 10 10
213 209 10 10
214 211 10 10
214 209 10 10
215 207 10 10
215 214 10 10
216 210 10 10
216 212 10 10
217 207 10 10
217 201 10 10
218 217 10 10
218 200 10 10
219 202 10 10
219 209 10 10
200 206 10 10
200 215 10 10
201 214 10 10
201 209 10 10
222 220 11 11
222 221 11 11
223 221 11 11
223 222 11 11
224 220 11 11
224 223 11 11
225 220 11 11
225 223 11 11
226 220 11 11
226 223 11 11
227 224 11 11
227 225 11 11
228 222 11 11
228 226 11 11
229 222 11 11
229 224 11 11
230 225 11 11
230 227 11 11
231 222 11 11
231 220 11 11
232 225 11 11
232 224 11 11
233 230 11 11
233 221 11 11
234 226 11 11
234 222 11 11
235 234 11 11
235 220 11 11
236 221 11 11
236 232 11 11
237 233 11 11
237 220 11 11
238 233 11 11
238 231 11 11
239 225 11 11
239 236 11 11
220 234 11 11
220 227 11 11
221 225 11 11
221 234 11 11
242 240 12 12
242 241 12 12
243 242 12 12
243 240 12 12
244 243 12 12
244 242 12 12
245 242 12 12
245 243 12 12
246 242 12 12
246 245 12 12
247 240 12 12
247 244 12 12
248 243 12 12
248 240 12 12
249 243 12 12
249 248 12 12
250 240 12 12
250 244 12 12
251 249 12 12
251 244 12 12
252 246 12 12
252 242 12 12
253 243 12 12
253 240 12 12
254 243 12 12
254 249 12 12
255 249 12 12
255 243 12 12
256 248 12 12
256 251 12 12
257 251 12 12
257 248 12 12
258 242 12 12
258 255 12 12
259 244 12 12
259 240 12 12
240 249 12 12
240 256 12 12
241 256 12 12
241 257 12 12
262 261 13 13
262 260 13 13
263 262 13 13
263 261 13 13
264 260 13 13
264 262 13 13
265 263 13 13
265 262 13 13
266 260 13 13
266 261 13 13
267 262 13 13
267 263 13 13
268 263 13 13
268 264 13 13
269 265 13 13
269 262 13 13
270 267 13 13
270 264 13 13
271 269 13 13
271 264 13 13
272 264 13 13
272 262 13 13
273 262 13 13
273 270 13 13
274 270 13 13
274 264 13 13
275 266 13 13
275 269 13 13
276 270 13 13
276 269 13 13
277 263 13 13
277 275 13 13
278 261 13 13
278 269 13 13
279 273 13 13
279 265 13 13
260 272 13 13
260 274 13 13
261 269 13 13
261 272 13 13
282 280 14 14
282 281 14 14
283 281 14 14
283 282 14 14
284 283 14 14
284 281 14 14
285 283 14 14
285 282 14 14
286 284 14 14
286 281 14 14
287 283 14 14
287 286 14 14
288 285 14 14
288 287 14 14
289 284 14 14
289 283 14 14
290 283 14 14
290 281 14 14
291 281 14 14
291 284 14 14
292 283 14 14
292 281 14 14
293 292 14 14
293 284 14 14
294 282 14 14
294 291 14 14
295 291 14 14
295 286 14 14
296 288 14 14
296 282 14 14
297 284 14 14
297 289 14 14
298 286 14 14
298 288 14 14
299 282 14 14
299 296 14 14
280 295 14 14
280 294 14 14
281 288 14 14
281 285 14 14
302 301 15 15
302 300 15 15
303 300 15 15
303 302 15 15
304 303 15 15
304 302 15 15
305 301 15 15
305 300 15 15
306 303 15 15
306 300 15 15
307 302 15 15
307 305 15 15
308 307 15 15
308 302 15 15
309 302 15 15
309 303 15 15
310 308 15 15
310 304 15 15
311 304 15 15
311 302 15 15
312 302 15 15
312 303 15 15
313 300 15 15
313 309 15 15
314 302 15 15
314 303 15 15
315 304 15 15
315 303 15 15
316 312 15 15
316 311 15 15
317 316 15 15
317 311 15 15
318 304 15 15
318 312 15 15
319 313 15 15
319 316 15 15
300 308 15 15
300 312 15 15
301 319 15 15
301 313 15 15
42 18 2 0
58 38 2 1
76 20 3 1
72 41 3 2
87 54 4 2
82 2 4 0
104 2 5 0
113 44 5 2
129 14 6 0
133 117 6 5
153 103 7 5
158 126 7 6
178 67 8 3
174 133 8 6
184 9 9 0
181 53 9 2
216 166 10 8
201 145 10 7
224 200 11 10
230 5 11 0
242 217 12 10
246 178 12 8
277 115 13 5
275 215 13 10
281 217 14 10
296 144 14 7
303 128 15 6
301 55 15 2
2 163 0 8
19 305 0 15
26 143 1 7
32 311 1 15
