swNum = 320
edgeNum = 672

0 0
1 0
2 0
3 0
4 0
5 0
6 0
7 0
8 0
9 0
10 0
11 0
12 0
13 0
14 0
15 0
16 0
17 0
18 0
19 0
20 1
21 1
22 1
23 1
24 1
25 1
26 1
27 1
28 1
29 1
30 1
31 1
32 1
33 1
34 1
35 1
36 1
37 1
38 1
39 1
40 2
41 2
42 2
43 2
44 2
45 2
46 2
47 2
48 2
49 2
50 2
51 2
52 2
53 2
54 2
55 2
56 2
57 2
58 2
59 2
60 3
61 3
62 3
63 3
64 3
65 3
66 3
67 3
68 3
69 3
70 3
71 3
72 3
73 3
74 3
75 3
76 3
77 3
78 3
79 3
80 4
81 4
82 4
83 4
84 4
85 4
86 4
87 4
88 4
89 4
90 4
91 4
92 4
93 4
94 4
95 4
96 4
97 4
98 4
99 4
100 5
101 5
102 5
103 5
104 5
105 5
106 5
107 5
108 5
109 5
110 5
111 5
112 5
113 5
114 5
115 5
116 5
117 5
118 5
119 5
120 6
121 6
122 6
123 6
124 6
125 6
126 6
127 6
128 6
129 6
130 6
131 6
132 6
133 6
134 6
135 6
136 6
137 6
138 6
139 6
140 7
141 7
142 7
143 7
144 7
145 7
146 7
147 7
148 7
149 7
150 7
151 7
152 7
153 7
154 7
155 7
156 7
157 7
158 7
159 7
160 8
161 8
162 8
163 8
164 8
165 8
166 8
167 8
168 8
169 8
170 8
171 8
172 8
173 8
174 8
175 8
176 8
177 8
178 8
179 8
180 9
181 9
182 9
183 9
184 9
185 9
186 9
187 9
188 9
189 9
190 9
191 9
192 9
193 9
194 9
195 9
196 9
197 9
198 9
199 9
200 10
201 10
202 10
203 10
204 10
205 10
206 10
207 10
208 10
209 10
210 10
211 10
212 10
213 10
214 10
215 10
216 10
217 10
218 10
219 10
220 11
221 11
222 11
223 11
224 11
225 11
226 11
227 11
228 11
229 11
230 11
231 11
232 11
233 11
234 11
235 11
236 11
237 11
238 11
239 11
240 12
241 12
242 12
243 12
244 12
245 12
246 12
247 12
248 12
249 12
250 12
251 12
252 12
253 12
254 12
255 12
256 12
257 12
258 12
259 12
260 13
261 13
262 13
263 13
264 13
265 13
266 13
267 13
268 13
269 13
270 13
271 13
272 13
273 13
274 13
275 13
276 13
277 13
278 13
279 13
280 14
281 14
282 14
283 14
284 14
285 14
286 14
287 14
288 14
289 14
290 14
291 14
292 14
293 14
294 14
295 14
296 14
297 14
298 14
299 14
300 15
301 15
302 15
303 15
304 15
305 15
306 15
307 15
308 15
309 15
310 15
311 15
312 15
313 15
314 15
315 15
316 15
317 15
318 15
319 15

2 1 0 0
2 0 0 0
3 2 0 0
3 0 0 0
4 3 0 0
4 2 0 0
5 4 0 0
5 3 0 0
6 2 0 0
6 5 0 0
7 4 0 0
7 5 0 0
8 1 0 0
8 7 0 0
9 6 0 0
9 8 0 0
10 4 0 0
10 8 0 0
11 0 0 0
11 6 0 0
12 11 0 0
12 0 0 0
13 6 0 0
13 7 0 0
14 12 0 0
14 13 0 0
15 9 0 0
15 7 0 0
16 8 0 0
16 9 0 0
17 15 0 0
17 9 0 0
18 8 0 0
18 10 0 0
19 13 0 0
19 2 0 0
0 5 0 0
0 17 0 0
1 18 0 0
1 3 0 0
22 20 1 1
22 21 1 1
23 22 1 1
23 21 1 1
24 23 1 1
24 21 1 1
25 20 1 1
25 23 1 1
26 24 1 1
26 22 1 1
27 22 1 1
27 21 1 1
28 26 1 1
28 23 1 1
29 24 1 1
29 21 1 1
30 25 1 1
30 20 1 1
31 25 1 1
31 22 1 1
32 27 1 1
32 20 1 1
33 25 1 1
33 30 1 1
34 27 1 1
34 28 1 1
35 34 1 1
35 28 1 1
36 30 1 1
36 25 1 1
37 34 1 1
37 22 1 1
38 34 1 1
38 28 1 1
39 25 1 1
39 28 1 1
20 28 1 1
20 31 1 1
21 26 1 1
21 28 1 1
42 40 2 2
42 41 2 2
43 42 2 2
43 40 2 2
44 42 2 2
44 43 2 2
45 43 2 2
45 44 2 2
46 40 2 2
46 43 2 2
47 45 2 2
47 46 2 2
48 46 2 2
48 44 2 2
49 45 2 2
49 43 2 2
50 47 2 2
50 42 2 2
51 46 2 2
51 44 2 2
52 48 2 2
52 50 2 2
53 50 2 2
53 51 2 2
54 50 2 2
54 42 2 2
55 54 2 2
55 48 2 2
56 44 2 2
56 51 2 2
57 53 2 2
57 46 2 2
58 57 2 2
58 54 2 2
59 41 2 2
59 53 2 2
40 59 2 2
40 50 2 2
41 53 2 2
41 57 2 2
62 61 3 3
62 60 3 3
63 60 3 3
63 61 3 3
64 63 3 3
64 61 3 3
65 64 3 3
65 61 3 3
66 64 3 3
66 60 3 3
67 64 3 3
67 65 3 3
68 60 3 3
68 67 3 3
69 67 3 3
69 60 3 3
70 61 3 3
70 60 3 3
71 63 3 3
71 68 3 3
72 71 3 3
72 61 3 3
73 70 3 3
73 63 3 3
74 61 3 3
74 64 3 3
75 73 3 3
75 72 3 3
76 64 3 3
76 65 3 3
77 74 3 3
77 71 3 3
78 67 3 3
78 62 3 3
79 62 3 3
79 60 3 3
60 64 3 3
60 67 3 3
61 75 3 3
61 69 3 3
82 80 4 4
82 81 4 4
83 82 4 4
83 80 4 4
84 82 4 4
84 81 4 4
85 84 4 4
85 82 4 4
86 83 4 4
86 85 4 4
87 82 4 4
87 84 4 4
88 87 4 4
88 83 4 4
89 83 4 4
89 88 4 4
90 87 4 4
90 84 4 4
91 81 4 4
91 86 4 4
92 91 4 4
92 88 4 4
93 82 4 4
93 83 4 4
94 84 4 4
94 81 4 4
95 87 4 4
95 83 4 4
96 93 4 4
96 94 4 4
97 80 4 4
97 89 4 4
98 97 4 4
98 80 4 4
99 93 4 4
99 86 4 4
80 91 4 4
80 84 4 4
81 97 4 4
81 96 4 4
102 101 5 5
102 100 5 5
103 102 5 5
103 100 5 5
104 100 5 5
104 102 5 5
105 101 5 5
105 104 5 5
106 102 5 5
106 100 5 5
107 106 5 5
107 103 5 5
108 102 5 5
108 101 5 5
109 103 5 5
109 106 5 5
110 108 5 5
110 101 5 5
111 106 5 5
111 103 5 5
112 110 5 5
112 100 5 5
113 107 5 5
113 112 5 5
114 109 5 5
114 108 5 5
115 111 5 5
115 100 5 5
116 102 5 5
116 106 5 5
117 102 5 5
117 113 5 5
118 102 5 5
118 101 5 5
119 102 5 5
119 101 5 5
100 110 5 5
100 114 5 5
101 117 5 5
101 104 5 5
122 120 6 6
122 121 6 6
123 122 6 6
123 120 6 6
124 122 6 6
124 123 6 6
125 121 6 6
125 124 6 6
126 125 6 6
126 121 6 6
127 122 6 6
127 124 6 6
128 123 6 6
128 124 6 6
129 122 6 6
129 124 6 6
130 126 6 6
130 124 6 6
131 129 6 6
131 127 6 6
132 120 6 6
132 124 6 6
133 132 6 6
133 130 6 6
134 123 6 6
134 120 6 6
135 131 6 6
135 123 6 6
136 130 6 6
136 132 6 6
137 123 6 6
137 121 6 6
138 125 6 6
138 137 6 6
139 123 6 6
139 128 6 6
120 129 6 6
120 128 6 6
121 132 6 6
121 129 6 6
142 140 7 7
142 141 7 7
143 140 7 7
143 141 7 7
144 141 7 7
144 142 7 7
145 141 7 7
145 140 7 7
146 144 7 7
146 143 7 7
147 141 7 7
147 142 7 7
148 141 7 7
148 145 7 7
149 148 7 7
149 144 7 7
150 145 7 7
150 148 7 7
151 145 7 7
151 146 7 7
152 141 7 7
152 148 7 7
153 147 7 7
153 149 7 7
154 142 7 7
154 153 7 7
155 143 7 7
155 140 7 7
156 152 7 7
156 140 7 7
157 153 7 7
157 154 7 7
158 156 7 7
158 145 7 7
159 151 7 7
159 152 7 7
140 149 7 7
140 151 7 7
141 150 7 7
141 146 7 7
162 161 8 8
162 160 8 8
163 161 8 8
163 160 8 8
164 163 8 8
164 162 8 8
165 162 8 8
165 163 8 8
166 162 8 8
166 163 8 8
167 163 8 8
167 162 8 8
168 163 8 8
168 165 8 8
169 164 8 8
169 167 8 8
170 165 8 8
170 166 8 8
171 169 8 8
171 167 8 8
172 170 8 8
172 163 8 8
173 172 8 8
173 171 8 8
174 168 8 8
174 170 8 8
175 165 8 8
175 173 8 8
176 169 8 8
176 172 8 8
177 175 8 8
177 172 8 8
178 168 8 8
178 177 8 8
179 178 8 8
179 163 8 8
160 175 8 8
160 173 8 8
161 169 8 8
161 170 8 8
182 181 9 9
182 180 9 9
183 182 9 9
183 181 9 9
184 181 9 9
184 183 9 9
185 183 9 9
185 180 9 9
186 182 9 9
186 181 9 9
187 183 9 9
187 182 9 9
188 181 9 9
188 186 9 9
189 186 9 9
189 182 9 9
190 180 9 9
190 182 9 9
191 188 9 9
191 190 9 9
192 184 9 9
192 183 9 9
193 180 9 9
193 191 9 9
194 183 9 9
194 186 9 9
195 180 9 9
195 188 9 9
196 186 9 9
196 182 9 9
197 196 9 9
197 189 9 9
198 187 9 9
198 194 9 9
199 184 9 9
199 181 9 9
180 192 9 9
180 183 9 9
181 192 9 9
181 197 9 9
202 200 10 10
202 201 10 10
203 200 10 10
203 202 10 10
204 201 10 10
204 200 10 10
205 200 10 10
205 201 10 10
206 202 10 10
206 205 10 10
207 204 10 10
207 202 10 10
208 201 10 10
208 204 10 10
209 203 10 10
209 200 10 10
210 202 10 10
210 207 10 10
211 210 10 10
211 202 10 10
212 204 10 10
212 200 10 10
213 212 10 10
213 201 10 10
214 213 10 10
214 204 10 10
215 204 10 10
215 214 10 10
216 203 10 10
216 206 10 10
217 208 10 10
217 215 10 10
218 201 10 10
218 216 10 10
219 208 10 10
219 200 10 10
200 214 10 10
200 208 10 10
201 216 10 10
201 212 10 10
222 220 11 11
222 221 11 11
223 222 11 11
223 220 11 11
224 221 11 11
224 222 11 11
225 221 11 11
225 222 11 11
226 225 11 11
226 223 11 11
227 224 11 11
227 225 11 11
228 227 11 11
228 222 11 11
229 226 11 11
229 224 11 11
230 223 11 11
230 221 11 11
231 226 11 11
231 225 11 11
232 231 11 11
232 229 11 11
233 231 11 11
233 225 11 11
234 231 11 11
234 224 11 11
235 231 11 11
235 225 11 11
236 230 11 11
236 234 11 11
237 234 11 11
237 228 11 11
238 220 11 11
238 223 11 11
239 231 11 11
239 229 11 11
220 237 11 11
220 228 11 11
221 238 11 11
221 232 11 11
242 241 12 12
242 240 12 12
243 240 12 12
243 241 12 12
244 243 12 12
244 240 12 12
245 242 12 12
245 241 12 12
246 243 12 12
246 242 12 12
247 242 12 12
247 241 12 12
248 241 12 12
248 242 12 12
249 243 12 12
249 240 12 12
250 241 12 12
250 248 12 12
251 246 12 12
251 245 12 12
252 248 12 12
252 250 12 12
253 249 12 12
253 252 12 12
254 241 12 12
254 251 12 12
255 247 12 12
255 248 12 12
256 254 12 12
256 252 12 12
257 240 12 12
257 246 12 12
258 256 12 12
258 253 12 12
259 258 12 12
259 256 12 12
240 251 12 12
240 258 12 12
241 253 12 12
241 259 12 12
262 261 13 13
262 260 13 13
263 262 13 13
263 260 13 13
264 260 13 13
264 261 13 13
265 263 13 13
265 260 13 13
266 261 13 13
266 260 13 13
267 265 13 13
267 262 13 13
268 264 13 13
268 260 13 13
269 261 13 13
269 266 13 13
270 269 13 13
270 264 13 13
271 269 13 13
271 263 13 13
272 263 13 13
272 265 13 13
273 267 13 13
273 263 13 13
274 264 13 13
274 273 13 13
275 271 13 13
275 269 13 13
276 268 13 13
276 262 13 13
277 276 13 13
277 263 13 13
278 261 13 13
278 260 13 13
279 260 13 13
279 264 13 13
260 274 13 13
260 273 13 13
261 267 13 13
261 279 13 13
282 280 14 14
282 281 14 14
283 281 14 14
283 280 14 14
284 283 14 14
284 281 14 14
285 281 14 14
285 283 14 14
286 284 14 14
286 282 14 14
287 286 14 14
287 285 14 14
288 284 14 14
288 286 14 14
289 288 14 14
289 286 14 14
290 281 14 14
290 282 14 14
291 283 14 14
291 285 14 14
292 288 14 14
292 283 14 14
293 285 14 14
293 280 14 14
294 293 14 14
294 280 14 14
295 281 14 14
295 293 14 14
296 283 14 14
296 288 14 14
297 292 14 14
297 291 14 14
298 287 14 14
298 285 14 14
299 288 14 14
299 286 14 14
280 297 14 14
280 299 14 14
281 292 14 14
281 299 14 14
302 300 15 15
302 301 15 15
303 301 15 15
303 300 15 15
304 301 15 15
304 303 15 15
305 300 15 15
305 304 15 15
306 301 15 15
306 304 15 15
307 304 15 15
307 306 15 15
308 303 15 15
308 305 15 15
309 308 15 15
309 305 15 15
310 303 15 15
310 308 15 15
311 309 15 15
311 308 15 15
312 301 15 15
312 308 15 15
313 303 15 15
313 310 15 15
314 307 15 15
314 308 15 15
315 303 15 15
315 301 15 15
316 302 15 15
316 304 15 15
317 314 15 15
317 306 15 15
318 307 15 15
318 306 15 15
319 313 15 15
319 303 15 15
300 317 15 15
300 319 15 15
301 305 15 15
301 307 15 15
52 20 2 1
53 17 2 0
61 27 3 1
61 12 3 0
84 75 4 3
88 26 4 1
106 48 5 2
107 29 5 1
122 66 6 3
120 115 6 5
156 111 7 5
159 90 7 4
165 122 8 6
164 100 8 5
189 68 9 3
193 14 9 0
204 196 10 9
216 143 10 7
233 180 11 9
225 42 11 2
240 229 12 11
245 197 12 9
278 141 13 7
271 86 13 4
283 98 14 4
296 69 14 3
317 295 15 14
301 44 15 2
15 214 0 10
0 159 0 7
32 307 1 15
39 248 1 12
