swNum = 320
edgeNum = 672

0 0
1 0
2 0
3 0
4 0
5 0
6 0
7 0
8 0
9 0
10 0
11 0
12 0
13 0
14 0
15 0
16 0
17 0
18 0
19 0
20 1
21 1
22 1
23 1
24 1
25 1
26 1
27 1
28 1
29 1
30 1
31 1
32 1
33 1
34 1
35 1
36 1
37 1
38 1
39 1
40 2
41 2
42 2
43 2
44 2
45 2
46 2
47 2
48 2
49 2
50 2
51 2
52 2
53 2
54 2
55 2
56 2
57 2
58 2
59 2
60 3
61 3
62 3
63 3
64 3
65 3
66 3
67 3
68 3
69 3
70 3
71 3
72 3
73 3
74 3
75 3
76 3
77 3
78 3
79 3
80 4
81 4
82 4
83 4
84 4
85 4
86 4
87 4
88 4
89 4
90 4
91 4
92 4
93 4
94 4
95 4
96 4
97 4
98 4
99 4
100 5
101 5
102 5
103 5
104 5
105 5
106 5
107 5
108 5
109 5
110 5
111 5
112 5
113 5
114 5
115 5
116 5
117 5
118 5
119 5
120 6
121 6
122 6
123 6
124 6
125 6
126 6
127 6
128 6
129 6
130 6
131 6
132 6
133 6
134 6
135 6
136 6
137 6
138 6
139 6
140 7
141 7
142 7
143 7
144 7
145 7
146 7
147 7
148 7
149 7
150 7
151 7
152 7
153 7
154 7
155 7
156 7
157 7
158 7
159 7
160 8
161 8
162 8
163 8
164 8
165 8
166 8
167 8
168 8
169 8
170 8
171 8
172 8
173 8
174 8
175 8
176 8
177 8
178 8
179 8
180 9
181 9
182 9
183 9
184 9
185 9
186 9
187 9
188 9
189 9
190 9
191 9
192 9
193 9
194 9
195 9
196 9
197 9
198 9
199 9
200 10
201 10
202 10
203 10
204 10
205 10
206 10
207 10
208 10
209 10
210 10
211 10
212 10
213 10
214 10
215 10
216 10
217 10
218 10
219 10
220 11
221 11
222 11
223 11
224 11
225 11
226 11
227 11
228 11
229 11
230 11
231 11
232 11
233 11
234 11
235 11
236 11
237 11
238 11
239 11
240 12
241 12
242 12
243 12
244 12
245 12
246 12
247 12
248 12
249 12
250 12
251 12
252 12
253 12
254 12
255 12
256 12
257 12
258 12
259 12
260 13
261 13
262 13
263 13
264 13
265 13
266 13
267 13
268 13
269 13
270 13
271 13
272 13
273 13
274 13
275 13
276 13
277 13
278 13
279 13
280 14
281 14
282 14
283 14
284 14
285 14
286 14
287 14
288 14
289 14
290 14
291 14
292 14
293 14
294 14
295 14
296 14
297 14
298 14
299 14
300 15
301 15
302 15
303 15
304 15
305 15
306 15
307 15
308 15
309 15
310 15
311 15
312 15
313 15
314 15
315 15
316 15
317 15
318 15
319 15

2 0 0 0
2 1 0 0
3 2 0 0
3 1 0 0
4 0 0 0
4 2 0 0
5 3 0 0
5 1 0 0
6 5 0 0
6 4 0 0
7 5 0 0
7 6 0 0
8 7 0 0
8 6 0 0
9 6 0 0
9 8 0 0
10 2 0 0
10 0 0 0
11 1 0 0
11 0 0 0
12 5 0 0
12 10 0 0
13 10 0 0
13 4 0 0
14 6 0 0
14 5 0 0
15 1 0 0
15 2 0 0
16 1 0 0
16 6 0 0
17 10 0 0
17 12 0 0
18 5 0 0
18 12 0 0
19 17 0 0
19 4 0 0
0 3 0 0
0 18 0 0
1 10 0 0
1 18 0 0
22 20 1 1
22 21 1 1
23 22 1 1
23 20 1 1
24 20 1 1
24 23 1 1
25 24 1 1
25 22 1 1
26 22 1 1
26 20 1 1
27 22 1 1
27 26 1 1
28 20 1 1
28 22 1 1
29 27 1 1
29 26 1 1
30 21 1 1
30 26 1 1
31 26 1 1
31 24 1 1
32 24 1 1
32 20 1 1
33 26 1 1
33 30 1 1
34 21 1 1
34 28 1 1
35 25 1 1
35 27 1 1
36 21 1 1
36 34 1 1
37 33 1 1
37 25 1 1
38 20 1 1
38 30 1 1
39 22 1 1
39 20 1 1
20 29 1 1
20 30 1 1
21 24 1 1
21 31 1 1
42 41 2 2
42 40 2 2
43 42 2 2
43 40 2 2
44 43 2 2
44 40 2 2
45 44 2 2
45 43 2 2
46 44 2 2
46 40 2 2
47 43 2 2
47 41 2 2
48 41 2 2
48 46 2 2
49 40 2 2
49 46 2 2
50 43 2 2
50 46 2 2
51 44 2 2
51 50 2 2
52 41 2 2
52 40 2 2
53 46 2 2
53 41 2 2
54 45 2 2
54 42 2 2
55 48 2 2
55 44 2 2
56 53 2 2
56 48 2 2
57 55 2 2
57 47 2 2
58 52 2 2
58 43 2 2
59 55 2 2
59 58 2 2
40 48 2 2
40 53 2 2
41 51 2 2
41 56 2 2
62 60 3 3
62 61 3 3
63 62 3 3
63 61 3 3
64 62 3 3
64 60 3 3
65 61 3 3
65 64 3 3
66 63 3 3
66 64 3 3
67 65 3 3
67 66 3 3
68 66 3 3
68 65 3 3
69 65 3 3
69 67 3 3
70 63 3 3
70 66 3 3
71 66 3 3
71 60 3 3
72 63 3 3
72 66 3 3
73 68 3 3
73 61 3 3
74 70 3 3
74 67 3 3
75 64 3 3
75 73 3 3
76 73 3 3
76 74 3 3
77 61 3 3
77 76 3 3
78 66 3 3
78 73 3 3
79 65 3 3
79 60 3 3
60 72 3 3
60 74 3 3
61 69 3 3
61 71 3 3
82 80 4 4
82 81 4 4
83 81 4 4
83 82 4 4
84 82 4 4
84 83 4 4
85 84 4 4
85 81 4 4
86 82 4 4
86 81 4 4
87 82 4 4
87 85 4 4
88 85 4 4
88 82 4 4
89 84 4 4
89 82 4 4
90 84 4 4
90 88 4 4
91 87 4 4
91 83 4 4
92 86 4 4
92 83 4 4
93 81 4 4
93 80 4 4
94 87 4 4
94 86 4 4
95 86 4 4
95 92 4 4
96 83 4 4
96 94 4 4
97 83 4 4
97 93 4 4
98 93 4 4
98 91 4 4
99 93 4 4
99 95 4 4
80 92 4 4
80 91 4 4
81 92 4 4
81 94 4 4
102 101 5 5
102 100 5 5
103 102 5 5
103 100 5 5
104 103 5 5
104 101 5 5
105 100 5 5
105 104 5 5
106 100 5 5
106 105 5 5
107 102 5 5
107 103 5 5
108 102 5 5
108 106 5 5
109 102 5 5
109 108 5 5
110 105 5 5
110 106 5 5
111 107 5 5
111 109 5 5
112 104 5 5
112 106 5 5
113 108 5 5
113 109 5 5
114 104 5 5
114 108 5 5
115 111 5 5
115 104 5 5
116 110 5 5
116 100 5 5
117 104 5 5
117 115 5 5
118 113 5 5
118 114 5 5
119 111 5 5
119 102 5 5
100 104 5 5
100 117 5 5
101 115 5 5
101 116 5 5
122 121 6 6
122 120 6 6
123 122 6 6
123 121 6 6
124 121 6 6
124 122 6 6
125 121 6 6
125 120 6 6
126 120 6 6
126 121 6 6
127 124 6 6
127 120 6 6
128 121 6 6
128 126 6 6
129 126 6 6
129 121 6 6
130 123 6 6
130 125 6 6
131 129 6 6
131 127 6 6
132 130 6 6
132 131 6 6
133 128 6 6
133 130 6 6
134 133 6 6
134 132 6 6
135 128 6 6
135 126 6 6
136 129 6 6
136 126 6 6
137 130 6 6
137 120 6 6
138 127 6 6
138 133 6 6
139 132 6 6
139 127 6 6
120 138 6 6
120 130 6 6
121 132 6 6
121 135 6 6
142 140 7 7
142 141 7 7
143 140 7 7
143 142 7 7
144 143 7 7
144 141 7 7
145 141 7 7
145 144 7 7
146 143 7 7
146 142 7 7
147 141 7 7
147 145 7 7
148 141 7 7
148 143 7 7
149 141 7 7
149 143 7 7
150 147 7 7
150 149 7 7
151 147 7 7
151 145 7 7
152 140 7 7
152 148 7 7
153 145 7 7
153 151 7 7
154 152 7 7
154 145 7 7
155 147 7 7
155 149 7 7
156 141 7 7
156 152 7 7
157 152 7 7
157 140 7 7
158 150 7 7
158 151 7 7
159 152 7 7
159 141 7 7
140 148 7 7
140 156 7 7
141 154 7 7
141 155 7 7
162 161 8 8
162 160 8 8
163 161 8 8
163 160 8 8
164 160 8 8
164 163 8 8
165 160 8 8
165 164 8 8
166 160 8 8
166 162 8 8
167 160 8 8
167 166 8 8
168 160 8 8
168 165 8 8
169 162 8 8
169 168 8 8
170 160 8 8
170 164 8 8
171 166 8 8
171 161 8 8
172 166 8 8
172 171 8 8
173 171 8 8
173 172 8 8
174 167 8 8
174 162 8 8
175 172 8 8
175 173 8 8
176 169 8 8
176 165 8 8
177 175 8 8
177 160 8 8
178 175 8 8
178 176 8 8
179 163 8 8
179 174 8 8
160 178 8 8
160 176 8 8
161 164 8 8
161 168 8 8
182 180 9 9
182 181 9 9
183 181 9 9
183 182 9 9
184 183 9 9
184 182 9 9
185 183 9 9
185 180 9 9
186 182 9 9
186 185 9 9
187 183 9 9
187 186 9 9
188 180 9 9
188 181 9 9
189 187 9 9
189 186 9 9
190 188 9 9
190 180 9 9
191 185 9 9
191 186 9 9
192 188 9 9
192 180 9 9
193 183 9 9
193 192 9 9
194 187 9 9
194 193 9 9
195 193 9 9
195 191 9 9
196 192 9 9
196 190 9 9
197 180 9 9
197 181 9 9
198 187 9 9
198 192 9 9
199 197 9 9
199 198 9 9
180 191 9 9
180 183 9 9
181 187 9 9
181 194 9 9
202 201 10 10
202 200 10 10
203 201 10 10
203 202 10 10
204 203 10 10
204 202 10 10
205 201 10 10
205 204 10 10
206 203 10 10
206 200 10 10
207 203 10 10
207 205 10 10
208 205 10 10
208 206 10 10
209 202 10 10
209 200 10 10
210 206 10 10
210 203 10 10
211 205 10 10
211 203 10 10
212 202 10 10
212 201 10 10
213 210 10 10
213 209 10 10
214 200 10 10
214 213 10 10
215 200 10 10
215 209 10 10
216 215 10 10
216 210 10 10
217 210 10 10
217 206 10 10
218 215 10 10
218 211 10 10
219 207 10 10
219 218 10 10
200 217 10 10
200 208 10 10
201 204 10 10
201 217 10 10
222 220 11 11
222 221 11 11
223 221 11 11
223 222 11 11
224 222 11 11
224 223 11 11
225 222 11 11
225 221 11 11
226 220 11 11
226 222 11 11
227 226 11 11
227 222 11 11
228 223 11 11
228 227 11 11
229 225 11 11
229 228 11 11
230 221 11 11
230 229 11 11
231 226 11 11
231 230 11 11
232 225 11 11
232 229 11 11
233 221 11 11
233 226 11 11
234 222 11 11
234 226 11 11
235 233 11 11
235 225 11 11
236 221 11 11
236 231 11 11
237 236 11 11
237 228 11 11
238 236 11 11
238 230 11 11
239 226 11 11
239 237 11 11
220 231 11 11
220 229 11 11
221 232 11 11
221 231 11 11
242 240 12 12
242 241 12 12
243 241 12 12
243 242 12 12
244 243 12 12
244 241 12 12
245 244 12 12
245 243 12 12
246 245 12 12
246 244 12 12
247 244 12 12
247 241 12 12
248 245 12 12
248 240 12 12
249 245 12 12
249 242 12 12
250 244 12 12
250 249 12 12
251 243 12 12
251 245 12 12
252 243 12 12
252 246 12 12
253 251 12 12
253 248 12 12
254 250 12 12
254 249 12 12
255 248 12 12
255 251 12 12
256 246 12 12
256 241 12 12
257 252 12 12
257 247 12 12
258 250 12 12
258 257 12 12
259 256 12 12
259 250 12 12
240 253 12 12
240 252 12 12
241 246 12 12
241 258 12 12
262 261 13 13
262 260 13 13
263 260 13 13
263 261 13 13
264 262 13 13
264 260 13 13
265 262 13 13
265 261 13 13
266 260 13 13
266 262 13 13
267 260 13 13
267 262 13 13
268 266 13 13
268 262 13 13
269 260 13 13
269 262 13 13
270 260 13 13
270 269 13 13
271 266 13 13
271 269 13 13
272 261 13 13
272 262 13 13
273 268 13 13
273 266 13 13
274 272 13 13
274 268 13 13
275 266 13 13
275 265 13 13
276 266 13 13
276 268 13 13
277 261 13 13
277 262 13 13
278 260 13 13
278 275 13 13
279 266 13 13
279 273 13 13
260 275 13 13
260 273 13 13
261 269 13 13
261 266 13 13
282 280 14 14
282 281 14 14
283 281 14 14
283 282 14 14
284 283 14 14
284 282 14 14
285 280 14 14
285 284 14 14
286 282 14 14
286 283 14 14
287 281 14 14
287 282 14 14
288 281 14 14
288 284 14 14
289 286 14 14
289 287 14 14
290 283 14 14
290 284 14 14
291 287 14 14
291 281 14 14
292 291 14 14
292 288 14 14
293 292 14 14
293 283 14 14
294 289 14 14
294 287 14 14
295 290 14 14
295 286 14 14
296 293 14 14
296 284 14 14
297 292 14 14
297 293 14 14
298 296 14 14
298 286 14 14
299 290 14 14
299 282 14 14
280 290 14 14
280 284 14 14
281 285 14 14
281 298 14 14
302 300 15 15
302 301 15 15
303 302 15 15
303 301 15 15
304 300 15 15
304 303 15 15
305 304 15 15
305 301 15 15
306 302 15 15
306 305 15 15
307 303 15 15
307 301 15 15
308 302 15 15
308 301 15 15
309 300 15 15
309 307 15 15
310 307 15 15
310 306 15 15
311 307 15 15
311 306 15 15
312 304 15 15
312 300 15 15
313 308 15 15
313 307 15 15
314 304 15 15
314 312 15 15
315 300 15 15
315 307 15 15
316 311 15 15
316 304 15 15
317 301 15 15
317 312 15 15
318 309 15 15
318 302 15 15
319 304 15 15
319 312 15 15
300 316 15 15
300 313 15 15
301 312 15 15
301 310 15 15
43 29 2 1
57 15 2 0
78 8 3 0
71 37 3 1
94 17 4 0
84 29 4 1
108 91 5 4
100 28 5 1
129 26 6 1
128 77 6 3
148 26 7 1
154 18 7 0
166 24 8 1
173 99 8 4
181 30 9 1
191 105 9 5
202 187 10 9
218 138 10 6
229 106 11 5
232 146 11 7
246 53 12 2
240 90 12 4
262 65 13 3
266 45 13 2
288 46 14 2
285 251 14 12
310 231 15 11
309 216 15 10
13 221 0 11
17 269 0 13
23 291 1 14
31 278 1 13
