swNum = 320
edgeNum = 672

0 0
1 0
2 0
3 0
4 0
5 0
6 0
7 0
8 0
9 0
10 0
11 0
12 0
13 0
14 0
15 0
16 0
17 0
18 0
19 0
20 1
21 1
22 1
23 1
24 1
25 1
26 1
27 1
28 1
29 1
30 1
31 1
32 1
33 1
34 1
35 1
36 1
37 1
38 1
39 1
40 2
41 2
42 2
43 2
44 2
45 2
46 2
47 2
48 2
49 2
50 2
51 2
52 2
53 2
54 2
55 2
56 2
57 2
58 2
59 2
60 3
61 3
62 3
63 3
64 3
65 3
66 3
67 3
68 3
69 3
70 3
71 3
72 3
73 3
74 3
75 3
76 3
77 3
78 3
79 3
80 4
81 4
82 4
83 4
84 4
85 4
86 4
87 4
88 4
89 4
90 4
91 4
92 4
93 4
94 4
95 4
96 4
97 4
98 4
99 4
100 5
101 5
102 5
103 5
104 5
105 5
106 5
107 5
108 5
109 5
110 5
111 5
112 5
113 5
114 5
115 5
116 5
117 5
118 5
119 5
120 6
121 6
122 6
123 6
124 6
125 6
126 6
127 6
128 6
129 6
130 6
131 6
132 6
133 6
134 6
135 6
136 6
137 6
138 6
139 6
140 7
141 7
142 7
143 7
144 7
145 7
146 7
147 7
148 7
149 7
150 7
151 7
152 7
153 7
154 7
155 7
156 7
157 7
158 7
159 7
160 8
161 8
162 8
163 8
164 8
165 8
166 8
167 8
168 8
169 8
170 8
171 8
172 8
173 8
174 8
175 8
176 8
177 8
178 8
179 8
180 9
181 9
182 9
183 9
184 9
185 9
186 9
187 9
188 9
189 9
190 9
191 9
192 9
193 9
194 9
195 9
196 9
197 9
198 9
199 9
200 10
201 10
202 10
203 10
204 10
205 10
206 10
207 10
208 10
209 10
210 10
211 10
212 10
213 10
214 10
215 10
216 10
217 10
218 10
219 10
220 11
221 11
222 11
223 11
224 11
225 11
226 11
227 11
228 11
229 11
230 11
231 11
232 11
233 11
234 11
235 11
236 11
237 11
238 11
239 11
240 12
241 12
242 12
243 12
244 12
245 12
246 12
247 12
248 12
249 12
250 12
251 12
252 12
253 12
254 12
255 12
256 12
257 12
258 12
259 12
260 13
261 13
262 13
263 13
264 13
265 13
266 13
267 13
268 13
269 13
270 13
271 13
272 13
273 13
274 13
275 13
276 13
277 13
278 13
279 13
280 14
281 14
282 14
283 14
284 14
285 14
286 14
287 14
288 14
289 14
290 14
291 14
292 14
293 14
294 14
295 14
296 14
297 14
298 14
299 14
300 15
301 15
302 15
303 15
304 15
305 15
306 15
307 15
308 15
309 15
310 15
311 15
312 15
313 15
314 15
315 15
316 15
317 15
318 15
319 15

2 0 0 0
2 1 0 0
3 0 0 0
3 1 0 0
4 2 0 0
4 3 0 0
5 3 0 0
5 4 0 0
6 0 0 0
6 4 0 0
7 2 0 0
7 3 0 0
8 5 0 0
8 1 0 0
9 8 0 0
9 0 0 0
10 7 0 0
10 1 0 0
11 5 0 0
11 8 0 0
12 10 0 0
12 6 0 0
13 5 0 0
13 9 0 0
14 13 0 0
14 8 0 0
15 1 0 0
15 6 0 0
16 11 0 0
16 10 0 0
17 11 0 0
17 15 0 0
18 3 0 0
18 13 0 0
19 3 0 0
19 11 0 0
0 19 0 0
0 8 0 0
1 14 0 0
1 6 0 0
22 21 1 1
22 20 1 1
23 20 1 1
23 22 1 1
24 21 1 1
24 22 1 1
25 23 1 1
25 20 1 1
26 25 1 1
26 24 1 1
27 25 1 1
27 21 1 1
28 27 1 1
28 24 1 1
29 24 1 1
29 28 1 1
30 24 1 1
30 26 1 1
31 26 1 1
31 25 1 1
32 24 1 1
32 25 1 1
33 25 1 1
33 23 1 1
34 27 1 1
34 20 1 1
35 31 1 1
35 24 1 1
36 31 1 1
36 26 1 1
37 27 1 1
37 25 1 1
38 24 1 1
38 33 1 1
39 24 1 1
39 29 1 1
20 24 1 1
20 30 1 1
21 29 1 1
21 37 1 1
42 41 2 2
42 40 2 2
43 41 2 2
43 40 2 2
44 42 2 2
44 41 2 2
45 43 2 2
45 41 2 2
46 45 2 2
46 41 2 2
47 43 2 2
47 41 2 2
48 47 2 2
48 40 2 2
49 43 2 2
49 46 2 2
50 47 2 2
50 45 2 2
51 44 2 2
51 45 2 2
52 41 2 2
52 42 2 2
53 45 2 2
53 46 2 2
54 43 2 2
54 52 2 2
55 51 2 2
55 45 2 2
56 42 2 2
56 53 2 2
57 49 2 2
57 46 2 2
58 42 2 2
58 54 2 2
59 49 2 2
59 41 2 2
40 45 2 2
40 57 2 2
41 51 2 2
41 53 2 2
62 60 3 3
62 61 3 3
63 60 3 3
63 62 3 3
64 60 3 3
64 62 3 3
65 62 3 3
65 60 3 3
66 62 3 3
66 63 3 3
67 60 3 3
67 62 3 3
68 63 3 3
68 67 3 3
69 68 3 3
69 64 3 3
70 60 3 3
70 69 3 3
71 66 3 3
71 61 3 3
72 64 3 3
72 70 3 3
73 68 3 3
73 72 3 3
74 71 3 3
74 70 3 3
75 72 3 3
75 67 3 3
76 75 3 3
76 71 3 3
77 73 3 3
77 69 3 3
78 76 3 3
78 70 3 3
79 63 3 3
79 78 3 3
60 75 3 3
60 74 3 3
61 69 3 3
61 78 3 3
82 80 4 4
82 81 4 4
83 80 4 4
83 82 4 4
84 81 4 4
84 80 4 4
85 83 4 4
85 82 4 4
86 84 4 4
86 80 4 4
87 80 4 4
87 82 4 4
88 86 4 4
88 87 4 4
89 81 4 4
89 84 4 4
90 85 4 4
90 88 4 4
91 81 4 4
91 90 4 4
92 80 4 4
92 86 4 4
93 80 4 4
93 85 4 4
94 85 4 4
94 90 4 4
95 93 4 4
95 94 4 4
96 90 4 4
96 85 4 4
97 81 4 4
97 88 4 4
98 93 4 4
98 90 4 4
99 91 4 4
99 98 4 4
80 88 4 4
80 96 4 4
81 90 4 4
81 86 4 4
102 101 5 5
102 100 5 5
103 100 5 5
103 101 5 5
104 100 5 5
104 101 5 5
105 104 5 5
105 100 5 5
106 104 5 5
106 100 5 5
107 103 5 5
107 101 5 5
108 105 5 5
108 104 5 5
109 105 5 5
109 104 5 5
110 107 5 5
110 102 5 5
111 103 5 5
111 105 5 5
112 111 5 5
112 104 5 5
113 111 5 5
113 112 5 5
114 102 5 5
114 106 5 5
115 100 5 5
115 109 5 5
116 111 5 5
116 103 5 5
117 108 5 5
117 111 5 5
118 112 5 5
118 111 5 5
119 118 5 5
119 105 5 5
100 116 5 5
100 107 5 5
101 114 5 5
101 116 5 5
122 120 6 6
122 121 6 6
123 120 6 6
123 121 6 6
124 122 6 6
124 123 6 6
125 120 6 6
125 124 6 6
126 125 6 6
126 122 6 6
127 123 6 6
127 125 6 6
128 121 6 6
128 124 6 6
129 121 6 6
129 126 6 6
130 127 6 6
130 128 6 6
131 126 6 6
131 121 6 6
132 125 6 6
132 122 6 6
133 132 6 6
133 129 6 6
134 128 6 6
134 124 6 6
135 123 6 6
135 132 6 6
136 130 6 6
136 132 6 6
137 123 6 6
137 128 6 6
138 127 6 6
138 124 6 6
139 134 6 6
139 125 6 6
120 131 6 6
120 133 6 6
121 138 6 6
121 135 6 6
142 140 7 7
142 141 7 7
143 142 7 7
143 140 7 7
144 141 7 7
144 142 7 7
145 144 7 7
145 141 7 7
146 141 7 7
146 145 7 7
147 144 7 7
147 145 7 7
148 140 7 7
148 144 7 7
149 143 7 7
149 142 7 7
150 147 7 7
150 145 7 7
151 149 7 7
151 144 7 7
152 150 7 7
152 142 7 7
153 147 7 7
153 146 7 7
154 144 7 7
154 148 7 7
155 150 7 7
155 145 7 7
156 152 7 7
156 141 7 7
157 155 7 7
157 146 7 7
158 141 7 7
158 153 7 7
159 157 7 7
159 148 7 7
140 156 7 7
140 159 7 7
141 154 7 7
141 151 7 7
162 160 8 8
162 161 8 8
163 161 8 8
163 162 8 8
164 161 8 8
164 163 8 8
165 163 8 8
165 161 8 8
166 162 8 8
166 164 8 8
167 166 8 8
167 162 8 8
168 165 8 8
168 161 8 8
169 165 8 8
169 163 8 8
170 164 8 8
170 165 8 8
171 160 8 8
171 168 8 8
172 164 8 8
172 160 8 8
173 170 8 8
173 172 8 8
174 166 8 8
174 161 8 8
175 168 8 8
175 167 8 8
176 166 8 8
176 168 8 8
177 160 8 8
177 171 8 8
178 174 8 8
178 175 8 8
179 169 8 8
179 162 8 8
160 175 8 8
160 179 8 8
161 169 8 8
161 173 8 8
182 180 9 9
182 181 9 9
183 180 9 9
183 182 9 9
184 182 9 9
184 183 9 9
185 182 9 9
185 184 9 9
186 185 9 9
186 180 9 9
187 185 9 9
187 180 9 9
188 182 9 9
188 186 9 9
189 186 9 9
189 183 9 9
190 188 9 9
190 186 9 9
191 183 9 9
191 186 9 9
192 190 9 9
192 182 9 9
193 187 9 9
193 189 9 9
194 190 9 9
194 185 9 9
195 180 9 9
195 189 9 9
196 186 9 9
196 195 9 9
197 190 9 9
197 180 9 9
198 183 9 9
198 190 9 9
199 196 9 9
199 198 9 9
180 193 9 9
180 190 9 9
181 186 9 9
181 195 9 9
202 200 10 10
202 201 10 10
203 200 10 10
203 201 10 10
204 203 10 10
204 201 10 10
205 201 10 10
205 202 10 10
206 203 10 10
206 205 10 10
207 204 10 10
207 203 10 10
208 203 10 10
208 207 10 10
209 202 10 10
209 206 10 10
210 206 10 10
210 209 10 10
211 202 10 10
211 206 10 10
212 209 10 10
212 200 10 10
213 201 10 10
213 210 10 10
214 209 10 10
214 213 10 10
215 214 10 10
215 212 10 10
216 200 10 10
216 203 10 10
217 206 10 10
217 200 10 10
218 212 10 10
218 206 10 10
219 207 10 10
219 204 10 10
200 209 10 10
200 206 10 10
201 209 10 10
201 219 10 10
222 221 11 11
222 220 11 11
223 220 11 11
223 222 11 11
224 223 11 11
224 220 11 11
225 222 11 11
225 220 11 11
226 221 11 11
226 222 11 11
227 223 11 11
227 221 11 11
228 227 11 11
228 225 11 11
229 225 11 11
229 226 11 11
230 229 11 11
230 221 11 11
231 227 11 11
231 223 11 11
232 229 11 11
232 230 11 11
233 224 11 11
233 222 11 11
234 228 11 11
234 231 11 11
235 228 11 11
235 234 11 11
236 234 11 11
236 233 11 11
237 222 11 11
237 223 11 11
238 222 11 11
238 231 11 11
239 224 11 11
239 222 11 11
220 232 11 11
220 235 11 11
221 223 11 11
221 235 11 11
242 241 12 12
242 240 12 12
243 242 12 12
243 240 12 12
244 242 12 12
244 241 12 12
245 244 12 12
245 241 12 12
246 243 12 12
246 240 12 12
247 244 12 12
247 243 12 12
248 245 12 12
248 243 12 12
249 244 12 12
249 243 12 12
250 246 12 12
250 245 12 12
251 245 12 12
251 246 12 12
252 251 12 12
252 245 12 12
253 250 12 12
253 252 12 12
254 245 12 12
254 242 12 12
255 252 12 12
255 253 12 12
256 242 12 12
256 240 12 12
257 241 12 12
257 251 12 12
258 241 12 12
258 244 12 12
259 255 12 12
259 258 12 12
240 248 12 12
240 245 12 12
241 246 12 12
241 247 12 12
262 260 13 13
262 261 13 13
263 260 13 13
263 262 13 13
264 260 13 13
264 262 13 13
265 264 13 13
265 263 13 13
266 265 13 13
266 264 13 13
267 263 13 13
267 265 13 13
268 266 13 13
268 263 13 13
269 263 13 13
269 260 13 13
270 261 13 13
270 267 13 13
271 269 13 13
271 266 13 13
272 260 13 13
272 266 13 13
273 265 13 13
273 271 13 13
274 270 13 13
274 267 13 13
275 269 13 13
275 272 13 13
276 266 13 13
276 268 13 13
277 268 13 13
277 270 13 13
278 270 13 13
278 264 13 13
279 270 13 13
279 264 13 13
260 275 13 13
260 279 13 13
261 274 13 13
261 279 13 13
282 280 14 14
282 281 14 14
283 281 14 14
283 282 14 14
284 282 14 14
284 280 14 14
285 283 14 14
285 280 14 14
286 283 14 14
286 284 14 14
287 286 14 14
287 283 14 14
288 286 14 14
288 287 14 14
289 280 14 14
289 288 14 14
290 288 14 14
290 282 14 14
291 288 14 14
291 287 14 14
292 283 14 14
292 287 14 14
293 287 14 14
293 288 14 14
294 281 14 14
294 293 14 14
295 284 14 14
295 286 14 14
296 285 14 14
296 281 14 14
297 287 14 14
297 293 14 14
298 281 14 14
298 292 14 14
299 283 14 14
299 294 14 14
280 297 14 14
280 287 14 14
281 285 14 14
281 295 14 14
302 300 15 15
302 301 15 15
303 301 15 15
303 300 15 15
304 302 15 15
304 300 15 15
305 300 15 15
305 301 15 15
306 300 15 15
306 305 15 15
307 306 15 15
307 303 15 15
308 307 15 15
308 300 15 15
309 301 15 15
309 306 15 15
310 308 15 15
310 309 15 15
311 307 15 15
311 306 15 15
312 306 15 15
312 301 15 15
313 312 15 15
313 307 15 15
314 313 15 15
314 305 15 15
315 301 15 15
315 300 15 15
316 315 15 15
316 301 15 15
317 311 15 15
317 300 15 15
318 317 15 15
318 303 15 15
319 318 15 15
319 314 15 15
300 316 15 15
300 311 15 15
301 319 15 15
301 314 15 15
47 22 2 1
53 13 2 0
72 29 3 1
73 0 3 0
94 12 4 0
87 68 4 3
106 39 5 1
113 17 5 0
127 62 6 3
138 108 6 5
159 44 7 2
158 106 7 5
166 72 8 3
168 93 8 4
194 118 9 5
198 35 9 1
216 12 10 0
204 109 10 5
232 98 11 4
238 140 11 7
257 227 12 11
249 205 12 10
269 257 13 12
268 43 13 2
283 84 14 4
292 278 14 13
309 60 15 3
318 193 15 9
10 311 0 15
1 286 0 14
23 151 1 7
23 132 1 6
