swNum = 320
edgeNum = 672

0 0
1 0
2 0
3 0
4 0
5 0
6 0
7 0
8 0
9 0
10 0
11 0
12 0
13 0
14 0
15 0
16 0
17 0
18 0
19 0
20 1
21 1
22 1
23 1
24 1
25 1
26 1
27 1
28 1
29 1
30 1
31 1
32 1
33 1
34 1
35 1
36 1
37 1
38 1
39 1
40 2
41 2
42 2
43 2
44 2
45 2
46 2
47 2
48 2
49 2
50 2
51 2
52 2
53 2
54 2
55 2
56 2
57 2
58 2
59 2
60 3
61 3
62 3
63 3
64 3
65 3
66 3
67 3
68 3
69 3
70 3
71 3
72 3
73 3
74 3
75 3
76 3
77 3
78 3
79 3
80 4
81 4
82 4
83 4
84 4
85 4
86 4
87 4
88 4
89 4
90 4
91 4
92 4
93 4
94 4
95 4
96 4
97 4
98 4
99 4
100 5
101 5
102 5
103 5
104 5
105 5
106 5
107 5
108 5
109 5
110 5
111 5
112 5
113 5
114 5
115 5
116 5
117 5
118 5
119 5
120 6
121 6
122 6
123 6
124 6
125 6
126 6
127 6
128 6
129 6
130 6
131 6
132 6
133 6
134 6
135 6
136 6
137 6
138 6
139 6
140 7
141 7
142 7
143 7
144 7
145 7
146 7
147 7
148 7
149 7
150 7
151 7
152 7
153 7
154 7
155 7
156 7
157 7
158 7
159 7
160 8
161 8
162 8
163 8
164 8
165 8
166 8
167 8
168 8
169 8
170 8
171 8
172 8
173 8
174 8
175 8
176 8
177 8
178 8
179 8
180 9
181 9
182 9
183 9
184 9
185 9
186 9
187 9
188 9
189 9
190 9
191 9
192 9
193 9
194 9
195 9
196 9
197 9
198 9
199 9
200 10
201 10
202 10
203 10
204 10
205 10
206 10
207 10
208 10
209 10
210 10
211 10
212 10
213 10
214 10
215 10
216 10
217 10
218 10
219 10
220 11
221 11
222 11
223 11
224 11
225 11
226 11
227 11
228 11
229 11
230 11
231 11
232 11
233 11
234 11
235 11
236 11
237 11
238 11
239 11
240 12
241 12
242 12
243 12
244 12
245 12
246 12
247 12
248 12
249 12
250 12
251 12
252 12
253 12
254 12
255 12
256 12
257 12
258 12
259 12
260 13
261 13
262 13
263 13
264 13
265 13
266 13
267 13
268 13
269 13
270 13
271 13
272 13
273 13
274 13
275 13
276 13
277 13
278 13
279 13
280 14
281 14
282 14
283 14
284 14
285 14
286 14
287 14
288 14
289 14
290 14
291 14
292 14
293 14
294 14
295 14
296 14
297 14
298 14
299 14
300 15
301 15
302 15
303 15
304 15
305 15
306 15
307 15
308 15
309 15
310 15
311 15
312 15
313 15
314 15
315 15
316 15
317 15
318 15
319 15

2 1 0 0
2 0 0 0
3 1 0 0
3 0 0 0
4 0 0 0
4 1 0 0
5 1 0 0
5 2 0 0
6 1 0 0
6 2 0 0
7 5 0 0
7 2 0 0
8 0 0 0
8 4 0 0
9 7 0 0
9 5 0 0
10 0 0 0
10 1 0 0
11 4 0 0
11 5 0 0
12 5 0 0
12 7 0 0
13 3 0 0
13 6 0 0
14 1 0 0
14 7 0 0
15 13 0 0
15 8 0 0
16 8 0 0
16 3 0 0
17 4 0 0
17 7 0 0
18 3 0 0
18 6 0 0
19 2 0 0
19 1 0 0
0 12 0 0
0 15 0 0
1 15 0 0
1 8 0 0
22 21 1 1
22 20 1 1
23 20 1 1
23 21 1 1
24 23 1 1
24 21 1 1
25 23 1 1
25 24 1 1
26 21 1 1
26 22 1 1
27 24 1 1
27 21 1 1
28 21 1 1
28 26 1 1
29 25 1 1
29 20 1 1
30 20 1 1
30 22 1 1
31 26 1 1
31 28 1 1
32 20 1 1
32 31 1 1
33 22 1 1
33 30 1 1
34 22 1 1
34 33 1 1
35 27 1 1
35 24 1 1
36 32 1 1
36 27 1 1
37 25 1 1
37 24 1 1
38 23 1 1
38 24 1 1
39 26 1 1
39 24 1 1
20 39 1 1
20 27 1 1
21 33 1 1
21 32 1 1
42 41 2 2
42 40 2 2
43 42 2 2
43 40 2 2
44 41 2 2
44 42 2 2
45 40 2 2
45 43 2 2
46 44 2 2
46 41 2 2
47 41 2 2
47 46 2 2
48 46 2 2
48 44 2 2
49 45 2 2
49 41 2 2
50 41 2 2
50 47 2 2
51 41 2 2
51 46 2 2
52 41 2 2
52 46 2 2
53 41 2 2
53 45 2 2
54 45 2 2
54 53 2 2
55 53 2 2
55 47 2 2
56 41 2 2
56 54 2 2
57 48 2 2
57 54 2 2
58 45 2 2
58 40 2 2
59 53 2 2
59 56 2 2
40 49 2 2
40 48 2 2
41 48 2 2
41 59 2 2
62 60 3 3
62 61 3 3
63 60 3 3
63 61 3 3
64 63 3 3
64 60 3 3
65 61 3 3
65 62 3 3
66 63 3 3
66 61 3 3
67 62 3 3
67 63 3 3
68 63 3 3
68 60 3 3
69 62 3 3
69 67 3 3
70 65 3 3
70 60 3 3
71 60 3 3
71 69 3 3
72 68 3 3
72 66 3 3
73 63 3 3
73 69 3 3
74 60 3 3
74 62 3 3
75 63 3 3
75 68 3 3
76 70 3 3
76 61 3 3
77 64 3 3
77 75 3 3
78 72 3 3
78 66 3 3
79 64 3 3
79 62 3 3
60 67 3 3
60 65 3 3
61 70 3 3
61 73 3 3
82 81 4 4
82 80 4 4
83 80 4 4
83 82 4 4
84 82 4 4
84 83 4 4
85 83 4 4
85 81 4 4
86 83 4 4
86 81 4 4
87 81 4 4
87 83 4 4
88 84 4 4
88 85 4 4
89 85 4 4
89 88 4 4
90 89 4 4
90 84 4 4
91 89 4 4
91 81 4 4
92 81 4 4
92 82 4 4
93 84 4 4
93 86 4 4
94 83 4 4
94 86 4 4
95 94 4 4
95 83 4 4
96 85 4 4
96 86 4 4
97 95 4 4
97 94 4 4
98 86 4 4
98 92 4 4
99 87 4 4
99 83 4 4
80 89 4 4
80 96 4 4
81 94 4 4
81 98 4 4
102 100 5 5
102 101 5 5
103 100 5 5
103 101 5 5
104 102 5 5
104 100 5 5
105 101 5 5
105 100 5 5
106 105 5 5
106 100 5 5
107 102 5 5
107 105 5 5
108 103 5 5
108 100 5 5
109 103 5 5
109 106 5 5
110 101 5 5
110 104 5 5
111 110 5 5
111 105 5 5
112 100 5 5
112 101 5 5
113 106 5 5
113 101 5 5
114 105 5 5
114 112 5 5
115 109 5 5
115 101 5 5
116 101 5 5
116 110 5 5
117 115 5 5
117 113 5 5
118 103 5 5
118 106 5 5
119 101 5 5
119 103 5 5
100 110 5 5
100 119 5 5
101 111 5 5
101 117 5 5
122 120 6 6
122 121 6 6
123 120 6 6
123 122 6 6
124 120 6 6
124 123 6 6
125 121 6 6
125 122 6 6
126 123 6 6
126 122 6 6
127 123 6 6
127 126 6 6
128 126 6 6
128 120 6 6
129 123 6 6
129 128 6 6
130 126 6 6
130 125 6 6
131 130 6 6
131 128 6 6
132 120 6 6
132 126 6 6
133 120 6 6
133 127 6 6
134 121 6 6
134 133 6 6
135 121 6 6
135 130 6 6
136 120 6 6
136 133 6 6
137 131 6 6
137 132 6 6
138 122 6 6
138 133 6 6
139 122 6 6
139 134 6 6
120 130 6 6
120 126 6 6
121 132 6 6
121 137 6 6
142 140 7 7
142 141 7 7
143 142 7 7
143 140 7 7
144 143 7 7
144 142 7 7
145 142 7 7
145 141 7 7
146 141 7 7
146 143 7 7
147 145 7 7
147 146 7 7
148 143 7 7
148 146 7 7
149 148 7 7
149 142 7 7
150 149 7 7
150 146 7 7
151 147 7 7
151 142 7 7
152 144 7 7
152 145 7 7
153 149 7 7
153 142 7 7
154 150 7 7
154 146 7 7
155 151 7 7
155 153 7 7
156 153 7 7
156 144 7 7
157 153 7 7
157 143 7 7
158 153 7 7
158 151 7 7
159 153 7 7
159 148 7 7
140 157 7 7
140 149 7 7
141 159 7 7
141 148 7 7
162 160 8 8
162 161 8 8
163 162 8 8
163 161 8 8
164 162 8 8
164 161 8 8
165 162 8 8
165 160 8 8
166 160 8 8
166 161 8 8
167 166 8 8
167 163 8 8
168 167 8 8
168 164 8 8
169 168 8 8
169 166 8 8
170 165 8 8
170 167 8 8
171 164 8 8
171 161 8 8
172 161 8 8
172 169 8 8
173 168 8 8
173 172 8 8
174 167 8 8
174 163 8 8
175 168 8 8
175 173 8 8
176 168 8 8
176 165 8 8
177 166 8 8
177 162 8 8
178 163 8 8
178 168 8 8
179 171 8 8
179 177 8 8
160 175 8 8
160 177 8 8
161 165 8 8
161 178 8 8
182 181 9 9
182 180 9 9
183 180 9 9
183 182 9 9
184 183 9 9
184 180 9 9
185 183 9 9
185 182 9 9
186 184 9 9
186 181 9 9
187 181 9 9
187 186 9 9
188 186 9 9
188 181 9 9
189 184 9 9
189 185 9 9
190 183 9 9
190 181 9 9
191 184 9 9
191 185 9 9
192 188 9 9
192 191 9 9
193 180 9 9
193 191 9 9
194 189 9 9
194 193 9 9
195 185 9 9
195 190 9 9
196 184 9 9
196 194 9 9
197 186 9 9
197 192 9 9
198 190 9 9
198 182 9 9
199 185 9 9
199 195 9 9
180 190 9 9
180 186 9 9
181 199 9 9
181 184 9 9
202 200 10 10
202 201 10 10
203 202 10 10
203 200 10 10
204 200 10 10
204 201 10 10
205 201 10 10
205 202 10 10
206 204 10 10
206 205 10 10
207 206 10 10
207 204 10 10
208 201 10 10
208 206 10 10
209 203 10 10
209 200 10 10
210 206 10 10
210 208 10 10
211 207 10 10
211 210 10 10
212 210 10 10
212 209 10 10
213 211 10 10
213 200 10 10
214 209 10 10
214 210 10 10
215 212 10 10
215 203 10 10
216 208 10 10
216 204 10 10
217 214 10 10
217 210 10 10
218 207 10 10
218 211 10 10
219 217 10 10
219 209 10 10
200 217 10 10
200 207 10 10
201 213 10 10
201 211 10 10
222 221 11 11
222 220 11 11
223 221 11 11
223 222 11 11
224 223 11 11
224 222 11 11
225 223 11 11
225 220 11 11
226 224 11 11
226 225 11 11
227 222 11 11
227 221 11 11
228 220 11 11
228 222 11 11
229 228 11 11
229 224 11 11
230 226 11 11
230 223 11 11
231 226 11 11
231 220 11 11
232 222 11 11
232 223 11 11
233 223 11 11
233 232 11 11
234 232 11 11
234 220 11 11
235 230 11 11
235 222 11 11
236 225 11 11
236 228 11 11
237 220 11 11
237 225 11 11
238 237 11 11
238 223 11 11
239 223 11 11
239 229 11 11
220 230 11 11
220 236 11 11
221 234 11 11
221 237 11 11
242 241 12 12
242 240 12 12
243 242 12 12
243 240 12 12
244 241 12 12
244 243 12 12
245 240 12 12
245 242 12 12
246 245 12 12
246 242 12 12
247 246 12 12
247 240 12 12
248 245 12 12
248 244 12 12
249 247 12 12
249 246 12 12
250 246 12 12
250 241 12 12
251 246 12 12
251 241 12 12
252 246 12 12
252 247 12 12
253 251 12 12
253 247 12 12
254 242 12 12
254 251 12 12
255 253 12 12
255 246 12 12
256 241 12 12
256 240 12 12
257 247 12 12
257 246 12 12
258 240 12 12
258 251 12 12
259 244 12 12
259 247 12 12
240 248 12 12
240 254 12 12
241 258 12 12
241 245 12 12
262 260 13 13
262 261 13 13
263 261 13 13
263 260 13 13
264 261 13 13
264 263 13 13
265 264 13 13
265 263 13 13
266 263 13 13
266 264 13 13
267 261 13 13
267 263 13 13
268 263 13 13
268 267 13 13
269 268 13 13
269 265 13 13
270 260 13 13
270 269 13 13
271 262 13 13
271 260 13 13
272 263 13 13
272 262 13 13
273 268 13 13
273 265 13 13
274 272 13 13
274 261 13 13
275 272 13 13
275 274 13 13
276 267 13 13
276 260 13 13
277 260 13 13
277 273 13 13
278 276 13 13
278 268 13 13
279 263 13 13
279 268 13 13
260 279 13 13
260 278 13 13
261 276 13 13
261 272 13 13
282 281 14 14
282 280 14 14
283 280 14 14
283 282 14 14
284 281 14 14
284 282 14 14
285 283 14 14
285 281 14 14
286 282 14 14
286 285 14 14
287 285 14 14
287 281 14 14
288 286 14 14
288 281 14 14
289 286 14 14
289 282 14 14
290 287 14 14
290 286 14 14
291 287 14 14
291 285 14 14
292 281 14 14
292 291 14 14
293 284 14 14
293 287 14 14
294 286 14 14
294 292 14 14
295 290 14 14
295 291 14 14
296 293 14 14
296 290 14 14
297 287 14 14
297 295 14 14
298 284 14 14
298 288 14 14
299 281 14 14
299 291 14 14
280 297 14 14
280 285 14 14
281 293 14 14
281 296 14 14
302 300 15 15
302 301 15 15
303 302 15 15
303 301 15 15
304 302 15 15
304 303 15 15
305 300 15 15
305 302 15 15
306 303 15 15
306 301 15 15
307 300 15 15
307 303 15 15
308 303 15 15
308 304 15 15
309 304 15 15
309 307 15 15
310 300 15 15
310 302 15 15
311 309 15 15
311 300 15 15
312 305 15 15
312 306 15 15
313 312 15 15
313 307 15 15
314 303 15 15
314 306 15 15
315 311 15 15
315 306 15 15
316 308 15 15
316 309 15 15
317 300 15 15
317 307 15 15
318 310 15 15
318 315 15 15
319 300 15 15
319 312 15 15
300 309 15 15
300 304 15 15
301 307 15 15
301 318 15 15
54 10 2 0
52 39 2 1
78 18 3 0
73 35 3 1
80 15 4 0
87 30 4 1
118 44 5 2
115 8 5 0
133 7 6 0
131 57 6 2
149 59 7 2
155 31 7 1
161 111 8 5
173 33 8 1
190 131 9 6
183 35 9 1
211 56 10 2
206 114 10 5
229 14 11 0
224 197 11 9
253 7 12 0
251 199 12 9
265 20 13 1
275 132 13 6
292 118 14 5
280 128 14 6
303 195 15 9
306 279 15 13
4 292 0 14
9 304 0 15
37 312 1 15
32 126 1 6
