swNum = 320
edgeNum = 672

0 0
1 0
2 0
3 0
4 0
5 0
6 0
7 0
8 0
9 0
10 0
11 0
12 0
13 0
14 0
15 0
16 0
17 0
18 0
19 0
20 1
21 1
22 1
23 1
24 1
25 1
26 1
27 1
28 1
29 1
30 1
31 1
32 1
33 1
34 1
35 1
36 1
37 1
38 1
39 1
40 2
41 2
42 2
43 2
44 2
45 2
46 2
47 2
48 2
49 2
50 2
51 2
52 2
53 2
54 2
55 2
56 2
57 2
58 2
59 2
60 3
61 3
62 3
63 3
64 3
65 3
66 3
67 3
68 3
69 3
70 3
71 3
72 3
73 3
74 3
75 3
76 3
77 3
78 3
79 3
80 4
81 4
82 4
83 4
84 4
85 4
86 4
87 4
88 4
89 4
90 4
91 4
92 4
93 4
94 4
95 4
96 4
97 4
98 4
99 4
100 5
101 5
102 5
103 5
104 5
105 5
106 5
107 5
108 5
109 5
110 5
111 5
112 5
113 5
114 5
115 5
116 5
117 5
118 5
119 5
120 6
121 6
122 6
123 6
124 6
125 6
126 6
127 6
128 6
129 6
130 6
131 6
132 6
133 6
134 6
135 6
136 6
137 6
138 6
139 6
140 7
141 7
142 7
143 7
144 7
145 7
146 7
147 7
148 7
149 7
150 7
151 7
152 7
153 7
154 7
155 7
156 7
157 7
158 7
159 7
160 8
161 8
162 8
163 8
164 8
165 8
166 8
167 8
168 8
169 8
170 8
171 8
172 8
173 8
174 8
175 8
176 8
177 8
178 8
179 8
180 9
181 9
182 9
183 9
184 9
185 9
186 9
187 9
188 9
189 9
190 9
191 9
192 9
193 9
194 9
195 9
196 9
197 9
198 9
199 9
200 10
201 10
202 10
203 10
204 10
205 10
206 10
207 10
208 10
209 10
210 10
211 10
212 10
213 10
214 10
215 10
216 10
217 10
218 10
219 10
220 11
221 11
222 11
223 11
224 11
225 11
226 11
227 11
228 11
229 11
230 11
231 11
232 11
233 11
234 11
235 11
236 11
237 11
238 11
239 11
240 12
241 12
242 12
243 12
244 12
245 12
246 12
247 12
248 12
249 12
250 12
251 12
252 12
253 12
254 12
255 12
256 12
257 12
258 12
259 12
260 13
261 13
262 13
263 13
264 13
265 13
266 13
267 13
268 13
269 13
270 13
271 13
272 13
273 13
274 13
275 13
276 13
277 13
278 13
279 13
280 14
281 14
282 14
283 14
284 14
285 14
286 14
287 14
288 14
289 14
290 14
291 14
292 14
293 14
294 14
295 14
296 14
297 14
298 14
299 14
300 15
301 15
302 15
303 15
304 15
305 15
306 15
307 15
308 15
309 15
310 15
311 15
312 15
313 15
314 15
315 15
316 15
317 15
318 15
319 15

2 0 0 0
2 1 0 0
3 1 0 0
3 2 0 0
4 2 0 0
4 3 0 0
5 2 0 0
5 0 0 0
6 4 0 0
6 0 0 0
7 2 0 0
7 0 0 0
8 4 0 0
8 3 0 0
9 4 0 0
9 8 0 0
10 2 0 0
10 3 0 0
11 9 0 0
11 10 0 0
12 10 0 0
12 7 0 0
13 4 0 0
13 6 0 0
14 2 0 0
14 5 0 0
15 2 0 0
15 3 0 0
16 14 0 0
16 9 0 0
17 2 0 0
17 5 0 0
18 0 0 0
18 17 0 0
19 0 0 0
19 18 0 0
0 9 0 0
0 4 0 0
1 8 0 0
1 5 0 0
22 21 1 1
22 20 1 1
23 20 1 1
23 22 1 1
24 23 1 1
24 21 1 1
25 24 1 1
25 22 1 1
26 24 1 1
26 25 1 1
27 26 1 1
27 24 1 1
28 21 1 1
28 22 1 1
29 24 1 1
29 26 1 1
30 20 1 1
30 25 1 1
31 30 1 1
31 29 1 1
32 29 1 1
32 25 1 1
33 25 1 1
33 23 1 1
34 25 1 1
34 23 1 1
35 28 1 1
35 32 1 1
36 24 1 1
36 21 1 1
37 31 1 1
37 20 1 1
38 22 1 1
38 24 1 1
39 38 1 1
39 26 1 1
20 24 1 1
20 29 1 1
21 34 1 1
21 38 1 1
42 40 2 2
42 41 2 2
43 40 2 2
43 41 2 2
44 41 2 2
44 40 2 2
45 42 2 2
45 43 2 2
46 40 2 2
46 43 2 2
47 42 2 2
47 43 2 2
48 40 2 2
48 41 2 2
49 40 2 2
49 47 2 2
50 49 2 2
50 40 2 2
51 43 2 2
51 40 2 2
52 48 2 2
52 49 2 2
53 45 2 2
53 44 2 2
54 50 2 2
54 49 2 2
55 50 2 2
55 40 2 2
56 49 2 2
56 53 2 2
57 49 2 2
57 41 2 2
58 56 2 2
58 40 2 2
59 46 2 2
59 58 2 2
40 56 2 2
40 53 2 2
41 52 2 2
41 56 2 2
62 61 3 3
62 60 3 3
63 62 3 3
63 60 3 3
64 63 3 3
64 62 3 3
65 60 3 3
65 63 3 3
66 61 3 3
66 62 3 3
67 60 3 3
67 63 3 3
68 64 3 3
68 65 3 3
69 60 3 3
69 61 3 3
70 67 3 3
70 66 3 3
71 60 3 3
71 66 3 3
72 66 3 3
72 60 3 3
73 70 3 3
73 72 3 3
74 60 3 3
74 71 3 3
75 72 3 3
75 73 3 3
76 74 3 3
76 62 3 3
77 60 3 3
77 61 3 3
78 75 3 3
78 71 3 3
79 66 3 3
79 62 3 3
60 66 3 3
60 78 3 3
61 73 3 3
61 63 3 3
82 80 4 4
82 81 4 4
83 80 4 4
83 82 4 4
84 80 4 4
84 83 4 4
85 81 4 4
85 84 4 4
86 81 4 4
86 82 4 4
87 82 4 4
87 80 4 4
88 83 4 4
88 80 4 4
89 81 4 4
89 80 4 4
90 83 4 4
90 85 4 4
91 82 4 4
91 84 4 4
92 90 4 4
92 87 4 4
93 92 4 4
93 91 4 4
94 80 4 4
94 81 4 4
95 84 4 4
95 80 4 4
96 90 4 4
96 89 4 4
97 92 4 4
97 85 4 4
98 96 4 4
98 93 4 4
99 84 4 4
99 95 4 4
80 98 4 4
80 99 4 4
81 83 4 4
81 96 4 4
102 101 5 5
102 100 5 5
103 100 5 5
103 102 5 5
104 101 5 5
104 103 5 5
105 104 5 5
105 103 5 5
106 104 5 5
106 102 5 5
107 102 5 5
107 104 5 5
108 101 5 5
108 102 5 5
109 103 5 5
109 107 5 5
110 104 5 5
110 106 5 5
111 100 5 5
111 102 5 5
112 101 5 5
112 104 5 5
113 103 5 5
113 106 5 5
114 100 5 5
114 101 5 5
115 108 5 5
115 107 5 5
116 114 5 5
116 111 5 5
117 105 5 5
117 109 5 5
118 111 5 5
118 106 5 5
119 105 5 5
119 102 5 5
100 119 5 5
100 104 5 5
101 106 5 5
101 107 5 5
122 121 6 6
122 120 6 6
123 121 6 6
123 122 6 6
124 120 6 6
124 123 6 6
125 124 6 6
125 121 6 6
126 125 6 6
126 121 6 6
127 126 6 6
127 121 6 6
128 121 6 6
128 124 6 6
129 127 6 6
129 121 6 6
130 127 6 6
130 122 6 6
131 129 6 6
131 124 6 6
132 128 6 6
132 120 6 6
133 128 6 6
133 125 6 6
134 125 6 6
134 130 6 6
135 121 6 6
135 134 6 6
136 127 6 6
136 128 6 6
137 133 6 6
137 136 6 6
138 132 6 6
138 120 6 6
139 120 6 6
139 131 6 6
120 128 6 6
120 135 6 6
121 138 6 6
121 124 6 6
142 141 7 7
142 140 7 7
143 141 7 7
143 140 7 7
144 142 7 7
144 140 7 7
145 141 7 7
145 142 7 7
146 144 7 7
146 143 7 7
147 146 7 7
147 143 7 7
148 145 7 7
148 140 7 7
149 145 7 7
149 143 7 7
150 143 7 7
150 149 7 7
151 145 7 7
151 146 7 7
152 149 7 7
152 144 7 7
153 140 7 7
153 142 7 7
154 146 7 7
154 153 7 7
155 147 7 7
155 146 7 7
156 143 7 7
156 151 7 7
157 153 7 7
157 147 7 7
158 152 7 7
158 150 7 7
159 145 7 7
159 153 7 7
140 152 7 7
140 145 7 7
141 152 7 7
141 147 7 7
162 160 8 8
162 161 8 8
163 162 8 8
163 160 8 8
164 160 8 8
164 162 8 8
165 163 8 8
165 161 8 8
166 162 8 8
166 164 8 8
167 166 8 8
167 165 8 8
168 164 8 8
168 163 8 8
169 168 8 8
169 167 8 8
170 162 8 8
170 160 8 8
171 166 8 8
171 167 8 8
172 163 8 8
172 170 8 8
173 168 8 8
173 166 8 8
174 166 8 8
174 162 8 8
175 170 8 8
175 164 8 8
176 166 8 8
176 169 8 8
177 173 8 8
177 170 8 8
178 160 8 8
178 174 8 8
179 169 8 8
179 166 8 8
160 177 8 8
160 173 8 8
161 174 8 8
161 172 8 8
182 180 9 9
182 181 9 9
183 181 9 9
183 180 9 9
184 180 9 9
184 181 9 9
185 184 9 9
185 181 9 9
186 181 9 9
186 182 9 9
187 184 9 9
187 185 9 9
188 184 9 9
188 181 9 9
189 187 9 9
189 184 9 9
190 188 9 9
190 182 9 9
191 184 9 9
191 189 9 9
192 185 9 9
192 187 9 9
193 185 9 9
193 186 9 9
194 189 9 9
194 184 9 9
195 186 9 9
195 191 9 9
196 186 9 9
196 190 9 9
197 190 9 9
197 180 9 9
198 191 9 9
198 182 9 9
199 193 9 9
199 188 9 9
180 196 9 9
180 190 9 9
181 191 9 9
181 196 9 9
202 201 10 10
202 200 10 10
203 200 10 10
203 201 10 10
204 200 10 10
204 202 10 10
205 200 10 10
205 201 10 10
206 202 10 10
206 204 10 10
207 206 10 10
207 200 10 10
208 206 10 10
208 202 10 10
209 202 10 10
209 204 10 10
210 200 10 10
210 201 10 10
211 203 10 10
211 205 10 10
212 200 10 10
212 209 10 10
213 200 10 10
213 210 10 10
214 204 10 10
214 209 10 10
215 204 10 10
215 212 10 10
216 205 10 10
216 204 10 10
217 213 10 10
217 206 10 10
218 213 10 10
218 204 10 10
219 217 10 10
219 202 10 10
200 218 10 10
200 215 10 10
201 213 10 10
201 204 10 10
222 221 11 11
222 220 11 11
223 220 11 11
223 222 11 11
224 220 11 11
224 221 11 11
225 221 11 11
225 224 11 11
226 221 11 11
226 225 11 11
227 225 11 11
227 221 11 11
228 222 11 11
228 225 11 11
229 225 11 11
229 223 11 11
230 223 11 11
230 224 11 11
231 228 11 11
231 222 11 11
232 230 11 11
232 225 11 11
233 230 11 11
233 223 11 11
234 224 11 11
234 220 11 11
235 225 11 11
235 227 11 11
236 228 11 11
236 222 11 11
237 227 11 11
237 220 11 11
238 227 11 11
238 229 11 11
239 220 11 11
239 223 11 11
220 233 11 11
220 236 11 11
221 235 11 11
221 231 11 11
242 241 12 12
242 240 12 12
243 242 12 12
243 241 12 12
244 243 12 12
244 241 12 12
245 241 12 12
245 243 12 12
246 245 12 12
246 240 12 12
247 241 12 12
247 242 12 12
248 242 12 12
248 241 12 12
249 240 12 12
249 247 12 12
250 248 12 12
250 241 12 12
251 245 12 12
251 247 12 12
252 241 12 12
252 250 12 12
253 250 12 12
253 241 12 12
254 251 12 12
254 247 12 12
255 253 12 12
255 244 12 12
256 254 12 12
256 246 12 12
257 249 12 12
257 247 12 12
258 249 12 12
258 255 12 12
259 241 12 12
259 254 12 12
240 259 12 12
240 247 12 12
241 249 12 12
241 255 12 12
262 260 13 13
262 261 13 13
263 261 13 13
263 262 13 13
264 261 13 13
264 262 13 13
265 261 13 13
265 264 13 13
266 263 13 13
266 264 13 13
267 265 13 13
267 264 13 13
268 264 13 13
268 262 13 13
269 262 13 13
269 268 13 13
270 261 13 13
270 263 13 13
271 268 13 13
271 265 13 13
272 265 13 13
272 267 13 13
273 264 13 13
273 271 13 13
274 264 13 13
274 271 13 13
275 271 13 13
275 268 13 13
276 268 13 13
276 274 13 13
277 273 13 13
277 271 13 13
278 269 13 13
278 262 13 13
279 272 13 13
279 271 13 13
260 265 13 13
260 271 13 13
261 269 13 13
261 268 13 13
282 281 14 14
282 280 14 14
283 282 14 14
283 281 14 14
284 282 14 14
284 283 14 14
285 284 14 14
285 282 14 14
286 281 14 14
286 280 14 14
287 281 14 14
287 285 14 14
288 286 14 14
288 280 14 14
289 281 14 14
289 284 14 14
290 283 14 14
290 282 14 14
291 289 14 14
291 280 14 14
292 282 14 14
292 288 14 14
293 287 14 14
293 286 14 14
294 284 14 14
294 286 14 14
295 286 14 14
295 294 14 14
296 291 14 14
296 295 14 14
297 282 14 14
297 289 14 14
298 287 14 14
298 295 14 14
299 297 14 14
299 285 14 14
280 299 14 14
280 297 14 14
281 296 14 14
281 284 14 14
302 300 15 15
302 301 15 15
303 300 15 15
303 302 15 15
304 301 15 15
304 300 15 15
305 302 15 15
305 300 15 15
306 303 15 15
306 305 15 15
307 300 15 15
307 303 15 15
308 305 15 15
308 306 15 15
309 304 15 15
309 301 15 15
310 304 15 15
310 307 15 15
311 307 15 15
311 303 15 15
312 304 15 15
312 301 15 15
313 309 15 15
313 306 15 15
314 312 15 15
314 302 15 15
315 313 15 15
315 309 15 15
316 312 15 15
316 313 15 15
317 314 15 15
317 300 15 15
318 303 15 15
318 314 15 15
319 317 15 15
319 314 15 15
300 313 15 15
300 316 15 15
301 313 15 15
301 314 15 15
58 13 2 0
59 28 2 1
62 23 3 1
74 48 3 2
99 45 4 2
88 63 4 3
105 91 5 4
110 76 5 3
133 55 6 2
129 36 6 1
143 109 7 5
145 120 7 6
164 119 8 5
166 132 8 6
192 43 9 2
191 61 9 3
216 150 10 7
218 108 10 5
222 0 11 0
228 162 11 8
245 40 12 2
254 201 12 10
260 16 13 0
272 52 13 2
285 181 14 9
288 167 14 8
304 139 15 6
307 249 15 12
11 291 0 14
15 93 0 4
34 217 1 10
32 141 1 7
