swNum = 320
edgeNum = 672

0 0
1 0
2 0
3 0
4 0
5 0
6 0
7 0
8 0
9 0
10 0
11 0
12 0
13 0
14 0
15 0
16 0
17 0
18 0
19 0
20 1
21 1
22 1
23 1
24 1
25 1
26 1
27 1
28 1
29 1
30 1
31 1
32 1
33 1
34 1
35 1
36 1
37 1
38 1
39 1
40 2
41 2
42 2
43 2
44 2
45 2
46 2
47 2
48 2
49 2
50 2
51 2
52 2
53 2
54 2
55 2
56 2
57 2
58 2
59 2
60 3
61 3
62 3
63 3
64 3
65 3
66 3
67 3
68 3
69 3
70 3
71 3
72 3
73 3
74 3
75 3
76 3
77 3
78 3
79 3
80 4
81 4
82 4
83 4
84 4
85 4
86 4
87 4
88 4
89 4
90 4
91 4
92 4
93 4
94 4
95 4
96 4
97 4
98 4
99 4
100 5
101 5
102 5
103 5
104 5
105 5
106 5
107 5
108 5
109 5
110 5
111 5
112 5
113 5
114 5
115 5
116 5
117 5
118 5
119 5
120 6
121 6
122 6
123 6
124 6
125 6
126 6
127 6
128 6
129 6
130 6
131 6
132 6
133 6
134 6
135 6
136 6
137 6
138 6
139 6
140 7
141 7
142 7
143 7
144 7
145 7
146 7
147 7
148 7
149 7
150 7
151 7
152 7
153 7
154 7
155 7
156 7
157 7
158 7
159 7
160 8
161 8
162 8
163 8
164 8
165 8
166 8
167 8
168 8
169 8
170 8
171 8
172 8
173 8
174 8
175 8
176 8
177 8
178 8
179 8
180 9
181 9
182 9
183 9
184 9
185 9
186 9
187 9
188 9
189 9
190 9
191 9
192 9
193 9
194 9
195 9
196 9
197 9
198 9
199 9
200 10
201 10
202 10
203 10
204 10
205 10
206 10
207 10
208 10
209 10
210 10
211 10
212 10
213 10
214 10
215 10
216 10
217 10
218 10
219 10
220 11
221 11
222 11
223 11
224 11
225 11
226 11
227 11
228 11
229 11
230 11
231 11
232 11
233 11
234 11
235 11
236 11
237 11
238 11
239 11
240 12
241 12
242 12
243 12
244 12
245 12
246 12
247 12
248 12
249 12
250 12
251 12
252 12
253 12
254 12
255 12
256 12
257 12
258 12
259 12
260 13
261 13
262 13
263 13
264 13
265 13
266 13
267 13
268 13
269 13
270 13
271 13
272 13
273 13
274 13
275 13
276 13
277 13
278 13
279 13
280 14
281 14
282 14
283 14
284 14
285 14
286 14
287 14
288 14
289 14
290 14
291 14
292 14
293 14
294 14
295 14
296 14
297 14
298 14
299 14
300 15
301 15
302 15
303 15
304 15
305 15
306 15
307 15
308 15
309 15
310 15
311 15
312 15
313 15
314 15
315 15
316 15
317 15
318 15
319 15

2 1 0 0
2 0 0 0
3 2 0 0
3 1 0 0
4 0 0 0
4 3 0 0
5 3 0 0
5 2 0 0
6 3 0 0
6 4 0 0
7 6 0 0
7 4 0 0
8 2 0 0
8 3 0 0
9 7 0 0
9 1 0 0
10 5 0 0
10 9 0 0
11 3 0 0
11 2 0 0
12 4 0 0
12 1 0 0
13 0 0 0
13 2 0 0
14 9 0 0
14 12 0 0
15 6 0 0
15 11 0 0
16 14 0 0
16 2 0 0
17 8 0 0
17 4 0 0
18 14 0 0
18 5 0 0
19 6 0 0
19 0 0 0
0 10 0 0
0 12 0 0
1 16 0 0
1 15 0 0
22 20 1 1
22 21 1 1
23 21 1 1
23 20 1 1
24 21 1 1
24 20 1 1
25 24 1 1
25 21 1 1
26 21 1 1
26 20 1 1
27 20 1 1
27 26 1 1
28 21 1 1
28 23 1 1
29 22 1 1
29 20 1 1
30 27 1 1
30 23 1 1
31 29 1 1
31 21 1 1
32 20 1 1
32 29 1 1
33 22 1 1
33 29 1 1
34 24 1 1
34 29 1 1
35 26 1 1
35 24 1 1
36 21 1 1
36 23 1 1
37 30 1 1
37 31 1 1
38 29 1 1
38 35 1 1
39 34 1 1
39 24 1 1
20 35 1 1
20 31 1 1
21 35 1 1
21 27 1 1
42 41 2 2
42 40 2 2
43 40 2 2
43 42 2 2
44 41 2 2
44 42 2 2
45 40 2 2
45 42 2 2
46 41 2 2
46 45 2 2
47 45 2 2
47 41 2 2
48 42 2 2
48 44 2 2
49 46 2 2
49 44 2 2
50 47 2 2
50 44 2 2
51 47 2 2
51 43 2 2
52 48 2 2
52 49 2 2
53 52 2 2
53 43 2 2
54 43 2 2
54 49 2 2
55 49 2 2
55 47 2 2
56 43 2 2
56 55 2 2
57 44 2 2
57 53 2 2
58 42 2 2
58 50 2 2
59 40 2 2
59 45 2 2
40 56 2 2
40 51 2 2
41 51 2 2
41 57 2 2
62 60 3 3
62 61 3 3
63 60 3 3
63 61 3 3
64 60 3 3
64 61 3 3
65 63 3 3
65 61 3 3
66 61 3 3
66 65 3 3
67 63 3 3
67 61 3 3
68 65 3 3
68 66 3 3
69 63 3 3
69 65 3 3
70 63 3 3
70 60 3 3
71 69 3 3
71 67 3 3
72 61 3 3
72 64 3 3
73 61 3 3
73 65 3 3
74 69 3 3
74 71 3 3
75 63 3 3
75 67 3 3
76 64 3 3
76 62 3 3
77 69 3 3
77 64 3 3
78 62 3 3
78 75 3 3
79 69 3 3
79 75 3 3
60 76 3 3
60 77 3 3
61 77 3 3
61 76 3 3
82 80 4 4
82 81 4 4
83 80 4 4
83 81 4 4
84 80 4 4
84 82 4 4
85 80 4 4
85 83 4 4
86 85 4 4
86 80 4 4
87 82 4 4
87 85 4 4
88 81 4 4
88 82 4 4
89 86 4 4
89 80 4 4
90 84 4 4
90 86 4 4
91 82 4 4
91 88 4 4
92 89 4 4
92 91 4 4
93 92 4 4
93 83 4 4
94 83 4 4
94 82 4 4
95 81 4 4
95 89 4 4
96 87 4 4
96 94 4 4
97 94 4 4
97 80 4 4
98 92 4 4
98 96 4 4
99 85 4 4
99 94 4 4
80 94 4 4
80 95 4 4
81 98 4 4
81 85 4 4
102 100 5 5
102 101 5 5
103 100 5 5
103 101 5 5
104 102 5 5
104 100 5 5
105 103 5 5
105 102 5 5
106 100 5 5
106 105 5 5
107 102 5 5
107 105 5 5
108 102 5 5
108 104 5 5
109 102 5 5
109 108 5 5
110 104 5 5
110 102 5 5
111 106 5 5
111 109 5 5
112 104 5 5
112 107 5 5
113 109 5 5
113 100 5 5
114 104 5 5
114 102 5 5
115 112 5 5
115 105 5 5
116 109 5 5
116 115 5 5
117 115 5 5
117 110 5 5
118 108 5 5
118 105 5 5
119 110 5 5
119 112 5 5
100 109 5 5
100 108 5 5
101 118 5 5
101 106 5 5
122 120 6 6
122 121 6 6
123 120 6 6
123 122 6 6
124 120 6 6
124 122 6 6
125 120 6 6
125 122 6 6
126 123 6 6
126 122 6 6
127 125 6 6
127 122 6 6
128 125 6 6
128 127 6 6
129 128 6 6
129 123 6 6
130 121 6 6
130 127 6 6
131 126 6 6
131 128 6 6
132 122 6 6
132 127 6 6
133 129 6 6
133 121 6 6
134 132 6 6
134 131 6 6
135 134 6 6
135 125 6 6
136 123 6 6
136 132 6 6
137 135 6 6
137 133 6 6
138 137 6 6
138 128 6 6
139 123 6 6
139 121 6 6
120 138 6 6
120 139 6 6
121 131 6 6
121 137 6 6
142 140 7 7
142 141 7 7
143 141 7 7
143 140 7 7
144 143 7 7
144 142 7 7
145 144 7 7
145 142 7 7
146 141 7 7
146 145 7 7
147 140 7 7
147 143 7 7
148 142 7 7
148 145 7 7
149 146 7 7
149 144 7 7
150 145 7 7
150 147 7 7
151 149 7 7
151 147 7 7
152 140 7 7
152 142 7 7
153 152 7 7
153 151 7 7
154 150 7 7
154 146 7 7
155 140 7 7
155 148 7 7
156 150 7 7
156 153 7 7
157 143 7 7
157 151 7 7
158 153 7 7
158 150 7 7
159 158 7 7
159 149 7 7
140 151 7 7
140 156 7 7
141 156 7 7
141 157 7 7
162 160 8 8
162 161 8 8
163 162 8 8
163 160 8 8
164 163 8 8
164 162 8 8
165 161 8 8
165 164 8 8
166 164 8 8
166 161 8 8
167 160 8 8
167 162 8 8
168 163 8 8
168 160 8 8
169 165 8 8
169 168 8 8
170 165 8 8
170 168 8 8
171 164 8 8
171 165 8 8
172 168 8 8
172 161 8 8
173 168 8 8
173 169 8 8
174 161 8 8
174 173 8 8
175 173 8 8
175 160 8 8
176 165 8 8
176 163 8 8
177 164 8 8
177 172 8 8
178 167 8 8
178 172 8 8
179 168 8 8
179 173 8 8
160 173 8 8
160 179 8 8
161 171 8 8
161 178 8 8
182 181 9 9
182 180 9 9
183 180 9 9
183 182 9 9
184 183 9 9
184 180 9 9
185 184 9 9
185 180 9 9
186 184 9 9
186 182 9 9
187 184 9 9
187 185 9 9
188 182 9 9
188 180 9 9
189 183 9 9
189 180 9 9
190 181 9 9
190 180 9 9
191 188 9 9
191 189 9 9
192 188 9 9
192 187 9 9
193 180 9 9
193 187 9 9
194 184 9 9
194 180 9 9
195 185 9 9
195 193 9 9
196 187 9 9
196 191 9 9
197 196 9 9
197 187 9 9
198 195 9 9
198 181 9 9
199 191 9 9
199 186 9 9
180 196 9 9
180 195 9 9
181 185 9 9
181 187 9 9
202 201 10 10
202 200 10 10
203 200 10 10
203 201 10 10
204 200 10 10
204 203 10 10
205 201 10 10
205 203 10 10
206 201 10 10
206 203 10 10
207 206 10 10
207 202 10 10
208 200 10 10
208 207 10 10
209 206 10 10
209 202 10 10
210 201 10 10
210 207 10 10
211 207 10 10
211 201 10 10
212 210 10 10
212 209 10 10
213 212 10 10
213 205 10 10
214 201 10 10
214 203 10 10
215 203 10 10
215 211 10 10
216 213 10 10
216 208 10 10
217 209 10 10
217 208 10 10
218 203 10 10
218 212 10 10
219 208 10 10
219 212 10 10
200 219 10 10
200 206 10 10
201 217 10 10
201 209 10 10
222 220 11 11
222 221 11 11
223 220 11 11
223 221 11 11
224 222 11 11
224 220 11 11
225 224 11 11
225 223 11 11
226 221 11 11
226 223 11 11
227 224 11 11
227 220 11 11
228 222 11 11
228 221 11 11
229 225 11 11
229 228 11 11
230 224 11 11
230 229 11 11
231 227 11 11
231 229 11 11
232 225 11 11
232 228 11 11
233 223 11 11
233 220 11 11
234 228 11 11
234 225 11 11
235 229 11 11
235 233 11 11
236 232 11 11
236 222 11 11
237 232 11 11
237 228 11 11
238 235 11 11
238 236 11 11
239 234 11 11
239 225 11 11
220 230 11 11
220 232 11 11
221 229 11 11
221 225 11 11
242 240 12 12
242 241 12 12
243 242 12 12
243 241 12 12
244 243 12 12
244 242 12 12
245 242 12 12
245 243 12 12
246 240 12 12
246 241 12 12
247 240 12 12
247 245 12 12
248 245 12 12
248 244 12 12
249 245 12 12
249 247 12 12
250 240 12 12
250 241 12 12
251 243 12 12
251 249 12 12
252 251 12 12
252 250 12 12
253 249 12 12
253 250 12 12
254 248 12 12
254 243 12 12
255 246 12 12
255 251 12 12
256 249 12 12
256 250 12 12
257 251 12 12
257 249 12 12
258 240 12 12
258 246 12 12
259 245 12 12
259 242 12 12
240 253 12 12
240 255 12 12
241 256 12 12
241 258 12 12
262 260 13 13
262 261 13 13
263 260 13 13
263 262 13 13
264 260 13 13
264 263 13 13
265 261 13 13
265 262 13 13
266 260 13 13
266 265 13 13
267 261 13 13
267 264 13 13
268 261 13 13
268 265 13 13
269 262 13 13
269 265 13 13
270 265 13 13
270 263 13 13
271 260 13 13
271 266 13 13
272 263 13 13
272 264 13 13
273 266 13 13
273 263 13 13
274 272 13 13
274 261 13 13
275 269 13 13
275 268 13 13
276 261 13 13
276 273 13 13
277 269 13 13
277 263 13 13
278 275 13 13
278 261 13 13
279 272 13 13
279 268 13 13
260 274 13 13
260 269 13 13
261 279 13 13
261 275 13 13
282 281 14 14
282 280 14 14
283 281 14 14
283 282 14 14
284 281 14 14
284 283 14 14
285 284 14 14
285 283 14 14
286 284 14 14
286 283 14 14
287 281 14 14
287 285 14 14
288 285 14 14
288 282 14 14
289 280 14 14
289 287 14 14
290 283 14 14
290 285 14 14
291 290 14 14
291 282 14 14
292 285 14 14
292 280 14 14
293 284 14 14
293 292 14 14
294 288 14 14
294 293 14 14
295 283 14 14
295 287 14 14
296 291 14 14
296 295 14 14
297 294 14 14
297 282 14 14
298 294 14 14
298 285 14 14
299 296 14 14
299 292 14 14
280 285 14 14
280 288 14 14
281 295 14 14
281 291 14 14
302 301 15 15
302 300 15 15
303 301 15 15
303 302 15 15
304 303 15 15
304 302 15 15
305 302 15 15
305 301 15 15
306 304 15 15
306 301 15 15
307 305 15 15
307 300 15 15
308 300 15 15
308 305 15 15
309 300 15 15
309 308 15 15
310 303 15 15
310 309 15 15
311 305 15 15
311 306 15 15
312 310 15 15
312 304 15 15
313 307 15 15
313 312 15 15
314 307 15 15
314 305 15 15
315 313 15 15
315 308 15 15
316 311 15 15
316 307 15 15
317 313 15 15
317 310 15 15
318 314 15 15
318 307 15 15
319 315 15 15
319 317 15 15
300 311 15 15
300 315 15 15
301 304 15 15
301 314 15 15
59 5 2 0
53 39 2 1
67 2 3 0
79 55 3 2
91 14 4 0
98 48 4 2
114 96 5 4
108 25 5 1
136 53 6 2
122 68 6 3
146 27 7 1
146 98 7 4
178 78 8 3
169 13 8 0
190 160 9 8
180 7 9 0
215 41 10 2
212 21 10 1
220 153 11 7
227 102 11 5
248 144 12 7
257 198 12 9
271 146 13 7
263 104 13 5
280 166 14 8
280 99 14 4
316 169 15 8
311 283 15 14
7 113 0 5
17 308 0 15
27 277 1 13
33 85 1 4
