swNum = 320
edgeNum = 672

0 0
1 0
2 0
3 0
4 0
5 0
6 0
7 0
8 0
9 0
10 0
11 0
12 0
13 0
14 0
15 0
16 0
17 0
18 0
19 0
20 1
21 1
22 1
23 1
24 1
25 1
26 1
27 1
28 1
29 1
30 1
31 1
32 1
33 1
34 1
35 1
36 1
37 1
38 1
39 1
40 2
41 2
42 2
43 2
44 2
45 2
46 2
47 2
48 2
49 2
50 2
51 2
52 2
53 2
54 2
55 2
56 2
57 2
58 2
59 2
60 3
61 3
62 3
63 3
64 3
65 3
66 3
67 3
68 3
69 3
70 3
71 3
72 3
73 3
74 3
75 3
76 3
77 3
78 3
79 3
80 4
81 4
82 4
83 4
84 4
85 4
86 4
87 4
88 4
89 4
90 4
91 4
92 4
93 4
94 4
95 4
96 4
97 4
98 4
99 4
100 5
101 5
102 5
103 5
104 5
105 5
106 5
107 5
108 5
109 5
110 5
111 5
112 5
113 5
114 5
115 5
116 5
117 5
118 5
119 5
120 6
121 6
122 6
123 6
124 6
125 6
126 6
127 6
128 6
129 6
130 6
131 6
132 6
133 6
134 6
135 6
136 6
137 6
138 6
139 6
140 7
141 7
142 7
143 7
144 7
145 7
146 7
147 7
148 7
149 7
150 7
151 7
152 7
153 7
154 7
155 7
156 7
157 7
158 7
159 7
160 8
161 8
162 8
163 8
164 8
165 8
166 8
167 8
168 8
169 8
170 8
171 8
172 8
173 8
174 8
175 8
176 8
177 8
178 8
179 8
180 9
181 9
182 9
183 9
184 9
185 9
186 9
187 9
188 9
189 9
190 9
191 9
192 9
193 9
194 9
195 9
196 9
197 9
198 9
199 9
200 10
201 10
202 10
203 10
204 10
205 10
206 10
207 10
208 10
209 10
210 10
211 10
212 10
213 10
214 10
215 10
216 10
217 10
218 10
219 10
220 11
221 11
222 11
223 11
224 11
225 11
226 11
227 11
228 11
229 11
230 11
231 11
232 11
233 11
234 11
235 11
236 11
237 11
238 11
239 11
240 12
241 12
242 12
243 12
244 12
245 12
246 12
247 12
248 12
249 12
250 12
251 12
252 12
253 12
254 12
255 12
256 12
257 12
258 12
259 12
260 13
261 13
262 13
263 13
264 13
265 13
266 13
267 13
268 13
269 13
270 13
271 13
272 13
273 13
274 13
275 13
276 13
277 13
278 13
279 13
280 14
281 14
282 14
283 14
284 14
285 14
286 14
287 14
288 14
289 14
290 14
291 14
292 14
293 14
294 14
295 14
296 14
297 14
298 14
299 14
300 15
301 15
302 15
303 15
304 15
305 15
306 15
307 15
308 15
309 15
310 15
311 15
312 15
313 15
314 15
315 15
316 15
317 15
318 15
319 15

2 0 0 0
2 1 0 0
3 2 0 0
3 1 0 0
4 1 0 0
4 2 0 0
5 1 0 0
5 0 0 0
6 5 0 0
6 0 0 0
7 1 0 0
7 0 0 0
8 7 0 0
8 2 0 0
9 0 0 0
9 2 0 0
10 8 0 0
10 5 0 0
11 1 0 0
11 0 0 0
12 10 0 0
12 4 0 0
13 12 0 0
13 2 0 0
14 6 0 0
14 10 0 0
15 2 0 0
15 1 0 0
16 9 0 0
16 5 0 0
17 2 0 0
17 9 0 0
18 10 0 0
18 14 0 0
19 4 0 0
19 10 0 0
0 17 0 0
0 14 0 0
1 17 0 0
1 8 0 0
22 21 1 1
22 20 1 1
23 22 1 1
23 21 1 1
24 23 1 1
24 20 1 1
25 21 1 1
25 24 1 1
26 25 1 1
26 22 1 1
27 25 1 1
27 22 1 1
28 20 1 1
28 21 1 1
29 27 1 1
29 21 1 1
30 20 1 1
30 21 1 1
31 21 1 1
31 28 1 1
32 28 1 1
32 24 1 1
33 22 1 1
33 24 1 1
34 26 1 1
34 21 1 1
35 26 1 1
35 27 1 1
36 21 1 1
36 32 1 1
37 30 1 1
37 35 1 1
38 22 1 1
38 29 1 1
39 33 1 1
39 30 1 1
20 26 1 1
20 31 1 1
21 26 1 1
21 35 1 1
42 40 2 2
42 41 2 2
43 40 2 2
43 42 2 2
44 43 2 2
44 40 2 2
45 44 2 2
45 40 2 2
46 45 2 2
46 41 2 2
47 43 2 2
47 44 2 2
48 43 2 2
48 42 2 2
49 48 2 2
49 43 2 2
50 47 2 2
50 43 2 2
51 50 2 2
51 42 2 2
52 41 2 2
52 40 2 2
53 45 2 2
53 46 2 2
54 41 2 2
54 45 2 2
55 52 2 2
55 53 2 2
56 49 2 2
56 42 2 2
57 49 2 2
57 50 2 2
58 55 2 2
58 41 2 2
59 40 2 2
59 44 2 2
40 55 2 2
40 51 2 2
41 47 2 2
41 53 2 2
62 60 3 3
62 61 3 3
63 60 3 3
63 61 3 3
64 62 3 3
64 60 3 3
65 62 3 3
65 60 3 3
66 64 3 3
66 63 3 3
67 63 3 3
67 60 3 3
68 60 3 3
68 62 3 3
69 67 3 3
69 68 3 3
70 64 3 3
70 66 3 3
71 65 3 3
71 61 3 3
72 60 3 3
72 70 3 3
73 66 3 3
73 63 3 3
74 66 3 3
74 62 3 3
75 74 3 3
75 72 3 3
76 75 3 3
76 64 3 3
77 76 3 3
77 60 3 3
78 74 3 3
78 71 3 3
79 68 3 3
79 65 3 3
60 74 3 3
60 66 3 3
61 67 3 3
61 77 3 3
82 80 4 4
82 81 4 4
83 80 4 4
83 81 4 4
84 83 4 4
84 81 4 4
85 81 4 4
85 82 4 4
86 85 4 4
86 82 4 4
87 81 4 4
87 84 4 4
88 84 4 4
88 80 4 4
89 84 4 4
89 87 4 4
90 83 4 4
90 89 4 4
91 85 4 4
91 82 4 4
92 88 4 4
92 82 4 4
93 89 4 4
93 88 4 4
94 88 4 4
94 80 4 4
95 87 4 4
95 84 4 4
96 82 4 4
96 90 4 4
97 80 4 4
97 92 4 4
98 97 4 4
98 95 4 4
99 91 4 4
99 93 4 4
80 85 4 4
80 95 4 4
81 94 4 4
81 93 4 4
102 101 5 5
102 100 5 5
103 101 5 5
103 102 5 5
104 101 5 5
104 100 5 5
105 104 5 5
105 103 5 5
106 100 5 5
106 101 5 5
107 104 5 5
107 101 5 5
108 101 5 5
108 106 5 5
109 104 5 5
109 107 5 5
110 107 5 5
110 104 5 5
111 106 5 5
111 104 5 5
112 105 5 5
112 100 5 5
113 112 5 5
113 102 5 5
114 110 5 5
114 101 5 5
115 106 5 5
115 110 5 5
116 103 5 5
116 101 5 5
117 107 5 5
117 106 5 5
118 107 5 5
118 105 5 5
119 113 5 5
119 114 5 5
100 109 5 5
100 107 5 5
101 105 5 5
101 117 5 5
122 121 6 6
122 120 6 6
123 121 6 6
123 120 6 6
124 121 6 6
124 123 6 6
125 124 6 6
125 123 6 6
126 123 6 6
126 125 6 6
127 124 6 6
127 121 6 6
128 126 6 6
128 121 6 6
129 124 6 6
129 123 6 6
130 124 6 6
130 126 6 6
131 122 6 6
131 120 6 6
132 126 6 6
132 130 6 6
133 128 6 6
133 130 6 6
134 126 6 6
134 133 6 6
135 129 6 6
135 124 6 6
136 135 6 6
136 132 6 6
137 135 6 6
137 124 6 6
138 130 6 6
138 133 6 6
139 130 6 6
139 126 6 6
120 139 6 6
120 137 6 6
121 139 6 6
121 130 6 6
142 140 7 7
142 141 7 7
143 142 7 7
143 140 7 7
144 140 7 7
144 142 7 7
145 144 7 7
145 141 7 7
146 141 7 7
146 145 7 7
147 141 7 7
147 143 7 7
148 144 7 7
148 141 7 7
149 141 7 7
149 144 7 7
150 148 7 7
150 145 7 7
151 150 7 7
151 149 7 7
152 141 7 7
152 146 7 7
153 150 7 7
153 146 7 7
154 141 7 7
154 150 7 7
155 154 7 7
155 152 7 7
156 154 7 7
156 147 7 7
157 146 7 7
157 143 7 7
158 153 7 7
158 145 7 7
159 150 7 7
159 145 7 7
140 157 7 7
140 152 7 7
141 143 7 7
141 155 7 7
162 160 8 8
162 161 8 8
163 160 8 8
163 161 8 8
164 163 8 8
164 160 8 8
165 163 8 8
165 164 8 8
166 160 8 8
166 164 8 8
167 163 8 8
167 161 8 8
168 165 8 8
168 166 8 8
169 165 8 8
169 161 8 8
170 160 8 8
170 169 8 8
171 169 8 8
171 166 8 8
172 169 8 8
172 168 8 8
173 164 8 8
173 161 8 8
174 161 8 8
174 170 8 8
175 172 8 8
175 168 8 8
176 173 8 8
176 163 8 8
177 165 8 8
177 164 8 8
178 167 8 8
178 174 8 8
179 163 8 8
179 175 8 8
160 165 8 8
160 177 8 8
161 175 8 8
161 177 8 8
182 180 9 9
182 181 9 9
183 182 9 9
183 181 9 9
184 181 9 9
184 183 9 9
185 182 9 9
185 180 9 9
186 183 9 9
186 182 9 9
187 181 9 9
187 182 9 9
188 182 9 9
188 180 9 9
189 185 9 9
189 186 9 9
190 188 9 9
190 180 9 9
191 189 9 9
191 190 9 9
192 185 9 9
192 191 9 9
193 186 9 9
193 182 9 9
194 180 9 9
194 191 9 9
195 185 9 9
195 187 9 9
196 180 9 9
196 188 9 9
197 186 9 9
197 188 9 9
198 191 9 9
198 180 9 9
199 189 9 9
199 191 9 9
180 192 9 9
180 189 9 9
181 196 9 9
181 198 9 9
202 201 10 10
202 200 10 10
203 201 10 10
203 202 10 10
204 200 10 10
204 201 10 10
205 202 10 10
205 201 10 10
206 202 10 10
206 205 10 10
207 204 10 10
207 201 10 10
208 201 10 10
208 207 10 10
209 201 10 10
209 206 10 10
210 205 10 10
210 206 10 10
211 201 10 10
211 206 10 10
212 209 10 10
212 204 10 10
213 203 10 10
213 209 10 10
214 201 10 10
214 205 10 10
215 208 10 10
215 203 10 10
216 200 10 10
216 211 10 10
217 213 10 10
217 214 10 10
218 210 10 10
218 201 10 10
219 201 10 10
219 216 10 10
200 206 10 10
200 208 10 10
201 216 10 10
201 215 10 10
222 220 11 11
222 221 11 11
223 221 11 11
223 222 11 11
224 223 11 11
224 220 11 11
225 220 11 11
225 222 11 11
226 220 11 11
226 224 11 11
227 226 11 11
227 220 11 11
228 226 11 11
228 224 11 11
229 223 11 11
229 225 11 11
230 227 11 11
230 228 11 11
231 225 11 11
231 221 11 11
232 223 11 11
232 221 11 11
233 226 11 11
233 224 11 11
234 227 11 11
234 224 11 11
235 222 11 11
235 220 11 11
236 232 11 11
236 233 11 11
237 223 11 11
237 229 11 11
238 234 11 11
238 231 11 11
239 232 11 11
239 221 11 11
220 230 11 11
220 234 11 11
221 230 11 11
221 238 11 11
242 240 12 12
242 241 12 12
243 242 12 12
243 241 12 12
244 242 12 12
244 241 12 12
245 242 12 12
245 243 12 12
246 245 12 12
246 244 12 12
247 241 12 12
247 244 12 12
248 245 12 12
248 244 12 12
249 244 12 12
249 242 12 12
250 245 12 12
250 247 12 12
251 243 12 12
251 242 12 12
252 251 12 12
252 248 12 12
253 250 12 12
253 247 12 12
254 247 12 12
254 250 12 12
255 241 12 12
255 245 12 12
256 247 12 12
256 254 12 12
257 256 12 12
257 252 12 12
258 242 12 12
258 251 12 12
259 252 12 12
259 253 12 12
240 258 12 12
240 249 12 12
241 248 12 12
241 258 12 12
262 261 13 13
262 260 13 13
263 261 13 13
263 260 13 13
264 263 13 13
264 262 13 13
265 262 13 13
265 261 13 13
266 260 13 13
266 264 13 13
267 266 13 13
267 263 13 13
268 263 13 13
268 266 13 13
269 264 13 13
269 265 13 13
270 268 13 13
270 260 13 13
271 264 13 13
271 263 13 13
272 261 13 13
272 265 13 13
273 264 13 13
273 271 13 13
274 264 13 13
274 269 13 13
275 272 13 13
275 261 13 13
276 262 13 13
276 272 13 13
277 261 13 13
277 276 13 13
278 264 13 13
278 263 13 13
279 275 13 13
279 273 13 13
260 268 13 13
260 267 13 13
261 270 13 13
261 279 13 13
282 281 14 14
282 280 14 14
283 282 14 14
283 280 14 14
284 281 14 14
284 282 14 14
285 283 14 14
285 284 14 14
286 283 14 14
286 284 14 14
287 286 14 14
287 280 14 14
288 281 14 14
288 286 14 14
289 288 14 14
289 280 14 14
290 289 14 14
290 282 14 14
291 288 14 14
291 284 14 14
292 283 14 14
292 287 14 14
293 289 14 14
293 283 14 14
294 281 14 14
294 282 14 14
295 286 14 14
295 294 14 14
296 284 14 14
296 282 14 14
297 296 14 14
297 295 14 14
298 292 14 14
298 296 14 14
299 290 14 14
299 292 14 14
280 295 14 14
280 286 14 14
281 289 14 14
281 299 14 14
302 300 15 15
302 301 15 15
303 300 15 15
303 302 15 15
304 300 15 15
304 301 15 15
305 303 15 15
305 300 15 15
306 305 15 15
306 301 15 15
307 300 15 15
307 303 15 15
308 304 15 15
308 306 15 15
309 302 15 15
309 308 15 15
310 309 15 15
310 300 15 15
311 302 15 15
311 304 15 15
312 304 15 15
312 310 15 15
313 304 15 15
313 307 15 15
314 309 15 15
314 312 15 15
315 314 15 15
315 307 15 15
316 311 15 15
316 308 15 15
317 307 15 15
317 300 15 15
318 303 15 15
318 300 15 15
319 302 15 15
319 304 15 15
300 312 15 15
300 306 15 15
301 313 15 15
301 310 15 15
49 13 2 0
58 20 2 1
75 27 3 1
76 58 3 2
93 2 4 0
97 36 4 1
104 81 5 4
106 43 5 2
135 3 6 0
124 21 6 1
147 77 7 3
153 95 7 4
172 16 8 0
175 47 8 2
182 50 9 2
188 179 9 8
217 101 10 5
213 79 10 3
238 180 11 9
234 35 11 1
259 143 12 7
250 213 12 10
273 114 13 5
272 194 13 9
294 52 14 2
293 162 14 8
319 288 15 14
301 111 15 5
7 294 0 14
12 191 0 9
33 178 1 8
31 276 1 13
