swNum = 320
edgeNum = 672

0 0
1 0
2 0
3 0
4 0
5 0
6 0
7 0
8 0
9 0
10 0
11 0
12 0
13 0
14 0
15 0
16 0
17 0
18 0
19 0
20 1
21 1
22 1
23 1
24 1
25 1
26 1
27 1
28 1
29 1
30 1
31 1
32 1
33 1
34 1
35 1
36 1
37 1
38 1
39 1
40 2
41 2
42 2
43 2
44 2
45 2
46 2
47 2
48 2
49 2
50 2
51 2
52 2
53 2
54 2
55 2
56 2
57 2
58 2
59 2
60 3
61 3
62 3
63 3
64 3
65 3
66 3
67 3
68 3
69 3
70 3
71 3
72 3
73 3
74 3
75 3
76 3
77 3
78 3
79 3
80 4
81 4
82 4
83 4
84 4
85 4
86 4
87 4
88 4
89 4
90 4
91 4
92 4
93 4
94 4
95 4
96 4
97 4
98 4
99 4
100 5
101 5
102 5
103 5
104 5
105 5
106 5
107 5
108 5
109 5
110 5
111 5
112 5
113 5
114 5
115 5
116 5
117 5
118 5
119 5
120 6
121 6
122 6
123 6
124 6
125 6
126 6
127 6
128 6
129 6
130 6
131 6
132 6
133 6
134 6
135 6
136 6
137 6
138 6
139 6
140 7
141 7
142 7
143 7
144 7
145 7
146 7
147 7
148 7
149 7
150 7
151 7
152 7
153 7
154 7
155 7
156 7
157 7
158 7
159 7
160 8
161 8
162 8
163 8
164 8
165 8
166 8
167 8
168 8
169 8
170 8
171 8
172 8
173 8
174 8
175 8
176 8
177 8
178 8
179 8
180 9
181 9
182 9
183 9
184 9
185 9
186 9
187 9
188 9
189 9
190 9
191 9
192 9
193 9
194 9
195 9
196 9
197 9
198 9
199 9
200 10
201 10
202 10
203 10
204 10
205 10
206 10
207 10
208 10
209 10
210 10
211 10
212 10
213 10
214 10
215 10
216 10
217 10
218 10
219 10
220 11
221 11
222 11
223 11
224 11
225 11
226 11
227 11
228 11
229 11
230 11
231 11
232 11
233 11
234 11
235 11
236 11
237 11
238 11
239 11
240 12
241 12
242 12
243 12
244 12
245 12
246 12
247 12
248 12
249 12
250 12
251 12
252 12
253 12
254 12
255 12
256 12
257 12
258 12
259 12
260 13
261 13
262 13
263 13
264 13
265 13
266 13
267 13
268 13
269 13
270 13
271 13
272 13
273 13
274 13
275 13
276 13
277 13
278 13
279 13
280 14
281 14
282 14
283 14
284 14
285 14
286 14
287 14
288 14
289 14
290 14
291 14
292 14
293 14
294 14
295 14
296 14
297 14
298 14
299 14
300 15
301 15
302 15
303 15
304 15
305 15
306 15
307 15
308 15
309 15
310 15
311 15
312 15
313 15
314 15
315 15
316 15
317 15
318 15
319 15

2 0 0 0
2 1 0 0
3 1 0 0
3 2 0 0
4 0 0 0
4 3 0 0
5 4 0 0
5 2 0 0
6 3 0 0
6 2 0 0
7 5 0 0
7 6 0 0
8 1 0 0
8 4 0 0
9 2 0 0
9 3 0 0
10 3 0 0
10 6 0 0
11 7 0 0
11 9 0 0
12 0 0 0
12 2 0 0
13 1 0 0
13 11 0 0
14 12 0 0
14 2 0 0
15 10 0 0
15 14 0 0
16 9 0 0
16 15 0 0
17 0 0 0
17 9 0 0
18 14 0 0
18 3 0 0
19 7 0 0
19 0 0 0
0 9 0 0
0 16 0 0
1 5 0 0
1 9 0 0
22 21 1 1
22 20 1 1
23 22 1 1
23 21 1 1
24 20 1 1
24 22 1 1
25 23 1 1
25 20 1 1
26 23 1 1
26 25 1 1
27 20 1 1
27 21 1 1
28 27 1 1
28 26 1 1
29 22 1 1
29 24 1 1
30 20 1 1
30 26 1 1
31 29 1 1
31 22 1 1
32 20 1 1
32 21 1 1
33 32 1 1
33 29 1 1
34 28 1 1
34 24 1 1
35 29 1 1
35 26 1 1
36 33 1 1
36 24 1 1
37 33 1 1
37 29 1 1
38 21 1 1
38 33 1 1
39 28 1 1
39 25 1 1
20 28 1 1
20 39 1 1
21 26 1 1
21 34 1 1
42 40 2 2
42 41 2 2
43 41 2 2
43 40 2 2
44 40 2 2
44 43 2 2
45 42 2 2
45 40 2 2
46 45 2 2
46 42 2 2
47 46 2 2
47 45 2 2
48 47 2 2
48 42 2 2
49 47 2 2
49 40 2 2
50 41 2 2
50 43 2 2
51 47 2 2
51 43 2 2
52 50 2 2
52 43 2 2
53 52 2 2
53 50 2 2
54 52 2 2
54 40 2 2
55 43 2 2
55 52 2 2
56 47 2 2
56 40 2 2
57 47 2 2
57 44 2 2
58 45 2 2
58 44 2 2
59 49 2 2
59 51 2 2
40 55 2 2
40 59 2 2
41 52 2 2
41 55 2 2
62 61 3 3
62 60 3 3
63 61 3 3
63 62 3 3
64 62 3 3
64 63 3 3
65 64 3 3
65 63 3 3
66 64 3 3
66 65 3 3
67 63 3 3
67 65 3 3
68 67 3 3
68 63 3 3
69 62 3 3
69 63 3 3
70 65 3 3
70 64 3 3
71 67 3 3
71 64 3 3
72 64 3 3
72 71 3 3
73 72 3 3
73 67 3 3
74 60 3 3
74 64 3 3
75 72 3 3
75 64 3 3
76 60 3 3
76 73 3 3
77 69 3 3
77 75 3 3
78 71 3 3
78 60 3 3
79 60 3 3
79 76 3 3
60 68 3 3
60 69 3 3
61 68 3 3
61 75 3 3
82 80 4 4
82 81 4 4
83 82 4 4
83 81 4 4
84 83 4 4
84 81 4 4
85 80 4 4
85 82 4 4
86 85 4 4
86 81 4 4
87 86 4 4
87 80 4 4
88 81 4 4
88 84 4 4
89 85 4 4
89 82 4 4
90 80 4 4
90 87 4 4
91 80 4 4
91 82 4 4
92 88 4 4
92 84 4 4
93 85 4 4
93 89 4 4
94 87 4 4
94 91 4 4
95 83 4 4
95 84 4 4
96 87 4 4
96 82 4 4
97 95 4 4
97 84 4 4
98 94 4 4
98 88 4 4
99 87 4 4
99 83 4 4
80 99 4 4
80 92 4 4
81 90 4 4
81 96 4 4
102 101 5 5
102 100 5 5
103 102 5 5
103 100 5 5
104 100 5 5
104 102 5 5
105 104 5 5
105 102 5 5
106 100 5 5
106 102 5 5
107 102 5 5
107 105 5 5
108 105 5 5
108 100 5 5
109 103 5 5
109 104 5 5
110 104 5 5
110 101 5 5
111 104 5 5
111 105 5 5
112 109 5 5
112 101 5 5
113 104 5 5
113 105 5 5
114 104 5 5
114 107 5 5
115 107 5 5
115 108 5 5
116 102 5 5
116 112 5 5
117 105 5 5
117 108 5 5
118 115 5 5
118 106 5 5
119 111 5 5
119 103 5 5
100 114 5 5
100 107 5 5
101 119 5 5
101 115 5 5
122 121 6 6
122 120 6 6
123 122 6 6
123 120 6 6
124 123 6 6
124 120 6 6
125 122 6 6
125 124 6 6
126 120 6 6
126 121 6 6
127 126 6 6
127 122 6 6
128 122 6 6
128 124 6 6
129 120 6 6
129 123 6 6
130 122 6 6
130 128 6 6
131 121 6 6
131 130 6 6
132 122 6 6
132 121 6 6
133 132 6 6
133 131 6 6
134 131 6 6
134 123 6 6
135 126 6 6
135 131 6 6
136 133 6 6
136 125 6 6
137 130 6 6
137 129 6 6
138 132 6 6
138 125 6 6
139 135 6 6
139 127 6 6
120 137 6 6
120 131 6 6
121 130 6 6
121 127 6 6
142 141 7 7
142 140 7 7
143 142 7 7
143 141 7 7
144 142 7 7
144 143 7 7
145 140 7 7
145 141 7 7
146 143 7 7
146 141 7 7
147 140 7 7
147 143 7 7
148 147 7 7
148 145 7 7
149 141 7 7
149 140 7 7
150 146 7 7
150 143 7 7
151 141 7 7
151 145 7 7
152 149 7 7
152 143 7 7
153 146 7 7
153 148 7 7
154 142 7 7
154 145 7 7
155 140 7 7
155 142 7 7
156 146 7 7
156 142 7 7
157 142 7 7
157 143 7 7
158 157 7 7
158 143 7 7
159 158 7 7
159 140 7 7
140 144 7 7
140 154 7 7
141 156 7 7
141 157 7 7
162 161 8 8
162 160 8 8
163 160 8 8
163 161 8 8
164 160 8 8
164 163 8 8
165 163 8 8
165 164 8 8
166 161 8 8
166 164 8 8
167 163 8 8
167 161 8 8
168 162 8 8
168 163 8 8
169 163 8 8
169 164 8 8
170 161 8 8
170 160 8 8
171 169 8 8
171 163 8 8
172 160 8 8
172 163 8 8
173 167 8 8
173 161 8 8
174 164 8 8
174 160 8 8
175 169 8 8
175 172 8 8
176 164 8 8
176 170 8 8
177 169 8 8
177 161 8 8
178 166 8 8
178 160 8 8
179 172 8 8
179 163 8 8
160 179 8 8
160 165 8 8
161 175 8 8
161 176 8 8
182 180 9 9
182 181 9 9
183 182 9 9
183 181 9 9
184 182 9 9
184 180 9 9
185 180 9 9
185 182 9 9
186 182 9 9
186 184 9 9
187 183 9 9
187 184 9 9
188 180 9 9
188 187 9 9
189 182 9 9
189 180 9 9
190 183 9 9
190 186 9 9
191 186 9 9
191 183 9 9
192 188 9 9
192 187 9 9
193 192 9 9
193 191 9 9
194 183 9 9
194 187 9 9
195 186 9 9
195 188 9 9
196 194 9 9
196 189 9 9
197 195 9 9
197 194 9 9
198 186 9 9
198 183 9 9
199 195 9 9
199 186 9 9
180 190 9 9
180 194 9 9
181 195 9 9
181 191 9 9
202 200 10 10
202 201 10 10
203 200 10 10
203 201 10 10
204 200 10 10
204 201 10 10
205 204 10 10
205 200 10 10
206 205 10 10
206 204 10 10
207 203 10 10
207 201 10 10
208 207 10 10
208 205 10 10
209 208 10 10
209 200 10 10
210 205 10 10
210 204 10 10
211 202 10 10
211 200 10 10
212 205 10 10
212 211 10 10
213 211 10 10
213 210 10 10
214 205 10 10
214 200 10 10
215 204 10 10
215 205 10 10
216 208 10 10
216 210 10 10
217 202 10 10
217 204 10 10
218 216 10 10
218 201 10 10
219 206 10 10
219 204 10 10
200 213 10 10
200 212 10 10
201 208 10 10
201 213 10 10
222 221 11 11
222 220 11 11
223 220 11 11
223 221 11 11
224 220 11 11
224 221 11 11
225 223 11 11
225 222 11 11
226 225 11 11
226 221 11 11
227 221 11 11
227 220 11 11
228 221 11 11
228 224 11 11
229 220 11 11
229 228 11 11
230 220 11 11
230 223 11 11
231 228 11 11
231 221 11 11
232 222 11 11
232 227 11 11
233 230 11 11
233 221 11 11
234 232 11 11
234 226 11 11
235 228 11 11
235 227 11 11
236 222 11 11
236 232 11 11
237 221 11 11
237 223 11 11
238 228 11 11
238 231 11 11
239 234 11 11
239 226 11 11
220 235 11 11
220 232 11 11
221 234 11 11
221 230 11 11
242 240 12 12
242 241 12 12
243 242 12 12
243 240 12 12
244 243 12 12
244 242 12 12
245 240 12 12
245 243 12 12
246 240 12 12
246 245 12 12
247 244 12 12
247 245 12 12
248 241 12 12
248 242 12 12
249 247 12 12
249 248 12 12
250 244 12 12
250 246 12 12
251 243 12 12
251 246 12 12
252 248 12 12
252 245 12 12
253 249 12 12
253 242 12 12
254 250 12 12
254 252 12 12
255 254 12 12
255 241 12 12
256 244 12 12
256 245 12 12
257 248 12 12
257 247 12 12
258 252 12 12
258 245 12 12
259 246 12 12
259 243 12 12
240 259 12 12
240 258 12 12
241 253 12 12
241 252 12 12
262 260 13 13
262 261 13 13
263 262 13 13
263 261 13 13
264 263 13 13
264 261 13 13
265 262 13 13
265 261 13 13
266 261 13 13
266 263 13 13
267 260 13 13
267 265 13 13
268 263 13 13
268 261 13 13
269 268 13 13
269 266 13 13
270 262 13 13
270 266 13 13
271 264 13 13
271 260 13 13
272 261 13 13
272 270 13 13
273 266 13 13
273 260 13 13
274 264 13 13
274 266 13 13
275 267 13 13
275 272 13 13
276 260 13 13
276 263 13 13
277 266 13 13
277 273 13 13
278 269 13 13
278 268 13 13
279 271 13 13
279 278 13 13
260 270 13 13
260 277 13 13
261 274 13 13
261 276 13 13
282 280 14 14
282 281 14 14
283 282 14 14
283 280 14 14
284 282 14 14
284 281 14 14
285 280 14 14
285 283 14 14
286 281 14 14
286 284 14 14
287 282 14 14
287 283 14 14
288 281 14 14
288 282 14 14
289 286 14 14
289 282 14 14
290 283 14 14
290 285 14 14
291 282 14 14
291 281 14 14
292 286 14 14
292 289 14 14
293 282 14 14
293 281 14 14
294 283 14 14
294 285 14 14
295 292 14 14
295 289 14 14
296 289 14 14
296 293 14 14
297 288 14 14
297 296 14 14
298 292 14 14
298 294 14 14
299 291 14 14
299 282 14 14
280 294 14 14
280 292 14 14
281 292 14 14
281 289 14 14
302 301 15 15
302 300 15 15
303 301 15 15
303 300 15 15
304 303 15 15
304 302 15 15
305 304 15 15
305 300 15 15
306 301 15 15
306 304 15 15
307 301 15 15
307 305 15 15
308 300 15 15
308 304 15 15
309 308 15 15
309 304 15 15
310 301 15 15
310 304 15 15
311 302 15 15
311 306 15 15
312 304 15 15
312 301 15 15
313 304 15 15
313 301 15 15
314 310 15 15
314 313 15 15
315 312 15 15
315 304 15 15
316 308 15 15
316 312 15 15
317 300 15 15
317 301 15 15
318 311 15 15
318 316 15 15
319 301 15 15
319 303 15 15
300 304 15 15
300 315 15 15
301 311 15 15
301 314 15 15
53 17 2 0
48 33 2 1
69 6 3 0
65 38 3 1
90 60 4 3
84 14 4 0
102 48 5 2
115 27 5 1
122 75 6 3
122 10 6 0
147 101 7 5
150 58 7 2
170 22 8 1
164 82 8 4
189 166 9 8
193 84 9 4
218 63 10 3
218 84 10 4
236 207 11 10
221 186 11 9
253 201 12 10
253 223 12 11
266 215 13 10
269 79 13 3
290 235 14 11
291 146 14 7
309 92 15 4
306 210 15 10
17 260 0 13
5 201 0 10
31 256 1 12
23 231 1 11
