swNum = 320
edgeNum = 672

0 0
1 0
2 0
3 0
4 0
5 0
6 0
7 0
8 0
9 0
10 0
11 0
12 0
13 0
14 0
15 0
16 0
17 0
18 0
19 0
20 1
21 1
22 1
23 1
24 1
25 1
26 1
27 1
28 1
29 1
30 1
31 1
32 1
33 1
34 1
35 1
36 1
37 1
38 1
39 1
40 2
41 2
42 2
43 2
44 2
45 2
46 2
47 2
48 2
49 2
50 2
51 2
52 2
53 2
54 2
55 2
56 2
57 2
58 2
59 2
60 3
61 3
62 3
63 3
64 3
65 3
66 3
67 3
68 3
69 3
70 3
71 3
72 3
73 3
74 3
75 3
76 3
77 3
78 3
79 3
80 4
81 4
82 4
83 4
84 4
85 4
86 4
87 4
88 4
89 4
90 4
91 4
92 4
93 4
94 4
95 4
96 4
97 4
98 4
99 4
100 5
101 5
102 5
103 5
104 5
105 5
106 5
107 5
108 5
109 5
110 5
111 5
112 5
113 5
114 5
115 5
116 5
117 5
118 5
119 5
120 6
121 6
122 6
123 6
124 6
125 6
126 6
127 6
128 6
129 6
130 6
131 6
132 6
133 6
134 6
135 6
136 6
137 6
138 6
139 6
140 7
141 7
142 7
143 7
144 7
145 7
146 7
147 7
148 7
149 7
150 7
151 7
152 7
153 7
154 7
155 7
156 7
157 7
158 7
159 7
160 8
161 8
162 8
163 8
164 8
165 8
166 8
167 8
168 8
169 8
170 8
171 8
172 8
173 8
174 8
175 8
176 8
177 8
178 8
179 8
180 9
181 9
182 9
183 9
184 9
185 9
186 9
187 9
188 9
189 9
190 9
191 9
192 9
193 9
194 9
195 9
196 9
197 9
198 9
199 9
200 10
201 10
202 10
203 10
204 10
205 10
206 10
207 10
208 10
209 10
210 10
211 10
212 10
213 10
214 10
215 10
216 10
217 10
218 10
219 10
220 11
221 11
222 11
223 11
224 11
225 11
226 11
227 11
228 11
229 11
230 11
231 11
232 11
233 11
234 11
235 11
236 11
237 11
238 11
239 11
240 12
241 12
242 12
243 12
244 12
245 12
246 12
247 12
248 12
249 12
250 12
251 12
252 12
253 12
254 12
255 12
256 12
257 12
258 12
259 12
260 13
261 13
262 13
263 13
264 13
265 13
266 13
267 13
268 13
269 13
270 13
271 13
272 13
273 13
274 13
275 13
276 13
277 13
278 13
279 13
280 14
281 14
282 14
283 14
284 14
285 14
286 14
287 14
288 14
289 14
290 14
291 14
292 14
293 14
294 14
295 14
296 14
297 14
298 14
299 14
300 15
301 15
302 15
303 15
304 15
305 15
306 15
307 15
308 15
309 15
310 15
311 15
312 15
313 15
314 15
315 15
316 15
317 15
318 15
319 15

2 1 0 0
2 0 0 0
3 2 0 0
3 1 0 0
4 3 0 0
4 0 0 0
5 2 0 0
5 1 0 0
6 5 0 0
6 0 0 0
7 4 0 0
7 1 0 0
8 7 0 0
8 4 0 0
9 4 0 0
9 0 0 0
10 5 0 0
10 8 0 0
11 2 0 0
11 10 0 0
12 1 0 0
12 2 0 0
13 12 0 0
13 9 0 0
14 3 0 0
14 5 0 0
15 8 0 0
15 9 0 0
16 4 0 0
16 9 0 0
17 13 0 0
17 8 0 0
18 15 0 0
18 13 0 0
19 12 0 0
19 14 0 0
0 13 0 0
0 16 0 0
1 19 0 0
1 11 0 0
22 20 1 1
22 21 1 1
23 21 1 1
23 20 1 1
24 20 1 1
24 22 1 1
25 23 1 1
25 21 1 1
26 22 1 1
26 20 1 1
27 22 1 1
27 23 1 1
28 22 1 1
28 24 1 1
29 21 1 1
29 25 1 1
30 28 1 1
30 20 1 1
31 22 1 1
31 20 1 1
32 24 1 1
32 26 1 1
33 24 1 1
33 22 1 1
34 25 1 1
34 31 1 1
35 30 1 1
35 33 1 1
36 31 1 1
36 33 1 1
37 23 1 1
37 21 1 1
38 21 1 1
38 29 1 1
39 27 1 1
39 32 1 1
20 39 1 1
20 36 1 1
21 39 1 1
21 24 1 1
42 40 2 2
42 41 2 2
43 41 2 2
43 42 2 2
44 40 2 2
44 42 2 2
45 44 2 2
45 41 2 2
46 43 2 2
46 42 2 2
47 46 2 2
47 41 2 2
48 41 2 2
48 40 2 2
49 47 2 2
49 44 2 2
50 43 2 2
50 45 2 2
51 43 2 2
51 42 2 2
52 41 2 2
52 49 2 2
53 48 2 2
53 40 2 2
54 40 2 2
54 53 2 2
55 42 2 2
55 45 2 2
56 53 2 2
56 48 2 2
57 53 2 2
57 56 2 2
58 48 2 2
58 43 2 2
59 51 2 2
59 47 2 2
40 52 2 2
40 47 2 2
41 46 2 2
41 53 2 2
62 61 3 3
62 60 3 3
63 60 3 3
63 61 3 3
64 63 3 3
64 62 3 3
65 61 3 3
65 60 3 3
66 61 3 3
66 60 3 3
67 64 3 3
67 62 3 3
68 61 3 3
68 60 3 3
69 63 3 3
69 68 3 3
70 69 3 3
70 63 3 3
71 60 3 3
71 68 3 3
72 64 3 3
72 65 3 3
73 65 3 3
73 72 3 3
74 63 3 3
74 70 3 3
75 60 3 3
75 62 3 3
76 66 3 3
76 69 3 3
77 65 3 3
77 64 3 3
78 74 3 3
78 70 3 3
79 69 3 3
79 67 3 3
60 69 3 3
60 72 3 3
61 74 3 3
61 75 3 3
82 81 4 4
82 80 4 4
83 82 4 4
83 81 4 4
84 81 4 4
84 82 4 4
85 80 4 4
85 82 4 4
86 84 4 4
86 80 4 4
87 84 4 4
87 82 4 4
88 84 4 4
88 83 4 4
89 82 4 4
89 87 4 4
90 83 4 4
90 86 4 4
91 87 4 4
91 88 4 4
92 84 4 4
92 87 4 4
93 86 4 4
93 85 4 4
94 81 4 4
94 85 4 4
95 87 4 4
95 92 4 4
96 85 4 4
96 82 4 4
97 94 4 4
97 85 4 4
98 90 4 4
98 84 4 4
99 96 4 4
99 84 4 4
80 90 4 4
80 93 4 4
81 85 4 4
81 88 4 4
102 100 5 5
102 101 5 5
103 102 5 5
103 100 5 5
104 100 5 5
104 102 5 5
105 102 5 5
105 101 5 5
106 104 5 5
106 101 5 5
107 102 5 5
107 100 5 5
108 103 5 5
108 100 5 5
109 102 5 5
109 100 5 5
110 106 5 5
110 102 5 5
111 106 5 5
111 101 5 5
112 105 5 5
112 101 5 5
113 106 5 5
113 104 5 5
114 103 5 5
114 100 5 5
115 100 5 5
115 108 5 5
116 109 5 5
116 114 5 5
117 105 5 5
117 100 5 5
118 107 5 5
118 102 5 5
119 109 5 5
119 118 5 5
100 105 5 5
100 119 5 5
101 113 5 5
101 104 5 5
122 120 6 6
122 121 6 6
123 120 6 6
123 122 6 6
124 123 6 6
124 120 6 6
125 120 6 6
125 124 6 6
126 122 6 6
126 123 6 6
127 121 6 6
127 126 6 6
128 121 6 6
128 127 6 6
129 126 6 6
129 128 6 6
130 126 6 6
130 122 6 6
131 122 6 6
131 128 6 6
132 125 6 6
132 124 6 6
133 121 6 6
133 131 6 6
134 131 6 6
134 128 6 6
135 124 6 6
135 122 6 6
136 128 6 6
136 124 6 6
137 121 6 6
137 131 6 6
138 134 6 6
138 127 6 6
139 135 6 6
139 120 6 6
120 133 6 6
120 132 6 6
121 130 6 6
121 139 6 6
142 141 7 7
142 140 7 7
143 142 7 7
143 141 7 7
144 142 7 7
144 141 7 7
145 142 7 7
145 141 7 7
146 141 7 7
146 142 7 7
147 146 7 7
147 141 7 7
148 142 7 7
148 146 7 7
149 143 7 7
149 140 7 7
150 141 7 7
150 148 7 7
151 142 7 7
151 144 7 7
152 151 7 7
152 146 7 7
153 141 7 7
153 140 7 7
154 146 7 7
154 149 7 7
155 148 7 7
155 147 7 7
156 146 7 7
156 151 7 7
157 152 7 7
157 144 7 7
158 146 7 7
158 150 7 7
159 147 7 7
159 142 7 7
140 155 7 7
140 145 7 7
141 158 7 7
141 159 7 7
162 160 8 8
162 161 8 8
163 161 8 8
163 160 8 8
164 160 8 8
164 162 8 8
165 161 8 8
165 164 8 8
166 161 8 8
166 164 8 8
167 160 8 8
167 164 8 8
168 166 8 8
168 167 8 8
169 168 8 8
169 162 8 8
170 164 8 8
170 161 8 8
171 164 8 8
171 165 8 8
172 171 8 8
172 165 8 8
173 168 8 8
173 169 8 8
174 172 8 8
174 168 8 8
175 165 8 8
175 168 8 8
176 171 8 8
176 170 8 8
177 161 8 8
177 168 8 8
178 176 8 8
178 175 8 8
179 171 8 8
179 172 8 8
160 171 8 8
160 165 8 8
161 167 8 8
161 172 8 8
182 181 9 9
182 180 9 9
183 182 9 9
183 180 9 9
184 182 9 9
184 180 9 9
185 182 9 9
185 180 9 9
186 181 9 9
186 182 9 9
187 180 9 9
187 186 9 9
188 187 9 9
188 181 9 9
189 188 9 9
189 182 9 9
190 186 9 9
190 180 9 9
191 189 9 9
191 190 9 9
192 186 9 9
192 188 9 9
193 184 9 9
193 190 9 9
194 181 9 9
194 183 9 9
195 183 9 9
195 186 9 9
196 194 9 9
196 195 9 9
197 180 9 9
197 192 9 9
198 181 9 9
198 183 9 9
199 185 9 9
199 191 9 9
180 198 9 9
180 192 9 9
181 192 9 9
181 199 9 9
202 201 10 10
202 200 10 10
203 201 10 10
203 200 10 10
204 202 10 10
204 201 10 10
205 201 10 10
205 200 10 10
206 204 10 10
206 202 10 10
207 201 10 10
207 206 10 10
208 207 10 10
208 204 10 10
209 203 10 10
209 206 10 10
210 206 10 10
210 207 10 10
211 200 10 10
211 201 10 10
212 209 10 10
212 205 10 10
213 211 10 10
213 206 10 10
214 206 10 10
214 207 10 10
215 201 10 10
215 205 10 10
216 215 10 10
216 208 10 10
217 212 10 10
217 208 10 10
218 201 10 10
218 211 10 10
219 216 10 10
219 202 10 10
200 212 10 10
200 207 10 10
201 219 10 10
201 216 10 10
222 220 11 11
222 221 11 11
223 220 11 11
223 222 11 11
224 221 11 11
224 222 11 11
225 223 11 11
225 222 11 11
226 224 11 11
226 222 11 11
227 221 11 11
227 225 11 11
228 223 11 11
228 220 11 11
229 227 11 11
229 221 11 11
230 228 11 11
230 224 11 11
231 222 11 11
231 223 11 11
232 220 11 11
232 223 11 11
233 228 11 11
233 227 11 11
234 222 11 11
234 232 11 11
235 226 11 11
235 228 11 11
236 220 11 11
236 224 11 11
237 230 11 11
237 224 11 11
238 227 11 11
238 233 11 11
239 228 11 11
239 225 11 11
220 238 11 11
220 227 11 11
221 238 11 11
221 237 11 11
242 240 12 12
242 241 12 12
243 242 12 12
243 240 12 12
244 241 12 12
244 240 12 12
245 241 12 12
245 244 12 12
246 241 12 12
246 245 12 12
247 244 12 12
247 242 12 12
248 246 12 12
248 245 12 12
249 245 12 12
249 243 12 12
250 248 12 12
250 247 12 12
251 241 12 12
251 244 12 12
252 241 12 12
252 248 12 12
253 244 12 12
253 241 12 12
254 242 12 12
254 246 12 12
255 251 12 12
255 253 12 12
256 250 12 12
256 242 12 12
257 247 12 12
257 243 12 12
258 243 12 12
258 247 12 12
259 248 12 12
259 247 12 12
240 255 12 12
240 252 12 12
241 247 12 12
241 259 12 12
262 260 13 13
262 261 13 13
263 262 13 13
263 260 13 13
264 260 13 13
264 263 13 13
265 263 13 13
265 264 13 13
266 264 13 13
266 263 13 13
267 263 13 13
267 260 13 13
268 267 13 13
268 263 13 13
269 263 13 13
269 265 13 13
270 265 13 13
270 266 13 13
271 261 13 13
271 270 13 13
272 271 13 13
272 264 13 13
273 268 13 13
273 271 13 13
274 270 13 13
274 262 13 13
275 262 13 13
275 269 13 13
276 262 13 13
276 267 13 13
277 276 13 13
277 262 13 13
278 276 13 13
278 264 13 13
279 278 13 13
279 273 13 13
260 269 13 13
260 274 13 13
261 279 13 13
261 266 13 13
282 281 14 14
282 280 14 14
283 281 14 14
283 282 14 14
284 283 14 14
284 281 14 14
285 283 14 14
285 282 14 14
286 283 14 14
286 282 14 14
287 283 14 14
287 284 14 14
288 282 14 14
288 281 14 14
289 288 14 14
289 281 14 14
290 288 14 14
290 281 14 14
291 289 14 14
291 280 14 14
292 290 14 14
292 287 14 14
293 287 14 14
293 286 14 14
294 282 14 14
294 280 14 14
295 291 14 14
295 281 14 14
296 280 14 14
296 294 14 14
297 294 14 14
297 289 14 14
298 281 14 14
298 289 14 14
299 292 14 14
299 296 14 14
280 285 14 14
280 283 14 14
281 297 14 14
281 291 14 14
302 301 15 15
302 300 15 15
303 301 15 15
303 300 15 15
304 302 15 15
304 300 15 15
305 302 15 15
305 300 15 15
306 300 15 15
306 302 15 15
307 300 15 15
307 302 15 15
308 302 15 15
308 306 15 15
309 300 15 15
309 306 15 15
310 301 15 15
310 306 15 15
311 310 15 15
311 306 15 15
312 309 15 15
312 305 15 15
313 308 15 15
313 302 15 15
314 311 15 15
314 302 15 15
315 300 15 15
315 313 15 15
316 309 15 15
316 304 15 15
317 308 15 15
317 304 15 15
318 313 15 15
318 315 15 15
319 314 15 15
319 318 15 15
300 310 15 15
300 318 15 15
301 316 15 15
301 314 15 15
44 35 2 1
54 5 2 0
70 47 3 2
74 35 3 1
97 12 4 0
81 36 4 1
116 11 5 0
118 78 5 3
132 8 6 0
139 111 6 5
154 17 7 0
143 94 7 4
170 52 8 2
171 32 8 1
193 104 9 5
183 13 9 0
219 105 10 5
216 9 10 0
224 87 11 4
222 29 11 1
258 122 12 6
248 229 12 11
277 27 13 1
263 7 13 0
294 272 14 13
291 96 14 4
302 29 15 1
315 182 15 9
9 61 0 3
14 237 0 11
29 103 1 5
22 131 1 6
