swNum = 320
edgeNum = 672

0 0
1 0
2 0
3 0
4 0
5 0
6 0
7 0
8 0
9 0
10 0
11 0
12 0
13 0
14 0
15 0
16 0
17 0
18 0
19 0
20 1
21 1
22 1
23 1
24 1
25 1
26 1
27 1
28 1
29 1
30 1
31 1
32 1
33 1
34 1
35 1
36 1
37 1
38 1
39 1
40 2
41 2
42 2
43 2
44 2
45 2
46 2
47 2
48 2
49 2
50 2
51 2
52 2
53 2
54 2
55 2
56 2
57 2
58 2
59 2
60 3
61 3
62 3
63 3
64 3
65 3
66 3
67 3
68 3
69 3
70 3
71 3
72 3
73 3
74 3
75 3
76 3
77 3
78 3
79 3
80 4
81 4
82 4
83 4
84 4
85 4
86 4
87 4
88 4
89 4
90 4
91 4
92 4
93 4
94 4
95 4
96 4
97 4
98 4
99 4
100 5
101 5
102 5
103 5
104 5
105 5
106 5
107 5
108 5
109 5
110 5
111 5
112 5
113 5
114 5
115 5
116 5
117 5
118 5
119 5
120 6
121 6
122 6
123 6
124 6
125 6
126 6
127 6
128 6
129 6
130 6
131 6
132 6
133 6
134 6
135 6
136 6
137 6
138 6
139 6
140 7
141 7
142 7
143 7
144 7
145 7
146 7
147 7
148 7
149 7
150 7
151 7
152 7
153 7
154 7
155 7
156 7
157 7
158 7
159 7
160 8
161 8
162 8
163 8
164 8
165 8
166 8
167 8
168 8
169 8
170 8
171 8
172 8
173 8
174 8
175 8
176 8
177 8
178 8
179 8
180 9
181 9
182 9
183 9
184 9
185 9
186 9
187 9
188 9
189 9
190 9
191 9
192 9
193 9
194 9
195 9
196 9
197 9
198 9
199 9
200 10
201 10
202 10
203 10
204 10
205 10
206 10
207 10
208 10
209 10
210 10
211 10
212 10
213 10
214 10
215 10
216 10
217 10
218 10
219 10
220 11
221 11
222 11
223 11
224 11
225 11
226 11
227 11
228 11
229 11
230 11
231 11
232 11
233 11
234 11
235 11
236 11
237 11
238 11
239 11
240 12
241 12
242 12
243 12
244 12
245 12
246 12
247 12
248 12
249 12
250 12
251 12
252 12
253 12
254 12
255 12
256 12
257 12
258 12
259 12
260 13
261 13
262 13
263 13
264 13
265 13
266 13
267 13
268 13
269 13
270 13
271 13
272 13
273 13
274 13
275 13
276 13
277 13
278 13
279 13
280 14
281 14
282 14
283 14
284 14
285 14
286 14
287 14
288 14
289 14
290 14
291 14
292 14
293 14
294 14
295 14
296 14
297 14
298 14
299 14
300 15
301 15
302 15
303 15
304 15
305 15
306 15
307 15
308 15
309 15
310 15
311 15
312 15
313 15
314 15
315 15
316 15
317 15
318 15
319 15

2 0 0 0
2 1 0 0
3 1 0 0
3 0 0 0
4 0 0 0
4 2 0 0
5 4 0 0
5 3 0 0
6 3 0 0
6 1 0 0
7 5 0 0
7 6 0 0
8 7 0 0
8 6 0 0
9 0 0 0
9 1 0 0
10 0 0 0
10 9 0 0
11 7 0 0
11 4 0 0
12 11 0 0
12 10 0 0
13 10 0 0
13 3 0 0
14 7 0 0
14 6 0 0
15 9 0 0
15 4 0 0
16 0 0 0
16 9 0 0
17 10 0 0
17 15 0 0
18 13 0 0
18 12 0 0
19 11 0 0
19 4 0 0
0 11 0 0
0 5 0 0
1 5 0 0
1 13 0 0
22 21 1 1
22 20 1 1
23 21 1 1
23 22 1 1
24 21 1 1
24 23 1 1
25 21 1 1
25 22 1 1
26 24 1 1
26 22 1 1
27 26 1 1
27 25 1 1
28 20 1 1
28 24 1 1
29 28 1 1
29 23 1 1
30 25 1 1
30 22 1 1
31 26 1 1
31 27 1 1
32 23 1 1
32 21 1 1
33 32 1 1
33 20 1 1
34 20 1 1
34 30 1 1
35 32 1 1
35 20 1 1
36 34 1 1
36 33 1 1
37 21 1 1
37 24 1 1
38 27 1 1
38 35 1 1
39 21 1 1
39 30 1 1
20 36 1 1
20 37 1 1
21 35 1 1
21 27 1 1
42 40 2 2
42 41 2 2
43 42 2 2
43 40 2 2
44 43 2 2
44 42 2 2
45 44 2 2
45 40 2 2
46 41 2 2
46 42 2 2
47 44 2 2
47 45 2 2
48 40 2 2
48 41 2 2
49 41 2 2
49 40 2 2
50 40 2 2
50 44 2 2
51 41 2 2
51 46 2 2
52 42 2 2
52 47 2 2
53 45 2 2
53 42 2 2
54 43 2 2
54 46 2 2
55 43 2 2
55 48 2 2
56 47 2 2
56 54 2 2
57 52 2 2
57 56 2 2
58 45 2 2
58 47 2 2
59 47 2 2
59 51 2 2
40 57 2 2
40 59 2 2
41 56 2 2
41 47 2 2
62 60 3 3
62 61 3 3
63 61 3 3
63 60 3 3
64 61 3 3
64 60 3 3
65 61 3 3
65 60 3 3
66 65 3 3
66 61 3 3
67 60 3 3
67 63 3 3
68 66 3 3
68 61 3 3
69 63 3 3
69 67 3 3
70 62 3 3
70 68 3 3
71 69 3 3
71 64 3 3
72 60 3 3
72 70 3 3
73 67 3 3
73 63 3 3
74 71 3 3
74 60 3 3
75 60 3 3
75 65 3 3
76 69 3 3
76 60 3 3
77 60 3 3
77 70 3 3
78 72 3 3
78 77 3 3
79 72 3 3
79 63 3 3
60 70 3 3
60 78 3 3
61 76 3 3
61 75 3 3
82 81 4 4
82 80 4 4
83 82 4 4
83 81 4 4
84 80 4 4
84 83 4 4
85 83 4 4
85 84 4 4
86 81 4 4
86 85 4 4
87 86 4 4
87 83 4 4
88 81 4 4
88 83 4 4
89 80 4 4
89 88 4 4
90 86 4 4
90 83 4 4
91 80 4 4
91 82 4 4
92 87 4 4
92 80 4 4
93 87 4 4
93 85 4 4
94 84 4 4
94 87 4 4
95 88 4 4
95 90 4 4
96 92 4 4
96 81 4 4
97 90 4 4
97 93 4 4
98 93 4 4
98 85 4 4
99 83 4 4
99 91 4 4
80 88 4 4
80 90 4 4
81 92 4 4
81 99 4 4
102 100 5 5
102 101 5 5
103 100 5 5
103 101 5 5
104 102 5 5
104 101 5 5
105 101 5 5
105 104 5 5
106 102 5 5
106 100 5 5
107 101 5 5
107 106 5 5
108 103 5 5
108 101 5 5
109 100 5 5
109 103 5 5
110 103 5 5
110 100 5 5
111 100 5 5
111 104 5 5
112 101 5 5
112 102 5 5
113 103 5 5
113 107 5 5
114 112 5 5
114 102 5 5
115 100 5 5
115 103 5 5
116 113 5 5
116 105 5 5
117 109 5 5
117 110 5 5
118 112 5 5
118 110 5 5
119 116 5 5
119 111 5 5
100 113 5 5
100 117 5 5
101 116 5 5
101 118 5 5
122 121 6 6
122 120 6 6
123 120 6 6
123 122 6 6
124 121 6 6
124 122 6 6
125 124 6 6
125 121 6 6
126 120 6 6
126 122 6 6
127 123 6 6
127 124 6 6
128 127 6 6
128 126 6 6
129 120 6 6
129 123 6 6
130 126 6 6
130 123 6 6
131 121 6 6
131 128 6 6
132 120 6 6
132 122 6 6
133 131 6 6
133 129 6 6
134 124 6 6
134 130 6 6
135 122 6 6
135 128 6 6
136 125 6 6
136 121 6 6
137 127 6 6
137 123 6 6
138 132 6 6
138 136 6 6
139 136 6 6
139 134 6 6
120 128 6 6
120 137 6 6
121 139 6 6
121 127 6 6
142 140 7 7
142 141 7 7
143 142 7 7
143 141 7 7
144 143 7 7
144 141 7 7
145 141 7 7
145 143 7 7
146 140 7 7
146 142 7 7
147 144 7 7
147 141 7 7
148 143 7 7
148 147 7 7
149 144 7 7
149 147 7 7
150 142 7 7
150 147 7 7
151 144 7 7
151 147 7 7
152 143 7 7
152 149 7 7
153 145 7 7
153 147 7 7
154 152 7 7
154 145 7 7
155 153 7 7
155 147 7 7
156 141 7 7
156 153 7 7
157 150 7 7
157 143 7 7
158 145 7 7
158 155 7 7
159 149 7 7
159 151 7 7
140 155 7 7
140 145 7 7
141 158 7 7
141 152 7 7
162 160 8 8
162 161 8 8
163 160 8 8
163 162 8 8
164 162 8 8
164 160 8 8
165 160 8 8
165 164 8 8
166 165 8 8
166 161 8 8
167 165 8 8
167 163 8 8
168 166 8 8
168 163 8 8
169 162 8 8
169 164 8 8
170 164 8 8
170 167 8 8
171 170 8 8
171 166 8 8
172 165 8 8
172 170 8 8
173 170 8 8
173 166 8 8
174 161 8 8
174 167 8 8
175 173 8 8
175 169 8 8
176 166 8 8
176 161 8 8
177 173 8 8
177 175 8 8
178 169 8 8
178 177 8 8
179 178 8 8
179 169 8 8
160 175 8 8
160 167 8 8
161 169 8 8
161 167 8 8
182 180 9 9
182 181 9 9
183 181 9 9
183 182 9 9
184 181 9 9
184 180 9 9
185 180 9 9
185 183 9 9
186 183 9 9
186 182 9 9
187 181 9 9
187 185 9 9
188 180 9 9
188 183 9 9
189 186 9 9
189 181 9 9
190 189 9 9
190 188 9 9
191 182 9 9
191 187 9 9
192 187 9 9
192 184 9 9
193 192 9 9
193 184 9 9
194 180 9 9
194 186 9 9
195 181 9 9
195 189 9 9
196 186 9 9
196 195 9 9
197 188 9 9
197 190 9 9
198 180 9 9
198 189 9 9
199 184 9 9
199 183 9 9
180 196 9 9
180 190 9 9
181 190 9 9
181 188 9 9
202 200 10 10
202 201 10 10
203 200 10 10
203 202 10 10
204 203 10 10
204 202 10 10
205 203 10 10
205 204 10 10
206 205 10 10
206 203 10 10
207 202 10 10
207 204 10 10
208 204 10 10
208 207 10 10
209 205 10 10
209 200 10 10
210 201 10 10
210 205 10 10
211 207 10 10
211 208 10 10
212 201 10 10
212 205 10 10
213 212 10 10
213 200 10 10
214 205 10 10
214 203 10 10
215 206 10 10
215 207 10 10
216 204 10 10
216 212 10 10
217 200 10 10
217 214 10 10
218 203 10 10
218 204 10 10
219 212 10 10
219 214 10 10
200 212 10 10
200 210 10 10
201 208 10 10
201 205 10 10
222 220 11 11
222 221 11 11
223 220 11 11
223 221 11 11
224 222 11 11
224 220 11 11
225 223 11 11
225 220 11 11
226 225 11 11
226 222 11 11
227 226 11 11
227 225 11 11
228 224 11 11
228 221 11 11
229 225 11 11
229 222 11 11
230 226 11 11
230 227 11 11
231 230 11 11
231 227 11 11
232 227 11 11
232 224 11 11
233 227 11 11
233 222 11 11
234 233 11 11
234 224 11 11
235 231 11 11
235 234 11 11
236 225 11 11
236 227 11 11
237 229 11 11
237 232 11 11
238 227 11 11
238 233 11 11
239 230 11 11
239 222 11 11
220 234 11 11
220 237 11 11
221 233 11 11
221 225 11 11
242 241 12 12
242 240 12 12
243 241 12 12
243 242 12 12
244 243 12 12
244 241 12 12
245 242 12 12
245 244 12 12
246 241 12 12
246 242 12 12
247 244 12 12
247 243 12 12
248 242 12 12
248 243 12 12
249 247 12 12
249 240 12 12
250 240 12 12
250 242 12 12
251 249 12 12
251 242 12 12
252 243 12 12
252 249 12 12
253 243 12 12
253 252 12 12
254 241 12 12
254 249 12 12
255 240 12 12
255 246 12 12
256 251 12 12
256 241 12 12
257 251 12 12
257 253 12 12
258 248 12 12
258 249 12 12
259 248 12 12
259 251 12 12
240 254 12 12
240 256 12 12
241 258 12 12
241 259 12 12
262 261 13 13
262 260 13 13
263 261 13 13
263 262 13 13
264 262 13 13
264 261 13 13
265 262 13 13
265 264 13 13
266 260 13 13
266 263 13 13
267 263 13 13
267 260 13 13
268 264 13 13
268 266 13 13
269 264 13 13
269 260 13 13
270 262 13 13
270 265 13 13
271 264 13 13
271 270 13 13
272 267 13 13
272 263 13 13
273 263 13 13
273 272 13 13
274 273 13 13
274 266 13 13
275 268 13 13
275 272 13 13
276 270 13 13
276 265 13 13
277 276 13 13
277 264 13 13
278 265 13 13
278 273 13 13
279 260 13 13
279 269 13 13
260 264 13 13
260 274 13 13
261 271 13 13
261 276 13 13
282 281 14 14
282 280 14 14
283 280 14 14
283 281 14 14
284 281 14 14
284 283 14 14
285 280 14 14
285 283 14 14
286 280 14 14
286 282 14 14
287 282 14 14
287 286 14 14
288 284 14 14
288 283 14 14
289 283 14 14
289 286 14 14
290 281 14 14
290 289 14 14
291 282 14 14
291 286 14 14
292 283 14 14
292 288 14 14
293 290 14 14
293 287 14 14
294 290 14 14
294 284 14 14
295 282 14 14
295 286 14 14
296 287 14 14
296 282 14 14
297 287 14 14
297 280 14 14
298 295 14 14
298 289 14 14
299 287 14 14
299 280 14 14
280 290 14 14
280 291 14 14
281 293 14 14
281 288 14 14
302 300 15 15
302 301 15 15
303 301 15 15
303 300 15 15
304 300 15 15
304 302 15 15
305 300 15 15
305 301 15 15
306 304 15 15
306 300 15 15
307 302 15 15
307 301 15 15
308 300 15 15
308 301 15 15
309 304 15 15
309 305 15 15
310 309 15 15
310 306 15 15
311 305 15 15
311 308 15 15
312 301 15 15
312 305 15 15
313 303 15 15
313 309 15 15
314 311 15 15
314 305 15 15
315 309 15 15
315 314 15 15
316 313 15 15
316 306 15 15
317 305 15 15
317 312 15 15
318 316 15 15
318 301 15 15
319 318 15 15
319 304 15 15
300 312 15 15
300 311 15 15
301 313 15 15
301 309 15 15
40 14 2 0
57 29 2 1
69 37 3 1
78 8 3 0
92 47 4 2
91 12 4 0
104 7 5 0
111 55 5 2
132 45 6 2
128 18 6 0
158 12 7 0
152 62 7 3
169 29 8 1
173 157 8 7
187 174 9 8
186 99 9 4
219 102 10 5
212 24 10 1
227 197 11 9
222 3 11 0
256 92 12 4
251 45 12 2
273 211 13 10
263 118 13 5
289 110 14 5
295 89 14 4
316 287 15 14
312 128 15 6
18 178 0 8
12 197 0 9
24 233 1 11
26 155 1 7
