swNum = 320
edgeNum = 672

0 0
1 0
2 0
3 0
4 0
5 0
6 0
7 0
8 0
9 0
10 0
11 0
12 0
13 0
14 0
15 0
16 0
17 0
18 0
19 0
20 1
21 1
22 1
23 1
24 1
25 1
26 1
27 1
28 1
29 1
30 1
31 1
32 1
33 1
34 1
35 1
36 1
37 1
38 1
39 1
40 2
41 2
42 2
43 2
44 2
45 2
46 2
47 2
48 2
49 2
50 2
51 2
52 2
53 2
54 2
55 2
56 2
57 2
58 2
59 2
60 3
61 3
62 3
63 3
64 3
65 3
66 3
67 3
68 3
69 3
70 3
71 3
72 3
73 3
74 3
75 3
76 3
77 3
78 3
79 3
80 4
81 4
82 4
83 4
84 4
85 4
86 4
87 4
88 4
89 4
90 4
91 4
92 4
93 4
94 4
95 4
96 4
97 4
98 4
99 4
100 5
101 5
102 5
103 5
104 5
105 5
106 5
107 5
108 5
109 5
110 5
111 5
112 5
113 5
114 5
115 5
116 5
117 5
118 5
119 5
120 6
121 6
122 6
123 6
124 6
125 6
126 6
127 6
128 6
129 6
130 6
131 6
132 6
133 6
134 6
135 6
136 6
137 6
138 6
139 6
140 7
141 7
142 7
143 7
144 7
145 7
146 7
147 7
148 7
149 7
150 7
151 7
152 7
153 7
154 7
155 7
156 7
157 7
158 7
159 7
160 8
161 8
162 8
163 8
164 8
165 8
166 8
167 8
168 8
169 8
170 8
171 8
172 8
173 8
174 8
175 8
176 8
177 8
178 8
179 8
180 9
181 9
182 9
183 9
184 9
185 9
186 9
187 9
188 9
189 9
190 9
191 9
192 9
193 9
194 9
195 9
196 9
197 9
198 9
199 9
200 10
201 10
202 10
203 10
204 10
205 10
206 10
207 10
208 10
209 10
210 10
211 10
212 10
213 10
214 10
215 10
216 10
217 10
218 10
219 10
220 11
221 11
222 11
223 11
224 11
225 11
226 11
227 11
228 11
229 11
230 11
231 11
232 11
233 11
234 11
235 11
236 11
237 11
238 11
239 11
240 12
241 12
242 12
243 12
244 12
245 12
246 12
247 12
248 12
249 12
250 12
251 12
252 12
253 12
254 12
255 12
256 12
257 12
258 12
259 12
260 13
261 13
262 13
263 13
264 13
265 13
266 13
267 13
268 13
269 13
270 13
271 13
272 13
273 13
274 13
275 13
276 13
277 13
278 13
279 13
280 14
281 14
282 14
283 14
284 14
285 14
286 14
287 14
288 14
289 14
290 14
291 14
292 14
293 14
294 14
295 14
296 14
297 14
298 14
299 14
300 15
301 15
302 15
303 15
304 15
305 15
306 15
307 15
308 15
309 15
310 15
311 15
312 15
313 15
314 15
315 15
316 15
317 15
318 15
319 15

2 1 0 0
2 0 0 0
3 0 0 0
3 1 0 0
4 3 0 0
4 0 0 0
5 0 0 0
5 4 0 0
6 1 0 0
6 3 0 0
7 4 0 0
7 5 0 0
8 0 0 0
8 5 0 0
9 1 0 0
9 6 0 0
10 0 0 0
10 3 0 0
11 9 0 0
11 10 0 0
12 7 0 0
12 5 0 0
13 6 0 0
13 11 0 0
14 8 0 0
14 4 0 0
15 1 0 0
15 13 0 0
16 11 0 0
16 13 0 0
17 12 0 0
17 7 0 0
18 6 0 0
18 12 0 0
19 10 0 0
19 2 0 0
0 17 0 0
0 14 0 0
1 7 0 0
1 17 0 0
22 20 1 1
22 21 1 1
23 22 1 1
23 20 1 1
24 20 1 1
24 23 1 1
25 23 1 1
25 21 1 1
26 23 1 1
26 25 1 1
27 23 1 1
27 25 1 1
28 23 1 1
28 22 1 1
29 27 1 1
29 28 1 1
30 22 1 1
30 23 1 1
31 20 1 1
31 24 1 1
32 20 1 1
32 23 1 1
33 27 1 1
33 22 1 1
34 21 1 1
34 24 1 1
35 29 1 1
35 27 1 1
36 26 1 1
36 35 1 1
37 31 1 1
37 30 1 1
38 31 1 1
38 32 1 1
39 36 1 1
39 35 1 1
20 34 1 1
20 26 1 1
21 24 1 1
21 26 1 1
42 41 2 2
42 40 2 2
43 42 2 2
43 41 2 2
44 40 2 2
44 42 2 2
45 41 2 2
45 42 2 2
46 44 2 2
46 42 2 2
47 46 2 2
47 41 2 2
48 40 2 2
48 43 2 2
49 43 2 2
49 45 2 2
50 46 2 2
50 47 2 2
51 49 2 2
51 41 2 2
52 50 2 2
52 44 2 2
53 44 2 2
53 52 2 2
54 42 2 2
54 48 2 2
55 45 2 2
55 44 2 2
56 50 2 2
56 54 2 2
57 41 2 2
57 56 2 2
58 55 2 2
58 46 2 2
59 41 2 2
59 49 2 2
40 53 2 2
40 52 2 2
41 55 2 2
41 52 2 2
62 60 3 3
62 61 3 3
63 61 3 3
63 62 3 3
64 61 3 3
64 60 3 3
65 64 3 3
65 60 3 3
66 64 3 3
66 60 3 3
67 65 3 3
67 60 3 3
68 62 3 3
68 61 3 3
69 67 3 3
69 66 3 3
70 68 3 3
70 62 3 3
71 70 3 3
71 68 3 3
72 70 3 3
72 68 3 3
73 61 3 3
73 72 3 3
74 73 3 3
74 60 3 3
75 65 3 3
75 64 3 3
76 62 3 3
76 72 3 3
77 68 3 3
77 66 3 3
78 72 3 3
78 63 3 3
79 65 3 3
79 70 3 3
60 68 3 3
60 71 3 3
61 66 3 3
61 75 3 3
82 81 4 4
82 80 4 4
83 80 4 4
83 81 4 4
84 83 4 4
84 80 4 4
85 83 4 4
85 84 4 4
86 82 4 4
86 81 4 4
87 81 4 4
87 82 4 4
88 82 4 4
88 87 4 4
89 81 4 4
89 82 4 4
90 87 4 4
90 82 4 4
91 82 4 4
91 90 4 4
92 88 4 4
92 82 4 4
93 88 4 4
93 92 4 4
94 85 4 4
94 80 4 4
95 85 4 4
95 94 4 4
96 80 4 4
96 90 4 4
97 80 4 4
97 95 4 4
98 84 4 4
98 80 4 4
99 85 4 4
99 98 4 4
80 87 4 4
80 95 4 4
81 91 4 4
81 96 4 4
102 100 5 5
102 101 5 5
103 100 5 5
103 102 5 5
104 100 5 5
104 102 5 5
105 103 5 5
105 100 5 5
106 103 5 5
106 102 5 5
107 105 5 5
107 104 5 5
108 101 5 5
108 102 5 5
109 107 5 5
109 108 5 5
110 105 5 5
110 109 5 5
111 100 5 5
111 107 5 5
112 108 5 5
112 109 5 5
113 109 5 5
113 104 5 5
114 110 5 5
114 108 5 5
115 111 5 5
115 113 5 5
116 112 5 5
116 101 5 5
117 108 5 5
117 111 5 5
118 103 5 5
118 107 5 5
119 103 5 5
119 115 5 5
100 114 5 5
100 109 5 5
101 107 5 5
101 117 5 5
122 121 6 6
122 120 6 6
123 122 6 6
123 120 6 6
124 121 6 6
124 123 6 6
125 121 6 6
125 124 6 6
126 124 6 6
126 121 6 6
127 124 6 6
127 120 6 6
128 125 6 6
128 123 6 6
129 125 6 6
129 121 6 6
130 121 6 6
130 125 6 6
131 125 6 6
131 128 6 6
132 125 6 6
132 128 6 6
133 131 6 6
133 125 6 6
134 125 6 6
134 120 6 6
135 126 6 6
135 129 6 6
136 134 6 6
136 135 6 6
137 131 6 6
137 121 6 6
138 131 6 6
138 127 6 6
139 125 6 6
139 127 6 6
120 138 6 6
120 129 6 6
121 127 6 6
121 139 6 6
142 140 7 7
142 141 7 7
143 140 7 7
143 142 7 7
144 143 7 7
144 141 7 7
145 143 7 7
145 144 7 7
146 143 7 7
146 145 7 7
147 144 7 7
147 141 7 7
148 145 7 7
148 141 7 7
149 145 7 7
149 148 7 7
150 143 7 7
150 140 7 7
151 145 7 7
151 144 7 7
152 143 7 7
152 148 7 7
153 141 7 7
153 151 7 7
154 143 7 7
154 151 7 7
155 146 7 7
155 153 7 7
156 146 7 7
156 145 7 7
157 150 7 7
157 153 7 7
158 148 7 7
158 152 7 7
159 156 7 7
159 153 7 7
140 157 7 7
140 153 7 7
141 156 7 7
141 150 7 7
162 161 8 8
162 160 8 8
163 161 8 8
163 160 8 8
164 161 8 8
164 163 8 8
165 161 8 8
165 162 8 8
166 164 8 8
166 160 8 8
167 162 8 8
167 160 8 8
168 164 8 8
168 163 8 8
169 164 8 8
169 168 8 8
170 166 8 8
170 167 8 8
171 165 8 8
171 160 8 8
172 162 8 8
172 167 8 8
173 161 8 8
173 169 8 8
174 163 8 8
174 171 8 8
175 174 8 8
175 160 8 8
176 175 8 8
176 168 8 8
177 173 8 8
177 172 8 8
178 172 8 8
178 176 8 8
179 175 8 8
179 164 8 8
160 169 8 8
160 168 8 8
161 169 8 8
161 168 8 8
182 180 9 9
182 181 9 9
183 182 9 9
183 181 9 9
184 182 9 9
184 180 9 9
185 182 9 9
185 184 9 9
186 180 9 9
186 181 9 9
187 182 9 9
187 184 9 9
188 187 9 9
188 185 9 9
189 181 9 9
189 188 9 9
190 181 9 9
190 185 9 9
191 184 9 9
191 181 9 9
192 184 9 9
192 185 9 9
193 180 9 9
193 185 9 9
194 188 9 9
194 180 9 9
195 192 9 9
195 194 9 9
196 193 9 9
196 182 9 9
197 189 9 9
197 180 9 9
198 183 9 9
198 192 9 9
199 188 9 9
199 185 9 9
180 190 9 9
180 195 9 9
181 197 9 9
181 196 9 9
202 200 10 10
202 201 10 10
203 201 10 10
203 200 10 10
204 201 10 10
204 203 10 10
205 200 10 10
205 202 10 10
206 205 10 10
206 204 10 10
207 202 10 10
207 201 10 10
208 204 10 10
208 205 10 10
209 201 10 10
209 202 10 10
210 205 10 10
210 208 10 10
211 202 10 10
211 200 10 10
212 203 10 10
212 206 10 10
213 212 10 10
213 209 10 10
214 210 10 10
214 211 10 10
215 209 10 10
215 203 10 10
216 215 10 10
216 209 10 10
217 201 10 10
217 205 10 10
218 213 10 10
218 215 10 10
219 215 10 10
219 216 10 10
200 206 10 10
200 207 10 10
201 214 10 10
201 205 10 10
222 220 11 11
222 221 11 11
223 220 11 11
223 221 11 11
224 222 11 11
224 223 11 11
225 222 11 11
225 224 11 11
226 224 11 11
226 225 11 11
227 223 11 11
227 224 11 11
228 225 11 11
228 222 11 11
229 224 11 11
229 221 11 11
230 226 11 11
230 228 11 11
231 227 11 11
231 230 11 11
232 225 11 11
232 230 11 11
233 232 11 11
233 222 11 11
234 232 11 11
234 230 11 11
235 234 11 11
235 233 11 11
236 231 11 11
236 227 11 11
237 232 11 11
237 235 11 11
238 237 11 11
238 232 11 11
239 236 11 11
239 233 11 11
220 227 11 11
220 225 11 11
221 234 11 11
221 228 11 11
242 240 12 12
242 241 12 12
243 242 12 12
243 240 12 12
244 242 12 12
244 240 12 12
245 242 12 12
245 243 12 12
246 241 12 12
246 242 12 12
247 243 12 12
247 246 12 12
248 241 12 12
248 247 12 12
249 245 12 12
249 248 12 12
250 245 12 12
250 243 12 12
251 249 12 12
251 250 12 12
252 245 12 12
252 247 12 12
253 250 12 12
253 248 12 12
254 241 12 12
254 248 12 12
255 251 12 12
255 246 12 12
256 252 12 12
256 246 12 12
257 251 12 12
257 253 12 12
258 257 12 12
258 246 12 12
259 254 12 12
259 245 12 12
240 251 12 12
240 249 12 12
241 250 12 12
241 253 12 12
262 261 13 13
262 260 13 13
263 261 13 13
263 262 13 13
264 263 13 13
264 262 13 13
265 260 13 13
265 262 13 13
266 260 13 13
266 261 13 13
267 266 13 13
267 260 13 13
268 261 13 13
268 265 13 13
269 266 13 13
269 265 13 13
270 267 13 13
270 264 13 13
271 270 13 13
271 264 13 13
272 262 13 13
272 270 13 13
273 270 13 13
273 267 13 13
274 272 13 13
274 273 13 13
275 266 13 13
275 274 13 13
276 262 13 13
276 266 13 13
277 271 13 13
277 270 13 13
278 268 13 13
278 267 13 13
279 262 13 13
279 266 13 13
260 279 13 13
260 264 13 13
261 278 13 13
261 270 13 13
282 281 14 14
282 280 14 14
283 280 14 14
283 281 14 14
284 283 14 14
284 280 14 14
285 281 14 14
285 283 14 14
286 284 14 14
286 282 14 14
287 284 14 14
287 285 14 14
288 282 14 14
288 286 14 14
289 283 14 14
289 286 14 14
290 282 14 14
290 283 14 14
291 286 14 14
291 289 14 14
292 284 14 14
292 286 14 14
293 288 14 14
293 282 14 14
294 285 14 14
294 287 14 14
295 289 14 14
295 283 14 14
296 283 14 14
296 292 14 14
297 288 14 14
297 289 14 14
298 282 14 14
298 297 14 14
299 281 14 14
299 292 14 14
280 297 14 14
280 292 14 14
281 291 14 14
281 296 14 14
302 301 15 15
302 300 15 15
303 300 15 15
303 301 15 15
304 300 15 15
304 302 15 15
305 304 15 15
305 303 15 15
306 300 15 15
306 302 15 15
307 302 15 15
307 305 15 15
308 306 15 15
308 305 15 15
309 306 15 15
309 304 15 15
310 305 15 15
310 300 15 15
311 301 15 15
311 303 15 15
312 311 15 15
312 308 15 15
313 305 15 15
313 311 15 15
314 312 15 15
314 307 15 15
315 303 15 15
315 305 15 15
316 309 15 15
316 302 15 15
317 301 15 15
317 315 15 15
318 300 15 15
318 316 15 15
319 306 15 15
319 300 15 15
300 316 15 15
300 313 15 15
301 315 15 15
301 309 15 15
43 7 2 0
52 36 2 1
72 18 3 0
65 51 3 2
96 26 4 1
91 8 4 0
103 9 5 0
117 81 5 4
131 45 6 2
132 89 6 4
144 112 7 5
150 73 7 3
177 77 8 3
165 29 8 1
193 171 9 8
188 78 9 3
206 81 10 4
215 148 10 7
220 168 11 8
237 61 11 3
249 25 12 1
258 75 12 3
267 252 13 12
262 60 13 3
287 236 14 11
292 123 14 6
318 41 15 2
314 209 15 10
16 235 0 11
0 266 0 13
21 216 1 10
36 291 1 14
