swNum = 320
edgeNum = 672

0 0
1 0
2 0
3 0
4 0
5 0
6 0
7 0
8 0
9 0
10 0
11 0
12 0
13 0
14 0
15 0
16 0
17 0
18 0
19 0
20 1
21 1
22 1
23 1
24 1
25 1
26 1
27 1
28 1
29 1
30 1
31 1
32 1
33 1
34 1
35 1
36 1
37 1
38 1
39 1
40 2
41 2
42 2
43 2
44 2
45 2
46 2
47 2
48 2
49 2
50 2
51 2
52 2
53 2
54 2
55 2
56 2
57 2
58 2
59 2
60 3
61 3
62 3
63 3
64 3
65 3
66 3
67 3
68 3
69 3
70 3
71 3
72 3
73 3
74 3
75 3
76 3
77 3
78 3
79 3
80 4
81 4
82 4
83 4
84 4
85 4
86 4
87 4
88 4
89 4
90 4
91 4
92 4
93 4
94 4
95 4
96 4
97 4
98 4
99 4
100 5
101 5
102 5
103 5
104 5
105 5
106 5
107 5
108 5
109 5
110 5
111 5
112 5
113 5
114 5
115 5
116 5
117 5
118 5
119 5
120 6
121 6
122 6
123 6
124 6
125 6
126 6
127 6
128 6
129 6
130 6
131 6
132 6
133 6
134 6
135 6
136 6
137 6
138 6
139 6
140 7
141 7
142 7
143 7
144 7
145 7
146 7
147 7
148 7
149 7
150 7
151 7
152 7
153 7
154 7
155 7
156 7
157 7
158 7
159 7
160 8
161 8
162 8
163 8
164 8
165 8
166 8
167 8
168 8
169 8
170 8
171 8
172 8
173 8
174 8
175 8
176 8
177 8
178 8
179 8
180 9
181 9
182 9
183 9
184 9
185 9
186 9
187 9
188 9
189 9
190 9
191 9
192 9
193 9
194 9
195 9
196 9
197 9
198 9
199 9
200 10
201 10
202 10
203 10
204 10
205 10
206 10
207 10
208 10
209 10
210 10
211 10
212 10
213 10
214 10
215 10
216 10
217 10
218 10
219 10
220 11
221 11
222 11
223 11
224 11
225 11
226 11
227 11
228 11
229 11
230 11
231 11
232 11
233 11
234 11
235 11
236 11
237 11
238 11
239 11
240 12
241 12
242 12
243 12
244 12
245 12
246 12
247 12
248 12
249 12
250 12
251 12
252 12
253 12
254 12
255 12
256 12
257 12
258 12
259 12
260 13
261 13
262 13
263 13
264 13
265 13
266 13
267 13
268 13
269 13
270 13
271 13
272 13
273 13
274 13
275 13
276 13
277 13
278 13
279 13
280 14
281 14
282 14
283 14
284 14
285 14
286 14
287 14
288 14
289 14
290 14
291 14
292 14
293 14
294 14
295 14
296 14
297 14
298 14
299 14
300 15
301 15
302 15
303 15
304 15
305 15
306 15
307 15
308 15
309 15
310 15
311 15
312 15
313 15
314 15
315 15
316 15
317 15
318 15
319 15

2 1 0 0
2 0 0 0
3 1 0 0
3 2 0 0
4 3 0 0
4 2 0 0
5 0 0 0
5 4 0 0
6 2 0 0
6 4 0 0
7 0 0 0
7 3 0 0
8 3 0 0
8 5 0 0
9 7 0 0
9 8 0 0
10 8 0 0
10 2 0 0
11 10 0 0
11 1 0 0
12 8 0 0
12 6 0 0
13 8 0 0
13 3 0 0
14 10 0 0
14 2 0 0
15 8 0 0
15 12 0 0
16 5 0 0
16 3 0 0
17 3 0 0
17 1 0 0
18 11 0 0
18 13 0 0
19 4 0 0
19 5 0 0
0 17 0 0
0 14 0 0
1 8 0 0
1 10 0 0
22 21 1 1
22 20 1 1
23 22 1 1
23 21 1 1
24 22 1 1
24 23 1 1
25 20 1 1
25 22 1 1
26 24 1 1
26 23 1 1
27 20 1 1
27 24 1 1
28 26 1 1
28 27 1 1
29 22 1 1
29 27 1 1
30 27 1 1
30 23 1 1
31 24 1 1
31 22 1 1
32 23 1 1
32 24 1 1
33 26 1 1
33 28 1 1
34 23 1 1
34 32 1 1
35 34 1 1
35 23 1 1
36 26 1 1
36 27 1 1
37 33 1 1
37 21 1 1
38 36 1 1
38 22 1 1
39 33 1 1
39 26 1 1
20 29 1 1
20 38 1 1
21 27 1 1
21 38 1 1
42 40 2 2
42 41 2 2
43 42 2 2
43 41 2 2
44 43 2 2
44 40 2 2
45 44 2 2
45 42 2 2
46 41 2 2
46 43 2 2
47 43 2 2
47 44 2 2
48 45 2 2
48 47 2 2
49 40 2 2
49 42 2 2
50 45 2 2
50 44 2 2
51 44 2 2
51 48 2 2
52 41 2 2
52 49 2 2
53 48 2 2
53 44 2 2
54 42 2 2
54 45 2 2
55 54 2 2
55 51 2 2
56 46 2 2
56 49 2 2
57 49 2 2
57 48 2 2
58 53 2 2
58 49 2 2
59 45 2 2
59 50 2 2
40 47 2 2
40 43 2 2
41 59 2 2
41 54 2 2
62 60 3 3
62 61 3 3
63 61 3 3
63 62 3 3
64 60 3 3
64 62 3 3
65 63 3 3
65 60 3 3
66 60 3 3
66 61 3 3
67 60 3 3
67 65 3 3
68 63 3 3
68 67 3 3
69 60 3 3
69 65 3 3
70 64 3 3
70 69 3 3
71 69 3 3
71 61 3 3
72 60 3 3
72 68 3 3
73 71 3 3
73 64 3 3
74 60 3 3
74 65 3 3
75 60 3 3
75 66 3 3
76 68 3 3
76 61 3 3
77 60 3 3
77 64 3 3
78 65 3 3
78 70 3 3
79 62 3 3
79 68 3 3
60 68 3 3
60 63 3 3
61 75 3 3
61 74 3 3
82 80 4 4
82 81 4 4
83 82 4 4
83 80 4 4
84 81 4 4
84 80 4 4
85 83 4 4
85 80 4 4
86 85 4 4
86 84 4 4
87 85 4 4
87 80 4 4
88 80 4 4
88 81 4 4
89 87 4 4
89 82 4 4
90 83 4 4
90 87 4 4
91 82 4 4
91 86 4 4
92 89 4 4
92 83 4 4
93 91 4 4
93 80 4 4
94 81 4 4
94 91 4 4
95 92 4 4
95 94 4 4
96 86 4 4
96 95 4 4
97 89 4 4
97 94 4 4
98 93 4 4
98 89 4 4
99 87 4 4
99 91 4 4
80 98 4 4
80 99 4 4
81 85 4 4
81 98 4 4
102 100 5 5
102 101 5 5
103 102 5 5
103 101 5 5
104 101 5 5
104 102 5 5
105 104 5 5
105 100 5 5
106 105 5 5
106 104 5 5
107 106 5 5
107 100 5 5
108 101 5 5
108 100 5 5
109 108 5 5
109 100 5 5
110 102 5 5
110 103 5 5
111 101 5 5
111 106 5 5
112 110 5 5
112 104 5 5
113 106 5 5
113 107 5 5
114 112 5 5
114 101 5 5
115 107 5 5
115 101 5 5
116 103 5 5
116 112 5 5
117 103 5 5
117 112 5 5
118 114 5 5
118 101 5 5
119 111 5 5
119 115 5 5
100 106 5 5
100 119 5 5
101 105 5 5
101 113 5 5
122 121 6 6
122 120 6 6
123 121 6 6
123 122 6 6
124 123 6 6
124 122 6 6
125 120 6 6
125 123 6 6
126 120 6 6
126 122 6 6
127 123 6 6
127 121 6 6
128 125 6 6
128 124 6 6
129 122 6 6
129 128 6 6
130 128 6 6
130 129 6 6
131 120 6 6
131 125 6 6
132 125 6 6
132 127 6 6
133 130 6 6
133 127 6 6
134 125 6 6
134 126 6 6
135 134 6 6
135 130 6 6
136 134 6 6
136 133 6 6
137 135 6 6
137 134 6 6
138 132 6 6
138 131 6 6
139 138 6 6
139 127 6 6
120 130 6 6
120 129 6 6
121 132 6 6
121 137 6 6
142 141 7 7
142 140 7 7
143 141 7 7
143 142 7 7
144 142 7 7
144 141 7 7
145 143 7 7
145 144 7 7
146 143 7 7
146 145 7 7
147 141 7 7
147 140 7 7
148 143 7 7
148 141 7 7
149 148 7 7
149 144 7 7
150 145 7 7
150 149 7 7
151 146 7 7
151 144 7 7
152 144 7 7
152 140 7 7
153 144 7 7
153 141 7 7
154 147 7 7
154 141 7 7
155 148 7 7
155 149 7 7
156 148 7 7
156 155 7 7
157 151 7 7
157 142 7 7
158 143 7 7
158 145 7 7
159 153 7 7
159 156 7 7
140 155 7 7
140 145 7 7
141 152 7 7
141 145 7 7
162 161 8 8
162 160 8 8
163 162 8 8
163 160 8 8
164 163 8 8
164 160 8 8
165 163 8 8
165 164 8 8
166 160 8 8
166 161 8 8
167 166 8 8
167 162 8 8
168 166 8 8
168 160 8 8
169 162 8 8
169 165 8 8
170 165 8 8
170 166 8 8
171 170 8 8
171 166 8 8
172 168 8 8
172 162 8 8
173 162 8 8
173 167 8 8
174 166 8 8
174 172 8 8
175 169 8 8
175 163 8 8
176 169 8 8
176 161 8 8
177 167 8 8
177 161 8 8
178 163 8 8
178 176 8 8
179 171 8 8
179 167 8 8
160 178 8 8
160 167 8 8
161 169 8 8
161 179 8 8
182 181 9 9
182 180 9 9
183 180 9 9
183 181 9 9
184 181 9 9
184 183 9 9
185 180 9 9
185 184 9 9
186 184 9 9
186 180 9 9
187 181 9 9
187 185 9 9
188 187 9 9
188 186 9 9
189 181 9 9
189 184 9 9
190 189 9 9
190 186 9 9
191 187 9 9
191 185 9 9
192 182 9 9
192 189 9 9
193 183 9 9
193 180 9 9
194 184 9 9
194 187 9 9
195 184 9 9
195 186 9 9
196 180 9 9
196 184 9 9
197 195 9 9
197 189 9 9
198 192 9 9
198 187 9 9
199 185 9 9
199 189 9 9
180 194 9 9
180 187 9 9
181 192 9 9
181 198 9 9
202 200 10 10
202 201 10 10
203 200 10 10
203 201 10 10
204 203 10 10
204 201 10 10
205 201 10 10
205 200 10 10
206 202 10 10
206 200 10 10
207 205 10 10
207 201 10 10
208 200 10 10
208 201 10 10
209 201 10 10
209 207 10 10
210 208 10 10
210 205 10 10
211 205 10 10
211 201 10 10
212 204 10 10
212 206 10 10
213 202 10 10
213 200 10 10
214 204 10 10
214 212 10 10
215 211 10 10
215 204 10 10
216 200 10 10
216 215 10 10
217 209 10 10
217 208 10 10
218 206 10 10
218 217 10 10
219 202 10 10
219 218 10 10
200 217 10 10
200 212 10 10
201 212 10 10
201 217 10 10
222 220 11 11
222 221 11 11
223 220 11 11
223 222 11 11
224 221 11 11
224 222 11 11
225 222 11 11
225 224 11 11
226 223 11 11
226 225 11 11
227 224 11 11
227 220 11 11
228 220 11 11
228 227 11 11
229 228 11 11
229 222 11 11
230 228 11 11
230 227 11 11
231 230 11 11
231 228 11 11
232 223 11 11
232 230 11 11
233 220 11 11
233 226 11 11
234 222 11 11
234 230 11 11
235 231 11 11
235 230 11 11
236 229 11 11
236 226 11 11
237 235 11 11
237 230 11 11
238 221 11 11
238 231 11 11
239 238 11 11
239 224 11 11
220 238 11 11
220 232 11 11
221 232 11 11
221 228 11 11
242 241 12 12
242 240 12 12
243 241 12 12
243 240 12 12
244 243 12 12
244 241 12 12
245 243 12 12
245 240 12 12
246 240 12 12
246 242 12 12
247 246 12 12
247 241 12 12
248 243 12 12
248 242 12 12
249 248 12 12
249 246 12 12
250 246 12 12
250 242 12 12
251 248 12 12
251 242 12 12
252 240 12 12
252 248 12 12
253 248 12 12
253 251 12 12
254 247 12 12
254 252 12 12
255 242 12 12
255 251 12 12
256 248 12 12
256 244 12 12
257 252 12 12
257 253 12 12
258 256 12 12
258 243 12 12
259 243 12 12
259 252 12 12
240 249 12 12
240 254 12 12
241 248 12 12
241 250 12 12
262 260 13 13
262 261 13 13
263 261 13 13
263 260 13 13
264 263 13 13
264 262 13 13
265 264 13 13
265 260 13 13
266 262 13 13
266 265 13 13
267 263 13 13
267 262 13 13
268 262 13 13
268 264 13 13
269 264 13 13
269 266 13 13
270 265 13 13
270 260 13 13
271 261 13 13
271 264 13 13
272 265 13 13
272 262 13 13
273 271 13 13
273 272 13 13
274 269 13 13
274 265 13 13
275 267 13 13
275 263 13 13
276 269 13 13
276 271 13 13
277 263 13 13
277 265 13 13
278 273 13 13
278 262 13 13
279 260 13 13
279 271 13 13
260 278 13 13
260 264 13 13
261 270 13 13
261 266 13 13
282 280 14 14
282 281 14 14
283 281 14 14
283 280 14 14
284 281 14 14
284 280 14 14
285 281 14 14
285 283 14 14
286 280 14 14
286 282 14 14
287 283 14 14
287 286 14 14
288 281 14 14
288 285 14 14
289 286 14 14
289 287 14 14
290 283 14 14
290 289 14 14
291 283 14 14
291 282 14 14
292 289 14 14
292 284 14 14
293 282 14 14
293 290 14 14
294 285 14 14
294 290 14 14
295 289 14 14
295 291 14 14
296 280 14 14
296 291 14 14
297 285 14 14
297 291 14 14
298 295 14 14
298 286 14 14
299 280 14 14
299 297 14 14
280 289 14 14
280 292 14 14
281 299 14 14
281 295 14 14
302 300 15 15
302 301 15 15
303 300 15 15
303 302 15 15
304 300 15 15
304 302 15 15
305 302 15 15
305 300 15 15
306 303 15 15
306 300 15 15
307 304 15 15
307 301 15 15
308 301 15 15
308 307 15 15
309 303 15 15
309 301 15 15
310 306 15 15
310 301 15 15
311 303 15 15
311 306 15 15
312 308 15 15
312 311 15 15
313 304 15 15
313 301 15 15
314 304 15 15
314 313 15 15
315 308 15 15
315 311 15 15
316 310 15 15
316 305 15 15
317 313 15 15
317 314 15 15
318 309 15 15
318 314 15 15
319 316 15 15
319 317 15 15
300 317 15 15
300 314 15 15
301 316 15 15
301 311 15 15
57 0 2 0
53 30 2 1
78 35 3 1
75 47 3 2
95 60 4 3
83 15 4 0
116 5 5 0
117 53 5 2
130 53 6 2
122 13 6 0
157 84 7 4
144 72 7 3
172 156 8 7
164 55 8 2
182 143 9 7
180 133 9 6
204 47 10 2
209 113 10 5
229 165 11 8
237 197 11 9
254 151 12 7
250 99 12 4
260 107 13 5
260 19 13 0
295 97 14 4
283 211 14 10
307 98 15 4
308 264 15 13
19 314 0 15
2 212 0 10
39 97 1 4
28 214 1 10
