swNum = 320
edgeNum = 672

0 0
1 0
2 0
3 0
4 0
5 0
6 0
7 0
8 0
9 0
10 0
11 0
12 0
13 0
14 0
15 0
16 0
17 0
18 0
19 0
20 1
21 1
22 1
23 1
24 1
25 1
26 1
27 1
28 1
29 1
30 1
31 1
32 1
33 1
34 1
35 1
36 1
37 1
38 1
39 1
40 2
41 2
42 2
43 2
44 2
45 2
46 2
47 2
48 2
49 2
50 2
51 2
52 2
53 2
54 2
55 2
56 2
57 2
58 2
59 2
60 3
61 3
62 3
63 3
64 3
65 3
66 3
67 3
68 3
69 3
70 3
71 3
72 3
73 3
74 3
75 3
76 3
77 3
78 3
79 3
80 4
81 4
82 4
83 4
84 4
85 4
86 4
87 4
88 4
89 4
90 4
91 4
92 4
93 4
94 4
95 4
96 4
97 4
98 4
99 4
100 5
101 5
102 5
103 5
104 5
105 5
106 5
107 5
108 5
109 5
110 5
111 5
112 5
113 5
114 5
115 5
116 5
117 5
118 5
119 5
120 6
121 6
122 6
123 6
124 6
125 6
126 6
127 6
128 6
129 6
130 6
131 6
132 6
133 6
134 6
135 6
136 6
137 6
138 6
139 6
140 7
141 7
142 7
143 7
144 7
145 7
146 7
147 7
148 7
149 7
150 7
151 7
152 7
153 7
154 7
155 7
156 7
157 7
158 7
159 7
160 8
161 8
162 8
163 8
164 8
165 8
166 8
167 8
168 8
169 8
170 8
171 8
172 8
173 8
174 8
175 8
176 8
177 8
178 8
179 8
180 9
181 9
182 9
183 9
184 9
185 9
186 9
187 9
188 9
189 9
190 9
191 9
192 9
193 9
194 9
195 9
196 9
197 9
198 9
199 9
200 10
201 10
202 10
203 10
204 10
205 10
206 10
207 10
208 10
209 10
210 10
211 10
212 10
213 10
214 10
215 10
216 10
217 10
218 10
219 10
220 11
221 11
222 11
223 11
224 11
225 11
226 11
227 11
228 11
229 11
230 11
231 11
232 11
233 11
234 11
235 11
236 11
237 11
238 11
239 11
240 12
241 12
242 12
243 12
244 12
245 12
246 12
247 12
248 12
249 12
250 12
251 12
252 12
253 12
254 12
255 12
256 12
257 12
258 12
259 12
260 13
261 13
262 13
263 13
264 13
265 13
266 13
267 13
268 13
269 13
270 13
271 13
272 13
273 13
274 13
275 13
276 13
277 13
278 13
279 13
280 14
281 14
282 14
283 14
284 14
285 14
286 14
287 14
288 14
289 14
290 14
291 14
292 14
293 14
294 14
295 14
296 14
297 14
298 14
299 14
300 15
301 15
302 15
303 15
304 15
305 15
306 15
307 15
308 15
309 15
310 15
311 15
312 15
313 15
314 15
315 15
316 15
317 15
318 15
319 15

2 0 0 0
2 1 0 0
3 0 0 0
3 1 0 0
4 3 0 0
4 0 0 0
5 4 0 0
5 2 0 0
6 4 0 0
6 0 0 0
7 0 0 0
7 6 0 0
8 7 0 0
8 2 0 0
9 8 0 0
9 0 0 0
10 4 0 0
10 3 0 0
11 4 0 0
11 7 0 0
12 4 0 0
12 6 0 0
13 3 0 0
13 8 0 0
14 0 0 0
14 12 0 0
15 6 0 0
15 4 0 0
16 3 0 0
16 12 0 0
17 8 0 0
17 12 0 0
18 10 0 0
18 14 0 0
19 3 0 0
19 7 0 0
0 11 0 0
0 19 0 0
1 11 0 0
1 4 0 0
22 20 1 1
22 21 1 1
23 20 1 1
23 22 1 1
24 22 1 1
24 21 1 1
25 21 1 1
25 23 1 1
26 21 1 1
26 22 1 1
27 20 1 1
27 22 1 1
28 27 1 1
28 24 1 1
29 20 1 1
29 21 1 1
30 24 1 1
30 29 1 1
31 25 1 1
31 27 1 1
32 20 1 1
32 22 1 1
33 29 1 1
33 30 1 1
34 29 1 1
34 24 1 1
35 33 1 1
35 34 1 1
36 28 1 1
36 30 1 1
37 22 1 1
37 35 1 1
38 26 1 1
38 20 1 1
39 38 1 1
39 32 1 1
20 26 1 1
20 34 1 1
21 39 1 1
21 35 1 1
42 40 2 2
42 41 2 2
43 42 2 2
43 41 2 2
44 42 2 2
44 40 2 2
45 40 2 2
45 43 2 2
46 40 2 2
46 42 2 2
47 45 2 2
47 42 2 2
48 44 2 2
48 43 2 2
49 42 2 2
49 45 2 2
50 42 2 2
50 40 2 2
51 41 2 2
51 44 2 2
52 43 2 2
52 46 2 2
53 42 2 2
53 45 2 2
54 53 2 2
54 40 2 2
55 46 2 2
55 42 2 2
56 52 2 2
56 54 2 2
57 46 2 2
57 41 2 2
58 50 2 2
58 54 2 2
59 48 2 2
59 57 2 2
40 53 2 2
40 58 2 2
41 48 2 2
41 47 2 2
62 60 3 3
62 61 3 3
63 60 3 3
63 62 3 3
64 61 3 3
64 62 3 3
65 61 3 3
65 63 3 3
66 65 3 3
66 63 3 3
67 65 3 3
67 63 3 3
68 65 3 3
68 66 3 3
69 68 3 3
69 66 3 3
70 69 3 3
70 68 3 3
71 62 3 3
71 60 3 3
72 64 3 3
72 61 3 3
73 64 3 3
73 60 3 3
74 66 3 3
74 72 3 3
75 69 3 3
75 62 3 3
76 65 3 3
76 75 3 3
77 67 3 3
77 60 3 3
78 67 3 3
78 73 3 3
79 69 3 3
79 77 3 3
60 69 3 3
60 64 3 3
61 73 3 3
61 74 3 3
82 81 4 4
82 80 4 4
83 81 4 4
83 82 4 4
84 81 4 4
84 83 4 4
85 84 4 4
85 81 4 4
86 81 4 4
86 84 4 4
87 85 4 4
87 82 4 4
88 85 4 4
88 81 4 4
89 82 4 4
89 85 4 4
90 83 4 4
90 86 4 4
91 83 4 4
91 90 4 4
92 84 4 4
92 87 4 4
93 91 4 4
93 90 4 4
94 84 4 4
94 86 4 4
95 86 4 4
95 82 4 4
96 91 4 4
96 85 4 4
97 95 4 4
97 92 4 4
98 90 4 4
98 97 4 4
99 95 4 4
99 83 4 4
80 83 4 4
80 85 4 4
81 94 4 4
81 98 4 4
102 100 5 5
102 101 5 5
103 101 5 5
103 100 5 5
104 102 5 5
104 103 5 5
105 104 5 5
105 102 5 5
106 100 5 5
106 101 5 5
107 101 5 5
107 103 5 5
108 103 5 5
108 100 5 5
109 103 5 5
109 102 5 5
110 105 5 5
110 108 5 5
111 102 5 5
111 105 5 5
112 107 5 5
112 104 5 5
113 111 5 5
113 112 5 5
114 107 5 5
114 112 5 5
115 110 5 5
115 111 5 5
116 112 5 5
116 111 5 5
117 104 5 5
117 107 5 5
118 112 5 5
118 102 5 5
119 101 5 5
119 102 5 5
100 110 5 5
100 115 5 5
101 109 5 5
101 117 5 5
122 120 6 6
122 121 6 6
123 121 6 6
123 120 6 6
124 120 6 6
124 121 6 6
125 124 6 6
125 122 6 6
126 122 6 6
126 123 6 6
127 121 6 6
127 123 6 6
128 120 6 6
128 122 6 6
129 123 6 6
129 121 6 6
130 127 6 6
130 121 6 6
131 123 6 6
131 121 6 6
132 130 6 6
132 131 6 6
133 129 6 6
133 120 6 6
134 123 6 6
134 128 6 6
135 124 6 6
135 129 6 6
136 129 6 6
136 133 6 6
137 129 6 6
137 120 6 6
138 121 6 6
138 127 6 6
139 132 6 6
139 128 6 6
120 135 6 6
120 138 6 6
121 137 6 6
121 125 6 6
142 140 7 7
142 141 7 7
143 141 7 7
143 140 7 7
144 143 7 7
144 141 7 7
145 140 7 7
145 143 7 7
146 142 7 7
146 144 7 7
147 140 7 7
147 144 7 7
148 140 7 7
148 141 7 7
149 141 7 7
149 143 7 7
150 140 7 7
150 147 7 7
151 148 7 7
151 145 7 7
152 140 7 7
152 145 7 7
153 141 7 7
153 147 7 7
154 147 7 7
154 140 7 7
155 151 7 7
155 148 7 7
156 142 7 7
156 143 7 7
157 152 7 7
157 140 7 7
158 140 7 7
158 151 7 7
159 156 7 7
159 149 7 7
140 155 7 7
140 156 7 7
141 158 7 7
141 157 7 7
162 160 8 8
162 161 8 8
163 160 8 8
163 162 8 8
164 161 8 8
164 163 8 8
165 164 8 8
165 160 8 8
166 161 8 8
166 162 8 8
167 166 8 8
167 161 8 8
168 162 8 8
168 161 8 8
169 168 8 8
169 161 8 8
170 164 8 8
170 166 8 8
171 163 8 8
171 169 8 8
172 164 8 8
172 168 8 8
173 166 8 8
173 160 8 8
174 162 8 8
174 166 8 8
175 169 8 8
175 170 8 8
176 175 8 8
176 163 8 8
177 165 8 8
177 167 8 8
178 166 8 8
178 165 8 8
179 169 8 8
179 166 8 8
160 179 8 8
160 169 8 8
161 177 8 8
161 170 8 8
182 180 9 9
182 181 9 9
183 180 9 9
183 181 9 9
184 182 9 9
184 180 9 9
185 180 9 9
185 181 9 9
186 180 9 9
186 184 9 9
187 181 9 9
187 183 9 9
188 181 9 9
188 186 9 9
189 183 9 9
189 181 9 9
190 181 9 9
190 186 9 9
191 181 9 9
191 188 9 9
192 190 9 9
192 181 9 9
193 186 9 9
193 184 9 9
194 184 9 9
194 191 9 9
195 180 9 9
195 187 9 9
196 195 9 9
196 193 9 9
197 190 9 9
197 195 9 9
198 181 9 9
198 182 9 9
199 192 9 9
199 189 9 9
180 194 9 9
180 191 9 9
181 186 9 9
181 194 9 9
202 200 10 10
202 201 10 10
203 200 10 10
203 201 10 10
204 201 10 10
204 202 10 10
205 200 10 10
205 203 10 10
206 203 10 10
206 200 10 10
207 206 10 10
207 201 10 10
208 202 10 10
208 201 10 10
209 200 10 10
209 207 10 10
210 202 10 10
210 208 10 10
211 208 10 10
211 205 10 10
212 209 10 10
212 208 10 10
213 207 10 10
213 211 10 10
214 207 10 10
214 213 10 10
215 206 10 10
215 202 10 10
216 200 10 10
216 210 10 10
217 214 10 10
217 200 10 10
218 211 10 10
218 209 10 10
219 210 10 10
219 218 10 10
200 214 10 10
200 204 10 10
201 217 10 10
201 209 10 10
222 220 11 11
222 221 11 11
223 220 11 11
223 222 11 11
224 223 11 11
224 222 11 11
225 224 11 11
225 220 11 11
226 224 11 11
226 221 11 11
227 221 11 11
227 223 11 11
228 223 11 11
228 227 11 11
229 224 11 11
229 223 11 11
230 221 11 11
230 223 11 11
231 230 11 11
231 227 11 11
232 225 11 11
232 228 11 11
233 225 11 11
233 232 11 11
234 227 11 11
234 229 11 11
235 234 11 11
235 227 11 11
236 235 11 11
236 234 11 11
237 229 11 11
237 235 11 11
238 229 11 11
238 235 11 11
239 229 11 11
239 228 11 11
220 234 11 11
220 227 11 11
221 237 11 11
221 231 11 11
242 241 12 12
242 240 12 12
243 241 12 12
243 240 12 12
244 240 12 12
244 242 12 12
245 242 12 12
245 241 12 12
246 245 12 12
246 243 12 12
247 241 12 12
247 243 12 12
248 241 12 12
248 240 12 12
249 243 12 12
249 245 12 12
250 243 12 12
250 241 12 12
251 248 12 12
251 250 12 12
252 242 12 12
252 241 12 12
253 247 12 12
253 242 12 12
254 251 12 12
254 246 12 12
255 247 12 12
255 241 12 12
256 241 12 12
256 254 12 12
257 245 12 12
257 241 12 12
258 248 12 12
258 250 12 12
259 245 12 12
259 244 12 12
240 249 12 12
240 251 12 12
241 253 12 12
241 258 12 12
262 260 13 13
262 261 13 13
263 260 13 13
263 262 13 13
264 263 13 13
264 262 13 13
265 262 13 13
265 260 13 13
266 263 13 13
266 261 13 13
267 265 13 13
267 266 13 13
268 266 13 13
268 265 13 13
269 267 13 13
269 266 13 13
270 266 13 13
270 264 13 13
271 265 13 13
271 266 13 13
272 266 13 13
272 260 13 13
273 264 13 13
273 260 13 13
274 261 13 13
274 263 13 13
275 268 13 13
275 269 13 13
276 260 13 13
276 274 13 13
277 262 13 13
277 267 13 13
278 268 13 13
278 265 13 13
279 278 13 13
279 273 13 13
260 270 13 13
260 264 13 13
261 264 13 13
261 279 13 13
282 280 14 14
282 281 14 14
283 280 14 14
283 281 14 14
284 282 14 14
284 281 14 14
285 282 14 14
285 280 14 14
286 283 14 14
286 285 14 14
287 281 14 14
287 284 14 14
288 282 14 14
288 281 14 14
289 287 14 14
289 285 14 14
290 281 14 14
290 283 14 14
291 287 14 14
291 283 14 14
292 286 14 14
292 283 14 14
293 286 14 14
293 287 14 14
294 289 14 14
294 288 14 14
295 284 14 14
295 289 14 14
296 287 14 14
296 286 14 14
297 280 14 14
297 286 14 14
298 294 14 14
298 281 14 14
299 295 14 14
299 286 14 14
280 291 14 14
280 294 14 14
281 293 14 14
281 295 14 14
302 301 15 15
302 300 15 15
303 302 15 15
303 301 15 15
304 302 15 15
304 303 15 15
305 300 15 15
305 304 15 15
306 301 15 15
306 304 15 15
307 304 15 15
307 306 15 15
308 307 15 15
308 300 15 15
309 305 15 15
309 301 15 15
310 302 15 15
310 307 15 15
311 302 15 15
311 303 15 15
312 300 15 15
312 310 15 15
313 312 15 15
313 310 15 15
314 305 15 15
314 307 15 15
315 302 15 15
315 309 15 15
316 312 15 15
316 302 15 15
317 315 15 15
317 312 15 15
318 303 15 15
318 301 15 15
319 308 15 15
319 314 15 15
300 315 15 15
300 307 15 15
301 319 15 15
301 307 15 15
53 34 2 1
41 18 2 0
67 58 3 2
66 7 3 0
90 67 4 3
97 0 4 0
101 25 5 1
107 8 5 0
131 72 6 3
121 118 6 5
141 25 7 1
147 49 7 2
174 59 8 2
177 12 8 0
198 1 9 0
194 26 9 1
218 180 10 9
218 27 10 1
221 141 11 7
222 180 11 9
240 79 12 3
244 236 12 11
275 89 13 4
260 19 13 0
298 102 14 5
280 121 14 6
308 122 15 6
311 48 15 2
19 224 0 11
13 318 0 15
27 264 1 13
28 137 1 6
