swNum = 320
edgeNum = 672

0 0
1 0
2 0
3 0
4 0
5 0
6 0
7 0
8 0
9 0
10 0
11 0
12 0
13 0
14 0
15 0
16 0
17 0
18 0
19 0
20 1
21 1
22 1
23 1
24 1
25 1
26 1
27 1
28 1
29 1
30 1
31 1
32 1
33 1
34 1
35 1
36 1
37 1
38 1
39 1
40 2
41 2
42 2
43 2
44 2
45 2
46 2
47 2
48 2
49 2
50 2
51 2
52 2
53 2
54 2
55 2
56 2
57 2
58 2
59 2
60 3
61 3
62 3
63 3
64 3
65 3
66 3
67 3
68 3
69 3
70 3
71 3
72 3
73 3
74 3
75 3
76 3
77 3
78 3
79 3
80 4
81 4
82 4
83 4
84 4
85 4
86 4
87 4
88 4
89 4
90 4
91 4
92 4
93 4
94 4
95 4
96 4
97 4
98 4
99 4
100 5
101 5
102 5
103 5
104 5
105 5
106 5
107 5
108 5
109 5
110 5
111 5
112 5
113 5
114 5
115 5
116 5
117 5
118 5
119 5
120 6
121 6
122 6
123 6
124 6
125 6
126 6
127 6
128 6
129 6
130 6
131 6
132 6
133 6
134 6
135 6
136 6
137 6
138 6
139 6
140 7
141 7
142 7
143 7
144 7
145 7
146 7
147 7
148 7
149 7
150 7
151 7
152 7
153 7
154 7
155 7
156 7
157 7
158 7
159 7
160 8
161 8
162 8
163 8
164 8
165 8
166 8
167 8
168 8
169 8
170 8
171 8
172 8
173 8
174 8
175 8
176 8
177 8
178 8
179 8
180 9
181 9
182 9
183 9
184 9
185 9
186 9
187 9
188 9
189 9
190 9
191 9
192 9
193 9
194 9
195 9
196 9
197 9
198 9
199 9
200 10
201 10
202 10
203 10
204 10
205 10
206 10
207 10
208 10
209 10
210 10
211 10
212 10
213 10
214 10
215 10
216 10
217 10
218 10
219 10
220 11
221 11
222 11
223 11
224 11
225 11
226 11
227 11
228 11
229 11
230 11
231 11
232 11
233 11
234 11
235 11
236 11
237 11
238 11
239 11
240 12
241 12
242 12
243 12
244 12
245 12
246 12
247 12
248 12
249 12
250 12
251 12
252 12
253 12
254 12
255 12
256 12
257 12
258 12
259 12
260 13
261 13
262 13
263 13
264 13
265 13
266 13
267 13
268 13
269 13
270 13
271 13
272 13
273 13
274 13
275 13
276 13
277 13
278 13
279 13
280 14
281 14
282 14
283 14
284 14
285 14
286 14
287 14
288 14
289 14
290 14
291 14
292 14
293 14
294 14
295 14
296 14
297 14
298 14
299 14
300 15
301 15
302 15
303 15
304 15
305 15
306 15
307 15
308 15
309 15
310 15
311 15
312 15
313 15
314 15
315 15
316 15
317 15
318 15
319 15

2 1 0 0
2 0 0 0
3 1 0 0
3 2 0 0
4 0 0 0
4 2 0 0
5 0 0 0
5 2 0 0
6 3 0 0
6 1 0 0
7 2 0 0
7 0 0 0
8 3 0 0
8 6 0 0
9 3 0 0
9 8 0 0
10 0 0 0
10 6 0 0
11 5 0 0
11 10 0 0
12 9 0 0
12 7 0 0
13 4 0 0
13 2 0 0
14 6 0 0
14 8 0 0
15 13 0 0
15 10 0 0
16 3 0 0
16 1 0 0
17 13 0 0
17 5 0 0
18 3 0 0
18 5 0 0
19 15 0 0
19 5 0 0
0 13 0 0
0 8 0 0
1 12 0 0
1 9 0 0
22 21 1 1
22 20 1 1
23 20 1 1
23 21 1 1
24 20 1 1
24 23 1 1
25 21 1 1
25 23 1 1
26 20 1 1
26 22 1 1
27 20 1 1
27 25 1 1
28 27 1 1
28 23 1 1
29 27 1 1
29 23 1 1
30 21 1 1
30 29 1 1
31 25 1 1
31 29 1 1
32 30 1 1
32 27 1 1
33 23 1 1
33 27 1 1
34 25 1 1
34 20 1 1
35 22 1 1
35 29 1 1
36 28 1 1
36 21 1 1
37 32 1 1
37 27 1 1
38 33 1 1
38 29 1 1
39 26 1 1
39 38 1 1
20 38 1 1
20 33 1 1
21 39 1 1
21 33 1 1
42 40 2 2
42 41 2 2
43 42 2 2
43 41 2 2
44 41 2 2
44 40 2 2
45 42 2 2
45 44 2 2
46 42 2 2
46 43 2 2
47 42 2 2
47 45 2 2
48 41 2 2
48 43 2 2
49 41 2 2
49 44 2 2
50 44 2 2
50 43 2 2
51 47 2 2
51 43 2 2
52 40 2 2
52 46 2 2
53 43 2 2
53 47 2 2
54 48 2 2
54 40 2 2
55 51 2 2
55 44 2 2
56 41 2 2
56 50 2 2
57 55 2 2
57 56 2 2
58 42 2 2
58 51 2 2
59 49 2 2
59 41 2 2
40 51 2 2
40 55 2 2
41 47 2 2
41 52 2 2
62 61 3 3
62 60 3 3
63 60 3 3
63 61 3 3
64 62 3 3
64 61 3 3
65 60 3 3
65 64 3 3
66 62 3 3
66 64 3 3
67 63 3 3
67 65 3 3
68 64 3 3
68 61 3 3
69 60 3 3
69 64 3 3
70 67 3 3
70 61 3 3
71 61 3 3
71 67 3 3
72 64 3 3
72 63 3 3
73 71 3 3
73 69 3 3
74 69 3 3
74 72 3 3
75 69 3 3
75 65 3 3
76 66 3 3
76 60 3 3
77 76 3 3
77 72 3 3
78 73 3 3
78 64 3 3
79 69 3 3
79 78 3 3
60 66 3 3
60 77 3 3
61 79 3 3
61 77 3 3
82 80 4 4
82 81 4 4
83 80 4 4
83 81 4 4
84 82 4 4
84 80 4 4
85 81 4 4
85 83 4 4
86 83 4 4
86 85 4 4
87 80 4 4
87 86 4 4
88 80 4 4
88 85 4 4
89 84 4 4
89 82 4 4
90 87 4 4
90 88 4 4
91 89 4 4
91 85 4 4
92 88 4 4
92 91 4 4
93 81 4 4
93 89 4 4
94 82 4 4
94 89 4 4
95 88 4 4
95 89 4 4
96 95 4 4
96 80 4 4
97 96 4 4
97 85 4 4
98 88 4 4
98 83 4 4
99 85 4 4
99 80 4 4
80 95 4 4
80 89 4 4
81 88 4 4
81 89 4 4
102 100 5 5
102 101 5 5
103 101 5 5
103 100 5 5
104 103 5 5
104 102 5 5
105 104 5 5
105 102 5 5
106 102 5 5
106 103 5 5
107 106 5 5
107 100 5 5
108 100 5 5
108 102 5 5
109 108 5 5
109 100 5 5
110 105 5 5
110 108 5 5
111 109 5 5
111 104 5 5
112 105 5 5
112 111 5 5
113 103 5 5
113 107 5 5
114 108 5 5
114 105 5 5
115 109 5 5
115 112 5 5
116 115 5 5
116 102 5 5
117 114 5 5
117 101 5 5
118 105 5 5
118 112 5 5
119 109 5 5
119 104 5 5
100 119 5 5
100 117 5 5
101 107 5 5
101 110 5 5
122 120 6 6
122 121 6 6
123 120 6 6
123 121 6 6
124 121 6 6
124 123 6 6
125 123 6 6
125 122 6 6
126 122 6 6
126 121 6 6
127 123 6 6
127 120 6 6
128 120 6 6
128 123 6 6
129 125 6 6
129 127 6 6
130 121 6 6
130 129 6 6
131 125 6 6
131 129 6 6
132 128 6 6
132 123 6 6
133 122 6 6
133 125 6 6
134 132 6 6
134 130 6 6
135 126 6 6
135 134 6 6
136 130 6 6
136 121 6 6
137 132 6 6
137 130 6 6
138 133 6 6
138 136 6 6
139 130 6 6
139 138 6 6
120 137 6 6
120 124 6 6
121 138 6 6
121 127 6 6
142 141 7 7
142 140 7 7
143 141 7 7
143 140 7 7
144 143 7 7
144 141 7 7
145 143 7 7
145 141 7 7
146 144 7 7
146 145 7 7
147 141 7 7
147 142 7 7
148 147 7 7
148 141 7 7
149 142 7 7
149 140 7 7
150 140 7 7
150 147 7 7
151 144 7 7
151 149 7 7
152 147 7 7
152 144 7 7
153 140 7 7
153 146 7 7
154 153 7 7
154 142 7 7
155 141 7 7
155 146 7 7
156 151 7 7
156 150 7 7
157 145 7 7
157 151 7 7
158 157 7 7
158 140 7 7
159 151 7 7
159 140 7 7
140 156 7 7
140 147 7 7
141 156 7 7
141 159 7 7
162 161 8 8
162 160 8 8
163 160 8 8
163 162 8 8
164 162 8 8
164 161 8 8
165 163 8 8
165 160 8 8
166 160 8 8
166 165 8 8
167 166 8 8
167 163 8 8
168 160 8 8
168 163 8 8
169 164 8 8
169 162 8 8
170 168 8 8
170 162 8 8
171 169 8 8
171 164 8 8
172 161 8 8
172 160 8 8
173 168 8 8
173 160 8 8
174 164 8 8
174 168 8 8
175 168 8 8
175 172 8 8
176 170 8 8
176 160 8 8
177 165 8 8
177 164 8 8
178 174 8 8
178 177 8 8
179 160 8 8
179 169 8 8
160 177 8 8
160 174 8 8
161 170 8 8
161 175 8 8
182 180 9 9
182 181 9 9
183 181 9 9
183 180 9 9
184 183 9 9
184 180 9 9
185 182 9 9
185 183 9 9
186 183 9 9
186 182 9 9
187 184 9 9
187 180 9 9
188 183 9 9
188 186 9 9
189 188 9 9
189 183 9 9
190 184 9 9
190 182 9 9
191 180 9 9
191 189 9 9
192 190 9 9
192 191 9 9
193 182 9 9
193 180 9 9
194 182 9 9
194 187 9 9
195 180 9 9
195 193 9 9
196 188 9 9
196 193 9 9
197 188 9 9
197 196 9 9
198 190 9 9
198 196 9 9
199 192 9 9
199 190 9 9
180 189 9 9
180 192 9 9
181 199 9 9
181 197 9 9
202 201 10 10
202 200 10 10
203 202 10 10
203 200 10 10
204 200 10 10
204 201 10 10
205 201 10 10
205 200 10 10
206 202 10 10
206 203 10 10
207 200 10 10
207 202 10 10
208 202 10 10
208 205 10 10
209 204 10 10
209 201 10 10
210 204 10 10
210 203 10 10
211 203 10 10
211 207 10 10
212 201 10 10
212 205 10 10
213 206 10 10
213 201 10 10
214 210 10 10
214 209 10 10
215 206 10 10
215 211 10 10
216 215 10 10
216 202 10 10
217 204 10 10
217 212 10 10
218 212 10 10
218 217 10 10
219 206 10 10
219 212 10 10
200 218 10 10
200 219 10 10
201 207 10 10
201 218 10 10
222 221 11 11
222 220 11 11
223 220 11 11
223 221 11 11
224 223 11 11
224 222 11 11
225 224 11 11
225 221 11 11
226 222 11 11
226 223 11 11
227 220 11 11
227 223 11 11
228 227 11 11
228 224 11 11
229 224 11 11
229 225 11 11
230 221 11 11
230 222 11 11
231 227 11 11
231 223 11 11
232 228 11 11
232 227 11 11
233 225 11 11
233 220 11 11
234 228 11 11
234 221 11 11
235 221 11 11
235 223 11 11
236 221 11 11
236 224 11 11
237 226 11 11
237 224 11 11
238 236 11 11
238 237 11 11
239 228 11 11
239 220 11 11
220 231 11 11
220 226 11 11
221 229 11 11
221 237 11 11
242 241 12 12
242 240 12 12
243 241 12 12
243 242 12 12
244 243 12 12
244 241 12 12
245 242 12 12
245 240 12 12
246 244 12 12
246 245 12 12
247 241 12 12
247 242 12 12
248 244 12 12
248 246 12 12
249 246 12 12
249 241 12 12
250 248 12 12
250 249 12 12
251 244 12 12
251 246 12 12
252 249 12 12
252 242 12 12
253 249 12 12
253 241 12 12
254 246 12 12
254 252 12 12
255 244 12 12
255 251 12 12
256 255 12 12
256 246 12 12
257 254 12 12
257 250 12 12
258 242 12 12
258 246 12 12
259 253 12 12
259 247 12 12
240 252 12 12
240 257 12 12
241 248 12 12
241 259 12 12
262 261 13 13
262 260 13 13
263 261 13 13
263 262 13 13
264 262 13 13
264 260 13 13
265 262 13 13
265 264 13 13
266 261 13 13
266 265 13 13
267 264 13 13
267 262 13 13
268 263 13 13
268 262 13 13
269 266 13 13
269 261 13 13
270 265 13 13
270 260 13 13
271 269 13 13
271 263 13 13
272 261 13 13
272 269 13 13
273 261 13 13
273 268 13 13
274 266 13 13
274 273 13 13
275 274 13 13
275 270 13 13
276 274 13 13
276 270 13 13
277 273 13 13
277 265 13 13
278 276 13 13
278 266 13 13
279 264 13 13
279 263 13 13
260 274 13 13
260 276 13 13
261 268 13 13
261 271 13 13
282 281 14 14
282 280 14 14
283 281 14 14
283 280 14 14
284 280 14 14
284 283 14 14
285 282 14 14
285 280 14 14
286 281 14 14
286 283 14 14
287 280 14 14
287 281 14 14
288 281 14 14
288 286 14 14
289 281 14 14
289 288 14 14
290 282 14 14
290 281 14 14
291 282 14 14
291 290 14 14
292 287 14 14
292 286 14 14
293 290 14 14
293 288 14 14
294 282 14 14
294 287 14 14
295 292 14 14
295 281 14 14
296 291 14 14
296 280 14 14
297 296 14 14
297 286 14 14
298 286 14 14
298 288 14 14
299 293 14 14
299 294 14 14
280 297 14 14
280 295 14 14
281 292 14 14
281 298 14 14
302 300 15 15
302 301 15 15
303 300 15 15
303 302 15 15
304 300 15 15
304 301 15 15
305 303 15 15
305 302 15 15
306 303 15 15
306 302 15 15
307 302 15 15
307 300 15 15
308 304 15 15
308 300 15 15
309 300 15 15
309 302 15 15
310 307 15 15
310 308 15 15
311 310 15 15
311 308 15 15
312 307 15 15
312 301 15 15
313 305 15 15
313 301 15 15
314 311 15 15
314 302 15 15
315 308 15 15
315 307 15 15
316 312 15 15
316 313 15 15
317 314 15 15
317 303 15 15
318 307 15 15
318 309 15 15
319 304 15 15
319 302 15 15
300 311 15 15
300 315 15 15
301 307 15 15
301 315 15 15
51 16 2 0
53 32 2 1
79 5 3 0
65 59 3 2
90 62 4 3
95 59 4 2
107 98 5 4
106 13 5 0
124 41 6 2
138 14 6 0
146 22 7 1
145 7 7 0
165 81 8 4
174 125 8 6
198 25 9 1
187 46 9 2
205 36 10 1
201 113 10 5
236 54 11 2
237 103 11 5
247 72 12 3
257 111 12 5
260 153 13 7
269 70 13 3
282 1 14 0
283 105 14 5
306 264 15 13
314 104 15 5
7 163 0 8
13 96 0 4
25 244 1 12
36 302 1 15
