swNum = 320
edgeNum = 672

0 0
1 0
2 0
3 0
4 0
5 0
6 0
7 0
8 0
9 0
10 0
11 0
12 0
13 0
14 0
15 0
16 0
17 0
18 0
19 0
20 1
21 1
22 1
23 1
24 1
25 1
26 1
27 1
28 1
29 1
30 1
31 1
32 1
33 1
34 1
35 1
36 1
37 1
38 1
39 1
40 2
41 2
42 2
43 2
44 2
45 2
46 2
47 2
48 2
49 2
50 2
51 2
52 2
53 2
54 2
55 2
56 2
57 2
58 2
59 2
60 3
61 3
62 3
63 3
64 3
65 3
66 3
67 3
68 3
69 3
70 3
71 3
72 3
73 3
74 3
75 3
76 3
77 3
78 3
79 3
80 4
81 4
82 4
83 4
84 4
85 4
86 4
87 4
88 4
89 4
90 4
91 4
92 4
93 4
94 4
95 4
96 4
97 4
98 4
99 4
100 5
101 5
102 5
103 5
104 5
105 5
106 5
107 5
108 5
109 5
110 5
111 5
112 5
113 5
114 5
115 5
116 5
117 5
118 5
119 5
120 6
121 6
122 6
123 6
124 6
125 6
126 6
127 6
128 6
129 6
130 6
131 6
132 6
133 6
134 6
135 6
136 6
137 6
138 6
139 6
140 7
141 7
142 7
143 7
144 7
145 7
146 7
147 7
148 7
149 7
150 7
151 7
152 7
153 7
154 7
155 7
156 7
157 7
158 7
159 7
160 8
161 8
162 8
163 8
164 8
165 8
166 8
167 8
168 8
169 8
170 8
171 8
172 8
173 8
174 8
175 8
176 8
177 8
178 8
179 8
180 9
181 9
182 9
183 9
184 9
185 9
186 9
187 9
188 9
189 9
190 9
191 9
192 9
193 9
194 9
195 9
196 9
197 9
198 9
199 9
200 10
201 10
202 10
203 10
204 10
205 10
206 10
207 10
208 10
209 10
210 10
211 10
212 10
213 10
214 10
215 10
216 10
217 10
218 10
219 10
220 11
221 11
222 11
223 11
224 11
225 11
226 11
227 11
228 11
229 11
230 11
231 11
232 11
233 11
234 11
235 11
236 11
237 11
238 11
239 11
240 12
241 12
242 12
243 12
244 12
245 12
246 12
247 12
248 12
249 12
250 12
251 12
252 12
253 12
254 12
255 12
256 12
257 12
258 12
259 12
260 13
261 13
262 13
263 13
264 13
265 13
266 13
267 13
268 13
269 13
270 13
271 13
272 13
273 13
274 13
275 13
276 13
277 13
278 13
279 13
280 14
281 14
282 14
283 14
284 14
285 14
286 14
287 14
288 14
289 14
290 14
291 14
292 14
293 14
294 14
295 14
296 14
297 14
298 14
299 14
300 15
301 15
302 15
303 15
304 15
305 15
306 15
307 15
308 15
309 15
310 15
311 15
312 15
313 15
314 15
315 15
316 15
317 15
318 15
319 15

2 1 0 0
2 0 0 0
3 1 0 0
3 0 0 0
4 1 0 0
4 3 0 0
5 0 0 0
5 3 0 0
6 3 0 0
6 4 0 0
7 0 0 0
7 6 0 0
8 3 0 0
8 2 0 0
9 2 0 0
9 4 0 0
10 4 0 0
10 3 0 0
11 4 0 0
11 1 0 0
12 3 0 0
12 8 0 0
13 1 0 0
13 5 0 0
14 13 0 0
14 12 0 0
15 1 0 0
15 8 0 0
16 15 0 0
16 5 0 0
17 1 0 0
17 15 0 0
18 3 0 0
18 15 0 0
19 17 0 0
19 2 0 0
0 17 0 0
0 10 0 0
1 12 0 0
1 18 0 0
22 21 1 1
22 20 1 1
23 20 1 1
23 22 1 1
24 22 1 1
24 20 1 1
25 22 1 1
25 24 1 1
26 22 1 1
26 24 1 1
27 25 1 1
27 21 1 1
28 22 1 1
28 24 1 1
29 21 1 1
29 27 1 1
30 28 1 1
30 23 1 1
31 24 1 1
31 20 1 1
32 27 1 1
32 25 1 1
33 20 1 1
33 21 1 1
34 30 1 1
34 21 1 1
35 34 1 1
35 21 1 1
36 28 1 1
36 27 1 1
37 24 1 1
37 20 1 1
38 26 1 1
38 30 1 1
39 22 1 1
39 32 1 1
20 35 1 1
20 38 1 1
21 36 1 1
21 23 1 1
42 40 2 2
42 41 2 2
43 41 2 2
43 40 2 2
44 41 2 2
44 43 2 2
45 44 2 2
45 43 2 2
46 45 2 2
46 44 2 2
47 42 2 2
47 41 2 2
48 46 2 2
48 41 2 2
49 41 2 2
49 45 2 2
50 42 2 2
50 47 2 2
51 43 2 2
51 49 2 2
52 48 2 2
52 46 2 2
53 43 2 2
53 51 2 2
54 41 2 2
54 49 2 2
55 50 2 2
55 42 2 2
56 54 2 2
56 44 2 2
57 43 2 2
57 55 2 2
58 45 2 2
58 44 2 2
59 42 2 2
59 55 2 2
40 53 2 2
40 59 2 2
41 46 2 2
41 45 2 2
62 60 3 3
62 61 3 3
63 61 3 3
63 60 3 3
64 63 3 3
64 60 3 3
65 62 3 3
65 64 3 3
66 60 3 3
66 64 3 3
67 61 3 3
67 60 3 3
68 61 3 3
68 66 3 3
69 67 3 3
69 64 3 3
70 60 3 3
70 66 3 3
71 62 3 3
71 60 3 3
72 65 3 3
72 64 3 3
73 72 3 3
73 68 3 3
74 60 3 3
74 64 3 3
75 65 3 3
75 62 3 3
76 72 3 3
76 64 3 3
77 68 3 3
77 74 3 3
78 66 3 3
78 64 3 3
79 68 3 3
79 71 3 3
60 65 3 3
60 78 3 3
61 69 3 3
61 78 3 3
82 80 4 4
82 81 4 4
83 82 4 4
83 80 4 4
84 80 4 4
84 82 4 4
85 84 4 4
85 81 4 4
86 82 4 4
86 81 4 4
87 85 4 4
87 83 4 4
88 84 4 4
88 80 4 4
89 83 4 4
89 80 4 4
90 85 4 4
90 80 4 4
91 85 4 4
91 80 4 4
92 85 4 4
92 89 4 4
93 89 4 4
93 85 4 4
94 81 4 4
94 89 4 4
95 92 4 4
95 85 4 4
96 90 4 4
96 94 4 4
97 80 4 4
97 84 4 4
98 91 4 4
98 90 4 4
99 91 4 4
99 85 4 4
80 94 4 4
80 86 4 4
81 87 4 4
81 97 4 4
102 101 5 5
102 100 5 5
103 100 5 5
103 101 5 5
104 101 5 5
104 100 5 5
105 104 5 5
105 102 5 5
106 101 5 5
106 105 5 5
107 100 5 5
107 102 5 5
108 101 5 5
108 103 5 5
109 102 5 5
109 105 5 5
110 109 5 5
110 101 5 5
111 104 5 5
111 108 5 5
112 108 5 5
112 110 5 5
113 106 5 5
113 102 5 5
114 106 5 5
114 101 5 5
115 113 5 5
115 110 5 5
116 107 5 5
116 105 5 5
117 111 5 5
117 100 5 5
118 108 5 5
118 102 5 5
119 101 5 5
119 117 5 5
100 112 5 5
100 114 5 5
101 116 5 5
101 112 5 5
122 121 6 6
122 120 6 6
123 121 6 6
123 120 6 6
124 122 6 6
124 121 6 6
125 124 6 6
125 120 6 6
126 123 6 6
126 124 6 6
127 124 6 6
127 126 6 6
128 120 6 6
128 123 6 6
129 122 6 6
129 121 6 6
130 126 6 6
130 127 6 6
131 120 6 6
131 129 6 6
132 127 6 6
132 123 6 6
133 131 6 6
133 122 6 6
134 131 6 6
134 133 6 6
135 121 6 6
135 132 6 6
136 120 6 6
136 131 6 6
137 134 6 6
137 125 6 6
138 126 6 6
138 124 6 6
139 135 6 6
139 121 6 6
120 127 6 6
120 134 6 6
121 132 6 6
121 126 6 6
142 141 7 7
142 140 7 7
143 141 7 7
143 142 7 7
144 143 7 7
144 141 7 7
145 143 7 7
145 140 7 7
146 140 7 7
146 142 7 7
147 145 7 7
147 140 7 7
148 146 7 7
148 143 7 7
149 147 7 7
149 141 7 7
150 142 7 7
150 145 7 7
151 150 7 7
151 149 7 7
152 147 7 7
152 149 7 7
153 150 7 7
153 151 7 7
154 146 7 7
154 152 7 7
155 147 7 7
155 151 7 7
156 153 7 7
156 147 7 7
157 151 7 7
157 155 7 7
158 147 7 7
158 149 7 7
159 149 7 7
159 157 7 7
140 154 7 7
140 155 7 7
141 155 7 7
141 156 7 7
162 160 8 8
162 161 8 8
163 161 8 8
163 162 8 8
164 162 8 8
164 161 8 8
165 162 8 8
165 160 8 8
166 165 8 8
166 161 8 8
167 164 8 8
167 163 8 8
168 162 8 8
168 164 8 8
169 164 8 8
169 168 8 8
170 165 8 8
170 160 8 8
171 168 8 8
171 170 8 8
172 168 8 8
172 167 8 8
173 160 8 8
173 171 8 8
174 160 8 8
174 172 8 8
175 167 8 8
175 172 8 8
176 161 8 8
176 163 8 8
177 176 8 8
177 165 8 8
178 166 8 8
178 165 8 8
179 168 8 8
179 160 8 8
160 177 8 8
160 172 8 8
161 172 8 8
161 169 8 8
182 180 9 9
182 181 9 9
183 182 9 9
183 180 9 9
184 183 9 9
184 182 9 9
185 184 9 9
185 181 9 9
186 184 9 9
186 183 9 9
187 182 9 9
187 186 9 9
188 186 9 9
188 182 9 9
189 180 9 9
189 185 9 9
190 187 9 9
190 183 9 9
191 182 9 9
191 185 9 9
192 182 9 9
192 180 9 9
193 185 9 9
193 192 9 9
194 193 9 9
194 188 9 9
195 182 9 9
195 191 9 9
196 182 9 9
196 194 9 9
197 180 9 9
197 190 9 9
198 193 9 9
198 194 9 9
199 193 9 9
199 189 9 9
180 193 9 9
180 185 9 9
181 192 9 9
181 186 9 9
202 201 10 10
202 200 10 10
203 202 10 10
203 200 10 10
204 200 10 10
204 202 10 10
205 203 10 10
205 200 10 10
206 205 10 10
206 203 10 10
207 202 10 10
207 200 10 10
208 206 10 10
208 205 10 10
209 206 10 10
209 205 10 10
210 209 10 10
210 206 10 10
211 203 10 10
211 207 10 10
212 204 10 10
212 208 10 10
213 206 10 10
213 202 10 10
214 201 10 10
214 206 10 10
215 211 10 10
215 214 10 10
216 203 10 10
216 207 10 10
217 208 10 10
217 215 10 10
218 202 10 10
218 215 10 10
219 204 10 10
219 207 10 10
200 211 10 10
200 219 10 10
201 209 10 10
201 203 10 10
222 221 11 11
222 220 11 11
223 221 11 11
223 220 11 11
224 222 11 11
224 220 11 11
225 222 11 11
225 221 11 11
226 223 11 11
226 225 11 11
227 223 11 11
227 221 11 11
228 224 11 11
228 222 11 11
229 220 11 11
229 227 11 11
230 220 11 11
230 228 11 11
231 221 11 11
231 222 11 11
232 231 11 11
232 230 11 11
233 222 11 11
233 224 11 11
234 231 11 11
234 233 11 11
235 234 11 11
235 227 11 11
236 225 11 11
236 228 11 11
237 222 11 11
237 220 11 11
238 224 11 11
238 220 11 11
239 225 11 11
239 224 11 11
220 239 11 11
220 228 11 11
221 233 11 11
221 232 11 11
242 241 12 12
242 240 12 12
243 241 12 12
243 240 12 12
244 242 12 12
244 241 12 12
245 240 12 12
245 242 12 12
246 245 12 12
246 244 12 12
247 241 12 12
247 244 12 12
248 246 12 12
248 242 12 12
249 246 12 12
249 241 12 12
250 248 12 12
250 246 12 12
251 247 12 12
251 246 12 12
252 240 12 12
252 251 12 12
253 246 12 12
253 251 12 12
254 245 12 12
254 242 12 12
255 243 12 12
255 251 12 12
256 249 12 12
256 252 12 12
257 249 12 12
257 245 12 12
258 253 12 12
258 255 12 12
259 247 12 12
259 248 12 12
240 249 12 12
240 247 12 12
241 250 12 12
241 255 12 12
262 261 13 13
262 260 13 13
263 262 13 13
263 260 13 13
264 262 13 13
264 261 13 13
265 262 13 13
265 261 13 13
266 261 13 13
266 264 13 13
267 265 13 13
267 260 13 13
268 266 13 13
268 260 13 13
269 267 13 13
269 266 13 13
270 261 13 13
270 266 13 13
271 266 13 13
271 264 13 13
272 267 13 13
272 260 13 13
273 267 13 13
273 272 13 13
274 268 13 13
274 272 13 13
275 261 13 13
275 266 13 13
276 268 13 13
276 266 13 13
277 272 13 13
277 274 13 13
278 260 13 13
278 261 13 13
279 269 13 13
279 266 13 13
260 276 13 13
260 266 13 13
261 276 13 13
261 269 13 13
282 281 14 14
282 280 14 14
283 282 14 14
283 281 14 14
284 282 14 14
284 283 14 14
285 283 14 14
285 281 14 14
286 280 14 14
286 284 14 14
287 286 14 14
287 280 14 14
288 283 14 14
288 286 14 14
289 280 14 14
289 282 14 14
290 287 14 14
290 284 14 14
291 282 14 14
291 288 14 14
292 282 14 14
292 286 14 14
293 285 14 14
293 290 14 14
294 282 14 14
294 289 14 14
295 294 14 14
295 285 14 14
296 287 14 14
296 295 14 14
297 289 14 14
297 285 14 14
298 292 14 14
298 293 14 14
299 290 14 14
299 294 14 14
280 283 14 14
280 290 14 14
281 299 14 14
281 293 14 14
302 300 15 15
302 301 15 15
303 300 15 15
303 301 15 15
304 300 15 15
304 301 15 15
305 301 15 15
305 300 15 15
306 301 15 15
306 303 15 15
307 304 15 15
307 305 15 15
308 307 15 15
308 304 15 15
309 303 15 15
309 302 15 15
310 307 15 15
310 306 15 15
311 305 15 15
311 310 15 15
312 300 15 15
312 304 15 15
313 303 15 15
313 302 15 15
314 310 15 15
314 302 15 15
315 309 15 15
315 301 15 15
316 315 15 15
316 304 15 15
317 313 15 15
317 309 15 15
318 315 15 15
318 313 15 15
319 306 15 15
319 309 15 15
300 316 15 15
300 308 15 15
301 316 15 15
301 313 15 15
55 35 2 1
49 4 2 0
69 52 3 2
66 3 3 0
93 0 4 0
81 65 4 3
101 64 5 3
111 44 5 2
121 85 6 4
132 101 6 5
145 138 7 6
157 7 7 0
165 122 8 6
177 103 8 5
186 74 9 3
193 176 9 8
211 122 10 6
201 15 10 0
233 100 11 5
235 48 11 2
242 118 12 5
252 79 12 3
270 173 13 8
271 84 13 4
286 246 14 12
292 62 14 3
306 8 15 0
306 154 15 7
12 244 0 12
2 282 0 14
25 266 1 13
27 255 1 12
