swNum = 320
edgeNum = 672

0 0
1 0
2 0
3 0
4 0
5 0
6 0
7 0
8 0
9 0
10 0
11 0
12 0
13 0
14 0
15 0
16 0
17 0
18 0
19 0
20 1
21 1
22 1
23 1
24 1
25 1
26 1
27 1
28 1
29 1
30 1
31 1
32 1
33 1
34 1
35 1
36 1
37 1
38 1
39 1
40 2
41 2
42 2
43 2
44 2
45 2
46 2
47 2
48 2
49 2
50 2
51 2
52 2
53 2
54 2
55 2
56 2
57 2
58 2
59 2
60 3
61 3
62 3
63 3
64 3
65 3
66 3
67 3
68 3
69 3
70 3
71 3
72 3
73 3
74 3
75 3
76 3
77 3
78 3
79 3
80 4
81 4
82 4
83 4
84 4
85 4
86 4
87 4
88 4
89 4
90 4
91 4
92 4
93 4
94 4
95 4
96 4
97 4
98 4
99 4
100 5
101 5
102 5
103 5
104 5
105 5
106 5
107 5
108 5
109 5
110 5
111 5
112 5
113 5
114 5
115 5
116 5
117 5
118 5
119 5
120 6
121 6
122 6
123 6
124 6
125 6
126 6
127 6
128 6
129 6
130 6
131 6
132 6
133 6
134 6
135 6
136 6
137 6
138 6
139 6
140 7
141 7
142 7
143 7
144 7
145 7
146 7
147 7
148 7
149 7
150 7
151 7
152 7
153 7
154 7
155 7
156 7
157 7
158 7
159 7
160 8
161 8
162 8
163 8
164 8
165 8
166 8
167 8
168 8
169 8
170 8
171 8
172 8
173 8
174 8
175 8
176 8
177 8
178 8
179 8
180 9
181 9
182 9
183 9
184 9
185 9
186 9
187 9
188 9
189 9
190 9
191 9
192 9
193 9
194 9
195 9
196 9
197 9
198 9
199 9
200 10
201 10
202 10
203 10
204 10
205 10
206 10
207 10
208 10
209 10
210 10
211 10
212 10
213 10
214 10
215 10
216 10
217 10
218 10
219 10
220 11
221 11
222 11
223 11
224 11
225 11
226 11
227 11
228 11
229 11
230 11
231 11
232 11
233 11
234 11
235 11
236 11
237 11
238 11
239 11
240 12
241 12
242 12
243 12
244 12
245 12
246 12
247 12
248 12
249 12
250 12
251 12
252 12
253 12
254 12
255 12
256 12
257 12
258 12
259 12
260 13
261 13
262 13
263 13
264 13
265 13
266 13
267 13
268 13
269 13
270 13
271 13
272 13
273 13
274 13
275 13
276 13
277 13
278 13
279 13
280 14
281 14
282 14
283 14
284 14
285 14
286 14
287 14
288 14
289 14
290 14
291 14
292 14
293 14
294 14
295 14
296 14
297 14
298 14
299 14
300 15
301 15
302 15
303 15
304 15
305 15
306 15
307 15
308 15
309 15
310 15
311 15
312 15
313 15
314 15
315 15
316 15
317 15
318 15
319 15

2 0 0 0
2 1 0 0
3 0 0 0
3 2 0 0
4 0 0 0
4 2 0 0
5 4 0 0
5 0 0 0
6 4 0 0
6 5 0 0
7 6 0 0
7 0 0 0
8 3 0 0
8 4 0 0
9 7 0 0
9 6 0 0
10 0 0 0
10 8 0 0
11 1 0 0
11 3 0 0
12 3 0 0
12 8 0 0
13 2 0 0
13 12 0 0
14 5 0 0
14 3 0 0
15 2 0 0
15 1 0 0
16 13 0 0
16 0 0 0
17 14 0 0
17 0 0 0
18 15 0 0
18 5 0 0
19 15 0 0
19 8 0 0
0 6 0 0
0 15 0 0
1 10 0 0
1 19 0 0
22 21 1 1
22 20 1 1
23 21 1 1
23 22 1 1
24 22 1 1
24 23 1 1
25 20 1 1
25 23 1 1
26 24 1 1
26 21 1 1
27 23 1 1
27 26 1 1
28 26 1 1
28 21 1 1
29 24 1 1
29 28 1 1
30 25 1 1
30 29 1 1
31 24 1 1
31 22 1 1
32 24 1 1
32 27 1 1
33 27 1 1
33 31 1 1
34 26 1 1
34 20 1 1
35 24 1 1
35 27 1 1
36 25 1 1
36 29 1 1
37 21 1 1
37 31 1 1
38 20 1 1
38 34 1 1
39 31 1 1
39 30 1 1
20 39 1 1
20 36 1 1
21 35 1 1
21 27 1 1
42 40 2 2
42 41 2 2
43 41 2 2
43 40 2 2
44 41 2 2
44 42 2 2
45 42 2 2
45 40 2 2
46 41 2 2
46 44 2 2
47 44 2 2
47 41 2 2
48 40 2 2
48 41 2 2
49 40 2 2
49 48 2 2
50 43 2 2
50 44 2 2
51 50 2 2
51 46 2 2
52 49 2 2
52 40 2 2
53 45 2 2
53 42 2 2
54 50 2 2
54 40 2 2
55 41 2 2
55 53 2 2
56 55 2 2
56 40 2 2
57 53 2 2
57 44 2 2
58 57 2 2
58 48 2 2
59 43 2 2
59 50 2 2
40 53 2 2
40 50 2 2
41 57 2 2
41 53 2 2
62 60 3 3
62 61 3 3
63 60 3 3
63 61 3 3
64 63 3 3
64 60 3 3
65 63 3 3
65 60 3 3
66 61 3 3
66 62 3 3
67 60 3 3
67 65 3 3
68 61 3 3
68 67 3 3
69 63 3 3
69 62 3 3
70 67 3 3
70 65 3 3
71 70 3 3
71 63 3 3
72 68 3 3
72 70 3 3
73 67 3 3
73 61 3 3
74 65 3 3
74 70 3 3
75 72 3 3
75 66 3 3
76 66 3 3
76 68 3 3
77 75 3 3
77 76 3 3
78 76 3 3
78 65 3 3
79 66 3 3
79 78 3 3
60 78 3 3
60 66 3 3
61 69 3 3
61 67 3 3
82 81 4 4
82 80 4 4
83 82 4 4
83 80 4 4
84 81 4 4
84 83 4 4
85 84 4 4
85 81 4 4
86 80 4 4
86 84 4 4
87 81 4 4
87 85 4 4
88 80 4 4
88 81 4 4
89 82 4 4
89 88 4 4
90 80 4 4
90 86 4 4
91 88 4 4
91 82 4 4
92 87 4 4
92 86 4 4
93 80 4 4
93 84 4 4
94 80 4 4
94 86 4 4
95 92 4 4
95 82 4 4
96 87 4 4
96 82 4 4
97 87 4 4
97 96 4 4
98 84 4 4
98 82 4 4
99 96 4 4
99 91 4 4
80 96 4 4
80 98 4 4
81 89 4 4
81 97 4 4
102 101 5 5
102 100 5 5
103 100 5 5
103 101 5 5
104 102 5 5
104 100 5 5
105 101 5 5
105 103 5 5
106 104 5 5
106 102 5 5
107 101 5 5
107 106 5 5
108 106 5 5
108 105 5 5
109 104 5 5
109 102 5 5
110 105 5 5
110 100 5 5
111 103 5 5
111 100 5 5
112 105 5 5
112 102 5 5
113 106 5 5
113 105 5 5
114 101 5 5
114 113 5 5
115 107 5 5
115 103 5 5
116 111 5 5
116 107 5 5
117 107 5 5
117 101 5 5
118 115 5 5
118 113 5 5
119 118 5 5
119 105 5 5
100 113 5 5
100 112 5 5
101 116 5 5
101 111 5 5
122 121 6 6
122 120 6 6
123 122 6 6
123 121 6 6
124 122 6 6
124 120 6 6
125 123 6 6
125 121 6 6
126 125 6 6
126 123 6 6
127 121 6 6
127 125 6 6
128 122 6 6
128 121 6 6
129 127 6 6
129 124 6 6
130 121 6 6
130 123 6 6
131 130 6 6
131 128 6 6
132 122 6 6
132 128 6 6
133 130 6 6
133 132 6 6
134 131 6 6
134 133 6 6
135 127 6 6
135 134 6 6
136 135 6 6
136 134 6 6
137 129 6 6
137 123 6 6
138 124 6 6
138 137 6 6
139 129 6 6
139 134 6 6
120 133 6 6
120 134 6 6
121 129 6 6
121 132 6 6
142 141 7 7
142 140 7 7
143 140 7 7
143 141 7 7
144 142 7 7
144 143 7 7
145 141 7 7
145 142 7 7
146 145 7 7
146 144 7 7
147 142 7 7
147 141 7 7
148 145 7 7
148 147 7 7
149 146 7 7
149 145 7 7
150 141 7 7
150 148 7 7
151 141 7 7
151 143 7 7
152 142 7 7
152 144 7 7
153 141 7 7
153 143 7 7
154 153 7 7
154 150 7 7
155 152 7 7
155 150 7 7
156 143 7 7
156 153 7 7
157 144 7 7
157 147 7 7
158 143 7 7
158 140 7 7
159 144 7 7
159 150 7 7
140 144 7 7
140 151 7 7
141 154 7 7
141 155 7 7
162 160 8 8
162 161 8 8
163 161 8 8
163 160 8 8
164 160 8 8
164 163 8 8
165 163 8 8
165 162 8 8
166 162 8 8
166 160 8 8
167 162 8 8
167 165 8 8
168 160 8 8
168 166 8 8
169 165 8 8
169 161 8 8
170 168 8 8
170 165 8 8
171 169 8 8
171 161 8 8
172 162 8 8
172 171 8 8
173 164 8 8
173 161 8 8
174 171 8 8
174 163 8 8
175 169 8 8
175 172 8 8
176 166 8 8
176 169 8 8
177 169 8 8
177 163 8 8
178 164 8 8
178 173 8 8
179 169 8 8
179 161 8 8
160 170 8 8
160 178 8 8
161 164 8 8
161 174 8 8
182 181 9 9
182 180 9 9
183 182 9 9
183 181 9 9
184 181 9 9
184 182 9 9
185 183 9 9
185 180 9 9
186 185 9 9
186 180 9 9
187 185 9 9
187 181 9 9
188 184 9 9
188 187 9 9
189 188 9 9
189 183 9 9
190 184 9 9
190 187 9 9
191 190 9 9
191 187 9 9
192 189 9 9
192 185 9 9
193 192 9 9
193 182 9 9
194 191 9 9
194 182 9 9
195 182 9 9
195 190 9 9
196 189 9 9
196 192 9 9
197 190 9 9
197 187 9 9
198 180 9 9
198 186 9 9
199 190 9 9
199 183 9 9
180 196 9 9
180 195 9 9
181 190 9 9
181 199 9 9
202 201 10 10
202 200 10 10
203 202 10 10
203 200 10 10
204 201 10 10
204 200 10 10
205 202 10 10
205 204 10 10
206 202 10 10
206 201 10 10
207 204 10 10
207 202 10 10
208 205 10 10
208 204 10 10
209 200 10 10
209 202 10 10
210 207 10 10
210 202 10 10
211 201 10 10
211 208 10 10
212 202 10 10
212 204 10 10
213 209 10 10
213 206 10 10
214 202 10 10
214 203 10 10
215 210 10 10
215 205 10 10
216 211 10 10
216 205 10 10
217 203 10 10
217 202 10 10
218 205 10 10
218 211 10 10
219 217 10 10
219 209 10 10
200 214 10 10
200 219 10 10
201 203 10 10
201 208 10 10
222 220 11 11
222 221 11 11
223 220 11 11
223 222 11 11
224 222 11 11
224 223 11 11
225 222 11 11
225 224 11 11
226 223 11 11
226 220 11 11
227 220 11 11
227 223 11 11
228 225 11 11
228 224 11 11
229 228 11 11
229 220 11 11
230 220 11 11
230 229 11 11
231 223 11 11
231 227 11 11
232 226 11 11
232 225 11 11
233 227 11 11
233 229 11 11
234 225 11 11
234 227 11 11
235 230 11 11
235 229 11 11
236 225 11 11
236 222 11 11
237 226 11 11
237 224 11 11
238 235 11 11
238 226 11 11
239 223 11 11
239 226 11 11
220 236 11 11
220 239 11 11
221 224 11 11
221 227 11 11
242 241 12 12
242 240 12 12
243 241 12 12
243 242 12 12
244 241 12 12
244 242 12 12
245 241 12 12
245 244 12 12
246 241 12 12
246 242 12 12
247 240 12 12
247 242 12 12
248 240 12 12
248 241 12 12
249 241 12 12
249 244 12 12
250 245 12 12
250 246 12 12
251 242 12 12
251 241 12 12
252 249 12 12
252 246 12 12
253 240 12 12
253 251 12 12
254 243 12 12
254 247 12 12
255 252 12 12
255 240 12 12
256 242 12 12
256 247 12 12
257 249 12 12
257 241 12 12
258 257 12 12
258 250 12 12
259 250 12 12
259 251 12 12
240 251 12 12
240 254 12 12
241 247 12 12
241 259 12 12
262 261 13 13
262 260 13 13
263 260 13 13
263 261 13 13
264 262 13 13
264 263 13 13
265 262 13 13
265 260 13 13
266 263 13 13
266 265 13 13
267 263 13 13
267 260 13 13
268 261 13 13
268 266 13 13
269 267 13 13
269 268 13 13
270 269 13 13
270 261 13 13
271 269 13 13
271 268 13 13
272 262 13 13
272 270 13 13
273 260 13 13
273 268 13 13
274 269 13 13
274 263 13 13
275 272 13 13
275 260 13 13
276 263 13 13
276 274 13 13
277 262 13 13
277 261 13 13
278 270 13 13
278 269 13 13
279 272 13 13
279 278 13 13
260 270 13 13
260 279 13 13
261 269 13 13
261 265 13 13
282 281 14 14
282 280 14 14
283 282 14 14
283 281 14 14
284 280 14 14
284 281 14 14
285 280 14 14
285 283 14 14
286 282 14 14
286 285 14 14
287 284 14 14
287 286 14 14
288 285 14 14
288 283 14 14
289 280 14 14
289 288 14 14
290 282 14 14
290 289 14 14
291 282 14 14
291 281 14 14
292 289 14 14
292 290 14 14
293 288 14 14
293 282 14 14
294 290 14 14
294 286 14 14
295 284 14 14
295 292 14 14
296 282 14 14
296 283 14 14
297 285 14 14
297 283 14 14
298 290 14 14
298 295 14 14
299 289 14 14
299 285 14 14
280 295 14 14
280 292 14 14
281 299 14 14
281 293 14 14
302 300 15 15
302 301 15 15
303 301 15 15
303 302 15 15
304 302 15 15
304 301 15 15
305 303 15 15
305 304 15 15
306 305 15 15
306 304 15 15
307 303 15 15
307 301 15 15
308 305 15 15
308 306 15 15
309 308 15 15
309 304 15 15
310 300 15 15
310 308 15 15
311 303 15 15
311 302 15 15
312 307 15 15
312 301 15 15
313 309 15 15
313 308 15 15
314 311 15 15
314 313 15 15
315 302 15 15
315 314 15 15
316 308 15 15
316 313 15 15
317 316 15 15
317 303 15 15
318 306 15 15
318 304 15 15
319 314 15 15
319 300 15 15
300 315 15 15
300 317 15 15
301 315 15 15
301 311 15 15
45 0 2 0
45 25 2 1
78 26 3 1
64 17 3 0
95 19 4 0
89 64 4 3
107 77 5 3
105 23 5 1
123 81 6 4
130 32 6 1
140 121 7 6
151 62 7 3
177 52 8 2
165 97 8 4
188 7 9 0
191 154 9 7
206 23 10 1
205 17 10 0
227 8 11 0
220 193 11 9
258 52 12 2
248 8 12 0
271 199 13 9
269 146 13 7
285 211 14 10
292 97 14 4
319 140 15 7
300 7 15 0
1 127 0 6
16 146 0 7
29 94 1 4
27 292 1 14
