swNum = 320
edgeNum = 672

0 0
1 0
2 0
3 0
4 0
5 0
6 0
7 0
8 0
9 0
10 0
11 0
12 0
13 0
14 0
15 0
16 0
17 0
18 0
19 0
20 1
21 1
22 1
23 1
24 1
25 1
26 1
27 1
28 1
29 1
30 1
31 1
32 1
33 1
34 1
35 1
36 1
37 1
38 1
39 1
40 2
41 2
42 2
43 2
44 2
45 2
46 2
47 2
48 2
49 2
50 2
51 2
52 2
53 2
54 2
55 2
56 2
57 2
58 2
59 2
60 3
61 3
62 3
63 3
64 3
65 3
66 3
67 3
68 3
69 3
70 3
71 3
72 3
73 3
74 3
75 3
76 3
77 3
78 3
79 3
80 4
81 4
82 4
83 4
84 4
85 4
86 4
87 4
88 4
89 4
90 4
91 4
92 4
93 4
94 4
95 4
96 4
97 4
98 4
99 4
100 5
101 5
102 5
103 5
104 5
105 5
106 5
107 5
108 5
109 5
110 5
111 5
112 5
113 5
114 5
115 5
116 5
117 5
118 5
119 5
120 6
121 6
122 6
123 6
124 6
125 6
126 6
127 6
128 6
129 6
130 6
131 6
132 6
133 6
134 6
135 6
136 6
137 6
138 6
139 6
140 7
141 7
142 7
143 7
144 7
145 7
146 7
147 7
148 7
149 7
150 7
151 7
152 7
153 7
154 7
155 7
156 7
157 7
158 7
159 7
160 8
161 8
162 8
163 8
164 8
165 8
166 8
167 8
168 8
169 8
170 8
171 8
172 8
173 8
174 8
175 8
176 8
177 8
178 8
179 8
180 9
181 9
182 9
183 9
184 9
185 9
186 9
187 9
188 9
189 9
190 9
191 9
192 9
193 9
194 9
195 9
196 9
197 9
198 9
199 9
200 10
201 10
202 10
203 10
204 10
205 10
206 10
207 10
208 10
209 10
210 10
211 10
212 10
213 10
214 10
215 10
216 10
217 10
218 10
219 10
220 11
221 11
222 11
223 11
224 11
225 11
226 11
227 11
228 11
229 11
230 11
231 11
232 11
233 11
234 11
235 11
236 11
237 11
238 11
239 11
240 12
241 12
242 12
243 12
244 12
245 12
246 12
247 12
248 12
249 12
250 12
251 12
252 12
253 12
254 12
255 12
256 12
257 12
258 12
259 12
260 13
261 13
262 13
263 13
264 13
265 13
266 13
267 13
268 13
269 13
270 13
271 13
272 13
273 13
274 13
275 13
276 13
277 13
278 13
279 13
280 14
281 14
282 14
283 14
284 14
285 14
286 14
287 14
288 14
289 14
290 14
291 14
292 14
293 14
294 14
295 14
296 14
297 14
298 14
299 14
300 15
301 15
302 15
303 15
304 15
305 15
306 15
307 15
308 15
309 15
310 15
311 15
312 15
313 15
314 15
315 15
316 15
317 15
318 15
319 15

2 0 0 0
2 1 0 0
3 2 0 0
3 0 0 0
4 2 0 0
4 3 0 0
5 4 0 0
5 0 0 0
6 2 0 0
6 1 0 0
7 0 0 0
7 3 0 0
8 7 0 0
8 2 0 0
9 7 0 0
9 5 0 0
10 7 0 0
10 4 0 0
11 6 0 0
11 4 0 0
12 4 0 0
12 10 0 0
13 12 0 0
13 9 0 0
14 9 0 0
14 6 0 0
15 9 0 0
15 6 0 0
16 14 0 0
16 3 0 0
17 0 0 0
17 8 0 0
18 5 0 0
18 12 0 0
19 17 0 0
19 6 0 0
0 18 0 0
0 15 0 0
1 19 0 0
1 14 0 0
22 21 1 1
22 20 1 1
23 21 1 1
23 20 1 1
24 21 1 1
24 20 1 1
25 23 1 1
25 24 1 1
26 20 1 1
26 24 1 1
27 23 1 1
27 26 1 1
28 23 1 1
28 25 1 1
29 25 1 1
29 21 1 1
30 26 1 1
30 22 1 1
31 29 1 1
31 26 1 1
32 23 1 1
32 28 1 1
33 20 1 1
33 29 1 1
34 20 1 1
34 30 1 1
35 34 1 1
35 21 1 1
36 31 1 1
36 25 1 1
37 25 1 1
37 36 1 1
38 20 1 1
38 34 1 1
39 23 1 1
39 27 1 1
20 30 1 1
20 37 1 1
21 37 1 1
21 27 1 1
42 40 2 2
42 41 2 2
43 42 2 2
43 41 2 2
44 41 2 2
44 43 2 2
45 44 2 2
45 42 2 2
46 43 2 2
46 44 2 2
47 44 2 2
47 46 2 2
48 40 2 2
48 42 2 2
49 45 2 2
49 48 2 2
50 48 2 2
50 41 2 2
51 45 2 2
51 49 2 2
52 46 2 2
52 44 2 2
53 52 2 2
53 49 2 2
54 48 2 2
54 52 2 2
55 49 2 2
55 53 2 2
56 48 2 2
56 42 2 2
57 50 2 2
57 55 2 2
58 40 2 2
58 54 2 2
59 47 2 2
59 49 2 2
40 56 2 2
40 54 2 2
41 56 2 2
41 57 2 2
62 61 3 3
62 60 3 3
63 60 3 3
63 62 3 3
64 61 3 3
64 60 3 3
65 63 3 3
65 64 3 3
66 60 3 3
66 62 3 3
67 66 3 3
67 63 3 3
68 64 3 3
68 66 3 3
69 67 3 3
69 68 3 3
70 63 3 3
70 64 3 3
71 63 3 3
71 62 3 3
72 65 3 3
72 68 3 3
73 65 3 3
73 63 3 3
74 61 3 3
74 71 3 3
75 71 3 3
75 74 3 3
76 69 3 3
76 67 3 3
77 67 3 3
77 69 3 3
78 66 3 3
78 64 3 3
79 71 3 3
79 67 3 3
60 74 3 3
60 79 3 3
61 71 3 3
61 76 3 3
82 80 4 4
82 81 4 4
83 82 4 4
83 80 4 4
84 82 4 4
84 81 4 4
85 81 4 4
85 83 4 4
86 82 4 4
86 81 4 4
87 84 4 4
87 86 4 4
88 83 4 4
88 84 4 4
89 81 4 4
89 83 4 4
90 85 4 4
90 88 4 4
91 85 4 4
91 81 4 4
92 90 4 4
92 83 4 4
93 90 4 4
93 86 4 4
94 84 4 4
94 85 4 4
95 93 4 4
95 92 4 4
96 86 4 4
96 92 4 4
97 94 4 4
97 82 4 4
98 84 4 4
98 87 4 4
99 89 4 4
99 81 4 4
80 91 4 4
80 90 4 4
81 83 4 4
81 93 4 4
102 100 5 5
102 101 5 5
103 102 5 5
103 100 5 5
104 103 5 5
104 102 5 5
105 100 5 5
105 102 5 5
106 105 5 5
106 103 5 5
107 100 5 5
107 104 5 5
108 106 5 5
108 104 5 5
109 103 5 5
109 101 5 5
110 107 5 5
110 101 5 5
111 108 5 5
111 103 5 5
112 107 5 5
112 111 5 5
113 107 5 5
113 101 5 5
114 103 5 5
114 112 5 5
115 108 5 5
115 113 5 5
116 103 5 5
116 115 5 5
117 110 5 5
117 108 5 5
118 110 5 5
118 100 5 5
119 103 5 5
119 109 5 5
100 110 5 5
100 108 5 5
101 105 5 5
101 117 5 5
122 121 6 6
122 120 6 6
123 121 6 6
123 122 6 6
124 121 6 6
124 120 6 6
125 122 6 6
125 123 6 6
126 124 6 6
126 123 6 6
127 121 6 6
127 126 6 6
128 127 6 6
128 125 6 6
129 126 6 6
129 121 6 6
130 124 6 6
130 122 6 6
131 128 6 6
131 127 6 6
132 129 6 6
132 128 6 6
133 125 6 6
133 131 6 6
134 124 6 6
134 133 6 6
135 133 6 6
135 134 6 6
136 124 6 6
136 128 6 6
137 130 6 6
137 136 6 6
138 121 6 6
138 127 6 6
139 121 6 6
139 132 6 6
120 132 6 6
120 125 6 6
121 126 6 6
121 125 6 6
142 141 7 7
142 140 7 7
143 141 7 7
143 140 7 7
144 143 7 7
144 141 7 7
145 141 7 7
145 143 7 7
146 143 7 7
146 145 7 7
147 141 7 7
147 143 7 7
148 140 7 7
148 147 7 7
149 147 7 7
149 143 7 7
150 148 7 7
150 143 7 7
151 143 7 7
151 140 7 7
152 150 7 7
152 151 7 7
153 150 7 7
153 148 7 7
154 141 7 7
154 151 7 7
155 154 7 7
155 152 7 7
156 151 7 7
156 142 7 7
157 149 7 7
157 156 7 7
158 140 7 7
158 154 7 7
159 154 7 7
159 149 7 7
140 154 7 7
140 157 7 7
141 155 7 7
141 151 7 7
162 161 8 8
162 160 8 8
163 160 8 8
163 161 8 8
164 163 8 8
164 161 8 8
165 160 8 8
165 164 8 8
166 160 8 8
166 164 8 8
167 161 8 8
167 163 8 8
168 163 8 8
168 160 8 8
169 167 8 8
169 163 8 8
170 168 8 8
170 162 8 8
171 167 8 8
171 161 8 8
172 160 8 8
172 169 8 8
173 162 8 8
173 164 8 8
174 173 8 8
174 162 8 8
175 161 8 8
175 173 8 8
176 161 8 8
176 175 8 8
177 176 8 8
177 164 8 8
178 171 8 8
178 174 8 8
179 178 8 8
179 170 8 8
160 177 8 8
160 169 8 8
161 165 8 8
161 166 8 8
182 181 9 9
182 180 9 9
183 181 9 9
183 180 9 9
184 180 9 9
184 182 9 9
185 182 9 9
185 184 9 9
186 185 9 9
186 180 9 9
187 184 9 9
187 181 9 9
188 180 9 9
188 181 9 9
189 181 9 9
189 182 9 9
190 185 9 9
190 182 9 9
191 181 9 9
191 184 9 9
192 190 9 9
192 191 9 9
193 184 9 9
193 192 9 9
194 189 9 9
194 181 9 9
195 192 9 9
195 191 9 9
196 193 9 9
196 184 9 9
197 181 9 9
197 184 9 9
198 197 9 9
198 189 9 9
199 188 9 9
199 187 9 9
180 193 9 9
180 195 9 9
181 186 9 9
181 190 9 9
202 201 10 10
202 200 10 10
203 202 10 10
203 200 10 10
204 200 10 10
204 201 10 10
205 203 10 10
205 204 10 10
206 205 10 10
206 203 10 10
207 203 10 10
207 201 10 10
208 202 10 10
208 207 10 10
209 206 10 10
209 202 10 10
210 205 10 10
210 203 10 10
211 208 10 10
211 201 10 10
212 200 10 10
212 201 10 10
213 201 10 10
213 212 10 10
214 206 10 10
214 202 10 10
215 204 10 10
215 212 10 10
216 209 10 10
216 205 10 10
217 211 10 10
217 205 10 10
218 206 10 10
218 215 10 10
219 208 10 10
219 207 10 10
200 207 10 10
200 208 10 10
201 218 10 10
201 203 10 10
222 221 11 11
222 220 11 11
223 220 11 11
223 221 11 11
224 222 11 11
224 221 11 11
225 220 11 11
225 223 11 11
226 223 11 11
226 225 11 11
227 224 11 11
227 225 11 11
228 221 11 11
228 220 11 11
229 226 11 11
229 228 11 11
230 220 11 11
230 223 11 11
231 229 11 11
231 223 11 11
232 220 11 11
232 231 11 11
233 229 11 11
233 222 11 11
234 229 11 11
234 226 11 11
235 220 11 11
235 222 11 11
236 230 11 11
236 223 11 11
237 225 11 11
237 224 11 11
238 225 11 11
238 236 11 11
239 220 11 11
239 222 11 11
220 237 11 11
220 234 11 11
221 230 11 11
221 232 11 11
242 240 12 12
242 241 12 12
243 241 12 12
243 240 12 12
244 241 12 12
244 240 12 12
245 243 12 12
245 241 12 12
246 240 12 12
246 245 12 12
247 242 12 12
247 245 12 12
248 241 12 12
248 244 12 12
249 244 12 12
249 246 12 12
250 242 12 12
250 248 12 12
251 241 12 12
251 244 12 12
252 245 12 12
252 247 12 12
253 246 12 12
253 248 12 12
254 243 12 12
254 240 12 12
255 248 12 12
255 246 12 12
256 245 12 12
256 242 12 12
257 242 12 12
257 256 12 12
258 249 12 12
258 248 12 12
259 249 12 12
259 247 12 12
240 247 12 12
240 256 12 12
241 246 12 12
241 250 12 12
262 261 13 13
262 260 13 13
263 261 13 13
263 260 13 13
264 262 13 13
264 261 13 13
265 262 13 13
265 264 13 13
266 261 13 13
266 260 13 13
267 265 13 13
267 264 13 13
268 261 13 13
268 267 13 13
269 267 13 13
269 260 13 13
270 265 13 13
270 262 13 13
271 261 13 13
271 264 13 13
272 262 13 13
272 268 13 13
273 267 13 13
273 264 13 13
274 271 13 13
274 263 13 13
275 263 13 13
275 260 13 13
276 270 13 13
276 266 13 13
277 275 13 13
277 262 13 13
278 266 13 13
278 275 13 13
279 272 13 13
279 273 13 13
260 265 13 13
260 271 13 13
261 274 13 13
261 272 13 13
282 280 14 14
282 281 14 14
283 280 14 14
283 281 14 14
284 282 14 14
284 283 14 14
285 284 14 14
285 280 14 14
286 280 14 14
286 283 14 14
287 280 14 14
287 283 14 14
288 286 14 14
288 280 14 14
289 285 14 14
289 281 14 14
290 283 14 14
290 287 14 14
291 283 14 14
291 282 14 14
292 287 14 14
292 280 14 14
293 280 14 14
293 291 14 14
294 286 14 14
294 281 14 14
295 292 14 14
295 291 14 14
296 294 14 14
296 282 14 14
297 282 14 14
297 285 14 14
298 296 14 14
298 291 14 14
299 285 14 14
299 297 14 14
280 289 14 14
280 294 14 14
281 287 14 14
281 293 14 14
302 301 15 15
302 300 15 15
303 301 15 15
303 300 15 15
304 303 15 15
304 300 15 15
305 304 15 15
305 301 15 15
306 301 15 15
306 302 15 15
307 303 15 15
307 304 15 15
308 302 15 15
308 304 15 15
309 303 15 15
309 308 15 15
310 300 15 15
310 304 15 15
311 310 15 15
311 308 15 15
312 308 15 15
312 302 15 15
313 306 15 15
313 301 15 15
314 308 15 15
314 306 15 15
315 311 15 15
315 303 15 15
316 312 15 15
316 311 15 15
317 302 15 15
317 300 15 15
318 310 15 15
318 312 15 15
319 300 15 15
319 318 15 15
300 308 15 15
300 307 15 15
301 310 15 15
301 312 15 15
51 20 2 1
45 3 2 0
63 4 3 0
65 45 3 2
88 72 4 3
88 41 4 2
118 19 5 0
113 95 5 4
135 46 6 2
121 109 6 5
159 77 7 3
150 40 7 2
177 19 8 0
160 150 8 7
196 81 9 4
180 159 9 7
214 6 10 0
202 150 10 7
227 165 11 8
237 51 11 2
248 100 12 5
255 12 12 0
272 99 13 4
273 134 13 6
283 76 14 3
291 185 14 9
308 191 15 9
309 238 15 11
17 311 0 15
19 273 0 13
30 132 1 6
28 281 1 14
