swNum = 320
edgeNum = 672

0 0
1 0
2 0
3 0
4 0
5 0
6 0
7 0
8 0
9 0
10 0
11 0
12 0
13 0
14 0
15 0
16 0
17 0
18 0
19 0
20 1
21 1
22 1
23 1
24 1
25 1
26 1
27 1
28 1
29 1
30 1
31 1
32 1
33 1
34 1
35 1
36 1
37 1
38 1
39 1
40 2
41 2
42 2
43 2
44 2
45 2
46 2
47 2
48 2
49 2
50 2
51 2
52 2
53 2
54 2
55 2
56 2
57 2
58 2
59 2
60 3
61 3
62 3
63 3
64 3
65 3
66 3
67 3
68 3
69 3
70 3
71 3
72 3
73 3
74 3
75 3
76 3
77 3
78 3
79 3
80 4
81 4
82 4
83 4
84 4
85 4
86 4
87 4
88 4
89 4
90 4
91 4
92 4
93 4
94 4
95 4
96 4
97 4
98 4
99 4
100 5
101 5
102 5
103 5
104 5
105 5
106 5
107 5
108 5
109 5
110 5
111 5
112 5
113 5
114 5
115 5
116 5
117 5
118 5
119 5
120 6
121 6
122 6
123 6
124 6
125 6
126 6
127 6
128 6
129 6
130 6
131 6
132 6
133 6
134 6
135 6
136 6
137 6
138 6
139 6
140 7
141 7
142 7
143 7
144 7
145 7
146 7
147 7
148 7
149 7
150 7
151 7
152 7
153 7
154 7
155 7
156 7
157 7
158 7
159 7
160 8
161 8
162 8
163 8
164 8
165 8
166 8
167 8
168 8
169 8
170 8
171 8
172 8
173 8
174 8
175 8
176 8
177 8
178 8
179 8
180 9
181 9
182 9
183 9
184 9
185 9
186 9
187 9
188 9
189 9
190 9
191 9
192 9
193 9
194 9
195 9
196 9
197 9
198 9
199 9
200 10
201 10
202 10
203 10
204 10
205 10
206 10
207 10
208 10
209 10
210 10
211 10
212 10
213 10
214 10
215 10
216 10
217 10
218 10
219 10
220 11
221 11
222 11
223 11
224 11
225 11
226 11
227 11
228 11
229 11
230 11
231 11
232 11
233 11
234 11
235 11
236 11
237 11
238 11
239 11
240 12
241 12
242 12
243 12
244 12
245 12
246 12
247 12
248 12
249 12
250 12
251 12
252 12
253 12
254 12
255 12
256 12
257 12
258 12
259 12
260 13
261 13
262 13
263 13
264 13
265 13
266 13
267 13
268 13
269 13
270 13
271 13
272 13
273 13
274 13
275 13
276 13
277 13
278 13
279 13
280 14
281 14
282 14
283 14
284 14
285 14
286 14
287 14
288 14
289 14
290 14
291 14
292 14
293 14
294 14
295 14
296 14
297 14
298 14
299 14
300 15
301 15
302 15
303 15
304 15
305 15
306 15
307 15
308 15
309 15
310 15
311 15
312 15
313 15
314 15
315 15
316 15
317 15
318 15
319 15

2 1 0 0
2 0 0 0
3 0 0 0
3 2 0 0
4 1 0 0
4 3 0 0
5 1 0 0
5 3 0 0
6 1 0 0
6 0 0 0
7 3 0 0
7 6 0 0
8 6 0 0
8 2 0 0
9 8 0 0
9 1 0 0
10 4 0 0
10 1 0 0
11 1 0 0
11 4 0 0
12 3 0 0
12 1 0 0
13 5 0 0
13 2 0 0
14 3 0 0
14 12 0 0
15 11 0 0
15 4 0 0
16 7 0 0
16 8 0 0
17 13 0 0
17 3 0 0
18 5 0 0
18 13 0 0
19 5 0 0
19 13 0 0
0 12 0 0
0 4 0 0
1 7 0 0
1 15 0 0
22 20 1 1
22 21 1 1
23 21 1 1
23 22 1 1
24 23 1 1
24 21 1 1
25 22 1 1
25 23 1 1
26 23 1 1
26 24 1 1
27 25 1 1
27 22 1 1
28 20 1 1
28 21 1 1
29 27 1 1
29 28 1 1
30 26 1 1
30 23 1 1
31 28 1 1
31 23 1 1
32 25 1 1
32 27 1 1
33 30 1 1
33 21 1 1
34 31 1 1
34 24 1 1
35 34 1 1
35 24 1 1
36 27 1 1
36 33 1 1
37 20 1 1
37 24 1 1
38 28 1 1
38 24 1 1
39 21 1 1
39 26 1 1
20 23 1 1
20 32 1 1
21 31 1 1
21 38 1 1
42 40 2 2
42 41 2 2
43 42 2 2
43 40 2 2
44 40 2 2
44 42 2 2
45 42 2 2
45 43 2 2
46 42 2 2
46 45 2 2
47 40 2 2
47 45 2 2
48 41 2 2
48 46 2 2
49 45 2 2
49 43 2 2
50 45 2 2
50 40 2 2
51 49 2 2
51 42 2 2
52 43 2 2
52 51 2 2
53 51 2 2
53 49 2 2
54 45 2 2
54 43 2 2
55 52 2 2
55 54 2 2
56 44 2 2
56 48 2 2
57 43 2 2
57 47 2 2
58 44 2 2
58 40 2 2
59 58 2 2
59 55 2 2
40 57 2 2
40 49 2 2
41 45 2 2
41 52 2 2
62 61 3 3
62 60 3 3
63 61 3 3
63 60 3 3
64 60 3 3
64 62 3 3
65 64 3 3
65 62 3 3
66 65 3 3
66 64 3 3
67 64 3 3
67 62 3 3
68 64 3 3
68 60 3 3
69 65 3 3
69 64 3 3
70 60 3 3
70 68 3 3
71 63 3 3
71 64 3 3
72 68 3 3
72 69 3 3
73 68 3 3
73 71 3 3
74 60 3 3
74 61 3 3
75 72 3 3
75 69 3 3
76 71 3 3
76 72 3 3
77 61 3 3
77 63 3 3
78 69 3 3
78 75 3 3
79 72 3 3
79 68 3 3
60 72 3 3
60 73 3 3
61 68 3 3
61 70 3 3
82 80 4 4
82 81 4 4
83 82 4 4
83 80 4 4
84 83 4 4
84 80 4 4
85 80 4 4
85 82 4 4
86 82 4 4
86 83 4 4
87 81 4 4
87 83 4 4
88 80 4 4
88 82 4 4
89 80 4 4
89 83 4 4
90 86 4 4
90 83 4 4
91 89 4 4
91 84 4 4
92 91 4 4
92 82 4 4
93 92 4 4
93 86 4 4
94 90 4 4
94 80 4 4
95 85 4 4
95 90 4 4
96 91 4 4
96 87 4 4
97 91 4 4
97 80 4 4
98 83 4 4
98 90 4 4
99 88 4 4
99 98 4 4
80 93 4 4
80 86 4 4
81 96 4 4
81 92 4 4
102 101 5 5
102 100 5 5
103 101 5 5
103 100 5 5
104 102 5 5
104 101 5 5
105 100 5 5
105 101 5 5
106 102 5 5
106 104 5 5
107 105 5 5
107 101 5 5
108 106 5 5
108 107 5 5
109 105 5 5
109 101 5 5
110 102 5 5
110 107 5 5
111 103 5 5
111 101 5 5
112 110 5 5
112 103 5 5
113 108 5 5
113 105 5 5
114 104 5 5
114 111 5 5
115 102 5 5
115 103 5 5
116 107 5 5
116 109 5 5
117 112 5 5
117 113 5 5
118 111 5 5
118 100 5 5
119 111 5 5
119 103 5 5
100 116 5 5
100 106 5 5
101 118 5 5
101 117 5 5
122 120 6 6
122 121 6 6
123 121 6 6
123 120 6 6
124 122 6 6
124 120 6 6
125 124 6 6
125 121 6 6
126 122 6 6
126 123 6 6
127 120 6 6
127 123 6 6
128 125 6 6
128 120 6 6
129 120 6 6
129 125 6 6
130 125 6 6
130 124 6 6
131 121 6 6
131 120 6 6
132 130 6 6
132 124 6 6
133 131 6 6
133 132 6 6
134 129 6 6
134 124 6 6
135 134 6 6
135 121 6 6
136 133 6 6
136 120 6 6
137 129 6 6
137 133 6 6
138 133 6 6
138 126 6 6
139 126 6 6
139 128 6 6
120 134 6 6
120 133 6 6
121 137 6 6
121 124 6 6
142 140 7 7
142 141 7 7
143 142 7 7
143 141 7 7
144 142 7 7
144 143 7 7
145 141 7 7
145 142 7 7
146 144 7 7
146 140 7 7
147 145 7 7
147 146 7 7
148 140 7 7
148 143 7 7
149 148 7 7
149 145 7 7
150 142 7 7
150 149 7 7
151 148 7 7
151 140 7 7
152 143 7 7
152 140 7 7
153 142 7 7
153 150 7 7
154 147 7 7
154 153 7 7
155 146 7 7
155 153 7 7
156 152 7 7
156 140 7 7
157 140 7 7
157 156 7 7
158 141 7 7
158 149 7 7
159 149 7 7
159 147 7 7
140 158 7 7
140 155 7 7
141 159 7 7
141 156 7 7
162 161 8 8
162 160 8 8
163 160 8 8
163 161 8 8
164 162 8 8
164 161 8 8
165 160 8 8
165 161 8 8
166 161 8 8
166 162 8 8
167 162 8 8
167 160 8 8
168 164 8 8
168 165 8 8
169 163 8 8
169 162 8 8
170 166 8 8
170 165 8 8
171 164 8 8
171 169 8 8
172 162 8 8
172 167 8 8
173 165 8 8
173 168 8 8
174 163 8 8
174 165 8 8
175 161 8 8
175 165 8 8
176 160 8 8
176 170 8 8
177 169 8 8
177 161 8 8
178 168 8 8
178 167 8 8
179 163 8 8
179 169 8 8
160 170 8 8
160 174 8 8
161 179 8 8
161 178 8 8
182 180 9 9
182 181 9 9
183 180 9 9
183 181 9 9
184 183 9 9
184 180 9 9
185 182 9 9
185 184 9 9
186 181 9 9
186 183 9 9
187 183 9 9
187 184 9 9
188 183 9 9
188 186 9 9
189 188 9 9
189 180 9 9
190 180 9 9
190 183 9 9
191 186 9 9
191 183 9 9
192 188 9 9
192 189 9 9
193 189 9 9
193 191 9 9
194 183 9 9
194 189 9 9
195 180 9 9
195 183 9 9
196 189 9 9
196 182 9 9
197 189 9 9
197 183 9 9
198 180 9 9
198 189 9 9
199 190 9 9
199 184 9 9
180 187 9 9
180 194 9 9
181 190 9 9
181 192 9 9
202 201 10 10
202 200 10 10
203 202 10 10
203 200 10 10
204 202 10 10
204 203 10 10
205 200 10 10
205 203 10 10
206 200 10 10
206 202 10 10
207 201 10 10
207 204 10 10
208 201 10 10
208 200 10 10
209 201 10 10
209 202 10 10
210 207 10 10
210 205 10 10
211 204 10 10
211 210 10 10
212 211 10 10
212 205 10 10
213 204 10 10
213 212 10 10
214 205 10 10
214 212 10 10
215 213 10 10
215 209 10 10
216 203 10 10
216 205 10 10
217 214 10 10
217 206 10 10
218 211 10 10
218 212 10 10
219 206 10 10
219 207 10 10
200 215 10 10
200 214 10 10
201 212 10 10
201 203 10 10
222 221 11 11
222 220 11 11
223 221 11 11
223 220 11 11
224 221 11 11
224 220 11 11
225 220 11 11
225 221 11 11
226 223 11 11
226 220 11 11
227 224 11 11
227 222 11 11
228 224 11 11
228 227 11 11
229 221 11 11
229 227 11 11
230 220 11 11
230 222 11 11
231 229 11 11
231 227 11 11
232 230 11 11
232 224 11 11
233 223 11 11
233 221 11 11
234 230 11 11
234 226 11 11
235 228 11 11
235 231 11 11
236 230 11 11
236 222 11 11
237 229 11 11
237 222 11 11
238 231 11 11
238 222 11 11
239 226 11 11
239 232 11 11
220 232 11 11
220 227 11 11
221 226 11 11
221 236 11 11
242 240 12 12
242 241 12 12
243 242 12 12
243 241 12 12
244 240 12 12
244 242 12 12
245 244 12 12
245 240 12 12
246 240 12 12
246 243 12 12
247 240 12 12
247 243 12 12
248 240 12 12
248 246 12 12
249 244 12 12
249 247 12 12
250 244 12 12
250 245 12 12
251 250 12 12
251 249 12 12
252 246 12 12
252 248 12 12
253 250 12 12
253 252 12 12
254 240 12 12
254 241 12 12
255 250 12 12
255 246 12 12
256 251 12 12
256 248 12 12
257 249 12 12
257 256 12 12
258 240 12 12
258 251 12 12
259 257 12 12
259 240 12 12
240 257 12 12
240 253 12 12
241 259 12 12
241 247 12 12
262 261 13 13
262 260 13 13
263 260 13 13
263 262 13 13
264 260 13 13
264 263 13 13
265 261 13 13
265 260 13 13
266 265 13 13
266 261 13 13
267 262 13 13
267 266 13 13
268 265 13 13
268 266 13 13
269 262 13 13
269 263 13 13
270 262 13 13
270 264 13 13
271 266 13 13
271 268 13 13
272 268 13 13
272 265 13 13
273 265 13 13
273 272 13 13
274 261 13 13
274 269 13 13
275 269 13 13
275 262 13 13
276 260 13 13
276 266 13 13
277 264 13 13
277 270 13 13
278 263 13 13
278 270 13 13
279 271 13 13
279 276 13 13
260 275 13 13
260 266 13 13
261 264 13 13
261 267 13 13
282 280 14 14
282 281 14 14
283 282 14 14
283 281 14 14
284 282 14 14
284 280 14 14
285 283 14 14
285 282 14 14
286 285 14 14
286 280 14 14
287 283 14 14
287 281 14 14
288 284 14 14
288 282 14 14
289 284 14 14
289 285 14 14
290 289 14 14
290 287 14 14
291 288 14 14
291 285 14 14
292 285 14 14
292 287 14 14
293 284 14 14
293 288 14 14
294 287 14 14
294 290 14 14
295 291 14 14
295 293 14 14
296 283 14 14
296 282 14 14
297 296 14 14
297 282 14 14
298 290 14 14
298 284 14 14
299 280 14 14
299 296 14 14
280 298 14 14
280 294 14 14
281 292 14 14
281 288 14 14
302 301 15 15
302 300 15 15
303 300 15 15
303 301 15 15
304 301 15 15
304 303 15 15
305 302 15 15
305 301 15 15
306 303 15 15
306 301 15 15
307 304 15 15
307 303 15 15
308 307 15 15
308 300 15 15
309 305 15 15
309 306 15 15
310 300 15 15
310 305 15 15
311 304 15 15
311 309 15 15
312 304 15 15
312 302 15 15
313 302 15 15
313 301 15 15
314 311 15 15
314 304 15 15
315 312 15 15
315 309 15 15
316 307 15 15
316 300 15 15
317 315 15 15
317 316 15 15
318 309 15 15
318 310 15 15
319 309 15 15
319 312 15 15
300 314 15 15
300 307 15 15
301 309 15 15
301 318 15 15
48 25 2 1
44 2 2 0
64 26 3 1
66 58 3 2
91 37 4 1
98 75 4 3
111 6 5 0
103 82 5 4
135 40 6 2
130 73 6 3
141 19 7 0
144 87 7 4
170 18 8 0
173 66 8 3
194 153 9 7
182 71 9 3
205 137 10 6
207 175 10 8
221 63 11 3
222 52 11 2
256 164 12 8
243 23 12 1
266 225 13 11
269 8 13 0
295 107 14 5
288 175 14 8
309 13 15 0
301 170 15 8
8 203 0 10
18 229 0 11
27 219 1 10
30 228 1 11
