swNum = 320
edgeNum = 672

0 0
1 0
2 0
3 0
4 0
5 0
6 0
7 0
8 0
9 0
10 0
11 0
12 0
13 0
14 0
15 0
16 0
17 0
18 0
19 0
20 1
21 1
22 1
23 1
24 1
25 1
26 1
27 1
28 1
29 1
30 1
31 1
32 1
33 1
34 1
35 1
36 1
37 1
38 1
39 1
40 2
41 2
42 2
43 2
44 2
45 2
46 2
47 2
48 2
49 2
50 2
51 2
52 2
53 2
54 2
55 2
56 2
57 2
58 2
59 2
60 3
61 3
62 3
63 3
64 3
65 3
66 3
67 3
68 3
69 3
70 3
71 3
72 3
73 3
74 3
75 3
76 3
77 3
78 3
79 3
80 4
81 4
82 4
83 4
84 4
85 4
86 4
87 4
88 4
89 4
90 4
91 4
92 4
93 4
94 4
95 4
96 4
97 4
98 4
99 4
100 5
101 5
102 5
103 5
104 5
105 5
106 5
107 5
108 5
109 5
110 5
111 5
112 5
113 5
114 5
115 5
116 5
117 5
118 5
119 5
120 6
121 6
122 6
123 6
124 6
125 6
126 6
127 6
128 6
129 6
130 6
131 6
132 6
133 6
134 6
135 6
136 6
137 6
138 6
139 6
140 7
141 7
142 7
143 7
144 7
145 7
146 7
147 7
148 7
149 7
150 7
151 7
152 7
153 7
154 7
155 7
156 7
157 7
158 7
159 7
160 8
161 8
162 8
163 8
164 8
165 8
166 8
167 8
168 8
169 8
170 8
171 8
172 8
173 8
174 8
175 8
176 8
177 8
178 8
179 8
180 9
181 9
182 9
183 9
184 9
185 9
186 9
187 9
188 9
189 9
190 9
191 9
192 9
193 9
194 9
195 9
196 9
197 9
198 9
199 9
200 10
201 10
202 10
203 10
204 10
205 10
206 10
207 10
208 10
209 10
210 10
211 10
212 10
213 10
214 10
215 10
216 10
217 10
218 10
219 10
220 11
221 11
222 11
223 11
224 11
225 11
226 11
227 11
228 11
229 11
230 11
231 11
232 11
233 11
234 11
235 11
236 11
237 11
238 11
239 11
240 12
241 12
242 12
243 12
244 12
245 12
246 12
247 12
248 12
249 12
250 12
251 12
252 12
253 12
254 12
255 12
256 12
257 12
258 12
259 12
260 13
261 13
262 13
263 13
264 13
265 13
266 13
267 13
268 13
269 13
270 13
271 13
272 13
273 13
274 13
275 13
276 13
277 13
278 13
279 13
280 14
281 14
282 14
283 14
284 14
285 14
286 14
287 14
288 14
289 14
290 14
291 14
292 14
293 14
294 14
295 14
296 14
297 14
298 14
299 14
300 15
301 15
302 15
303 15
304 15
305 15
306 15
307 15
308 15
309 15
310 15
311 15
312 15
313 15
314 15
315 15
316 15
317 15
318 15
319 15

2 0 0 0
2 1 0 0
3 0 0 0
3 2 0 0
4 3 0 0
4 2 0 0
5 0 0 0
5 1 0 0
6 3 0 0
6 2 0 0
7 2 0 0
7 0 0 0
8 3 0 0
8 7 0 0
9 1 0 0
9 4 0 0
10 3 0 0
10 9 0 0
11 1 0 0
11 5 0 0
12 1 0 0
12 2 0 0
13 4 0 0
13 12 0 0
14 4 0 0
14 0 0 0
15 7 0 0
15 8 0 0
16 12 0 0
16 11 0 0
17 9 0 0
17 15 0 0
18 10 0 0
18 14 0 0
19 5 0 0
19 6 0 0
0 18 0 0
0 8 0 0
1 18 0 0
1 14 0 0
22 20 1 1
22 21 1 1
23 21 1 1
23 22 1 1
24 23 1 1
24 22 1 1
25 21 1 1
25 24 1 1
26 25 1 1
26 24 1 1
27 24 1 1
27 20 1 1
28 21 1 1
28 26 1 1
29 25 1 1
29 26 1 1
30 21 1 1
30 26 1 1
31 29 1 1
31 25 1 1
32 29 1 1
32 31 1 1
33 28 1 1
33 26 1 1
34 24 1 1
34 21 1 1
35 31 1 1
35 26 1 1
36 32 1 1
36 30 1 1
37 24 1 1
37 32 1 1
38 30 1 1
38 24 1 1
39 32 1 1
39 36 1 1
20 34 1 1
20 26 1 1
21 24 1 1
21 38 1 1
42 40 2 2
42 41 2 2
43 41 2 2
43 42 2 2
44 41 2 2
44 40 2 2
45 43 2 2
45 40 2 2
46 44 2 2
46 40 2 2
47 40 2 2
47 45 2 2
48 40 2 2
48 45 2 2
49 40 2 2
49 41 2 2
50 42 2 2
50 41 2 2
51 41 2 2
51 43 2 2
52 51 2 2
52 47 2 2
53 50 2 2
53 48 2 2
54 41 2 2
54 40 2 2
55 52 2 2
55 50 2 2
56 50 2 2
56 41 2 2
57 41 2 2
57 49 2 2
58 43 2 2
58 41 2 2
59 58 2 2
59 56 2 2
40 52 2 2
40 43 2 2
41 47 2 2
41 46 2 2
62 61 3 3
62 60 3 3
63 60 3 3
63 61 3 3
64 60 3 3
64 62 3 3
65 60 3 3
65 64 3 3
66 64 3 3
66 65 3 3
67 65 3 3
67 63 3 3
68 65 3 3
68 63 3 3
69 65 3 3
69 67 3 3
70 64 3 3
70 69 3 3
71 60 3 3
71 69 3 3
72 71 3 3
72 69 3 3
73 64 3 3
73 72 3 3
74 70 3 3
74 68 3 3
75 61 3 3
75 74 3 3
76 66 3 3
76 74 3 3
77 72 3 3
77 63 3 3
78 77 3 3
78 63 3 3
79 67 3 3
79 73 3 3
60 78 3 3
60 77 3 3
61 65 3 3
61 70 3 3
82 81 4 4
82 80 4 4
83 82 4 4
83 80 4 4
84 81 4 4
84 80 4 4
85 80 4 4
85 83 4 4
86 82 4 4
86 83 4 4
87 80 4 4
87 86 4 4
88 87 4 4
88 82 4 4
89 81 4 4
89 80 4 4
90 82 4 4
90 84 4 4
91 80 4 4
91 81 4 4
92 80 4 4
92 87 4 4
93 83 4 4
93 90 4 4
94 81 4 4
94 88 4 4
95 82 4 4
95 80 4 4
96 83 4 4
96 92 4 4
97 85 4 4
97 94 4 4
98 80 4 4
98 96 4 4
99 86 4 4
99 85 4 4
80 86 4 4
80 96 4 4
81 90 4 4
81 96 4 4
102 100 5 5
102 101 5 5
103 102 5 5
103 100 5 5
104 103 5 5
104 102 5 5
105 101 5 5
105 100 5 5
106 100 5 5
106 101 5 5
107 106 5 5
107 102 5 5
108 106 5 5
108 105 5 5
109 100 5 5
109 102 5 5
110 100 5 5
110 106 5 5
111 108 5 5
111 102 5 5
112 104 5 5
112 109 5 5
113 103 5 5
113 100 5 5
114 101 5 5
114 108 5 5
115 110 5 5
115 108 5 5
116 108 5 5
116 103 5 5
117 104 5 5
117 106 5 5
118 117 5 5
118 115 5 5
119 113 5 5
119 108 5 5
100 116 5 5
100 104 5 5
101 116 5 5
101 104 5 5
122 121 6 6
122 120 6 6
123 121 6 6
123 122 6 6
124 123 6 6
124 120 6 6
125 120 6 6
125 122 6 6
126 124 6 6
126 121 6 6
127 123 6 6
127 126 6 6
128 121 6 6
128 123 6 6
129 124 6 6
129 120 6 6
130 121 6 6
130 128 6 6
131 123 6 6
131 129 6 6
132 129 6 6
132 124 6 6
133 132 6 6
133 129 6 6
134 128 6 6
134 130 6 6
135 128 6 6
135 131 6 6
136 130 6 6
136 131 6 6
137 133 6 6
137 124 6 6
138 127 6 6
138 136 6 6
139 122 6 6
139 125 6 6
120 133 6 6
120 131 6 6
121 129 6 6
121 135 6 6
142 140 7 7
142 141 7 7
143 142 7 7
143 141 7 7
144 141 7 7
144 143 7 7
145 144 7 7
145 141 7 7
146 142 7 7
146 144 7 7
147 140 7 7
147 145 7 7
148 140 7 7
148 143 7 7
149 147 7 7
149 144 7 7
150 149 7 7
150 145 7 7
151 149 7 7
151 142 7 7
152 147 7 7
152 141 7 7
153 140 7 7
153 152 7 7
154 151 7 7
154 142 7 7
155 154 7 7
155 151 7 7
156 144 7 7
156 149 7 7
157 145 7 7
157 155 7 7
158 151 7 7
158 153 7 7
159 145 7 7
159 152 7 7
140 158 7 7
140 152 7 7
141 149 7 7
141 156 7 7
162 160 8 8
162 161 8 8
163 161 8 8
163 160 8 8
164 163 8 8
164 162 8 8
165 164 8 8
165 161 8 8
166 163 8 8
166 164 8 8
167 163 8 8
167 160 8 8
168 164 8 8
168 166 8 8
169 166 8 8
169 160 8 8
170 165 8 8
170 164 8 8
171 166 8 8
171 170 8 8
172 170 8 8
172 163 8 8
173 171 8 8
173 161 8 8
174 164 8 8
174 171 8 8
175 172 8 8
175 174 8 8
176 173 8 8
176 168 8 8
177 161 8 8
177 173 8 8
178 164 8 8
178 175 8 8
179 174 8 8
179 168 8 8
160 173 8 8
160 172 8 8
161 179 8 8
161 168 8 8
182 181 9 9
182 180 9 9
183 180 9 9
183 181 9 9
184 183 9 9
184 182 9 9
185 183 9 9
185 180 9 9
186 180 9 9
186 184 9 9
187 185 9 9
187 183 9 9
188 181 9 9
188 182 9 9
189 185 9 9
189 182 9 9
190 181 9 9
190 183 9 9
191 184 9 9
191 185 9 9
192 186 9 9
192 191 9 9
193 189 9 9
193 185 9 9
194 190 9 9
194 180 9 9
195 184 9 9
195 185 9 9
196 195 9 9
196 183 9 9
197 192 9 9
197 196 9 9
198 180 9 9
198 195 9 9
199 198 9 9
199 195 9 9
180 187 9 9
180 195 9 9
181 198 9 9
181 186 9 9
202 200 10 10
202 201 10 10
203 200 10 10
203 202 10 10
204 201 10 10
204 203 10 10
205 204 10 10
205 202 10 10
206 201 10 10
206 203 10 10
207 202 10 10
207 204 10 10
208 203 10 10
208 200 10 10
209 208 10 10
209 206 10 10
210 200 10 10
210 202 10 10
211 204 10 10
211 206 10 10
212 209 10 10
212 201 10 10
213 206 10 10
213 201 10 10
214 209 10 10
214 201 10 10
215 200 10 10
215 202 10 10
216 205 10 10
216 202 10 10
217 201 10 10
217 205 10 10
218 213 10 10
218 200 10 10
219 218 10 10
219 215 10 10
200 212 10 10
200 213 10 10
201 207 10 10
201 209 10 10
222 221 11 11
222 220 11 11
223 220 11 11
223 222 11 11
224 220 11 11
224 221 11 11
225 224 11 11
225 223 11 11
226 223 11 11
226 221 11 11
227 226 11 11
227 220 11 11
228 224 11 11
228 223 11 11
229 222 11 11
229 220 11 11
230 226 11 11
230 221 11 11
231 230 11 11
231 221 11 11
232 225 11 11
232 230 11 11
233 226 11 11
233 230 11 11
234 220 11 11
234 233 11 11
235 233 11 11
235 228 11 11
236 221 11 11
236 234 11 11
237 234 11 11
237 220 11 11
238 224 11 11
238 220 11 11
239 220 11 11
239 224 11 11
220 225 11 11
220 236 11 11
221 233 11 11
221 237 11 11
242 240 12 12
242 241 12 12
243 241 12 12
243 242 12 12
244 241 12 12
244 240 12 12
245 244 12 12
245 243 12 12
246 242 12 12
246 244 12 12
247 240 12 12
247 243 12 12
248 244 12 12
248 245 12 12
249 241 12 12
249 242 12 12
250 244 12 12
250 242 12 12
251 244 12 12
251 243 12 12
252 250 12 12
252 248 12 12
253 244 12 12
253 246 12 12
254 247 12 12
254 253 12 12
255 248 12 12
255 242 12 12
256 255 12 12
256 245 12 12
257 253 12 12
257 242 12 12
258 241 12 12
258 247 12 12
259 249 12 12
259 248 12 12
240 249 12 12
240 251 12 12
241 247 12 12
241 248 12 12
262 260 13 13
262 261 13 13
263 260 13 13
263 262 13 13
264 263 13 13
264 260 13 13
265 262 13 13
265 260 13 13
266 263 13 13
266 261 13 13
267 264 13 13
267 263 13 13
268 262 13 13
268 265 13 13
269 261 13 13
269 263 13 13
270 265 13 13
270 266 13 13
271 268 13 13
271 261 13 13
272 270 13 13
272 263 13 13
273 270 13 13
273 267 13 13
274 267 13 13
274 269 13 13
275 269 13 13
275 266 13 13
276 269 13 13
276 262 13 13
277 272 13 13
277 261 13 13
278 265 13 13
278 276 13 13
279 261 13 13
279 269 13 13
260 273 13 13
260 279 13 13
261 267 13 13
261 263 13 13
282 280 14 14
282 281 14 14
283 280 14 14
283 281 14 14
284 280 14 14
284 281 14 14
285 282 14 14
285 280 14 14
286 284 14 14
286 282 14 14
287 285 14 14
287 282 14 14
288 285 14 14
288 282 14 14
289 284 14 14
289 280 14 14
290 287 14 14
290 283 14 14
291 283 14 14
291 285 14 14
292 291 14 14
292 281 14 14
293 281 14 14
293 282 14 14
294 289 14 14
294 291 14 14
295 283 14 14
295 285 14 14
296 281 14 14
296 293 14 14
297 292 14 14
297 291 14 14
298 286 14 14
298 295 14 14
299 284 14 14
299 289 14 14
280 296 14 14
280 286 14 14
281 299 14 14
281 289 14 14
302 300 15 15
302 301 15 15
303 301 15 15
303 302 15 15
304 302 15 15
304 301 15 15
305 302 15 15
305 301 15 15
306 305 15 15
306 302 15 15
307 306 15 15
307 304 15 15
308 302 15 15
308 306 15 15
309 303 15 15
309 302 15 15
310 302 15 15
310 305 15 15
311 300 15 15
311 309 15 15
312 310 15 15
312 309 15 15
313 305 15 15
313 301 15 15
314 304 15 15
314 311 15 15
315 308 15 15
315 301 15 15
316 304 15 15
316 303 15 15
317 301 15 15
317 304 15 15
318 312 15 15
318 317 15 15
319 315 15 15
319 300 15 15
300 316 15 15
300 315 15 15
301 311 15 15
301 319 15 15
59 15 2 0
46 31 2 1
79 8 3 0
65 29 3 1
88 26 4 1
89 43 4 2
102 92 5 4
106 20 5 1
125 116 6 5
121 46 6 2
158 131 7 6
154 101 7 5
171 117 8 5
168 127 8 6
193 121 9 6
186 44 9 2
214 199 10 9
203 166 10 8
236 84 11 4
224 110 11 5
243 166 12 8
243 48 12 2
265 140 13 7
264 259 13 12
294 95 14 4
292 200 14 10
301 197 15 9
301 90 15 4
16 290 0 14
0 220 0 11
32 298 1 14
27 132 1 6
