swNum = 320
edgeNum = 672

0 0
1 0
2 0
3 0
4 0
5 0
6 0
7 0
8 0
9 0
10 0
11 0
12 0
13 0
14 0
15 0
16 0
17 0
18 0
19 0
20 1
21 1
22 1
23 1
24 1
25 1
26 1
27 1
28 1
29 1
30 1
31 1
32 1
33 1
34 1
35 1
36 1
37 1
38 1
39 1
40 2
41 2
42 2
43 2
44 2
45 2
46 2
47 2
48 2
49 2
50 2
51 2
52 2
53 2
54 2
55 2
56 2
57 2
58 2
59 2
60 3
61 3
62 3
63 3
64 3
65 3
66 3
67 3
68 3
69 3
70 3
71 3
72 3
73 3
74 3
75 3
76 3
77 3
78 3
79 3
80 4
81 4
82 4
83 4
84 4
85 4
86 4
87 4
88 4
89 4
90 4
91 4
92 4
93 4
94 4
95 4
96 4
97 4
98 4
99 4
100 5
101 5
102 5
103 5
104 5
105 5
106 5
107 5
108 5
109 5
110 5
111 5
112 5
113 5
114 5
115 5
116 5
117 5
118 5
119 5
120 6
121 6
122 6
123 6
124 6
125 6
126 6
127 6
128 6
129 6
130 6
131 6
132 6
133 6
134 6
135 6
136 6
137 6
138 6
139 6
140 7
141 7
142 7
143 7
144 7
145 7
146 7
147 7
148 7
149 7
150 7
151 7
152 7
153 7
154 7
155 7
156 7
157 7
158 7
159 7
160 8
161 8
162 8
163 8
164 8
165 8
166 8
167 8
168 8
169 8
170 8
171 8
172 8
173 8
174 8
175 8
176 8
177 8
178 8
179 8
180 9
181 9
182 9
183 9
184 9
185 9
186 9
187 9
188 9
189 9
190 9
191 9
192 9
193 9
194 9
195 9
196 9
197 9
198 9
199 9
200 10
201 10
202 10
203 10
204 10
205 10
206 10
207 10
208 10
209 10
210 10
211 10
212 10
213 10
214 10
215 10
216 10
217 10
218 10
219 10
220 11
221 11
222 11
223 11
224 11
225 11
226 11
227 11
228 11
229 11
230 11
231 11
232 11
233 11
234 11
235 11
236 11
237 11
238 11
239 11
240 12
241 12
242 12
243 12
244 12
245 12
246 12
247 12
248 12
249 12
250 12
251 12
252 12
253 12
254 12
255 12
256 12
257 12
258 12
259 12
260 13
261 13
262 13
263 13
264 13
265 13
266 13
267 13
268 13
269 13
270 13
271 13
272 13
273 13
274 13
275 13
276 13
277 13
278 13
279 13
280 14
281 14
282 14
283 14
284 14
285 14
286 14
287 14
288 14
289 14
290 14
291 14
292 14
293 14
294 14
295 14
296 14
297 14
298 14
299 14
300 15
301 15
302 15
303 15
304 15
305 15
306 15
307 15
308 15
309 15
310 15
311 15
312 15
313 15
314 15
315 15
316 15
317 15
318 15
319 15

2 1 0 0
2 0 0 0
3 0 0 0
3 1 0 0
4 0 0 0
4 2 0 0
5 2 0 0
5 4 0 0
6 4 0 0
6 5 0 0
7 5 0 0
7 1 0 0
8 4 0 0
8 2 0 0
9 1 0 0
9 5 0 0
10 9 0 0
10 3 0 0
11 10 0 0
11 6 0 0
12 7 0 0
12 3 0 0
13 7 0 0
13 5 0 0
14 13 0 0
14 5 0 0
15 7 0 0
15 4 0 0
16 7 0 0
16 11 0 0
17 9 0 0
17 13 0 0
18 15 0 0
18 11 0 0
19 15 0 0
19 11 0 0
0 7 0 0
0 6 0 0
1 15 0 0
1 12 0 0
22 20 1 1
22 21 1 1
23 21 1 1
23 20 1 1
24 20 1 1
24 23 1 1
25 22 1 1
25 23 1 1
26 25 1 1
26 22 1 1
27 24 1 1
27 23 1 1
28 27 1 1
28 24 1 1
29 27 1 1
29 25 1 1
30 26 1 1
30 27 1 1
31 25 1 1
31 26 1 1
32 30 1 1
32 28 1 1
33 29 1 1
33 20 1 1
34 33 1 1
34 29 1 1
35 30 1 1
35 29 1 1
36 35 1 1
36 30 1 1
37 20 1 1
37 36 1 1
38 25 1 1
38 33 1 1
39 23 1 1
39 38 1 1
20 28 1 1
20 35 1 1
21 35 1 1
21 39 1 1
42 41 2 2
42 40 2 2
43 40 2 2
43 41 2 2
44 41 2 2
44 43 2 2
45 40 2 2
45 44 2 2
46 45 2 2
46 40 2 2
47 43 2 2
47 41 2 2
48 40 2 2
48 45 2 2
49 43 2 2
49 46 2 2
50 49 2 2
50 42 2 2
51 50 2 2
51 43 2 2
52 49 2 2
52 43 2 2
53 52 2 2
53 47 2 2
54 41 2 2
54 43 2 2
55 42 2 2
55 45 2 2
56 53 2 2
56 49 2 2
57 44 2 2
57 40 2 2
58 41 2 2
58 53 2 2
59 42 2 2
59 41 2 2
40 58 2 2
40 53 2 2
41 48 2 2
41 45 2 2
62 61 3 3
62 60 3 3
63 62 3 3
63 60 3 3
64 63 3 3
64 62 3 3
65 61 3 3
65 60 3 3
66 61 3 3
66 60 3 3
67 60 3 3
67 65 3 3
68 64 3 3
68 60 3 3
69 61 3 3
69 62 3 3
70 67 3 3
70 68 3 3
71 68 3 3
71 60 3 3
72 61 3 3
72 66 3 3
73 68 3 3
73 66 3 3
74 68 3 3
74 72 3 3
75 63 3 3
75 61 3 3
76 74 3 3
76 62 3 3
77 75 3 3
77 63 3 3
78 67 3 3
78 61 3 3
79 61 3 3
79 68 3 3
60 76 3 3
60 64 3 3
61 63 3 3
61 73 3 3
82 80 4 4
82 81 4 4
83 82 4 4
83 80 4 4
84 82 4 4
84 81 4 4
85 80 4 4
85 82 4 4
86 83 4 4
86 85 4 4
87 84 4 4
87 82 4 4
88 81 4 4
88 83 4 4
89 83 4 4
89 84 4 4
90 87 4 4
90 88 4 4
91 88 4 4
91 90 4 4
92 89 4 4
92 81 4 4
93 83 4 4
93 87 4 4
94 90 4 4
94 81 4 4
95 81 4 4
95 94 4 4
96 81 4 4
96 95 4 4
97 82 4 4
97 88 4 4
98 92 4 4
98 80 4 4
99 90 4 4
99 81 4 4
80 90 4 4
80 84 4 4
81 98 4 4
81 91 4 4
102 100 5 5
102 101 5 5
103 102 5 5
103 101 5 5
104 102 5 5
104 103 5 5
105 103 5 5
105 102 5 5
106 101 5 5
106 104 5 5
107 104 5 5
107 102 5 5
108 107 5 5
108 100 5 5
109 105 5 5
109 106 5 5
110 102 5 5
110 100 5 5
111 106 5 5
111 110 5 5
112 105 5 5
112 110 5 5
113 111 5 5
113 100 5 5
114 102 5 5
114 107 5 5
115 104 5 5
115 112 5 5
116 110 5 5
116 114 5 5
117 115 5 5
117 111 5 5
118 114 5 5
118 111 5 5
119 118 5 5
119 101 5 5
100 107 5 5
100 111 5 5
101 117 5 5
101 115 5 5
122 121 6 6
122 120 6 6
123 121 6 6
123 122 6 6
124 122 6 6
124 120 6 6
125 120 6 6
125 121 6 6
126 122 6 6
126 120 6 6
127 125 6 6
127 121 6 6
128 126 6 6
128 121 6 6
129 128 6 6
129 124 6 6
130 124 6 6
130 123 6 6
131 125 6 6
131 124 6 6
132 126 6 6
132 122 6 6
133 120 6 6
133 125 6 6
134 125 6 6
134 121 6 6
135 123 6 6
135 134 6 6
136 133 6 6
136 123 6 6
137 124 6 6
137 122 6 6
138 134 6 6
138 133 6 6
139 134 6 6
139 124 6 6
120 128 6 6
120 130 6 6
121 132 6 6
121 139 6 6
142 140 7 7
142 141 7 7
143 142 7 7
143 141 7 7
144 142 7 7
144 141 7 7
145 143 7 7
145 144 7 7
146 144 7 7
146 140 7 7
147 145 7 7
147 143 7 7
148 143 7 7
148 147 7 7
149 143 7 7
149 148 7 7
150 148 7 7
150 145 7 7
151 144 7 7
151 142 7 7
152 144 7 7
152 146 7 7
153 144 7 7
153 142 7 7
154 142 7 7
154 144 7 7
155 152 7 7
155 141 7 7
156 152 7 7
156 155 7 7
157 153 7 7
157 156 7 7
158 145 7 7
158 150 7 7
159 147 7 7
159 141 7 7
140 148 7 7
140 158 7 7
141 152 7 7
141 145 7 7
162 160 8 8
162 161 8 8
163 161 8 8
163 160 8 8
164 162 8 8
164 161 8 8
165 161 8 8
165 163 8 8
166 160 8 8
166 164 8 8
167 161 8 8
167 163 8 8
168 166 8 8
168 160 8 8
169 160 8 8
169 166 8 8
170 160 8 8
170 162 8 8
171 168 8 8
171 170 8 8
172 162 8 8
172 165 8 8
173 162 8 8
173 164 8 8
174 161 8 8
174 162 8 8
175 172 8 8
175 167 8 8
176 163 8 8
176 174 8 8
177 176 8 8
177 164 8 8
178 177 8 8
178 164 8 8
179 174 8 8
179 162 8 8
160 178 8 8
160 173 8 8
161 175 8 8
161 177 8 8
182 181 9 9
182 180 9 9
183 180 9 9
183 181 9 9
184 181 9 9
184 182 9 9
185 183 9 9
185 182 9 9
186 181 9 9
186 182 9 9
187 186 9 9
187 184 9 9
188 183 9 9
188 181 9 9
189 185 9 9
189 183 9 9
190 186 9 9
190 188 9 9
191 183 9 9
191 190 9 9
192 190 9 9
192 180 9 9
193 180 9 9
193 190 9 9
194 189 9 9
194 185 9 9
195 188 9 9
195 182 9 9
196 185 9 9
196 184 9 9
197 193 9 9
197 181 9 9
198 182 9 9
198 193 9 9
199 192 9 9
199 190 9 9
180 194 9 9
180 189 9 9
181 187 9 9
181 195 9 9
202 200 10 10
202 201 10 10
203 200 10 10
203 202 10 10
204 203 10 10
204 200 10 10
205 202 10 10
205 200 10 10
206 200 10 10
206 201 10 10
207 201 10 10
207 202 10 10
208 205 10 10
208 206 10 10
209 204 10 10
209 208 10 10
210 204 10 10
210 201 10 10
211 202 10 10
211 207 10 10
212 210 10 10
212 208 10 10
213 202 10 10
213 209 10 10
214 205 10 10
214 210 10 10
215 210 10 10
215 200 10 10
216 205 10 10
216 208 10 10
217 215 10 10
217 208 10 10
218 214 10 10
218 205 10 10
219 210 10 10
219 206 10 10
200 218 10 10
200 209 10 10
201 216 10 10
201 211 10 10
222 220 11 11
222 221 11 11
223 221 11 11
223 222 11 11
224 220 11 11
224 221 11 11
225 223 11 11
225 222 11 11
226 223 11 11
226 222 11 11
227 225 11 11
227 224 11 11
228 221 11 11
228 224 11 11
229 225 11 11
229 221 11 11
230 220 11 11
230 227 11 11
231 222 11 11
231 227 11 11
232 228 11 11
232 223 11 11
233 221 11 11
233 228 11 11
234 223 11 11
234 231 11 11
235 225 11 11
235 233 11 11
236 228 11 11
236 225 11 11
237 227 11 11
237 234 11 11
238 230 11 11
238 237 11 11
239 231 11 11
239 236 11 11
220 236 11 11
220 237 11 11
221 236 11 11
221 230 11 11
242 240 12 12
242 241 12 12
243 241 12 12
243 240 12 12
244 240 12 12
244 241 12 12
245 243 12 12
245 242 12 12
246 241 12 12
246 242 12 12
247 241 12 12
247 243 12 12
248 244 12 12
248 247 12 12
249 240 12 12
249 242 12 12
250 241 12 12
250 240 12 12
251 244 12 12
251 246 12 12
252 247 12 12
252 249 12 12
253 248 12 12
253 252 12 12
254 240 12 12
254 246 12 12
255 252 12 12
255 249 12 12
256 242 12 12
256 249 12 12
257 255 12 12
257 254 12 12
258 240 12 12
258 247 12 12
259 247 12 12
259 246 12 12
240 246 12 12
240 251 12 12
241 249 12 12
241 248 12 12
262 260 13 13
262 261 13 13
263 262 13 13
263 260 13 13
264 263 13 13
264 261 13 13
265 262 13 13
265 264 13 13
266 264 13 13
266 263 13 13
267 265 13 13
267 261 13 13
268 265 13 13
268 261 13 13
269 268 13 13
269 263 13 13
270 265 13 13
270 264 13 13
271 260 13 13
271 269 13 13
272 265 13 13
272 262 13 13
273 265 13 13
273 270 13 13
274 264 13 13
274 261 13 13
275 261 13 13
275 269 13 13
276 270 13 13
276 268 13 13
277 269 13 13
277 260 13 13
278 262 13 13
278 260 13 13
279 260 13 13
279 271 13 13
260 269 13 13
260 275 13 13
261 270 13 13
261 265 13 13
282 281 14 14
282 280 14 14
283 280 14 14
283 281 14 14
284 280 14 14
284 282 14 14
285 281 14 14
285 283 14 14
286 283 14 14
286 280 14 14
287 284 14 14
287 283 14 14
288 284 14 14
288 281 14 14
289 281 14 14
289 283 14 14
290 283 14 14
290 280 14 14
291 281 14 14
291 290 14 14
292 280 14 14
292 286 14 14
293 286 14 14
293 280 14 14
294 280 14 14
294 281 14 14
295 281 14 14
295 285 14 14
296 285 14 14
296 282 14 14
297 281 14 14
297 286 14 14
298 293 14 14
298 292 14 14
299 281 14 14
299 294 14 14
280 291 14 14
280 298 14 14
281 284 14 14
281 290 14 14
302 301 15 15
302 300 15 15
303 302 15 15
303 301 15 15
304 301 15 15
304 302 15 15
305 303 15 15
305 304 15 15
306 301 15 15
306 302 15 15
307 303 15 15
307 304 15 15
308 306 15 15
308 300 15 15
309 306 15 15
309 307 15 15
310 301 15 15
310 303 15 15
311 304 15 15
311 306 15 15
312 307 15 15
312 302 15 15
313 308 15 15
313 300 15 15
314 311 15 15
314 307 15 15
315 313 15 15
315 307 15 15
316 303 15 15
316 301 15 15
317 314 15 15
317 300 15 15
318 311 15 15
318 304 15 15
319 317 15 15
319 304 15 15
300 303 15 15
300 315 15 15
301 312 15 15
301 314 15 15
43 19 2 0
57 32 2 1
71 6 3 0
70 54 3 2
86 40 4 2
95 78 4 3
101 63 5 3
110 23 5 1
135 2 6 0
133 100 6 5
159 47 7 2
148 128 7 6
160 123 8 6
174 48 8 2
182 37 9 1
197 111 9 5
207 107 10 5
206 58 10 2
227 19 11 0
239 194 11 9
247 226 12 11
248 47 12 2
267 48 13 2
270 133 13 6
297 202 14 10
292 196 14 9
301 76 15 3
314 255 15 12
8 187 0 9
13 105 0 5
32 89 1 4
31 295 1 14
