swNum = 320
edgeNum = 672

0 0
1 0
2 0
3 0
4 0
5 0
6 0
7 0
8 0
9 0
10 0
11 0
12 0
13 0
14 0
15 0
16 0
17 0
18 0
19 0
20 1
21 1
22 1
23 1
24 1
25 1
26 1
27 1
28 1
29 1
30 1
31 1
32 1
33 1
34 1
35 1
36 1
37 1
38 1
39 1
40 2
41 2
42 2
43 2
44 2
45 2
46 2
47 2
48 2
49 2
50 2
51 2
52 2
53 2
54 2
55 2
56 2
57 2
58 2
59 2
60 3
61 3
62 3
63 3
64 3
65 3
66 3
67 3
68 3
69 3
70 3
71 3
72 3
73 3
74 3
75 3
76 3
77 3
78 3
79 3
80 4
81 4
82 4
83 4
84 4
85 4
86 4
87 4
88 4
89 4
90 4
91 4
92 4
93 4
94 4
95 4
96 4
97 4
98 4
99 4
100 5
101 5
102 5
103 5
104 5
105 5
106 5
107 5
108 5
109 5
110 5
111 5
112 5
113 5
114 5
115 5
116 5
117 5
118 5
119 5
120 6
121 6
122 6
123 6
124 6
125 6
126 6
127 6
128 6
129 6
130 6
131 6
132 6
133 6
134 6
135 6
136 6
137 6
138 6
139 6
140 7
141 7
142 7
143 7
144 7
145 7
146 7
147 7
148 7
149 7
150 7
151 7
152 7
153 7
154 7
155 7
156 7
157 7
158 7
159 7
160 8
161 8
162 8
163 8
164 8
165 8
166 8
167 8
168 8
169 8
170 8
171 8
172 8
173 8
174 8
175 8
176 8
177 8
178 8
179 8
180 9
181 9
182 9
183 9
184 9
185 9
186 9
187 9
188 9
189 9
190 9
191 9
192 9
193 9
194 9
195 9
196 9
197 9
198 9
199 9
200 10
201 10
202 10
203 10
204 10
205 10
206 10
207 10
208 10
209 10
210 10
211 10
212 10
213 10
214 10
215 10
216 10
217 10
218 10
219 10
220 11
221 11
222 11
223 11
224 11
225 11
226 11
227 11
228 11
229 11
230 11
231 11
232 11
233 11
234 11
235 11
236 11
237 11
238 11
239 11
240 12
241 12
242 12
243 12
244 12
245 12
246 12
247 12
248 12
249 12
250 12
251 12
252 12
253 12
254 12
255 12
256 12
257 12
258 12
259 12
260 13
261 13
262 13
263 13
264 13
265 13
266 13
267 13
268 13
269 13
270 13
271 13
272 13
273 13
274 13
275 13
276 13
277 13
278 13
279 13
280 14
281 14
282 14
283 14
284 14
285 14
286 14
287 14
288 14
289 14
290 14
291 14
292 14
293 14
294 14
295 14
296 14
297 14
298 14
299 14
300 15
301 15
302 15
303 15
304 15
305 15
306 15
307 15
308 15
309 15
310 15
311 15
312 15
313 15
314 15
315 15
316 15
317 15
318 15
319 15

2 1 0 0
2 0 0 0
3 1 0 0
3 0 0 0
4 0 0 0
4 1 0 0
5 0 0 0
5 3 0 0
6 0 0 0
6 1 0 0
7 5 0 0
7 3 0 0
8 0 0 0
8 5 0 0
9 6 0 0
9 2 0 0
10 3 0 0
10 0 0 0
11 10 0 0
11 3 0 0
12 9 0 0
12 2 0 0
13 4 0 0
13 9 0 0
14 1 0 0
14 12 0 0
15 5 0 0
15 7 0 0
16 2 0 0
16 0 0 0
17 14 0 0
17 5 0 0
18 9 0 0
18 8 0 0
19 13 0 0
19 15 0 0
0 19 0 0
0 7 0 0
1 15 0 0
1 17 0 0
22 20 1 1
22 21 1 1
23 22 1 1
23 21 1 1
24 20 1 1
24 21 1 1
25 20 1 1
25 21 1 1
26 25 1 1
26 22 1 1
27 22 1 1
27 20 1 1
28 23 1 1
28 26 1 1
29 25 1 1
29 22 1 1
30 27 1 1
30 21 1 1
31 22 1 1
31 24 1 1
32 31 1 1
32 29 1 1
33 28 1 1
33 20 1 1
34 33 1 1
34 21 1 1
35 26 1 1
35 27 1 1
36 20 1 1
36 33 1 1
37 36 1 1
37 27 1 1
38 29 1 1
38 26 1 1
39 20 1 1
39 31 1 1
20 31 1 1
20 37 1 1
21 31 1 1
21 35 1 1
42 41 2 2
42 40 2 2
43 42 2 2
43 41 2 2
44 42 2 2
44 43 2 2
45 43 2 2
45 40 2 2
46 44 2 2
46 41 2 2
47 42 2 2
47 40 2 2
48 40 2 2
48 46 2 2
49 43 2 2
49 41 2 2
50 43 2 2
50 42 2 2
51 40 2 2
51 48 2 2
52 51 2 2
52 46 2 2
53 49 2 2
53 50 2 2
54 49 2 2
54 53 2 2
55 44 2 2
55 53 2 2
56 52 2 2
56 46 2 2
57 40 2 2
57 47 2 2
58 52 2 2
58 51 2 2
59 49 2 2
59 47 2 2
40 56 2 2
40 59 2 2
41 59 2 2
41 54 2 2
62 61 3 3
62 60 3 3
63 61 3 3
63 60 3 3
64 63 3 3
64 60 3 3
65 61 3 3
65 63 3 3
66 64 3 3
66 61 3 3
67 65 3 3
67 62 3 3
68 63 3 3
68 60 3 3
69 64 3 3
69 61 3 3
70 63 3 3
70 61 3 3
71 69 3 3
71 68 3 3
72 68 3 3
72 61 3 3
73 61 3 3
73 70 3 3
74 72 3 3
74 67 3 3
75 72 3 3
75 61 3 3
76 72 3 3
76 71 3 3
77 63 3 3
77 71 3 3
78 61 3 3
78 65 3 3
79 60 3 3
79 73 3 3
60 71 3 3
60 73 3 3
61 77 3 3
61 74 3 3
82 81 4 4
82 80 4 4
83 80 4 4
83 82 4 4
84 82 4 4
84 80 4 4
85 81 4 4
85 83 4 4
86 80 4 4
86 81 4 4
87 86 4 4
87 83 4 4
88 87 4 4
88 86 4 4
89 82 4 4
89 83 4 4
90 81 4 4
90 80 4 4
91 85 4 4
91 90 4 4
92 91 4 4
92 81 4 4
93 89 4 4
93 88 4 4
94 84 4 4
94 83 4 4
95 94 4 4
95 85 4 4
96 84 4 4
96 94 4 4
97 90 4 4
97 81 4 4
98 97 4 4
98 86 4 4
99 97 4 4
99 93 4 4
80 95 4 4
80 92 4 4
81 83 4 4
81 93 4 4
102 100 5 5
102 101 5 5
103 102 5 5
103 101 5 5
104 103 5 5
104 102 5 5
105 104 5 5
105 103 5 5
106 105 5 5
106 103 5 5
107 100 5 5
107 105 5 5
108 103 5 5
108 101 5 5
109 100 5 5
109 101 5 5
110 103 5 5
110 100 5 5
111 103 5 5
111 107 5 5
112 101 5 5
112 110 5 5
113 108 5 5
113 110 5 5
114 111 5 5
114 105 5 5
115 103 5 5
115 105 5 5
116 112 5 5
116 110 5 5
117 103 5 5
117 104 5 5
118 104 5 5
118 117 5 5
119 115 5 5
119 114 5 5
100 111 5 5
100 117 5 5
101 117 5 5
101 119 5 5
122 121 6 6
122 120 6 6
123 120 6 6
123 122 6 6
124 121 6 6
124 123 6 6
125 124 6 6
125 121 6 6
126 124 6 6
126 120 6 6
127 123 6 6
127 126 6 6
128 121 6 6
128 124 6 6
129 123 6 6
129 126 6 6
130 128 6 6
130 125 6 6
131 130 6 6
131 120 6 6
132 130 6 6
132 131 6 6
133 129 6 6
133 120 6 6
134 129 6 6
134 122 6 6
135 131 6 6
135 130 6 6
136 125 6 6
136 130 6 6
137 133 6 6
137 134 6 6
138 137 6 6
138 135 6 6
139 137 6 6
139 135 6 6
120 135 6 6
120 137 6 6
121 132 6 6
121 137 6 6
142 141 7 7
142 140 7 7
143 140 7 7
143 142 7 7
144 143 7 7
144 140 7 7
145 141 7 7
145 142 7 7
146 142 7 7
146 143 7 7
147 140 7 7
147 143 7 7
148 143 7 7
148 147 7 7
149 145 7 7
149 148 7 7
150 149 7 7
150 148 7 7
151 140 7 7
151 147 7 7
152 144 7 7
152 143 7 7
153 145 7 7
153 141 7 7
154 150 7 7
154 141 7 7
155 151 7 7
155 149 7 7
156 142 7 7
156 145 7 7
157 140 7 7
157 146 7 7
158 140 7 7
158 151 7 7
159 157 7 7
159 152 7 7
140 153 7 7
140 148 7 7
141 155 7 7
141 159 7 7
162 160 8 8
162 161 8 8
163 160 8 8
163 162 8 8
164 162 8 8
164 161 8 8
165 164 8 8
165 162 8 8
166 162 8 8
166 160 8 8
167 162 8 8
167 165 8 8
168 161 8 8
168 167 8 8
169 165 8 8
169 163 8 8
170 160 8 8
170 167 8 8
171 169 8 8
171 166 8 8
172 167 8 8
172 164 8 8
173 161 8 8
173 164 8 8
174 172 8 8
174 166 8 8
175 164 8 8
175 172 8 8
176 161 8 8
176 162 8 8
177 170 8 8
177 161 8 8
178 168 8 8
178 167 8 8
179 174 8 8
179 176 8 8
160 164 8 8
160 172 8 8
161 163 8 8
161 170 8 8
182 180 9 9
182 181 9 9
183 182 9 9
183 181 9 9
184 183 9 9
184 181 9 9
185 183 9 9
185 181 9 9
186 182 9 9
186 184 9 9
187 184 9 9
187 185 9 9
188 184 9 9
188 183 9 9
189 185 9 9
189 182 9 9
190 181 9 9
190 183 9 9
191 181 9 9
191 186 9 9
192 182 9 9
192 191 9 9
193 185 9 9
193 182 9 9
194 183 9 9
194 185 9 9
195 181 9 9
195 194 9 9
196 189 9 9
196 180 9 9
197 193 9 9
197 194 9 9
198 188 9 9
198 190 9 9
199 181 9 9
199 186 9 9
180 186 9 9
180 183 9 9
181 192 9 9
181 198 9 9
202 200 10 10
202 201 10 10
203 201 10 10
203 200 10 10
204 203 10 10
204 200 10 10
205 200 10 10
205 201 10 10
206 201 10 10
206 204 10 10
207 201 10 10
207 206 10 10
208 200 10 10
208 202 10 10
209 208 10 10
209 202 10 10
210 207 10 10
210 206 10 10
211 200 10 10
211 207 10 10
212 210 10 10
212 205 10 10
213 212 10 10
213 205 10 10
214 203 10 10
214 209 10 10
215 203 10 10
215 211 10 10
216 201 10 10
216 203 10 10
217 203 10 10
217 212 10 10
218 214 10 10
218 205 10 10
219 202 10 10
219 204 10 10
200 207 10 10
200 217 10 10
201 214 10 10
201 217 10 10
222 220 11 11
222 221 11 11
223 220 11 11
223 221 11 11
224 221 11 11
224 220 11 11
225 221 11 11
225 222 11 11
226 220 11 11
226 222 11 11
227 221 11 11
227 226 11 11
228 221 11 11
228 220 11 11
229 226 11 11
229 220 11 11
230 220 11 11
230 229 11 11
231 227 11 11
231 228 11 11
232 228 11 11
232 222 11 11
233 221 11 11
233 230 11 11
234 222 11 11
234 226 11 11
235 226 11 11
235 229 11 11
236 231 11 11
236 228 11 11
237 226 11 11
237 225 11 11
238 227 11 11
238 228 11 11
239 222 11 11
239 223 11 11
220 236 11 11
220 233 11 11
221 232 11 11
221 236 11 11
242 240 12 12
242 241 12 12
243 240 12 12
243 242 12 12
244 243 12 12
244 241 12 12
245 243 12 12
245 244 12 12
246 245 12 12
246 244 12 12
247 246 12 12
247 241 12 12
248 247 12 12
248 246 12 12
249 246 12 12
249 242 12 12
250 247 12 12
250 249 12 12
251 240 12 12
251 242 12 12
252 249 12 12
252 241 12 12
253 246 12 12
253 249 12 12
254 249 12 12
254 247 12 12
255 254 12 12
255 250 12 12
256 255 12 12
256 254 12 12
257 249 12 12
257 254 12 12
258 257 12 12
258 245 12 12
259 240 12 12
259 241 12 12
240 253 12 12
240 254 12 12
241 254 12 12
241 257 12 12
262 261 13 13
262 260 13 13
263 260 13 13
263 262 13 13
264 262 13 13
264 260 13 13
265 262 13 13
265 263 13 13
266 261 13 13
266 260 13 13
267 262 13 13
267 265 13 13
268 262 13 13
268 267 13 13
269 268 13 13
269 267 13 13
270 267 13 13
270 263 13 13
271 261 13 13
271 264 13 13
272 266 13 13
272 264 13 13
273 267 13 13
273 265 13 13
274 266 13 13
274 264 13 13
275 267 13 13
275 261 13 13
276 270 13 13
276 260 13 13
277 271 13 13
277 261 13 13
278 277 13 13
278 261 13 13
279 270 13 13
279 275 13 13
260 278 13 13
260 279 13 13
261 263 13 13
261 279 13 13
282 280 14 14
282 281 14 14
283 280 14 14
283 282 14 14
284 283 14 14
284 281 14 14
285 280 14 14
285 282 14 14
286 283 14 14
286 284 14 14
287 284 14 14
287 283 14 14
288 282 14 14
288 287 14 14
289 283 14 14
289 288 14 14
290 288 14 14
290 283 14 14
291 284 14 14
291 287 14 14
292 283 14 14
292 288 14 14
293 284 14 14
293 280 14 14
294 291 14 14
294 284 14 14
295 291 14 14
295 285 14 14
296 286 14 14
296 289 14 14
297 285 14 14
297 287 14 14
298 293 14 14
298 284 14 14
299 294 14 14
299 289 14 14
280 291 14 14
280 299 14 14
281 295 14 14
281 285 14 14
302 301 15 15
302 300 15 15
303 302 15 15
303 300 15 15
304 302 15 15
304 300 15 15
305 302 15 15
305 303 15 15
306 301 15 15
306 305 15 15
307 301 15 15
307 305 15 15
308 304 15 15
308 300 15 15
309 304 15 15
309 307 15 15
310 306 15 15
310 304 15 15
311 308 15 15
311 306 15 15
312 308 15 15
312 309 15 15
313 304 15 15
313 309 15 15
314 306 15 15
314 307 15 15
315 304 15 15
315 311 15 15
316 301 15 15
316 303 15 15
317 310 15 15
317 300 15 15
318 311 15 15
318 307 15 15
319 300 15 15
319 316 15 15
300 315 15 15
300 311 15 15
301 308 15 15
301 305 15 15
55 8 2 0
53 30 2 1
62 31 3 1
69 19 3 0
85 41 4 2
84 0 4 0
104 7 5 0
105 66 5 3
134 6 6 0
130 59 6 2
147 111 7 5
156 95 7 4
162 30 8 1
179 55 8 2
199 93 9 4
194 42 9 2
214 168 10 8
207 147 10 7
223 33 11 1
239 108 11 5
252 212 12 10
250 168 12 8
277 177 13 8
274 156 13 7
290 72 14 3
280 121 14 6
316 69 15 3
305 1 15 0
10 163 0 8
16 144 0 7
39 249 1 12
30 310 1 15
