swNum = 320
edgeNum = 672

0 0
1 0
2 0
3 0
4 0
5 0
6 0
7 0
8 0
9 0
10 0
11 0
12 0
13 0
14 0
15 0
16 0
17 0
18 0
19 0
20 1
21 1
22 1
23 1
24 1
25 1
26 1
27 1
28 1
29 1
30 1
31 1
32 1
33 1
34 1
35 1
36 1
37 1
38 1
39 1
40 2
41 2
42 2
43 2
44 2
45 2
46 2
47 2
48 2
49 2
50 2
51 2
52 2
53 2
54 2
55 2
56 2
57 2
58 2
59 2
60 3
61 3
62 3
63 3
64 3
65 3
66 3
67 3
68 3
69 3
70 3
71 3
72 3
73 3
74 3
75 3
76 3
77 3
78 3
79 3
80 4
81 4
82 4
83 4
84 4
85 4
86 4
87 4
88 4
89 4
90 4
91 4
92 4
93 4
94 4
95 4
96 4
97 4
98 4
99 4
100 5
101 5
102 5
103 5
104 5
105 5
106 5
107 5
108 5
109 5
110 5
111 5
112 5
113 5
114 5
115 5
116 5
117 5
118 5
119 5
120 6
121 6
122 6
123 6
124 6
125 6
126 6
127 6
128 6
129 6
130 6
131 6
132 6
133 6
134 6
135 6
136 6
137 6
138 6
139 6
140 7
141 7
142 7
143 7
144 7
145 7
146 7
147 7
148 7
149 7
150 7
151 7
152 7
153 7
154 7
155 7
156 7
157 7
158 7
159 7
160 8
161 8
162 8
163 8
164 8
165 8
166 8
167 8
168 8
169 8
170 8
171 8
172 8
173 8
174 8
175 8
176 8
177 8
178 8
179 8
180 9
181 9
182 9
183 9
184 9
185 9
186 9
187 9
188 9
189 9
190 9
191 9
192 9
193 9
194 9
195 9
196 9
197 9
198 9
199 9
200 10
201 10
202 10
203 10
204 10
205 10
206 10
207 10
208 10
209 10
210 10
211 10
212 10
213 10
214 10
215 10
216 10
217 10
218 10
219 10
220 11
221 11
222 11
223 11
224 11
225 11
226 11
227 11
228 11
229 11
230 11
231 11
232 11
233 11
234 11
235 11
236 11
237 11
238 11
239 11
240 12
241 12
242 12
243 12
244 12
245 12
246 12
247 12
248 12
249 12
250 12
251 12
252 12
253 12
254 12
255 12
256 12
257 12
258 12
259 12
260 13
261 13
262 13
263 13
264 13
265 13
266 13
267 13
268 13
269 13
270 13
271 13
272 13
273 13
274 13
275 13
276 13
277 13
278 13
279 13
280 14
281 14
282 14
283 14
284 14
285 14
286 14
287 14
288 14
289 14
290 14
291 14
292 14
293 14
294 14
295 14
296 14
297 14
298 14
299 14
300 15
301 15
302 15
303 15
304 15
305 15
306 15
307 15
308 15
309 15
310 15
311 15
312 15
313 15
314 15
315 15
316 15
317 15
318 15
319 15

2 1 0 0
2 0 0 0
3 1 0 0
3 0 0 0
4 2 0 0
4 1 0 0
5 4 0 0
5 2 0 0
6 2 0 0
6 4 0 0
7 1 0 0
7 6 0 0
8 7 0 0
8 5 0 0
9 7 0 0
9 4 0 0
10 2 0 0
10 5 0 0
11 1 0 0
11 7 0 0
12 6 0 0
12 8 0 0
13 4 0 0
13 9 0 0
14 10 0 0
14 0 0 0
15 14 0 0
15 8 0 0
16 2 0 0
16 4 0 0
17 14 0 0
17 3 0 0
18 6 0 0
18 3 0 0
19 14 0 0
19 1 0 0
0 18 0 0
0 19 0 0
1 18 0 0
1 15 0 0
22 21 1 1
22 20 1 1
23 20 1 1
23 21 1 1
24 21 1 1
24 22 1 1
25 24 1 1
25 21 1 1
26 22 1 1
26 25 1 1
27 23 1 1
27 26 1 1
28 25 1 1
28 23 1 1
29 24 1 1
29 25 1 1
30 20 1 1
30 21 1 1
31 21 1 1
31 20 1 1
32 27 1 1
32 22 1 1
33 28 1 1
33 23 1 1
34 21 1 1
34 31 1 1
35 28 1 1
35 21 1 1
36 30 1 1
36 31 1 1
37 28 1 1
37 23 1 1
38 26 1 1
38 23 1 1
39 33 1 1
39 28 1 1
20 35 1 1
20 25 1 1
21 38 1 1
21 39 1 1
42 41 2 2
42 40 2 2
43 40 2 2
43 42 2 2
44 43 2 2
44 42 2 2
45 40 2 2
45 43 2 2
46 41 2 2
46 40 2 2
47 42 2 2
47 46 2 2
48 46 2 2
48 47 2 2
49 41 2 2
49 43 2 2
50 43 2 2
50 45 2 2
51 44 2 2
51 41 2 2
52 44 2 2
52 46 2 2
53 47 2 2
53 52 2 2
54 51 2 2
54 48 2 2
55 43 2 2
55 54 2 2
56 52 2 2
56 49 2 2
57 54 2 2
57 43 2 2
58 40 2 2
58 50 2 2
59 55 2 2
59 54 2 2
40 49 2 2
40 55 2 2
41 58 2 2
41 57 2 2
62 61 3 3
62 60 3 3
63 61 3 3
63 62 3 3
64 63 3 3
64 62 3 3
65 63 3 3
65 61 3 3
66 65 3 3
66 61 3 3
67 60 3 3
67 65 3 3
68 64 3 3
68 62 3 3
69 68 3 3
69 67 3 3
70 64 3 3
70 63 3 3
71 66 3 3
71 64 3 3
72 60 3 3
72 71 3 3
73 66 3 3
73 63 3 3
74 64 3 3
74 62 3 3
75 66 3 3
75 68 3 3
76 66 3 3
76 73 3 3
77 67 3 3
77 76 3 3
78 63 3 3
78 76 3 3
79 73 3 3
79 74 3 3
60 75 3 3
60 73 3 3
61 73 3 3
61 71 3 3
82 80 4 4
82 81 4 4
83 80 4 4
83 82 4 4
84 80 4 4
84 83 4 4
85 82 4 4
85 83 4 4
86 82 4 4
86 84 4 4
87 82 4 4
87 86 4 4
88 86 4 4
88 84 4 4
89 88 4 4
89 86 4 4
90 81 4 4
90 80 4 4
91 87 4 4
91 86 4 4
92 80 4 4
92 87 4 4
93 83 4 4
93 90 4 4
94 87 4 4
94 81 4 4
95 89 4 4
95 88 4 4
96 87 4 4
96 86 4 4
97 85 4 4
97 89 4 4
98 82 4 4
98 97 4 4
99 90 4 4
99 88 4 4
80 85 4 4
80 91 4 4
81 86 4 4
81 88 4 4
102 100 5 5
102 101 5 5
103 101 5 5
103 100 5 5
104 102 5 5
104 100 5 5
105 104 5 5
105 101 5 5
106 100 5 5
106 101 5 5
107 102 5 5
107 103 5 5
108 100 5 5
108 107 5 5
109 102 5 5
109 106 5 5
110 105 5 5
110 107 5 5
111 109 5 5
111 102 5 5
112 109 5 5
112 106 5 5
113 103 5 5
113 110 5 5
114 110 5 5
114 113 5 5
115 104 5 5
115 102 5 5
116 114 5 5
116 101 5 5
117 115 5 5
117 102 5 5
118 102 5 5
118 104 5 5
119 113 5 5
119 106 5 5
100 111 5 5
100 115 5 5
101 107 5 5
101 118 5 5
122 121 6 6
122 120 6 6
123 121 6 6
123 122 6 6
124 123 6 6
124 120 6 6
125 121 6 6
125 123 6 6
126 125 6 6
126 123 6 6
127 126 6 6
127 123 6 6
128 124 6 6
128 121 6 6
129 120 6 6
129 122 6 6
130 125 6 6
130 124 6 6
131 127 6 6
131 126 6 6
132 130 6 6
132 120 6 6
133 130 6 6
133 127 6 6
134 132 6 6
134 131 6 6
135 120 6 6
135 134 6 6
136 130 6 6
136 120 6 6
137 134 6 6
137 133 6 6
138 132 6 6
138 126 6 6
139 120 6 6
139 135 6 6
120 138 6 6
120 128 6 6
121 130 6 6
121 132 6 6
142 141 7 7
142 140 7 7
143 141 7 7
143 142 7 7
144 140 7 7
144 141 7 7
145 141 7 7
145 143 7 7
146 140 7 7
146 142 7 7
147 146 7 7
147 144 7 7
148 144 7 7
148 147 7 7
149 143 7 7
149 142 7 7
150 147 7 7
150 148 7 7
151 144 7 7
151 141 7 7
152 151 7 7
152 150 7 7
153 149 7 7
153 152 7 7
154 151 7 7
154 144 7 7
155 141 7 7
155 150 7 7
156 151 7 7
156 146 7 7
157 141 7 7
157 156 7 7
158 156 7 7
158 150 7 7
159 145 7 7
159 146 7 7
140 154 7 7
140 157 7 7
141 154 7 7
141 156 7 7
162 161 8 8
162 160 8 8
163 162 8 8
163 160 8 8
164 161 8 8
164 162 8 8
165 163 8 8
165 164 8 8
166 165 8 8
166 161 8 8
167 165 8 8
167 166 8 8
168 162 8 8
168 164 8 8
169 166 8 8
169 161 8 8
170 164 8 8
170 169 8 8
171 165 8 8
171 166 8 8
172 167 8 8
172 168 8 8
173 166 8 8
173 172 8 8
174 171 8 8
174 173 8 8
175 171 8 8
175 172 8 8
176 173 8 8
176 170 8 8
177 174 8 8
177 165 8 8
178 171 8 8
178 177 8 8
179 177 8 8
179 163 8 8
160 164 8 8
160 173 8 8
161 170 8 8
161 179 8 8
182 181 9 9
182 180 9 9
183 182 9 9
183 181 9 9
184 180 9 9
184 182 9 9
185 181 9 9
185 183 9 9
186 182 9 9
186 183 9 9
187 181 9 9
187 184 9 9
188 180 9 9
188 181 9 9
189 188 9 9
189 182 9 9
190 185 9 9
190 182 9 9
191 180 9 9
191 190 9 9
192 182 9 9
192 183 9 9
193 187 9 9
193 184 9 9
194 190 9 9
194 181 9 9
195 190 9 9
195 193 9 9
196 190 9 9
196 181 9 9
197 190 9 9
197 194 9 9
198 193 9 9
198 187 9 9
199 184 9 9
199 186 9 9
180 194 9 9
180 198 9 9
181 197 9 9
181 195 9 9
202 200 10 10
202 201 10 10
203 200 10 10
203 201 10 10
204 200 10 10
204 203 10 10
205 203 10 10
205 202 10 10
206 205 10 10
206 204 10 10
207 203 10 10
207 206 10 10
208 205 10 10
208 206 10 10
209 205 10 10
209 208 10 10
210 205 10 10
210 203 10 10
211 203 10 10
211 205 10 10
212 202 10 10
212 211 10 10
213 201 10 10
213 203 10 10
214 200 10 10
214 205 10 10
215 207 10 10
215 204 10 10
216 211 10 10
216 205 10 10
217 214 10 10
217 211 10 10
218 208 10 10
218 205 10 10
219 218 10 10
219 214 10 10
200 210 10 10
200 215 10 10
201 208 10 10
201 204 10 10
222 221 11 11
222 220 11 11
223 221 11 11
223 222 11 11
224 223 11 11
224 222 11 11
225 221 11 11
225 220 11 11
226 221 11 11
226 222 11 11
227 225 11 11
227 224 11 11
228 221 11 11
228 227 11 11
229 221 11 11
229 223 11 11
230 220 11 11
230 222 11 11
231 229 11 11
231 224 11 11
232 222 11 11
232 228 11 11
233 220 11 11
233 225 11 11
234 221 11 11
234 229 11 11
235 225 11 11
235 231 11 11
236 225 11 11
236 234 11 11
237 226 11 11
237 221 11 11
238 234 11 11
238 231 11 11
239 231 11 11
239 221 11 11
220 234 11 11
220 224 11 11
221 224 11 11
221 238 11 11
242 240 12 12
242 241 12 12
243 242 12 12
243 241 12 12
244 240 12 12
244 241 12 12
245 242 12 12
245 241 12 12
246 244 12 12
246 243 12 12
247 242 12 12
247 243 12 12
248 245 12 12
248 247 12 12
249 248 12 12
249 243 12 12
250 243 12 12
250 244 12 12
251 244 12 12
251 250 12 12
252 242 12 12
252 243 12 12
253 250 12 12
253 251 12 12
254 249 12 12
254 250 12 12
255 243 12 12
255 250 12 12
256 249 12 12
256 254 12 12
257 243 12 12
257 241 12 12
258 246 12 12
258 254 12 12
259 258 12 12
259 250 12 12
240 247 12 12
240 257 12 12
241 256 12 12
241 259 12 12
262 261 13 13
262 260 13 13
263 260 13 13
263 262 13 13
264 263 13 13
264 262 13 13
265 260 13 13
265 261 13 13
266 263 13 13
266 265 13 13
267 265 13 13
267 264 13 13
268 263 13 13
268 267 13 13
269 265 13 13
269 262 13 13
270 269 13 13
270 260 13 13
271 270 13 13
271 268 13 13
272 260 13 13
272 271 13 13
273 269 13 13
273 260 13 13
274 267 13 13
274 263 13 13
275 263 13 13
275 271 13 13
276 264 13 13
276 272 13 13
277 260 13 13
277 261 13 13
278 272 13 13
278 271 13 13
279 273 13 13
279 266 13 13
260 267 13 13
260 278 13 13
261 275 13 13
261 270 13 13
282 280 14 14
282 281 14 14
283 281 14 14
283 280 14 14
284 280 14 14
284 281 14 14
285 280 14 14
285 284 14 14
286 284 14 14
286 283 14 14
287 286 14 14
287 283 14 14
288 280 14 14
288 287 14 14
289 284 14 14
289 282 14 14
290 288 14 14
290 284 14 14
291 283 14 14
291 288 14 14
292 286 14 14
292 283 14 14
293 283 14 14
293 281 14 14
294 284 14 14
294 285 14 14
295 288 14 14
295 294 14 14
296 286 14 14
296 294 14 14
297 288 14 14
297 291 14 14
298 282 14 14
298 291 14 14
299 298 14 14
299 284 14 14
280 296 14 14
280 286 14 14
281 292 14 14
281 295 14 14
302 300 15 15
302 301 15 15
303 300 15 15
303 301 15 15
304 301 15 15
304 300 15 15
305 303 15 15
305 301 15 15
306 300 15 15
306 301 15 15
307 306 15 15
307 300 15 15
308 300 15 15
308 307 15 15
309 306 15 15
309 303 15 15
310 303 15 15
310 305 15 15
311 309 15 15
311 305 15 15
312 308 15 15
312 306 15 15
313 301 15 15
313 309 15 15
314 302 15 15
314 310 15 15
315 307 15 15
315 308 15 15
316 311 15 15
316 305 15 15
317 309 15 15
317 303 15 15
318 312 15 15
318 304 15 15
319 307 15 15
319 312 15 15
300 310 15 15
300 314 15 15
301 319 15 15
301 318 15 15
41 37 2 1
51 19 2 0
61 37 3 1
63 4 3 0
80 34 4 1
99 1 4 0
100 21 5 1
105 0 5 0
135 41 6 2
121 92 6 4
149 11 7 0
154 35 7 1
179 30 8 1
163 94 8 4
194 66 9 3
199 45 9 2
202 44 10 2
209 173 10 8
220 94 11 4
236 79 11 3
255 74 12 3
256 114 12 5
261 187 13 9
274 0 13 0
297 96 14 4
296 14 14 0
304 248 15 12
302 31 15 1
19 209 0 10
19 197 0 9
39 212 1 10
25 257 1 12
