swNum = 320
edgeNum = 672

0 0
1 0
2 0
3 0
4 0
5 0
6 0
7 0
8 0
9 0
10 0
11 0
12 0
13 0
14 0
15 0
16 0
17 0
18 0
19 0
20 1
21 1
22 1
23 1
24 1
25 1
26 1
27 1
28 1
29 1
30 1
31 1
32 1
33 1
34 1
35 1
36 1
37 1
38 1
39 1
40 2
41 2
42 2
43 2
44 2
45 2
46 2
47 2
48 2
49 2
50 2
51 2
52 2
53 2
54 2
55 2
56 2
57 2
58 2
59 2
60 3
61 3
62 3
63 3
64 3
65 3
66 3
67 3
68 3
69 3
70 3
71 3
72 3
73 3
74 3
75 3
76 3
77 3
78 3
79 3
80 4
81 4
82 4
83 4
84 4
85 4
86 4
87 4
88 4
89 4
90 4
91 4
92 4
93 4
94 4
95 4
96 4
97 4
98 4
99 4
100 5
101 5
102 5
103 5
104 5
105 5
106 5
107 5
108 5
109 5
110 5
111 5
112 5
113 5
114 5
115 5
116 5
117 5
118 5
119 5
120 6
121 6
122 6
123 6
124 6
125 6
126 6
127 6
128 6
129 6
130 6
131 6
132 6
133 6
134 6
135 6
136 6
137 6
138 6
139 6
140 7
141 7
142 7
143 7
144 7
145 7
146 7
147 7
148 7
149 7
150 7
151 7
152 7
153 7
154 7
155 7
156 7
157 7
158 7
159 7
160 8
161 8
162 8
163 8
164 8
165 8
166 8
167 8
168 8
169 8
170 8
171 8
172 8
173 8
174 8
175 8
176 8
177 8
178 8
179 8
180 9
181 9
182 9
183 9
184 9
185 9
186 9
187 9
188 9
189 9
190 9
191 9
192 9
193 9
194 9
195 9
196 9
197 9
198 9
199 9
200 10
201 10
202 10
203 10
204 10
205 10
206 10
207 10
208 10
209 10
210 10
211 10
212 10
213 10
214 10
215 10
216 10
217 10
218 10
219 10
220 11
221 11
222 11
223 11
224 11
225 11
226 11
227 11
228 11
229 11
230 11
231 11
232 11
233 11
234 11
235 11
236 11
237 11
238 11
239 11
240 12
241 12
242 12
243 12
244 12
245 12
246 12
247 12
248 12
249 12
250 12
251 12
252 12
253 12
254 12
255 12
256 12
257 12
258 12
259 12
260 13
261 13
262 13
263 13
264 13
265 13
266 13
267 13
268 13
269 13
270 13
271 13
272 13
273 13
274 13
275 13
276 13
277 13
278 13
279 13
280 14
281 14
282 14
283 14
284 14
285 14
286 14
287 14
288 14
289 14
290 14
291 14
292 14
293 14
294 14
295 14
296 14
297 14
298 14
299 14
300 15
301 15
302 15
303 15
304 15
305 15
306 15
307 15
308 15
309 15
310 15
311 15
312 15
313 15
314 15
315 15
316 15
317 15
318 15
319 15

2 1 0 0
2 0 0 0
3 2 0 0
3 0 0 0
4 3 0 0
4 2 0 0
5 1 0 0
5 2 0 0
6 1 0 0
6 0 0 0
7 2 0 0
7 1 0 0
8 4 0 0
8 1 0 0
9 5 0 0
9 1 0 0
10 0 0 0
10 5 0 0
11 5 0 0
11 2 0 0
12 7 0 0
12 5 0 0
13 1 0 0
13 3 0 0
14 9 0 0
14 11 0 0
15 14 0 0
15 10 0 0
16 6 0 0
16 4 0 0
17 2 0 0
17 0 0 0
18 13 0 0
18 4 0 0
19 8 0 0
19 3 0 0
0 19 0 0
0 11 0 0
1 18 0 0
1 11 0 0
22 20 1 1
22 21 1 1
23 21 1 1
23 22 1 1
24 21 1 1
24 23 1 1
25 22 1 1
25 21 1 1
26 23 1 1
26 20 1 1
27 22 1 1
27 21 1 1
28 24 1 1
28 23 1 1
29 28 1 1
29 27 1 1
30 26 1 1
30 21 1 1
31 21 1 1
31 26 1 1
32 30 1 1
32 21 1 1
33 21 1 1
33 22 1 1
34 31 1 1
34 22 1 1
35 21 1 1
35 30 1 1
36 28 1 1
36 27 1 1
37 30 1 1
37 28 1 1
38 33 1 1
38 22 1 1
39 27 1 1
39 37 1 1
20 25 1 1
20 34 1 1
21 36 1 1
21 37 1 1
42 41 2 2
42 40 2 2
43 41 2 2
43 40 2 2
44 41 2 2
44 43 2 2
45 40 2 2
45 41 2 2
46 40 2 2
46 45 2 2
47 40 2 2
47 44 2 2
48 43 2 2
48 46 2 2
49 41 2 2
49 42 2 2
50 44 2 2
50 40 2 2
51 49 2 2
51 46 2 2
52 47 2 2
52 51 2 2
53 46 2 2
53 40 2 2
54 43 2 2
54 46 2 2
55 46 2 2
55 40 2 2
56 44 2 2
56 42 2 2
57 42 2 2
57 47 2 2
58 46 2 2
58 48 2 2
59 49 2 2
59 42 2 2
40 54 2 2
40 59 2 2
41 50 2 2
41 55 2 2
62 60 3 3
62 61 3 3
63 62 3 3
63 61 3 3
64 61 3 3
64 62 3 3
65 60 3 3
65 62 3 3
66 64 3 3
66 62 3 3
67 64 3 3
67 62 3 3
68 60 3 3
68 65 3 3
69 67 3 3
69 66 3 3
70 69 3 3
70 66 3 3
71 63 3 3
71 60 3 3
72 63 3 3
72 70 3 3
73 65 3 3
73 71 3 3
74 67 3 3
74 69 3 3
75 61 3 3
75 69 3 3
76 64 3 3
76 65 3 3
77 68 3 3
77 69 3 3
78 64 3 3
78 66 3 3
79 67 3 3
79 66 3 3
60 63 3 3
60 69 3 3
61 65 3 3
61 68 3 3
82 80 4 4
82 81 4 4
83 81 4 4
83 82 4 4
84 81 4 4
84 83 4 4
85 83 4 4
85 82 4 4
86 85 4 4
86 84 4 4
87 81 4 4
87 85 4 4
88 84 4 4
88 85 4 4
89 86 4 4
89 83 4 4
90 88 4 4
90 80 4 4
91 85 4 4
91 89 4 4
92 80 4 4
92 81 4 4
93 84 4 4
93 80 4 4
94 85 4 4
94 81 4 4
95 83 4 4
95 89 4 4
96 93 4 4
96 82 4 4
97 94 4 4
97 86 4 4
98 91 4 4
98 96 4 4
99 93 4 4
99 80 4 4
80 88 4 4
80 91 4 4
81 86 4 4
81 98 4 4
102 100 5 5
102 101 5 5
103 102 5 5
103 100 5 5
104 100 5 5
104 102 5 5
105 103 5 5
105 101 5 5
106 102 5 5
106 100 5 5
107 101 5 5
107 102 5 5
108 102 5 5
108 107 5 5
109 103 5 5
109 100 5 5
110 109 5 5
110 106 5 5
111 108 5 5
111 101 5 5
112 106 5 5
112 103 5 5
113 105 5 5
113 101 5 5
114 106 5 5
114 104 5 5
115 108 5 5
115 105 5 5
116 107 5 5
116 101 5 5
117 108 5 5
117 109 5 5
118 102 5 5
118 106 5 5
119 105 5 5
119 106 5 5
100 114 5 5
100 110 5 5
101 104 5 5
101 112 5 5
122 121 6 6
122 120 6 6
123 121 6 6
123 120 6 6
124 122 6 6
124 121 6 6
125 120 6 6
125 123 6 6
126 120 6 6
126 125 6 6
127 125 6 6
127 126 6 6
128 120 6 6
128 122 6 6
129 120 6 6
129 124 6 6
130 125 6 6
130 127 6 6
131 123 6 6
131 130 6 6
132 122 6 6
132 131 6 6
133 122 6 6
133 124 6 6
134 127 6 6
134 121 6 6
135 130 6 6
135 129 6 6
136 122 6 6
136 124 6 6
137 121 6 6
137 128 6 6
138 120 6 6
138 125 6 6
139 122 6 6
139 137 6 6
120 136 6 6
120 131 6 6
121 132 6 6
121 131 6 6
142 141 7 7
142 140 7 7
143 140 7 7
143 141 7 7
144 143 7 7
144 141 7 7
145 141 7 7
145 140 7 7
146 140 7 7
146 143 7 7
147 146 7 7
147 143 7 7
148 147 7 7
148 140 7 7
149 140 7 7
149 147 7 7
150 142 7 7
150 148 7 7
151 143 7 7
151 146 7 7
152 145 7 7
152 142 7 7
153 142 7 7
153 152 7 7
154 146 7 7
154 140 7 7
155 147 7 7
155 150 7 7
156 151 7 7
156 140 7 7
157 141 7 7
157 146 7 7
158 143 7 7
158 153 7 7
159 155 7 7
159 154 7 7
140 150 7 7
140 147 7 7
141 156 7 7
141 152 7 7
162 161 8 8
162 160 8 8
163 161 8 8
163 160 8 8
164 162 8 8
164 160 8 8
165 161 8 8
165 160 8 8
166 164 8 8
166 165 8 8
167 165 8 8
167 164 8 8
168 166 8 8
168 165 8 8
169 166 8 8
169 163 8 8
170 161 8 8
170 168 8 8
171 169 8 8
171 167 8 8
172 164 8 8
172 162 8 8
173 160 8 8
173 167 8 8
174 164 8 8
174 173 8 8
175 168 8 8
175 169 8 8
176 172 8 8
176 161 8 8
177 176 8 8
177 161 8 8
178 162 8 8
178 168 8 8
179 172 8 8
179 170 8 8
160 172 8 8
160 178 8 8
161 172 8 8
161 169 8 8
182 180 9 9
182 181 9 9
183 181 9 9
183 180 9 9
184 182 9 9
184 181 9 9
185 184 9 9
185 182 9 9
186 184 9 9
186 180 9 9
187 181 9 9
187 185 9 9
188 182 9 9
188 183 9 9
189 182 9 9
189 181 9 9
190 184 9 9
190 180 9 9
191 190 9 9
191 184 9 9
192 185 9 9
192 186 9 9
193 182 9 9
193 184 9 9
194 184 9 9
194 192 9 9
195 183 9 9
195 182 9 9
196 193 9 9
196 190 9 9
197 184 9 9
197 180 9 9
198 187 9 9
198 194 9 9
199 180 9 9
199 186 9 9
180 198 9 9
180 184 9 9
181 198 9 9
181 185 9 9
202 200 10 10
202 201 10 10
203 201 10 10
203 200 10 10
204 201 10 10
204 200 10 10
205 204 10 10
205 201 10 10
206 204 10 10
206 203 10 10
207 200 10 10
207 202 10 10
208 202 10 10
208 200 10 10
209 207 10 10
209 202 10 10
210 204 10 10
210 207 10 10
211 203 10 10
211 209 10 10
212 209 10 10
212 207 10 10
213 209 10 10
213 211 10 10
214 202 10 10
214 200 10 10
215 211 10 10
215 206 10 10
216 201 10 10
216 209 10 10
217 205 10 10
217 210 10 10
218 212 10 10
218 200 10 10
219 217 10 10
219 209 10 10
200 209 10 10
200 216 10 10
201 207 10 10
201 208 10 10
222 221 11 11
222 220 11 11
223 220 11 11
223 221 11 11
224 221 11 11
224 220 11 11
225 224 11 11
225 221 11 11
226 222 11 11
226 221 11 11
227 222 11 11
227 226 11 11
228 221 11 11
228 224 11 11
229 222 11 11
229 220 11 11
230 223 11 11
230 228 11 11
231 226 11 11
231 225 11 11
232 220 11 11
232 229 11 11
233 221 11 11
233 226 11 11
234 222 11 11
234 231 11 11
235 229 11 11
235 224 11 11
236 234 11 11
236 232 11 11
237 232 11 11
237 234 11 11
238 230 11 11
238 232 11 11
239 222 11 11
239 228 11 11
220 238 11 11
220 231 11 11
221 227 11 11
221 235 11 11
242 240 12 12
242 241 12 12
243 240 12 12
243 242 12 12
244 240 12 12
244 241 12 12
245 243 12 12
245 242 12 12
246 241 12 12
246 240 12 12
247 240 12 12
247 246 12 12
248 244 12 12
248 242 12 12
249 241 12 12
249 247 12 12
250 249 12 12
250 247 12 12
251 240 12 12
251 244 12 12
252 241 12 12
252 247 12 12
253 249 12 12
253 245 12 12
254 250 12 12
254 240 12 12
255 251 12 12
255 244 12 12
256 243 12 12
256 248 12 12
257 249 12 12
257 252 12 12
258 241 12 12
258 256 12 12
259 246 12 12
259 248 12 12
240 252 12 12
240 259 12 12
241 255 12 12
241 259 12 12
262 260 13 13
262 261 13 13
263 260 13 13
263 262 13 13
264 260 13 13
264 261 13 13
265 262 13 13
265 263 13 13
266 264 13 13
266 265 13 13
267 264 13 13
267 260 13 13
268 263 13 13
268 261 13 13
269 262 13 13
269 266 13 13
270 265 13 13
270 262 13 13
271 262 13 13
271 264 13 13
272 261 13 13
272 271 13 13
273 271 13 13
273 267 13 13
274 271 13 13
274 269 13 13
275 267 13 13
275 272 13 13
276 270 13 13
276 263 13 13
277 276 13 13
277 275 13 13
278 273 13 13
278 261 13 13
279 268 13 13
279 276 13 13
260 278 13 13
260 276 13 13
261 273 13 13
261 279 13 13
282 280 14 14
282 281 14 14
283 282 14 14
283 280 14 14
284 282 14 14
284 280 14 14
285 282 14 14
285 281 14 14
286 284 14 14
286 282 14 14
287 286 14 14
287 281 14 14
288 282 14 14
288 283 14 14
289 286 14 14
289 282 14 14
290 283 14 14
290 281 14 14
291 289 14 14
291 283 14 14
292 287 14 14
292 281 14 14
293 289 14 14
293 292 14 14
294 280 14 14
294 285 14 14
295 283 14 14
295 292 14 14
296 289 14 14
296 295 14 14
297 283 14 14
297 282 14 14
298 283 14 14
298 287 14 14
299 283 14 14
299 294 14 14
280 286 14 14
280 297 14 14
281 289 14 14
281 295 14 14
302 300 15 15
302 301 15 15
303 301 15 15
303 300 15 15
304 303 15 15
304 301 15 15
305 304 15 15
305 301 15 15
306 302 15 15
306 305 15 15
307 304 15 15
307 301 15 15
308 300 15 15
308 304 15 15
309 300 15 15
309 302 15 15
310 300 15 15
310 306 15 15
311 302 15 15
311 307 15 15
312 309 15 15
312 307 15 15
313 305 15 15
313 308 15 15
314 309 15 15
314 305 15 15
315 304 15 15
315 314 15 15
316 301 15 15
316 307 15 15
317 300 15 15
317 303 15 15
318 309 15 15
318 316 15 15
319 315 15 15
319 309 15 15
300 312 15 15
300 313 15 15
301 319 15 15
301 312 15 15
40 39 2 1
50 7 2 0
75 9 3 0
72 35 3 1
83 29 4 1
97 50 4 2
119 68 5 3
111 32 5 1
128 59 6 2
138 88 6 4
147 11 7 0
152 38 7 1
175 31 8 1
160 142 8 7
196 177 9 8
197 133 9 6
204 86 10 4
207 116 10 5
231 84 11 4
239 139 11 6
255 120 12 6
248 67 12 3
279 66 13 3
272 186 13 9
284 255 14 12
297 27 14 1
318 299 15 14
300 250 15 12
14 236 0 11
2 124 0 6
39 183 1 9
25 130 1 6
