swNum = 320
edgeNum = 672

0 0
1 0
2 0
3 0
4 0
5 0
6 0
7 0
8 0
9 0
10 0
11 0
12 0
13 0
14 0
15 0
16 0
17 0
18 0
19 0
20 1
21 1
22 1
23 1
24 1
25 1
26 1
27 1
28 1
29 1
30 1
31 1
32 1
33 1
34 1
35 1
36 1
37 1
38 1
39 1
40 2
41 2
42 2
43 2
44 2
45 2
46 2
47 2
48 2
49 2
50 2
51 2
52 2
53 2
54 2
55 2
56 2
57 2
58 2
59 2
60 3
61 3
62 3
63 3
64 3
65 3
66 3
67 3
68 3
69 3
70 3
71 3
72 3
73 3
74 3
75 3
76 3
77 3
78 3
79 3
80 4
81 4
82 4
83 4
84 4
85 4
86 4
87 4
88 4
89 4
90 4
91 4
92 4
93 4
94 4
95 4
96 4
97 4
98 4
99 4
100 5
101 5
102 5
103 5
104 5
105 5
106 5
107 5
108 5
109 5
110 5
111 5
112 5
113 5
114 5
115 5
116 5
117 5
118 5
119 5
120 6
121 6
122 6
123 6
124 6
125 6
126 6
127 6
128 6
129 6
130 6
131 6
132 6
133 6
134 6
135 6
136 6
137 6
138 6
139 6
140 7
141 7
142 7
143 7
144 7
145 7
146 7
147 7
148 7
149 7
150 7
151 7
152 7
153 7
154 7
155 7
156 7
157 7
158 7
159 7
160 8
161 8
162 8
163 8
164 8
165 8
166 8
167 8
168 8
169 8
170 8
171 8
172 8
173 8
174 8
175 8
176 8
177 8
178 8
179 8
180 9
181 9
182 9
183 9
184 9
185 9
186 9
187 9
188 9
189 9
190 9
191 9
192 9
193 9
194 9
195 9
196 9
197 9
198 9
199 9
200 10
201 10
202 10
203 10
204 10
205 10
206 10
207 10
208 10
209 10
210 10
211 10
212 10
213 10
214 10
215 10
216 10
217 10
218 10
219 10
220 11
221 11
222 11
223 11
224 11
225 11
226 11
227 11
228 11
229 11
230 11
231 11
232 11
233 11
234 11
235 11
236 11
237 11
238 11
239 11
240 12
241 12
242 12
243 12
244 12
245 12
246 12
247 12
248 12
249 12
250 12
251 12
252 12
253 12
254 12
255 12
256 12
257 12
258 12
259 12
260 13
261 13
262 13
263 13
264 13
265 13
266 13
267 13
268 13
269 13
270 13
271 13
272 13
273 13
274 13
275 13
276 13
277 13
278 13
279 13
280 14
281 14
282 14
283 14
284 14
285 14
286 14
287 14
288 14
289 14
290 14
291 14
292 14
293 14
294 14
295 14
296 14
297 14
298 14
299 14
300 15
301 15
302 15
303 15
304 15
305 15
306 15
307 15
308 15
309 15
310 15
311 15
312 15
313 15
314 15
315 15
316 15
317 15
318 15
319 15

2 1 0 0
2 0 0 0
3 0 0 0
3 1 0 0
4 0 0 0
4 3 0 0
5 4 0 0
5 3 0 0
6 5 0 0
6 4 0 0
7 2 0 0
7 6 0 0
8 0 0 0
8 4 0 0
9 4 0 0
9 6 0 0
10 5 0 0
10 8 0 0
11 3 0 0
11 9 0 0
12 1 0 0
12 3 0 0
13 3 0 0
13 8 0 0
14 2 0 0
14 4 0 0
15 0 0 0
15 12 0 0
16 2 0 0
16 15 0 0
17 10 0 0
17 8 0 0
18 3 0 0
18 1 0 0
19 5 0 0
19 4 0 0
0 16 0 0
0 10 0 0
1 15 0 0
1 16 0 0
22 20 1 1
22 21 1 1
23 20 1 1
23 22 1 1
24 23 1 1
24 21 1 1
25 20 1 1
25 22 1 1
26 20 1 1
26 22 1 1
27 26 1 1
27 23 1 1
28 27 1 1
28 26 1 1
29 26 1 1
29 24 1 1
30 29 1 1
30 22 1 1
31 22 1 1
31 25 1 1
32 24 1 1
32 26 1 1
33 24 1 1
33 31 1 1
34 26 1 1
34 21 1 1
35 31 1 1
35 23 1 1
36 25 1 1
36 31 1 1
37 23 1 1
37 21 1 1
38 32 1 1
38 23 1 1
39 31 1 1
39 33 1 1
20 35 1 1
20 29 1 1
21 38 1 1
21 33 1 1
42 41 2 2
42 40 2 2
43 42 2 2
43 40 2 2
44 42 2 2
44 41 2 2
45 42 2 2
45 40 2 2
46 41 2 2
46 40 2 2
47 43 2 2
47 45 2 2
48 47 2 2
48 40 2 2
49 45 2 2
49 43 2 2
50 49 2 2
50 48 2 2
51 40 2 2
51 49 2 2
52 41 2 2
52 44 2 2
53 50 2 2
53 51 2 2
54 48 2 2
54 49 2 2
55 54 2 2
55 41 2 2
56 53 2 2
56 52 2 2
57 49 2 2
57 56 2 2
58 55 2 2
58 51 2 2
59 56 2 2
59 42 2 2
40 49 2 2
40 56 2 2
41 51 2 2
41 53 2 2
62 61 3 3
62 60 3 3
63 62 3 3
63 60 3 3
64 60 3 3
64 62 3 3
65 63 3 3
65 60 3 3
66 63 3 3
66 65 3 3
67 62 3 3
67 60 3 3
68 65 3 3
68 61 3 3
69 62 3 3
69 63 3 3
70 68 3 3
70 69 3 3
71 67 3 3
71 63 3 3
72 63 3 3
72 62 3 3
73 69 3 3
73 67 3 3
74 68 3 3
74 65 3 3
75 61 3 3
75 64 3 3
76 62 3 3
76 73 3 3
77 60 3 3
77 73 3 3
78 77 3 3
78 60 3 3
79 65 3 3
79 72 3 3
60 69 3 3
60 73 3 3
61 63 3 3
61 74 3 3
82 80 4 4
82 81 4 4
83 82 4 4
83 80 4 4
84 83 4 4
84 82 4 4
85 84 4 4
85 81 4 4
86 84 4 4
86 85 4 4
87 86 4 4
87 80 4 4
88 80 4 4
88 84 4 4
89 83 4 4
89 87 4 4
90 80 4 4
90 89 4 4
91 86 4 4
91 90 4 4
92 80 4 4
92 87 4 4
93 82 4 4
93 91 4 4
94 92 4 4
94 88 4 4
95 87 4 4
95 85 4 4
96 91 4 4
96 83 4 4
97 85 4 4
97 95 4 4
98 81 4 4
98 96 4 4
99 81 4 4
99 89 4 4
80 98 4 4
80 97 4 4
81 96 4 4
81 88 4 4
102 100 5 5
102 101 5 5
103 102 5 5
103 100 5 5
104 100 5 5
104 102 5 5
105 104 5 5
105 102 5 5
106 102 5 5
106 104 5 5
107 106 5 5
107 102 5 5
108 103 5 5
108 106 5 5
109 105 5 5
109 100 5 5
110 104 5 5
110 102 5 5
111 108 5 5
111 101 5 5
112 104 5 5
112 110 5 5
113 102 5 5
113 103 5 5
114 112 5 5
114 110 5 5
115 100 5 5
115 112 5 5
116 102 5 5
116 112 5 5
117 106 5 5
117 109 5 5
118 104 5 5
118 106 5 5
119 100 5 5
119 110 5 5
100 114 5 5
100 105 5 5
101 113 5 5
101 115 5 5
122 120 6 6
122 121 6 6
123 122 6 6
123 120 6 6
124 120 6 6
124 121 6 6
125 120 6 6
125 122 6 6
126 122 6 6
126 123 6 6
127 125 6 6
127 123 6 6
128 124 6 6
128 127 6 6
129 126 6 6
129 122 6 6
130 122 6 6
130 129 6 6
131 130 6 6
131 121 6 6
132 123 6 6
132 126 6 6
133 123 6 6
133 132 6 6
134 122 6 6
134 131 6 6
135 130 6 6
135 131 6 6
136 124 6 6
136 120 6 6
137 124 6 6
137 136 6 6
138 132 6 6
138 128 6 6
139 133 6 6
139 132 6 6
120 138 6 6
120 128 6 6
121 128 6 6
121 132 6 6
142 141 7 7
142 140 7 7
143 140 7 7
143 142 7 7
144 141 7 7
144 140 7 7
145 144 7 7
145 140 7 7
146 143 7 7
146 140 7 7
147 143 7 7
147 145 7 7
148 142 7 7
148 144 7 7
149 146 7 7
149 147 7 7
150 144 7 7
150 141 7 7
151 144 7 7
151 141 7 7
152 146 7 7
152 151 7 7
153 141 7 7
153 147 7 7
154 151 7 7
154 144 7 7
155 143 7 7
155 153 7 7
156 140 7 7
156 144 7 7
157 153 7 7
157 151 7 7
158 151 7 7
158 147 7 7
159 152 7 7
159 158 7 7
140 151 7 7
140 152 7 7
141 155 7 7
141 157 7 7
162 160 8 8
162 161 8 8
163 162 8 8
163 161 8 8
164 161 8 8
164 163 8 8
165 163 8 8
165 164 8 8
166 160 8 8
166 165 8 8
167 160 8 8
167 161 8 8
168 165 8 8
168 163 8 8
169 165 8 8
169 160 8 8
170 168 8 8
170 161 8 8
171 167 8 8
171 169 8 8
172 169 8 8
172 166 8 8
173 161 8 8
173 163 8 8
174 161 8 8
174 162 8 8
175 161 8 8
175 171 8 8
176 175 8 8
176 164 8 8
177 175 8 8
177 164 8 8
178 166 8 8
178 171 8 8
179 168 8 8
179 162 8 8
160 165 8 8
160 171 8 8
161 172 8 8
161 177 8 8
182 181 9 9
182 180 9 9
183 180 9 9
183 181 9 9
184 183 9 9
184 181 9 9
185 184 9 9
185 182 9 9
186 182 9 9
186 183 9 9
187 184 9 9
187 183 9 9
188 186 9 9
188 187 9 9
189 182 9 9
189 181 9 9
190 185 9 9
190 188 9 9
191 181 9 9
191 188 9 9
192 187 9 9
192 184 9 9
193 186 9 9
193 180 9 9
194 180 9 9
194 182 9 9
195 190 9 9
195 184 9 9
196 195 9 9
196 184 9 9
197 187 9 9
197 192 9 9
198 192 9 9
198 181 9 9
199 196 9 9
199 185 9 9
180 192 9 9
180 189 9 9
181 190 9 9
181 188 9 9
202 200 10 10
202 201 10 10
203 200 10 10
203 201 10 10
204 201 10 10
204 200 10 10
205 204 10 10
205 203 10 10
206 200 10 10
206 201 10 10
207 204 10 10
207 206 10 10
208 201 10 10
208 203 10 10
209 202 10 10
209 201 10 10
210 208 10 10
210 201 10 10
211 209 10 10
211 202 10 10
212 209 10 10
212 203 10 10
213 208 10 10
213 205 10 10
214 202 10 10
214 201 10 10
215 208 10 10
215 201 10 10
216 208 10 10
216 204 10 10
217 216 10 10
217 213 10 10
218 204 10 10
218 216 10 10
219 203 10 10
219 213 10 10
200 207 10 10
200 218 10 10
201 217 10 10
201 219 10 10
222 220 11 11
222 221 11 11
223 220 11 11
223 222 11 11
224 222 11 11
224 220 11 11
225 223 11 11
225 222 11 11
226 224 11 11
226 225 11 11
227 220 11 11
227 222 11 11
228 225 11 11
228 223 11 11
229 227 11 11
229 221 11 11
230 223 11 11
230 228 11 11
231 224 11 11
231 222 11 11
232 222 11 11
232 220 11 11
233 225 11 11
233 232 11 11
234 225 11 11
234 220 11 11
235 230 11 11
235 220 11 11
236 220 11 11
236 228 11 11
237 227 11 11
237 229 11 11
238 221 11 11
238 237 11 11
239 221 11 11
239 229 11 11
220 226 11 11
220 237 11 11
221 232 11 11
221 235 11 11
242 241 12 12
242 240 12 12
243 241 12 12
243 240 12 12
244 242 12 12
244 241 12 12
245 244 12 12
245 240 12 12
246 243 12 12
246 240 12 12
247 240 12 12
247 243 12 12
248 245 12 12
248 240 12 12
249 240 12 12
249 248 12 12
250 244 12 12
250 243 12 12
251 246 12 12
251 240 12 12
252 250 12 12
252 242 12 12
253 242 12 12
253 241 12 12
254 243 12 12
254 246 12 12
255 249 12 12
255 240 12 12
256 249 12 12
256 253 12 12
257 241 12 12
257 242 12 12
258 256 12 12
258 242 12 12
259 246 12 12
259 248 12 12
240 259 12 12
240 254 12 12
241 247 12 12
241 252 12 12
262 260 13 13
262 261 13 13
263 262 13 13
263 260 13 13
264 263 13 13
264 260 13 13
265 264 13 13
265 260 13 13
266 262 13 13
266 260 13 13
267 264 13 13
267 262 13 13
268 262 13 13
268 267 13 13
269 268 13 13
269 265 13 13
270 267 13 13
270 266 13 13
271 269 13 13
271 265 13 13
272 261 13 13
272 268 13 13
273 264 13 13
273 262 13 13
274 273 13 13
274 270 13 13
275 266 13 13
275 274 13 13
276 267 13 13
276 263 13 13
277 266 13 13
277 264 13 13
278 276 13 13
278 272 13 13
279 262 13 13
279 273 13 13
260 279 13 13
260 270 13 13
261 277 13 13
261 266 13 13
282 281 14 14
282 280 14 14
283 282 14 14
283 281 14 14
284 280 14 14
284 282 14 14
285 283 14 14
285 282 14 14
286 281 14 14
286 280 14 14
287 285 14 14
287 283 14 14
288 282 14 14
288 285 14 14
289 280 14 14
289 281 14 14
290 288 14 14
290 280 14 14
291 290 14 14
291 282 14 14
292 291 14 14
292 283 14 14
293 282 14 14
293 285 14 14
294 281 14 14
294 284 14 14
295 281 14 14
295 285 14 14
296 292 14 14
296 289 14 14
297 288 14 14
297 293 14 14
298 287 14 14
298 290 14 14
299 286 14 14
299 289 14 14
280 287 14 14
280 283 14 14
281 284 14 14
281 290 14 14
302 300 15 15
302 301 15 15
303 300 15 15
303 301 15 15
304 303 15 15
304 302 15 15
305 301 15 15
305 303 15 15
306 303 15 15
306 302 15 15
307 303 15 15
307 306 15 15
308 306 15 15
308 301 15 15
309 306 15 15
309 300 15 15
310 304 15 15
310 300 15 15
311 300 15 15
311 309 15 15
312 302 15 15
312 300 15 15
313 312 15 15
313 311 15 15
314 302 15 15
314 304 15 15
315 301 15 15
315 308 15 15
316 300 15 15
316 310 15 15
317 307 15 15
317 306 15 15
318 300 15 15
318 311 15 15
319 316 15 15
319 300 15 15
300 305 15 15
300 317 15 15
301 311 15 15
301 313 15 15
41 12 2 0
59 37 2 1
75 52 3 2
73 2 3 0
80 27 4 1
82 76 4 3
115 43 5 2
100 81 5 4
124 29 6 1
125 113 6 5
158 18 7 0
153 40 7 2
163 1 8 0
162 99 8 4
183 127 9 6
184 165 9 8
205 164 10 8
215 29 10 1
222 129 11 6
232 79 11 3
242 229 12 11
253 71 12 3
268 122 13 6
273 213 13 10
285 262 14 13
299 23 14 1
319 119 15 5
312 142 15 7
1 290 0 14
7 89 0 4
30 265 1 13
33 70 1 3
