swNum = 320
edgeNum = 672

0 0
1 0
2 0
3 0
4 0
5 0
6 0
7 0
8 0
9 0
10 0
11 0
12 0
13 0
14 0
15 0
16 0
17 0
18 0
19 0
20 1
21 1
22 1
23 1
24 1
25 1
26 1
27 1
28 1
29 1
30 1
31 1
32 1
33 1
34 1
35 1
36 1
37 1
38 1
39 1
40 2
41 2
42 2
43 2
44 2
45 2
46 2
47 2
48 2
49 2
50 2
51 2
52 2
53 2
54 2
55 2
56 2
57 2
58 2
59 2
60 3
61 3
62 3
63 3
64 3
65 3
66 3
67 3
68 3
69 3
70 3
71 3
72 3
73 3
74 3
75 3
76 3
77 3
78 3
79 3
80 4
81 4
82 4
83 4
84 4
85 4
86 4
87 4
88 4
89 4
90 4
91 4
92 4
93 4
94 4
95 4
96 4
97 4
98 4
99 4
100 5
101 5
102 5
103 5
104 5
105 5
106 5
107 5
108 5
109 5
110 5
111 5
112 5
113 5
114 5
115 5
116 5
117 5
118 5
119 5
120 6
121 6
122 6
123 6
124 6
125 6
126 6
127 6
128 6
129 6
130 6
131 6
132 6
133 6
134 6
135 6
136 6
137 6
138 6
139 6
140 7
141 7
142 7
143 7
144 7
145 7
146 7
147 7
148 7
149 7
150 7
151 7
152 7
153 7
154 7
155 7
156 7
157 7
158 7
159 7
160 8
161 8
162 8
163 8
164 8
165 8
166 8
167 8
168 8
169 8
170 8
171 8
172 8
173 8
174 8
175 8
176 8
177 8
178 8
179 8
180 9
181 9
182 9
183 9
184 9
185 9
186 9
187 9
188 9
189 9
190 9
191 9
192 9
193 9
194 9
195 9
196 9
197 9
198 9
199 9
200 10
201 10
202 10
203 10
204 10
205 10
206 10
207 10
208 10
209 10
210 10
211 10
212 10
213 10
214 10
215 10
216 10
217 10
218 10
219 10
220 11
221 11
222 11
223 11
224 11
225 11
226 11
227 11
228 11
229 11
230 11
231 11
232 11
233 11
234 11
235 11
236 11
237 11
238 11
239 11
240 12
241 12
242 12
243 12
244 12
245 12
246 12
247 12
248 12
249 12
250 12
251 12
252 12
253 12
254 12
255 12
256 12
257 12
258 12
259 12
260 13
261 13
262 13
263 13
264 13
265 13
266 13
267 13
268 13
269 13
270 13
271 13
272 13
273 13
274 13
275 13
276 13
277 13
278 13
279 13
280 14
281 14
282 14
283 14
284 14
285 14
286 14
287 14
288 14
289 14
290 14
291 14
292 14
293 14
294 14
295 14
296 14
297 14
298 14
299 14
300 15
301 15
302 15
303 15
304 15
305 15
306 15
307 15
308 15
309 15
310 15
311 15
312 15
313 15
314 15
315 15
316 15
317 15
318 15
319 15

2 1 0 0
2 0 0 0
3 0 0 0
3 2 0 0
4 2 0 0
4 1 0 0
5 2 0 0
5 0 0 0
6 4 0 0
6 3 0 0
7 2 0 0
7 1 0 0
8 1 0 0
8 3 0 0
9 4 0 0
9 3 0 0
10 2 0 0
10 4 0 0
11 2 0 0
11 1 0 0
12 5 0 0
12 7 0 0
13 11 0 0
13 6 0 0
14 2 0 0
14 11 0 0
15 4 0 0
15 2 0 0
16 14 0 0
16 2 0 0
17 9 0 0
17 6 0 0
18 5 0 0
18 12 0 0
19 10 0 0
19 12 0 0
0 15 0 0
0 9 0 0
1 19 0 0
1 12 0 0
22 21 1 1
22 20 1 1
23 21 1 1
23 20 1 1
24 22 1 1
24 23 1 1
25 22 1 1
25 20 1 1
26 24 1 1
26 23 1 1
27 23 1 1
27 25 1 1
28 27 1 1
28 23 1 1
29 25 1 1
29 28 1 1
30 22 1 1
30 26 1 1
31 28 1 1
31 30 1 1
32 27 1 1
32 20 1 1
33 27 1 1
33 24 1 1
34 22 1 1
34 23 1 1
35 22 1 1
35 32 1 1
36 33 1 1
36 32 1 1
37 28 1 1
37 30 1 1
38 35 1 1
38 36 1 1
39 22 1 1
39 32 1 1
20 35 1 1
20 39 1 1
21 39 1 1
21 24 1 1
42 40 2 2
42 41 2 2
43 41 2 2
43 40 2 2
44 40 2 2
44 43 2 2
45 40 2 2
45 41 2 2
46 45 2 2
46 43 2 2
47 43 2 2
47 46 2 2
48 40 2 2
48 42 2 2
49 48 2 2
49 47 2 2
50 46 2 2
50 41 2 2
51 42 2 2
51 45 2 2
52 47 2 2
52 42 2 2
53 52 2 2
53 50 2 2
54 52 2 2
54 49 2 2
55 49 2 2
55 48 2 2
56 41 2 2
56 50 2 2
57 55 2 2
57 56 2 2
58 42 2 2
58 57 2 2
59 53 2 2
59 43 2 2
40 53 2 2
40 56 2 2
41 53 2 2
41 46 2 2
62 61 3 3
62 60 3 3
63 62 3 3
63 60 3 3
64 60 3 3
64 61 3 3
65 64 3 3
65 63 3 3
66 63 3 3
66 60 3 3
67 60 3 3
67 64 3 3
68 61 3 3
68 64 3 3
69 63 3 3
69 62 3 3
70 65 3 3
70 67 3 3
71 65 3 3
71 66 3 3
72 70 3 3
72 66 3 3
73 72 3 3
73 64 3 3
74 65 3 3
74 69 3 3
75 63 3 3
75 71 3 3
76 75 3 3
76 69 3 3
77 69 3 3
77 74 3 3
78 75 3 3
78 63 3 3
79 76 3 3
79 70 3 3
60 78 3 3
60 70 3 3
61 73 3 3
61 75 3 3
82 80 4 4
82 81 4 4
83 82 4 4
83 81 4 4
84 82 4 4
84 81 4 4
85 80 4 4
85 84 4 4
86 80 4 4
86 81 4 4
87 85 4 4
87 83 4 4
88 87 4 4
88 82 4 4
89 87 4 4
89 80 4 4
90 89 4 4
90 82 4 4
91 81 4 4
91 83 4 4
92 90 4 4
92 83 4 4
93 86 4 4
93 84 4 4
94 82 4 4
94 85 4 4
95 81 4 4
95 83 4 4
96 80 4 4
96 87 4 4
97 83 4 4
97 81 4 4
98 81 4 4
98 80 4 4
99 91 4 4
99 81 4 4
80 88 4 4
80 94 4 4
81 87 4 4
81 92 4 4
102 100 5 5
102 101 5 5
103 101 5 5
103 100 5 5
104 100 5 5
104 101 5 5
105 104 5 5
105 102 5 5
106 102 5 5
106 103 5 5
107 105 5 5
107 101 5 5
108 101 5 5
108 106 5 5
109 104 5 5
109 107 5 5
110 108 5 5
110 101 5 5
111 102 5 5
111 110 5 5
112 100 5 5
112 108 5 5
113 108 5 5
113 109 5 5
114 108 5 5
114 112 5 5
115 101 5 5
115 114 5 5
116 100 5 5
116 113 5 5
117 105 5 5
117 104 5 5
118 103 5 5
118 107 5 5
119 101 5 5
119 110 5 5
100 110 5 5
100 117 5 5
101 106 5 5
101 113 5 5
122 121 6 6
122 120 6 6
123 120 6 6
123 122 6 6
124 121 6 6
124 120 6 6
125 124 6 6
125 123 6 6
126 125 6 6
126 122 6 6
127 126 6 6
127 121 6 6
128 120 6 6
128 127 6 6
129 127 6 6
129 124 6 6
130 120 6 6
130 124 6 6
131 120 6 6
131 130 6 6
132 127 6 6
132 124 6 6
133 127 6 6
133 120 6 6
134 127 6 6
134 131 6 6
135 120 6 6
135 123 6 6
136 122 6 6
136 133 6 6
137 128 6 6
137 125 6 6
138 126 6 6
138 137 6 6
139 138 6 6
139 128 6 6
120 139 6 6
120 129 6 6
121 138 6 6
121 134 6 6
142 140 7 7
142 141 7 7
143 142 7 7
143 141 7 7
144 142 7 7
144 143 7 7
145 144 7 7
145 143 7 7
146 145 7 7
146 143 7 7
147 144 7 7
147 142 7 7
148 147 7 7
148 146 7 7
149 147 7 7
149 142 7 7
150 141 7 7
150 145 7 7
151 148 7 7
151 140 7 7
152 144 7 7
152 148 7 7
153 142 7 7
153 143 7 7
154 145 7 7
154 143 7 7
155 148 7 7
155 146 7 7
156 151 7 7
156 149 7 7
157 152 7 7
157 143 7 7
158 154 7 7
158 151 7 7
159 146 7 7
159 145 7 7
140 150 7 7
140 144 7 7
141 153 7 7
141 152 7 7
162 161 8 8
162 160 8 8
163 161 8 8
163 160 8 8
164 161 8 8
164 162 8 8
165 164 8 8
165 162 8 8
166 163 8 8
166 162 8 8
167 166 8 8
167 163 8 8
168 167 8 8
168 165 8 8
169 162 8 8
169 166 8 8
170 161 8 8
170 162 8 8
171 167 8 8
171 163 8 8
172 164 8 8
172 170 8 8
173 168 8 8
173 166 8 8
174 161 8 8
174 171 8 8
175 161 8 8
175 171 8 8
176 167 8 8
176 169 8 8
177 161 8 8
177 165 8 8
178 160 8 8
178 164 8 8
179 169 8 8
179 177 8 8
160 172 8 8
160 174 8 8
161 167 8 8
161 172 8 8
182 181 9 9
182 180 9 9
183 180 9 9
183 181 9 9
184 180 9 9
184 181 9 9
185 182 9 9
185 180 9 9
186 183 9 9
186 180 9 9
187 182 9 9
187 184 9 9
188 180 9 9
188 181 9 9
189 188 9 9
189 184 9 9
190 188 9 9
190 189 9 9
191 190 9 9
191 187 9 9
192 190 9 9
192 180 9 9
193 185 9 9
193 182 9 9
194 186 9 9
194 190 9 9
195 185 9 9
195 189 9 9
196 192 9 9
196 186 9 9
197 194 9 9
197 190 9 9
198 187 9 9
198 180 9 9
199 187 9 9
199 186 9 9
180 196 9 9
180 190 9 9
181 198 9 9
181 195 9 9
202 201 10 10
202 200 10 10
203 202 10 10
203 200 10 10
204 203 10 10
204 201 10 10
205 201 10 10
205 202 10 10
206 203 10 10
206 205 10 10
207 204 10 10
207 201 10 10
208 206 10 10
208 202 10 10
209 207 10 10
209 206 10 10
210 207 10 10
210 201 10 10
211 203 10 10
211 202 10 10
212 201 10 10
212 204 10 10
213 202 10 10
213 203 10 10
214 211 10 10
214 209 10 10
215 200 10 10
215 207 10 10
216 209 10 10
216 207 10 10
217 216 10 10
217 204 10 10
218 201 10 10
218 216 10 10
219 201 10 10
219 207 10 10
200 206 10 10
200 213 10 10
201 203 10 10
201 208 10 10
222 220 11 11
222 221 11 11
223 222 11 11
223 220 11 11
224 221 11 11
224 220 11 11
225 221 11 11
225 224 11 11
226 222 11 11
226 223 11 11
227 226 11 11
227 224 11 11
228 224 11 11
228 220 11 11
229 227 11 11
229 223 11 11
230 226 11 11
230 227 11 11
231 221 11 11
231 223 11 11
232 229 11 11
232 225 11 11
233 232 11 11
233 221 11 11
234 233 11 11
234 221 11 11
235 224 11 11
235 233 11 11
236 228 11 11
236 231 11 11
237 225 11 11
237 232 11 11
238 221 11 11
238 231 11 11
239 232 11 11
239 221 11 11
220 225 11 11
220 233 11 11
221 232 11 11
221 226 11 11
242 240 12 12
242 241 12 12
243 241 12 12
243 242 12 12
244 241 12 12
244 243 12 12
245 240 12 12
245 242 12 12
246 244 12 12
246 241 12 12
247 241 12 12
247 240 12 12
248 243 12 12
248 247 12 12
249 244 12 12
249 243 12 12
250 246 12 12
250 241 12 12
251 248 12 12
251 249 12 12
252 247 12 12
252 250 12 12
253 247 12 12
253 246 12 12
254 244 12 12
254 253 12 12
255 240 12 12
255 251 12 12
256 243 12 12
256 251 12 12
257 249 12 12
257 240 12 12
258 253 12 12
258 254 12 12
259 252 12 12
259 242 12 12
240 254 12 12
240 252 12 12
241 256 12 12
241 257 12 12
262 261 13 13
262 260 13 13
263 262 13 13
263 261 13 13
264 261 13 13
264 263 13 13
265 264 13 13
265 262 13 13
266 262 13 13
266 260 13 13
267 261 13 13
267 260 13 13
268 264 13 13
268 261 13 13
269 264 13 13
269 261 13 13
270 268 13 13
270 264 13 13
271 269 13 13
271 260 13 13
272 268 13 13
272 270 13 13
273 264 13 13
273 269 13 13
274 273 13 13
274 261 13 13
275 266 13 13
275 273 13 13
276 275 13 13
276 271 13 13
277 260 13 13
277 271 13 13
278 276 13 13
278 266 13 13
279 265 13 13
279 266 13 13
260 263 13 13
260 275 13 13
261 277 13 13
261 279 13 13
282 280 14 14
282 281 14 14
283 280 14 14
283 281 14 14
284 280 14 14
284 282 14 14
285 283 14 14
285 284 14 14
286 284 14 14
286 285 14 14
287 286 14 14
287 280 14 14
288 285 14 14
288 280 14 14
289 280 14 14
289 281 14 14
290 283 14 14
290 285 14 14
291 284 14 14
291 288 14 14
292 286 14 14
292 289 14 14
293 281 14 14
293 286 14 14
294 291 14 14
294 282 14 14
295 282 14 14
295 280 14 14
296 288 14 14
296 287 14 14
297 292 14 14
297 283 14 14
298 280 14 14
298 282 14 14
299 295 14 14
299 292 14 14
280 291 14 14
280 286 14 14
281 294 14 14
281 288 14 14
302 301 15 15
302 300 15 15
303 301 15 15
303 302 15 15
304 302 15 15
304 301 15 15
305 304 15 15
305 301 15 15
306 304 15 15
306 305 15 15
307 301 15 15
307 302 15 15
308 301 15 15
308 305 15 15
309 307 15 15
309 304 15 15
310 309 15 15
310 305 15 15
311 302 15 15
311 310 15 15
312 306 15 15
312 308 15 15
313 309 15 15
313 301 15 15
314 307 15 15
314 302 15 15
315 306 15 15
315 305 15 15
316 312 15 15
316 308 15 15
317 304 15 15
317 312 15 15
318 309 15 15
318 314 15 15
319 312 15 15
319 306 15 15
300 317 15 15
300 318 15 15
301 309 15 15
301 314 15 15
58 37 2 1
41 9 2 0
72 18 3 0
61 56 3 2
83 43 4 2
81 23 4 1
100 13 5 0
106 84 5 4
137 68 6 3
124 104 6 5
155 100 7 5
148 32 7 1
163 151 8 7
163 99 8 4
181 128 9 6
195 71 9 3
207 173 10 8
215 11 10 0
234 115 11 5
235 68 11 3
241 182 12 9
251 55 12 2
261 229 13 11
264 119 13 5
291 123 14 6
292 252 14 12
314 211 15 10
313 53 15 2
8 305 0 15
19 240 0 12
22 201 1 10
25 262 1 13
