swNum = 320
edgeNum = 672

0 0
1 0
2 0
3 0
4 0
5 0
6 0
7 0
8 0
9 0
10 0
11 0
12 0
13 0
14 0
15 0
16 0
17 0
18 0
19 0
20 1
21 1
22 1
23 1
24 1
25 1
26 1
27 1
28 1
29 1
30 1
31 1
32 1
33 1
34 1
35 1
36 1
37 1
38 1
39 1
40 2
41 2
42 2
43 2
44 2
45 2
46 2
47 2
48 2
49 2
50 2
51 2
52 2
53 2
54 2
55 2
56 2
57 2
58 2
59 2
60 3
61 3
62 3
63 3
64 3
65 3
66 3
67 3
68 3
69 3
70 3
71 3
72 3
73 3
74 3
75 3
76 3
77 3
78 3
79 3
80 4
81 4
82 4
83 4
84 4
85 4
86 4
87 4
88 4
89 4
90 4
91 4
92 4
93 4
94 4
95 4
96 4
97 4
98 4
99 4
100 5
101 5
102 5
103 5
104 5
105 5
106 5
107 5
108 5
109 5
110 5
111 5
112 5
113 5
114 5
115 5
116 5
117 5
118 5
119 5
120 6
121 6
122 6
123 6
124 6
125 6
126 6
127 6
128 6
129 6
130 6
131 6
132 6
133 6
134 6
135 6
136 6
137 6
138 6
139 6
140 7
141 7
142 7
143 7
144 7
145 7
146 7
147 7
148 7
149 7
150 7
151 7
152 7
153 7
154 7
155 7
156 7
157 7
158 7
159 7
160 8
161 8
162 8
163 8
164 8
165 8
166 8
167 8
168 8
169 8
170 8
171 8
172 8
173 8
174 8
175 8
176 8
177 8
178 8
179 8
180 9
181 9
182 9
183 9
184 9
185 9
186 9
187 9
188 9
189 9
190 9
191 9
192 9
193 9
194 9
195 9
196 9
197 9
198 9
199 9
200 10
201 10
202 10
203 10
204 10
205 10
206 10
207 10
208 10
209 10
210 10
211 10
212 10
213 10
214 10
215 10
216 10
217 10
218 10
219 10
220 11
221 11
222 11
223 11
224 11
225 11
226 11
227 11
228 11
229 11
230 11
231 11
232 11
233 11
234 11
235 11
236 11
237 11
238 11
239 11
240 12
241 12
242 12
243 12
244 12
245 12
246 12
247 12
248 12
249 12
250 12
251 12
252 12
253 12
254 12
255 12
256 12
257 12
258 12
259 12
260 13
261 13
262 13
263 13
264 13
265 13
266 13
267 13
268 13
269 13
270 13
271 13
272 13
273 13
274 13
275 13
276 13
277 13
278 13
279 13
280 14
281 14
282 14
283 14
284 14
285 14
286 14
287 14
288 14
289 14
290 14
291 14
292 14
293 14
294 14
295 14
296 14
297 14
298 14
299 14
300 15
301 15
302 15
303 15
304 15
305 15
306 15
307 15
308 15
309 15
310 15
311 15
312 15
313 15
314 15
315 15
316 15
317 15
318 15
319 15

2 1 0 0
2 0 0 0
3 2 0 0
3 0 0 0
4 2 0 0
4 1 0 0
5 4 0 0
5 2 0 0
6 3 0 0
6 2 0 0
7 4 0 0
7 5 0 0
8 3 0 0
8 6 0 0
9 7 0 0
9 1 0 0
10 0 0 0
10 9 0 0
11 10 0 0
11 1 0 0
12 10 0 0
12 11 0 0
13 9 0 0
13 4 0 0
14 0 0 0
14 7 0 0
15 4 0 0
15 14 0 0
16 1 0 0
16 11 0 0
17 14 0 0
17 10 0 0
18 3 0 0
18 8 0 0
19 12 0 0
19 8 0 0
0 7 0 0
0 12 0 0
1 7 0 0
1 14 0 0
22 21 1 1
22 20 1 1
23 21 1 1
23 22 1 1
24 23 1 1
24 20 1 1
25 22 1 1
25 21 1 1
26 24 1 1
26 21 1 1
27 20 1 1
27 23 1 1
28 21 1 1
28 27 1 1
29 27 1 1
29 20 1 1
30 20 1 1
30 27 1 1
31 21 1 1
31 20 1 1
32 24 1 1
32 20 1 1
33 28 1 1
33 22 1 1
34 29 1 1
34 25 1 1
35 33 1 1
35 22 1 1
36 28 1 1
36 20 1 1
37 29 1 1
37 28 1 1
38 21 1 1
38 25 1 1
39 35 1 1
39 21 1 1
20 23 1 1
20 28 1 1
21 30 1 1
21 33 1 1
42 40 2 2
42 41 2 2
43 41 2 2
43 40 2 2
44 40 2 2
44 41 2 2
45 44 2 2
45 40 2 2
46 44 2 2
46 42 2 2
47 41 2 2
47 45 2 2
48 47 2 2
48 44 2 2
49 47 2 2
49 45 2 2
50 40 2 2
50 47 2 2
51 41 2 2
51 43 2 2
52 45 2 2
52 49 2 2
53 45 2 2
53 47 2 2
54 46 2 2
54 53 2 2
55 54 2 2
55 46 2 2
56 49 2 2
56 40 2 2
57 50 2 2
57 48 2 2
58 52 2 2
58 48 2 2
59 52 2 2
59 48 2 2
40 48 2 2
40 47 2 2
41 58 2 2
41 53 2 2
62 61 3 3
62 60 3 3
63 60 3 3
63 62 3 3
64 62 3 3
64 61 3 3
65 64 3 3
65 62 3 3
66 65 3 3
66 64 3 3
67 60 3 3
67 63 3 3
68 66 3 3
68 65 3 3
69 64 3 3
69 60 3 3
70 62 3 3
70 61 3 3
71 69 3 3
71 67 3 3
72 63 3 3
72 60 3 3
73 64 3 3
73 65 3 3
74 64 3 3
74 65 3 3
75 73 3 3
75 67 3 3
76 66 3 3
76 74 3 3
77 73 3 3
77 62 3 3
78 75 3 3
78 68 3 3
79 61 3 3
79 60 3 3
60 71 3 3
60 70 3 3
61 72 3 3
61 76 3 3
82 80 4 4
82 81 4 4
83 81 4 4
83 80 4 4
84 80 4 4
84 82 4 4
85 83 4 4
85 81 4 4
86 85 4 4
86 84 4 4
87 86 4 4
87 83 4 4
88 86 4 4
88 82 4 4
89 86 4 4
89 88 4 4
90 84 4 4
90 86 4 4
91 89 4 4
91 84 4 4
92 83 4 4
92 87 4 4
93 82 4 4
93 81 4 4
94 93 4 4
94 82 4 4
95 90 4 4
95 80 4 4
96 93 4 4
96 81 4 4
97 92 4 4
97 89 4 4
98 88 4 4
98 81 4 4
99 80 4 4
99 83 4 4
80 94 4 4
80 87 4 4
81 89 4 4
81 92 4 4
102 101 5 5
102 100 5 5
103 101 5 5
103 100 5 5
104 100 5 5
104 102 5 5
105 101 5 5
105 100 5 5
106 105 5 5
106 102 5 5
107 103 5 5
107 102 5 5
108 104 5 5
108 102 5 5
109 100 5 5
109 101 5 5
110 101 5 5
110 105 5 5
111 105 5 5
111 100 5 5
112 111 5 5
112 104 5 5
113 100 5 5
113 105 5 5
114 109 5 5
114 112 5 5
115 103 5 5
115 101 5 5
116 112 5 5
116 104 5 5
117 108 5 5
117 107 5 5
118 116 5 5
118 100 5 5
119 114 5 5
119 115 5 5
100 116 5 5
100 115 5 5
101 106 5 5
101 119 5 5
122 120 6 6
122 121 6 6
123 122 6 6
123 121 6 6
124 120 6 6
124 121 6 6
125 122 6 6
125 123 6 6
126 123 6 6
126 121 6 6
127 126 6 6
127 121 6 6
128 123 6 6
128 124 6 6
129 124 6 6
129 123 6 6
130 121 6 6
130 126 6 6
131 127 6 6
131 120 6 6
132 131 6 6
132 126 6 6
133 120 6 6
133 122 6 6
134 131 6 6
134 129 6 6
135 123 6 6
135 127 6 6
136 131 6 6
136 128 6 6
137 120 6 6
137 127 6 6
138 125 6 6
138 131 6 6
139 120 6 6
139 131 6 6
120 123 6 6
120 135 6 6
121 128 6 6
121 136 6 6
142 140 7 7
142 141 7 7
143 142 7 7
143 140 7 7
144 140 7 7
144 142 7 7
145 144 7 7
145 142 7 7
146 143 7 7
146 144 7 7
147 142 7 7
147 144 7 7
148 142 7 7
148 144 7 7
149 142 7 7
149 140 7 7
150 149 7 7
150 143 7 7
151 149 7 7
151 143 7 7
152 147 7 7
152 149 7 7
153 152 7 7
153 148 7 7
154 149 7 7
154 140 7 7
155 151 7 7
155 144 7 7
156 151 7 7
156 146 7 7
157 149 7 7
157 147 7 7
158 146 7 7
158 147 7 7
159 145 7 7
159 140 7 7
140 146 7 7
140 145 7 7
141 144 7 7
141 153 7 7
162 161 8 8
162 160 8 8
163 162 8 8
163 160 8 8
164 161 8 8
164 162 8 8
165 160 8 8
165 164 8 8
166 161 8 8
166 160 8 8
167 162 8 8
167 163 8 8
168 164 8 8
168 162 8 8
169 167 8 8
169 168 8 8
170 165 8 8
170 168 8 8
171 164 8 8
171 161 8 8
172 170 8 8
172 167 8 8
173 163 8 8
173 165 8 8
174 160 8 8
174 168 8 8
175 164 8 8
175 169 8 8
176 163 8 8
176 175 8 8
177 171 8 8
177 161 8 8
178 175 8 8
178 173 8 8
179 177 8 8
179 175 8 8
160 170 8 8
160 164 8 8
161 175 8 8
161 176 8 8
182 181 9 9
182 180 9 9
183 181 9 9
183 180 9 9
184 183 9 9
184 180 9 9
185 184 9 9
185 181 9 9
186 185 9 9
186 184 9 9
187 186 9 9
187 183 9 9
188 181 9 9
188 185 9 9
189 183 9 9
189 182 9 9
190 180 9 9
190 186 9 9
191 187 9 9
191 183 9 9
192 182 9 9
192 186 9 9
193 186 9 9
193 187 9 9
194 182 9 9
194 184 9 9
195 190 9 9
195 188 9 9
196 180 9 9
196 190 9 9
197 183 9 9
197 190 9 9
198 186 9 9
198 192 9 9
199 189 9 9
199 195 9 9
180 191 9 9
180 194 9 9
181 187 9 9
181 197 9 9
202 201 10 10
202 200 10 10
203 201 10 10
203 202 10 10
204 200 10 10
204 202 10 10
205 202 10 10
205 201 10 10
206 205 10 10
206 200 10 10
207 201 10 10
207 202 10 10
208 203 10 10
208 200 10 10
209 205 10 10
209 206 10 10
210 208 10 10
210 204 10 10
211 203 10 10
211 202 10 10
212 204 10 10
212 202 10 10
213 205 10 10
213 208 10 10
214 212 10 10
214 203 10 10
215 212 10 10
215 211 10 10
216 207 10 10
216 205 10 10
217 205 10 10
217 201 10 10
218 216 10 10
218 202 10 10
219 205 10 10
219 206 10 10
200 211 10 10
200 212 10 10
201 208 10 10
201 219 10 10
222 220 11 11
222 221 11 11
223 220 11 11
223 221 11 11
224 221 11 11
224 222 11 11
225 221 11 11
225 223 11 11
226 222 11 11
226 221 11 11
227 221 11 11
227 222 11 11
228 225 11 11
228 227 11 11
229 222 11 11
229 221 11 11
230 227 11 11
230 223 11 11
231 228 11 11
231 224 11 11
232 227 11 11
232 223 11 11
233 225 11 11
233 221 11 11
234 227 11 11
234 226 11 11
235 231 11 11
235 229 11 11
236 220 11 11
236 228 11 11
237 234 11 11
237 232 11 11
238 226 11 11
238 229 11 11
239 236 11 11
239 228 11 11
220 227 11 11
220 235 11 11
221 232 11 11
221 228 11 11
242 240 12 12
242 241 12 12
243 241 12 12
243 240 12 12
244 242 12 12
244 240 12 12
245 241 12 12
245 243 12 12
246 245 12 12
246 241 12 12
247 245 12 12
247 243 12 12
248 246 12 12
248 241 12 12
249 247 12 12
249 240 12 12
250 246 12 12
250 248 12 12
251 247 12 12
251 246 12 12
252 249 12 12
252 245 12 12
253 252 12 12
253 249 12 12
254 248 12 12
254 249 12 12
255 245 12 12
255 247 12 12
256 240 12 12
256 242 12 12
257 250 12 12
257 254 12 12
258 257 12 12
258 246 12 12
259 244 12 12
259 243 12 12
240 253 12 12
240 245 12 12
241 247 12 12
241 249 12 12
262 260 13 13
262 261 13 13
263 260 13 13
263 261 13 13
264 262 13 13
264 263 13 13
265 264 13 13
265 261 13 13
266 265 13 13
266 262 13 13
267 262 13 13
267 261 13 13
268 265 13 13
268 264 13 13
269 263 13 13
269 266 13 13
270 264 13 13
270 267 13 13
271 266 13 13
271 265 13 13
272 270 13 13
272 266 13 13
273 261 13 13
273 260 13 13
274 270 13 13
274 268 13 13
275 270 13 13
275 262 13 13
276 266 13 13
276 275 13 13
277 276 13 13
277 260 13 13
278 265 13 13
278 273 13 13
279 271 13 13
279 275 13 13
260 269 13 13
260 266 13 13
261 269 13 13
261 277 13 13
282 281 14 14
282 280 14 14
283 281 14 14
283 282 14 14
284 281 14 14
284 283 14 14
285 282 14 14
285 284 14 14
286 284 14 14
286 280 14 14
287 286 14 14
287 284 14 14
288 285 14 14
288 283 14 14
289 287 14 14
289 284 14 14
290 286 14 14
290 280 14 14
291 284 14 14
291 288 14 14
292 287 14 14
292 280 14 14
293 284 14 14
293 292 14 14
294 288 14 14
294 289 14 14
295 289 14 14
295 286 14 14
296 295 14 14
296 285 14 14
297 282 14 14
297 289 14 14
298 282 14 14
298 296 14 14
299 286 14 14
299 281 14 14
280 293 14 14
280 287 14 14
281 298 14 14
281 290 14 14
302 300 15 15
302 301 15 15
303 301 15 15
303 300 15 15
304 300 15 15
304 303 15 15
305 303 15 15
305 304 15 15
306 304 15 15
306 301 15 15
307 301 15 15
307 304 15 15
308 303 15 15
308 307 15 15
309 305 15 15
309 307 15 15
310 301 15 15
310 306 15 15
311 307 15 15
311 302 15 15
312 308 15 15
312 303 15 15
313 310 15 15
313 312 15 15
314 306 15 15
314 307 15 15
315 312 15 15
315 300 15 15
316 303 15 15
316 314 15 15
317 311 15 15
317 302 15 15
318 314 15 15
318 302 15 15
319 315 15 15
319 311 15 15
300 318 15 15
300 307 15 15
301 314 15 15
301 313 15 15
42 30 2 1
52 12 2 0
69 35 3 1
61 2 3 0
83 73 4 3
81 3 4 0
105 56 5 2
116 99 5 4
121 19 6 0
126 70 6 3
153 37 7 1
146 42 7 2
172 42 8 2
165 34 8 1
186 28 9 1
192 138 9 6
208 12 10 0
211 192 10 9
231 22 11 1
225 172 11 8
259 60 12 3
249 120 12 6
262 225 13 11
266 204 13 10
282 75 14 3
293 98 14 4
300 67 15 3
319 56 15 2
0 109 0 5
11 304 0 15
24 243 1 12
33 91 1 4
