swNum = 320
edgeNum = 672

0 0
1 0
2 0
3 0
4 0
5 0
6 0
7 0
8 0
9 0
10 0
11 0
12 0
13 0
14 0
15 0
16 0
17 0
18 0
19 0
20 1
21 1
22 1
23 1
24 1
25 1
26 1
27 1
28 1
29 1
30 1
31 1
32 1
33 1
34 1
35 1
36 1
37 1
38 1
39 1
40 2
41 2
42 2
43 2
44 2
45 2
46 2
47 2
48 2
49 2
50 2
51 2
52 2
53 2
54 2
55 2
56 2
57 2
58 2
59 2
60 3
61 3
62 3
63 3
64 3
65 3
66 3
67 3
68 3
69 3
70 3
71 3
72 3
73 3
74 3
75 3
76 3
77 3
78 3
79 3
80 4
81 4
82 4
83 4
84 4
85 4
86 4
87 4
88 4
89 4
90 4
91 4
92 4
93 4
94 4
95 4
96 4
97 4
98 4
99 4
100 5
101 5
102 5
103 5
104 5
105 5
106 5
107 5
108 5
109 5
110 5
111 5
112 5
113 5
114 5
115 5
116 5
117 5
118 5
119 5
120 6
121 6
122 6
123 6
124 6
125 6
126 6
127 6
128 6
129 6
130 6
131 6
132 6
133 6
134 6
135 6
136 6
137 6
138 6
139 6
140 7
141 7
142 7
143 7
144 7
145 7
146 7
147 7
148 7
149 7
150 7
151 7
152 7
153 7
154 7
155 7
156 7
157 7
158 7
159 7
160 8
161 8
162 8
163 8
164 8
165 8
166 8
167 8
168 8
169 8
170 8
171 8
172 8
173 8
174 8
175 8
176 8
177 8
178 8
179 8
180 9
181 9
182 9
183 9
184 9
185 9
186 9
187 9
188 9
189 9
190 9
191 9
192 9
193 9
194 9
195 9
196 9
197 9
198 9
199 9
200 10
201 10
202 10
203 10
204 10
205 10
206 10
207 10
208 10
209 10
210 10
211 10
212 10
213 10
214 10
215 10
216 10
217 10
218 10
219 10
220 11
221 11
222 11
223 11
224 11
225 11
226 11
227 11
228 11
229 11
230 11
231 11
232 11
233 11
234 11
235 11
236 11
237 11
238 11
239 11
240 12
241 12
242 12
243 12
244 12
245 12
246 12
247 12
248 12
249 12
250 12
251 12
252 12
253 12
254 12
255 12
256 12
257 12
258 12
259 12
260 13
261 13
262 13
263 13
264 13
265 13
266 13
267 13
268 13
269 13
270 13
271 13
272 13
273 13
274 13
275 13
276 13
277 13
278 13
279 13
280 14
281 14
282 14
283 14
284 14
285 14
286 14
287 14
288 14
289 14
290 14
291 14
292 14
293 14
294 14
295 14
296 14
297 14
298 14
299 14
300 15
301 15
302 15
303 15
304 15
305 15
306 15
307 15
308 15
309 15
310 15
311 15
312 15
313 15
314 15
315 15
316 15
317 15
318 15
319 15

2 0 0 0
2 1 0 0
3 2 0 0
3 1 0 0
4 3 0 0
4 2 0 0
5 4 0 0
5 2 0 0
6 2 0 0
6 5 0 0
7 5 0 0
7 1 0 0
8 2 0 0
8 6 0 0
9 0 0 0
9 7 0 0
10 7 0 0
10 9 0 0
11 8 0 0
11 0 0 0
12 5 0 0
12 6 0 0
13 7 0 0
13 6 0 0
14 2 0 0
14 4 0 0
15 2 0 0
15 0 0 0
16 2 0 0
16 10 0 0
17 10 0 0
17 12 0 0
18 6 0 0
18 17 0 0
19 4 0 0
19 18 0 0
0 17 0 0
0 10 0 0
1 16 0 0
1 4 0 0
22 21 1 1
22 20 1 1
23 20 1 1
23 22 1 1
24 20 1 1
24 21 1 1
25 23 1 1
25 24 1 1
26 25 1 1
26 24 1 1
27 23 1 1
27 26 1 1
28 26 1 1
28 25 1 1
29 20 1 1
29 24 1 1
30 26 1 1
30 28 1 1
31 23 1 1
31 28 1 1
32 24 1 1
32 27 1 1
33 25 1 1
33 30 1 1
34 31 1 1
34 20 1 1
35 27 1 1
35 26 1 1
36 26 1 1
36 30 1 1
37 20 1 1
37 30 1 1
38 33 1 1
38 27 1 1
39 21 1 1
39 28 1 1
20 32 1 1
20 36 1 1
21 35 1 1
21 37 1 1
42 41 2 2
42 40 2 2
43 40 2 2
43 42 2 2
44 42 2 2
44 43 2 2
45 43 2 2
45 41 2 2
46 41 2 2
46 42 2 2
47 40 2 2
47 46 2 2
48 40 2 2
48 41 2 2
49 42 2 2
49 43 2 2
50 45 2 2
50 41 2 2
51 41 2 2
51 42 2 2
52 44 2 2
52 51 2 2
53 45 2 2
53 44 2 2
54 49 2 2
54 50 2 2
55 50 2 2
55 51 2 2
56 45 2 2
56 50 2 2
57 56 2 2
57 49 2 2
58 42 2 2
58 53 2 2
59 47 2 2
59 44 2 2
40 50 2 2
40 52 2 2
41 57 2 2
41 53 2 2
62 61 3 3
62 60 3 3
63 60 3 3
63 62 3 3
64 63 3 3
64 62 3 3
65 60 3 3
65 64 3 3
66 61 3 3
66 62 3 3
67 64 3 3
67 65 3 3
68 64 3 3
68 67 3 3
69 63 3 3
69 68 3 3
70 68 3 3
70 64 3 3
71 66 3 3
71 68 3 3
72 62 3 3
72 66 3 3
73 64 3 3
73 61 3 3
74 64 3 3
74 70 3 3
75 62 3 3
75 73 3 3
76 66 3 3
76 73 3 3
77 74 3 3
77 62 3 3
78 68 3 3
78 72 3 3
79 72 3 3
79 67 3 3
60 72 3 3
60 68 3 3
61 74 3 3
61 79 3 3
82 81 4 4
82 80 4 4
83 80 4 4
83 81 4 4
84 81 4 4
84 82 4 4
85 84 4 4
85 81 4 4
86 81 4 4
86 84 4 4
87 85 4 4
87 80 4 4
88 83 4 4
88 85 4 4
89 87 4 4
89 80 4 4
90 86 4 4
90 83 4 4
91 86 4 4
91 88 4 4
92 88 4 4
92 91 4 4
93 88 4 4
93 90 4 4
94 82 4 4
94 84 4 4
95 92 4 4
95 94 4 4
96 86 4 4
96 81 4 4
97 82 4 4
97 84 4 4
98 81 4 4
98 95 4 4
99 94 4 4
99 92 4 4
80 90 4 4
80 93 4 4
81 99 4 4
81 97 4 4
102 101 5 5
102 100 5 5
103 102 5 5
103 100 5 5
104 100 5 5
104 102 5 5
105 100 5 5
105 102 5 5
106 102 5 5
106 104 5 5
107 105 5 5
107 102 5 5
108 103 5 5
108 101 5 5
109 107 5 5
109 103 5 5
110 104 5 5
110 103 5 5
111 102 5 5
111 110 5 5
112 107 5 5
112 108 5 5
113 101 5 5
113 110 5 5
114 101 5 5
114 110 5 5
115 101 5 5
115 103 5 5
116 100 5 5
116 102 5 5
117 103 5 5
117 111 5 5
118 112 5 5
118 107 5 5
119 110 5 5
119 102 5 5
100 106 5 5
100 119 5 5
101 119 5 5
101 118 5 5
122 121 6 6
122 120 6 6
123 122 6 6
123 121 6 6
124 120 6 6
124 123 6 6
125 120 6 6
125 121 6 6
126 120 6 6
126 122 6 6
127 124 6 6
127 122 6 6
128 123 6 6
128 121 6 6
129 121 6 6
129 126 6 6
130 120 6 6
130 125 6 6
131 120 6 6
131 129 6 6
132 121 6 6
132 122 6 6
133 126 6 6
133 131 6 6
134 125 6 6
134 131 6 6
135 126 6 6
135 127 6 6
136 120 6 6
136 121 6 6
137 129 6 6
137 128 6 6
138 124 6 6
138 133 6 6
139 135 6 6
139 130 6 6
120 135 6 6
120 139 6 6
121 135 6 6
121 134 6 6
142 140 7 7
142 141 7 7
143 142 7 7
143 141 7 7
144 141 7 7
144 140 7 7
145 142 7 7
145 141 7 7
146 140 7 7
146 144 7 7
147 141 7 7
147 140 7 7
148 144 7 7
148 146 7 7
149 142 7 7
149 148 7 7
150 140 7 7
150 149 7 7
151 148 7 7
151 149 7 7
152 141 7 7
152 140 7 7
153 141 7 7
153 144 7 7
154 142 7 7
154 145 7 7
155 144 7 7
155 153 7 7
156 153 7 7
156 141 7 7
157 141 7 7
157 151 7 7
158 145 7 7
158 140 7 7
159 157 7 7
159 156 7 7
140 156 7 7
140 155 7 7
141 159 7 7
141 148 7 7
162 160 8 8
162 161 8 8
163 161 8 8
163 160 8 8
164 163 8 8
164 162 8 8
165 162 8 8
165 161 8 8
166 163 8 8
166 164 8 8
167 162 8 8
167 161 8 8
168 167 8 8
168 165 8 8
169 160 8 8
169 166 8 8
170 168 8 8
170 164 8 8
171 163 8 8
171 162 8 8
172 165 8 8
172 169 8 8
173 172 8 8
173 162 8 8
174 167 8 8
174 168 8 8
175 163 8 8
175 169 8 8
176 161 8 8
176 168 8 8
177 172 8 8
177 169 8 8
178 165 8 8
178 174 8 8
179 167 8 8
179 164 8 8
160 177 8 8
160 167 8 8
161 170 8 8
161 179 8 8
182 180 9 9
182 181 9 9
183 180 9 9
183 181 9 9
184 180 9 9
184 183 9 9
185 183 9 9
185 184 9 9
186 182 9 9
186 184 9 9
187 186 9 9
187 184 9 9
188 184 9 9
188 183 9 9
189 182 9 9
189 184 9 9
190 180 9 9
190 186 9 9
191 180 9 9
191 186 9 9
192 190 9 9
192 185 9 9
193 191 9 9
193 184 9 9
194 190 9 9
194 188 9 9
195 184 9 9
195 193 9 9
196 182 9 9
196 190 9 9
197 181 9 9
197 182 9 9
198 189 9 9
198 183 9 9
199 191 9 9
199 181 9 9
180 192 9 9
180 188 9 9
181 194 9 9
181 190 9 9
202 200 10 10
202 201 10 10
203 201 10 10
203 202 10 10
204 201 10 10
204 202 10 10
205 204 10 10
205 201 10 10
206 201 10 10
206 200 10 10
207 200 10 10
207 206 10 10
208 201 10 10
208 200 10 10
209 205 10 10
209 201 10 10
210 201 10 10
210 203 10 10
211 202 10 10
211 201 10 10
212 206 10 10
212 201 10 10
213 204 10 10
213 212 10 10
214 202 10 10
214 200 10 10
215 206 10 10
215 200 10 10
216 203 10 10
216 210 10 10
217 205 10 10
217 207 10 10
218 203 10 10
218 210 10 10
219 204 10 10
219 208 10 10
200 217 10 10
200 216 10 10
201 219 10 10
201 216 10 10
222 220 11 11
222 221 11 11
223 221 11 11
223 220 11 11
224 221 11 11
224 220 11 11
225 224 11 11
225 220 11 11
226 221 11 11
226 225 11 11
227 224 11 11
227 222 11 11
228 221 11 11
228 223 11 11
229 221 11 11
229 220 11 11
230 229 11 11
230 221 11 11
231 230 11 11
231 226 11 11
232 224 11 11
232 229 11 11
233 222 11 11
233 221 11 11
234 227 11 11
234 224 11 11
235 220 11 11
235 229 11 11
236 222 11 11
236 235 11 11
237 220 11 11
237 233 11 11
238 227 11 11
238 223 11 11
239 223 11 11
239 228 11 11
220 231 11 11
220 227 11 11
221 239 11 11
221 238 11 11
242 240 12 12
242 241 12 12
243 241 12 12
243 242 12 12
244 242 12 12
244 241 12 12
245 241 12 12
245 242 12 12
246 245 12 12
246 244 12 12
247 246 12 12
247 243 12 12
248 242 12 12
248 246 12 12
249 243 12 12
249 241 12 12
250 246 12 12
250 245 12 12
251 245 12 12
251 241 12 12
252 250 12 12
252 247 12 12
253 247 12 12
253 252 12 12
254 249 12 12
254 240 12 12
255 242 12 12
255 254 12 12
256 255 12 12
256 248 12 12
257 241 12 12
257 249 12 12
258 251 12 12
258 252 12 12
259 252 12 12
259 247 12 12
240 246 12 12
240 251 12 12
241 246 12 12
241 250 12 12
262 260 13 13
262 261 13 13
263 260 13 13
263 261 13 13
264 263 13 13
264 261 13 13
265 261 13 13
265 260 13 13
266 265 13 13
266 263 13 13
267 264 13 13
267 265 13 13
268 261 13 13
268 265 13 13
269 265 13 13
269 260 13 13
270 263 13 13
270 261 13 13
271 266 13 13
271 268 13 13
272 271 13 13
272 260 13 13
273 263 13 13
273 260 13 13
274 263 13 13
274 270 13 13
275 262 13 13
275 271 13 13
276 263 13 13
276 265 13 13
277 260 13 13
277 274 13 13
278 270 13 13
278 266 13 13
279 271 13 13
279 272 13 13
260 268 13 13
260 264 13 13
261 269 13 13
261 267 13 13
282 280 14 14
282 281 14 14
283 282 14 14
283 281 14 14
284 281 14 14
284 280 14 14
285 283 14 14
285 281 14 14
286 281 14 14
286 280 14 14
287 286 14 14
287 281 14 14
288 287 14 14
288 281 14 14
289 287 14 14
289 284 14 14
290 283 14 14
290 284 14 14
291 286 14 14
291 282 14 14
292 286 14 14
292 282 14 14
293 285 14 14
293 284 14 14
294 289 14 14
294 291 14 14
295 280 14 14
295 288 14 14
296 282 14 14
296 293 14 14
297 288 14 14
297 285 14 14
298 280 14 14
298 291 14 14
299 280 14 14
299 298 14 14
280 296 14 14
280 287 14 14
281 297 14 14
281 299 14 14
302 300 15 15
302 301 15 15
303 302 15 15
303 301 15 15
304 302 15 15
304 301 15 15
305 303 15 15
305 304 15 15
306 304 15 15
306 305 15 15
307 304 15 15
307 306 15 15
308 301 15 15
308 303 15 15
309 304 15 15
309 306 15 15
310 305 15 15
310 308 15 15
311 306 15 15
311 309 15 15
312 307 15 15
312 309 15 15
313 303 15 15
313 306 15 15
314 309 15 15
314 310 15 15
315 310 15 15
315 305 15 15
316 301 15 15
316 302 15 15
317 307 15 15
317 306 15 15
318 317 15 15
318 315 15 15
319 300 15 15
319 308 15 15
300 313 15 15
300 305 15 15
301 318 15 15
301 309 15 15
58 24 2 1
51 3 2 0
77 49 3 2
60 36 3 1
86 14 4 0
97 77 4 3
118 5 5 0
118 82 5 4
133 59 6 2
131 73 6 3
149 51 7 2
145 73 7 3
174 15 8 0
167 110 8 5
190 128 9 6
188 151 9 7
206 123 10 6
204 98 10 4
221 66 11 3
224 1 11 0
246 238 12 11
246 90 12 4
262 93 13 4
273 74 13 3
285 101 14 5
285 261 14 13
301 246 15 12
307 292 15 14
10 282 0 14
19 184 0 9
27 211 1 10
26 281 1 14
