swNum = 320
edgeNum = 672

0 0
1 0
2 0
3 0
4 0
5 0
6 0
7 0
8 0
9 0
10 0
11 0
12 0
13 0
14 0
15 0
16 0
17 0
18 0
19 0
20 1
21 1
22 1
23 1
24 1
25 1
26 1
27 1
28 1
29 1
30 1
31 1
32 1
33 1
34 1
35 1
36 1
37 1
38 1
39 1
40 2
41 2
42 2
43 2
44 2
45 2
46 2
47 2
48 2
49 2
50 2
51 2
52 2
53 2
54 2
55 2
56 2
57 2
58 2
59 2
60 3
61 3
62 3
63 3
64 3
65 3
66 3
67 3
68 3
69 3
70 3
71 3
72 3
73 3
74 3
75 3
76 3
77 3
78 3
79 3
80 4
81 4
82 4
83 4
84 4
85 4
86 4
87 4
88 4
89 4
90 4
91 4
92 4
93 4
94 4
95 4
96 4
97 4
98 4
99 4
100 5
101 5
102 5
103 5
104 5
105 5
106 5
107 5
108 5
109 5
110 5
111 5
112 5
113 5
114 5
115 5
116 5
117 5
118 5
119 5
120 6
121 6
122 6
123 6
124 6
125 6
126 6
127 6
128 6
129 6
130 6
131 6
132 6
133 6
134 6
135 6
136 6
137 6
138 6
139 6
140 7
141 7
142 7
143 7
144 7
145 7
146 7
147 7
148 7
149 7
150 7
151 7
152 7
153 7
154 7
155 7
156 7
157 7
158 7
159 7
160 8
161 8
162 8
163 8
164 8
165 8
166 8
167 8
168 8
169 8
170 8
171 8
172 8
173 8
174 8
175 8
176 8
177 8
178 8
179 8
180 9
181 9
182 9
183 9
184 9
185 9
186 9
187 9
188 9
189 9
190 9
191 9
192 9
193 9
194 9
195 9
196 9
197 9
198 9
199 9
200 10
201 10
202 10
203 10
204 10
205 10
206 10
207 10
208 10
209 10
210 10
211 10
212 10
213 10
214 10
215 10
216 10
217 10
218 10
219 10
220 11
221 11
222 11
223 11
224 11
225 11
226 11
227 11
228 11
229 11
230 11
231 11
232 11
233 11
234 11
235 11
236 11
237 11
238 11
239 11
240 12
241 12
242 12
243 12
244 12
245 12
246 12
247 12
248 12
249 12
250 12
251 12
252 12
253 12
254 12
255 12
256 12
257 12
258 12
259 12
260 13
261 13
262 13
263 13
264 13
265 13
266 13
267 13
268 13
269 13
270 13
271 13
272 13
273 13
274 13
275 13
276 13
277 13
278 13
279 13
280 14
281 14
282 14
283 14
284 14
285 14
286 14
287 14
288 14
289 14
290 14
291 14
292 14
293 14
294 14
295 14
296 14
297 14
298 14
299 14
300 15
301 15
302 15
303 15
304 15
305 15
306 15
307 15
308 15
309 15
310 15
311 15
312 15
313 15
314 15
315 15
316 15
317 15
318 15
319 15

2 1 0 0
2 0 0 0
3 0 0 0
3 2 0 0
4 2 0 0
4 1 0 0
5 2 0 0
5 3 0 0
6 0 0 0
6 3 0 0
7 0 0 0
7 3 0 0
8 4 0 0
8 2 0 0
9 0 0 0
9 2 0 0
10 0 0 0
10 2 0 0
11 3 0 0
11 5 0 0
12 3 0 0
12 9 0 0
13 5 0 0
13 0 0 0
14 8 0 0
14 11 0 0
15 13 0 0
15 9 0 0
16 7 0 0
16 4 0 0
17 3 0 0
17 11 0 0
18 8 0 0
18 7 0 0
19 11 0 0
19 14 0 0
0 17 0 0
0 12 0 0
1 16 0 0
1 9 0 0
22 21 1 1
22 20 1 1
23 22 1 1
23 20 1 1
24 20 1 1
24 23 1 1
25 22 1 1
25 21 1 1
26 21 1 1
26 23 1 1
27 22 1 1
27 24 1 1
28 21 1 1
28 23 1 1
29 26 1 1
29 21 1 1
30 21 1 1
30 26 1 1
31 21 1 1
31 25 1 1
32 24 1 1
32 30 1 1
33 23 1 1
33 27 1 1
34 31 1 1
34 21 1 1
35 25 1 1
35 27 1 1
36 29 1 1
36 20 1 1
37 25 1 1
37 29 1 1
38 30 1 1
38 37 1 1
39 35 1 1
39 29 1 1
20 29 1 1
20 32 1 1
21 32 1 1
21 38 1 1
42 40 2 2
42 41 2 2
43 41 2 2
43 42 2 2
44 40 2 2
44 41 2 2
45 43 2 2
45 42 2 2
46 40 2 2
46 45 2 2
47 40 2 2
47 42 2 2
48 41 2 2
48 44 2 2
49 42 2 2
49 47 2 2
50 48 2 2
50 44 2 2
51 40 2 2
51 45 2 2
52 44 2 2
52 48 2 2
53 52 2 2
53 47 2 2
54 47 2 2
54 40 2 2
55 42 2 2
55 50 2 2
56 45 2 2
56 42 2 2
57 51 2 2
57 45 2 2
58 48 2 2
58 57 2 2
59 43 2 2
59 57 2 2
40 56 2 2
40 49 2 2
41 52 2 2
41 53 2 2
62 60 3 3
62 61 3 3
63 60 3 3
63 62 3 3
64 62 3 3
64 63 3 3
65 60 3 3
65 62 3 3
66 64 3 3
66 62 3 3
67 63 3 3
67 65 3 3
68 63 3 3
68 66 3 3
69 65 3 3
69 64 3 3
70 62 3 3
70 69 3 3
71 67 3 3
71 60 3 3
72 66 3 3
72 65 3 3
73 65 3 3
73 64 3 3
74 62 3 3
74 64 3 3
75 67 3 3
75 74 3 3
76 64 3 3
76 75 3 3
77 64 3 3
77 73 3 3
78 71 3 3
78 76 3 3
79 74 3 3
79 69 3 3
60 73 3 3
60 75 3 3
61 78 3 3
61 76 3 3
82 80 4 4
82 81 4 4
83 82 4 4
83 80 4 4
84 81 4 4
84 83 4 4
85 83 4 4
85 81 4 4
86 83 4 4
86 84 4 4
87 84 4 4
87 83 4 4
88 87 4 4
88 84 4 4
89 87 4 4
89 83 4 4
90 85 4 4
90 81 4 4
91 85 4 4
91 88 4 4
92 89 4 4
92 84 4 4
93 82 4 4
93 83 4 4
94 81 4 4
94 84 4 4
95 90 4 4
95 85 4 4
96 85 4 4
96 91 4 4
97 94 4 4
97 87 4 4
98 93 4 4
98 94 4 4
99 81 4 4
99 90 4 4
80 92 4 4
80 96 4 4
81 83 4 4
81 88 4 4
102 101 5 5
102 100 5 5
103 101 5 5
103 100 5 5
104 100 5 5
104 103 5 5
105 101 5 5
105 102 5 5
106 100 5 5
106 103 5 5
107 101 5 5
107 105 5 5
108 107 5 5
108 106 5 5
109 101 5 5
109 108 5 5
110 102 5 5
110 105 5 5
111 108 5 5
111 104 5 5
112 109 5 5
112 107 5 5
113 103 5 5
113 107 5 5
114 108 5 5
114 102 5 5
115 104 5 5
115 100 5 5
116 112 5 5
116 115 5 5
117 111 5 5
117 116 5 5
118 102 5 5
118 117 5 5
119 106 5 5
119 100 5 5
100 116 5 5
100 111 5 5
101 115 5 5
101 117 5 5
122 120 6 6
122 121 6 6
123 120 6 6
123 122 6 6
124 120 6 6
124 122 6 6
125 120 6 6
125 123 6 6
126 125 6 6
126 124 6 6
127 120 6 6
127 122 6 6
128 125 6 6
128 126 6 6
129 123 6 6
129 120 6 6
130 129 6 6
130 121 6 6
131 127 6 6
131 122 6 6
132 122 6 6
132 120 6 6
133 126 6 6
133 128 6 6
134 120 6 6
134 128 6 6
135 134 6 6
135 130 6 6
136 131 6 6
136 127 6 6
137 128 6 6
137 130 6 6
138 124 6 6
138 127 6 6
139 135 6 6
139 132 6 6
120 131 6 6
120 130 6 6
121 139 6 6
121 127 6 6
142 141 7 7
142 140 7 7
143 142 7 7
143 141 7 7
144 143 7 7
144 141 7 7
145 143 7 7
145 144 7 7
146 143 7 7
146 141 7 7
147 143 7 7
147 142 7 7
148 141 7 7
148 146 7 7
149 147 7 7
149 146 7 7
150 147 7 7
150 141 7 7
151 145 7 7
151 149 7 7
152 144 7 7
152 147 7 7
153 150 7 7
153 146 7 7
154 140 7 7
154 150 7 7
155 144 7 7
155 143 7 7
156 142 7 7
156 146 7 7
157 141 7 7
157 146 7 7
158 144 7 7
158 145 7 7
159 147 7 7
159 157 7 7
140 155 7 7
140 158 7 7
141 152 7 7
141 159 7 7
162 160 8 8
162 161 8 8
163 161 8 8
163 162 8 8
164 161 8 8
164 163 8 8
165 160 8 8
165 162 8 8
166 164 8 8
166 163 8 8
167 161 8 8
167 166 8 8
168 161 8 8
168 167 8 8
169 162 8 8
169 161 8 8
170 164 8 8
170 163 8 8
171 163 8 8
171 160 8 8
172 170 8 8
172 168 8 8
173 166 8 8
173 171 8 8
174 171 8 8
174 167 8 8
175 167 8 8
175 160 8 8
176 167 8 8
176 174 8 8
177 163 8 8
177 164 8 8
178 172 8 8
178 177 8 8
179 166 8 8
179 176 8 8
160 168 8 8
160 173 8 8
161 178 8 8
161 171 8 8
182 180 9 9
182 181 9 9
183 182 9 9
183 180 9 9
184 182 9 9
184 183 9 9
185 180 9 9
185 182 9 9
186 185 9 9
186 181 9 9
187 180 9 9
187 182 9 9
188 187 9 9
188 181 9 9
189 188 9 9
189 181 9 9
190 188 9 9
190 189 9 9
191 185 9 9
191 186 9 9
192 180 9 9
192 186 9 9
193 181 9 9
193 184 9 9
194 183 9 9
194 187 9 9
195 180 9 9
195 187 9 9
196 180 9 9
196 187 9 9
197 189 9 9
197 187 9 9
198 187 9 9
198 197 9 9
199 196 9 9
199 188 9 9
180 199 9 9
180 188 9 9
181 192 9 9
181 194 9 9
202 201 10 10
202 200 10 10
203 200 10 10
203 201 10 10
204 203 10 10
204 202 10 10
205 200 10 10
205 204 10 10
206 204 10 10
206 203 10 10
207 203 10 10
207 201 10 10
208 205 10 10
208 204 10 10
209 204 10 10
209 203 10 10
210 208 10 10
210 205 10 10
211 204 10 10
211 202 10 10
212 208 10 10
212 210 10 10
213 203 10 10
213 202 10 10
214 206 10 10
214 209 10 10
215 206 10 10
215 209 10 10
216 206 10 10
216 200 10 10
217 202 10 10
217 209 10 10
218 207 10 10
218 203 10 10
219 200 10 10
219 202 10 10
200 212 10 10
200 208 10 10
201 218 10 10
201 212 10 10
222 221 11 11
222 220 11 11
223 220 11 11
223 222 11 11
224 223 11 11
224 220 11 11
225 222 11 11
225 224 11 11
226 225 11 11
226 224 11 11
227 226 11 11
227 220 11 11
228 226 11 11
228 225 11 11
229 226 11 11
229 222 11 11
230 225 11 11
230 222 11 11
231 227 11 11
231 220 11 11
232 231 11 11
232 227 11 11
233 230 11 11
233 223 11 11
234 227 11 11
234 220 11 11
235 224 11 11
235 231 11 11
236 234 11 11
236 220 11 11
237 226 11 11
237 227 11 11
238 228 11 11
238 227 11 11
239 234 11 11
239 233 11 11
220 233 11 11
220 235 11 11
221 231 11 11
221 237 11 11
242 240 12 12
242 241 12 12
243 240 12 12
243 242 12 12
244 241 12 12
244 243 12 12
245 240 12 12
245 243 12 12
246 244 12 12
246 242 12 12
247 244 12 12
247 241 12 12
248 240 12 12
248 243 12 12
249 244 12 12
249 247 12 12
250 245 12 12
250 249 12 12
251 244 12 12
251 242 12 12
252 245 12 12
252 249 12 12
253 243 12 12
253 248 12 12
254 249 12 12
254 247 12 12
255 240 12 12
255 252 12 12
256 242 12 12
256 249 12 12
257 252 12 12
257 248 12 12
258 248 12 12
258 251 12 12
259 247 12 12
259 256 12 12
240 253 12 12
240 244 12 12
241 252 12 12
241 253 12 12
262 260 13 13
262 261 13 13
263 260 13 13
263 261 13 13
264 261 13 13
264 262 13 13
265 264 13 13
265 263 13 13
266 261 13 13
266 260 13 13
267 261 13 13
267 264 13 13
268 266 13 13
268 261 13 13
269 261 13 13
269 267 13 13
270 266 13 13
270 262 13 13
271 262 13 13
271 268 13 13
272 268 13 13
272 267 13 13
273 268 13 13
273 264 13 13
274 269 13 13
274 273 13 13
275 264 13 13
275 273 13 13
276 274 13 13
276 273 13 13
277 274 13 13
277 276 13 13
278 275 13 13
278 274 13 13
279 260 13 13
279 275 13 13
260 268 13 13
260 264 13 13
261 270 13 13
261 272 13 13
282 281 14 14
282 280 14 14
283 280 14 14
283 282 14 14
284 281 14 14
284 282 14 14
285 281 14 14
285 284 14 14
286 283 14 14
286 285 14 14
287 284 14 14
287 286 14 14
288 286 14 14
288 285 14 14
289 286 14 14
289 282 14 14
290 289 14 14
290 288 14 14
291 287 14 14
291 283 14 14
292 286 14 14
292 282 14 14
293 282 14 14
293 290 14 14
294 288 14 14
294 286 14 14
295 289 14 14
295 287 14 14
296 294 14 14
296 285 14 14
297 288 14 14
297 281 14 14
298 281 14 14
298 291 14 14
299 282 14 14
299 281 14 14
280 297 14 14
280 294 14 14
281 288 14 14
281 286 14 14
302 301 15 15
302 300 15 15
303 300 15 15
303 302 15 15
304 300 15 15
304 303 15 15
305 301 15 15
305 300 15 15
306 303 15 15
306 304 15 15
307 301 15 15
307 306 15 15
308 306 15 15
308 305 15 15
309 306 15 15
309 301 15 15
310 300 15 15
310 302 15 15
311 303 15 15
311 302 15 15
312 307 15 15
312 301 15 15
313 309 15 15
313 301 15 15
314 301 15 15
314 311 15 15
315 301 15 15
315 302 15 15
316 303 15 15
316 300 15 15
317 309 15 15
317 313 15 15
318 303 15 15
318 306 15 15
319 305 15 15
319 309 15 15
300 308 15 15
300 313 15 15
301 317 15 15
301 316 15 15
42 17 2 0
50 35 2 1
75 53 3 2
76 9 3 0
93 72 4 3
80 39 4 1
116 53 5 2
115 73 5 3
125 37 6 1
120 115 6 5
155 78 7 3
148 50 7 2
160 68 8 3
163 121 8 6
190 25 9 1
197 55 9 2
213 187 10 9
205 77 10 3
233 102 11 5
227 160 11 8
246 197 12 9
256 62 12 3
274 7 13 0
278 177 13 8
295 144 14 7
297 121 14 6
311 220 15 11
303 45 15 2
16 211 0 10
2 124 0 6
25 229 1 11
33 253 1 12
