swNum = 320
edgeNum = 672

0 0
1 0
2 0
3 0
4 0
5 0
6 0
7 0
8 0
9 0
10 0
11 0
12 0
13 0
14 0
15 0
16 0
17 0
18 0
19 0
20 1
21 1
22 1
23 1
24 1
25 1
26 1
27 1
28 1
29 1
30 1
31 1
32 1
33 1
34 1
35 1
36 1
37 1
38 1
39 1
40 2
41 2
42 2
43 2
44 2
45 2
46 2
47 2
48 2
49 2
50 2
51 2
52 2
53 2
54 2
55 2
56 2
57 2
58 2
59 2
60 3
61 3
62 3
63 3
64 3
65 3
66 3
67 3
68 3
69 3
70 3
71 3
72 3
73 3
74 3
75 3
76 3
77 3
78 3
79 3
80 4
81 4
82 4
83 4
84 4
85 4
86 4
87 4
88 4
89 4
90 4
91 4
92 4
93 4
94 4
95 4
96 4
97 4
98 4
99 4
100 5
101 5
102 5
103 5
104 5
105 5
106 5
107 5
108 5
109 5
110 5
111 5
112 5
113 5
114 5
115 5
116 5
117 5
118 5
119 5
120 6
121 6
122 6
123 6
124 6
125 6
126 6
127 6
128 6
129 6
130 6
131 6
132 6
133 6
134 6
135 6
136 6
137 6
138 6
139 6
140 7
141 7
142 7
143 7
144 7
145 7
146 7
147 7
148 7
149 7
150 7
151 7
152 7
153 7
154 7
155 7
156 7
157 7
158 7
159 7
160 8
161 8
162 8
163 8
164 8
165 8
166 8
167 8
168 8
169 8
170 8
171 8
172 8
173 8
174 8
175 8
176 8
177 8
178 8
179 8
180 9
181 9
182 9
183 9
184 9
185 9
186 9
187 9
188 9
189 9
190 9
191 9
192 9
193 9
194 9
195 9
196 9
197 9
198 9
199 9
200 10
201 10
202 10
203 10
204 10
205 10
206 10
207 10
208 10
209 10
210 10
211 10
212 10
213 10
214 10
215 10
216 10
217 10
218 10
219 10
220 11
221 11
222 11
223 11
224 11
225 11
226 11
227 11
228 11
229 11
230 11
231 11
232 11
233 11
234 11
235 11
236 11
237 11
238 11
239 11
240 12
241 12
242 12
243 12
244 12
245 12
246 12
247 12
248 12
249 12
250 12
251 12
252 12
253 12
254 12
255 12
256 12
257 12
258 12
259 12
260 13
261 13
262 13
263 13
264 13
265 13
266 13
267 13
268 13
269 13
270 13
271 13
272 13
273 13
274 13
275 13
276 13
277 13
278 13
279 13
280 14
281 14
282 14
283 14
284 14
285 14
286 14
287 14
288 14
289 14
290 14
291 14
292 14
293 14
294 14
295 14
296 14
297 14
298 14
299 14
300 15
301 15
302 15
303 15
304 15
305 15
306 15
307 15
308 15
309 15
310 15
311 15
312 15
313 15
314 15
315 15
316 15
317 15
318 15
319 15

2 0 0 0
2 1 0 0
3 2 0 0
3 0 0 0
4 1 0 0
4 0 0 0
5 0 0 0
5 4 0 0
6 3 0 0
6 4 0 0
7 3 0 0
7 4 0 0
8 5 0 0
8 1 0 0
9 5 0 0
9 3 0 0
10 3 0 0
10 7 0 0
11 7 0 0
11 2 0 0
12 1 0 0
12 11 0 0
13 7 0 0
13 6 0 0
14 10 0 0
14 9 0 0
15 13 0 0
15 6 0 0
16 15 0 0
16 5 0 0
17 4 0 0
17 13 0 0
18 12 0 0
18 15 0 0
19 7 0 0
19 2 0 0
0 14 0 0
0 11 0 0
1 5 0 0
1 10 0 0
22 20 1 1
22 21 1 1
23 22 1 1
23 20 1 1
24 22 1 1
24 20 1 1
25 23 1 1
25 21 1 1
26 22 1 1
26 24 1 1
27 21 1 1
27 25 1 1
28 20 1 1
28 22 1 1
29 20 1 1
29 24 1 1
30 23 1 1
30 22 1 1
31 24 1 1
31 27 1 1
32 29 1 1
32 20 1 1
33 21 1 1
33 25 1 1
34 31 1 1
34 30 1 1
35 29 1 1
35 32 1 1
36 22 1 1
36 29 1 1
37 25 1 1
37 27 1 1
38 24 1 1
38 31 1 1
39 38 1 1
39 22 1 1
20 34 1 1
20 37 1 1
21 36 1 1
21 39 1 1
42 41 2 2
42 40 2 2
43 40 2 2
43 42 2 2
44 41 2 2
44 43 2 2
45 44 2 2
45 42 2 2
46 44 2 2
46 41 2 2
47 46 2 2
47 45 2 2
48 47 2 2
48 42 2 2
49 40 2 2
49 47 2 2
50 40 2 2
50 47 2 2
51 44 2 2
51 47 2 2
52 46 2 2
52 42 2 2
53 51 2 2
53 49 2 2
54 50 2 2
54 49 2 2
55 52 2 2
55 47 2 2
56 40 2 2
56 43 2 2
57 47 2 2
57 48 2 2
58 43 2 2
58 54 2 2
59 48 2 2
59 52 2 2
40 58 2 2
40 45 2 2
41 51 2 2
41 45 2 2
62 60 3 3
62 61 3 3
63 61 3 3
63 60 3 3
64 61 3 3
64 62 3 3
65 63 3 3
65 64 3 3
66 65 3 3
66 61 3 3
67 65 3 3
67 60 3 3
68 61 3 3
68 62 3 3
69 62 3 3
69 64 3 3
70 61 3 3
70 60 3 3
71 60 3 3
71 62 3 3
72 70 3 3
72 62 3 3
73 72 3 3
73 61 3 3
74 61 3 3
74 73 3 3
75 68 3 3
75 69 3 3
76 70 3 3
76 64 3 3
77 66 3 3
77 64 3 3
78 71 3 3
78 73 3 3
79 78 3 3
79 62 3 3
60 73 3 3
60 72 3 3
61 67 3 3
61 72 3 3
82 80 4 4
82 81 4 4
83 82 4 4
83 81 4 4
84 81 4 4
84 80 4 4
85 80 4 4
85 83 4 4
86 83 4 4
86 81 4 4
87 84 4 4
87 85 4 4
88 85 4 4
88 87 4 4
89 81 4 4
89 84 4 4
90 89 4 4
90 83 4 4
91 86 4 4
91 83 4 4
92 80 4 4
92 90 4 4
93 87 4 4
93 90 4 4
94 82 4 4
94 83 4 4
95 93 4 4
95 87 4 4
96 81 4 4
96 87 4 4
97 91 4 4
97 92 4 4
98 95 4 4
98 93 4 4
99 84 4 4
99 96 4 4
80 86 4 4
80 94 4 4
81 91 4 4
81 99 4 4
102 100 5 5
102 101 5 5
103 102 5 5
103 100 5 5
104 101 5 5
104 103 5 5
105 104 5 5
105 100 5 5
106 104 5 5
106 105 5 5
107 106 5 5
107 102 5 5
108 106 5 5
108 105 5 5
109 107 5 5
109 102 5 5
110 103 5 5
110 108 5 5
111 110 5 5
111 107 5 5
112 105 5 5
112 110 5 5
113 104 5 5
113 111 5 5
114 100 5 5
114 113 5 5
115 103 5 5
115 102 5 5
116 104 5 5
116 105 5 5
117 103 5 5
117 105 5 5
118 104 5 5
118 111 5 5
119 118 5 5
119 103 5 5
100 110 5 5
100 107 5 5
101 112 5 5
101 103 5 5
122 120 6 6
122 121 6 6
123 121 6 6
123 122 6 6
124 122 6 6
124 123 6 6
125 124 6 6
125 123 6 6
126 120 6 6
126 123 6 6
127 123 6 6
127 124 6 6
128 120 6 6
128 121 6 6
129 127 6 6
129 126 6 6
130 126 6 6
130 128 6 6
131 126 6 6
131 121 6 6
132 121 6 6
132 126 6 6
133 129 6 6
133 132 6 6
134 128 6 6
134 121 6 6
135 126 6 6
135 128 6 6
136 123 6 6
136 129 6 6
137 121 6 6
137 135 6 6
138 129 6 6
138 131 6 6
139 129 6 6
139 124 6 6
120 129 6 6
120 134 6 6
121 126 6 6
121 133 6 6
142 141 7 7
142 140 7 7
143 141 7 7
143 140 7 7
144 143 7 7
144 142 7 7
145 143 7 7
145 142 7 7
146 142 7 7
146 140 7 7
147 142 7 7
147 144 7 7
148 144 7 7
148 142 7 7
149 142 7 7
149 143 7 7
150 147 7 7
150 142 7 7
151 144 7 7
151 140 7 7
152 146 7 7
152 143 7 7
153 152 7 7
153 140 7 7
154 153 7 7
154 152 7 7
155 150 7 7
155 147 7 7
156 153 7 7
156 146 7 7
157 150 7 7
157 140 7 7
158 147 7 7
158 153 7 7
159 142 7 7
159 141 7 7
140 152 7 7
140 154 7 7
141 145 7 7
141 153 7 7
162 161 8 8
162 160 8 8
163 162 8 8
163 160 8 8
164 160 8 8
164 163 8 8
165 161 8 8
165 164 8 8
166 160 8 8
166 163 8 8
167 160 8 8
167 161 8 8
168 161 8 8
168 162 8 8
169 165 8 8
169 168 8 8
170 160 8 8
170 165 8 8
171 165 8 8
171 162 8 8
172 171 8 8
172 163 8 8
173 166 8 8
173 161 8 8
174 166 8 8
174 164 8 8
175 160 8 8
175 167 8 8
176 169 8 8
176 165 8 8
177 163 8 8
177 175 8 8
178 176 8 8
178 165 8 8
179 166 8 8
179 172 8 8
160 177 8 8
160 171 8 8
161 174 8 8
161 178 8 8
182 180 9 9
182 181 9 9
183 181 9 9
183 182 9 9
184 182 9 9
184 183 9 9
185 182 9 9
185 181 9 9
186 180 9 9
186 183 9 9
187 181 9 9
187 186 9 9
188 186 9 9
188 182 9 9
189 184 9 9
189 180 9 9
190 181 9 9
190 184 9 9
191 187 9 9
191 188 9 9
192 182 9 9
192 184 9 9
193 180 9 9
193 186 9 9
194 191 9 9
194 186 9 9
195 190 9 9
195 191 9 9
196 181 9 9
196 189 9 9
197 187 9 9
197 191 9 9
198 194 9 9
198 196 9 9
199 185 9 9
199 187 9 9
180 190 9 9
180 196 9 9
181 199 9 9
181 194 9 9
202 201 10 10
202 200 10 10
203 201 10 10
203 202 10 10
204 203 10 10
204 200 10 10
205 203 10 10
205 201 10 10
206 203 10 10
206 202 10 10
207 203 10 10
207 205 10 10
208 201 10 10
208 206 10 10
209 203 10 10
209 207 10 10
210 209 10 10
210 205 10 10
211 201 10 10
211 206 10 10
212 205 10 10
212 211 10 10
213 208 10 10
213 210 10 10
214 203 10 10
214 212 10 10
215 201 10 10
215 207 10 10
216 207 10 10
216 213 10 10
217 215 10 10
217 208 10 10
218 212 10 10
218 206 10 10
219 206 10 10
219 201 10 10
200 219 10 10
200 218 10 10
201 214 10 10
201 213 10 10
222 220 11 11
222 221 11 11
223 221 11 11
223 220 11 11
224 220 11 11
224 222 11 11
225 223 11 11
225 224 11 11
226 221 11 11
226 224 11 11
227 224 11 11
227 223 11 11
228 225 11 11
228 223 11 11
229 227 11 11
229 225 11 11
230 224 11 11
230 225 11 11
231 223 11 11
231 226 11 11
232 223 11 11
232 221 11 11
233 226 11 11
233 224 11 11
234 222 11 11
234 230 11 11
235 225 11 11
235 224 11 11
236 220 11 11
236 228 11 11
237 229 11 11
237 231 11 11
238 227 11 11
238 226 11 11
239 220 11 11
239 221 11 11
220 235 11 11
220 238 11 11
221 227 11 11
221 224 11 11
242 240 12 12
242 241 12 12
243 242 12 12
243 240 12 12
244 240 12 12
244 243 12 12
245 241 12 12
245 243 12 12
246 240 12 12
246 243 12 12
247 246 12 12
247 242 12 12
248 246 12 12
248 245 12 12
249 247 12 12
249 248 12 12
250 243 12 12
250 247 12 12
251 247 12 12
251 246 12 12
252 242 12 12
252 240 12 12
253 250 12 12
253 242 12 12
254 252 12 12
254 249 12 12
255 248 12 12
255 254 12 12
256 245 12 12
256 249 12 12
257 255 12 12
257 240 12 12
258 250 12 12
258 243 12 12
259 247 12 12
259 244 12 12
240 254 12 12
240 258 12 12
241 252 12 12
241 255 12 12
262 260 13 13
262 261 13 13
263 261 13 13
263 260 13 13
264 260 13 13
264 261 13 13
265 264 13 13
265 263 13 13
266 261 13 13
266 264 13 13
267 266 13 13
267 264 13 13
268 261 13 13
268 263 13 13
269 260 13 13
269 267 13 13
270 262 13 13
270 263 13 13
271 269 13 13
271 270 13 13
272 266 13 13
272 269 13 13
273 262 13 13
273 270 13 13
274 262 13 13
274 260 13 13
275 263 13 13
275 273 13 13
276 268 13 13
276 267 13 13
277 264 13 13
277 260 13 13
278 277 13 13
278 272 13 13
279 269 13 13
279 260 13 13
260 270 13 13
260 266 13 13
261 274 13 13
261 279 13 13
282 281 14 14
282 280 14 14
283 282 14 14
283 280 14 14
284 281 14 14
284 282 14 14
285 283 14 14
285 282 14 14
286 285 14 14
286 282 14 14
287 286 14 14
287 283 14 14
288 283 14 14
288 285 14 14
289 281 14 14
289 286 14 14
290 289 14 14
290 281 14 14
291 289 14 14
291 284 14 14
292 284 14 14
292 285 14 14
293 282 14 14
293 290 14 14
294 290 14 14
294 289 14 14
295 289 14 14
295 288 14 14
296 283 14 14
296 282 14 14
297 292 14 14
297 282 14 14
298 287 14 14
298 280 14 14
299 290 14 14
299 289 14 14
280 288 14 14
280 286 14 14
281 294 14 14
281 283 14 14
302 300 15 15
302 301 15 15
303 301 15 15
303 302 15 15
304 303 15 15
304 302 15 15
305 300 15 15
305 304 15 15
306 302 15 15
306 303 15 15
307 306 15 15
307 301 15 15
308 306 15 15
308 302 15 15
309 300 15 15
309 302 15 15
310 306 15 15
310 301 15 15
311 301 15 15
311 310 15 15
312 308 15 15
312 300 15 15
313 310 15 15
313 307 15 15
314 302 15 15
314 307 15 15
315 307 15 15
315 308 15 15
316 306 15 15
316 308 15 15
317 308 15 15
317 302 15 15
318 312 15 15
318 302 15 15
319 301 15 15
319 316 15 15
300 315 15 15
300 318 15 15
301 306 15 15
301 308 15 15
55 3 2 0
54 33 2 1
60 39 3 1
77 46 3 2
87 48 4 2
89 73 4 3
116 67 5 3
113 28 5 1
139 73 6 3
121 38 6 1
149 117 7 5
157 43 7 2
170 87 8 4
176 153 8 7
191 82 9 4
197 60 9 3
210 41 10 2
210 94 10 4
231 31 11 1
227 66 11 3
253 107 12 5
250 23 12 1
260 225 13 11
268 10 13 0
281 149 14 7
285 70 14 3
304 87 15 4
303 48 15 2
17 227 0 11
7 243 0 12
22 176 1 8
22 276 1 13
