swNum = 320
edgeNum = 672

0 0
1 0
2 0
3 0
4 0
5 0
6 0
7 0
8 0
9 0
10 0
11 0
12 0
13 0
14 0
15 0
16 0
17 0
18 0
19 0
20 1
21 1
22 1
23 1
24 1
25 1
26 1
27 1
28 1
29 1
30 1
31 1
32 1
33 1
34 1
35 1
36 1
37 1
38 1
39 1
40 2
41 2
42 2
43 2
44 2
45 2
46 2
47 2
48 2
49 2
50 2
51 2
52 2
53 2
54 2
55 2
56 2
57 2
58 2
59 2
60 3
61 3
62 3
63 3
64 3
65 3
66 3
67 3
68 3
69 3
70 3
71 3
72 3
73 3
74 3
75 3
76 3
77 3
78 3
79 3
80 4
81 4
82 4
83 4
84 4
85 4
86 4
87 4
88 4
89 4
90 4
91 4
92 4
93 4
94 4
95 4
96 4
97 4
98 4
99 4
100 5
101 5
102 5
103 5
104 5
105 5
106 5
107 5
108 5
109 5
110 5
111 5
112 5
113 5
114 5
115 5
116 5
117 5
118 5
119 5
120 6
121 6
122 6
123 6
124 6
125 6
126 6
127 6
128 6
129 6
130 6
131 6
132 6
133 6
134 6
135 6
136 6
137 6
138 6
139 6
140 7
141 7
142 7
143 7
144 7
145 7
146 7
147 7
148 7
149 7
150 7
151 7
152 7
153 7
154 7
155 7
156 7
157 7
158 7
159 7
160 8
161 8
162 8
163 8
164 8
165 8
166 8
167 8
168 8
169 8
170 8
171 8
172 8
173 8
174 8
175 8
176 8
177 8
178 8
179 8
180 9
181 9
182 9
183 9
184 9
185 9
186 9
187 9
188 9
189 9
190 9
191 9
192 9
193 9
194 9
195 9
196 9
197 9
198 9
199 9
200 10
201 10
202 10
203 10
204 10
205 10
206 10
207 10
208 10
209 10
210 10
211 10
212 10
213 10
214 10
215 10
216 10
217 10
218 10
219 10
220 11
221 11
222 11
223 11
224 11
225 11
226 11
227 11
228 11
229 11
230 11
231 11
232 11
233 11
234 11
235 11
236 11
237 11
238 11
239 11
240 12
241 12
242 12
243 12
244 12
245 12
246 12
247 12
248 12
249 12
250 12
251 12
252 12
253 12
254 12
255 12
256 12
257 12
258 12
259 12
260 13
261 13
262 13
263 13
264 13
265 13
266 13
267 13
268 13
269 13
270 13
271 13
272 13
273 13
274 13
275 13
276 13
277 13
278 13
279 13
280 14
281 14
282 14
283 14
284 14
285 14
286 14
287 14
288 14
289 14
290 14
291 14
292 14
293 14
294 14
295 14
296 14
297 14
298 14
299 14
300 15
301 15
302 15
303 15
304 15
305 15
306 15
307 15
308 15
309 15
310 15
311 15
312 15
313 15
314 15
315 15
316 15
317 15
318 15
319 15

2 0 0 0
2 1 0 0
3 2 0 0
3 0 0 0
4 1 0 0
4 0 0 0
5 3 0 0
5 1 0 0
6 0 0 0
6 1 0 0
7 5 0 0
7 0 0 0
8 2 0 0
8 1 0 0
9 1 0 0
9 8 0 0
10 7 0 0
10 3 0 0
11 1 0 0
11 0 0 0
12 6 0 0
12 5 0 0
13 11 0 0
13 7 0 0
14 2 0 0
14 8 0 0
15 1 0 0
15 8 0 0
16 12 0 0
16 13 0 0
17 4 0 0
17 16 0 0
18 14 0 0
18 17 0 0
19 18 0 0
19 0 0 0
0 12 0 0
0 5 0 0
1 16 0 0
1 12 0 0
22 21 1 1
22 20 1 1
23 21 1 1
23 20 1 1
24 20 1 1
24 21 1 1
25 21 1 1
25 20 1 1
26 24 1 1
26 23 1 1
27 20 1 1
27 22 1 1
28 21 1 1
28 25 1 1
29 27 1 1
29 22 1 1
30 22 1 1
30 27 1 1
31 26 1 1
31 24 1 1
32 25 1 1
32 21 1 1
33 26 1 1
33 21 1 1
34 30 1 1
34 28 1 1
35 26 1 1
35 21 1 1
36 25 1 1
36 29 1 1
37 35 1 1
37 34 1 1
38 36 1 1
38 21 1 1
39 38 1 1
39 20 1 1
20 26 1 1
20 28 1 1
21 34 1 1
21 30 1 1
42 40 2 2
42 41 2 2
43 41 2 2
43 40 2 2
44 40 2 2
44 41 2 2
45 43 2 2
45 42 2 2
46 44 2 2
46 45 2 2
47 40 2 2
47 46 2 2
48 46 2 2
48 44 2 2
49 48 2 2
49 45 2 2
50 45 2 2
50 49 2 2
51 45 2 2
51 49 2 2
52 51 2 2
52 41 2 2
53 45 2 2
53 44 2 2
54 45 2 2
54 44 2 2
55 53 2 2
55 41 2 2
56 45 2 2
56 46 2 2
57 42 2 2
57 54 2 2
58 40 2 2
58 55 2 2
59 53 2 2
59 51 2 2
40 49 2 2
40 50 2 2
41 59 2 2
41 45 2 2
62 61 3 3
62 60 3 3
63 60 3 3
63 61 3 3
64 61 3 3
64 62 3 3
65 61 3 3
65 64 3 3
66 63 3 3
66 60 3 3
67 62 3 3
67 65 3 3
68 60 3 3
68 63 3 3
69 68 3 3
69 66 3 3
70 61 3 3
70 64 3 3
71 62 3 3
71 68 3 3
72 65 3 3
72 63 3 3
73 62 3 3
73 72 3 3
74 63 3 3
74 66 3 3
75 73 3 3
75 65 3 3
76 74 3 3
76 60 3 3
77 65 3 3
77 62 3 3
78 66 3 3
78 71 3 3
79 76 3 3
79 68 3 3
60 67 3 3
60 74 3 3
61 78 3 3
61 69 3 3
82 80 4 4
82 81 4 4
83 81 4 4
83 80 4 4
84 81 4 4
84 83 4 4
85 84 4 4
85 80 4 4
86 82 4 4
86 80 4 4
87 83 4 4
87 82 4 4
88 85 4 4
88 82 4 4
89 88 4 4
89 85 4 4
90 80 4 4
90 84 4 4
91 84 4 4
91 83 4 4
92 83 4 4
92 81 4 4
93 82 4 4
93 85 4 4
94 90 4 4
94 89 4 4
95 81 4 4
95 87 4 4
96 88 4 4
96 84 4 4
97 95 4 4
97 84 4 4
98 92 4 4
98 86 4 4
99 93 4 4
99 87 4 4
80 84 4 4
80 92 4 4
81 86 4 4
81 90 4 4
102 100 5 5
102 101 5 5
103 101 5 5
103 102 5 5
104 102 5 5
104 103 5 5
105 101 5 5
105 104 5 5
106 104 5 5
106 102 5 5
107 102 5 5
107 106 5 5
108 106 5 5
108 101 5 5
109 100 5 5
109 103 5 5
110 101 5 5
110 105 5 5
111 101 5 5
111 109 5 5
112 100 5 5
112 102 5 5
113 107 5 5
113 112 5 5
114 105 5 5
114 112 5 5
115 100 5 5
115 114 5 5
116 105 5 5
116 107 5 5
117 116 5 5
117 101 5 5
118 104 5 5
118 114 5 5
119 103 5 5
119 107 5 5
100 114 5 5
100 118 5 5
101 106 5 5
101 107 5 5
122 121 6 6
122 120 6 6
123 121 6 6
123 122 6 6
124 123 6 6
124 122 6 6
125 122 6 6
125 124 6 6
126 123 6 6
126 121 6 6
127 126 6 6
127 124 6 6
128 127 6 6
128 124 6 6
129 125 6 6
129 122 6 6
130 129 6 6
130 121 6 6
131 130 6 6
131 123 6 6
132 124 6 6
132 122 6 6
133 131 6 6
133 132 6 6
134 123 6 6
134 133 6 6
135 134 6 6
135 129 6 6
136 123 6 6
136 122 6 6
137 134 6 6
137 135 6 6
138 121 6 6
138 129 6 6
139 129 6 6
139 137 6 6
120 127 6 6
120 130 6 6
121 139 6 6
121 131 6 6
142 141 7 7
142 140 7 7
143 141 7 7
143 140 7 7
144 142 7 7
144 141 7 7
145 142 7 7
145 144 7 7
146 145 7 7
146 140 7 7
147 145 7 7
147 140 7 7
148 144 7 7
148 140 7 7
149 140 7 7
149 147 7 7
150 142 7 7
150 145 7 7
151 143 7 7
151 146 7 7
152 143 7 7
152 147 7 7
153 143 7 7
153 149 7 7
154 149 7 7
154 140 7 7
155 146 7 7
155 145 7 7
156 143 7 7
156 144 7 7
157 147 7 7
157 151 7 7
158 156 7 7
158 142 7 7
159 150 7 7
159 154 7 7
140 155 7 7
140 158 7 7
141 145 7 7
141 148 7 7
162 161 8 8
162 160 8 8
163 161 8 8
163 162 8 8
164 162 8 8
164 161 8 8
165 160 8 8
165 161 8 8
166 160 8 8
166 165 8 8
167 165 8 8
167 160 8 8
168 165 8 8
168 164 8 8
169 165 8 8
169 163 8 8
170 163 8 8
170 160 8 8
171 160 8 8
171 168 8 8
172 163 8 8
172 161 8 8
173 171 8 8
173 164 8 8
174 170 8 8
174 161 8 8
175 174 8 8
175 166 8 8
176 162 8 8
176 164 8 8
177 165 8 8
177 173 8 8
178 165 8 8
178 163 8 8
179 163 8 8
179 168 8 8
160 178 8 8
160 177 8 8
161 178 8 8
161 170 8 8
182 181 9 9
182 180 9 9
183 181 9 9
183 182 9 9
184 183 9 9
184 182 9 9
185 180 9 9
185 182 9 9
186 180 9 9
186 184 9 9
187 185 9 9
187 186 9 9
188 184 9 9
188 183 9 9
189 188 9 9
189 185 9 9
190 185 9 9
190 189 9 9
191 185 9 9
191 180 9 9
192 185 9 9
192 189 9 9
193 185 9 9
193 180 9 9
194 189 9 9
194 190 9 9
195 186 9 9
195 183 9 9
196 188 9 9
196 181 9 9
197 182 9 9
197 183 9 9
198 186 9 9
198 180 9 9
199 193 9 9
199 191 9 9
180 184 9 9
180 188 9 9
181 197 9 9
181 188 9 9
202 200 10 10
202 201 10 10
203 200 10 10
203 201 10 10
204 203 10 10
204 202 10 10
205 200 10 10
205 202 10 10
206 200 10 10
206 205 10 10
207 204 10 10
207 202 10 10
208 206 10 10
208 207 10 10
209 202 10 10
209 204 10 10
210 200 10 10
210 206 10 10
211 202 10 10
211 203 10 10
212 204 10 10
212 200 10 10
213 206 10 10
213 207 10 10
214 212 10 10
214 213 10 10
215 214 10 10
215 209 10 10
216 206 10 10
216 208 10 10
217 203 10 10
217 207 10 10
218 200 10 10
218 210 10 10
219 208 10 10
219 201 10 10
200 214 10 10
200 209 10 10
201 215 10 10
201 209 10 10
222 221 11 11
222 220 11 11
223 220 11 11
223 222 11 11
224 220 11 11
224 221 11 11
225 220 11 11
225 223 11 11
226 225 11 11
226 223 11 11
227 226 11 11
227 223 11 11
228 226 11 11
228 222 11 11
229 220 11 11
229 224 11 11
230 228 11 11
230 223 11 11
231 226 11 11
231 225 11 11
232 225 11 11
232 223 11 11
233 222 11 11
233 228 11 11
234 223 11 11
234 229 11 11
235 222 11 11
235 228 11 11
236 227 11 11
236 235 11 11
237 231 11 11
237 222 11 11
238 222 11 11
238 227 11 11
239 231 11 11
239 225 11 11
220 234 11 11
220 227 11 11
221 232 11 11
221 229 11 11
242 240 12 12
242 241 12 12
243 242 12 12
243 241 12 12
244 240 12 12
244 242 12 12
245 241 12 12
245 240 12 12
246 245 12 12
246 241 12 12
247 245 12 12
247 246 12 12
248 242 12 12
248 247 12 12
249 245 12 12
249 241 12 12
250 242 12 12
250 244 12 12
251 243 12 12
251 250 12 12
252 246 12 12
252 251 12 12
253 251 12 12
253 250 12 12
254 247 12 12
254 246 12 12
255 252 12 12
255 248 12 12
256 244 12 12
256 241 12 12
257 242 12 12
257 251 12 12
258 250 12 12
258 254 12 12
259 251 12 12
259 244 12 12
240 246 12 12
240 253 12 12
241 259 12 12
241 254 12 12
262 260 13 13
262 261 13 13
263 260 13 13
263 261 13 13
264 260 13 13
264 261 13 13
265 262 13 13
265 261 13 13
266 260 13 13
266 263 13 13
267 261 13 13
267 263 13 13
268 267 13 13
268 263 13 13
269 260 13 13
269 267 13 13
270 262 13 13
270 260 13 13
271 260 13 13
271 261 13 13
272 264 13 13
272 268 13 13
273 260 13 13
273 263 13 13
274 272 13 13
274 263 13 13
275 269 13 13
275 261 13 13
276 260 13 13
276 273 13 13
277 272 13 13
277 260 13 13
278 264 13 13
278 267 13 13
279 261 13 13
279 271 13 13
260 265 13 13
260 272 13 13
261 270 13 13
261 266 13 13
282 281 14 14
282 280 14 14
283 281 14 14
283 280 14 14
284 282 14 14
284 280 14 14
285 283 14 14
285 284 14 14
286 281 14 14
286 284 14 14
287 282 14 14
287 281 14 14
288 280 14 14
288 287 14 14
289 284 14 14
289 282 14 14
290 282 14 14
290 280 14 14
291 286 14 14
291 288 14 14
292 286 14 14
292 288 14 14
293 283 14 14
293 285 14 14
294 290 14 14
294 293 14 14
295 294 14 14
295 291 14 14
296 285 14 14
296 282 14 14
297 287 14 14
297 293 14 14
298 291 14 14
298 289 14 14
299 288 14 14
299 290 14 14
280 296 14 14
280 294 14 14
281 291 14 14
281 295 14 14
302 301 15 15
302 300 15 15
303 300 15 15
303 301 15 15
304 300 15 15
304 303 15 15
305 303 15 15
305 302 15 15
306 300 15 15
306 302 15 15
307 300 15 15
307 305 15 15
308 306 15 15
308 300 15 15
309 303 15 15
309 308 15 15
310 308 15 15
310 302 15 15
311 302 15 15
311 306 15 15
312 301 15 15
312 303 15 15
313 307 15 15
313 312 15 15
314 303 15 15
314 306 15 15
315 306 15 15
315 308 15 15
316 312 15 15
316 301 15 15
317 305 15 15
317 316 15 15
318 315 15 15
318 300 15 15
319 300 15 15
319 306 15 15
300 316 15 15
300 314 15 15
301 308 15 15
301 310 15 15
58 15 2 0
58 23 2 1
69 38 3 1
73 8 3 0
87 4 4 0
84 53 4 2
108 41 5 2
114 88 5 4
125 36 6 1
122 76 6 3
151 108 7 5
154 8 7 0
165 106 8 5
170 26 8 1
189 75 9 3
192 58 9 2
205 127 10 6
210 181 10 9
238 148 11 7
228 112 11 5
251 208 12 10
249 120 12 6
262 249 13 12
266 204 13 10
282 160 14 8
286 124 14 6
315 59 15 2
311 140 15 7
14 317 0 15
5 173 0 8
26 213 1 10
26 282 1 14
