swNum = 320
edgeNum = 672

0 0
1 0
2 0
3 0
4 0
5 0
6 0
7 0
8 0
9 0
10 0
11 0
12 0
13 0
14 0
15 0
16 0
17 0
18 0
19 0
20 1
21 1
22 1
23 1
24 1
25 1
26 1
27 1
28 1
29 1
30 1
31 1
32 1
33 1
34 1
35 1
36 1
37 1
38 1
39 1
40 2
41 2
42 2
43 2
44 2
45 2
46 2
47 2
48 2
49 2
50 2
51 2
52 2
53 2
54 2
55 2
56 2
57 2
58 2
59 2
60 3
61 3
62 3
63 3
64 3
65 3
66 3
67 3
68 3
69 3
70 3
71 3
72 3
73 3
74 3
75 3
76 3
77 3
78 3
79 3
80 4
81 4
82 4
83 4
84 4
85 4
86 4
87 4
88 4
89 4
90 4
91 4
92 4
93 4
94 4
95 4
96 4
97 4
98 4
99 4
100 5
101 5
102 5
103 5
104 5
105 5
106 5
107 5
108 5
109 5
110 5
111 5
112 5
113 5
114 5
115 5
116 5
117 5
118 5
119 5
120 6
121 6
122 6
123 6
124 6
125 6
126 6
127 6
128 6
129 6
130 6
131 6
132 6
133 6
134 6
135 6
136 6
137 6
138 6
139 6
140 7
141 7
142 7
143 7
144 7
145 7
146 7
147 7
148 7
149 7
150 7
151 7
152 7
153 7
154 7
155 7
156 7
157 7
158 7
159 7
160 8
161 8
162 8
163 8
164 8
165 8
166 8
167 8
168 8
169 8
170 8
171 8
172 8
173 8
174 8
175 8
176 8
177 8
178 8
179 8
180 9
181 9
182 9
183 9
184 9
185 9
186 9
187 9
188 9
189 9
190 9
191 9
192 9
193 9
194 9
195 9
196 9
197 9
198 9
199 9
200 10
201 10
202 10
203 10
204 10
205 10
206 10
207 10
208 10
209 10
210 10
211 10
212 10
213 10
214 10
215 10
216 10
217 10
218 10
219 10
220 11
221 11
222 11
223 11
224 11
225 11
226 11
227 11
228 11
229 11
230 11
231 11
232 11
233 11
234 11
235 11
236 11
237 11
238 11
239 11
240 12
241 12
242 12
243 12
244 12
245 12
246 12
247 12
248 12
249 12
250 12
251 12
252 12
253 12
254 12
255 12
256 12
257 12
258 12
259 12
260 13
261 13
262 13
263 13
264 13
265 13
266 13
267 13
268 13
269 13
270 13
271 13
272 13
273 13
274 13
275 13
276 13
277 13
278 13
279 13
280 14
281 14
282 14
283 14
284 14
285 14
286 14
287 14
288 14
289 14
290 14
291 14
292 14
293 14
294 14
295 14
296 14
297 14
298 14
299 14
300 15
301 15
302 15
303 15
304 15
305 15
306 15
307 15
308 15
309 15
310 15
311 15
312 15
313 15
314 15
315 15
316 15
317 15
318 15
319 15

2 0 0 0
2 1 0 0
3 0 0 0
3 2 0 0
4 1 0 0
4 2 0 0
5 4 0 0
5 0 0 0
6 5 0 0
6 4 0 0
7 4 0 0
7 0 0 0
8 3 0 0
8 1 0 0
9 1 0 0
9 6 0 0
10 2 0 0
10 4 0 0
11 0 0 0
11 1 0 0
12 8 0 0
12 5 0 0
13 0 0 0
13 5 0 0
14 12 0 0
14 1 0 0
15 7 0 0
15 0 0 0
16 12 0 0
16 5 0 0
17 7 0 0
17 16 0 0
18 4 0 0
18 14 0 0
19 13 0 0
19 2 0 0
0 17 0 0
0 9 0 0
1 6 0 0
1 13 0 0
22 21 1 1
22 20 1 1
23 20 1 1
23 22 1 1
24 22 1 1
24 23 1 1
25 23 1 1
25 21 1 1
26 21 1 1
26 22 1 1
27 25 1 1
27 21 1 1
28 22 1 1
28 26 1 1
29 24 1 1
29 28 1 1
30 23 1 1
30 24 1 1
31 26 1 1
31 24 1 1
32 28 1 1
32 31 1 1
33 29 1 1
33 26 1 1
34 29 1 1
34 28 1 1
35 27 1 1
35 34 1 1
36 24 1 1
36 29 1 1
37 27 1 1
37 21 1 1
38 21 1 1
38 23 1 1
39 29 1 1
39 36 1 1
20 25 1 1
20 32 1 1
21 34 1 1
21 29 1 1
42 40 2 2
42 41 2 2
43 41 2 2
43 42 2 2
44 42 2 2
44 41 2 2
45 41 2 2
45 42 2 2
46 45 2 2
46 42 2 2
47 42 2 2
47 46 2 2
48 42 2 2
48 40 2 2
49 43 2 2
49 48 2 2
50 44 2 2
50 48 2 2
51 46 2 2
51 47 2 2
52 48 2 2
52 49 2 2
53 44 2 2
53 48 2 2
54 50 2 2
54 52 2 2
55 51 2 2
55 47 2 2
56 42 2 2
56 51 2 2
57 50 2 2
57 45 2 2
58 57 2 2
58 45 2 2
59 57 2 2
59 55 2 2
40 57 2 2
40 56 2 2
41 59 2 2
41 58 2 2
62 60 3 3
62 61 3 3
63 61 3 3
63 62 3 3
64 62 3 3
64 60 3 3
65 60 3 3
65 63 3 3
66 60 3 3
66 63 3 3
67 60 3 3
67 65 3 3
68 63 3 3
68 66 3 3
69 61 3 3
69 64 3 3
70 60 3 3
70 64 3 3
71 61 3 3
71 68 3 3
72 64 3 3
72 66 3 3
73 67 3 3
73 71 3 3
74 73 3 3
74 71 3 3
75 71 3 3
75 61 3 3
76 65 3 3
76 61 3 3
77 67 3 3
77 76 3 3
78 67 3 3
78 65 3 3
79 65 3 3
79 75 3 3
60 69 3 3
60 71 3 3
61 65 3 3
61 74 3 3
82 81 4 4
82 80 4 4
83 80 4 4
83 82 4 4
84 82 4 4
84 80 4 4
85 82 4 4
85 83 4 4
86 83 4 4
86 85 4 4
87 85 4 4
87 86 4 4
88 83 4 4
88 86 4 4
89 82 4 4
89 88 4 4
90 88 4 4
90 85 4 4
91 87 4 4
91 83 4 4
92 83 4 4
92 81 4 4
93 90 4 4
93 83 4 4
94 81 4 4
94 82 4 4
95 93 4 4
95 85 4 4
96 85 4 4
96 87 4 4
97 87 4 4
97 92 4 4
98 82 4 4
98 80 4 4
99 93 4 4
99 85 4 4
80 95 4 4
80 94 4 4
81 98 4 4
81 91 4 4
102 100 5 5
102 101 5 5
103 100 5 5
103 101 5 5
104 100 5 5
104 103 5 5
105 101 5 5
105 100 5 5
106 104 5 5
106 101 5 5
107 105 5 5
107 106 5 5
108 102 5 5
108 107 5 5
109 105 5 5
109 101 5 5
110 106 5 5
110 109 5 5
111 102 5 5
111 104 5 5
112 107 5 5
112 111 5 5
113 106 5 5
113 109 5 5
114 104 5 5
114 100 5 5
115 102 5 5
115 100 5 5
116 104 5 5
116 100 5 5
117 115 5 5
117 104 5 5
118 110 5 5
118 107 5 5
119 108 5 5
119 111 5 5
100 110 5 5
100 117 5 5
101 104 5 5
101 112 5 5
122 121 6 6
122 120 6 6
123 122 6 6
123 120 6 6
124 121 6 6
124 120 6 6
125 123 6 6
125 121 6 6
126 125 6 6
126 124 6 6
127 125 6 6
127 122 6 6
128 121 6 6
128 122 6 6
129 125 6 6
129 128 6 6
130 129 6 6
130 125 6 6
131 120 6 6
131 124 6 6
132 124 6 6
132 120 6 6
133 129 6 6
133 132 6 6
134 122 6 6
134 132 6 6
135 122 6 6
135 126 6 6
136 128 6 6
136 129 6 6
137 120 6 6
137 127 6 6
138 133 6 6
138 137 6 6
139 130 6 6
139 127 6 6
120 136 6 6
120 128 6 6
121 132 6 6
121 123 6 6
142 141 7 7
142 140 7 7
143 140 7 7
143 141 7 7
144 142 7 7
144 140 7 7
145 140 7 7
145 143 7 7
146 143 7 7
146 141 7 7
147 143 7 7
147 141 7 7
148 143 7 7
148 144 7 7
149 147 7 7
149 148 7 7
150 146 7 7
150 141 7 7
151 146 7 7
151 149 7 7
152 147 7 7
152 142 7 7
153 143 7 7
153 140 7 7
154 149 7 7
154 146 7 7
155 144 7 7
155 149 7 7
156 141 7 7
156 149 7 7
157 144 7 7
157 143 7 7
158 155 7 7
158 143 7 7
159 142 7 7
159 154 7 7
140 149 7 7
140 146 7 7
141 149 7 7
141 144 7 7
162 160 8 8
162 161 8 8
163 161 8 8
163 162 8 8
164 162 8 8
164 161 8 8
165 161 8 8
165 164 8 8
166 163 8 8
166 164 8 8
167 166 8 8
167 162 8 8
168 161 8 8
168 163 8 8
169 167 8 8
169 165 8 8
170 166 8 8
170 167 8 8
171 160 8 8
171 169 8 8
172 163 8 8
172 169 8 8
173 170 8 8
173 171 8 8
174 164 8 8
174 173 8 8
175 168 8 8
175 161 8 8
176 175 8 8
176 165 8 8
177 173 8 8
177 168 8 8
178 167 8 8
178 174 8 8
179 176 8 8
179 165 8 8
160 170 8 8
160 167 8 8
161 176 8 8
161 166 8 8
182 180 9 9
182 181 9 9
183 181 9 9
183 180 9 9
184 182 9 9
184 183 9 9
185 180 9 9
185 181 9 9
186 182 9 9
186 183 9 9
187 182 9 9
187 180 9 9
188 185 9 9
188 180 9 9
189 180 9 9
189 185 9 9
190 181 9 9
190 180 9 9
191 190 9 9
191 188 9 9
192 181 9 9
192 183 9 9
193 180 9 9
193 187 9 9
194 190 9 9
194 193 9 9
195 182 9 9
195 185 9 9
196 186 9 9
196 188 9 9
197 182 9 9
197 184 9 9
198 181 9 9
198 189 9 9
199 194 9 9
199 189 9 9
180 195 9 9
180 196 9 9
181 193 9 9
181 189 9 9
202 200 10 10
202 201 10 10
203 200 10 10
203 202 10 10
204 201 10 10
204 203 10 10
205 204 10 10
205 201 10 10
206 204 10 10
206 203 10 10
207 204 10 10
207 201 10 10
208 205 10 10
208 200 10 10
209 201 10 10
209 208 10 10
210 207 10 10
210 202 10 10
211 202 10 10
211 200 10 10
212 204 10 10
212 201 10 10
213 200 10 10
213 202 10 10
214 213 10 10
214 201 10 10
215 212 10 10
215 204 10 10
216 204 10 10
216 207 10 10
217 200 10 10
217 202 10 10
218 203 10 10
218 217 10 10
219 208 10 10
219 218 10 10
200 205 10 10
200 214 10 10
201 216 10 10
201 210 10 10
222 220 11 11
222 221 11 11
223 221 11 11
223 220 11 11
224 222 11 11
224 221 11 11
225 224 11 11
225 221 11 11
226 221 11 11
226 222 11 11
227 221 11 11
227 224 11 11
228 223 11 11
228 224 11 11
229 223 11 11
229 220 11 11
230 225 11 11
230 226 11 11
231 224 11 11
231 229 11 11
232 223 11 11
232 229 11 11
233 221 11 11
233 232 11 11
234 223 11 11
234 229 11 11
235 222 11 11
235 231 11 11
236 233 11 11
236 229 11 11
237 235 11 11
237 226 11 11
238 226 11 11
238 225 11 11
239 227 11 11
239 221 11 11
220 235 11 11
220 234 11 11
221 234 11 11
221 228 11 11
242 241 12 12
242 240 12 12
243 242 12 12
243 241 12 12
244 240 12 12
244 241 12 12
245 240 12 12
245 244 12 12
246 242 12 12
246 245 12 12
247 246 12 12
247 245 12 12
248 247 12 12
248 246 12 12
249 241 12 12
249 240 12 12
250 244 12 12
250 241 12 12
251 245 12 12
251 240 12 12
252 247 12 12
252 244 12 12
253 247 12 12
253 241 12 12
254 253 12 12
254 250 12 12
255 253 12 12
255 252 12 12
256 247 12 12
256 253 12 12
257 243 12 12
257 252 12 12
258 248 12 12
258 252 12 12
259 250 12 12
259 242 12 12
240 252 12 12
240 258 12 12
241 246 12 12
241 258 12 12
262 261 13 13
262 260 13 13
263 261 13 13
263 260 13 13
264 260 13 13
264 262 13 13
265 260 13 13
265 261 13 13
266 260 13 13
266 265 13 13
267 261 13 13
267 265 13 13
268 265 13 13
268 262 13 13
269 262 13 13
269 265 13 13
270 268 13 13
270 269 13 13
271 263 13 13
271 262 13 13
272 269 13 13
272 271 13 13
273 271 13 13
273 268 13 13
274 273 13 13
274 262 13 13
275 261 13 13
275 262 13 13
276 273 13 13
276 261 13 13
277 272 13 13
277 271 13 13
278 261 13 13
278 267 13 13
279 274 13 13
279 277 13 13
260 276 13 13
260 268 13 13
261 279 13 13
261 274 13 13
282 280 14 14
282 281 14 14
283 280 14 14
283 282 14 14
284 282 14 14
284 283 14 14
285 284 14 14
285 283 14 14
286 285 14 14
286 280 14 14
287 282 14 14
287 286 14 14
288 281 14 14
288 287 14 14
289 281 14 14
289 286 14 14
290 281 14 14
290 283 14 14
291 280 14 14
291 288 14 14
292 283 14 14
292 289 14 14
293 292 14 14
293 286 14 14
294 280 14 14
294 282 14 14
295 291 14 14
295 290 14 14
296 285 14 14
296 294 14 14
297 285 14 14
297 295 14 14
298 291 14 14
298 288 14 14
299 285 14 14
299 298 14 14
280 298 14 14
280 287 14 14
281 299 14 14
281 285 14 14
302 300 15 15
302 301 15 15
303 301 15 15
303 300 15 15
304 300 15 15
304 301 15 15
305 304 15 15
305 303 15 15
306 302 15 15
306 301 15 15
307 306 15 15
307 302 15 15
308 306 15 15
308 301 15 15
309 308 15 15
309 305 15 15
310 306 15 15
310 307 15 15
311 306 15 15
311 310 15 15
312 307 15 15
312 302 15 15
313 305 15 15
313 312 15 15
314 311 15 15
314 301 15 15
315 303 15 15
315 312 15 15
316 314 15 15
316 313 15 15
317 307 15 15
317 308 15 15
318 303 15 15
318 315 15 15
319 313 15 15
319 306 15 15
300 312 15 15
300 318 15 15
301 312 15 15
301 315 15 15
43 11 2 0
49 25 2 1
69 39 3 1
72 12 3 0
91 30 4 1
82 58 4 2
105 10 5 0
115 24 5 1
126 102 6 5
131 24 6 1
148 116 7 5
146 73 7 3
167 81 8 4
162 139 8 6
186 91 9 4
184 69 9 3
214 157 10 7
201 51 10 2
225 150 11 7
237 131 11 6
256 117 12 5
247 51 12 2
277 96 13 4
276 79 13 3
290 171 14 8
296 199 14 9
301 210 15 10
314 41 15 2
10 148 0 7
11 199 0 9
27 177 1 8
25 319 1 15
