swNum = 320
edgeNum = 672

0 0
1 0
2 0
3 0
4 0
5 0
6 0
7 0
8 0
9 0
10 0
11 0
12 0
13 0
14 0
15 0
16 0
17 0
18 0
19 0
20 1
21 1
22 1
23 1
24 1
25 1
26 1
27 1
28 1
29 1
30 1
31 1
32 1
33 1
34 1
35 1
36 1
37 1
38 1
39 1
40 2
41 2
42 2
43 2
44 2
45 2
46 2
47 2
48 2
49 2
50 2
51 2
52 2
53 2
54 2
55 2
56 2
57 2
58 2
59 2
60 3
61 3
62 3
63 3
64 3
65 3
66 3
67 3
68 3
69 3
70 3
71 3
72 3
73 3
74 3
75 3
76 3
77 3
78 3
79 3
80 4
81 4
82 4
83 4
84 4
85 4
86 4
87 4
88 4
89 4
90 4
91 4
92 4
93 4
94 4
95 4
96 4
97 4
98 4
99 4
100 5
101 5
102 5
103 5
104 5
105 5
106 5
107 5
108 5
109 5
110 5
111 5
112 5
113 5
114 5
115 5
116 5
117 5
118 5
119 5
120 6
121 6
122 6
123 6
124 6
125 6
126 6
127 6
128 6
129 6
130 6
131 6
132 6
133 6
134 6
135 6
136 6
137 6
138 6
139 6
140 7
141 7
142 7
143 7
144 7
145 7
146 7
147 7
148 7
149 7
150 7
151 7
152 7
153 7
154 7
155 7
156 7
157 7
158 7
159 7
160 8
161 8
162 8
163 8
164 8
165 8
166 8
167 8
168 8
169 8
170 8
171 8
172 8
173 8
174 8
175 8
176 8
177 8
178 8
179 8
180 9
181 9
182 9
183 9
184 9
185 9
186 9
187 9
188 9
189 9
190 9
191 9
192 9
193 9
194 9
195 9
196 9
197 9
198 9
199 9
200 10
201 10
202 10
203 10
204 10
205 10
206 10
207 10
208 10
209 10
210 10
211 10
212 10
213 10
214 10
215 10
216 10
217 10
218 10
219 10
220 11
221 11
222 11
223 11
224 11
225 11
226 11
227 11
228 11
229 11
230 11
231 11
232 11
233 11
234 11
235 11
236 11
237 11
238 11
239 11
240 12
241 12
242 12
243 12
244 12
245 12
246 12
247 12
248 12
249 12
250 12
251 12
252 12
253 12
254 12
255 12
256 12
257 12
258 12
259 12
260 13
261 13
262 13
263 13
264 13
265 13
266 13
267 13
268 13
269 13
270 13
271 13
272 13
273 13
274 13
275 13
276 13
277 13
278 13
279 13
280 14
281 14
282 14
283 14
284 14
285 14
286 14
287 14
288 14
289 14
290 14
291 14
292 14
293 14
294 14
295 14
296 14
297 14
298 14
299 14
300 15
301 15
302 15
303 15
304 15
305 15
306 15
307 15
308 15
309 15
310 15
311 15
312 15
313 15
314 15
315 15
316 15
317 15
318 15
319 15

2 0 0 0
2 1 0 0
3 0 0 0
3 2 0 0
4 3 0 0
4 2 0 0
5 0 0 0
5 4 0 0
6 3 0 0
6 0 0 0
7 2 0 0
7 3 0 0
8 6 0 0
8 5 0 0
9 4 0 0
9 1 0 0
10 5 0 0
10 8 0 0
11 5 0 0
11 0 0 0
12 6 0 0
12 1 0 0
13 8 0 0
13 11 0 0
14 12 0 0
14 11 0 0
15 2 0 0
15 6 0 0
16 11 0 0
16 9 0 0
17 12 0 0
17 5 0 0
18 7 0 0
18 4 0 0
19 1 0 0
19 4 0 0
0 12 0 0
0 13 0 0
1 6 0 0
1 5 0 0
22 20 1 1
22 21 1 1
23 20 1 1
23 21 1 1
24 21 1 1
24 23 1 1
25 20 1 1
25 24 1 1
26 21 1 1
26 20 1 1
27 21 1 1
27 22 1 1
28 21 1 1
28 27 1 1
29 27 1 1
29 23 1 1
30 26 1 1
30 29 1 1
31 27 1 1
31 24 1 1
32 31 1 1
32 30 1 1
33 31 1 1
33 22 1 1
34 33 1 1
34 20 1 1
35 26 1 1
35 29 1 1
36 34 1 1
36 21 1 1
37 22 1 1
37 36 1 1
38 24 1 1
38 30 1 1
39 26 1 1
39 27 1 1
20 32 1 1
20 31 1 1
21 34 1 1
21 30 1 1
42 40 2 2
42 41 2 2
43 41 2 2
43 40 2 2
44 41 2 2
44 40 2 2
45 41 2 2
45 42 2 2
46 42 2 2
46 45 2 2
47 45 2 2
47 43 2 2
48 40 2 2
48 43 2 2
49 46 2 2
49 40 2 2
50 49 2 2
50 45 2 2
51 47 2 2
51 50 2 2
52 40 2 2
52 42 2 2
53 42 2 2
53 46 2 2
54 41 2 2
54 46 2 2
55 43 2 2
55 40 2 2
56 52 2 2
56 50 2 2
57 56 2 2
57 52 2 2
58 50 2 2
58 44 2 2
59 58 2 2
59 54 2 2
40 58 2 2
40 59 2 2
41 59 2 2
41 55 2 2
62 60 3 3
62 61 3 3
63 62 3 3
63 60 3 3
64 63 3 3
64 60 3 3
65 61 3 3
65 63 3 3
66 64 3 3
66 60 3 3
67 65 3 3
67 62 3 3
68 61 3 3
68 66 3 3
69 61 3 3
69 63 3 3
70 68 3 3
70 66 3 3
71 63 3 3
71 68 3 3
72 68 3 3
72 67 3 3
73 63 3 3
73 69 3 3
74 60 3 3
74 61 3 3
75 74 3 3
75 64 3 3
76 65 3 3
76 72 3 3
77 64 3 3
77 60 3 3
78 72 3 3
78 61 3 3
79 72 3 3
79 76 3 3
60 73 3 3
60 75 3 3
61 79 3 3
61 63 3 3
82 81 4 4
82 80 4 4
83 80 4 4
83 81 4 4
84 81 4 4
84 83 4 4
85 80 4 4
85 84 4 4
86 85 4 4
86 84 4 4
87 81 4 4
87 82 4 4
88 80 4 4
88 83 4 4
89 85 4 4
89 84 4 4
90 82 4 4
90 81 4 4
91 80 4 4
91 81 4 4
92 80 4 4
92 87 4 4
93 85 4 4
93 84 4 4
94 91 4 4
94 82 4 4
95 90 4 4
95 94 4 4
96 91 4 4
96 84 4 4
97 82 4 4
97 92 4 4
98 90 4 4
98 87 4 4
99 83 4 4
99 91 4 4
80 94 4 4
80 97 4 4
81 85 4 4
81 95 4 4
102 101 5 5
102 100 5 5
103 101 5 5
103 100 5 5
104 100 5 5
104 101 5 5
105 104 5 5
105 103 5 5
106 104 5 5
106 105 5 5
107 102 5 5
107 100 5 5
108 100 5 5
108 107 5 5
109 101 5 5
109 107 5 5
110 107 5 5
110 109 5 5
111 101 5 5
111 110 5 5
112 109 5 5
112 102 5 5
113 109 5 5
113 111 5 5
114 110 5 5
114 105 5 5
115 109 5 5
115 107 5 5
116 104 5 5
116 113 5 5
117 116 5 5
117 103 5 5
118 100 5 5
118 115 5 5
119 100 5 5
119 113 5 5
100 106 5 5
100 113 5 5
101 115 5 5
101 113 5 5
122 121 6 6
122 120 6 6
123 120 6 6
123 121 6 6
124 122 6 6
124 120 6 6
125 122 6 6
125 124 6 6
126 121 6 6
126 120 6 6
127 122 6 6
127 124 6 6
128 126 6 6
128 122 6 6
129 120 6 6
129 125 6 6
130 123 6 6
130 120 6 6
131 126 6 6
131 128 6 6
132 124 6 6
132 120 6 6
133 128 6 6
133 132 6 6
134 120 6 6
134 130 6 6
135 123 6 6
135 121 6 6
136 121 6 6
136 132 6 6
137 133 6 6
137 124 6 6
138 124 6 6
138 137 6 6
139 121 6 6
139 127 6 6
120 139 6 6
120 136 6 6
121 133 6 6
121 137 6 6
142 140 7 7
142 141 7 7
143 140 7 7
143 141 7 7
144 143 7 7
144 140 7 7
145 143 7 7
145 144 7 7
146 142 7 7
146 140 7 7
147 144 7 7
147 142 7 7
148 144 7 7
148 142 7 7
149 145 7 7
149 143 7 7
150 140 7 7
150 144 7 7
151 144 7 7
151 147 7 7
152 141 7 7
152 145 7 7
153 145 7 7
153 148 7 7
154 147 7 7
154 143 7 7
155 145 7 7
155 146 7 7
156 147 7 7
156 142 7 7
157 148 7 7
157 144 7 7
158 149 7 7
158 148 7 7
159 145 7 7
159 151 7 7
140 148 7 7
140 149 7 7
141 150 7 7
141 151 7 7
162 160 8 8
162 161 8 8
163 161 8 8
163 162 8 8
164 163 8 8
164 161 8 8
165 162 8 8
165 164 8 8
166 163 8 8
166 165 8 8
167 160 8 8
167 161 8 8
168 161 8 8
168 164 8 8
169 160 8 8
169 162 8 8
170 160 8 8
170 167 8 8
171 168 8 8
171 161 8 8
172 169 8 8
172 166 8 8
173 172 8 8
173 163 8 8
174 167 8 8
174 163 8 8
175 173 8 8
175 172 8 8
176 175 8 8
176 172 8 8
177 168 8 8
177 162 8 8
178 162 8 8
178 171 8 8
179 176 8 8
179 178 8 8
160 172 8 8
160 173 8 8
161 178 8 8
161 174 8 8
182 181 9 9
182 180 9 9
183 180 9 9
183 181 9 9
184 180 9 9
184 183 9 9
185 183 9 9
185 181 9 9
186 181 9 9
186 182 9 9
187 181 9 9
187 183 9 9
188 187 9 9
188 181 9 9
189 188 9 9
189 186 9 9
190 188 9 9
190 186 9 9
191 181 9 9
191 186 9 9
192 186 9 9
192 187 9 9
193 185 9 9
193 181 9 9
194 180 9 9
194 185 9 9
195 190 9 9
195 186 9 9
196 183 9 9
196 184 9 9
197 189 9 9
197 191 9 9
198 193 9 9
198 189 9 9
199 181 9 9
199 188 9 9
180 199 9 9
180 196 9 9
181 198 9 9
181 194 9 9
202 201 10 10
202 200 10 10
203 200 10 10
203 202 10 10
204 200 10 10
204 201 10 10
205 204 10 10
205 202 10 10
206 201 10 10
206 205 10 10
207 202 10 10
207 206 10 10
208 201 10 10
208 200 10 10
209 204 10 10
209 208 10 10
210 204 10 10
210 209 10 10
211 202 10 10
211 204 10 10
212 201 10 10
212 200 10 10
213 201 10 10
213 200 10 10
214 208 10 10
214 201 10 10
215 212 10 10
215 210 10 10
216 212 10 10
216 205 10 10
217 204 10 10
217 205 10 10
218 202 10 10
218 203 10 10
219 208 10 10
219 207 10 10
200 216 10 10
200 205 10 10
201 210 10 10
201 215 10 10
222 221 11 11
222 220 11 11
223 220 11 11
223 222 11 11
224 222 11 11
224 221 11 11
225 221 11 11
225 223 11 11
226 224 11 11
226 221 11 11
227 225 11 11
227 226 11 11
228 226 11 11
228 227 11 11
229 221 11 11
229 222 11 11
230 229 11 11
230 223 11 11
231 222 11 11
231 225 11 11
232 228 11 11
232 221 11 11
233 220 11 11
233 230 11 11
234 221 11 11
234 226 11 11
235 229 11 11
235 226 11 11
236 220 11 11
236 233 11 11
237 232 11 11
237 229 11 11
238 234 11 11
238 227 11 11
239 231 11 11
239 227 11 11
220 228 11 11
220 230 11 11
221 231 11 11
221 237 11 11
242 241 12 12
242 240 12 12
243 241 12 12
243 242 12 12
244 242 12 12
244 241 12 12
245 244 12 12
245 242 12 12
246 245 12 12
246 244 12 12
247 244 12 12
247 242 12 12
248 240 12 12
248 243 12 12
249 240 12 12
249 247 12 12
250 244 12 12
250 242 12 12
251 241 12 12
251 247 12 12
252 243 12 12
252 242 12 12
253 250 12 12
253 252 12 12
254 251 12 12
254 244 12 12
255 240 12 12
255 247 12 12
256 244 12 12
256 248 12 12
257 248 12 12
257 240 12 12
258 245 12 12
258 244 12 12
259 249 12 12
259 254 12 12
240 251 12 12
240 258 12 12
241 246 12 12
241 258 12 12
262 260 13 13
262 261 13 13
263 260 13 13
263 261 13 13
264 263 13 13
264 260 13 13
265 263 13 13
265 262 13 13
266 264 13 13
266 263 13 13
267 266 13 13
267 264 13 13
268 265 13 13
268 263 13 13
269 260 13 13
269 264 13 13
270 263 13 13
270 267 13 13
271 269 13 13
271 262 13 13
272 261 13 13
272 260 13 13
273 261 13 13
273 267 13 13
274 266 13 13
274 264 13 13
275 261 13 13
275 272 13 13
276 260 13 13
276 263 13 13
277 270 13 13
277 269 13 13
278 270 13 13
278 268 13 13
279 277 13 13
279 278 13 13
260 265 13 13
260 279 13 13
261 279 13 13
261 271 13 13
282 281 14 14
282 280 14 14
283 282 14 14
283 280 14 14
284 281 14 14
284 282 14 14
285 284 14 14
285 280 14 14
286 281 14 14
286 284 14 14
287 281 14 14
287 282 14 14
288 284 14 14
288 287 14 14
289 284 14 14
289 280 14 14
290 286 14 14
290 284 14 14
291 280 14 14
291 286 14 14
292 289 14 14
292 280 14 14
293 288 14 14
293 292 14 14
294 284 14 14
294 282 14 14
295 280 14 14
295 291 14 14
296 294 14 14
296 293 14 14
297 286 14 14
297 280 14 14
298 280 14 14
298 282 14 14
299 281 14 14
299 286 14 14
280 294 14 14
280 290 14 14
281 292 14 14
281 295 14 14
302 300 15 15
302 301 15 15
303 301 15 15
303 300 15 15
304 301 15 15
304 303 15 15
305 304 15 15
305 303 15 15
306 304 15 15
306 302 15 15
307 306 15 15
307 305 15 15
308 303 15 15
308 305 15 15
309 300 15 15
309 301 15 15
310 308 15 15
310 307 15 15
311 301 15 15
311 300 15 15
312 309 15 15
312 308 15 15
313 312 15 15
313 311 15 15
314 301 15 15
314 306 15 15
315 312 15 15
315 313 15 15
316 312 15 15
316 306 15 15
317 300 15 15
317 301 15 15
318 306 15 15
318 312 15 15
319 308 15 15
319 306 15 15
300 316 15 15
300 304 15 15
301 315 15 15
301 305 15 15
58 15 2 0
46 29 2 1
60 55 3 2
74 5 3 0
94 23 4 1
96 43 4 2
102 36 5 1
102 96 5 4
134 28 6 1
134 5 6 0
146 12 7 0
148 124 7 6
163 95 8 4
165 111 8 5
186 139 9 6
194 160 9 8
211 117 10 5
217 148 10 7
221 119 11 5
229 51 11 2
252 116 12 5
250 25 12 1
278 159 13 7
270 96 13 4
286 154 14 7
298 211 14 10
313 127 15 6
300 115 15 5
1 287 0 14
1 93 0 4
21 158 1 7
26 169 1 8
