swNum = 320
edgeNum = 672

0 0
1 0
2 0
3 0
4 0
5 0
6 0
7 0
8 0
9 0
10 0
11 0
12 0
13 0
14 0
15 0
16 0
17 0
18 0
19 0
20 1
21 1
22 1
23 1
24 1
25 1
26 1
27 1
28 1
29 1
30 1
31 1
32 1
33 1
34 1
35 1
36 1
37 1
38 1
39 1
40 2
41 2
42 2
43 2
44 2
45 2
46 2
47 2
48 2
49 2
50 2
51 2
52 2
53 2
54 2
55 2
56 2
57 2
58 2
59 2
60 3
61 3
62 3
63 3
64 3
65 3
66 3
67 3
68 3
69 3
70 3
71 3
72 3
73 3
74 3
75 3
76 3
77 3
78 3
79 3
80 4
81 4
82 4
83 4
84 4
85 4
86 4
87 4
88 4
89 4
90 4
91 4
92 4
93 4
94 4
95 4
96 4
97 4
98 4
99 4
100 5
101 5
102 5
103 5
104 5
105 5
106 5
107 5
108 5
109 5
110 5
111 5
112 5
113 5
114 5
115 5
116 5
117 5
118 5
119 5
120 6
121 6
122 6
123 6
124 6
125 6
126 6
127 6
128 6
129 6
130 6
131 6
132 6
133 6
134 6
135 6
136 6
137 6
138 6
139 6
140 7
141 7
142 7
143 7
144 7
145 7
146 7
147 7
148 7
149 7
150 7
151 7
152 7
153 7
154 7
155 7
156 7
157 7
158 7
159 7
160 8
161 8
162 8
163 8
164 8
165 8
166 8
167 8
168 8
169 8
170 8
171 8
172 8
173 8
174 8
175 8
176 8
177 8
178 8
179 8
180 9
181 9
182 9
183 9
184 9
185 9
186 9
187 9
188 9
189 9
190 9
191 9
192 9
193 9
194 9
195 9
196 9
197 9
198 9
199 9
200 10
201 10
202 10
203 10
204 10
205 10
206 10
207 10
208 10
209 10
210 10
211 10
212 10
213 10
214 10
215 10
216 10
217 10
218 10
219 10
220 11
221 11
222 11
223 11
224 11
225 11
226 11
227 11
228 11
229 11
230 11
231 11
232 11
233 11
234 11
235 11
236 11
237 11
238 11
239 11
240 12
241 12
242 12
243 12
244 12
245 12
246 12
247 12
248 12
249 12
250 12
251 12
252 12
253 12
254 12
255 12
256 12
257 12
258 12
259 12
260 13
261 13
262 13
263 13
264 13
265 13
266 13
267 13
268 13
269 13
270 13
271 13
272 13
273 13
274 13
275 13
276 13
277 13
278 13
279 13
280 14
281 14
282 14
283 14
284 14
285 14
286 14
287 14
288 14
289 14
290 14
291 14
292 14
293 14
294 14
295 14
296 14
297 14
298 14
299 14
300 15
301 15
302 15
303 15
304 15
305 15
306 15
307 15
308 15
309 15
310 15
311 15
312 15
313 15
314 15
315 15
316 15
317 15
318 15
319 15

2 1 0 0
2 0 0 0
3 2 0 0
3 0 0 0
4 1 0 0
4 2 0 0
5 0 0 0
5 2 0 0
6 5 0 0
6 4 0 0
7 0 0 0
7 2 0 0
8 3 0 0
8 1 0 0
9 5 0 0
9 6 0 0
10 3 0 0
10 4 0 0
11 8 0 0
11 5 0 0
12 11 0 0
12 1 0 0
13 12 0 0
13 4 0 0
14 8 0 0
14 6 0 0
15 13 0 0
15 6 0 0
16 15 0 0
16 4 0 0
17 15 0 0
17 5 0 0
18 0 0 0
18 11 0 0
19 13 0 0
19 5 0 0
0 13 0 0
0 10 0 0
1 13 0 0
1 10 0 0
22 20 1 1
22 21 1 1
23 21 1 1
23 20 1 1
24 20 1 1
24 22 1 1
25 20 1 1
25 21 1 1
26 24 1 1
26 21 1 1
27 25 1 1
27 22 1 1
28 22 1 1
28 25 1 1
29 27 1 1
29 23 1 1
30 27 1 1
30 28 1 1
31 21 1 1
31 27 1 1
32 22 1 1
32 27 1 1
33 26 1 1
33 21 1 1
34 25 1 1
34 22 1 1
35 24 1 1
35 27 1 1
36 23 1 1
36 33 1 1
37 21 1 1
37 31 1 1
38 32 1 1
38 37 1 1
39 33 1 1
39 24 1 1
20 32 1 1
20 31 1 1
21 29 1 1
21 35 1 1
42 41 2 2
42 40 2 2
43 40 2 2
43 41 2 2
44 40 2 2
44 43 2 2
45 42 2 2
45 43 2 2
46 44 2 2
46 41 2 2
47 45 2 2
47 41 2 2
48 40 2 2
48 44 2 2
49 48 2 2
49 45 2 2
50 40 2 2
50 48 2 2
51 45 2 2
51 47 2 2
52 41 2 2
52 51 2 2
53 48 2 2
53 40 2 2
54 47 2 2
54 50 2 2
55 46 2 2
55 44 2 2
56 49 2 2
56 48 2 2
57 50 2 2
57 44 2 2
58 43 2 2
58 45 2 2
59 41 2 2
59 58 2 2
40 55 2 2
40 57 2 2
41 51 2 2
41 48 2 2
62 60 3 3
62 61 3 3
63 61 3 3
63 62 3 3
64 60 3 3
64 61 3 3
65 61 3 3
65 60 3 3
66 62 3 3
66 63 3 3
67 60 3 3
67 61 3 3
68 65 3 3
68 66 3 3
69 60 3 3
69 61 3 3
70 67 3 3
70 62 3 3
71 69 3 3
71 64 3 3
72 68 3 3
72 61 3 3
73 69 3 3
73 64 3 3
74 65 3 3
74 66 3 3
75 69 3 3
75 61 3 3
76 60 3 3
76 68 3 3
77 62 3 3
77 69 3 3
78 66 3 3
78 75 3 3
79 62 3 3
79 63 3 3
60 63 3 3
60 77 3 3
61 77 3 3
61 71 3 3
82 81 4 4
82 80 4 4
83 81 4 4
83 82 4 4
84 83 4 4
84 82 4 4
85 84 4 4
85 83 4 4
86 83 4 4
86 85 4 4
87 80 4 4
87 82 4 4
88 80 4 4
88 82 4 4
89 80 4 4
89 86 4 4
90 88 4 4
90 85 4 4
91 86 4 4
91 81 4 4
92 85 4 4
92 86 4 4
93 89 4 4
93 84 4 4
94 90 4 4
94 86 4 4
95 92 4 4
95 82 4 4
96 83 4 4
96 93 4 4
97 80 4 4
97 82 4 4
98 88 4 4
98 81 4 4
99 97 4 4
99 94 4 4
80 98 4 4
80 83 4 4
81 84 4 4
81 93 4 4
102 100 5 5
102 101 5 5
103 100 5 5
103 101 5 5
104 102 5 5
104 100 5 5
105 100 5 5
105 101 5 5
106 103 5 5
106 105 5 5
107 106 5 5
107 103 5 5
108 106 5 5
108 107 5 5
109 100 5 5
109 105 5 5
110 107 5 5
110 100 5 5
111 110 5 5
111 107 5 5
112 100 5 5
112 111 5 5
113 100 5 5
113 103 5 5
114 100 5 5
114 110 5 5
115 100 5 5
115 109 5 5
116 108 5 5
116 109 5 5
117 110 5 5
117 102 5 5
118 100 5 5
118 116 5 5
119 115 5 5
119 104 5 5
100 107 5 5
100 108 5 5
101 112 5 5
101 111 5 5
122 121 6 6
122 120 6 6
123 120 6 6
123 122 6 6
124 122 6 6
124 121 6 6
125 124 6 6
125 123 6 6
126 121 6 6
126 124 6 6
127 123 6 6
127 124 6 6
128 125 6 6
128 123 6 6
129 121 6 6
129 124 6 6
130 120 6 6
130 126 6 6
131 123 6 6
131 128 6 6
132 127 6 6
132 131 6 6
133 123 6 6
133 124 6 6
134 123 6 6
134 131 6 6
135 121 6 6
135 122 6 6
136 127 6 6
136 126 6 6
137 136 6 6
137 127 6 6
138 135 6 6
138 120 6 6
139 130 6 6
139 120 6 6
120 124 6 6
120 137 6 6
121 137 6 6
121 132 6 6
142 140 7 7
142 141 7 7
143 141 7 7
143 142 7 7
144 141 7 7
144 142 7 7
145 143 7 7
145 144 7 7
146 144 7 7
146 140 7 7
147 144 7 7
147 140 7 7
148 140 7 7
148 146 7 7
149 144 7 7
149 141 7 7
150 142 7 7
150 143 7 7
151 146 7 7
151 142 7 7
152 149 7 7
152 148 7 7
153 150 7 7
153 144 7 7
154 143 7 7
154 142 7 7
155 149 7 7
155 140 7 7
156 153 7 7
156 149 7 7
157 142 7 7
157 140 7 7
158 155 7 7
158 140 7 7
159 142 7 7
159 145 7 7
140 149 7 7
140 152 7 7
141 158 7 7
141 145 7 7
162 160 8 8
162 161 8 8
163 162 8 8
163 160 8 8
164 163 8 8
164 162 8 8
165 162 8 8
165 163 8 8
166 163 8 8
166 165 8 8
167 160 8 8
167 162 8 8
168 160 8 8
168 164 8 8
169 167 8 8
169 165 8 8
170 166 8 8
170 165 8 8
171 169 8 8
171 168 8 8
172 170 8 8
172 160 8 8
173 161 8 8
173 167 8 8
174 160 8 8
174 161 8 8
175 169 8 8
175 170 8 8
176 170 8 8
176 169 8 8
177 162 8 8
177 172 8 8
178 172 8 8
178 171 8 8
179 173 8 8
179 167 8 8
160 173 8 8
160 179 8 8
161 179 8 8
161 165 8 8
182 181 9 9
182 180 9 9
183 182 9 9
183 181 9 9
184 181 9 9
184 183 9 9
185 182 9 9
185 181 9 9
186 180 9 9
186 183 9 9
187 186 9 9
187 183 9 9
188 186 9 9
188 184 9 9
189 183 9 9
189 188 9 9
190 183 9 9
190 184 9 9
191 182 9 9
191 181 9 9
192 185 9 9
192 184 9 9
193 192 9 9
193 185 9 9
194 180 9 9
194 190 9 9
195 189 9 9
195 183 9 9
196 183 9 9
196 193 9 9
197 192 9 9
197 185 9 9
198 186 9 9
198 182 9 9
199 191 9 9
199 198 9 9
180 199 9 9
180 192 9 9
181 187 9 9
181 197 9 9
202 201 10 10
202 200 10 10
203 202 10 10
203 200 10 10
204 200 10 10
204 201 10 10
205 200 10 10
205 202 10 10
206 204 10 10
206 203 10 10
207 203 10 10
207 206 10 10
208 206 10 10
208 204 10 10
209 204 10 10
209 206 10 10
210 208 10 10
210 203 10 10
211 200 10 10
211 204 10 10
212 211 10 10
212 209 10 10
213 209 10 10
213 204 10 10
214 212 10 10
214 201 10 10
215 205 10 10
215 202 10 10
216 200 10 10
216 207 10 10
217 204 10 10
217 205 10 10
218 215 10 10
218 216 10 10
219 216 10 10
219 212 10 10
200 218 10 10
200 207 10 10
201 213 10 10
201 212 10 10
222 220 11 11
222 221 11 11
223 221 11 11
223 222 11 11
224 223 11 11
224 221 11 11
225 222 11 11
225 220 11 11
226 221 11 11
226 223 11 11
227 225 11 11
227 220 11 11
228 224 11 11
228 221 11 11
229 221 11 11
229 222 11 11
230 223 11 11
230 227 11 11
231 225 11 11
231 228 11 11
232 228 11 11
232 222 11 11
233 225 11 11
233 227 11 11
234 221 11 11
234 228 11 11
235 226 11 11
235 233 11 11
236 221 11 11
236 228 11 11
237 226 11 11
237 234 11 11
238 220 11 11
238 237 11 11
239 222 11 11
239 231 11 11
220 223 11 11
220 235 11 11
221 232 11 11
221 237 11 11
242 240 12 12
242 241 12 12
243 240 12 12
243 241 12 12
244 240 12 12
244 243 12 12
245 243 12 12
245 241 12 12
246 245 12 12
246 241 12 12
247 246 12 12
247 241 12 12
248 243 12 12
248 241 12 12
249 241 12 12
249 248 12 12
250 244 12 12
250 240 12 12
251 243 12 12
251 249 12 12
252 240 12 12
252 243 12 12
253 240 12 12
253 251 12 12
254 253 12 12
254 250 12 12
255 254 12 12
255 250 12 12
256 251 12 12
256 252 12 12
257 246 12 12
257 247 12 12
258 255 12 12
258 254 12 12
259 257 12 12
259 246 12 12
240 254 12 12
240 246 12 12
241 259 12 12
241 257 12 12
262 261 13 13
262 260 13 13
263 260 13 13
263 262 13 13
264 261 13 13
264 260 13 13
265 263 13 13
265 264 13 13
266 262 13 13
266 260 13 13
267 263 13 13
267 261 13 13
268 266 13 13
268 263 13 13
269 266 13 13
269 267 13 13
270 267 13 13
270 263 13 13
271 261 13 13
271 265 13 13
272 269 13 13
272 267 13 13
273 260 13 13
273 270 13 13
274 272 13 13
274 269 13 13
275 268 13 13
275 266 13 13
276 271 13 13
276 264 13 13
277 266 13 13
277 270 13 13
278 266 13 13
278 265 13 13
279 270 13 13
279 268 13 13
260 277 13 13
260 271 13 13
261 279 13 13
261 270 13 13
282 280 14 14
282 281 14 14
283 281 14 14
283 282 14 14
284 280 14 14
284 282 14 14
285 281 14 14
285 283 14 14
286 285 14 14
286 284 14 14
287 285 14 14
287 281 14 14
288 280 14 14
288 286 14 14
289 285 14 14
289 283 14 14
290 288 14 14
290 285 14 14
291 289 14 14
291 283 14 14
292 282 14 14
292 285 14 14
293 292 14 14
293 285 14 14
294 283 14 14
294 288 14 14
295 281 14 14
295 282 14 14
296 290 14 14
296 280 14 14
297 294 14 14
297 280 14 14
298 285 14 14
298 287 14 14
299 282 14 14
299 281 14 14
280 290 14 14
280 294 14 14
281 289 14 14
281 297 14 14
302 300 15 15
302 301 15 15
303 300 15 15
303 302 15 15
304 302 15 15
304 301 15 15
305 303 15 15
305 300 15 15
306 302 15 15
306 304 15 15
307 304 15 15
307 301 15 15
308 304 15 15
308 300 15 15
309 303 15 15
309 305 15 15
310 306 15 15
310 304 15 15
311 309 15 15
311 300 15 15
312 306 15 15
312 308 15 15
313 306 15 15
313 310 15 15
314 300 15 15
314 309 15 15
315 301 15 15
315 312 15 15
316 312 15 15
316 303 15 15
317 309 15 15
317 313 15 15
318 309 15 15
318 302 15 15
319 317 15 15
319 302 15 15
300 315 15 15
300 309 15 15
301 309 15 15
301 311 15 15
40 38 2 1
54 19 2 0
60 33 3 1
73 7 3 0
81 34 4 1
96 45 4 2
119 95 5 4
116 45 5 2
133 11 6 0
134 63 6 3
145 100 7 5
142 81 7 4
174 77 8 3
173 145 8 7
190 39 9 1
184 83 9 4
207 5 10 0
218 193 10 9
222 109 11 5
223 145 11 7
251 175 12 8
259 70 12 3
274 109 13 5
275 224 13 11
284 275 14 13
288 75 14 3
301 11 15 0
308 122 15 6
12 282 0 14
8 226 0 11
27 264 1 13
30 227 1 11
