swNum = 320
edgeNum = 672

0 0
1 0
2 0
3 0
4 0
5 0
6 0
7 0
8 0
9 0
10 0
11 0
12 0
13 0
14 0
15 0
16 0
17 0
18 0
19 0
20 1
21 1
22 1
23 1
24 1
25 1
26 1
27 1
28 1
29 1
30 1
31 1
32 1
33 1
34 1
35 1
36 1
37 1
38 1
39 1
40 2
41 2
42 2
43 2
44 2
45 2
46 2
47 2
48 2
49 2
50 2
51 2
52 2
53 2
54 2
55 2
56 2
57 2
58 2
59 2
60 3
61 3
62 3
63 3
64 3
65 3
66 3
67 3
68 3
69 3
70 3
71 3
72 3
73 3
74 3
75 3
76 3
77 3
78 3
79 3
80 4
81 4
82 4
83 4
84 4
85 4
86 4
87 4
88 4
89 4
90 4
91 4
92 4
93 4
94 4
95 4
96 4
97 4
98 4
99 4
100 5
101 5
102 5
103 5
104 5
105 5
106 5
107 5
108 5
109 5
110 5
111 5
112 5
113 5
114 5
115 5
116 5
117 5
118 5
119 5
120 6
121 6
122 6
123 6
124 6
125 6
126 6
127 6
128 6
129 6
130 6
131 6
132 6
133 6
134 6
135 6
136 6
137 6
138 6
139 6
140 7
141 7
142 7
143 7
144 7
145 7
146 7
147 7
148 7
149 7
150 7
151 7
152 7
153 7
154 7
155 7
156 7
157 7
158 7
159 7
160 8
161 8
162 8
163 8
164 8
165 8
166 8
167 8
168 8
169 8
170 8
171 8
172 8
173 8
174 8
175 8
176 8
177 8
178 8
179 8
180 9
181 9
182 9
183 9
184 9
185 9
186 9
187 9
188 9
189 9
190 9
191 9
192 9
193 9
194 9
195 9
196 9
197 9
198 9
199 9
200 10
201 10
202 10
203 10
204 10
205 10
206 10
207 10
208 10
209 10
210 10
211 10
212 10
213 10
214 10
215 10
216 10
217 10
218 10
219 10
220 11
221 11
222 11
223 11
224 11
225 11
226 11
227 11
228 11
229 11
230 11
231 11
232 11
233 11
234 11
235 11
236 11
237 11
238 11
239 11
240 12
241 12
242 12
243 12
244 12
245 12
246 12
247 12
248 12
249 12
250 12
251 12
252 12
253 12
254 12
255 12
256 12
257 12
258 12
259 12
260 13
261 13
262 13
263 13
264 13
265 13
266 13
267 13
268 13
269 13
270 13
271 13
272 13
273 13
274 13
275 13
276 13
277 13
278 13
279 13
280 14
281 14
282 14
283 14
284 14
285 14
286 14
287 14
288 14
289 14
290 14
291 14
292 14
293 14
294 14
295 14
296 14
297 14
298 14
299 14
300 15
301 15
302 15
303 15
304 15
305 15
306 15
307 15
308 15
309 15
310 15
311 15
312 15
313 15
314 15
315 15
316 15
317 15
318 15
319 15

2 0 0 0
2 1 0 0
3 1 0 0
3 0 0 0
4 0 0 0
4 3 0 0
5 4 0 0
5 2 0 0
6 2 0 0
6 0 0 0
7 0 0 0
7 3 0 0
8 5 0 0
8 0 0 0
9 2 0 0
9 4 0 0
10 0 0 0
10 5 0 0
11 1 0 0
11 0 0 0
12 9 0 0
12 3 0 0
13 12 0 0
13 3 0 0
14 0 0 0
14 11 0 0
15 6 0 0
15 10 0 0
16 12 0 0
16 3 0 0
17 16 0 0
17 11 0 0
18 5 0 0
18 10 0 0
19 17 0 0
19 1 0 0
0 5 0 0
0 19 0 0
1 8 0 0
1 12 0 0
22 20 1 1
22 21 1 1
23 22 1 1
23 21 1 1
24 23 1 1
24 22 1 1
25 20 1 1
25 23 1 1
26 23 1 1
26 25 1 1
27 24 1 1
27 22 1 1
28 27 1 1
28 24 1 1
29 21 1 1
29 23 1 1
30 29 1 1
30 26 1 1
31 28 1 1
31 20 1 1
32 23 1 1
32 20 1 1
33 26 1 1
33 32 1 1
34 31 1 1
34 27 1 1
35 24 1 1
35 23 1 1
36 25 1 1
36 21 1 1
37 20 1 1
37 22 1 1
38 28 1 1
38 33 1 1
39 27 1 1
39 38 1 1
20 36 1 1
20 33 1 1
21 33 1 1
21 31 1 1
42 41 2 2
42 40 2 2
43 41 2 2
43 40 2 2
44 42 2 2
44 40 2 2
45 42 2 2
45 40 2 2
46 45 2 2
46 42 2 2
47 42 2 2
47 44 2 2
48 42 2 2
48 41 2 2
49 41 2 2
49 43 2 2
50 40 2 2
50 43 2 2
51 48 2 2
51 42 2 2
52 47 2 2
52 49 2 2
53 50 2 2
53 40 2 2
54 45 2 2
54 43 2 2
55 43 2 2
55 54 2 2
56 48 2 2
56 51 2 2
57 44 2 2
57 40 2 2
58 48 2 2
58 47 2 2
59 57 2 2
59 55 2 2
40 49 2 2
40 52 2 2
41 52 2 2
41 50 2 2
62 60 3 3
62 61 3 3
63 61 3 3
63 60 3 3
64 63 3 3
64 61 3 3
65 61 3 3
65 63 3 3
66 63 3 3
66 62 3 3
67 63 3 3
67 62 3 3
68 66 3 3
68 67 3 3
69 64 3 3
69 61 3 3
70 67 3 3
70 68 3 3
71 64 3 3
71 67 3 3
72 63 3 3
72 66 3 3
73 65 3 3
73 61 3 3
74 65 3 3
74 69 3 3
75 74 3 3
75 70 3 3
76 71 3 3
76 73 3 3
77 74 3 3
77 69 3 3
78 72 3 3
78 74 3 3
79 68 3 3
79 71 3 3
60 66 3 3
60 67 3 3
61 71 3 3
61 78 3 3
82 80 4 4
82 81 4 4
83 80 4 4
83 81 4 4
84 81 4 4
84 83 4 4
85 81 4 4
85 80 4 4
86 84 4 4
86 82 4 4
87 86 4 4
87 81 4 4
88 81 4 4
88 84 4 4
89 88 4 4
89 81 4 4
90 87 4 4
90 86 4 4
91 81 4 4
91 89 4 4
92 90 4 4
92 91 4 4
93 82 4 4
93 91 4 4
94 88 4 4
94 89 4 4
95 91 4 4
95 94 4 4
96 91 4 4
96 89 4 4
97 80 4 4
97 92 4 4
98 90 4 4
98 83 4 4
99 96 4 4
99 82 4 4
80 99 4 4
80 94 4 4
81 94 4 4
81 95 4 4
102 101 5 5
102 100 5 5
103 101 5 5
103 102 5 5
104 101 5 5
104 100 5 5
105 102 5 5
105 104 5 5
106 102 5 5
106 100 5 5
107 101 5 5
107 105 5 5
108 106 5 5
108 100 5 5
109 100 5 5
109 103 5 5
110 108 5 5
110 100 5 5
111 103 5 5
111 105 5 5
112 107 5 5
112 106 5 5
113 110 5 5
113 107 5 5
114 110 5 5
114 113 5 5
115 101 5 5
115 104 5 5
116 102 5 5
116 101 5 5
117 111 5 5
117 107 5 5
118 100 5 5
118 106 5 5
119 116 5 5
119 100 5 5
100 113 5 5
100 116 5 5
101 105 5 5
101 111 5 5
122 121 6 6
122 120 6 6
123 121 6 6
123 120 6 6
124 122 6 6
124 123 6 6
125 122 6 6
125 121 6 6
126 121 6 6
126 124 6 6
127 120 6 6
127 126 6 6
128 127 6 6
128 125 6 6
129 128 6 6
129 122 6 6
130 124 6 6
130 121 6 6
131 121 6 6
131 124 6 6
132 121 6 6
132 131 6 6
133 125 6 6
133 126 6 6
134 128 6 6
134 124 6 6
135 133 6 6
135 130 6 6
136 121 6 6
136 127 6 6
137 130 6 6
137 135 6 6
138 125 6 6
138 129 6 6
139 125 6 6
139 121 6 6
120 133 6 6
120 134 6 6
121 138 6 6
121 134 6 6
142 141 7 7
142 140 7 7
143 141 7 7
143 142 7 7
144 141 7 7
144 142 7 7
145 144 7 7
145 143 7 7
146 142 7 7
146 143 7 7
147 145 7 7
147 146 7 7
148 144 7 7
148 142 7 7
149 146 7 7
149 145 7 7
150 145 7 7
150 141 7 7
151 141 7 7
151 148 7 7
152 141 7 7
152 149 7 7
153 142 7 7
153 151 7 7
154 151 7 7
154 149 7 7
155 143 7 7
155 153 7 7
156 144 7 7
156 142 7 7
157 140 7 7
157 149 7 7
158 140 7 7
158 153 7 7
159 147 7 7
159 148 7 7
140 154 7 7
140 149 7 7
141 154 7 7
141 157 7 7
162 161 8 8
162 160 8 8
163 161 8 8
163 160 8 8
164 162 8 8
164 161 8 8
165 163 8 8
165 161 8 8
166 165 8 8
166 162 8 8
167 161 8 8
167 162 8 8
168 166 8 8
168 165 8 8
169 163 8 8
169 161 8 8
170 165 8 8
170 169 8 8
171 161 8 8
171 169 8 8
172 170 8 8
172 166 8 8
173 169 8 8
173 171 8 8
174 173 8 8
174 161 8 8
175 163 8 8
175 162 8 8
176 169 8 8
176 166 8 8
177 173 8 8
177 174 8 8
178 172 8 8
178 165 8 8
179 177 8 8
179 175 8 8
160 166 8 8
160 178 8 8
161 166 8 8
161 177 8 8
182 181 9 9
182 180 9 9
183 180 9 9
183 181 9 9
184 182 9 9
184 181 9 9
185 184 9 9
185 181 9 9
186 183 9 9
186 184 9 9
187 185 9 9
187 183 9 9
188 186 9 9
188 180 9 9
189 180 9 9
189 188 9 9
190 189 9 9
190 188 9 9
191 187 9 9
191 188 9 9
192 183 9 9
192 190 9 9
193 181 9 9
193 184 9 9
194 192 9 9
194 186 9 9
195 191 9 9
195 192 9 9
196 193 9 9
196 189 9 9
197 191 9 9
197 180 9 9
198 187 9 9
198 194 9 9
199 191 9 9
199 190 9 9
180 186 9 9
180 199 9 9
181 198 9 9
181 194 9 9
202 201 10 10
202 200 10 10
203 202 10 10
203 201 10 10
204 200 10 10
204 202 10 10
205 201 10 10
205 202 10 10
206 200 10 10
206 201 10 10
207 201 10 10
207 205 10 10
208 202 10 10
208 200 10 10
209 207 10 10
209 204 10 10
210 209 10 10
210 200 10 10
211 205 10 10
211 203 10 10
212 210 10 10
212 204 10 10
213 212 10 10
213 209 10 10
214 202 10 10
214 203 10 10
215 200 10 10
215 210 10 10
216 215 10 10
216 206 10 10
217 202 10 10
217 212 10 10
218 212 10 10
218 215 10 10
219 215 10 10
219 210 10 10
200 207 10 10
200 211 10 10
201 215 10 10
201 216 10 10
222 220 11 11
222 221 11 11
223 220 11 11
223 222 11 11
224 222 11 11
224 223 11 11
225 222 11 11
225 223 11 11
226 222 11 11
226 223 11 11
227 220 11 11
227 224 11 11
228 220 11 11
228 226 11 11
229 224 11 11
229 220 11 11
230 220 11 11
230 228 11 11
231 221 11 11
231 224 11 11
232 224 11 11
232 230 11 11
233 230 11 11
233 228 11 11
234 221 11 11
234 224 11 11
235 231 11 11
235 230 11 11
236 233 11 11
236 235 11 11
237 233 11 11
237 234 11 11
238 230 11 11
238 227 11 11
239 223 11 11
239 221 11 11
220 232 11 11
220 226 11 11
221 227 11 11
221 237 11 11
242 241 12 12
242 240 12 12
243 242 12 12
243 240 12 12
244 242 12 12
244 241 12 12
245 242 12 12
245 244 12 12
246 240 12 12
246 241 12 12
247 243 12 12
247 246 12 12
248 241 12 12
248 240 12 12
249 248 12 12
249 246 12 12
250 246 12 12
250 243 12 12
251 249 12 12
251 240 12 12
252 242 12 12
252 241 12 12
253 240 12 12
253 247 12 12
254 248 12 12
254 253 12 12
255 242 12 12
255 245 12 12
256 245 12 12
256 246 12 12
257 241 12 12
257 256 12 12
258 248 12 12
258 246 12 12
259 253 12 12
259 248 12 12
240 258 12 12
240 252 12 12
241 254 12 12
241 255 12 12
262 260 13 13
262 261 13 13
263 261 13 13
263 262 13 13
264 260 13 13
264 261 13 13
265 263 13 13
265 262 13 13
266 262 13 13
266 260 13 13
267 260 13 13
267 262 13 13
268 261 13 13
268 263 13 13
269 267 13 13
269 262 13 13
270 265 13 13
270 264 13 13
271 263 13 13
271 268 13 13
272 268 13 13
272 270 13 13
273 263 13 13
273 270 13 13
274 269 13 13
274 264 13 13
275 268 13 13
275 264 13 13
276 272 13 13
276 275 13 13
277 266 13 13
277 276 13 13
278 266 13 13
278 274 13 13
279 266 13 13
279 262 13 13
260 274 13 13
260 265 13 13
261 275 13 13
261 272 13 13
282 281 14 14
282 280 14 14
283 282 14 14
283 280 14 14
284 280 14 14
284 282 14 14
285 283 14 14
285 284 14 14
286 282 14 14
286 281 14 14
287 286 14 14
287 283 14 14
288 285 14 14
288 284 14 14
289 284 14 14
289 283 14 14
290 285 14 14
290 287 14 14
291 286 14 14
291 287 14 14
292 287 14 14
292 284 14 14
293 285 14 14
293 289 14 14
294 293 14 14
294 285 14 14
295 289 14 14
295 293 14 14
296 295 14 14
296 285 14 14
297 285 14 14
297 294 14 14
298 289 14 14
298 283 14 14
299 281 14 14
299 297 14 14
280 296 14 14
280 285 14 14
281 284 14 14
281 298 14 14
302 300 15 15
302 301 15 15
303 300 15 15
303 302 15 15
304 302 15 15
304 300 15 15
305 300 15 15
305 301 15 15
306 305 15 15
306 301 15 15
307 303 15 15
307 301 15 15
308 301 15 15
308 304 15 15
309 306 15 15
309 308 15 15
310 306 15 15
310 307 15 15
311 301 15 15
311 303 15 15
312 301 15 15
312 305 15 15
313 301 15 15
313 311 15 15
314 307 15 15
314 300 15 15
315 302 15 15
315 308 15 15
316 307 15 15
316 300 15 15
317 309 15 15
317 304 15 15
318 306 15 15
318 303 15 15
319 303 15 15
319 313 15 15
300 318 15 15
300 307 15 15
301 317 15 15
301 309 15 15
58 5 2 0
55 28 2 1
75 26 3 1
62 47 3 2
82 27 4 1
86 71 4 3
115 50 5 2
107 85 5 4
129 86 6 4
135 77 6 3
158 139 7 6
154 85 7 4
179 16 8 0
162 37 8 1
180 167 9 8
187 85 9 4
200 30 10 1
219 196 10 9
239 90 11 4
238 192 11 9
245 112 12 5
252 216 12 10
265 103 13 5
276 235 13 11
289 230 14 11
286 187 14 9
309 43 15 2
315 94 15 4
16 193 0 9
9 116 0 5
35 111 1 5
20 142 1 7
