swNum = 320
edgeNum = 672

0 0
1 0
2 0
3 0
4 0
5 0
6 0
7 0
8 0
9 0
10 0
11 0
12 0
13 0
14 0
15 0
16 0
17 0
18 0
19 0
20 1
21 1
22 1
23 1
24 1
25 1
26 1
27 1
28 1
29 1
30 1
31 1
32 1
33 1
34 1
35 1
36 1
37 1
38 1
39 1
40 2
41 2
42 2
43 2
44 2
45 2
46 2
47 2
48 2
49 2
50 2
51 2
52 2
53 2
54 2
55 2
56 2
57 2
58 2
59 2
60 3
61 3
62 3
63 3
64 3
65 3
66 3
67 3
68 3
69 3
70 3
71 3
72 3
73 3
74 3
75 3
76 3
77 3
78 3
79 3
80 4
81 4
82 4
83 4
84 4
85 4
86 4
87 4
88 4
89 4
90 4
91 4
92 4
93 4
94 4
95 4
96 4
97 4
98 4
99 4
100 5
101 5
102 5
103 5
104 5
105 5
106 5
107 5
108 5
109 5
110 5
111 5
112 5
113 5
114 5
115 5
116 5
117 5
118 5
119 5
120 6
121 6
122 6
123 6
124 6
125 6
126 6
127 6
128 6
129 6
130 6
131 6
132 6
133 6
134 6
135 6
136 6
137 6
138 6
139 6
140 7
141 7
142 7
143 7
144 7
145 7
146 7
147 7
148 7
149 7
150 7
151 7
152 7
153 7
154 7
155 7
156 7
157 7
158 7
159 7
160 8
161 8
162 8
163 8
164 8
165 8
166 8
167 8
168 8
169 8
170 8
171 8
172 8
173 8
174 8
175 8
176 8
177 8
178 8
179 8
180 9
181 9
182 9
183 9
184 9
185 9
186 9
187 9
188 9
189 9
190 9
191 9
192 9
193 9
194 9
195 9
196 9
197 9
198 9
199 9
200 10
201 10
202 10
203 10
204 10
205 10
206 10
207 10
208 10
209 10
210 10
211 10
212 10
213 10
214 10
215 10
216 10
217 10
218 10
219 10
220 11
221 11
222 11
223 11
224 11
225 11
226 11
227 11
228 11
229 11
230 11
231 11
232 11
233 11
234 11
235 11
236 11
237 11
238 11
239 11
240 12
241 12
242 12
243 12
244 12
245 12
246 12
247 12
248 12
249 12
250 12
251 12
252 12
253 12
254 12
255 12
256 12
257 12
258 12
259 12
260 13
261 13
262 13
263 13
264 13
265 13
266 13
267 13
268 13
269 13
270 13
271 13
272 13
273 13
274 13
275 13
276 13
277 13
278 13
279 13
280 14
281 14
282 14
283 14
284 14
285 14
286 14
287 14
288 14
289 14
290 14
291 14
292 14
293 14
294 14
295 14
296 14
297 14
298 14
299 14
300 15
301 15
302 15
303 15
304 15
305 15
306 15
307 15
308 15
309 15
310 15
311 15
312 15
313 15
314 15
315 15
316 15
317 15
318 15
319 15

2 1 0 0
2 0 0 0
3 2 0 0
3 1 0 0
4 3 0 0
4 2 0 0
5 4 0 0
5 2 0 0
6 2 0 0
6 3 0 0
7 1 0 0
7 2 0 0
8 3 0 0
8 6 0 0
9 2 0 0
9 1 0 0
10 7 0 0
10 1 0 0
11 7 0 0
11 5 0 0
12 10 0 0
12 11 0 0
13 8 0 0
13 4 0 0
14 7 0 0
14 10 0 0
15 8 0 0
15 13 0 0
16 6 0 0
16 13 0 0
17 15 0 0
17 0 0 0
18 1 0 0
18 11 0 0
19 6 0 0
19 13 0 0
0 13 0 0
0 10 0 0
1 11 0 0
1 12 0 0
22 21 1 1
22 20 1 1
23 20 1 1
23 22 1 1
24 23 1 1
24 20 1 1
25 21 1 1
25 20 1 1
26 25 1 1
26 20 1 1
27 20 1 1
27 23 1 1
28 25 1 1
28 22 1 1
29 21 1 1
29 20 1 1
30 23 1 1
30 20 1 1
31 30 1 1
31 22 1 1
32 25 1 1
32 28 1 1
33 25 1 1
33 26 1 1
34 29 1 1
34 24 1 1
35 21 1 1
35 29 1 1
36 33 1 1
36 26 1 1
37 22 1 1
37 34 1 1
38 29 1 1
38 23 1 1
39 29 1 1
39 22 1 1
20 37 1 1
20 36 1 1
21 27 1 1
21 39 1 1
42 40 2 2
42 41 2 2
43 41 2 2
43 42 2 2
44 40 2 2
44 41 2 2
45 44 2 2
45 43 2 2
46 40 2 2
46 42 2 2
47 46 2 2
47 43 2 2
48 43 2 2
48 42 2 2
49 48 2 2
49 44 2 2
50 45 2 2
50 48 2 2
51 47 2 2
51 49 2 2
52 51 2 2
52 43 2 2
53 45 2 2
53 43 2 2
54 40 2 2
54 46 2 2
55 46 2 2
55 52 2 2
56 52 2 2
56 42 2 2
57 48 2 2
57 52 2 2
58 46 2 2
58 56 2 2
59 48 2 2
59 45 2 2
40 57 2 2
40 43 2 2
41 56 2 2
41 57 2 2
62 61 3 3
62 60 3 3
63 60 3 3
63 62 3 3
64 62 3 3
64 63 3 3
65 61 3 3
65 60 3 3
66 64 3 3
66 65 3 3
67 60 3 3
67 61 3 3
68 64 3 3
68 61 3 3
69 64 3 3
69 68 3 3
70 60 3 3
70 63 3 3
71 63 3 3
71 62 3 3
72 64 3 3
72 60 3 3
73 70 3 3
73 60 3 3
74 60 3 3
74 67 3 3
75 62 3 3
75 73 3 3
76 70 3 3
76 74 3 3
77 73 3 3
77 63 3 3
78 68 3 3
78 73 3 3
79 62 3 3
79 74 3 3
60 64 3 3
60 71 3 3
61 71 3 3
61 79 3 3
82 80 4 4
82 81 4 4
83 80 4 4
83 82 4 4
84 83 4 4
84 82 4 4
85 80 4 4
85 82 4 4
86 85 4 4
86 82 4 4
87 85 4 4
87 80 4 4
88 85 4 4
88 81 4 4
89 82 4 4
89 86 4 4
90 80 4 4
90 89 4 4
91 90 4 4
91 88 4 4
92 83 4 4
92 86 4 4
93 87 4 4
93 80 4 4
94 86 4 4
94 82 4 4
95 92 4 4
95 93 4 4
96 90 4 4
96 83 4 4
97 90 4 4
97 85 4 4
98 85 4 4
98 83 4 4
99 87 4 4
99 90 4 4
80 89 4 4
80 99 4 4
81 90 4 4
81 98 4 4
102 101 5 5
102 100 5 5
103 100 5 5
103 102 5 5
104 100 5 5
104 101 5 5
105 102 5 5
105 104 5 5
106 104 5 5
106 103 5 5
107 102 5 5
107 101 5 5
108 107 5 5
108 103 5 5
109 108 5 5
109 107 5 5
110 101 5 5
110 108 5 5
111 108 5 5
111 101 5 5
112 111 5 5
112 106 5 5
113 105 5 5
113 108 5 5
114 107 5 5
114 103 5 5
115 100 5 5
115 108 5 5
116 100 5 5
116 104 5 5
117 100 5 5
117 101 5 5
118 106 5 5
118 108 5 5
119 117 5 5
119 115 5 5
100 119 5 5
100 107 5 5
101 116 5 5
101 108 5 5
122 120 6 6
122 121 6 6
123 122 6 6
123 120 6 6
124 123 6 6
124 120 6 6
125 123 6 6
125 121 6 6
126 122 6 6
126 125 6 6
127 124 6 6
127 123 6 6
128 127 6 6
128 121 6 6
129 127 6 6
129 124 6 6
130 120 6 6
130 126 6 6
131 123 6 6
131 127 6 6
132 121 6 6
132 131 6 6
133 129 6 6
133 121 6 6
134 127 6 6
134 122 6 6
135 128 6 6
135 121 6 6
136 122 6 6
136 125 6 6
137 126 6 6
137 132 6 6
138 126 6 6
138 121 6 6
139 129 6 6
139 126 6 6
120 126 6 6
120 127 6 6
121 139 6 6
121 130 6 6
142 141 7 7
142 140 7 7
143 141 7 7
143 140 7 7
144 142 7 7
144 140 7 7
145 140 7 7
145 144 7 7
146 141 7 7
146 144 7 7
147 142 7 7
147 145 7 7
148 143 7 7
148 146 7 7
149 143 7 7
149 148 7 7
150 140 7 7
150 143 7 7
151 144 7 7
151 148 7 7
152 142 7 7
152 141 7 7
153 141 7 7
153 140 7 7
154 148 7 7
154 146 7 7
155 146 7 7
155 150 7 7
156 154 7 7
156 155 7 7
157 145 7 7
157 151 7 7
158 140 7 7
158 144 7 7
159 147 7 7
159 142 7 7
140 152 7 7
140 157 7 7
141 154 7 7
141 148 7 7
162 160 8 8
162 161 8 8
163 162 8 8
163 161 8 8
164 163 8 8
164 161 8 8
165 160 8 8
165 164 8 8
166 163 8 8
166 164 8 8
167 160 8 8
167 166 8 8
168 162 8 8
168 165 8 8
169 168 8 8
169 165 8 8
170 164 8 8
170 163 8 8
171 160 8 8
171 161 8 8
172 171 8 8
172 165 8 8
173 164 8 8
173 163 8 8
174 168 8 8
174 165 8 8
175 173 8 8
175 174 8 8
176 171 8 8
176 168 8 8
177 167 8 8
177 172 8 8
178 164 8 8
178 166 8 8
179 160 8 8
179 173 8 8
160 166 8 8
160 175 8 8
161 166 8 8
161 173 8 8
182 180 9 9
182 181 9 9
183 181 9 9
183 182 9 9
184 181 9 9
184 182 9 9
185 182 9 9
185 181 9 9
186 184 9 9
186 180 9 9
187 180 9 9
187 185 9 9
188 184 9 9
188 187 9 9
189 188 9 9
189 180 9 9
190 186 9 9
190 189 9 9
191 186 9 9
191 182 9 9
192 184 9 9
192 185 9 9
193 183 9 9
193 188 9 9
194 184 9 9
194 189 9 9
195 190 9 9
195 191 9 9
196 192 9 9
196 189 9 9
197 190 9 9
197 196 9 9
198 188 9 9
198 190 9 9
199 190 9 9
199 193 9 9
180 185 9 9
180 195 9 9
181 192 9 9
181 191 9 9
202 200 10 10
202 201 10 10
203 202 10 10
203 200 10 10
204 200 10 10
204 203 10 10
205 204 10 10
205 200 10 10
206 201 10 10
206 205 10 10
207 204 10 10
207 203 10 10
208 203 10 10
208 200 10 10
209 206 10 10
209 205 10 10
210 206 10 10
210 209 10 10
211 207 10 10
211 201 10 10
212 208 10 10
212 205 10 10
213 212 10 10
213 200 10 10
214 211 10 10
214 209 10 10
215 205 10 10
215 210 10 10
216 202 10 10
216 211 10 10
217 204 10 10
217 207 10 10
218 205 10 10
218 209 10 10
219 200 10 10
219 205 10 10
200 212 10 10
200 209 10 10
201 210 10 10
201 219 10 10
222 220 11 11
222 221 11 11
223 221 11 11
223 222 11 11
224 222 11 11
224 221 11 11
225 220 11 11
225 222 11 11
226 221 11 11
226 225 11 11
227 223 11 11
227 221 11 11
228 220 11 11
228 223 11 11
229 225 11 11
229 222 11 11
230 229 11 11
230 220 11 11
231 220 11 11
231 222 11 11
232 226 11 11
232 229 11 11
233 232 11 11
233 226 11 11
234 233 11 11
234 231 11 11
235 229 11 11
235 230 11 11
236 224 11 11
236 226 11 11
237 235 11 11
237 223 11 11
238 232 11 11
238 222 11 11
239 228 11 11
239 235 11 11
220 224 11 11
220 234 11 11
221 236 11 11
221 238 11 11
242 240 12 12
242 241 12 12
243 241 12 12
243 242 12 12
244 243 12 12
244 241 12 12
245 244 12 12
245 243 12 12
246 245 12 12
246 244 12 12
247 243 12 12
247 242 12 12
248 242 12 12
248 244 12 12
249 243 12 12
249 248 12 12
250 247 12 12
250 249 12 12
251 244 12 12
251 243 12 12
252 248 12 12
252 249 12 12
253 250 12 12
253 251 12 12
254 240 12 12
254 252 12 12
255 242 12 12
255 248 12 12
256 242 12 12
256 243 12 12
257 256 12 12
257 241 12 12
258 256 12 12
258 243 12 12
259 250 12 12
259 254 12 12
240 252 12 12
240 247 12 12
241 256 12 12
241 245 12 12
262 261 13 13
262 260 13 13
263 262 13 13
263 261 13 13
264 260 13 13
264 263 13 13
265 261 13 13
265 264 13 13
266 262 13 13
266 260 13 13
267 262 13 13
267 264 13 13
268 260 13 13
268 265 13 13
269 263 13 13
269 262 13 13
270 262 13 13
270 268 13 13
271 261 13 13
271 265 13 13
272 268 13 13
272 270 13 13
273 267 13 13
273 268 13 13
274 266 13 13
274 263 13 13
275 260 13 13
275 263 13 13
276 275 13 13
276 266 13 13
277 274 13 13
277 271 13 13
278 276 13 13
278 264 13 13
279 269 13 13
279 275 13 13
260 269 13 13
260 271 13 13
261 277 13 13
261 276 13 13
282 280 14 14
282 281 14 14
283 281 14 14
283 280 14 14
284 282 14 14
284 281 14 14
285 284 14 14
285 282 14 14
286 285 14 14
286 283 14 14
287 284 14 14
287 283 14 14
288 280 14 14
288 285 14 14
289 285 14 14
289 280 14 14
290 289 14 14
290 287 14 14
291 290 14 14
291 289 14 14
292 288 14 14
292 285 14 14
293 286 14 14
293 288 14 14
294 287 14 14
294 286 14 14
295 281 14 14
295 288 14 14
296 290 14 14
296 285 14 14
297 291 14 14
297 284 14 14
298 283 14 14
298 286 14 14
299 280 14 14
299 291 14 14
280 298 14 14
280 292 14 14
281 294 14 14
281 290 14 14
302 300 15 15
302 301 15 15
303 300 15 15
303 302 15 15
304 302 15 15
304 303 15 15
305 303 15 15
305 304 15 15
306 304 15 15
306 303 15 15
307 304 15 15
307 305 15 15
308 304 15 15
308 305 15 15
309 300 15 15
309 306 15 15
310 306 15 15
310 305 15 15
311 305 15 15
311 307 15 15
312 301 15 15
312 310 15 15
313 307 15 15
313 302 15 15
314 304 15 15
314 308 15 15
315 309 15 15
315 313 15 15
316 307 15 15
316 302 15 15
317 304 15 15
317 305 15 15
318 308 15 15
318 317 15 15
319 300 15 15
319 302 15 15
300 312 15 15
300 305 15 15
301 310 15 15
301 305 15 15
54 11 2 0
49 26 2 1
65 50 3 2
67 27 3 1
87 66 4 3
84 52 4 2
115 37 5 1
109 91 5 4
139 26 6 1
133 100 6 5
143 10 7 0
148 35 7 1
162 56 8 2
163 154 8 7
192 161 9 8
185 87 9 4
207 88 10 4
212 70 10 3
233 195 11 9
228 85 11 4
241 238 12 11
252 142 12 7
273 188 13 9
277 48 13 2
280 65 14 3
296 204 14 10
319 50 15 2
308 129 15 6
17 99 0 4
11 176 0 8
32 302 1 15
25 272 1 13
