swNum = 320
edgeNum = 672

0 0
1 0
2 0
3 0
4 0
5 0
6 0
7 0
8 0
9 0
10 0
11 0
12 0
13 0
14 0
15 0
16 0
17 0
18 0
19 0
20 1
21 1
22 1
23 1
24 1
25 1
26 1
27 1
28 1
29 1
30 1
31 1
32 1
33 1
34 1
35 1
36 1
37 1
38 1
39 1
40 2
41 2
42 2
43 2
44 2
45 2
46 2
47 2
48 2
49 2
50 2
51 2
52 2
53 2
54 2
55 2
56 2
57 2
58 2
59 2
60 3
61 3
62 3
63 3
64 3
65 3
66 3
67 3
68 3
69 3
70 3
71 3
72 3
73 3
74 3
75 3
76 3
77 3
78 3
79 3
80 4
81 4
82 4
83 4
84 4
85 4
86 4
87 4
88 4
89 4
90 4
91 4
92 4
93 4
94 4
95 4
96 4
97 4
98 4
99 4
100 5
101 5
102 5
103 5
104 5
105 5
106 5
107 5
108 5
109 5
110 5
111 5
112 5
113 5
114 5
115 5
116 5
117 5
118 5
119 5
120 6
121 6
122 6
123 6
124 6
125 6
126 6
127 6
128 6
129 6
130 6
131 6
132 6
133 6
134 6
135 6
136 6
137 6
138 6
139 6
140 7
141 7
142 7
143 7
144 7
145 7
146 7
147 7
148 7
149 7
150 7
151 7
152 7
153 7
154 7
155 7
156 7
157 7
158 7
159 7
160 8
161 8
162 8
163 8
164 8
165 8
166 8
167 8
168 8
169 8
170 8
171 8
172 8
173 8
174 8
175 8
176 8
177 8
178 8
179 8
180 9
181 9
182 9
183 9
184 9
185 9
186 9
187 9
188 9
189 9
190 9
191 9
192 9
193 9
194 9
195 9
196 9
197 9
198 9
199 9
200 10
201 10
202 10
203 10
204 10
205 10
206 10
207 10
208 10
209 10
210 10
211 10
212 10
213 10
214 10
215 10
216 10
217 10
218 10
219 10
220 11
221 11
222 11
223 11
224 11
225 11
226 11
227 11
228 11
229 11
230 11
231 11
232 11
233 11
234 11
235 11
236 11
237 11
238 11
239 11
240 12
241 12
242 12
243 12
244 12
245 12
246 12
247 12
248 12
249 12
250 12
251 12
252 12
253 12
254 12
255 12
256 12
257 12
258 12
259 12
260 13
261 13
262 13
263 13
264 13
265 13
266 13
267 13
268 13
269 13
270 13
271 13
272 13
273 13
274 13
275 13
276 13
277 13
278 13
279 13
280 14
281 14
282 14
283 14
284 14
285 14
286 14
287 14
288 14
289 14
290 14
291 14
292 14
293 14
294 14
295 14
296 14
297 14
298 14
299 14
300 15
301 15
302 15
303 15
304 15
305 15
306 15
307 15
308 15
309 15
310 15
311 15
312 15
313 15
314 15
315 15
316 15
317 15
318 15
319 15

2 0 0 0
2 1 0 0
3 0 0 0
3 2 0 0
4 0 0 0
4 2 0 0
5 1 0 0
5 0 0 0
6 1 0 0
6 5 0 0
7 3 0 0
7 0 0 0
8 6 0 0
8 3 0 0
9 5 0 0
9 1 0 0
10 2 0 0
10 8 0 0
11 8 0 0
11 9 0 0
12 7 0 0
12 5 0 0
13 10 0 0
13 1 0 0
14 9 0 0
14 5 0 0
15 10 0 0
15 6 0 0
16 14 0 0
16 12 0 0
17 3 0 0
17 11 0 0
18 7 0 0
18 9 0 0
19 15 0 0
19 12 0 0
0 9 0 0
0 13 0 0
1 11 0 0
1 14 0 0
22 21 1 1
22 20 1 1
23 22 1 1
23 21 1 1
24 22 1 1
24 21 1 1
25 24 1 1
25 22 1 1
26 25 1 1
26 24 1 1
27 25 1 1
27 20 1 1
28 22 1 1
28 24 1 1
29 26 1 1
29 28 1 1
30 28 1 1
30 20 1 1
31 24 1 1
31 22 1 1
32 26 1 1
32 31 1 1
33 29 1 1
33 28 1 1
34 32 1 1
34 25 1 1
35 21 1 1
35 24 1 1
36 20 1 1
36 31 1 1
37 28 1 1
37 31 1 1
38 21 1 1
38 34 1 1
39 35 1 1
39 25 1 1
20 38 1 1
20 34 1 1
21 31 1 1
21 33 1 1
42 40 2 2
42 41 2 2
43 42 2 2
43 41 2 2
44 42 2 2
44 43 2 2
45 41 2 2
45 43 2 2
46 40 2 2
46 44 2 2
47 40 2 2
47 44 2 2
48 43 2 2
48 47 2 2
49 40 2 2
49 45 2 2
50 47 2 2
50 48 2 2
51 46 2 2
51 44 2 2
52 45 2 2
52 47 2 2
53 49 2 2
53 52 2 2
54 40 2 2
54 41 2 2
55 47 2 2
55 52 2 2
56 54 2 2
56 47 2 2
57 40 2 2
57 41 2 2
58 51 2 2
58 40 2 2
59 53 2 2
59 42 2 2
40 52 2 2
40 53 2 2
41 56 2 2
41 53 2 2
62 60 3 3
62 61 3 3
63 61 3 3
63 60 3 3
64 61 3 3
64 60 3 3
65 62 3 3
65 64 3 3
66 63 3 3
66 61 3 3
67 65 3 3
67 61 3 3
68 65 3 3
68 67 3 3
69 64 3 3
69 67 3 3
70 62 3 3
70 61 3 3
71 65 3 3
71 60 3 3
72 62 3 3
72 71 3 3
73 70 3 3
73 61 3 3
74 62 3 3
74 61 3 3
75 60 3 3
75 61 3 3
76 63 3 3
76 70 3 3
77 74 3 3
77 76 3 3
78 77 3 3
78 70 3 3
79 77 3 3
79 75 3 3
60 66 3 3
60 74 3 3
61 71 3 3
61 79 3 3
82 80 4 4
82 81 4 4
83 80 4 4
83 81 4 4
84 82 4 4
84 80 4 4
85 80 4 4
85 83 4 4
86 80 4 4
86 85 4 4
87 84 4 4
87 80 4 4
88 82 4 4
88 81 4 4
89 82 4 4
89 88 4 4
90 87 4 4
90 84 4 4
91 89 4 4
91 81 4 4
92 85 4 4
92 83 4 4
93 86 4 4
93 87 4 4
94 80 4 4
94 83 4 4
95 93 4 4
95 92 4 4
96 80 4 4
96 90 4 4
97 88 4 4
97 89 4 4
98 93 4 4
98 81 4 4
99 89 4 4
99 82 4 4
80 93 4 4
80 97 4 4
81 96 4 4
81 86 4 4
102 101 5 5
102 100 5 5
103 102 5 5
103 101 5 5
104 100 5 5
104 101 5 5
105 103 5 5
105 100 5 5
106 100 5 5
106 102 5 5
107 102 5 5
107 106 5 5
108 105 5 5
108 103 5 5
109 107 5 5
109 102 5 5
110 108 5 5
110 107 5 5
111 103 5 5
111 104 5 5
112 104 5 5
112 110 5 5
113 102 5 5
113 109 5 5
114 111 5 5
114 108 5 5
115 108 5 5
115 105 5 5
116 112 5 5
116 107 5 5
117 110 5 5
117 114 5 5
118 112 5 5
118 116 5 5
119 115 5 5
119 118 5 5
100 109 5 5
100 107 5 5
101 108 5 5
101 111 5 5
122 120 6 6
122 121 6 6
123 120 6 6
123 122 6 6
124 121 6 6
124 123 6 6
125 124 6 6
125 122 6 6
126 122 6 6
126 125 6 6
127 124 6 6
127 126 6 6
128 120 6 6
128 121 6 6
129 120 6 6
129 122 6 6
130 122 6 6
130 120 6 6
131 123 6 6
131 122 6 6
132 130 6 6
132 120 6 6
133 126 6 6
133 123 6 6
134 128 6 6
134 127 6 6
135 126 6 6
135 131 6 6
136 122 6 6
136 126 6 6
137 131 6 6
137 129 6 6
138 134 6 6
138 120 6 6
139 128 6 6
139 120 6 6
120 133 6 6
120 137 6 6
121 130 6 6
121 137 6 6
142 141 7 7
142 140 7 7
143 141 7 7
143 140 7 7
144 143 7 7
144 140 7 7
145 142 7 7
145 141 7 7
146 140 7 7
146 142 7 7
147 146 7 7
147 140 7 7
148 141 7 7
148 146 7 7
149 145 7 7
149 144 7 7
150 149 7 7
150 145 7 7
151 148 7 7
151 144 7 7
152 145 7 7
152 141 7 7
153 150 7 7
153 152 7 7
154 146 7 7
154 149 7 7
155 147 7 7
155 151 7 7
156 149 7 7
156 154 7 7
157 155 7 7
157 150 7 7
158 155 7 7
158 152 7 7
159 144 7 7
159 142 7 7
140 157 7 7
140 149 7 7
141 158 7 7
141 159 7 7
162 161 8 8
162 160 8 8
163 162 8 8
163 160 8 8
164 163 8 8
164 162 8 8
165 164 8 8
165 163 8 8
166 160 8 8
166 161 8 8
167 163 8 8
167 164 8 8
168 167 8 8
168 165 8 8
169 168 8 8
169 165 8 8
170 166 8 8
170 160 8 8
171 162 8 8
171 169 8 8
172 171 8 8
172 165 8 8
173 169 8 8
173 170 8 8
174 163 8 8
174 161 8 8
175 174 8 8
175 170 8 8
176 174 8 8
176 175 8 8
177 172 8 8
177 160 8 8
178 160 8 8
178 170 8 8
179 177 8 8
179 173 8 8
160 167 8 8
160 169 8 8
161 171 8 8
161 175 8 8
182 180 9 9
182 181 9 9
183 180 9 9
183 182 9 9
184 183 9 9
184 181 9 9
185 182 9 9
185 183 9 9
186 183 9 9
186 182 9 9
187 182 9 9
187 186 9 9
188 181 9 9
188 185 9 9
189 187 9 9
189 186 9 9
190 183 9 9
190 188 9 9
191 189 9 9
191 187 9 9
192 189 9 9
192 184 9 9
193 189 9 9
193 183 9 9
194 180 9 9
194 182 9 9
195 180 9 9
195 191 9 9
196 183 9 9
196 182 9 9
197 190 9 9
197 184 9 9
198 187 9 9
198 181 9 9
199 185 9 9
199 187 9 9
180 189 9 9
180 193 9 9
181 183 9 9
181 189 9 9
202 201 10 10
202 200 10 10
203 201 10 10
203 202 10 10
204 203 10 10
204 200 10 10
205 203 10 10
205 200 10 10
206 204 10 10
206 205 10 10
207 200 10 10
207 203 10 10
208 201 10 10
208 200 10 10
209 202 10 10
209 205 10 10
210 204 10 10
210 208 10 10
211 205 10 10
211 209 10 10
212 206 10 10
212 208 10 10
213 212 10 10
213 206 10 10
214 202 10 10
214 210 10 10
215 201 10 10
215 210 10 10
216 215 10 10
216 204 10 10
217 205 10 10
217 209 10 10
218 210 10 10
218 206 10 10
219 203 10 10
219 213 10 10
200 214 10 10
200 210 10 10
201 204 10 10
201 207 10 10
222 220 11 11
222 221 11 11
223 220 11 11
223 221 11 11
224 223 11 11
224 220 11 11
225 223 11 11
225 221 11 11
226 223 11 11
226 220 11 11
227 221 11 11
227 226 11 11
228 221 11 11
228 220 11 11
229 223 11 11
229 225 11 11
230 222 11 11
230 228 11 11
231 223 11 11
231 224 11 11
232 227 11 11
232 229 11 11
233 228 11 11
233 231 11 11
234 228 11 11
234 232 11 11
235 223 11 11
235 228 11 11
236 234 11 11
236 230 11 11
237 235 11 11
237 226 11 11
238 233 11 11
238 223 11 11
239 232 11 11
239 223 11 11
220 238 11 11
220 236 11 11
221 235 11 11
221 226 11 11
242 240 12 12
242 241 12 12
243 241 12 12
243 242 12 12
244 241 12 12
244 240 12 12
245 242 12 12
245 240 12 12
246 243 12 12
246 241 12 12
247 245 12 12
247 246 12 12
248 246 12 12
248 241 12 12
249 243 12 12
249 248 12 12
250 249 12 12
250 243 12 12
251 243 12 12
251 242 12 12
252 248 12 12
252 244 12 12
253 252 12 12
253 240 12 12
254 248 12 12
254 253 12 12
255 243 12 12
255 241 12 12
256 246 12 12
256 248 12 12
257 246 12 12
257 248 12 12
258 250 12 12
258 255 12 12
259 243 12 12
259 248 12 12
240 257 12 12
240 251 12 12
241 257 12 12
241 249 12 12
262 261 13 13
262 260 13 13
263 260 13 13
263 262 13 13
264 261 13 13
264 262 13 13
265 261 13 13
265 260 13 13
266 262 13 13
266 263 13 13
267 264 13 13
267 262 13 13
268 260 13 13
268 262 13 13
269 261 13 13
269 265 13 13
270 262 13 13
270 264 13 13
271 264 13 13
271 263 13 13
272 270 13 13
272 261 13 13
273 264 13 13
273 262 13 13
274 267 13 13
274 264 13 13
275 260 13 13
275 267 13 13
276 270 13 13
276 269 13 13
277 269 13 13
277 272 13 13
278 267 13 13
278 276 13 13
279 270 13 13
279 261 13 13
260 279 13 13
260 270 13 13
261 270 13 13
261 263 13 13
282 280 14 14
282 281 14 14
283 280 14 14
283 281 14 14
284 281 14 14
284 280 14 14
285 280 14 14
285 281 14 14
286 284 14 14
286 285 14 14
287 286 14 14
287 281 14 14
288 280 14 14
288 283 14 14
289 282 14 14
289 281 14 14
290 281 14 14
290 285 14 14
291 290 14 14
291 288 14 14
292 285 14 14
292 291 14 14
293 284 14 14
293 286 14 14
294 281 14 14
294 286 14 14
295 280 14 14
295 282 14 14
296 288 14 14
296 291 14 14
297 296 14 14
297 289 14 14
298 286 14 14
298 284 14 14
299 292 14 14
299 280 14 14
280 297 14 14
280 291 14 14
281 293 14 14
281 291 14 14
302 301 15 15
302 300 15 15
303 300 15 15
303 301 15 15
304 301 15 15
304 300 15 15
305 302 15 15
305 301 15 15
306 305 15 15
306 300 15 15
307 303 15 15
307 304 15 15
308 301 15 15
308 305 15 15
309 302 15 15
309 307 15 15
310 303 15 15
310 304 15 15
311 308 15 15
311 301 15 15
312 307 15 15
312 302 15 15
313 303 15 15
313 305 15 15
314 312 15 15
314 311 15 15
315 313 15 15
315 300 15 15
316 314 15 15
316 311 15 15
317 315 15 15
317 303 15 15
318 304 15 15
318 305 15 15
319 300 15 15
319 311 15 15
300 316 15 15
300 317 15 15
301 316 15 15
301 313 15 15
41 8 2 0
59 33 2 1
62 59 3 2
60 4 3 0
92 71 4 3
83 46 4 2
111 58 5 2
100 16 5 0
130 103 6 5
127 10 6 0
147 50 7 2
149 134 7 6
166 153 8 7
161 79 8 3
185 55 9 2
185 147 9 7
212 57 10 2
215 188 10 9
239 85 11 4
224 125 11 6
241 220 12 11
247 63 12 3
260 44 13 2
262 178 13 8
298 175 14 8
287 7 14 0
310 280 15 14
312 168 15 8
15 217 0 10
16 165 0 8
38 197 1 9
30 162 1 8
