swNum = 320
edgeNum = 672

0 0
1 0
2 0
3 0
4 0
5 0
6 0
7 0
8 0
9 0
10 0
11 0
12 0
13 0
14 0
15 0
16 0
17 0
18 0
19 0
20 1
21 1
22 1
23 1
24 1
25 1
26 1
27 1
28 1
29 1
30 1
31 1
32 1
33 1
34 1
35 1
36 1
37 1
38 1
39 1
40 2
41 2
42 2
43 2
44 2
45 2
46 2
47 2
48 2
49 2
50 2
51 2
52 2
53 2
54 2
55 2
56 2
57 2
58 2
59 2
60 3
61 3
62 3
63 3
64 3
65 3
66 3
67 3
68 3
69 3
70 3
71 3
72 3
73 3
74 3
75 3
76 3
77 3
78 3
79 3
80 4
81 4
82 4
83 4
84 4
85 4
86 4
87 4
88 4
89 4
90 4
91 4
92 4
93 4
94 4
95 4
96 4
97 4
98 4
99 4
100 5
101 5
102 5
103 5
104 5
105 5
106 5
107 5
108 5
109 5
110 5
111 5
112 5
113 5
114 5
115 5
116 5
117 5
118 5
119 5
120 6
121 6
122 6
123 6
124 6
125 6
126 6
127 6
128 6
129 6
130 6
131 6
132 6
133 6
134 6
135 6
136 6
137 6
138 6
139 6
140 7
141 7
142 7
143 7
144 7
145 7
146 7
147 7
148 7
149 7
150 7
151 7
152 7
153 7
154 7
155 7
156 7
157 7
158 7
159 7
160 8
161 8
162 8
163 8
164 8
165 8
166 8
167 8
168 8
169 8
170 8
171 8
172 8
173 8
174 8
175 8
176 8
177 8
178 8
179 8
180 9
181 9
182 9
183 9
184 9
185 9
186 9
187 9
188 9
189 9
190 9
191 9
192 9
193 9
194 9
195 9
196 9
197 9
198 9
199 9
200 10
201 10
202 10
203 10
204 10
205 10
206 10
207 10
208 10
209 10
210 10
211 10
212 10
213 10
214 10
215 10
216 10
217 10
218 10
219 10
220 11
221 11
222 11
223 11
224 11
225 11
226 11
227 11
228 11
229 11
230 11
231 11
232 11
233 11
234 11
235 11
236 11
237 11
238 11
239 11
240 12
241 12
242 12
243 12
244 12
245 12
246 12
247 12
248 12
249 12
250 12
251 12
252 12
253 12
254 12
255 12
256 12
257 12
258 12
259 12
260 13
261 13
262 13
263 13
264 13
265 13
266 13
267 13
268 13
269 13
270 13
271 13
272 13
273 13
274 13
275 13
276 13
277 13
278 13
279 13
280 14
281 14
282 14
283 14
284 14
285 14
286 14
287 14
288 14
289 14
290 14
291 14
292 14
293 14
294 14
295 14
296 14
297 14
298 14
299 14
300 15
301 15
302 15
303 15
304 15
305 15
306 15
307 15
308 15
309 15
310 15
311 15
312 15
313 15
314 15
315 15
316 15
317 15
318 15
319 15

2 1 0 0
2 0 0 0
3 0 0 0
3 2 0 0
4 0 0 0
4 3 0 0
5 1 0 0
5 0 0 0
6 5 0 0
6 0 0 0
7 6 0 0
7 5 0 0
8 6 0 0
8 1 0 0
9 3 0 0
9 7 0 0
10 1 0 0
10 8 0 0
11 2 0 0
11 4 0 0
12 7 0 0
12 5 0 0
13 10 0 0
13 2 0 0
14 1 0 0
14 5 0 0
15 4 0 0
15 2 0 0
16 1 0 0
16 4 0 0
17 4 0 0
17 9 0 0
18 5 0 0
18 1 0 0
19 13 0 0
19 5 0 0
0 14 0 0
0 10 0 0
1 19 0 0
1 12 0 0
22 20 1 1
22 21 1 1
23 21 1 1
23 22 1 1
24 21 1 1
24 23 1 1
25 21 1 1
25 22 1 1
26 20 1 1
26 21 1 1
27 25 1 1
27 24 1 1
28 22 1 1
28 20 1 1
29 26 1 1
29 27 1 1
30 27 1 1
30 29 1 1
31 28 1 1
31 22 1 1
32 30 1 1
32 26 1 1
33 32 1 1
33 22 1 1
34 22 1 1
34 20 1 1
35 24 1 1
35 27 1 1
36 22 1 1
36 30 1 1
37 25 1 1
37 32 1 1
38 36 1 1
38 29 1 1
39 24 1 1
39 29 1 1
20 27 1 1
20 39 1 1
21 32 1 1
21 33 1 1
42 40 2 2
42 41 2 2
43 41 2 2
43 42 2 2
44 40 2 2
44 42 2 2
45 43 2 2
45 42 2 2
46 43 2 2
46 42 2 2
47 46 2 2
47 41 2 2
48 44 2 2
48 40 2 2
49 42 2 2
49 41 2 2
50 40 2 2
50 44 2 2
51 50 2 2
51 49 2 2
52 44 2 2
52 50 2 2
53 48 2 2
53 42 2 2
54 41 2 2
54 46 2 2
55 45 2 2
55 42 2 2
56 41 2 2
56 46 2 2
57 45 2 2
57 50 2 2
58 44 2 2
58 52 2 2
59 44 2 2
59 48 2 2
40 43 2 2
40 46 2 2
41 57 2 2
41 45 2 2
62 60 3 3
62 61 3 3
63 60 3 3
63 62 3 3
64 62 3 3
64 60 3 3
65 60 3 3
65 64 3 3
66 65 3 3
66 61 3 3
67 61 3 3
67 66 3 3
68 64 3 3
68 60 3 3
69 66 3 3
69 60 3 3
70 60 3 3
70 61 3 3
71 67 3 3
71 60 3 3
72 65 3 3
72 67 3 3
73 71 3 3
73 67 3 3
74 66 3 3
74 60 3 3
75 65 3 3
75 70 3 3
76 75 3 3
76 68 3 3
77 75 3 3
77 64 3 3
78 66 3 3
78 70 3 3
79 65 3 3
79 72 3 3
60 77 3 3
60 78 3 3
61 71 3 3
61 72 3 3
82 81 4 4
82 80 4 4
83 82 4 4
83 80 4 4
84 82 4 4
84 83 4 4
85 81 4 4
85 80 4 4
86 81 4 4
86 82 4 4
87 85 4 4
87 83 4 4
88 80 4 4
88 87 4 4
89 85 4 4
89 84 4 4
90 81 4 4
90 84 4 4
91 80 4 4
91 84 4 4
92 84 4 4
92 87 4 4
93 86 4 4
93 83 4 4
94 86 4 4
94 85 4 4
95 94 4 4
95 81 4 4
96 84 4 4
96 92 4 4
97 96 4 4
97 84 4 4
98 87 4 4
98 94 4 4
99 90 4 4
99 88 4 4
80 93 4 4
80 89 4 4
81 84 4 4
81 87 4 4
102 100 5 5
102 101 5 5
103 102 5 5
103 101 5 5
104 101 5 5
104 103 5 5
105 103 5 5
105 101 5 5
106 100 5 5
106 103 5 5
107 102 5 5
107 106 5 5
108 104 5 5
108 103 5 5
109 106 5 5
109 101 5 5
110 102 5 5
110 100 5 5
111 100 5 5
111 103 5 5
112 108 5 5
112 111 5 5
113 103 5 5
113 110 5 5
114 112 5 5
114 101 5 5
115 103 5 5
115 104 5 5
116 113 5 5
116 106 5 5
117 113 5 5
117 100 5 5
118 116 5 5
118 110 5 5
119 102 5 5
119 111 5 5
100 105 5 5
100 116 5 5
101 118 5 5
101 112 5 5
122 121 6 6
122 120 6 6
123 120 6 6
123 122 6 6
124 120 6 6
124 123 6 6
125 120 6 6
125 124 6 6
126 125 6 6
126 122 6 6
127 124 6 6
127 125 6 6
128 121 6 6
128 126 6 6
129 122 6 6
129 126 6 6
130 126 6 6
130 127 6 6
131 125 6 6
131 127 6 6
132 125 6 6
132 128 6 6
133 120 6 6
133 124 6 6
134 122 6 6
134 129 6 6
135 133 6 6
135 123 6 6
136 130 6 6
136 127 6 6
137 127 6 6
137 124 6 6
138 132 6 6
138 121 6 6
139 124 6 6
139 123 6 6
120 126 6 6
120 135 6 6
121 123 6 6
121 125 6 6
142 141 7 7
142 140 7 7
143 141 7 7
143 140 7 7
144 140 7 7
144 141 7 7
145 142 7 7
145 140 7 7
146 140 7 7
146 143 7 7
147 145 7 7
147 142 7 7
148 141 7 7
148 144 7 7
149 148 7 7
149 142 7 7
150 146 7 7
150 142 7 7
151 144 7 7
151 140 7 7
152 143 7 7
152 144 7 7
153 152 7 7
153 143 7 7
154 148 7 7
154 141 7 7
155 148 7 7
155 152 7 7
156 154 7 7
156 142 7 7
157 145 7 7
157 149 7 7
158 146 7 7
158 154 7 7
159 151 7 7
159 142 7 7
140 156 7 7
140 158 7 7
141 153 7 7
141 158 7 7
162 161 8 8
162 160 8 8
163 160 8 8
163 162 8 8
164 161 8 8
164 160 8 8
165 160 8 8
165 164 8 8
166 160 8 8
166 164 8 8
167 163 8 8
167 165 8 8
168 164 8 8
168 161 8 8
169 162 8 8
169 161 8 8
170 165 8 8
170 168 8 8
171 166 8 8
171 169 8 8
172 167 8 8
172 166 8 8
173 167 8 8
173 161 8 8
174 170 8 8
174 167 8 8
175 163 8 8
175 168 8 8
176 161 8 8
176 169 8 8
177 164 8 8
177 160 8 8
178 177 8 8
178 161 8 8
179 175 8 8
179 171 8 8
160 171 8 8
160 168 8 8
161 163 8 8
161 172 8 8
182 181 9 9
182 180 9 9
183 180 9 9
183 182 9 9
184 180 9 9
184 181 9 9
185 180 9 9
185 182 9 9
186 180 9 9
186 183 9 9
187 182 9 9
187 181 9 9
188 186 9 9
188 183 9 9
189 182 9 9
189 186 9 9
190 182 9 9
190 187 9 9
191 181 9 9
191 184 9 9
192 186 9 9
192 189 9 9
193 183 9 9
193 191 9 9
194 181 9 9
194 184 9 9
195 189 9 9
195 192 9 9
196 186 9 9
196 190 9 9
197 182 9 9
197 189 9 9
198 181 9 9
198 191 9 9
199 182 9 9
199 184 9 9
180 197 9 9
180 198 9 9
181 190 9 9
181 195 9 9
202 200 10 10
202 201 10 10
203 202 10 10
203 201 10 10
204 201 10 10
204 202 10 10
205 202 10 10
205 204 10 10
206 202 10 10
206 201 10 10
207 202 10 10
207 200 10 10
208 200 10 10
208 206 10 10
209 206 10 10
209 200 10 10
210 204 10 10
210 207 10 10
211 205 10 10
211 207 10 10
212 207 10 10
212 205 10 10
213 207 10 10
213 210 10 10
214 208 10 10
214 204 10 10
215 209 10 10
215 207 10 10
216 205 10 10
216 207 10 10
217 204 10 10
217 214 10 10
218 215 10 10
218 210 10 10
219 209 10 10
219 205 10 10
200 206 10 10
200 210 10 10
201 210 10 10
201 213 10 10
222 220 11 11
222 221 11 11
223 222 11 11
223 221 11 11
224 220 11 11
224 221 11 11
225 223 11 11
225 220 11 11
226 220 11 11
226 225 11 11
227 220 11 11
227 224 11 11
228 227 11 11
228 222 11 11
229 228 11 11
229 226 11 11
230 224 11 11
230 221 11 11
231 224 11 11
231 227 11 11
232 226 11 11
232 229 11 11
233 223 11 11
233 220 11 11
234 225 11 11
234 224 11 11
235 220 11 11
235 223 11 11
236 230 11 11
236 235 11 11
237 229 11 11
237 220 11 11
238 233 11 11
238 236 11 11
239 229 11 11
239 227 11 11
220 238 11 11
220 230 11 11
221 228 11 11
221 225 11 11
242 240 12 12
242 241 12 12
243 242 12 12
243 240 12 12
244 240 12 12
244 243 12 12
245 243 12 12
245 244 12 12
246 245 12 12
246 244 12 12
247 242 12 12
247 246 12 12
248 240 12 12
248 241 12 12
249 244 12 12
249 245 12 12
250 241 12 12
250 242 12 12
251 250 12 12
251 241 12 12
252 245 12 12
252 248 12 12
253 243 12 12
253 252 12 12
254 249 12 12
254 244 12 12
255 253 12 12
255 248 12 12
256 254 12 12
256 246 12 12
257 255 12 12
257 244 12 12
258 244 12 12
258 255 12 12
259 246 12 12
259 252 12 12
240 247 12 12
240 253 12 12
241 252 12 12
241 244 12 12
262 260 13 13
262 261 13 13
263 261 13 13
263 260 13 13
264 262 13 13
264 260 13 13
265 260 13 13
265 262 13 13
266 262 13 13
266 260 13 13
267 263 13 13
267 260 13 13
268 267 13 13
268 265 13 13
269 267 13 13
269 268 13 13
270 263 13 13
270 267 13 13
271 265 13 13
271 269 13 13
272 263 13 13
272 264 13 13
273 261 13 13
273 264 13 13
274 270 13 13
274 273 13 13
275 270 13 13
275 272 13 13
276 271 13 13
276 260 13 13
277 266 13 13
277 267 13 13
278 264 13 13
278 271 13 13
279 273 13 13
279 265 13 13
260 270 13 13
260 274 13 13
261 269 13 13
261 276 13 13
282 281 14 14
282 280 14 14
283 281 14 14
283 280 14 14
284 281 14 14
284 282 14 14
285 283 14 14
285 284 14 14
286 284 14 14
286 285 14 14
287 280 14 14
287 286 14 14
288 286 14 14
288 283 14 14
289 286 14 14
289 287 14 14
290 288 14 14
290 285 14 14
291 280 14 14
291 283 14 14
292 282 14 14
292 283 14 14
293 291 14 14
293 281 14 14
294 291 14 14
294 283 14 14
295 284 14 14
295 286 14 14
296 284 14 14
296 285 14 14
297 285 14 14
297 282 14 14
298 296 14 14
298 283 14 14
299 295 14 14
299 282 14 14
280 297 14 14
280 289 14 14
281 298 14 14
281 286 14 14
302 300 15 15
302 301 15 15
303 300 15 15
303 302 15 15
304 302 15 15
304 300 15 15
305 302 15 15
305 303 15 15
306 305 15 15
306 301 15 15
307 301 15 15
307 306 15 15
308 306 15 15
308 301 15 15
309 308 15 15
309 301 15 15
310 306 15 15
310 301 15 15
311 310 15 15
311 305 15 15
312 308 15 15
312 302 15 15
313 301 15 15
313 310 15 15
314 303 15 15
314 309 15 15
315 309 15 15
315 310 15 15
316 308 15 15
316 302 15 15
317 316 15 15
317 314 15 15
318 306 15 15
318 317 15 15
319 317 15 15
319 302 15 15
300 318 15 15
300 313 15 15
301 317 15 15
301 312 15 15
57 32 2 1
46 19 2 0
74 51 3 2
79 29 3 1
98 42 4 2
93 30 4 1
104 82 5 4
105 30 5 1
121 108 6 5
125 26 6 1
145 60 7 3
145 13 7 0
172 148 8 7
167 7 8 0
188 20 9 1
189 151 9 7
203 31 10 1
206 141 10 7
237 152 11 7
221 204 11 10
243 228 12 11
250 47 12 2
275 92 13 4
270 111 13 5
289 137 14 6
299 224 14 11
300 6 15 0
306 193 15 9
2 215 0 10
12 277 0 13
35 303 1 15
24 264 1 13
