swNum = 320
edgeNum = 672

0 0
1 0
2 0
3 0
4 0
5 0
6 0
7 0
8 0
9 0
10 0
11 0
12 0
13 0
14 0
15 0
16 0
17 0
18 0
19 0
20 1
21 1
22 1
23 1
24 1
25 1
26 1
27 1
28 1
29 1
30 1
31 1
32 1
33 1
34 1
35 1
36 1
37 1
38 1
39 1
40 2
41 2
42 2
43 2
44 2
45 2
46 2
47 2
48 2
49 2
50 2
51 2
52 2
53 2
54 2
55 2
56 2
57 2
58 2
59 2
60 3
61 3
62 3
63 3
64 3
65 3
66 3
67 3
68 3
69 3
70 3
71 3
72 3
73 3
74 3
75 3
76 3
77 3
78 3
79 3
80 4
81 4
82 4
83 4
84 4
85 4
86 4
87 4
88 4
89 4
90 4
91 4
92 4
93 4
94 4
95 4
96 4
97 4
98 4
99 4
100 5
101 5
102 5
103 5
104 5
105 5
106 5
107 5
108 5
109 5
110 5
111 5
112 5
113 5
114 5
115 5
116 5
117 5
118 5
119 5
120 6
121 6
122 6
123 6
124 6
125 6
126 6
127 6
128 6
129 6
130 6
131 6
132 6
133 6
134 6
135 6
136 6
137 6
138 6
139 6
140 7
141 7
142 7
143 7
144 7
145 7
146 7
147 7
148 7
149 7
150 7
151 7
152 7
153 7
154 7
155 7
156 7
157 7
158 7
159 7
160 8
161 8
162 8
163 8
164 8
165 8
166 8
167 8
168 8
169 8
170 8
171 8
172 8
173 8
174 8
175 8
176 8
177 8
178 8
179 8
180 9
181 9
182 9
183 9
184 9
185 9
186 9
187 9
188 9
189 9
190 9
191 9
192 9
193 9
194 9
195 9
196 9
197 9
198 9
199 9
200 10
201 10
202 10
203 10
204 10
205 10
206 10
207 10
208 10
209 10
210 10
211 10
212 10
213 10
214 10
215 10
216 10
217 10
218 10
219 10
220 11
221 11
222 11
223 11
224 11
225 11
226 11
227 11
228 11
229 11
230 11
231 11
232 11
233 11
234 11
235 11
236 11
237 11
238 11
239 11
240 12
241 12
242 12
243 12
244 12
245 12
246 12
247 12
248 12
249 12
250 12
251 12
252 12
253 12
254 12
255 12
256 12
257 12
258 12
259 12
260 13
261 13
262 13
263 13
264 13
265 13
266 13
267 13
268 13
269 13
270 13
271 13
272 13
273 13
274 13
275 13
276 13
277 13
278 13
279 13
280 14
281 14
282 14
283 14
284 14
285 14
286 14
287 14
288 14
289 14
290 14
291 14
292 14
293 14
294 14
295 14
296 14
297 14
298 14
299 14
300 15
301 15
302 15
303 15
304 15
305 15
306 15
307 15
308 15
309 15
310 15
311 15
312 15
313 15
314 15
315 15
316 15
317 15
318 15
319 15

2 0 0 0
2 1 0 0
3 1 0 0
3 0 0 0
4 3 0 0
4 1 0 0
5 4 0 0
5 3 0 0
6 1 0 0
6 4 0 0
7 6 0 0
7 5 0 0
8 6 0 0
8 5 0 0
9 1 0 0
9 0 0 0
10 9 0 0
10 8 0 0
11 0 0 0
11 6 0 0
12 2 0 0
12 4 0 0
13 4 0 0
13 0 0 0
14 5 0 0
14 7 0 0
15 4 0 0
15 9 0 0
16 3 0 0
16 2 0 0
17 2 0 0
17 12 0 0
18 7 0 0
18 2 0 0
19 13 0 0
19 2 0 0
0 17 0 0
0 6 0 0
1 12 0 0
1 19 0 0
22 20 1 1
22 21 1 1
23 22 1 1
23 20 1 1
24 23 1 1
24 22 1 1
25 23 1 1
25 20 1 1
26 24 1 1
26 21 1 1
27 20 1 1
27 25 1 1
28 21 1 1
28 20 1 1
29 24 1 1
29 22 1 1
30 28 1 1
30 20 1 1
31 20 1 1
31 24 1 1
32 29 1 1
32 27 1 1
33 29 1 1
33 24 1 1
34 23 1 1
34 33 1 1
35 28 1 1
35 26 1 1
36 33 1 1
36 22 1 1
37 31 1 1
37 22 1 1
38 23 1 1
38 36 1 1
39 32 1 1
39 29 1 1
20 34 1 1
20 35 1 1
21 32 1 1
21 30 1 1
42 41 2 2
42 40 2 2
43 40 2 2
43 41 2 2
44 42 2 2
44 41 2 2
45 44 2 2
45 43 2 2
46 41 2 2
46 44 2 2
47 45 2 2
47 40 2 2
48 41 2 2
48 45 2 2
49 44 2 2
49 42 2 2
50 43 2 2
50 49 2 2
51 44 2 2
51 47 2 2
52 40 2 2
52 43 2 2
53 50 2 2
53 46 2 2
54 52 2 2
54 50 2 2
55 46 2 2
55 40 2 2
56 44 2 2
56 55 2 2
57 44 2 2
57 47 2 2
58 54 2 2
58 42 2 2
59 52 2 2
59 55 2 2
40 51 2 2
40 53 2 2
41 47 2 2
41 52 2 2
62 60 3 3
62 61 3 3
63 60 3 3
63 62 3 3
64 62 3 3
64 60 3 3
65 63 3 3
65 60 3 3
66 62 3 3
66 64 3 3
67 64 3 3
67 63 3 3
68 67 3 3
68 61 3 3
69 61 3 3
69 64 3 3
70 66 3 3
70 64 3 3
71 69 3 3
71 67 3 3
72 71 3 3
72 68 3 3
73 65 3 3
73 69 3 3
74 63 3 3
74 70 3 3
75 67 3 3
75 74 3 3
76 64 3 3
76 61 3 3
77 71 3 3
77 67 3 3
78 74 3 3
78 64 3 3
79 72 3 3
79 68 3 3
60 77 3 3
60 74 3 3
61 64 3 3
61 78 3 3
82 80 4 4
82 81 4 4
83 82 4 4
83 80 4 4
84 80 4 4
84 81 4 4
85 83 4 4
85 81 4 4
86 81 4 4
86 84 4 4
87 81 4 4
87 80 4 4
88 82 4 4
88 84 4 4
89 84 4 4
89 81 4 4
90 89 4 4
90 84 4 4
91 90 4 4
91 86 4 4
92 89 4 4
92 81 4 4
93 92 4 4
93 91 4 4
94 91 4 4
94 92 4 4
95 86 4 4
95 83 4 4
96 84 4 4
96 82 4 4
97 81 4 4
97 96 4 4
98 85 4 4
98 82 4 4
99 82 4 4
99 97 4 4
80 97 4 4
80 94 4 4
81 93 4 4
81 91 4 4
102 100 5 5
102 101 5 5
103 101 5 5
103 102 5 5
104 101 5 5
104 103 5 5
105 103 5 5
105 101 5 5
106 102 5 5
106 100 5 5
107 102 5 5
107 105 5 5
108 107 5 5
108 105 5 5
109 105 5 5
109 103 5 5
110 109 5 5
110 104 5 5
111 104 5 5
111 106 5 5
112 103 5 5
112 108 5 5
113 109 5 5
113 106 5 5
114 105 5 5
114 107 5 5
115 104 5 5
115 103 5 5
116 106 5 5
116 108 5 5
117 115 5 5
117 116 5 5
118 112 5 5
118 105 5 5
119 107 5 5
119 101 5 5
100 116 5 5
100 119 5 5
101 115 5 5
101 111 5 5
122 120 6 6
122 121 6 6
123 120 6 6
123 122 6 6
124 121 6 6
124 122 6 6
125 121 6 6
125 120 6 6
126 122 6 6
126 123 6 6
127 126 6 6
127 124 6 6
128 123 6 6
128 122 6 6
129 126 6 6
129 121 6 6
130 121 6 6
130 128 6 6
131 121 6 6
131 129 6 6
132 124 6 6
132 129 6 6
133 128 6 6
133 125 6 6
134 131 6 6
134 124 6 6
135 134 6 6
135 121 6 6
136 126 6 6
136 132 6 6
137 125 6 6
137 127 6 6
138 128 6 6
138 120 6 6
139 133 6 6
139 127 6 6
120 128 6 6
120 136 6 6
121 132 6 6
121 133 6 6
142 141 7 7
142 140 7 7
143 140 7 7
143 141 7 7
144 140 7 7
144 142 7 7
145 140 7 7
145 143 7 7
146 143 7 7
146 140 7 7
147 144 7 7
147 141 7 7
148 147 7 7
148 146 7 7
149 141 7 7
149 143 7 7
150 147 7 7
150 149 7 7
151 143 7 7
151 141 7 7
152 140 7 7
152 148 7 7
153 145 7 7
153 141 7 7
154 153 7 7
154 147 7 7
155 152 7 7
155 147 7 7
156 151 7 7
156 143 7 7
157 152 7 7
157 154 7 7
158 141 7 7
158 156 7 7
159 152 7 7
159 156 7 7
140 157 7 7
140 154 7 7
141 144 7 7
141 154 7 7
162 160 8 8
162 161 8 8
163 162 8 8
163 161 8 8
164 161 8 8
164 162 8 8
165 164 8 8
165 160 8 8
166 160 8 8
166 164 8 8
167 165 8 8
167 163 8 8
168 162 8 8
168 164 8 8
169 166 8 8
169 160 8 8
170 164 8 8
170 167 8 8
171 170 8 8
171 164 8 8
172 168 8 8
172 163 8 8
173 172 8 8
173 170 8 8
174 160 8 8
174 166 8 8
175 162 8 8
175 170 8 8
176 164 8 8
176 161 8 8
177 175 8 8
177 174 8 8
178 177 8 8
178 162 8 8
179 165 8 8
179 175 8 8
160 163 8 8
160 170 8 8
161 168 8 8
161 173 8 8
182 180 9 9
182 181 9 9
183 181 9 9
183 182 9 9
184 180 9 9
184 181 9 9
185 184 9 9
185 183 9 9
186 183 9 9
186 182 9 9
187 180 9 9
187 181 9 9
188 181 9 9
188 185 9 9
189 187 9 9
189 180 9 9
190 189 9 9
190 187 9 9
191 181 9 9
191 183 9 9
192 187 9 9
192 181 9 9
193 192 9 9
193 180 9 9
194 191 9 9
194 187 9 9
195 191 9 9
195 183 9 9
196 180 9 9
196 193 9 9
197 186 9 9
197 180 9 9
198 190 9 9
198 187 9 9
199 187 9 9
199 193 9 9
180 190 9 9
180 186 9 9
181 185 9 9
181 193 9 9
202 201 10 10
202 200 10 10
203 202 10 10
203 200 10 10
204 202 10 10
204 203 10 10
205 200 10 10
205 201 10 10
206 200 10 10
206 204 10 10
207 205 10 10
207 201 10 10
208 207 10 10
208 200 10 10
209 201 10 10
209 200 10 10
210 209 10 10
210 207 10 10
211 203 10 10
211 202 10 10
212 203 10 10
212 204 10 10
213 205 10 10
213 206 10 10
214 208 10 10
214 200 10 10
215 202 10 10
215 206 10 10
216 209 10 10
216 214 10 10
217 205 10 10
217 213 10 10
218 210 10 10
218 213 10 10
219 207 10 10
219 209 10 10
200 210 10 10
200 212 10 10
201 218 10 10
201 219 10 10
222 221 11 11
222 220 11 11
223 222 11 11
223 220 11 11
224 220 11 11
224 223 11 11
225 222 11 11
225 223 11 11
226 223 11 11
226 224 11 11
227 226 11 11
227 220 11 11
228 225 11 11
228 226 11 11
229 221 11 11
229 220 11 11
230 222 11 11
230 224 11 11
231 222 11 11
231 226 11 11
232 227 11 11
232 225 11 11
233 232 11 11
233 225 11 11
234 233 11 11
234 230 11 11
235 222 11 11
235 226 11 11
236 227 11 11
236 230 11 11
237 225 11 11
237 228 11 11
238 231 11 11
238 237 11 11
239 232 11 11
239 230 11 11
220 235 11 11
220 231 11 11
221 228 11 11
221 239 11 11
242 240 12 12
242 241 12 12
243 242 12 12
243 240 12 12
244 241 12 12
244 242 12 12
245 241 12 12
245 243 12 12
246 245 12 12
246 242 12 12
247 246 12 12
247 241 12 12
248 247 12 12
248 243 12 12
249 244 12 12
249 243 12 12
250 246 12 12
250 242 12 12
251 245 12 12
251 246 12 12
252 240 12 12
252 244 12 12
253 244 12 12
253 242 12 12
254 240 12 12
254 252 12 12
255 242 12 12
255 248 12 12
256 249 12 12
256 247 12 12
257 256 12 12
257 241 12 12
258 249 12 12
258 242 12 12
259 252 12 12
259 245 12 12
240 248 12 12
240 245 12 12
241 258 12 12
241 253 12 12
262 261 13 13
262 260 13 13
263 260 13 13
263 261 13 13
264 263 13 13
264 260 13 13
265 263 13 13
265 261 13 13
266 260 13 13
266 261 13 13
267 263 13 13
267 265 13 13
268 267 13 13
268 264 13 13
269 261 13 13
269 267 13 13
270 262 13 13
270 266 13 13
271 268 13 13
271 265 13 13
272 263 13 13
272 267 13 13
273 263 13 13
273 268 13 13
274 273 13 13
274 263 13 13
275 270 13 13
275 272 13 13
276 270 13 13
276 268 13 13
277 262 13 13
277 274 13 13
278 260 13 13
278 265 13 13
279 261 13 13
279 277 13 13
260 271 13 13
260 268 13 13
261 276 13 13
261 278 13 13
282 281 14 14
282 280 14 14
283 282 14 14
283 281 14 14
284 281 14 14
284 282 14 14
285 281 14 14
285 284 14 14
286 282 14 14
286 281 14 14
287 282 14 14
287 283 14 14
288 287 14 14
288 282 14 14
289 283 14 14
289 288 14 14
290 282 14 14
290 288 14 14
291 284 14 14
291 281 14 14
292 289 14 14
292 288 14 14
293 281 14 14
293 287 14 14
294 284 14 14
294 292 14 14
295 291 14 14
295 286 14 14
296 290 14 14
296 295 14 14
297 289 14 14
297 287 14 14
298 293 14 14
298 290 14 14
299 296 14 14
299 287 14 14
280 293 14 14
280 296 14 14
281 299 14 14
281 295 14 14
302 301 15 15
302 300 15 15
303 301 15 15
303 300 15 15
304 300 15 15
304 303 15 15
305 303 15 15
305 300 15 15
306 304 15 15
306 302 15 15
307 305 15 15
307 302 15 15
308 302 15 15
308 305 15 15
309 304 15 15
309 301 15 15
310 304 15 15
310 301 15 15
311 304 15 15
311 306 15 15
312 301 15 15
312 308 15 15
313 308 15 15
313 300 15 15
314 305 15 15
314 312 15 15
315 310 15 15
315 302 15 15
316 312 15 15
316 305 15 15
317 311 15 15
317 315 15 15
318 316 15 15
318 314 15 15
319 306 15 15
319 303 15 15
300 311 15 15
300 315 15 15
301 316 15 15
301 318 15 15
48 24 2 1
53 19 2 0
69 10 3 0
69 54 3 2
97 38 4 1
82 11 4 0
113 60 5 3
118 26 5 1
125 73 6 3
131 54 6 2
153 22 7 1
141 135 7 6
179 53 8 2
175 36 8 1
190 48 9 2
193 122 9 6
218 16 10 0
218 110 10 5
234 152 11 7
221 134 11 6
256 73 12 3
253 109 12 5
272 244 13 12
268 113 13 5
280 103 14 5
299 254 14 12
310 196 15 9
300 117 15 5
19 163 0 8
19 282 0 14
22 211 1 10
24 301 1 15
