swNum = 320
edgeNum = 672

0 0
1 0
2 0
3 0
4 0
5 0
6 0
7 0
8 0
9 0
10 0
11 0
12 0
13 0
14 0
15 0
16 0
17 0
18 0
19 0
20 1
21 1
22 1
23 1
24 1
25 1
26 1
27 1
28 1
29 1
30 1
31 1
32 1
33 1
34 1
35 1
36 1
37 1
38 1
39 1
40 2
41 2
42 2
43 2
44 2
45 2
46 2
47 2
48 2
49 2
50 2
51 2
52 2
53 2
54 2
55 2
56 2
57 2
58 2
59 2
60 3
61 3
62 3
63 3
64 3
65 3
66 3
67 3
68 3
69 3
70 3
71 3
72 3
73 3
74 3
75 3
76 3
77 3
78 3
79 3
80 4
81 4
82 4
83 4
84 4
85 4
86 4
87 4
88 4
89 4
90 4
91 4
92 4
93 4
94 4
95 4
96 4
97 4
98 4
99 4
100 5
101 5
102 5
103 5
104 5
105 5
106 5
107 5
108 5
109 5
110 5
111 5
112 5
113 5
114 5
115 5
116 5
117 5
118 5
119 5
120 6
121 6
122 6
123 6
124 6
125 6
126 6
127 6
128 6
129 6
130 6
131 6
132 6
133 6
134 6
135 6
136 6
137 6
138 6
139 6
140 7
141 7
142 7
143 7
144 7
145 7
146 7
147 7
148 7
149 7
150 7
151 7
152 7
153 7
154 7
155 7
156 7
157 7
158 7
159 7
160 8
161 8
162 8
163 8
164 8
165 8
166 8
167 8
168 8
169 8
170 8
171 8
172 8
173 8
174 8
175 8
176 8
177 8
178 8
179 8
180 9
181 9
182 9
183 9
184 9
185 9
186 9
187 9
188 9
189 9
190 9
191 9
192 9
193 9
194 9
195 9
196 9
197 9
198 9
199 9
200 10
201 10
202 10
203 10
204 10
205 10
206 10
207 10
208 10
209 10
210 10
211 10
212 10
213 10
214 10
215 10
216 10
217 10
218 10
219 10
220 11
221 11
222 11
223 11
224 11
225 11
226 11
227 11
228 11
229 11
230 11
231 11
232 11
233 11
234 11
235 11
236 11
237 11
238 11
239 11
240 12
241 12
242 12
243 12
244 12
245 12
246 12
247 12
248 12
249 12
250 12
251 12
252 12
253 12
254 12
255 12
256 12
257 12
258 12
259 12
260 13
261 13
262 13
263 13
264 13
265 13
266 13
267 13
268 13
269 13
270 13
271 13
272 13
273 13
274 13
275 13
276 13
277 13
278 13
279 13
280 14
281 14
282 14
283 14
284 14
285 14
286 14
287 14
288 14
289 14
290 14
291 14
292 14
293 14
294 14
295 14
296 14
297 14
298 14
299 14
300 15
301 15
302 15
303 15
304 15
305 15
306 15
307 15
308 15
309 15
310 15
311 15
312 15
313 15
314 15
315 15
316 15
317 15
318 15
319 15

2 0 0 0
2 1 0 0
3 0 0 0
3 1 0 0
4 1 0 0
4 0 0 0
5 4 0 0
5 1 0 0
6 0 0 0
6 5 0 0
7 5 0 0
7 4 0 0
8 4 0 0
8 5 0 0
9 1 0 0
9 8 0 0
10 0 0 0
10 1 0 0
11 0 0 0
11 2 0 0
12 3 0 0
12 9 0 0
13 5 0 0
13 3 0 0
14 0 0 0
14 13 0 0
15 10 0 0
15 3 0 0
16 6 0 0
16 10 0 0
17 11 0 0
17 0 0 0
18 16 0 0
18 5 0 0
19 1 0 0
19 15 0 0
0 5 0 0
0 19 0 0
1 17 0 0
1 15 0 0
22 20 1 1
22 21 1 1
23 20 1 1
23 22 1 1
24 20 1 1
24 21 1 1
25 23 1 1
25 22 1 1
26 21 1 1
26 20 1 1
27 24 1 1
27 23 1 1
28 20 1 1
28 24 1 1
29 27 1 1
29 28 1 1
30 21 1 1
30 23 1 1
31 26 1 1
31 28 1 1
32 20 1 1
32 28 1 1
33 30 1 1
33 23 1 1
34 25 1 1
34 27 1 1
35 21 1 1
35 31 1 1
36 30 1 1
36 32 1 1
37 33 1 1
37 28 1 1
38 20 1 1
38 24 1 1
39 26 1 1
39 24 1 1
20 30 1 1
20 31 1 1
21 23 1 1
21 39 1 1
42 41 2 2
42 40 2 2
43 40 2 2
43 41 2 2
44 41 2 2
44 42 2 2
45 43 2 2
45 41 2 2
46 42 2 2
46 44 2 2
47 40 2 2
47 42 2 2
48 47 2 2
48 42 2 2
49 43 2 2
49 44 2 2
50 49 2 2
50 44 2 2
51 41 2 2
51 47 2 2
52 47 2 2
52 42 2 2
53 44 2 2
53 50 2 2
54 47 2 2
54 46 2 2
55 48 2 2
55 46 2 2
56 43 2 2
56 44 2 2
57 54 2 2
57 47 2 2
58 41 2 2
58 46 2 2
59 53 2 2
59 56 2 2
40 56 2 2
40 59 2 2
41 52 2 2
41 50 2 2
62 61 3 3
62 60 3 3
63 60 3 3
63 61 3 3
64 63 3 3
64 61 3 3
65 62 3 3
65 60 3 3
66 64 3 3
66 63 3 3
67 63 3 3
67 61 3 3
68 63 3 3
68 61 3 3
69 65 3 3
69 60 3 3
70 60 3 3
70 63 3 3
71 65 3 3
71 69 3 3
72 71 3 3
72 66 3 3
73 63 3 3
73 61 3 3
74 64 3 3
74 67 3 3
75 73 3 3
75 67 3 3
76 64 3 3
76 74 3 3
77 69 3 3
77 67 3 3
78 72 3 3
78 65 3 3
79 77 3 3
79 71 3 3
60 72 3 3
60 78 3 3
61 79 3 3
61 75 3 3
82 80 4 4
82 81 4 4
83 81 4 4
83 82 4 4
84 82 4 4
84 81 4 4
85 83 4 4
85 80 4 4
86 84 4 4
86 82 4 4
87 81 4 4
87 86 4 4
88 86 4 4
88 84 4 4
89 88 4 4
89 87 4 4
90 83 4 4
90 84 4 4
91 83 4 4
91 87 4 4
92 91 4 4
92 84 4 4
93 88 4 4
93 87 4 4
94 84 4 4
94 87 4 4
95 91 4 4
95 80 4 4
96 90 4 4
96 91 4 4
97 94 4 4
97 91 4 4
98 82 4 4
98 83 4 4
99 85 4 4
99 92 4 4
80 98 4 4
80 97 4 4
81 92 4 4
81 85 4 4
102 101 5 5
102 100 5 5
103 102 5 5
103 100 5 5
104 100 5 5
104 103 5 5
105 101 5 5
105 100 5 5
106 101 5 5
106 105 5 5
107 106 5 5
107 102 5 5
108 100 5 5
108 102 5 5
109 105 5 5
109 107 5 5
110 108 5 5
110 102 5 5
111 106 5 5
111 110 5 5
112 107 5 5
112 103 5 5
113 110 5 5
113 107 5 5
114 105 5 5
114 107 5 5
115 109 5 5
115 113 5 5
116 101 5 5
116 100 5 5
117 102 5 5
117 116 5 5
118 109 5 5
118 104 5 5
119 108 5 5
119 110 5 5
100 110 5 5
100 118 5 5
101 118 5 5
101 113 5 5
122 121 6 6
122 120 6 6
123 120 6 6
123 121 6 6
124 123 6 6
124 121 6 6
125 122 6 6
125 123 6 6
126 122 6 6
126 125 6 6
127 123 6 6
127 121 6 6
128 127 6 6
128 126 6 6
129 120 6 6
129 128 6 6
130 125 6 6
130 127 6 6
131 120 6 6
131 130 6 6
132 130 6 6
132 123 6 6
133 126 6 6
133 129 6 6
134 129 6 6
134 128 6 6
135 124 6 6
135 120 6 6
136 125 6 6
136 127 6 6
137 135 6 6
137 127 6 6
138 124 6 6
138 122 6 6
139 135 6 6
139 125 6 6
120 136 6 6
120 127 6 6
121 137 6 6
121 128 6 6
142 141 7 7
142 140 7 7
143 140 7 7
143 141 7 7
144 143 7 7
144 141 7 7
145 144 7 7
145 141 7 7
146 143 7 7
146 145 7 7
147 143 7 7
147 144 7 7
148 143 7 7
148 144 7 7
149 144 7 7
149 141 7 7
150 144 7 7
150 141 7 7
151 142 7 7
151 149 7 7
152 140 7 7
152 146 7 7
153 148 7 7
153 142 7 7
154 145 7 7
154 149 7 7
155 152 7 7
155 144 7 7
156 143 7 7
156 155 7 7
157 143 7 7
157 151 7 7
158 152 7 7
158 155 7 7
159 151 7 7
159 153 7 7
140 144 7 7
140 154 7 7
141 158 7 7
141 154 7 7
162 160 8 8
162 161 8 8
163 162 8 8
163 160 8 8
164 161 8 8
164 163 8 8
165 164 8 8
165 162 8 8
166 160 8 8
166 163 8 8
167 160 8 8
167 166 8 8
168 163 8 8
168 164 8 8
169 165 8 8
169 161 8 8
170 168 8 8
170 162 8 8
171 163 8 8
171 170 8 8
172 165 8 8
172 161 8 8
173 160 8 8
173 169 8 8
174 170 8 8
174 168 8 8
175 172 8 8
175 161 8 8
176 173 8 8
176 161 8 8
177 175 8 8
177 174 8 8
178 162 8 8
178 175 8 8
179 167 8 8
179 166 8 8
160 171 8 8
160 164 8 8
161 177 8 8
161 173 8 8
182 180 9 9
182 181 9 9
183 182 9 9
183 181 9 9
184 181 9 9
184 180 9 9
185 180 9 9
185 182 9 9
186 180 9 9
186 185 9 9
187 184 9 9
187 186 9 9
188 181 9 9
188 184 9 9
189 180 9 9
189 183 9 9
190 180 9 9
190 186 9 9
191 188 9 9
191 186 9 9
192 182 9 9
192 183 9 9
193 190 9 9
193 186 9 9
194 186 9 9
194 185 9 9
195 189 9 9
195 183 9 9
196 191 9 9
196 180 9 9
197 188 9 9
197 190 9 9
198 197 9 9
198 183 9 9
199 185 9 9
199 180 9 9
180 194 9 9
180 183 9 9
181 193 9 9
181 195 9 9
202 200 10 10
202 201 10 10
203 201 10 10
203 202 10 10
204 202 10 10
204 203 10 10
205 201 10 10
205 204 10 10
206 200 10 10
206 202 10 10
207 205 10 10
207 206 10 10
208 207 10 10
208 205 10 10
209 200 10 10
209 202 10 10
210 207 10 10
210 208 10 10
211 201 10 10
211 202 10 10
212 203 10 10
212 204 10 10
213 204 10 10
213 209 10 10
214 201 10 10
214 211 10 10
215 206 10 10
215 210 10 10
216 204 10 10
216 208 10 10
217 203 10 10
217 208 10 10
218 214 10 10
218 202 10 10
219 202 10 10
219 213 10 10
200 210 10 10
200 207 10 10
201 218 10 10
201 208 10 10
222 220 11 11
222 221 11 11
223 220 11 11
223 221 11 11
224 222 11 11
224 220 11 11
225 224 11 11
225 221 11 11
226 224 11 11
226 222 11 11
227 226 11 11
227 220 11 11
228 222 11 11
228 220 11 11
229 224 11 11
229 221 11 11
230 222 11 11
230 225 11 11
231 230 11 11
231 224 11 11
232 231 11 11
232 227 11 11
233 227 11 11
233 223 11 11
234 229 11 11
234 224 11 11
235 221 11 11
235 234 11 11
236 233 11 11
236 227 11 11
237 234 11 11
237 224 11 11
238 225 11 11
238 237 11 11
239 233 11 11
239 236 11 11
220 235 11 11
220 229 11 11
221 234 11 11
221 228 11 11
242 240 12 12
242 241 12 12
243 242 12 12
243 241 12 12
244 242 12 12
244 243 12 12
245 240 12 12
245 242 12 12
246 241 12 12
246 243 12 12
247 245 12 12
247 242 12 12
248 245 12 12
248 247 12 12
249 246 12 12
249 240 12 12
250 248 12 12
250 240 12 12
251 249 12 12
251 242 12 12
252 240 12 12
252 251 12 12
253 243 12 12
253 246 12 12
254 249 12 12
254 253 12 12
255 254 12 12
255 247 12 12
256 253 12 12
256 240 12 12
257 256 12 12
257 247 12 12
258 253 12 12
258 250 12 12
259 250 12 12
259 248 12 12
240 247 12 12
240 254 12 12
241 256 12 12
241 255 12 12
262 260 13 13
262 261 13 13
263 260 13 13
263 262 13 13
264 260 13 13
264 262 13 13
265 260 13 13
265 263 13 13
266 260 13 13
266 262 13 13
267 266 13 13
267 265 13 13
268 264 13 13
268 262 13 13
269 268 13 13
269 263 13 13
270 263 13 13
270 261 13 13
271 267 13 13
271 261 13 13
272 263 13 13
272 268 13 13
273 268 13 13
273 262 13 13
274 269 13 13
274 263 13 13
275 267 13 13
275 265 13 13
276 266 13 13
276 265 13 13
277 266 13 13
277 267 13 13
278 275 13 13
278 265 13 13
279 275 13 13
279 267 13 13
260 274 13 13
260 276 13 13
261 273 13 13
261 275 13 13
282 280 14 14
282 281 14 14
283 281 14 14
283 282 14 14
284 282 14 14
284 280 14 14
285 281 14 14
285 284 14 14
286 284 14 14
286 283 14 14
287 283 14 14
287 282 14 14
288 287 14 14
288 281 14 14
289 282 14 14
289 286 14 14
290 288 14 14
290 289 14 14
291 285 14 14
291 284 14 14
292 283 14 14
292 281 14 14
293 286 14 14
293 292 14 14
294 282 14 14
294 290 14 14
295 281 14 14
295 287 14 14
296 294 14 14
296 291 14 14
297 294 14 14
297 287 14 14
298 288 14 14
298 280 14 14
299 296 14 14
299 282 14 14
280 295 14 14
280 288 14 14
281 296 14 14
281 287 14 14
302 301 15 15
302 300 15 15
303 301 15 15
303 300 15 15
304 302 15 15
304 301 15 15
305 302 15 15
305 304 15 15
306 303 15 15
306 301 15 15
307 305 15 15
307 304 15 15
308 307 15 15
308 306 15 15
309 301 15 15
309 308 15 15
310 302 15 15
310 304 15 15
311 305 15 15
311 303 15 15
312 307 15 15
312 311 15 15
313 307 15 15
313 310 15 15
314 313 15 15
314 312 15 15
315 312 15 15
315 307 15 15
316 314 15 15
316 313 15 15
317 316 15 15
317 312 15 15
318 306 15 15
318 300 15 15
319 309 15 15
319 304 15 15
300 305 15 15
300 309 15 15
301 311 15 15
301 315 15 15
55 22 2 1
56 8 2 0
61 48 3 2
72 28 3 1
97 35 4 1
89 14 4 0
119 18 5 0
118 20 5 1
120 36 6 1
134 110 6 5
151 30 7 1
142 134 7 6
165 58 8 2
163 88 8 4
188 31 9 1
199 6 9 0
200 169 10 8
206 90 10 4
223 211 11 10
239 93 11 4
257 86 12 4
248 60 12 3
277 220 13 11
273 36 13 1
287 156 14 7
288 199 14 9
313 274 15 13
319 208 15 10
3 289 0 14
13 274 0 13
20 288 1 14
31 245 1 12
