swNum = 320
edgeNum = 672

0 0
1 0
2 0
3 0
4 0
5 0
6 0
7 0
8 0
9 0
10 0
11 0
12 0
13 0
14 0
15 0
16 0
17 0
18 0
19 0
20 1
21 1
22 1
23 1
24 1
25 1
26 1
27 1
28 1
29 1
30 1
31 1
32 1
33 1
34 1
35 1
36 1
37 1
38 1
39 1
40 2
41 2
42 2
43 2
44 2
45 2
46 2
47 2
48 2
49 2
50 2
51 2
52 2
53 2
54 2
55 2
56 2
57 2
58 2
59 2
60 3
61 3
62 3
63 3
64 3
65 3
66 3
67 3
68 3
69 3
70 3
71 3
72 3
73 3
74 3
75 3
76 3
77 3
78 3
79 3
80 4
81 4
82 4
83 4
84 4
85 4
86 4
87 4
88 4
89 4
90 4
91 4
92 4
93 4
94 4
95 4
96 4
97 4
98 4
99 4
100 5
101 5
102 5
103 5
104 5
105 5
106 5
107 5
108 5
109 5
110 5
111 5
112 5
113 5
114 5
115 5
116 5
117 5
118 5
119 5
120 6
121 6
122 6
123 6
124 6
125 6
126 6
127 6
128 6
129 6
130 6
131 6
132 6
133 6
134 6
135 6
136 6
137 6
138 6
139 6
140 7
141 7
142 7
143 7
144 7
145 7
146 7
147 7
148 7
149 7
150 7
151 7
152 7
153 7
154 7
155 7
156 7
157 7
158 7
159 7
160 8
161 8
162 8
163 8
164 8
165 8
166 8
167 8
168 8
169 8
170 8
171 8
172 8
173 8
174 8
175 8
176 8
177 8
178 8
179 8
180 9
181 9
182 9
183 9
184 9
185 9
186 9
187 9
188 9
189 9
190 9
191 9
192 9
193 9
194 9
195 9
196 9
197 9
198 9
199 9
200 10
201 10
202 10
203 10
204 10
205 10
206 10
207 10
208 10
209 10
210 10
211 10
212 10
213 10
214 10
215 10
216 10
217 10
218 10
219 10
220 11
221 11
222 11
223 11
224 11
225 11
226 11
227 11
228 11
229 11
230 11
231 11
232 11
233 11
234 11
235 11
236 11
237 11
238 11
239 11
240 12
241 12
242 12
243 12
244 12
245 12
246 12
247 12
248 12
249 12
250 12
251 12
252 12
253 12
254 12
255 12
256 12
257 12
258 12
259 12
260 13
261 13
262 13
263 13
264 13
265 13
266 13
267 13
268 13
269 13
270 13
271 13
272 13
273 13
274 13
275 13
276 13
277 13
278 13
279 13
280 14
281 14
282 14
283 14
284 14
285 14
286 14
287 14
288 14
289 14
290 14
291 14
292 14
293 14
294 14
295 14
296 14
297 14
298 14
299 14
300 15
301 15
302 15
303 15
304 15
305 15
306 15
307 15
308 15
309 15
310 15
311 15
312 15
313 15
314 15
315 15
316 15
317 15
318 15
319 15

2 1 0 0
2 0 0 0
3 0 0 0
3 1 0 0
4 2 0 0
4 0 0 0
5 4 0 0
5 3 0 0
6 4 0 0
6 2 0 0
7 0 0 0
7 6 0 0
8 0 0 0
8 1 0 0
9 0 0 0
9 2 0 0
10 1 0 0
10 6 0 0
11 5 0 0
11 4 0 0
12 9 0 0
12 7 0 0
13 0 0 0
13 5 0 0
14 5 0 0
14 6 0 0
15 14 0 0
15 1 0 0
16 15 0 0
16 14 0 0
17 3 0 0
17 8 0 0
18 12 0 0
18 0 0 0
19 0 0 0
19 7 0 0
0 5 0 0
0 17 0 0
1 14 0 0
1 11 0 0
22 20 1 1
22 21 1 1
23 21 1 1
23 22 1 1
24 22 1 1
24 20 1 1
25 21 1 1
25 22 1 1
26 21 1 1
26 20 1 1
27 22 1 1
27 21 1 1
28 23 1 1
28 20 1 1
29 28 1 1
29 23 1 1
30 27 1 1
30 26 1 1
31 30 1 1
31 21 1 1
32 24 1 1
32 29 1 1
33 30 1 1
33 32 1 1
34 32 1 1
34 20 1 1
35 29 1 1
35 31 1 1
36 20 1 1
36 35 1 1
37 34 1 1
37 24 1 1
38 30 1 1
38 22 1 1
39 24 1 1
39 31 1 1
20 33 1 1
20 31 1 1
21 38 1 1
21 30 1 1
42 40 2 2
42 41 2 2
43 40 2 2
43 41 2 2
44 41 2 2
44 40 2 2
45 43 2 2
45 41 2 2
46 40 2 2
46 42 2 2
47 43 2 2
47 45 2 2
48 47 2 2
48 41 2 2
49 40 2 2
49 44 2 2
50 46 2 2
50 45 2 2
51 48 2 2
51 43 2 2
52 51 2 2
52 45 2 2
53 49 2 2
53 41 2 2
54 53 2 2
54 49 2 2
55 47 2 2
55 44 2 2
56 48 2 2
56 43 2 2
57 47 2 2
57 50 2 2
58 41 2 2
58 42 2 2
59 45 2 2
59 43 2 2
40 55 2 2
40 54 2 2
41 50 2 2
41 46 2 2
62 61 3 3
62 60 3 3
63 60 3 3
63 61 3 3
64 60 3 3
64 61 3 3
65 64 3 3
65 60 3 3
66 62 3 3
66 65 3 3
67 64 3 3
67 65 3 3
68 64 3 3
68 65 3 3
69 68 3 3
69 67 3 3
70 61 3 3
70 62 3 3
71 68 3 3
71 63 3 3
72 62 3 3
72 67 3 3
73 62 3 3
73 71 3 3
74 66 3 3
74 60 3 3
75 68 3 3
75 69 3 3
76 74 3 3
76 68 3 3
77 64 3 3
77 68 3 3
78 73 3 3
78 61 3 3
79 76 3 3
79 62 3 3
60 67 3 3
60 77 3 3
61 72 3 3
61 66 3 3
82 81 4 4
82 80 4 4
83 81 4 4
83 80 4 4
84 83 4 4
84 82 4 4
85 83 4 4
85 82 4 4
86 82 4 4
86 84 4 4
87 81 4 4
87 82 4 4
88 81 4 4
88 83 4 4
89 86 4 4
89 82 4 4
90 82 4 4
90 84 4 4
91 84 4 4
91 85 4 4
92 89 4 4
92 84 4 4
93 81 4 4
93 88 4 4
94 92 4 4
94 84 4 4
95 91 4 4
95 88 4 4
96 85 4 4
96 83 4 4
97 95 4 4
97 93 4 4
98 95 4 4
98 88 4 4
99 88 4 4
99 89 4 4
80 87 4 4
80 91 4 4
81 91 4 4
81 84 4 4
102 101 5 5
102 100 5 5
103 100 5 5
103 101 5 5
104 102 5 5
104 103 5 5
105 102 5 5
105 100 5 5
106 102 5 5
106 104 5 5
107 103 5 5
107 101 5 5
108 101 5 5
108 103 5 5
109 103 5 5
109 108 5 5
110 109 5 5
110 105 5 5
111 108 5 5
111 102 5 5
112 105 5 5
112 108 5 5
113 101 5 5
113 102 5 5
114 106 5 5
114 100 5 5
115 112 5 5
115 102 5 5
116 102 5 5
116 111 5 5
117 101 5 5
117 104 5 5
118 116 5 5
118 112 5 5
119 102 5 5
119 103 5 5
100 119 5 5
100 111 5 5
101 119 5 5
101 104 5 5
122 121 6 6
122 120 6 6
123 121 6 6
123 122 6 6
124 122 6 6
124 120 6 6
125 122 6 6
125 124 6 6
126 122 6 6
126 124 6 6
127 126 6 6
127 122 6 6
128 121 6 6
128 120 6 6
129 122 6 6
129 128 6 6
130 128 6 6
130 121 6 6
131 129 6 6
131 130 6 6
132 121 6 6
132 122 6 6
133 124 6 6
133 122 6 6
134 131 6 6
134 128 6 6
135 129 6 6
135 125 6 6
136 128 6 6
136 122 6 6
137 123 6 6
137 134 6 6
138 121 6 6
138 137 6 6
139 124 6 6
139 137 6 6
120 129 6 6
120 127 6 6
121 134 6 6
121 127 6 6
142 141 7 7
142 140 7 7
143 142 7 7
143 141 7 7
144 142 7 7
144 141 7 7
145 142 7 7
145 144 7 7
146 142 7 7
146 144 7 7
147 144 7 7
147 146 7 7
148 144 7 7
148 147 7 7
149 141 7 7
149 143 7 7
150 144 7 7
150 140 7 7
151 140 7 7
151 145 7 7
152 145 7 7
152 148 7 7
153 148 7 7
153 142 7 7
154 144 7 7
154 151 7 7
155 145 7 7
155 151 7 7
156 146 7 7
156 143 7 7
157 153 7 7
157 152 7 7
158 143 7 7
158 157 7 7
159 140 7 7
159 154 7 7
140 147 7 7
140 149 7 7
141 147 7 7
141 148 7 7
162 160 8 8
162 161 8 8
163 161 8 8
163 162 8 8
164 163 8 8
164 161 8 8
165 161 8 8
165 162 8 8
166 163 8 8
166 165 8 8
167 164 8 8
167 160 8 8
168 160 8 8
168 165 8 8
169 165 8 8
169 162 8 8
170 169 8 8
170 164 8 8
171 168 8 8
171 162 8 8
172 171 8 8
172 169 8 8
173 165 8 8
173 172 8 8
174 169 8 8
174 167 8 8
175 167 8 8
175 168 8 8
176 175 8 8
176 170 8 8
177 174 8 8
177 162 8 8
178 172 8 8
178 177 8 8
179 161 8 8
179 164 8 8
160 165 8 8
160 178 8 8
161 176 8 8
161 173 8 8
182 180 9 9
182 181 9 9
183 181 9 9
183 182 9 9
184 182 9 9
184 180 9 9
185 181 9 9
185 183 9 9
186 185 9 9
186 183 9 9
187 181 9 9
187 185 9 9
188 183 9 9
188 181 9 9
189 185 9 9
189 183 9 9
190 188 9 9
190 182 9 9
191 181 9 9
191 190 9 9
192 190 9 9
192 186 9 9
193 188 9 9
193 184 9 9
194 192 9 9
194 180 9 9
195 184 9 9
195 190 9 9
196 181 9 9
196 188 9 9
197 188 9 9
197 186 9 9
198 190 9 9
198 197 9 9
199 181 9 9
199 186 9 9
180 196 9 9
180 198 9 9
181 192 9 9
181 198 9 9
202 201 10 10
202 200 10 10
203 200 10 10
203 201 10 10
204 202 10 10
204 200 10 10
205 201 10 10
205 200 10 10
206 205 10 10
206 201 10 10
207 201 10 10
207 200 10 10
208 207 10 10
208 206 10 10
209 206 10 10
209 200 10 10
210 208 10 10
210 206 10 10
211 205 10 10
211 208 10 10
212 203 10 10
212 200 10 10
213 212 10 10
213 200 10 10
214 213 10 10
214 211 10 10
215 206 10 10
215 203 10 10
216 201 10 10
216 205 10 10
217 213 10 10
217 216 10 10
218 211 10 10
218 214 10 10
219 211 10 10
219 208 10 10
200 206 10 10
200 216 10 10
201 215 10 10
201 209 10 10
222 220 11 11
222 221 11 11
223 222 11 11
223 221 11 11
224 222 11 11
224 220 11 11
225 221 11 11
225 223 11 11
226 225 11 11
226 220 11 11
227 225 11 11
227 221 11 11
228 220 11 11
228 221 11 11
229 222 11 11
229 226 11 11
230 229 11 11
230 227 11 11
231 223 11 11
231 221 11 11
232 223 11 11
232 231 11 11
233 229 11 11
233 222 11 11
234 233 11 11
234 220 11 11
235 224 11 11
235 234 11 11
236 227 11 11
236 228 11 11
237 224 11 11
237 220 11 11
238 224 11 11
238 229 11 11
239 224 11 11
239 222 11 11
220 235 11 11
220 229 11 11
221 237 11 11
221 230 11 11
242 241 12 12
242 240 12 12
243 242 12 12
243 241 12 12
244 240 12 12
244 243 12 12
245 244 12 12
245 243 12 12
246 244 12 12
246 241 12 12
247 244 12 12
247 242 12 12
248 243 12 12
248 244 12 12
249 240 12 12
249 242 12 12
250 242 12 12
250 244 12 12
251 245 12 12
251 246 12 12
252 247 12 12
252 246 12 12
253 250 12 12
253 252 12 12
254 243 12 12
254 241 12 12
255 242 12 12
255 249 12 12
256 246 12 12
256 252 12 12
257 255 12 12
257 248 12 12
258 244 12 12
258 252 12 12
259 252 12 12
259 242 12 12
240 243 12 12
240 254 12 12
241 257 12 12
241 248 12 12
262 260 13 13
262 261 13 13
263 262 13 13
263 260 13 13
264 260 13 13
264 263 13 13
265 260 13 13
265 264 13 13
266 262 13 13
266 264 13 13
267 263 13 13
267 264 13 13
268 264 13 13
268 260 13 13
269 266 13 13
269 265 13 13
270 261 13 13
270 268 13 13
271 269 13 13
271 264 13 13
272 263 13 13
272 266 13 13
273 260 13 13
273 261 13 13
274 273 13 13
274 268 13 13
275 269 13 13
275 274 13 13
276 268 13 13
276 273 13 13
277 276 13 13
277 261 13 13
278 276 13 13
278 260 13 13
279 269 13 13
279 263 13 13
260 269 13 13
260 277 13 13
261 268 13 13
261 266 13 13
282 280 14 14
282 281 14 14
283 281 14 14
283 282 14 14
284 283 14 14
284 280 14 14
285 284 14 14
285 282 14 14
286 281 14 14
286 284 14 14
287 280 14 14
287 286 14 14
288 285 14 14
288 280 14 14
289 288 14 14
289 285 14 14
290 280 14 14
290 284 14 14
291 289 14 14
291 282 14 14
292 287 14 14
292 284 14 14
293 290 14 14
293 280 14 14
294 285 14 14
294 286 14 14
295 290 14 14
295 284 14 14
296 288 14 14
296 295 14 14
297 296 14 14
297 294 14 14
298 280 14 14
298 296 14 14
299 289 14 14
299 296 14 14
280 296 14 14
280 283 14 14
281 284 14 14
281 287 14 14
302 301 15 15
302 300 15 15
303 302 15 15
303 300 15 15
304 300 15 15
304 301 15 15
305 303 15 15
305 301 15 15
306 304 15 15
306 305 15 15
307 305 15 15
307 302 15 15
308 307 15 15
308 304 15 15
309 306 15 15
309 304 15 15
310 308 15 15
310 304 15 15
311 300 15 15
311 301 15 15
312 308 15 15
312 303 15 15
313 304 15 15
313 301 15 15
314 302 15 15
314 310 15 15
315 307 15 15
315 309 15 15
316 307 15 15
316 315 15 15
317 301 15 15
317 309 15 15
318 310 15 15
318 312 15 15
319 315 15 15
319 309 15 15
300 306 15 15
300 307 15 15
301 315 15 15
301 307 15 15
41 13 2 0
59 37 2 1
79 2 3 0
66 55 3 2
80 29 4 1
89 54 4 2
117 82 5 4
103 71 5 3
138 14 6 0
138 70 6 3
157 60 7 3
156 24 7 1
177 119 8 5
172 148 8 7
193 52 9 2
180 124 9 6
200 48 10 2
216 153 10 7
225 146 11 7
239 47 11 2
245 128 12 6
245 235 12 11
272 54 13 2
275 22 13 1
284 88 14 4
282 162 14 8
310 53 15 2
312 177 15 8
10 314 0 15
12 268 0 13
35 296 1 14
34 227 1 11
