swNum = 320
edgeNum = 672

0 0
1 0
2 0
3 0
4 0
5 0
6 0
7 0
8 0
9 0
10 0
11 0
12 0
13 0
14 0
15 0
16 0
17 0
18 0
19 0
20 1
21 1
22 1
23 1
24 1
25 1
26 1
27 1
28 1
29 1
30 1
31 1
32 1
33 1
34 1
35 1
36 1
37 1
38 1
39 1
40 2
41 2
42 2
43 2
44 2
45 2
46 2
47 2
48 2
49 2
50 2
51 2
52 2
53 2
54 2
55 2
56 2
57 2
58 2
59 2
60 3
61 3
62 3
63 3
64 3
65 3
66 3
67 3
68 3
69 3
70 3
71 3
72 3
73 3
74 3
75 3
76 3
77 3
78 3
79 3
80 4
81 4
82 4
83 4
84 4
85 4
86 4
87 4
88 4
89 4
90 4
91 4
92 4
93 4
94 4
95 4
96 4
97 4
98 4
99 4
100 5
101 5
102 5
103 5
104 5
105 5
106 5
107 5
108 5
109 5
110 5
111 5
112 5
113 5
114 5
115 5
116 5
117 5
118 5
119 5
120 6
121 6
122 6
123 6
124 6
125 6
126 6
127 6
128 6
129 6
130 6
131 6
132 6
133 6
134 6
135 6
136 6
137 6
138 6
139 6
140 7
141 7
142 7
143 7
144 7
145 7
146 7
147 7
148 7
149 7
150 7
151 7
152 7
153 7
154 7
155 7
156 7
157 7
158 7
159 7
160 8
161 8
162 8
163 8
164 8
165 8
166 8
167 8
168 8
169 8
170 8
171 8
172 8
173 8
174 8
175 8
176 8
177 8
178 8
179 8
180 9
181 9
182 9
183 9
184 9
185 9
186 9
187 9
188 9
189 9
190 9
191 9
192 9
193 9
194 9
195 9
196 9
197 9
198 9
199 9
200 10
201 10
202 10
203 10
204 10
205 10
206 10
207 10
208 10
209 10
210 10
211 10
212 10
213 10
214 10
215 10
216 10
217 10
218 10
219 10
220 11
221 11
222 11
223 11
224 11
225 11
226 11
227 11
228 11
229 11
230 11
231 11
232 11
233 11
234 11
235 11
236 11
237 11
238 11
239 11
240 12
241 12
242 12
243 12
244 12
245 12
246 12
247 12
248 12
249 12
250 12
251 12
252 12
253 12
254 12
255 12
256 12
257 12
258 12
259 12
260 13
261 13
262 13
263 13
264 13
265 13
266 13
267 13
268 13
269 13
270 13
271 13
272 13
273 13
274 13
275 13
276 13
277 13
278 13
279 13
280 14
281 14
282 14
283 14
284 14
285 14
286 14
287 14
288 14
289 14
290 14
291 14
292 14
293 14
294 14
295 14
296 14
297 14
298 14
299 14
300 15
301 15
302 15
303 15
304 15
305 15
306 15
307 15
308 15
309 15
310 15
311 15
312 15
313 15
314 15
315 15
316 15
317 15
318 15
319 15

2 0 0 0
2 1 0 0
3 2 0 0
3 0 0 0
4 0 0 0
4 2 0 0
5 2 0 0
5 4 0 0
6 3 0 0
6 5 0 0
7 2 0 0
7 5 0 0
8 6 0 0
8 1 0 0
9 5 0 0
9 0 0 0
10 0 0 0
10 9 0 0
11 8 0 0
11 5 0 0
12 7 0 0
12 10 0 0
13 3 0 0
13 6 0 0
14 2 0 0
14 13 0 0
15 8 0 0
15 3 0 0
16 13 0 0
16 0 0 0
17 15 0 0
17 2 0 0
18 2 0 0
18 7 0 0
19 15 0 0
19 17 0 0
0 14 0 0
0 8 0 0
1 17 0 0
1 12 0 0
22 20 1 1
22 21 1 1
23 20 1 1
23 22 1 1
24 20 1 1
24 23 1 1
25 20 1 1
25 21 1 1
26 24 1 1
26 23 1 1
27 26 1 1
27 22 1 1
28 22 1 1
28 25 1 1
29 21 1 1
29 27 1 1
30 29 1 1
30 25 1 1
31 30 1 1
31 24 1 1
32 24 1 1
32 20 1 1
33 27 1 1
33 24 1 1
34 26 1 1
34 29 1 1
35 22 1 1
35 31 1 1
36 22 1 1
36 28 1 1
37 27 1 1
37 34 1 1
38 26 1 1
38 37 1 1
39 33 1 1
39 36 1 1
20 33 1 1
20 39 1 1
21 23 1 1
21 34 1 1
42 40 2 2
42 41 2 2
43 41 2 2
43 40 2 2
44 40 2 2
44 42 2 2
45 44 2 2
45 42 2 2
46 42 2 2
46 45 2 2
47 46 2 2
47 40 2 2
48 47 2 2
48 46 2 2
49 43 2 2
49 42 2 2
50 46 2 2
50 48 2 2
51 50 2 2
51 48 2 2
52 47 2 2
52 43 2 2
53 43 2 2
53 51 2 2
54 53 2 2
54 50 2 2
55 52 2 2
55 53 2 2
56 54 2 2
56 47 2 2
57 55 2 2
57 44 2 2
58 48 2 2
58 51 2 2
59 54 2 2
59 40 2 2
40 50 2 2
40 53 2 2
41 49 2 2
41 55 2 2
62 61 3 3
62 60 3 3
63 62 3 3
63 60 3 3
64 62 3 3
64 63 3 3
65 64 3 3
65 61 3 3
66 65 3 3
66 61 3 3
67 66 3 3
67 60 3 3
68 64 3 3
68 66 3 3
69 60 3 3
69 62 3 3
70 68 3 3
70 61 3 3
71 65 3 3
71 69 3 3
72 70 3 3
72 61 3 3
73 60 3 3
73 61 3 3
74 71 3 3
74 72 3 3
75 65 3 3
75 69 3 3
76 61 3 3
76 66 3 3
77 73 3 3
77 74 3 3
78 62 3 3
78 69 3 3
79 70 3 3
79 76 3 3
60 78 3 3
60 66 3 3
61 71 3 3
61 63 3 3
82 81 4 4
82 80 4 4
83 82 4 4
83 81 4 4
84 81 4 4
84 83 4 4
85 83 4 4
85 81 4 4
86 80 4 4
86 82 4 4
87 82 4 4
87 81 4 4
88 84 4 4
88 86 4 4
89 85 4 4
89 84 4 4
90 84 4 4
90 81 4 4
91 83 4 4
91 82 4 4
92 88 4 4
92 91 4 4
93 90 4 4
93 80 4 4
94 85 4 4
94 86 4 4
95 89 4 4
95 90 4 4
96 87 4 4
96 95 4 4
97 95 4 4
97 91 4 4
98 93 4 4
98 91 4 4
99 83 4 4
99 93 4 4
80 94 4 4
80 84 4 4
81 89 4 4
81 94 4 4
102 101 5 5
102 100 5 5
103 102 5 5
103 101 5 5
104 102 5 5
104 101 5 5
105 103 5 5
105 101 5 5
106 102 5 5
106 101 5 5
107 100 5 5
107 101 5 5
108 102 5 5
108 103 5 5
109 105 5 5
109 108 5 5
110 109 5 5
110 108 5 5
111 104 5 5
111 110 5 5
112 100 5 5
112 104 5 5
113 112 5 5
113 100 5 5
114 110 5 5
114 105 5 5
115 101 5 5
115 109 5 5
116 110 5 5
116 100 5 5
117 105 5 5
117 114 5 5
118 104 5 5
118 112 5 5
119 108 5 5
119 115 5 5
100 110 5 5
100 114 5 5
101 118 5 5
101 113 5 5
122 121 6 6
122 120 6 6
123 120 6 6
123 121 6 6
124 120 6 6
124 121 6 6
125 120 6 6
125 124 6 6
126 123 6 6
126 122 6 6
127 126 6 6
127 123 6 6
128 127 6 6
128 122 6 6
129 120 6 6
129 124 6 6
130 123 6 6
130 128 6 6
131 130 6 6
131 123 6 6
132 124 6 6
132 128 6 6
133 129 6 6
133 125 6 6
134 122 6 6
134 127 6 6
135 124 6 6
135 128 6 6
136 124 6 6
136 122 6 6
137 126 6 6
137 130 6 6
138 121 6 6
138 127 6 6
139 120 6 6
139 121 6 6
120 130 6 6
120 136 6 6
121 133 6 6
121 132 6 6
142 140 7 7
142 141 7 7
143 142 7 7
143 140 7 7
144 141 7 7
144 143 7 7
145 142 7 7
145 144 7 7
146 143 7 7
146 144 7 7
147 144 7 7
147 141 7 7
148 144 7 7
148 147 7 7
149 148 7 7
149 146 7 7
150 144 7 7
150 147 7 7
151 146 7 7
151 145 7 7
152 143 7 7
152 148 7 7
153 145 7 7
153 142 7 7
154 149 7 7
154 144 7 7
155 144 7 7
155 140 7 7
156 141 7 7
156 144 7 7
157 148 7 7
157 147 7 7
158 156 7 7
158 140 7 7
159 150 7 7
159 158 7 7
140 157 7 7
140 150 7 7
141 146 7 7
141 159 7 7
162 161 8 8
162 160 8 8
163 160 8 8
163 162 8 8
164 162 8 8
164 161 8 8
165 160 8 8
165 161 8 8
166 163 8 8
166 162 8 8
167 166 8 8
167 160 8 8
168 161 8 8
168 165 8 8
169 165 8 8
169 167 8 8
170 169 8 8
170 168 8 8
171 165 8 8
171 163 8 8
172 164 8 8
172 166 8 8
173 170 8 8
173 161 8 8
174 171 8 8
174 162 8 8
175 171 8 8
175 162 8 8
176 170 8 8
176 172 8 8
177 164 8 8
177 166 8 8
178 176 8 8
178 169 8 8
179 169 8 8
179 173 8 8
160 166 8 8
160 169 8 8
161 171 8 8
161 178 8 8
182 181 9 9
182 180 9 9
183 182 9 9
183 181 9 9
184 182 9 9
184 181 9 9
185 182 9 9
185 183 9 9
186 180 9 9
186 181 9 9
187 183 9 9
187 185 9 9
188 184 9 9
188 182 9 9
189 188 9 9
189 184 9 9
190 182 9 9
190 187 9 9
191 182 9 9
191 181 9 9
192 181 9 9
192 183 9 9
193 181 9 9
193 184 9 9
194 186 9 9
194 189 9 9
195 192 9 9
195 183 9 9
196 192 9 9
196 187 9 9
197 180 9 9
197 189 9 9
198 194 9 9
198 187 9 9
199 181 9 9
199 197 9 9
180 193 9 9
180 189 9 9
181 190 9 9
181 185 9 9
202 200 10 10
202 201 10 10
203 202 10 10
203 200 10 10
204 200 10 10
204 203 10 10
205 204 10 10
205 201 10 10
206 205 10 10
206 204 10 10
207 200 10 10
207 204 10 10
208 201 10 10
208 203 10 10
209 202 10 10
209 201 10 10
210 208 10 10
210 203 10 10
211 209 10 10
211 206 10 10
212 211 10 10
212 201 10 10
213 204 10 10
213 203 10 10
214 203 10 10
214 201 10 10
215 210 10 10
215 202 10 10
216 215 10 10
216 205 10 10
217 216 10 10
217 201 10 10
218 208 10 10
218 212 10 10
219 218 10 10
219 210 10 10
200 206 10 10
200 216 10 10
201 203 10 10
201 213 10 10
222 221 11 11
222 220 11 11
223 221 11 11
223 220 11 11
224 222 11 11
224 223 11 11
225 224 11 11
225 222 11 11
226 222 11 11
226 224 11 11
227 224 11 11
227 222 11 11
228 224 11 11
228 226 11 11
229 228 11 11
229 220 11 11
230 225 11 11
230 220 11 11
231 222 11 11
231 227 11 11
232 230 11 11
232 227 11 11
233 225 11 11
233 227 11 11
234 230 11 11
234 232 11 11
235 230 11 11
235 227 11 11
236 230 11 11
236 231 11 11
237 228 11 11
237 229 11 11
238 226 11 11
238 222 11 11
239 234 11 11
239 226 11 11
220 228 11 11
220 232 11 11
221 232 11 11
221 235 11 11
242 240 12 12
242 241 12 12
243 241 12 12
243 242 12 12
244 241 12 12
244 243 12 12
245 244 12 12
245 241 12 12
246 244 12 12
246 243 12 12
247 241 12 12
247 244 12 12
248 241 12 12
248 247 12 12
249 241 12 12
249 248 12 12
250 248 12 12
250 242 12 12
251 247 12 12
251 248 12 12
252 244 12 12
252 251 12 12
253 251 12 12
253 246 12 12
254 251 12 12
254 243 12 12
255 251 12 12
255 249 12 12
256 251 12 12
256 252 12 12
257 243 12 12
257 249 12 12
258 252 12 12
258 254 12 12
259 246 12 12
259 252 12 12
240 251 12 12
240 246 12 12
241 259 12 12
241 250 12 12
262 261 13 13
262 260 13 13
263 261 13 13
263 262 13 13
264 261 13 13
264 263 13 13
265 262 13 13
265 264 13 13
266 263 13 13
266 264 13 13
267 261 13 13
267 266 13 13
268 267 13 13
268 262 13 13
269 262 13 13
269 265 13 13
270 262 13 13
270 266 13 13
271 268 13 13
271 263 13 13
272 270 13 13
272 262 13 13
273 260 13 13
273 265 13 13
274 262 13 13
274 260 13 13
275 260 13 13
275 269 13 13
276 268 13 13
276 262 13 13
277 261 13 13
277 262 13 13
278 276 13 13
278 272 13 13
279 262 13 13
279 271 13 13
260 270 13 13
260 266 13 13
261 271 13 13
261 279 13 13
282 281 14 14
282 280 14 14
283 282 14 14
283 281 14 14
284 280 14 14
284 282 14 14
285 280 14 14
285 284 14 14
286 285 14 14
286 284 14 14
287 280 14 14
287 284 14 14
288 282 14 14
288 287 14 14
289 288 14 14
289 286 14 14
290 280 14 14
290 285 14 14
291 280 14 14
291 288 14 14
292 284 14 14
292 281 14 14
293 288 14 14
293 291 14 14
294 288 14 14
294 284 14 14
295 283 14 14
295 282 14 14
296 294 14 14
296 288 14 14
297 288 14 14
297 282 14 14
298 294 14 14
298 285 14 14
299 282 14 14
299 297 14 14
280 288 14 14
280 289 14 14
281 298 14 14
281 297 14 14
302 301 15 15
302 300 15 15
303 300 15 15
303 302 15 15
304 303 15 15
304 301 15 15
305 304 15 15
305 303 15 15
306 301 15 15
306 300 15 15
307 304 15 15
307 301 15 15
308 303 15 15
308 307 15 15
309 301 15 15
309 307 15 15
310 306 15 15
310 302 15 15
311 302 15 15
311 300 15 15
312 308 15 15
312 305 15 15
313 311 15 15
313 303 15 15
314 303 15 15
314 307 15 15
315 304 15 15
315 301 15 15
316 312 15 15
316 305 15 15
317 301 15 15
317 311 15 15
318 300 15 15
318 314 15 15
319 312 15 15
319 313 15 15
300 313 15 15
300 314 15 15
301 318 15 15
301 308 15 15
58 18 2 0
40 28 2 1
62 9 3 0
67 33 3 1
88 41 4 2
99 32 4 1
110 89 5 4
111 38 5 1
139 32 6 1
136 5 6 0
148 73 7 3
153 44 7 2
174 26 8 1
171 17 8 0
188 58 9 2
188 60 9 3
210 68 10 3
208 25 10 1
220 159 11 7
232 125 11 6
243 183 12 9
259 154 12 7
261 4 13 0
263 62 13 3
283 27 14 1
297 179 14 8
312 183 15 9
301 5 15 0
17 191 0 9
17 92 0 4
31 182 1 9
27 264 1 13
