swNum = 320
edgeNum = 672

0 0
1 0
2 0
3 0
4 0
5 0
6 0
7 0
8 0
9 0
10 0
11 0
12 0
13 0
14 0
15 0
16 0
17 0
18 0
19 0
20 1
21 1
22 1
23 1
24 1
25 1
26 1
27 1
28 1
29 1
30 1
31 1
32 1
33 1
34 1
35 1
36 1
37 1
38 1
39 1
40 2
41 2
42 2
43 2
44 2
45 2
46 2
47 2
48 2
49 2
50 2
51 2
52 2
53 2
54 2
55 2
56 2
57 2
58 2
59 2
60 3
61 3
62 3
63 3
64 3
65 3
66 3
67 3
68 3
69 3
70 3
71 3
72 3
73 3
74 3
75 3
76 3
77 3
78 3
79 3
80 4
81 4
82 4
83 4
84 4
85 4
86 4
87 4
88 4
89 4
90 4
91 4
92 4
93 4
94 4
95 4
96 4
97 4
98 4
99 4
100 5
101 5
102 5
103 5
104 5
105 5
106 5
107 5
108 5
109 5
110 5
111 5
112 5
113 5
114 5
115 5
116 5
117 5
118 5
119 5
120 6
121 6
122 6
123 6
124 6
125 6
126 6
127 6
128 6
129 6
130 6
131 6
132 6
133 6
134 6
135 6
136 6
137 6
138 6
139 6
140 7
141 7
142 7
143 7
144 7
145 7
146 7
147 7
148 7
149 7
150 7
151 7
152 7
153 7
154 7
155 7
156 7
157 7
158 7
159 7
160 8
161 8
162 8
163 8
164 8
165 8
166 8
167 8
168 8
169 8
170 8
171 8
172 8
173 8
174 8
175 8
176 8
177 8
178 8
179 8
180 9
181 9
182 9
183 9
184 9
185 9
186 9
187 9
188 9
189 9
190 9
191 9
192 9
193 9
194 9
195 9
196 9
197 9
198 9
199 9
200 10
201 10
202 10
203 10
204 10
205 10
206 10
207 10
208 10
209 10
210 10
211 10
212 10
213 10
214 10
215 10
216 10
217 10
218 10
219 10
220 11
221 11
222 11
223 11
224 11
225 11
226 11
227 11
228 11
229 11
230 11
231 11
232 11
233 11
234 11
235 11
236 11
237 11
238 11
239 11
240 12
241 12
242 12
243 12
244 12
245 12
246 12
247 12
248 12
249 12
250 12
251 12
252 12
253 12
254 12
255 12
256 12
257 12
258 12
259 12
260 13
261 13
262 13
263 13
264 13
265 13
266 13
267 13
268 13
269 13
270 13
271 13
272 13
273 13
274 13
275 13
276 13
277 13
278 13
279 13
280 14
281 14
282 14
283 14
284 14
285 14
286 14
287 14
288 14
289 14
290 14
291 14
292 14
293 14
294 14
295 14
296 14
297 14
298 14
299 14
300 15
301 15
302 15
303 15
304 15
305 15
306 15
307 15
308 15
309 15
310 15
311 15
312 15
313 15
314 15
315 15
316 15
317 15
318 15
319 15

2 1 0 0
2 0 0 0
3 0 0 0
3 2 0 0
4 2 0 0
4 3 0 0
5 4 0 0
5 3 0 0
6 1 0 0
6 5 0 0
7 5 0 0
7 3 0 0
8 4 0 0
8 2 0 0
9 6 0 0
9 8 0 0
10 3 0 0
10 9 0 0
11 1 0 0
11 3 0 0
12 3 0 0
12 1 0 0
13 5 0 0
13 2 0 0
14 5 0 0
14 10 0 0
15 14 0 0
15 12 0 0
16 3 0 0
16 1 0 0
17 2 0 0
17 15 0 0
18 9 0 0
18 7 0 0
19 2 0 0
19 17 0 0
0 10 0 0
0 6 0 0
1 5 0 0
1 15 0 0
22 21 1 1
22 20 1 1
23 22 1 1
23 20 1 1
24 23 1 1
24 20 1 1
25 20 1 1
25 23 1 1
26 23 1 1
26 24 1 1
27 22 1 1
27 24 1 1
28 25 1 1
28 20 1 1
29 27 1 1
29 21 1 1
30 29 1 1
30 28 1 1
31 21 1 1
31 26 1 1
32 26 1 1
32 27 1 1
33 31 1 1
33 28 1 1
34 29 1 1
34 23 1 1
35 23 1 1
35 29 1 1
36 35 1 1
36 28 1 1
37 32 1 1
37 33 1 1
38 34 1 1
38 28 1 1
39 36 1 1
39 29 1 1
20 38 1 1
20 33 1 1
21 37 1 1
21 25 1 1
42 40 2 2
42 41 2 2
43 40 2 2
43 42 2 2
44 43 2 2
44 40 2 2
45 44 2 2
45 41 2 2
46 44 2 2
46 43 2 2
47 45 2 2
47 42 2 2
48 46 2 2
48 47 2 2
49 40 2 2
49 42 2 2
50 45 2 2
50 43 2 2
51 47 2 2
51 44 2 2
52 42 2 2
52 50 2 2
53 43 2 2
53 49 2 2
54 42 2 2
54 48 2 2
55 52 2 2
55 42 2 2
56 46 2 2
56 51 2 2
57 50 2 2
57 48 2 2
58 48 2 2
58 55 2 2
59 55 2 2
59 53 2 2
40 47 2 2
40 53 2 2
41 50 2 2
41 56 2 2
62 60 3 3
62 61 3 3
63 62 3 3
63 61 3 3
64 61 3 3
64 62 3 3
65 64 3 3
65 61 3 3
66 61 3 3
66 65 3 3
67 65 3 3
67 61 3 3
68 64 3 3
68 63 3 3
69 60 3 3
69 62 3 3
70 60 3 3
70 68 3 3
71 67 3 3
71 61 3 3
72 61 3 3
72 71 3 3
73 60 3 3
73 72 3 3
74 61 3 3
74 68 3 3
75 64 3 3
75 70 3 3
76 65 3 3
76 72 3 3
77 64 3 3
77 72 3 3
78 64 3 3
78 65 3 3
79 64 3 3
79 72 3 3
60 72 3 3
60 64 3 3
61 69 3 3
61 68 3 3
82 80 4 4
82 81 4 4
83 80 4 4
83 82 4 4
84 80 4 4
84 81 4 4
85 81 4 4
85 84 4 4
86 80 4 4
86 84 4 4
87 83 4 4
87 80 4 4
88 82 4 4
88 87 4 4
89 88 4 4
89 84 4 4
90 84 4 4
90 87 4 4
91 84 4 4
91 86 4 4
92 80 4 4
92 84 4 4
93 88 4 4
93 83 4 4
94 81 4 4
94 84 4 4
95 92 4 4
95 90 4 4
96 81 4 4
96 95 4 4
97 85 4 4
97 81 4 4
98 93 4 4
98 83 4 4
99 98 4 4
99 93 4 4
80 94 4 4
80 85 4 4
81 93 4 4
81 95 4 4
102 101 5 5
102 100 5 5
103 102 5 5
103 100 5 5
104 102 5 5
104 100 5 5
105 100 5 5
105 103 5 5
106 102 5 5
106 103 5 5
107 105 5 5
107 103 5 5
108 105 5 5
108 107 5 5
109 108 5 5
109 107 5 5
110 104 5 5
110 108 5 5
111 110 5 5
111 103 5 5
112 103 5 5
112 108 5 5
113 108 5 5
113 109 5 5
114 103 5 5
114 112 5 5
115 100 5 5
115 109 5 5
116 113 5 5
116 114 5 5
117 113 5 5
117 111 5 5
118 115 5 5
118 113 5 5
119 103 5 5
119 107 5 5
100 117 5 5
100 109 5 5
101 115 5 5
101 114 5 5
122 120 6 6
122 121 6 6
123 121 6 6
123 122 6 6
124 120 6 6
124 123 6 6
125 122 6 6
125 121 6 6
126 120 6 6
126 123 6 6
127 125 6 6
127 121 6 6
128 123 6 6
128 124 6 6
129 124 6 6
129 122 6 6
130 128 6 6
130 129 6 6
131 122 6 6
131 127 6 6
132 122 6 6
132 127 6 6
133 129 6 6
133 132 6 6
134 127 6 6
134 122 6 6
135 133 6 6
135 125 6 6
136 126 6 6
136 134 6 6
137 121 6 6
137 123 6 6
138 130 6 6
138 135 6 6
139 137 6 6
139 135 6 6
120 125 6 6
120 131 6 6
121 138 6 6
121 134 6 6
142 140 7 7
142 141 7 7
143 142 7 7
143 140 7 7
144 140 7 7
144 141 7 7
145 144 7 7
145 143 7 7
146 140 7 7
146 145 7 7
147 142 7 7
147 145 7 7
148 146 7 7
148 147 7 7
149 143 7 7
149 146 7 7
150 140 7 7
150 147 7 7
151 150 7 7
151 147 7 7
152 149 7 7
152 148 7 7
153 150 7 7
153 140 7 7
154 148 7 7
154 140 7 7
155 148 7 7
155 145 7 7
156 144 7 7
156 146 7 7
157 150 7 7
157 145 7 7
158 146 7 7
158 151 7 7
159 146 7 7
159 143 7 7
140 155 7 7
140 149 7 7
141 147 7 7
141 145 7 7
162 160 8 8
162 161 8 8
163 161 8 8
163 162 8 8
164 163 8 8
164 162 8 8
165 160 8 8
165 163 8 8
166 162 8 8
166 163 8 8
167 160 8 8
167 163 8 8
168 163 8 8
168 162 8 8
169 164 8 8
169 163 8 8
170 164 8 8
170 165 8 8
171 167 8 8
171 163 8 8
172 163 8 8
172 168 8 8
173 170 8 8
173 165 8 8
174 162 8 8
174 163 8 8
175 164 8 8
175 173 8 8
176 160 8 8
176 163 8 8
177 161 8 8
177 168 8 8
178 164 8 8
178 169 8 8
179 175 8 8
179 171 8 8
160 163 8 8
160 174 8 8
161 176 8 8
161 168 8 8
182 180 9 9
182 181 9 9
183 182 9 9
183 180 9 9
184 183 9 9
184 182 9 9
185 182 9 9
185 184 9 9
186 184 9 9
186 183 9 9
187 185 9 9
187 182 9 9
188 185 9 9
188 182 9 9
189 180 9 9
189 183 9 9
190 184 9 9
190 182 9 9
191 180 9 9
191 189 9 9
192 187 9 9
192 182 9 9
193 188 9 9
193 192 9 9
194 193 9 9
194 183 9 9
195 183 9 9
195 191 9 9
196 193 9 9
196 182 9 9
197 186 9 9
197 180 9 9
198 186 9 9
198 182 9 9
199 191 9 9
199 188 9 9
180 195 9 9
180 192 9 9
181 188 9 9
181 197 9 9
202 201 10 10
202 200 10 10
203 201 10 10
203 202 10 10
204 200 10 10
204 201 10 10
205 204 10 10
205 200 10 10
206 201 10 10
206 205 10 10
207 202 10 10
207 203 10 10
208 200 10 10
208 206 10 10
209 205 10 10
209 201 10 10
210 205 10 10
210 204 10 10
211 210 10 10
211 201 10 10
212 202 10 10
212 201 10 10
213 202 10 10
213 203 10 10
214 209 10 10
214 203 10 10
215 208 10 10
215 206 10 10
216 209 10 10
216 205 10 10
217 213 10 10
217 214 10 10
218 200 10 10
218 208 10 10
219 205 10 10
219 200 10 10
200 206 10 10
200 213 10 10
201 213 10 10
201 207 10 10
222 220 11 11
222 221 11 11
223 220 11 11
223 222 11 11
224 221 11 11
224 220 11 11
225 224 11 11
225 220 11 11
226 222 11 11
226 220 11 11
227 221 11 11
227 220 11 11
228 226 11 11
228 223 11 11
229 223 11 11
229 222 11 11
230 222 11 11
230 224 11 11
231 230 11 11
231 220 11 11
232 226 11 11
232 230 11 11
233 227 11 11
233 222 11 11
234 228 11 11
234 227 11 11
235 228 11 11
235 233 11 11
236 221 11 11
236 231 11 11
237 223 11 11
237 226 11 11
238 230 11 11
238 232 11 11
239 233 11 11
239 234 11 11
220 230 11 11
220 232 11 11
221 226 11 11
221 233 11 11
242 240 12 12
242 241 12 12
243 241 12 12
243 240 12 12
244 242 12 12
244 243 12 12
245 240 12 12
245 242 12 12
246 240 12 12
246 243 12 12
247 246 12 12
247 240 12 12
248 245 12 12
248 243 12 12
249 245 12 12
249 243 12 12
250 241 12 12
250 245 12 12
251 244 12 12
251 250 12 12
252 249 12 12
252 241 12 12
253 250 12 12
253 248 12 12
254 241 12 12
254 248 12 12
255 241 12 12
255 251 12 12
256 241 12 12
256 252 12 12
257 242 12 12
257 255 12 12
258 251 12 12
258 256 12 12
259 250 12 12
259 252 12 12
240 254 12 12
240 252 12 12
241 248 12 12
241 259 12 12
262 261 13 13
262 260 13 13
263 262 13 13
263 260 13 13
264 262 13 13
264 263 13 13
265 262 13 13
265 263 13 13
266 263 13 13
266 265 13 13
267 262 13 13
267 266 13 13
268 265 13 13
268 266 13 13
269 266 13 13
269 265 13 13
270 262 13 13
270 268 13 13
271 270 13 13
271 268 13 13
272 270 13 13
272 261 13 13
273 270 13 13
273 267 13 13
274 272 13 13
274 260 13 13
275 260 13 13
275 274 13 13
276 261 13 13
276 266 13 13
277 276 13 13
277 261 13 13
278 273 13 13
278 266 13 13
279 269 13 13
279 270 13 13
260 264 13 13
260 268 13 13
261 265 13 13
261 274 13 13
282 280 14 14
282 281 14 14
283 280 14 14
283 282 14 14
284 282 14 14
284 280 14 14
285 283 14 14
285 282 14 14
286 281 14 14
286 282 14 14
287 285 14 14
287 282 14 14
288 283 14 14
288 286 14 14
289 287 14 14
289 284 14 14
290 288 14 14
290 281 14 14
291 288 14 14
291 283 14 14
292 284 14 14
292 289 14 14
293 287 14 14
293 289 14 14
294 286 14 14
294 282 14 14
295 291 14 14
295 284 14 14
296 288 14 14
296 286 14 14
297 284 14 14
297 280 14 14
298 295 14 14
298 283 14 14
299 282 14 14
299 287 14 14
280 298 14 14
280 292 14 14
281 295 14 14
281 298 14 14
302 300 15 15
302 301 15 15
303 302 15 15
303 300 15 15
304 301 15 15
304 302 15 15
305 302 15 15
305 301 15 15
306 300 15 15
306 302 15 15
307 300 15 15
307 305 15 15
308 301 15 15
308 303 15 15
309 305 15 15
309 308 15 15
310 300 15 15
310 307 15 15
311 301 15 15
311 306 15 15
312 301 15 15
312 307 15 15
313 301 15 15
313 311 15 15
314 307 15 15
314 301 15 15
315 313 15 15
315 303 15 15
316 303 15 15
316 312 15 15
317 305 15 15
317 315 15 15
318 301 15 15
318 309 15 15
319 317 15 15
319 314 15 15
300 311 15 15
300 313 15 15
301 317 15 15
301 309 15 15
42 16 2 0
55 28 2 1
78 6 3 0
61 28 3 1
95 37 4 1
87 46 4 2
119 90 5 4
109 25 5 1
130 11 6 0
128 26 6 1
154 35 7 1
153 125 7 6
177 125 8 6
164 105 8 5
189 30 9 1
184 165 9 8
216 163 10 8
203 117 10 5
221 102 11 5
238 131 11 6
253 104 12 5
250 7 12 0
273 174 13 8
263 216 13 10
287 220 14 11
280 28 14 1
315 226 15 11
301 295 15 14
2 102 0 5
5 88 0 4
25 316 1 15
34 261 1 13
