swNum = 320
edgeNum = 672

0 0
1 0
2 0
3 0
4 0
5 0
6 0
7 0
8 0
9 0
10 0
11 0
12 0
13 0
14 0
15 0
16 0
17 0
18 0
19 0
20 1
21 1
22 1
23 1
24 1
25 1
26 1
27 1
28 1
29 1
30 1
31 1
32 1
33 1
34 1
35 1
36 1
37 1
38 1
39 1
40 2
41 2
42 2
43 2
44 2
45 2
46 2
47 2
48 2
49 2
50 2
51 2
52 2
53 2
54 2
55 2
56 2
57 2
58 2
59 2
60 3
61 3
62 3
63 3
64 3
65 3
66 3
67 3
68 3
69 3
70 3
71 3
72 3
73 3
74 3
75 3
76 3
77 3
78 3
79 3
80 4
81 4
82 4
83 4
84 4
85 4
86 4
87 4
88 4
89 4
90 4
91 4
92 4
93 4
94 4
95 4
96 4
97 4
98 4
99 4
100 5
101 5
102 5
103 5
104 5
105 5
106 5
107 5
108 5
109 5
110 5
111 5
112 5
113 5
114 5
115 5
116 5
117 5
118 5
119 5
120 6
121 6
122 6
123 6
124 6
125 6
126 6
127 6
128 6
129 6
130 6
131 6
132 6
133 6
134 6
135 6
136 6
137 6
138 6
139 6
140 7
141 7
142 7
143 7
144 7
145 7
146 7
147 7
148 7
149 7
150 7
151 7
152 7
153 7
154 7
155 7
156 7
157 7
158 7
159 7
160 8
161 8
162 8
163 8
164 8
165 8
166 8
167 8
168 8
169 8
170 8
171 8
172 8
173 8
174 8
175 8
176 8
177 8
178 8
179 8
180 9
181 9
182 9
183 9
184 9
185 9
186 9
187 9
188 9
189 9
190 9
191 9
192 9
193 9
194 9
195 9
196 9
197 9
198 9
199 9
200 10
201 10
202 10
203 10
204 10
205 10
206 10
207 10
208 10
209 10
210 10
211 10
212 10
213 10
214 10
215 10
216 10
217 10
218 10
219 10
220 11
221 11
222 11
223 11
224 11
225 11
226 11
227 11
228 11
229 11
230 11
231 11
232 11
233 11
234 11
235 11
236 11
237 11
238 11
239 11
240 12
241 12
242 12
243 12
244 12
245 12
246 12
247 12
248 12
249 12
250 12
251 12
252 12
253 12
254 12
255 12
256 12
257 12
258 12
259 12
260 13
261 13
262 13
263 13
264 13
265 13
266 13
267 13
268 13
269 13
270 13
271 13
272 13
273 13
274 13
275 13
276 13
277 13
278 13
279 13
280 14
281 14
282 14
283 14
284 14
285 14
286 14
287 14
288 14
289 14
290 14
291 14
292 14
293 14
294 14
295 14
296 14
297 14
298 14
299 14
300 15
301 15
302 15
303 15
304 15
305 15
306 15
307 15
308 15
309 15
310 15
311 15
312 15
313 15
314 15
315 15
316 15
317 15
318 15
319 15

2 0 0 0
2 1 0 0
3 1 0 0
3 2 0 0
4 3 0 0
4 2 0 0
5 1 0 0
5 4 0 0
6 5 0 0
6 1 0 0
7 1 0 0
7 2 0 0
8 1 0 0
8 2 0 0
9 3 0 0
9 7 0 0
10 2 0 0
10 8 0 0
11 4 0 0
11 5 0 0
12 6 0 0
12 1 0 0
13 6 0 0
13 2 0 0
14 7 0 0
14 11 0 0
15 1 0 0
15 9 0 0
16 9 0 0
16 4 0 0
17 6 0 0
17 12 0 0
18 9 0 0
18 13 0 0
19 16 0 0
19 14 0 0
0 7 0 0
0 17 0 0
1 16 0 0
1 17 0 0
22 20 1 1
22 21 1 1
23 21 1 1
23 22 1 1
24 23 1 1
24 22 1 1
25 21 1 1
25 22 1 1
26 20 1 1
26 23 1 1
27 20 1 1
27 26 1 1
28 22 1 1
28 26 1 1
29 28 1 1
29 25 1 1
30 27 1 1
30 26 1 1
31 20 1 1
31 25 1 1
32 26 1 1
32 31 1 1
33 28 1 1
33 30 1 1
34 22 1 1
34 33 1 1
35 25 1 1
35 22 1 1
36 24 1 1
36 35 1 1
37 31 1 1
37 32 1 1
38 36 1 1
38 34 1 1
39 30 1 1
39 33 1 1
20 25 1 1
20 38 1 1
21 33 1 1
21 38 1 1
42 41 2 2
42 40 2 2
43 40 2 2
43 41 2 2
44 41 2 2
44 40 2 2
45 44 2 2
45 43 2 2
46 41 2 2
46 40 2 2
47 42 2 2
47 44 2 2
48 44 2 2
48 43 2 2
49 43 2 2
49 42 2 2
50 42 2 2
50 40 2 2
51 42 2 2
51 49 2 2
52 44 2 2
52 49 2 2
53 40 2 2
53 52 2 2
54 53 2 2
54 47 2 2
55 43 2 2
55 41 2 2
56 52 2 2
56 43 2 2
57 56 2 2
57 52 2 2
58 57 2 2
58 44 2 2
59 57 2 2
59 40 2 2
40 57 2 2
40 49 2 2
41 48 2 2
41 52 2 2
62 60 3 3
62 61 3 3
63 62 3 3
63 60 3 3
64 63 3 3
64 62 3 3
65 62 3 3
65 63 3 3
66 60 3 3
66 62 3 3
67 66 3 3
67 63 3 3
68 64 3 3
68 65 3 3
69 68 3 3
69 64 3 3
70 61 3 3
70 62 3 3
71 68 3 3
71 69 3 3
72 68 3 3
72 71 3 3
73 60 3 3
73 67 3 3
74 72 3 3
74 73 3 3
75 64 3 3
75 72 3 3
76 70 3 3
76 62 3 3
77 65 3 3
77 67 3 3
78 74 3 3
78 63 3 3
79 74 3 3
79 75 3 3
60 78 3 3
60 75 3 3
61 76 3 3
61 72 3 3
82 81 4 4
82 80 4 4
83 81 4 4
83 82 4 4
84 80 4 4
84 81 4 4
85 80 4 4
85 84 4 4
86 85 4 4
86 84 4 4
87 81 4 4
87 82 4 4
88 84 4 4
88 85 4 4
89 85 4 4
89 81 4 4
90 86 4 4
90 80 4 4
91 81 4 4
91 82 4 4
92 87 4 4
92 80 4 4
93 90 4 4
93 92 4 4
94 80 4 4
94 88 4 4
95 82 4 4
95 86 4 4
96 91 4 4
96 84 4 4
97 93 4 4
97 86 4 4
98 85 4 4
98 84 4 4
99 96 4 4
99 94 4 4
80 89 4 4
80 86 4 4
81 97 4 4
81 96 4 4
102 101 5 5
102 100 5 5
103 102 5 5
103 101 5 5
104 102 5 5
104 101 5 5
105 102 5 5
105 100 5 5
106 100 5 5
106 105 5 5
107 103 5 5
107 104 5 5
108 107 5 5
108 101 5 5
109 100 5 5
109 104 5 5
110 107 5 5
110 102 5 5
111 101 5 5
111 102 5 5
112 108 5 5
112 102 5 5
113 100 5 5
113 105 5 5
114 109 5 5
114 105 5 5
115 104 5 5
115 103 5 5
116 110 5 5
116 115 5 5
117 108 5 5
117 115 5 5
118 101 5 5
118 116 5 5
119 115 5 5
119 118 5 5
100 114 5 5
100 112 5 5
101 107 5 5
101 113 5 5
122 120 6 6
122 121 6 6
123 120 6 6
123 122 6 6
124 123 6 6
124 120 6 6
125 121 6 6
125 122 6 6
126 122 6 6
126 125 6 6
127 120 6 6
127 125 6 6
128 122 6 6
128 125 6 6
129 122 6 6
129 125 6 6
130 128 6 6
130 122 6 6
131 125 6 6
131 130 6 6
132 125 6 6
132 123 6 6
133 130 6 6
133 132 6 6
134 124 6 6
134 120 6 6
135 124 6 6
135 133 6 6
136 125 6 6
136 130 6 6
137 120 6 6
137 134 6 6
138 134 6 6
138 137 6 6
139 138 6 6
139 136 6 6
120 138 6 6
120 125 6 6
121 136 6 6
121 126 6 6
142 141 7 7
142 140 7 7
143 141 7 7
143 140 7 7
144 141 7 7
144 142 7 7
145 143 7 7
145 144 7 7
146 141 7 7
146 143 7 7
147 144 7 7
147 141 7 7
148 146 7 7
148 140 7 7
149 140 7 7
149 144 7 7
150 146 7 7
150 149 7 7
151 150 7 7
151 149 7 7
152 148 7 7
152 143 7 7
153 144 7 7
153 143 7 7
154 147 7 7
154 143 7 7
155 152 7 7
155 146 7 7
156 152 7 7
156 146 7 7
157 148 7 7
157 155 7 7
158 155 7 7
158 145 7 7
159 141 7 7
159 151 7 7
140 151 7 7
140 150 7 7
141 149 7 7
141 145 7 7
162 161 8 8
162 160 8 8
163 160 8 8
163 161 8 8
164 160 8 8
164 163 8 8
165 164 8 8
165 160 8 8
166 160 8 8
166 161 8 8
167 165 8 8
167 160 8 8
168 160 8 8
168 163 8 8
169 161 8 8
169 164 8 8
170 167 8 8
170 169 8 8
171 169 8 8
171 161 8 8
172 164 8 8
172 160 8 8
173 163 8 8
173 168 8 8
174 171 8 8
174 170 8 8
175 161 8 8
175 163 8 8
176 162 8 8
176 164 8 8
177 160 8 8
177 167 8 8
178 175 8 8
178 162 8 8
179 167 8 8
179 162 8 8
160 175 8 8
160 174 8 8
161 167 8 8
161 164 8 8
182 181 9 9
182 180 9 9
183 181 9 9
183 182 9 9
184 181 9 9
184 180 9 9
185 184 9 9
185 182 9 9
186 183 9 9
186 184 9 9
187 183 9 9
187 185 9 9
188 180 9 9
188 181 9 9
189 185 9 9
189 182 9 9
190 182 9 9
190 188 9 9
191 182 9 9
191 187 9 9
192 185 9 9
192 181 9 9
193 181 9 9
193 185 9 9
194 185 9 9
194 182 9 9
195 193 9 9
195 190 9 9
196 193 9 9
196 188 9 9
197 194 9 9
197 185 9 9
198 181 9 9
198 194 9 9
199 192 9 9
199 183 9 9
180 199 9 9
180 190 9 9
181 199 9 9
181 196 9 9
202 200 10 10
202 201 10 10
203 200 10 10
203 202 10 10
204 200 10 10
204 203 10 10
205 204 10 10
205 201 10 10
206 205 10 10
206 204 10 10
207 204 10 10
207 200 10 10
208 203 10 10
208 207 10 10
209 208 10 10
209 206 10 10
210 201 10 10
210 208 10 10
211 205 10 10
211 208 10 10
212 208 10 10
212 205 10 10
213 206 10 10
213 202 10 10
214 200 10 10
214 207 10 10
215 202 10 10
215 200 10 10
216 206 10 10
216 213 10 10
217 210 10 10
217 204 10 10
218 212 10 10
218 216 10 10
219 211 10 10
219 204 10 10
200 217 10 10
200 216 10 10
201 208 10 10
201 212 10 10
222 221 11 11
222 220 11 11
223 221 11 11
223 220 11 11
224 222 11 11
224 221 11 11
225 220 11 11
225 222 11 11
226 223 11 11
226 225 11 11
227 223 11 11
227 225 11 11
228 225 11 11
228 227 11 11
229 222 11 11
229 221 11 11
230 225 11 11
230 220 11 11
231 228 11 11
231 223 11 11
232 223 11 11
232 225 11 11
233 222 11 11
233 221 11 11
234 223 11 11
234 227 11 11
235 229 11 11
235 230 11 11
236 231 11 11
236 226 11 11
237 220 11 11
237 228 11 11
238 226 11 11
238 224 11 11
239 224 11 11
239 238 11 11
220 232 11 11
220 238 11 11
221 237 11 11
221 235 11 11
242 240 12 12
242 241 12 12
243 240 12 12
243 242 12 12
244 241 12 12
244 240 12 12
245 243 12 12
245 241 12 12
246 240 12 12
246 242 12 12
247 242 12 12
247 246 12 12
248 240 12 12
248 242 12 12
249 246 12 12
249 243 12 12
250 248 12 12
250 242 12 12
251 244 12 12
251 241 12 12
252 241 12 12
252 244 12 12
253 249 12 12
253 246 12 12
254 245 12 12
254 252 12 12
255 242 12 12
255 254 12 12
256 241 12 12
256 250 12 12
257 252 12 12
257 245 12 12
258 242 12 12
258 244 12 12
259 249 12 12
259 255 12 12
240 250 12 12
240 253 12 12
241 257 12 12
241 248 12 12
262 261 13 13
262 260 13 13
263 261 13 13
263 262 13 13
264 263 13 13
264 262 13 13
265 261 13 13
265 260 13 13
266 264 13 13
266 262 13 13
267 264 13 13
267 266 13 13
268 263 13 13
268 261 13 13
269 260 13 13
269 262 13 13
270 262 13 13
270 266 13 13
271 265 13 13
271 270 13 13
272 267 13 13
272 265 13 13
273 260 13 13
273 269 13 13
274 263 13 13
274 261 13 13
275 271 13 13
275 270 13 13
276 275 13 13
276 260 13 13
277 267 13 13
277 272 13 13
278 273 13 13
278 264 13 13
279 271 13 13
279 260 13 13
260 271 13 13
260 275 13 13
261 275 13 13
261 264 13 13
282 281 14 14
282 280 14 14
283 281 14 14
283 282 14 14
284 283 14 14
284 280 14 14
285 282 14 14
285 281 14 14
286 281 14 14
286 280 14 14
287 283 14 14
287 281 14 14
288 280 14 14
288 283 14 14
289 280 14 14
289 288 14 14
290 285 14 14
290 282 14 14
291 288 14 14
291 287 14 14
292 280 14 14
292 286 14 14
293 290 14 14
293 282 14 14
294 293 14 14
294 288 14 14
295 292 14 14
295 287 14 14
296 289 14 14
296 280 14 14
297 286 14 14
297 289 14 14
298 292 14 14
298 281 14 14
299 281 14 14
299 289 14 14
280 298 14 14
280 287 14 14
281 292 14 14
281 294 14 14
302 301 15 15
302 300 15 15
303 301 15 15
303 300 15 15
304 300 15 15
304 302 15 15
305 304 15 15
305 300 15 15
306 301 15 15
306 300 15 15
307 301 15 15
307 305 15 15
308 302 15 15
308 301 15 15
309 306 15 15
309 304 15 15
310 309 15 15
310 302 15 15
311 300 15 15
311 305 15 15
312 306 15 15
312 308 15 15
313 300 15 15
313 310 15 15
314 309 15 15
314 311 15 15
315 305 15 15
315 302 15 15
316 300 15 15
316 307 15 15
317 300 15 15
317 314 15 15
318 314 15 15
318 306 15 15
319 310 15 15
319 315 15 15
300 315 15 15
300 318 15 15
301 311 15 15
301 318 15 15
56 16 2 0
49 35 2 1
60 50 3 2
79 6 3 0
95 48 4 2
97 9 4 0
104 69 5 3
104 17 5 0
130 29 6 1
122 40 6 2
155 17 7 0
151 54 7 2
164 102 8 5
161 129 8 6
195 114 9 5
182 41 9 2
206 189 10 9
202 89 10 4
221 42 11 2
237 134 11 6
241 235 12 11
241 52 12 2
266 91 13 4
269 133 13 6
284 114 14 5
296 242 14 12
302 12 15 0
317 74 15 3
14 299 0 14
10 271 0 13
25 305 1 15
28 189 1 9
