swNum = 320
edgeNum = 672

0 0
1 0
2 0
3 0
4 0
5 0
6 0
7 0
8 0
9 0
10 0
11 0
12 0
13 0
14 0
15 0
16 0
17 0
18 0
19 0
20 1
21 1
22 1
23 1
24 1
25 1
26 1
27 1
28 1
29 1
30 1
31 1
32 1
33 1
34 1
35 1
36 1
37 1
38 1
39 1
40 2
41 2
42 2
43 2
44 2
45 2
46 2
47 2
48 2
49 2
50 2
51 2
52 2
53 2
54 2
55 2
56 2
57 2
58 2
59 2
60 3
61 3
62 3
63 3
64 3
65 3
66 3
67 3
68 3
69 3
70 3
71 3
72 3
73 3
74 3
75 3
76 3
77 3
78 3
79 3
80 4
81 4
82 4
83 4
84 4
85 4
86 4
87 4
88 4
89 4
90 4
91 4
92 4
93 4
94 4
95 4
96 4
97 4
98 4
99 4
100 5
101 5
102 5
103 5
104 5
105 5
106 5
107 5
108 5
109 5
110 5
111 5
112 5
113 5
114 5
115 5
116 5
117 5
118 5
119 5
120 6
121 6
122 6
123 6
124 6
125 6
126 6
127 6
128 6
129 6
130 6
131 6
132 6
133 6
134 6
135 6
136 6
137 6
138 6
139 6
140 7
141 7
142 7
143 7
144 7
145 7
146 7
147 7
148 7
149 7
150 7
151 7
152 7
153 7
154 7
155 7
156 7
157 7
158 7
159 7
160 8
161 8
162 8
163 8
164 8
165 8
166 8
167 8
168 8
169 8
170 8
171 8
172 8
173 8
174 8
175 8
176 8
177 8
178 8
179 8
180 9
181 9
182 9
183 9
184 9
185 9
186 9
187 9
188 9
189 9
190 9
191 9
192 9
193 9
194 9
195 9
196 9
197 9
198 9
199 9
200 10
201 10
202 10
203 10
204 10
205 10
206 10
207 10
208 10
209 10
210 10
211 10
212 10
213 10
214 10
215 10
216 10
217 10
218 10
219 10
220 11
221 11
222 11
223 11
224 11
225 11
226 11
227 11
228 11
229 11
230 11
231 11
232 11
233 11
234 11
235 11
236 11
237 11
238 11
239 11
240 12
241 12
242 12
243 12
244 12
245 12
246 12
247 12
248 12
249 12
250 12
251 12
252 12
253 12
254 12
255 12
256 12
257 12
258 12
259 12
260 13
261 13
262 13
263 13
264 13
265 13
266 13
267 13
268 13
269 13
270 13
271 13
272 13
273 13
274 13
275 13
276 13
277 13
278 13
279 13
280 14
281 14
282 14
283 14
284 14
285 14
286 14
287 14
288 14
289 14
290 14
291 14
292 14
293 14
294 14
295 14
296 14
297 14
298 14
299 14
300 15
301 15
302 15
303 15
304 15
305 15
306 15
307 15
308 15
309 15
310 15
311 15
312 15
313 15
314 15
315 15
316 15
317 15
318 15
319 15

2 1 0 0
2 0 0 0
3 2 0 0
3 0 0 0
4 2 0 0
4 1 0 0
5 2 0 0
5 4 0 0
6 3 0 0
6 4 0 0
7 6 0 0
7 2 0 0
8 6 0 0
8 0 0 0
9 0 0 0
9 7 0 0
10 4 0 0
10 1 0 0
11 1 0 0
11 0 0 0
12 0 0 0
12 4 0 0
13 5 0 0
13 8 0 0
14 12 0 0
14 5 0 0
15 6 0 0
15 5 0 0
16 8 0 0
16 9 0 0
17 16 0 0
17 7 0 0
18 14 0 0
18 8 0 0
19 5 0 0
19 17 0 0
0 13 0 0
0 17 0 0
1 17 0 0
1 14 0 0
22 21 1 1
22 20 1 1
23 20 1 1
23 21 1 1
24 20 1 1
24 22 1 1
25 24 1 1
25 23 1 1
26 22 1 1
26 21 1 1
27 23 1 1
27 25 1 1
28 23 1 1
28 27 1 1
29 28 1 1
29 26 1 1
30 28 1 1
30 25 1 1
31 25 1 1
31 24 1 1
32 25 1 1
32 23 1 1
33 25 1 1
33 23 1 1
34 28 1 1
34 30 1 1
35 33 1 1
35 23 1 1
36 35 1 1
36 29 1 1
37 26 1 1
37 33 1 1
38 21 1 1
38 36 1 1
39 31 1 1
39 27 1 1
20 30 1 1
20 35 1 1
21 30 1 1
21 36 1 1
42 41 2 2
42 40 2 2
43 42 2 2
43 41 2 2
44 42 2 2
44 41 2 2
45 41 2 2
45 44 2 2
46 44 2 2
46 45 2 2
47 43 2 2
47 44 2 2
48 43 2 2
48 42 2 2
49 44 2 2
49 41 2 2
50 44 2 2
50 41 2 2
51 40 2 2
51 44 2 2
52 43 2 2
52 49 2 2
53 48 2 2
53 40 2 2
54 47 2 2
54 46 2 2
55 53 2 2
55 49 2 2
56 43 2 2
56 49 2 2
57 50 2 2
57 56 2 2
58 45 2 2
58 50 2 2
59 46 2 2
59 47 2 2
40 46 2 2
40 49 2 2
41 53 2 2
41 47 2 2
62 61 3 3
62 60 3 3
63 60 3 3
63 62 3 3
64 62 3 3
64 61 3 3
65 60 3 3
65 63 3 3
66 60 3 3
66 61 3 3
67 64 3 3
67 63 3 3
68 60 3 3
68 63 3 3
69 61 3 3
69 60 3 3
70 61 3 3
70 66 3 3
71 64 3 3
71 66 3 3
72 63 3 3
72 66 3 3
73 70 3 3
73 66 3 3
74 68 3 3
74 65 3 3
75 62 3 3
75 65 3 3
76 60 3 3
76 72 3 3
77 66 3 3
77 63 3 3
78 69 3 3
78 61 3 3
79 60 3 3
79 71 3 3
60 75 3 3
60 64 3 3
61 77 3 3
61 74 3 3
82 80 4 4
82 81 4 4
83 81 4 4
83 82 4 4
84 81 4 4
84 82 4 4
85 82 4 4
85 83 4 4
86 84 4 4
86 80 4 4
87 85 4 4
87 84 4 4
88 85 4 4
88 83 4 4
89 87 4 4
89 84 4 4
90 81 4 4
90 84 4 4
91 88 4 4
91 85 4 4
92 80 4 4
92 89 4 4
93 85 4 4
93 83 4 4
94 82 4 4
94 89 4 4
95 87 4 4
95 81 4 4
96 83 4 4
96 87 4 4
97 83 4 4
97 94 4 4
98 80 4 4
98 86 4 4
99 96 4 4
99 90 4 4
80 97 4 4
80 87 4 4
81 96 4 4
81 88 4 4
102 100 5 5
102 101 5 5
103 101 5 5
103 102 5 5
104 101 5 5
104 103 5 5
105 101 5 5
105 100 5 5
106 101 5 5
106 104 5 5
107 103 5 5
107 106 5 5
108 101 5 5
108 104 5 5
109 106 5 5
109 105 5 5
110 101 5 5
110 109 5 5
111 101 5 5
111 106 5 5
112 108 5 5
112 100 5 5
113 106 5 5
113 109 5 5
114 110 5 5
114 106 5 5
115 100 5 5
115 112 5 5
116 104 5 5
116 107 5 5
117 100 5 5
117 113 5 5
118 115 5 5
118 100 5 5
119 117 5 5
119 100 5 5
100 103 5 5
100 111 5 5
101 112 5 5
101 119 5 5
122 121 6 6
122 120 6 6
123 121 6 6
123 122 6 6
124 123 6 6
124 121 6 6
125 123 6 6
125 122 6 6
126 125 6 6
126 124 6 6
127 125 6 6
127 123 6 6
128 126 6 6
128 121 6 6
129 126 6 6
129 124 6 6
130 126 6 6
130 124 6 6
131 127 6 6
131 120 6 6
132 130 6 6
132 124 6 6
133 132 6 6
133 131 6 6
134 131 6 6
134 132 6 6
135 132 6 6
135 134 6 6
136 131 6 6
136 126 6 6
137 123 6 6
137 128 6 6
138 135 6 6
138 129 6 6
139 135 6 6
139 133 6 6
120 136 6 6
120 127 6 6
121 138 6 6
121 130 6 6
142 141 7 7
142 140 7 7
143 140 7 7
143 141 7 7
144 140 7 7
144 142 7 7
145 144 7 7
145 141 7 7
146 142 7 7
146 145 7 7
147 146 7 7
147 144 7 7
148 145 7 7
148 140 7 7
149 144 7 7
149 141 7 7
150 143 7 7
150 148 7 7
151 143 7 7
151 141 7 7
152 147 7 7
152 142 7 7
153 152 7 7
153 150 7 7
154 153 7 7
154 142 7 7
155 148 7 7
155 140 7 7
156 145 7 7
156 140 7 7
157 146 7 7
157 144 7 7
158 152 7 7
158 155 7 7
159 155 7 7
159 144 7 7
140 151 7 7
140 145 7 7
141 156 7 7
141 155 7 7
162 160 8 8
162 161 8 8
163 160 8 8
163 161 8 8
164 161 8 8
164 160 8 8
165 160 8 8
165 161 8 8
166 164 8 8
166 163 8 8
167 165 8 8
167 160 8 8
168 166 8 8
168 161 8 8
169 166 8 8
169 160 8 8
170 169 8 8
170 165 8 8
171 162 8 8
171 167 8 8
172 171 8 8
172 167 8 8
173 163 8 8
173 161 8 8
174 164 8 8
174 163 8 8
175 169 8 8
175 166 8 8
176 171 8 8
176 167 8 8
177 171 8 8
177 170 8 8
178 173 8 8
178 160 8 8
179 176 8 8
179 163 8 8
160 175 8 8
160 170 8 8
161 167 8 8
161 174 8 8
182 181 9 9
182 180 9 9
183 182 9 9
183 180 9 9
184 180 9 9
184 182 9 9
185 180 9 9
185 184 9 9
186 180 9 9
186 185 9 9
187 181 9 9
187 183 9 9
188 183 9 9
188 185 9 9
189 180 9 9
189 181 9 9
190 181 9 9
190 188 9 9
191 189 9 9
191 181 9 9
192 187 9 9
192 188 9 9
193 180 9 9
193 186 9 9
194 181 9 9
194 183 9 9
195 188 9 9
195 189 9 9
196 188 9 9
196 187 9 9
197 193 9 9
197 182 9 9
198 194 9 9
198 185 9 9
199 190 9 9
199 186 9 9
180 199 9 9
180 195 9 9
181 198 9 9
181 188 9 9
202 200 10 10
202 201 10 10
203 200 10 10
203 202 10 10
204 202 10 10
204 203 10 10
205 203 10 10
205 202 10 10
206 202 10 10
206 203 10 10
207 206 10 10
207 204 10 10
208 206 10 10
208 207 10 10
209 207 10 10
209 205 10 10
210 203 10 10
210 205 10 10
211 210 10 10
211 206 10 10
212 200 10 10
212 209 10 10
213 211 10 10
213 212 10 10
214 202 10 10
214 201 10 10
215 204 10 10
215 201 10 10
216 203 10 10
216 208 10 10
217 206 10 10
217 202 10 10
218 212 10 10
218 209 10 10
219 205 10 10
219 213 10 10
200 210 10 10
200 211 10 10
201 211 10 10
201 204 10 10
222 221 11 11
222 220 11 11
223 221 11 11
223 222 11 11
224 220 11 11
224 221 11 11
225 224 11 11
225 223 11 11
226 220 11 11
226 221 11 11
227 223 11 11
227 222 11 11
228 223 11 11
228 226 11 11
229 227 11 11
229 223 11 11
230 221 11 11
230 224 11 11
231 226 11 11
231 224 11 11
232 229 11 11
232 228 11 11
233 231 11 11
233 226 11 11
234 230 11 11
234 229 11 11
235 229 11 11
235 230 11 11
236 234 11 11
236 233 11 11
237 229 11 11
237 224 11 11
238 220 11 11
238 228 11 11
239 220 11 11
239 221 11 11
220 231 11 11
220 228 11 11
221 228 11 11
221 237 11 11
242 241 12 12
242 240 12 12
243 242 12 12
243 241 12 12
244 240 12 12
244 241 12 12
245 241 12 12
245 244 12 12
246 241 12 12
246 243 12 12
247 246 12 12
247 244 12 12
248 243 12 12
248 246 12 12
249 247 12 12
249 242 12 12
250 244 12 12
250 241 12 12
251 244 12 12
251 242 12 12
252 243 12 12
252 244 12 12
253 241 12 12
253 245 12 12
254 242 12 12
254 251 12 12
255 242 12 12
255 246 12 12
256 242 12 12
256 241 12 12
257 256 12 12
257 243 12 12
258 245 12 12
258 253 12 12
259 246 12 12
259 247 12 12
240 250 12 12
240 251 12 12
241 259 12 12
241 257 12 12
262 260 13 13
262 261 13 13
263 261 13 13
263 262 13 13
264 263 13 13
264 260 13 13
265 262 13 13
265 261 13 13
266 261 13 13
266 264 13 13
267 264 13 13
267 261 13 13
268 265 13 13
268 264 13 13
269 265 13 13
269 266 13 13
270 268 13 13
270 269 13 13
271 260 13 13
271 262 13 13
272 260 13 13
272 271 13 13
273 266 13 13
273 265 13 13
274 264 13 13
274 263 13 13
275 272 13 13
275 263 13 13
276 265 13 13
276 270 13 13
277 260 13 13
277 263 13 13
278 273 13 13
278 263 13 13
279 266 13 13
279 264 13 13
260 269 13 13
260 270 13 13
261 272 13 13
261 269 13 13
282 281 14 14
282 280 14 14
283 281 14 14
283 282 14 14
284 280 14 14
284 283 14 14
285 281 14 14
285 284 14 14
286 282 14 14
286 283 14 14
287 285 14 14
287 281 14 14
288 285 14 14
288 283 14 14
289 285 14 14
289 281 14 14
290 283 14 14
290 281 14 14
291 281 14 14
291 284 14 14
292 285 14 14
292 290 14 14
293 291 14 14
293 283 14 14
294 290 14 14
294 283 14 14
295 283 14 14
295 294 14 14
296 289 14 14
296 285 14 14
297 289 14 14
297 296 14 14
298 294 14 14
298 289 14 14
299 294 14 14
299 284 14 14
280 294 14 14
280 299 14 14
281 294 14 14
281 288 14 14
302 301 15 15
302 300 15 15
303 300 15 15
303 301 15 15
304 302 15 15
304 301 15 15
305 303 15 15
305 301 15 15
306 305 15 15
306 301 15 15
307 306 15 15
307 305 15 15
308 307 15 15
308 300 15 15
309 306 15 15
309 302 15 15
310 308 15 15
310 300 15 15
311 301 15 15
311 305 15 15
312 310 15 15
312 309 15 15
313 302 15 15
313 312 15 15
314 312 15 15
314 311 15 15
315 303 15 15
315 313 15 15
316 306 15 15
316 313 15 15
317 307 15 15
317 304 15 15
318 304 15 15
318 309 15 15
319 318 15 15
319 313 15 15
300 319 15 15
300 306 15 15
301 313 15 15
301 309 15 15
52 35 2 1
53 10 2 0
65 1 3 0
71 38 3 1
82 58 4 2
82 15 4 0
106 93 5 4
112 12 5 0
122 64 6 3
131 90 6 4
145 116 7 5
154 120 7 6
178 98 8 4
174 115 8 5
196 95 9 4
184 169 9 8
208 119 10 5
215 88 10 4
239 95 11 4
233 123 11 6
259 122 12 6
250 185 12 9
266 177 13 8
263 184 13 9
294 272 14 13
288 161 14 8
302 245 15 12
312 43 15 2
4 200 0 10
4 311 0 15
37 210 1 10
36 88 1 4
