swNum = 320
edgeNum = 672

0 0
1 0
2 0
3 0
4 0
5 0
6 0
7 0
8 0
9 0
10 0
11 0
12 0
13 0
14 0
15 0
16 0
17 0
18 0
19 0
20 1
21 1
22 1
23 1
24 1
25 1
26 1
27 1
28 1
29 1
30 1
31 1
32 1
33 1
34 1
35 1
36 1
37 1
38 1
39 1
40 2
41 2
42 2
43 2
44 2
45 2
46 2
47 2
48 2
49 2
50 2
51 2
52 2
53 2
54 2
55 2
56 2
57 2
58 2
59 2
60 3
61 3
62 3
63 3
64 3
65 3
66 3
67 3
68 3
69 3
70 3
71 3
72 3
73 3
74 3
75 3
76 3
77 3
78 3
79 3
80 4
81 4
82 4
83 4
84 4
85 4
86 4
87 4
88 4
89 4
90 4
91 4
92 4
93 4
94 4
95 4
96 4
97 4
98 4
99 4
100 5
101 5
102 5
103 5
104 5
105 5
106 5
107 5
108 5
109 5
110 5
111 5
112 5
113 5
114 5
115 5
116 5
117 5
118 5
119 5
120 6
121 6
122 6
123 6
124 6
125 6
126 6
127 6
128 6
129 6
130 6
131 6
132 6
133 6
134 6
135 6
136 6
137 6
138 6
139 6
140 7
141 7
142 7
143 7
144 7
145 7
146 7
147 7
148 7
149 7
150 7
151 7
152 7
153 7
154 7
155 7
156 7
157 7
158 7
159 7
160 8
161 8
162 8
163 8
164 8
165 8
166 8
167 8
168 8
169 8
170 8
171 8
172 8
173 8
174 8
175 8
176 8
177 8
178 8
179 8
180 9
181 9
182 9
183 9
184 9
185 9
186 9
187 9
188 9
189 9
190 9
191 9
192 9
193 9
194 9
195 9
196 9
197 9
198 9
199 9
200 10
201 10
202 10
203 10
204 10
205 10
206 10
207 10
208 10
209 10
210 10
211 10
212 10
213 10
214 10
215 10
216 10
217 10
218 10
219 10
220 11
221 11
222 11
223 11
224 11
225 11
226 11
227 11
228 11
229 11
230 11
231 11
232 11
233 11
234 11
235 11
236 11
237 11
238 11
239 11
240 12
241 12
242 12
243 12
244 12
245 12
246 12
247 12
248 12
249 12
250 12
251 12
252 12
253 12
254 12
255 12
256 12
257 12
258 12
259 12
260 13
261 13
262 13
263 13
264 13
265 13
266 13
267 13
268 13
269 13
270 13
271 13
272 13
273 13
274 13
275 13
276 13
277 13
278 13
279 13
280 14
281 14
282 14
283 14
284 14
285 14
286 14
287 14
288 14
289 14
290 14
291 14
292 14
293 14
294 14
295 14
296 14
297 14
298 14
299 14
300 15
301 15
302 15
303 15
304 15
305 15
306 15
307 15
308 15
309 15
310 15
311 15
312 15
313 15
314 15
315 15
316 15
317 15
318 15
319 15

2 1 0 0
2 0 0 0
3 0 0 0
3 1 0 0
4 3 0 0
4 2 0 0
5 2 0 0
5 1 0 0
6 4 0 0
6 2 0 0
7 2 0 0
7 4 0 0
8 5 0 0
8 4 0 0
9 0 0 0
9 5 0 0
10 7 0 0
10 8 0 0
11 5 0 0
11 3 0 0
12 9 0 0
12 7 0 0
13 7 0 0
13 2 0 0
14 2 0 0
14 13 0 0
15 9 0 0
15 8 0 0
16 1 0 0
16 3 0 0
17 2 0 0
17 16 0 0
18 2 0 0
18 8 0 0
19 15 0 0
19 0 0 0
0 15 0 0
0 17 0 0
1 18 0 0
1 9 0 0
22 20 1 1
22 21 1 1
23 22 1 1
23 21 1 1
24 21 1 1
24 23 1 1
25 23 1 1
25 20 1 1
26 25 1 1
26 24 1 1
27 25 1 1
27 26 1 1
28 22 1 1
28 20 1 1
29 25 1 1
29 28 1 1
30 27 1 1
30 25 1 1
31 21 1 1
31 30 1 1
32 28 1 1
32 22 1 1
33 29 1 1
33 32 1 1
34 24 1 1
34 30 1 1
35 27 1 1
35 25 1 1
36 21 1 1
36 31 1 1
37 26 1 1
37 22 1 1
38 28 1 1
38 20 1 1
39 26 1 1
39 36 1 1
20 33 1 1
20 24 1 1
21 39 1 1
21 34 1 1
42 41 2 2
42 40 2 2
43 41 2 2
43 40 2 2
44 43 2 2
44 42 2 2
45 41 2 2
45 44 2 2
46 44 2 2
46 45 2 2
47 44 2 2
47 42 2 2
48 41 2 2
48 42 2 2
49 43 2 2
49 42 2 2
50 41 2 2
50 44 2 2
51 44 2 2
51 45 2 2
52 51 2 2
52 48 2 2
53 49 2 2
53 48 2 2
54 47 2 2
54 42 2 2
55 50 2 2
55 54 2 2
56 40 2 2
56 41 2 2
57 50 2 2
57 51 2 2
58 42 2 2
58 45 2 2
59 46 2 2
59 56 2 2
40 53 2 2
40 46 2 2
41 57 2 2
41 55 2 2
62 60 3 3
62 61 3 3
63 60 3 3
63 61 3 3
64 60 3 3
64 62 3 3
65 60 3 3
65 61 3 3
66 64 3 3
66 63 3 3
67 65 3 3
67 63 3 3
68 65 3 3
68 60 3 3
69 64 3 3
69 62 3 3
70 66 3 3
70 62 3 3
71 69 3 3
71 70 3 3
72 66 3 3
72 60 3 3
73 64 3 3
73 67 3 3
74 63 3 3
74 73 3 3
75 66 3 3
75 64 3 3
76 63 3 3
76 65 3 3
77 73 3 3
77 66 3 3
78 72 3 3
78 77 3 3
79 64 3 3
79 71 3 3
60 76 3 3
60 77 3 3
61 76 3 3
61 75 3 3
82 81 4 4
82 80 4 4
83 81 4 4
83 80 4 4
84 83 4 4
84 80 4 4
85 80 4 4
85 81 4 4
86 81 4 4
86 85 4 4
87 86 4 4
87 82 4 4
88 85 4 4
88 81 4 4
89 86 4 4
89 83 4 4
90 86 4 4
90 85 4 4
91 86 4 4
91 89 4 4
92 87 4 4
92 88 4 4
93 91 4 4
93 80 4 4
94 84 4 4
94 90 4 4
95 80 4 4
95 89 4 4
96 92 4 4
96 86 4 4
97 90 4 4
97 93 4 4
98 84 4 4
98 93 4 4
99 89 4 4
99 80 4 4
80 98 4 4
80 89 4 4
81 96 4 4
81 90 4 4
102 100 5 5
102 101 5 5
103 100 5 5
103 102 5 5
104 102 5 5
104 103 5 5
105 101 5 5
105 100 5 5
106 104 5 5
106 103 5 5
107 100 5 5
107 105 5 5
108 102 5 5
108 107 5 5
109 102 5 5
109 108 5 5
110 104 5 5
110 107 5 5
111 108 5 5
111 100 5 5
112 109 5 5
112 110 5 5
113 112 5 5
113 103 5 5
114 103 5 5
114 110 5 5
115 114 5 5
115 106 5 5
116 107 5 5
116 114 5 5
117 103 5 5
117 113 5 5
118 116 5 5
118 108 5 5
119 111 5 5
119 101 5 5
100 116 5 5
100 109 5 5
101 109 5 5
101 115 5 5
122 120 6 6
122 121 6 6
123 120 6 6
123 121 6 6
124 122 6 6
124 121 6 6
125 120 6 6
125 124 6 6
126 125 6 6
126 120 6 6
127 124 6 6
127 120 6 6
128 121 6 6
128 123 6 6
129 126 6 6
129 120 6 6
130 125 6 6
130 129 6 6
131 125 6 6
131 128 6 6
132 122 6 6
132 126 6 6
133 122 6 6
133 121 6 6
134 132 6 6
134 125 6 6
135 122 6 6
135 124 6 6
136 130 6 6
136 120 6 6
137 128 6 6
137 124 6 6
138 121 6 6
138 128 6 6
139 131 6 6
139 124 6 6
120 135 6 6
120 134 6 6
121 129 6 6
121 126 6 6
142 141 7 7
142 140 7 7
143 141 7 7
143 142 7 7
144 143 7 7
144 140 7 7
145 141 7 7
145 140 7 7
146 145 7 7
146 143 7 7
147 144 7 7
147 143 7 7
148 147 7 7
148 142 7 7
149 145 7 7
149 147 7 7
150 147 7 7
150 149 7 7
151 144 7 7
151 147 7 7
152 142 7 7
152 151 7 7
153 151 7 7
153 145 7 7
154 153 7 7
154 141 7 7
155 150 7 7
155 148 7 7
156 144 7 7
156 149 7 7
157 143 7 7
157 145 7 7
158 155 7 7
158 150 7 7
159 153 7 7
159 155 7 7
140 158 7 7
140 146 7 7
141 149 7 7
141 148 7 7
162 160 8 8
162 161 8 8
163 162 8 8
163 161 8 8
164 161 8 8
164 160 8 8
165 164 8 8
165 160 8 8
166 163 8 8
166 162 8 8
167 163 8 8
167 161 8 8
168 166 8 8
168 162 8 8
169 160 8 8
169 161 8 8
170 161 8 8
170 164 8 8
171 162 8 8
171 170 8 8
172 168 8 8
172 164 8 8
173 165 8 8
173 170 8 8
174 165 8 8
174 171 8 8
175 167 8 8
175 166 8 8
176 169 8 8
176 166 8 8
177 174 8 8
177 173 8 8
178 160 8 8
178 177 8 8
179 176 8 8
179 173 8 8
160 173 8 8
160 174 8 8
161 172 8 8
161 176 8 8
182 181 9 9
182 180 9 9
183 180 9 9
183 182 9 9
184 182 9 9
184 183 9 9
185 184 9 9
185 182 9 9
186 185 9 9
186 184 9 9
187 183 9 9
187 180 9 9
188 182 9 9
188 181 9 9
189 185 9 9
189 188 9 9
190 187 9 9
190 184 9 9
191 187 9 9
191 190 9 9
192 189 9 9
192 180 9 9
193 180 9 9
193 187 9 9
194 189 9 9
194 191 9 9
195 180 9 9
195 186 9 9
196 194 9 9
196 193 9 9
197 183 9 9
197 195 9 9
198 193 9 9
198 197 9 9
199 192 9 9
199 193 9 9
180 196 9 9
180 197 9 9
181 194 9 9
181 184 9 9
202 201 10 10
202 200 10 10
203 201 10 10
203 202 10 10
204 201 10 10
204 202 10 10
205 200 10 10
205 202 10 10
206 201 10 10
206 202 10 10
207 206 10 10
207 201 10 10
208 202 10 10
208 205 10 10
209 201 10 10
209 200 10 10
210 206 10 10
210 208 10 10
211 209 10 10
211 207 10 10
212 200 10 10
212 201 10 10
213 204 10 10
213 209 10 10
214 205 10 10
214 202 10 10
215 203 10 10
215 210 10 10
216 202 10 10
216 209 10 10
217 214 10 10
217 200 10 10
218 206 10 10
218 216 10 10
219 201 10 10
219 209 10 10
200 215 10 10
200 208 10 10
201 217 10 10
201 218 10 10
222 220 11 11
222 221 11 11
223 220 11 11
223 221 11 11
224 222 11 11
224 220 11 11
225 222 11 11
225 224 11 11
226 222 11 11
226 223 11 11
227 221 11 11
227 224 11 11
228 221 11 11
228 226 11 11
229 225 11 11
229 224 11 11
230 224 11 11
230 222 11 11
231 229 11 11
231 226 11 11
232 228 11 11
232 230 11 11
233 225 11 11
233 221 11 11
234 226 11 11
234 222 11 11
235 234 11 11
235 233 11 11
236 223 11 11
236 230 11 11
237 220 11 11
237 224 11 11
238 222 11 11
238 237 11 11
239 222 11 11
239 238 11 11
220 227 11 11
220 235 11 11
221 232 11 11
221 231 11 11
242 241 12 12
242 240 12 12
243 241 12 12
243 242 12 12
244 241 12 12
244 242 12 12
245 243 12 12
245 241 12 12
246 240 12 12
246 241 12 12
247 246 12 12
247 240 12 12
248 241 12 12
248 242 12 12
249 245 12 12
249 246 12 12
250 240 12 12
250 247 12 12
251 240 12 12
251 249 12 12
252 251 12 12
252 250 12 12
253 250 12 12
253 247 12 12
254 252 12 12
254 243 12 12
255 248 12 12
255 246 12 12
256 253 12 12
256 251 12 12
257 246 12 12
257 244 12 12
258 246 12 12
258 248 12 12
259 256 12 12
259 249 12 12
240 259 12 12
240 253 12 12
241 259 12 12
241 255 12 12
262 260 13 13
262 261 13 13
263 260 13 13
263 262 13 13
264 261 13 13
264 263 13 13
265 263 13 13
265 260 13 13
266 260 13 13
266 263 13 13
267 264 13 13
267 261 13 13
268 263 13 13
268 265 13 13
269 262 13 13
269 261 13 13
270 266 13 13
270 262 13 13
271 262 13 13
271 264 13 13
272 268 13 13
272 265 13 13
273 263 13 13
273 267 13 13
274 269 13 13
274 273 13 13
275 268 13 13
275 264 13 13
276 263 13 13
276 265 13 13
277 263 13 13
277 270 13 13
278 273 13 13
278 272 13 13
279 267 13 13
279 272 13 13
260 270 13 13
260 274 13 13
261 278 13 13
261 273 13 13
282 280 14 14
282 281 14 14
283 282 14 14
283 281 14 14
284 280 14 14
284 281 14 14
285 283 14 14
285 284 14 14
286 283 14 14
286 280 14 14
287 284 14 14
287 282 14 14
288 286 14 14
288 285 14 14
289 283 14 14
289 288 14 14
290 280 14 14
290 284 14 14
291 289 14 14
291 286 14 14
292 281 14 14
292 285 14 14
293 290 14 14
293 287 14 14
294 281 14 14
294 292 14 14
295 285 14 14
295 290 14 14
296 281 14 14
296 280 14 14
297 293 14 14
297 295 14 14
298 282 14 14
298 289 14 14
299 283 14 14
299 293 14 14
280 294 14 14
280 298 14 14
281 285 14 14
281 291 14 14
302 301 15 15
302 300 15 15
303 301 15 15
303 300 15 15
304 303 15 15
304 300 15 15
305 300 15 15
305 301 15 15
306 301 15 15
306 302 15 15
307 302 15 15
307 301 15 15
308 304 15 15
308 303 15 15
309 306 15 15
309 301 15 15
310 305 15 15
310 309 15 15
311 300 15 15
311 303 15 15
312 307 15 15
312 305 15 15
313 308 15 15
313 307 15 15
314 309 15 15
314 306 15 15
315 311 15 15
315 308 15 15
316 313 15 15
316 315 15 15
317 311 15 15
317 309 15 15
318 304 15 15
318 311 15 15
319 308 15 15
319 300 15 15
300 318 15 15
300 308 15 15
301 311 15 15
301 314 15 15
51 4 2 0
46 23 2 1
73 22 3 1
69 48 3 2
94 53 4 2
83 0 4 0
111 21 5 1
106 99 5 4
137 9 6 0
135 79 6 3
141 42 7 2
152 100 7 5
167 43 8 2
172 24 8 1
191 160 9 8
199 157 9 7
208 41 10 2
203 189 10 9
222 168 11 8
233 54 11 2
252 133 12 6
253 64 12 3
279 132 13 6
262 170 13 8
296 9 14 0
284 38 14 1
309 161 15 8
312 233 15 11
3 161 0 8
9 77 0 3
37 238 1 11
20 257 1 12
