swNum = 320
edgeNum = 672

0 0
1 0
2 0
3 0
4 0
5 0
6 0
7 0
8 0
9 0
10 0
11 0
12 0
13 0
14 0
15 0
16 0
17 0
18 0
19 0
20 1
21 1
22 1
23 1
24 1
25 1
26 1
27 1
28 1
29 1
30 1
31 1
32 1
33 1
34 1
35 1
36 1
37 1
38 1
39 1
40 2
41 2
42 2
43 2
44 2
45 2
46 2
47 2
48 2
49 2
50 2
51 2
52 2
53 2
54 2
55 2
56 2
57 2
58 2
59 2
60 3
61 3
62 3
63 3
64 3
65 3
66 3
67 3
68 3
69 3
70 3
71 3
72 3
73 3
74 3
75 3
76 3
77 3
78 3
79 3
80 4
81 4
82 4
83 4
84 4
85 4
86 4
87 4
88 4
89 4
90 4
91 4
92 4
93 4
94 4
95 4
96 4
97 4
98 4
99 4
100 5
101 5
102 5
103 5
104 5
105 5
106 5
107 5
108 5
109 5
110 5
111 5
112 5
113 5
114 5
115 5
116 5
117 5
118 5
119 5
120 6
121 6
122 6
123 6
124 6
125 6
126 6
127 6
128 6
129 6
130 6
131 6
132 6
133 6
134 6
135 6
136 6
137 6
138 6
139 6
140 7
141 7
142 7
143 7
144 7
145 7
146 7
147 7
148 7
149 7
150 7
151 7
152 7
153 7
154 7
155 7
156 7
157 7
158 7
159 7
160 8
161 8
162 8
163 8
164 8
165 8
166 8
167 8
168 8
169 8
170 8
171 8
172 8
173 8
174 8
175 8
176 8
177 8
178 8
179 8
180 9
181 9
182 9
183 9
184 9
185 9
186 9
187 9
188 9
189 9
190 9
191 9
192 9
193 9
194 9
195 9
196 9
197 9
198 9
199 9
200 10
201 10
202 10
203 10
204 10
205 10
206 10
207 10
208 10
209 10
210 10
211 10
212 10
213 10
214 10
215 10
216 10
217 10
218 10
219 10
220 11
221 11
222 11
223 11
224 11
225 11
226 11
227 11
228 11
229 11
230 11
231 11
232 11
233 11
234 11
235 11
236 11
237 11
238 11
239 11
240 12
241 12
242 12
243 12
244 12
245 12
246 12
247 12
248 12
249 12
250 12
251 12
252 12
253 12
254 12
255 12
256 12
257 12
258 12
259 12
260 13
261 13
262 13
263 13
264 13
265 13
266 13
267 13
268 13
269 13
270 13
271 13
272 13
273 13
274 13
275 13
276 13
277 13
278 13
279 13
280 14
281 14
282 14
283 14
284 14
285 14
286 14
287 14
288 14
289 14
290 14
291 14
292 14
293 14
294 14
295 14
296 14
297 14
298 14
299 14
300 15
301 15
302 15
303 15
304 15
305 15
306 15
307 15
308 15
309 15
310 15
311 15
312 15
313 15
314 15
315 15
316 15
317 15
318 15
319 15

2 1 0 0
2 0 0 0
3 2 0 0
3 1 0 0
4 0 0 0
4 2 0 0
5 0 0 0
5 3 0 0
6 5 0 0
6 3 0 0
7 1 0 0
7 5 0 0
8 2 0 0
8 4 0 0
9 2 0 0
9 7 0 0
10 4 0 0
10 3 0 0
11 7 0 0
11 1 0 0
12 3 0 0
12 0 0 0
13 2 0 0
13 0 0 0
14 10 0 0
14 9 0 0
15 13 0 0
15 3 0 0
16 1 0 0
16 5 0 0
17 3 0 0
17 15 0 0
18 7 0 0
18 6 0 0
19 8 0 0
19 5 0 0
0 16 0 0
0 18 0 0
1 17 0 0
1 8 0 0
22 20 1 1
22 21 1 1
23 21 1 1
23 22 1 1
24 20 1 1
24 22 1 1
25 23 1 1
25 21 1 1
26 21 1 1
26 24 1 1
27 25 1 1
27 21 1 1
28 22 1 1
28 27 1 1
29 27 1 1
29 24 1 1
30 29 1 1
30 21 1 1
31 21 1 1
31 29 1 1
32 20 1 1
32 24 1 1
33 28 1 1
33 24 1 1
34 32 1 1
34 33 1 1
35 28 1 1
35 34 1 1
36 34 1 1
36 21 1 1
37 28 1 1
37 21 1 1
38 26 1 1
38 21 1 1
39 24 1 1
39 27 1 1
20 38 1 1
20 33 1 1
21 29 1 1
21 24 1 1
42 41 2 2
42 40 2 2
43 40 2 2
43 42 2 2
44 41 2 2
44 42 2 2
45 44 2 2
45 42 2 2
46 40 2 2
46 41 2 2
47 46 2 2
47 42 2 2
48 47 2 2
48 41 2 2
49 48 2 2
49 47 2 2
50 40 2 2
50 47 2 2
51 45 2 2
51 40 2 2
52 41 2 2
52 48 2 2
53 40 2 2
53 52 2 2
54 44 2 2
54 49 2 2
55 49 2 2
55 41 2 2
56 55 2 2
56 42 2 2
57 40 2 2
57 47 2 2
58 46 2 2
58 51 2 2
59 40 2 2
59 41 2 2
40 47 2 2
40 54 2 2
41 43 2 2
41 54 2 2
62 61 3 3
62 60 3 3
63 62 3 3
63 61 3 3
64 61 3 3
64 60 3 3
65 63 3 3
65 61 3 3
66 61 3 3
66 64 3 3
67 64 3 3
67 60 3 3
68 64 3 3
68 66 3 3
69 62 3 3
69 67 3 3
70 60 3 3
70 68 3 3
71 68 3 3
71 62 3 3
72 61 3 3
72 65 3 3
73 69 3 3
73 60 3 3
74 68 3 3
74 71 3 3
75 69 3 3
75 62 3 3
76 75 3 3
76 64 3 3
77 65 3 3
77 75 3 3
78 76 3 3
78 64 3 3
79 75 3 3
79 61 3 3
60 78 3 3
60 68 3 3
61 68 3 3
61 67 3 3
82 81 4 4
82 80 4 4
83 80 4 4
83 82 4 4
84 80 4 4
84 81 4 4
85 80 4 4
85 84 4 4
86 81 4 4
86 84 4 4
87 86 4 4
87 85 4 4
88 80 4 4
88 87 4 4
89 85 4 4
89 82 4 4
90 81 4 4
90 86 4 4
91 82 4 4
91 89 4 4
92 88 4 4
92 84 4 4
93 90 4 4
93 84 4 4
94 91 4 4
94 88 4 4
95 92 4 4
95 90 4 4
96 81 4 4
96 91 4 4
97 92 4 4
97 95 4 4
98 90 4 4
98 85 4 4
99 93 4 4
99 95 4 4
80 93 4 4
80 95 4 4
81 94 4 4
81 97 4 4
102 100 5 5
102 101 5 5
103 101 5 5
103 100 5 5
104 100 5 5
104 102 5 5
105 102 5 5
105 104 5 5
106 102 5 5
106 103 5 5
107 100 5 5
107 103 5 5
108 100 5 5
108 104 5 5
109 105 5 5
109 101 5 5
110 100 5 5
110 105 5 5
111 102 5 5
111 108 5 5
112 108 5 5
112 103 5 5
113 112 5 5
113 103 5 5
114 102 5 5
114 106 5 5
115 101 5 5
115 107 5 5
116 105 5 5
116 100 5 5
117 112 5 5
117 111 5 5
118 108 5 5
118 117 5 5
119 103 5 5
119 117 5 5
100 112 5 5
100 106 5 5
101 107 5 5
101 119 5 5
122 121 6 6
122 120 6 6
123 121 6 6
123 122 6 6
124 122 6 6
124 120 6 6
125 123 6 6
125 120 6 6
126 124 6 6
126 122 6 6
127 122 6 6
127 124 6 6
128 121 6 6
128 124 6 6
129 122 6 6
129 123 6 6
130 123 6 6
130 120 6 6
131 124 6 6
131 125 6 6
132 131 6 6
132 123 6 6
133 129 6 6
133 127 6 6
134 131 6 6
134 125 6 6
135 122 6 6
135 128 6 6
136 129 6 6
136 125 6 6
137 120 6 6
137 127 6 6
138 134 6 6
138 121 6 6
139 122 6 6
139 129 6 6
120 131 6 6
120 133 6 6
121 130 6 6
121 124 6 6
142 141 7 7
142 140 7 7
143 140 7 7
143 142 7 7
144 142 7 7
144 143 7 7
145 141 7 7
145 140 7 7
146 145 7 7
146 144 7 7
147 145 7 7
147 142 7 7
148 145 7 7
148 146 7 7
149 147 7 7
149 142 7 7
150 147 7 7
150 142 7 7
151 147 7 7
151 149 7 7
152 141 7 7
152 140 7 7
153 142 7 7
153 144 7 7
154 149 7 7
154 142 7 7
155 140 7 7
155 142 7 7
156 149 7 7
156 145 7 7
157 147 7 7
157 145 7 7
158 155 7 7
158 154 7 7
159 148 7 7
159 156 7 7
140 151 7 7
140 146 7 7
141 150 7 7
141 143 7 7
162 160 8 8
162 161 8 8
163 160 8 8
163 161 8 8
164 163 8 8
164 160 8 8
165 161 8 8
165 164 8 8
166 160 8 8
166 162 8 8
167 160 8 8
167 165 8 8
168 166 8 8
168 162 8 8
169 164 8 8
169 162 8 8
170 162 8 8
170 166 8 8
171 164 8 8
171 165 8 8
172 169 8 8
172 170 8 8
173 167 8 8
173 172 8 8
174 163 8 8
174 164 8 8
175 164 8 8
175 170 8 8
176 161 8 8
176 164 8 8
177 175 8 8
177 161 8 8
178 169 8 8
178 166 8 8
179 175 8 8
179 169 8 8
160 171 8 8
160 179 8 8
161 174 8 8
161 173 8 8
182 181 9 9
182 180 9 9
183 182 9 9
183 181 9 9
184 180 9 9
184 182 9 9
185 183 9 9
185 180 9 9
186 185 9 9
186 180 9 9
187 182 9 9
187 184 9 9
188 186 9 9
188 182 9 9
189 182 9 9
189 183 9 9
190 183 9 9
190 180 9 9
191 181 9 9
191 189 9 9
192 181 9 9
192 180 9 9
193 187 9 9
193 180 9 9
194 183 9 9
194 188 9 9
195 184 9 9
195 194 9 9
196 193 9 9
196 194 9 9
197 180 9 9
197 194 9 9
198 184 9 9
198 194 9 9
199 185 9 9
199 186 9 9
180 189 9 9
180 188 9 9
181 196 9 9
181 199 9 9
202 201 10 10
202 200 10 10
203 201 10 10
203 200 10 10
204 200 10 10
204 201 10 10
205 203 10 10
205 202 10 10
206 200 10 10
206 203 10 10
207 204 10 10
207 205 10 10
208 201 10 10
208 203 10 10
209 203 10 10
209 207 10 10
210 205 10 10
210 200 10 10
211 207 10 10
211 209 10 10
212 202 10 10
212 201 10 10
213 204 10 10
213 211 10 10
214 200 10 10
214 211 10 10
215 214 10 10
215 208 10 10
216 206 10 10
216 204 10 10
217 216 10 10
217 209 10 10
218 205 10 10
218 200 10 10
219 210 10 10
219 218 10 10
200 212 10 10
200 208 10 10
201 218 10 10
201 215 10 10
222 221 11 11
222 220 11 11
223 221 11 11
223 222 11 11
224 220 11 11
224 222 11 11
225 222 11 11
225 223 11 11
226 222 11 11
226 225 11 11
227 220 11 11
227 222 11 11
228 225 11 11
228 222 11 11
229 226 11 11
229 227 11 11
230 221 11 11
230 222 11 11
231 226 11 11
231 224 11 11
232 225 11 11
232 221 11 11
233 222 11 11
233 232 11 11
234 222 11 11
234 229 11 11
235 226 11 11
235 220 11 11
236 233 11 11
236 220 11 11
237 220 11 11
237 231 11 11
238 224 11 11
238 221 11 11
239 224 11 11
239 235 11 11
220 228 11 11
220 234 11 11
221 236 11 11
221 231 11 11
242 241 12 12
242 240 12 12
243 241 12 12
243 242 12 12
244 242 12 12
244 241 12 12
245 242 12 12
245 240 12 12
246 242 12 12
246 245 12 12
247 241 12 12
247 240 12 12
248 240 12 12
248 241 12 12
249 244 12 12
249 242 12 12
250 246 12 12
250 247 12 12
251 249 12 12
251 244 12 12
252 244 12 12
252 243 12 12
253 251 12 12
253 252 12 12
254 247 12 12
254 248 12 12
255 246 12 12
255 243 12 12
256 255 12 12
256 241 12 12
257 252 12 12
257 242 12 12
258 240 12 12
258 246 12 12
259 247 12 12
259 248 12 12
240 256 12 12
240 243 12 12
241 255 12 12
241 259 12 12
262 261 13 13
262 260 13 13
263 261 13 13
263 260 13 13
264 261 13 13
264 260 13 13
265 263 13 13
265 261 13 13
266 264 13 13
266 265 13 13
267 264 13 13
267 262 13 13
268 267 13 13
268 262 13 13
269 263 13 13
269 261 13 13
270 260 13 13
270 262 13 13
271 262 13 13
271 267 13 13
272 270 13 13
272 267 13 13
273 263 13 13
273 264 13 13
274 272 13 13
274 270 13 13
275 270 13 13
275 262 13 13
276 275 13 13
276 273 13 13
277 273 13 13
277 274 13 13
278 263 13 13
278 274 13 13
279 271 13 13
279 261 13 13
260 266 13 13
260 279 13 13
261 277 13 13
261 276 13 13
282 280 14 14
282 281 14 14
283 281 14 14
283 282 14 14
284 282 14 14
284 281 14 14
285 281 14 14
285 284 14 14
286 285 14 14
286 284 14 14
287 280 14 14
287 286 14 14
288 286 14 14
288 285 14 14
289 288 14 14
289 287 14 14
290 287 14 14
290 288 14 14
291 282 14 14
291 283 14 14
292 285 14 14
292 288 14 14
293 286 14 14
293 289 14 14
294 287 14 14
294 292 14 14
295 290 14 14
295 284 14 14
296 288 14 14
296 281 14 14
297 290 14 14
297 281 14 14
298 292 14 14
298 297 14 14
299 287 14 14
299 285 14 14
280 297 14 14
280 293 14 14
281 290 14 14
281 291 14 14
302 301 15 15
302 300 15 15
303 300 15 15
303 301 15 15
304 302 15 15
304 301 15 15
305 304 15 15
305 303 15 15
306 302 15 15
306 304 15 15
307 302 15 15
307 304 15 15
308 302 15 15
308 304 15 15
309 306 15 15
309 304 15 15
310 300 15 15
310 302 15 15
311 300 15 15
311 306 15 15
312 309 15 15
312 305 15 15
313 300 15 15
313 311 15 15
314 302 15 15
314 308 15 15
315 312 15 15
315 308 15 15
316 311 15 15
316 301 15 15
317 304 15 15
317 302 15 15
318 311 15 15
318 315 15 15
319 301 15 15
319 303 15 15
300 304 15 15
300 306 15 15
301 307 15 15
301 315 15 15
43 15 2 0
44 20 2 1
77 34 3 1
66 5 3 0
98 6 4 0
93 76 4 3
116 92 5 4
105 38 5 1
130 93 6 4
125 44 6 2
142 59 7 2
140 29 7 1
162 148 8 7
164 70 8 3
197 164 9 8
180 45 9 2
214 136 10 6
203 176 10 8
233 119 11 5
226 80 11 4
249 52 12 2
245 134 12 6
277 34 13 1
269 15 13 0
289 27 14 1
290 0 14 0
316 129 15 6
312 222 15 11
3 214 0 10
15 240 0 12
29 314 1 15
30 208 1 10
