swNum = 320
edgeNum = 672

0 0
1 0
2 0
3 0
4 0
5 0
6 0
7 0
8 0
9 0
10 0
11 0
12 0
13 0
14 0
15 0
16 0
17 0
18 0
19 0
20 1
21 1
22 1
23 1
24 1
25 1
26 1
27 1
28 1
29 1
30 1
31 1
32 1
33 1
34 1
35 1
36 1
37 1
38 1
39 1
40 2
41 2
42 2
43 2
44 2
45 2
46 2
47 2
48 2
49 2
50 2
51 2
52 2
53 2
54 2
55 2
56 2
57 2
58 2
59 2
60 3
61 3
62 3
63 3
64 3
65 3
66 3
67 3
68 3
69 3
70 3
71 3
72 3
73 3
74 3
75 3
76 3
77 3
78 3
79 3
80 4
81 4
82 4
83 4
84 4
85 4
86 4
87 4
88 4
89 4
90 4
91 4
92 4
93 4
94 4
95 4
96 4
97 4
98 4
99 4
100 5
101 5
102 5
103 5
104 5
105 5
106 5
107 5
108 5
109 5
110 5
111 5
112 5
113 5
114 5
115 5
116 5
117 5
118 5
119 5
120 6
121 6
122 6
123 6
124 6
125 6
126 6
127 6
128 6
129 6
130 6
131 6
132 6
133 6
134 6
135 6
136 6
137 6
138 6
139 6
140 7
141 7
142 7
143 7
144 7
145 7
146 7
147 7
148 7
149 7
150 7
151 7
152 7
153 7
154 7
155 7
156 7
157 7
158 7
159 7
160 8
161 8
162 8
163 8
164 8
165 8
166 8
167 8
168 8
169 8
170 8
171 8
172 8
173 8
174 8
175 8
176 8
177 8
178 8
179 8
180 9
181 9
182 9
183 9
184 9
185 9
186 9
187 9
188 9
189 9
190 9
191 9
192 9
193 9
194 9
195 9
196 9
197 9
198 9
199 9
200 10
201 10
202 10
203 10
204 10
205 10
206 10
207 10
208 10
209 10
210 10
211 10
212 10
213 10
214 10
215 10
216 10
217 10
218 10
219 10
220 11
221 11
222 11
223 11
224 11
225 11
226 11
227 11
228 11
229 11
230 11
231 11
232 11
233 11
234 11
235 11
236 11
237 11
238 11
239 11
240 12
241 12
242 12
243 12
244 12
245 12
246 12
247 12
248 12
249 12
250 12
251 12
252 12
253 12
254 12
255 12
256 12
257 12
258 12
259 12
260 13
261 13
262 13
263 13
264 13
265 13
266 13
267 13
268 13
269 13
270 13
271 13
272 13
273 13
274 13
275 13
276 13
277 13
278 13
279 13
280 14
281 14
282 14
283 14
284 14
285 14
286 14
287 14
288 14
289 14
290 14
291 14
292 14
293 14
294 14
295 14
296 14
297 14
298 14
299 14
300 15
301 15
302 15
303 15
304 15
305 15
306 15
307 15
308 15
309 15
310 15
311 15
312 15
313 15
314 15
315 15
316 15
317 15
318 15
319 15

2 1 0 0
2 0 0 0
3 2 0 0
3 1 0 0
4 1 0 0
4 3 0 0
5 0 0 0
5 3 0 0
6 0 0 0
6 2 0 0
7 0 0 0
7 3 0 0
8 2 0 0
8 6 0 0
9 4 0 0
9 2 0 0
10 0 0 0
10 5 0 0
11 9 0 0
11 3 0 0
12 8 0 0
12 2 0 0
13 9 0 0
13 1 0 0
14 5 0 0
14 10 0 0
15 2 0 0
15 12 0 0
16 9 0 0
16 4 0 0
17 4 0 0
17 13 0 0
18 3 0 0
18 0 0 0
19 2 0 0
19 10 0 0
0 9 0 0
0 12 0 0
1 12 0 0
1 18 0 0
22 21 1 1
22 20 1 1
23 20 1 1
23 21 1 1
24 23 1 1
24 22 1 1
25 24 1 1
25 22 1 1
26 21 1 1
26 22 1 1
27 26 1 1
27 21 1 1
28 23 1 1
28 26 1 1
29 24 1 1
29 23 1 1
30 23 1 1
30 29 1 1
31 27 1 1
31 28 1 1
32 24 1 1
32 23 1 1
33 30 1 1
33 32 1 1
34 23 1 1
34 29 1 1
35 31 1 1
35 32 1 1
36 32 1 1
36 20 1 1
37 22 1 1
37 36 1 1
38 20 1 1
38 21 1 1
39 31 1 1
39 36 1 1
20 31 1 1
20 27 1 1
21 31 1 1
21 35 1 1
42 40 2 2
42 41 2 2
43 42 2 2
43 41 2 2
44 40 2 2
44 43 2 2
45 43 2 2
45 40 2 2
46 44 2 2
46 42 2 2
47 41 2 2
47 44 2 2
48 46 2 2
48 43 2 2
49 43 2 2
49 46 2 2
50 49 2 2
50 42 2 2
51 49 2 2
51 43 2 2
52 42 2 2
52 48 2 2
53 47 2 2
53 48 2 2
54 50 2 2
54 48 2 2
55 49 2 2
55 41 2 2
56 51 2 2
56 43 2 2
57 43 2 2
57 41 2 2
58 50 2 2
58 48 2 2
59 55 2 2
59 51 2 2
40 54 2 2
40 57 2 2
41 45 2 2
41 48 2 2
62 60 3 3
62 61 3 3
63 61 3 3
63 60 3 3
64 62 3 3
64 61 3 3
65 61 3 3
65 63 3 3
66 62 3 3
66 60 3 3
67 61 3 3
67 63 3 3
68 60 3 3
68 66 3 3
69 67 3 3
69 68 3 3
70 61 3 3
70 65 3 3
71 62 3 3
71 69 3 3
72 66 3 3
72 65 3 3
73 72 3 3
73 66 3 3
74 73 3 3
74 69 3 3
75 64 3 3
75 72 3 3
76 70 3 3
76 67 3 3
77 60 3 3
77 73 3 3
78 77 3 3
78 72 3 3
79 73 3 3
79 77 3 3
60 72 3 3
60 73 3 3
61 69 3 3
61 77 3 3
82 80 4 4
82 81 4 4
83 82 4 4
83 80 4 4
84 83 4 4
84 82 4 4
85 84 4 4
85 81 4 4
86 80 4 4
86 81 4 4
87 84 4 4
87 85 4 4
88 80 4 4
88 87 4 4
89 82 4 4
89 87 4 4
90 84 4 4
90 83 4 4
91 81 4 4
91 86 4 4
92 89 4 4
92 82 4 4
93 90 4 4
93 81 4 4
94 80 4 4
94 88 4 4
95 93 4 4
95 83 4 4
96 94 4 4
96 87 4 4
97 89 4 4
97 94 4 4
98 96 4 4
98 94 4 4
99 95 4 4
99 94 4 4
80 96 4 4
80 92 4 4
81 96 4 4
81 97 4 4
102 100 5 5
102 101 5 5
103 100 5 5
103 101 5 5
104 102 5 5
104 101 5 5
105 104 5 5
105 103 5 5
106 105 5 5
106 101 5 5
107 100 5 5
107 103 5 5
108 101 5 5
108 104 5 5
109 100 5 5
109 103 5 5
110 109 5 5
110 105 5 5
111 107 5 5
111 104 5 5
112 108 5 5
112 107 5 5
113 105 5 5
113 108 5 5
114 104 5 5
114 106 5 5
115 104 5 5
115 112 5 5
116 102 5 5
116 100 5 5
117 116 5 5
117 109 5 5
118 113 5 5
118 108 5 5
119 111 5 5
119 108 5 5
100 106 5 5
100 117 5 5
101 110 5 5
101 119 5 5
122 120 6 6
122 121 6 6
123 121 6 6
123 120 6 6
124 123 6 6
124 120 6 6
125 121 6 6
125 120 6 6
126 124 6 6
126 121 6 6
127 120 6 6
127 121 6 6
128 120 6 6
128 125 6 6
129 124 6 6
129 120 6 6
130 120 6 6
130 123 6 6
131 129 6 6
131 124 6 6
132 122 6 6
132 131 6 6
133 126 6 6
133 130 6 6
134 128 6 6
134 123 6 6
135 124 6 6
135 123 6 6
136 128 6 6
136 127 6 6
137 134 6 6
137 124 6 6
138 124 6 6
138 137 6 6
139 121 6 6
139 127 6 6
120 126 6 6
120 138 6 6
121 130 6 6
121 133 6 6
142 140 7 7
142 141 7 7
143 141 7 7
143 140 7 7
144 143 7 7
144 141 7 7
145 144 7 7
145 141 7 7
146 143 7 7
146 145 7 7
147 146 7 7
147 143 7 7
148 145 7 7
148 141 7 7
149 145 7 7
149 140 7 7
150 146 7 7
150 147 7 7
151 145 7 7
151 143 7 7
152 149 7 7
152 140 7 7
153 152 7 7
153 151 7 7
154 150 7 7
154 143 7 7
155 152 7 7
155 140 7 7
156 154 7 7
156 141 7 7
157 149 7 7
157 142 7 7
158 141 7 7
158 140 7 7
159 158 7 7
159 141 7 7
140 153 7 7
140 145 7 7
141 150 7 7
141 146 7 7
162 160 8 8
162 161 8 8
163 162 8 8
163 161 8 8
164 161 8 8
164 160 8 8
165 163 8 8
165 162 8 8
166 165 8 8
166 162 8 8
167 161 8 8
167 164 8 8
168 161 8 8
168 166 8 8
169 165 8 8
169 162 8 8
170 168 8 8
170 165 8 8
171 166 8 8
171 162 8 8
172 163 8 8
172 165 8 8
173 161 8 8
173 170 8 8
174 171 8 8
174 168 8 8
175 162 8 8
175 161 8 8
176 162 8 8
176 163 8 8
177 162 8 8
177 168 8 8
178 167 8 8
178 177 8 8
179 170 8 8
179 165 8 8
160 177 8 8
160 171 8 8
161 170 8 8
161 174 8 8
182 181 9 9
182 180 9 9
183 180 9 9
183 181 9 9
184 182 9 9
184 180 9 9
185 180 9 9
185 183 9 9
186 185 9 9
186 183 9 9
187 183 9 9
187 184 9 9
188 187 9 9
188 183 9 9
189 184 9 9
189 186 9 9
190 184 9 9
190 189 9 9
191 181 9 9
191 185 9 9
192 188 9 9
192 186 9 9
193 188 9 9
193 189 9 9
194 187 9 9
194 192 9 9
195 191 9 9
195 186 9 9
196 184 9 9
196 180 9 9
197 187 9 9
197 184 9 9
198 181 9 9
198 186 9 9
199 180 9 9
199 184 9 9
180 194 9 9
180 195 9 9
181 195 9 9
181 196 9 9
202 200 10 10
202 201 10 10
203 200 10 10
203 201 10 10
204 201 10 10
204 202 10 10
205 203 10 10
205 204 10 10
206 203 10 10
206 202 10 10
207 203 10 10
207 206 10 10
208 200 10 10
208 205 10 10
209 208 10 10
209 203 10 10
210 201 10 10
210 204 10 10
211 208 10 10
211 206 10 10
212 209 10 10
212 211 10 10
213 200 10 10
213 212 10 10
214 200 10 10
214 204 10 10
215 209 10 10
215 214 10 10
216 208 10 10
216 207 10 10
217 211 10 10
217 207 10 10
218 212 10 10
218 208 10 10
219 210 10 10
219 203 10 10
200 217 10 10
200 216 10 10
201 205 10 10
201 213 10 10
222 221 11 11
222 220 11 11
223 220 11 11
223 221 11 11
224 223 11 11
224 221 11 11
225 222 11 11
225 223 11 11
226 223 11 11
226 220 11 11
227 220 11 11
227 223 11 11
228 224 11 11
228 221 11 11
229 221 11 11
229 222 11 11
230 225 11 11
230 228 11 11
231 221 11 11
231 228 11 11
232 221 11 11
232 229 11 11
233 226 11 11
233 222 11 11
234 233 11 11
234 224 11 11
235 226 11 11
235 234 11 11
236 234 11 11
236 222 11 11
237 223 11 11
237 220 11 11
238 230 11 11
238 234 11 11
239 226 11 11
239 237 11 11
220 238 11 11
220 231 11 11
221 238 11 11
221 237 11 11
242 240 12 12
242 241 12 12
243 241 12 12
243 242 12 12
244 243 12 12
244 242 12 12
245 241 12 12
245 242 12 12
246 242 12 12
246 245 12 12
247 242 12 12
247 240 12 12
248 247 12 12
248 240 12 12
249 246 12 12
249 244 12 12
250 249 12 12
250 240 12 12
251 240 12 12
251 245 12 12
252 247 12 12
252 243 12 12
253 250 12 12
253 247 12 12
254 247 12 12
254 243 12 12
255 249 12 12
255 240 12 12
256 251 12 12
256 247 12 12
257 242 12 12
257 253 12 12
258 249 12 12
258 256 12 12
259 251 12 12
259 255 12 12
240 259 12 12
240 245 12 12
241 251 12 12
241 254 12 12
262 261 13 13
262 260 13 13
263 261 13 13
263 260 13 13
264 261 13 13
264 262 13 13
265 260 13 13
265 264 13 13
266 263 13 13
266 265 13 13
267 264 13 13
267 261 13 13
268 261 13 13
268 267 13 13
269 261 13 13
269 263 13 13
270 260 13 13
270 263 13 13
271 260 13 13
271 265 13 13
272 269 13 13
272 264 13 13
273 270 13 13
273 265 13 13
274 262 13 13
274 267 13 13
275 265 13 13
275 271 13 13
276 267 13 13
276 262 13 13
277 266 13 13
277 267 13 13
278 261 13 13
278 267 13 13
279 264 13 13
279 265 13 13
260 264 13 13
260 273 13 13
261 276 13 13
261 271 13 13
282 281 14 14
282 280 14 14
283 281 14 14
283 282 14 14
284 281 14 14
284 280 14 14
285 280 14 14
285 284 14 14
286 285 14 14
286 281 14 14
287 281 14 14
287 282 14 14
288 284 14 14
288 283 14 14
289 288 14 14
289 284 14 14
290 281 14 14
290 282 14 14
291 280 14 14
291 286 14 14
292 288 14 14
292 290 14 14
293 281 14 14
293 283 14 14
294 291 14 14
294 293 14 14
295 292 14 14
295 293 14 14
296 285 14 14
296 294 14 14
297 293 14 14
297 288 14 14
298 291 14 14
298 296 14 14
299 295 14 14
299 297 14 14
280 296 14 14
280 294 14 14
281 289 14 14
281 288 14 14
302 301 15 15
302 300 15 15
303 300 15 15
303 302 15 15
304 300 15 15
304 301 15 15
305 300 15 15
305 304 15 15
306 303 15 15
306 300 15 15
307 301 15 15
307 300 15 15
308 306 15 15
308 302 15 15
309 302 15 15
309 306 15 15
310 301 15 15
310 305 15 15
311 304 15 15
311 308 15 15
312 301 15 15
312 306 15 15
313 306 15 15
313 301 15 15
314 303 15 15
314 309 15 15
315 301 15 15
315 305 15 15
316 306 15 15
316 308 15 15
317 303 15 15
317 307 15 15
318 313 15 15
318 300 15 15
319 306 15 15
319 309 15 15
300 314 15 15
300 312 15 15
301 319 15 15
301 308 15 15
50 9 2 0
49 37 2 1
65 31 3 1
72 4 3 0
89 74 4 3
84 7 4 0
108 30 5 1
108 91 5 4
139 3 6 0
138 32 6 1
159 101 7 5
141 34 7 1
163 46 8 2
168 6 8 0
180 56 9 2
183 153 9 7
213 92 10 4
210 19 10 0
234 146 11 7
237 183 11 9
246 181 12 9
245 58 12 2
264 14 13 0
279 40 13 2
295 271 14 13
293 1 14 0
306 136 15 6
301 109 15 5
4 232 0 11
11 307 0 15
20 278 1 13
39 292 1 14
