swNum = 320
edgeNum = 672

0 0
1 0
2 0
3 0
4 0
5 0
6 0
7 0
8 0
9 0
10 0
11 0
12 0
13 0
14 0
15 0
16 0
17 0
18 0
19 0
20 1
21 1
22 1
23 1
24 1
25 1
26 1
27 1
28 1
29 1
30 1
31 1
32 1
33 1
34 1
35 1
36 1
37 1
38 1
39 1
40 2
41 2
42 2
43 2
44 2
45 2
46 2
47 2
48 2
49 2
50 2
51 2
52 2
53 2
54 2
55 2
56 2
57 2
58 2
59 2
60 3
61 3
62 3
63 3
64 3
65 3
66 3
67 3
68 3
69 3
70 3
71 3
72 3
73 3
74 3
75 3
76 3
77 3
78 3
79 3
80 4
81 4
82 4
83 4
84 4
85 4
86 4
87 4
88 4
89 4
90 4
91 4
92 4
93 4
94 4
95 4
96 4
97 4
98 4
99 4
100 5
101 5
102 5
103 5
104 5
105 5
106 5
107 5
108 5
109 5
110 5
111 5
112 5
113 5
114 5
115 5
116 5
117 5
118 5
119 5
120 6
121 6
122 6
123 6
124 6
125 6
126 6
127 6
128 6
129 6
130 6
131 6
132 6
133 6
134 6
135 6
136 6
137 6
138 6
139 6
140 7
141 7
142 7
143 7
144 7
145 7
146 7
147 7
148 7
149 7
150 7
151 7
152 7
153 7
154 7
155 7
156 7
157 7
158 7
159 7
160 8
161 8
162 8
163 8
164 8
165 8
166 8
167 8
168 8
169 8
170 8
171 8
172 8
173 8
174 8
175 8
176 8
177 8
178 8
179 8
180 9
181 9
182 9
183 9
184 9
185 9
186 9
187 9
188 9
189 9
190 9
191 9
192 9
193 9
194 9
195 9
196 9
197 9
198 9
199 9
200 10
201 10
202 10
203 10
204 10
205 10
206 10
207 10
208 10
209 10
210 10
211 10
212 10
213 10
214 10
215 10
216 10
217 10
218 10
219 10
220 11
221 11
222 11
223 11
224 11
225 11
226 11
227 11
228 11
229 11
230 11
231 11
232 11
233 11
234 11
235 11
236 11
237 11
238 11
239 11
240 12
241 12
242 12
243 12
244 12
245 12
246 12
247 12
248 12
249 12
250 12
251 12
252 12
253 12
254 12
255 12
256 12
257 12
258 12
259 12
260 13
261 13
262 13
263 13
264 13
265 13
266 13
267 13
268 13
269 13
270 13
271 13
272 13
273 13
274 13
275 13
276 13
277 13
278 13
279 13
280 14
281 14
282 14
283 14
284 14
285 14
286 14
287 14
288 14
289 14
290 14
291 14
292 14
293 14
294 14
295 14
296 14
297 14
298 14
299 14
300 15
301 15
302 15
303 15
304 15
305 15
306 15
307 15
308 15
309 15
310 15
311 15
312 15
313 15
314 15
315 15
316 15
317 15
318 15
319 15

2 1 0 0
2 0 0 0
3 1 0 0
3 0 0 0
4 2 0 0
4 1 0 0
5 0 0 0
5 1 0 0
6 0 0 0
6 5 0 0
7 3 0 0
7 5 0 0
8 4 0 0
8 1 0 0
9 0 0 0
9 1 0 0
10 6 0 0
10 0 0 0
11 1 0 0
11 5 0 0
12 11 0 0
12 5 0 0
13 3 0 0
13 1 0 0
14 6 0 0
14 2 0 0
15 14 0 0
15 2 0 0
16 14 0 0
16 12 0 0
17 12 0 0
17 13 0 0
18 1 0 0
18 14 0 0
19 13 0 0
19 7 0 0
0 13 0 0
0 12 0 0
1 12 0 0
1 6 0 0
22 21 1 1
22 20 1 1
23 21 1 1
23 22 1 1
24 21 1 1
24 23 1 1
25 21 1 1
25 20 1 1
26 22 1 1
26 25 1 1
27 25 1 1
27 24 1 1
28 26 1 1
28 23 1 1
29 20 1 1
29 23 1 1
30 25 1 1
30 23 1 1
31 23 1 1
31 27 1 1
32 23 1 1
32 25 1 1
33 25 1 1
33 23 1 1
34 20 1 1
34 21 1 1
35 32 1 1
35 21 1 1
36 26 1 1
36 32 1 1
37 23 1 1
37 35 1 1
38 29 1 1
38 31 1 1
39 35 1 1
39 21 1 1
20 33 1 1
20 32 1 1
21 27 1 1
21 32 1 1
42 41 2 2
42 40 2 2
43 42 2 2
43 40 2 2
44 42 2 2
44 43 2 2
45 43 2 2
45 40 2 2
46 42 2 2
46 43 2 2
47 44 2 2
47 43 2 2
48 47 2 2
48 45 2 2
49 41 2 2
49 45 2 2
50 48 2 2
50 42 2 2
51 45 2 2
51 48 2 2
52 44 2 2
52 48 2 2
53 44 2 2
53 46 2 2
54 52 2 2
54 44 2 2
55 43 2 2
55 51 2 2
56 44 2 2
56 46 2 2
57 48 2 2
57 51 2 2
58 51 2 2
58 56 2 2
59 46 2 2
59 41 2 2
40 49 2 2
40 59 2 2
41 57 2 2
41 47 2 2
62 60 3 3
62 61 3 3
63 61 3 3
63 60 3 3
64 60 3 3
64 61 3 3
65 64 3 3
65 60 3 3
66 64 3 3
66 65 3 3
67 62 3 3
67 66 3 3
68 66 3 3
68 61 3 3
69 68 3 3
69 60 3 3
70 67 3 3
70 65 3 3
71 70 3 3
71 60 3 3
72 62 3 3
72 65 3 3
73 69 3 3
73 71 3 3
74 65 3 3
74 66 3 3
75 69 3 3
75 64 3 3
76 64 3 3
76 74 3 3
77 65 3 3
77 76 3 3
78 69 3 3
78 65 3 3
79 74 3 3
79 73 3 3
60 79 3 3
60 68 3 3
61 73 3 3
61 71 3 3
82 81 4 4
82 80 4 4
83 81 4 4
83 80 4 4
84 81 4 4
84 80 4 4
85 82 4 4
85 83 4 4
86 84 4 4
86 85 4 4
87 86 4 4
87 82 4 4
88 80 4 4
88 87 4 4
89 81 4 4
89 88 4 4
90 89 4 4
90 86 4 4
91 90 4 4
91 80 4 4
92 85 4 4
92 84 4 4
93 92 4 4
93 89 4 4
94 86 4 4
94 88 4 4
95 87 4 4
95 82 4 4
96 89 4 4
96 84 4 4
97 83 4 4
97 80 4 4
98 86 4 4
98 81 4 4
99 92 4 4
99 80 4 4
80 86 4 4
80 89 4 4
81 93 4 4
81 88 4 4
102 101 5 5
102 100 5 5
103 100 5 5
103 102 5 5
104 100 5 5
104 103 5 5
105 103 5 5
105 100 5 5
106 102 5 5
106 104 5 5
107 101 5 5
107 103 5 5
108 105 5 5
108 106 5 5
109 107 5 5
109 101 5 5
110 102 5 5
110 105 5 5
111 106 5 5
111 105 5 5
112 111 5 5
112 108 5 5
113 100 5 5
113 109 5 5
114 112 5 5
114 101 5 5
115 106 5 5
115 114 5 5
116 115 5 5
116 107 5 5
117 100 5 5
117 105 5 5
118 112 5 5
118 117 5 5
119 107 5 5
119 112 5 5
100 112 5 5
100 111 5 5
101 110 5 5
101 105 5 5
122 120 6 6
122 121 6 6
123 121 6 6
123 120 6 6
124 121 6 6
124 122 6 6
125 120 6 6
125 124 6 6
126 122 6 6
126 124 6 6
127 125 6 6
127 120 6 6
128 120 6 6
128 125 6 6
129 120 6 6
129 122 6 6
130 123 6 6
130 124 6 6
131 126 6 6
131 128 6 6
132 131 6 6
132 126 6 6
133 122 6 6
133 126 6 6
134 127 6 6
134 129 6 6
135 121 6 6
135 130 6 6
136 120 6 6
136 132 6 6
137 122 6 6
137 132 6 6
138 129 6 6
138 135 6 6
139 124 6 6
139 136 6 6
120 135 6 6
120 138 6 6
121 137 6 6
121 139 6 6
142 141 7 7
142 140 7 7
143 141 7 7
143 140 7 7
144 140 7 7
144 143 7 7
145 142 7 7
145 143 7 7
146 140 7 7
146 142 7 7
147 141 7 7
147 142 7 7
148 141 7 7
148 147 7 7
149 148 7 7
149 144 7 7
150 142 7 7
150 147 7 7
151 144 7 7
151 140 7 7
152 151 7 7
152 140 7 7
153 152 7 7
153 149 7 7
154 147 7 7
154 145 7 7
155 141 7 7
155 147 7 7
156 150 7 7
156 152 7 7
157 152 7 7
157 149 7 7
158 141 7 7
158 152 7 7
159 144 7 7
159 146 7 7
140 153 7 7
140 145 7 7
141 152 7 7
141 159 7 7
162 160 8 8
162 161 8 8
163 161 8 8
163 160 8 8
164 161 8 8
164 160 8 8
165 163 8 8
165 162 8 8
166 162 8 8
166 163 8 8
167 162 8 8
167 166 8 8
168 163 8 8
168 162 8 8
169 162 8 8
169 167 8 8
170 162 8 8
170 161 8 8
171 164 8 8
171 167 8 8
172 162 8 8
172 166 8 8
173 162 8 8
173 166 8 8
174 173 8 8
174 162 8 8
175 161 8 8
175 170 8 8
176 162 8 8
176 164 8 8
177 169 8 8
177 160 8 8
178 171 8 8
178 167 8 8
179 177 8 8
179 166 8 8
160 174 8 8
160 170 8 8
161 177 8 8
161 172 8 8
182 181 9 9
182 180 9 9
183 182 9 9
183 181 9 9
184 181 9 9
184 183 9 9
185 181 9 9
185 182 9 9
186 183 9 9
186 184 9 9
187 182 9 9
187 181 9 9
188 182 9 9
188 181 9 9
189 181 9 9
189 184 9 9
190 183 9 9
190 184 9 9
191 184 9 9
191 190 9 9
192 183 9 9
192 191 9 9
193 189 9 9
193 184 9 9
194 181 9 9
194 180 9 9
195 180 9 9
195 184 9 9
196 184 9 9
196 193 9 9
197 192 9 9
197 187 9 9
198 195 9 9
198 184 9 9
199 190 9 9
199 181 9 9
180 199 9 9
180 185 9 9
181 186 9 9
181 193 9 9
202 201 10 10
202 200 10 10
203 202 10 10
203 201 10 10
204 202 10 10
204 201 10 10
205 200 10 10
205 204 10 10
206 203 10 10
206 200 10 10
207 204 10 10
207 201 10 10
208 200 10 10
208 207 10 10
209 206 10 10
209 201 10 10
210 201 10 10
210 204 10 10
211 209 10 10
211 203 10 10
212 204 10 10
212 200 10 10
213 202 10 10
213 207 10 10
214 203 10 10
214 213 10 10
215 212 10 10
215 201 10 10
216 212 10 10
216 205 10 10
217 214 10 10
217 213 10 10
218 216 10 10
218 217 10 10
219 205 10 10
219 218 10 10
200 217 10 10
200 219 10 10
201 205 10 10
201 219 10 10
222 221 11 11
222 220 11 11
223 220 11 11
223 221 11 11
224 221 11 11
224 222 11 11
225 222 11 11
225 220 11 11
226 220 11 11
226 221 11 11
227 224 11 11
227 226 11 11
228 223 11 11
228 222 11 11
229 224 11 11
229 226 11 11
230 225 11 11
230 227 11 11
231 226 11 11
231 220 11 11
232 226 11 11
232 220 11 11
233 230 11 11
233 232 11 11
234 220 11 11
234 233 11 11
235 221 11 11
235 224 11 11
236 230 11 11
236 226 11 11
237 230 11 11
237 236 11 11
238 235 11 11
238 232 11 11
239 229 11 11
239 228 11 11
220 235 11 11
220 227 11 11
221 238 11 11
221 227 11 11
242 241 12 12
242 240 12 12
243 240 12 12
243 242 12 12
244 240 12 12
244 242 12 12
245 243 12 12
245 244 12 12
246 240 12 12
246 243 12 12
247 244 12 12
247 243 12 12
248 242 12 12
248 245 12 12
249 246 12 12
249 244 12 12
250 247 12 12
250 245 12 12
251 244 12 12
251 249 12 12
252 248 12 12
252 245 12 12
253 249 12 12
253 251 12 12
254 240 12 12
254 244 12 12
255 253 12 12
255 246 12 12
256 246 12 12
256 255 12 12
257 254 12 12
257 244 12 12
258 240 12 12
258 251 12 12
259 244 12 12
259 241 12 12
240 252 12 12
240 245 12 12
241 248 12 12
241 249 12 12
262 261 13 13
262 260 13 13
263 260 13 13
263 261 13 13
264 260 13 13
264 263 13 13
265 260 13 13
265 261 13 13
266 260 13 13
266 264 13 13
267 261 13 13
267 263 13 13
268 265 13 13
268 261 13 13
269 265 13 13
269 262 13 13
270 265 13 13
270 266 13 13
271 269 13 13
271 267 13 13
272 265 13 13
272 271 13 13
273 260 13 13
273 267 13 13
274 269 13 13
274 265 13 13
275 261 13 13
275 268 13 13
276 270 13 13
276 269 13 13
277 266 13 13
277 265 13 13
278 272 13 13
278 276 13 13
279 264 13 13
279 277 13 13
260 279 13 13
260 275 13 13
261 277 13 13
261 270 13 13
282 281 14 14
282 280 14 14
283 281 14 14
283 280 14 14
284 283 14 14
284 282 14 14
285 284 14 14
285 280 14 14
286 282 14 14
286 284 14 14
287 281 14 14
287 282 14 14
288 284 14 14
288 287 14 14
289 287 14 14
289 284 14 14
290 280 14 14
290 287 14 14
291 284 14 14
291 286 14 14
292 280 14 14
292 288 14 14
293 286 14 14
293 284 14 14
294 286 14 14
294 282 14 14
295 292 14 14
295 283 14 14
296 293 14 14
296 284 14 14
297 294 14 14
297 286 14 14
298 283 14 14
298 281 14 14
299 286 14 14
299 283 14 14
280 284 14 14
280 294 14 14
281 290 14 14
281 299 14 14
302 300 15 15
302 301 15 15
303 300 15 15
303 301 15 15
304 300 15 15
304 303 15 15
305 300 15 15
305 302 15 15
306 303 15 15
306 301 15 15
307 300 15 15
307 306 15 15
308 306 15 15
308 303 15 15
309 304 15 15
309 308 15 15
310 301 15 15
310 303 15 15
311 303 15 15
311 300 15 15
312 304 15 15
312 308 15 15
313 304 15 15
313 312 15 15
314 311 15 15
314 309 15 15
315 310 15 15
315 313 15 15
316 309 15 15
316 311 15 15
317 307 15 15
317 309 15 15
318 309 15 15
318 314 15 15
319 313 15 15
319 300 15 15
300 309 15 15
300 313 15 15
301 319 15 15
301 316 15 15
52 5 2 0
51 27 2 1
65 50 3 2
65 12 3 0
86 48 4 2
97 64 4 3
114 37 5 1
109 3 5 0
132 95 6 4
136 69 6 3
154 122 7 6
150 116 7 5
178 24 8 1
176 112 8 5
197 114 9 5
198 160 9 8
204 198 10 9
208 77 10 3
239 215 11 10
221 98 11 4
244 13 12 0
244 136 12 6
262 29 13 1
273 179 13 8
294 3 14 0
282 161 14 8
317 80 15 4
308 237 15 11
8 231 0 11
9 260 0 13
25 192 1 9
25 297 1 14
