swNum = 320
edgeNum = 672

0 0
1 0
2 0
3 0
4 0
5 0
6 0
7 0
8 0
9 0
10 0
11 0
12 0
13 0
14 0
15 0
16 0
17 0
18 0
19 0
20 1
21 1
22 1
23 1
24 1
25 1
26 1
27 1
28 1
29 1
30 1
31 1
32 1
33 1
34 1
35 1
36 1
37 1
38 1
39 1
40 2
41 2
42 2
43 2
44 2
45 2
46 2
47 2
48 2
49 2
50 2
51 2
52 2
53 2
54 2
55 2
56 2
57 2
58 2
59 2
60 3
61 3
62 3
63 3
64 3
65 3
66 3
67 3
68 3
69 3
70 3
71 3
72 3
73 3
74 3
75 3
76 3
77 3
78 3
79 3
80 4
81 4
82 4
83 4
84 4
85 4
86 4
87 4
88 4
89 4
90 4
91 4
92 4
93 4
94 4
95 4
96 4
97 4
98 4
99 4
100 5
101 5
102 5
103 5
104 5
105 5
106 5
107 5
108 5
109 5
110 5
111 5
112 5
113 5
114 5
115 5
116 5
117 5
118 5
119 5
120 6
121 6
122 6
123 6
124 6
125 6
126 6
127 6
128 6
129 6
130 6
131 6
132 6
133 6
134 6
135 6
136 6
137 6
138 6
139 6
140 7
141 7
142 7
143 7
144 7
145 7
146 7
147 7
148 7
149 7
150 7
151 7
152 7
153 7
154 7
155 7
156 7
157 7
158 7
159 7
160 8
161 8
162 8
163 8
164 8
165 8
166 8
167 8
168 8
169 8
170 8
171 8
172 8
173 8
174 8
175 8
176 8
177 8
178 8
179 8
180 9
181 9
182 9
183 9
184 9
185 9
186 9
187 9
188 9
189 9
190 9
191 9
192 9
193 9
194 9
195 9
196 9
197 9
198 9
199 9
200 10
201 10
202 10
203 10
204 10
205 10
206 10
207 10
208 10
209 10
210 10
211 10
212 10
213 10
214 10
215 10
216 10
217 10
218 10
219 10
220 11
221 11
222 11
223 11
224 11
225 11
226 11
227 11
228 11
229 11
230 11
231 11
232 11
233 11
234 11
235 11
236 11
237 11
238 11
239 11
240 12
241 12
242 12
243 12
244 12
245 12
246 12
247 12
248 12
249 12
250 12
251 12
252 12
253 12
254 12
255 12
256 12
257 12
258 12
259 12
260 13
261 13
262 13
263 13
264 13
265 13
266 13
267 13
268 13
269 13
270 13
271 13
272 13
273 13
274 13
275 13
276 13
277 13
278 13
279 13
280 14
281 14
282 14
283 14
284 14
285 14
286 14
287 14
288 14
289 14
290 14
291 14
292 14
293 14
294 14
295 14
296 14
297 14
298 14
299 14
300 15
301 15
302 15
303 15
304 15
305 15
306 15
307 15
308 15
309 15
310 15
311 15
312 15
313 15
314 15
315 15
316 15
317 15
318 15
319 15

2 1 0 0
2 0 0 0
3 0 0 0
3 1 0 0
4 0 0 0
4 1 0 0
5 4 0 0
5 0 0 0
6 0 0 0
6 4 0 0
7 0 0 0
7 3 0 0
8 6 0 0
8 0 0 0
9 3 0 0
9 4 0 0
10 1 0 0
10 7 0 0
11 10 0 0
11 5 0 0
12 2 0 0
12 5 0 0
13 10 0 0
13 0 0 0
14 1 0 0
14 5 0 0
15 11 0 0
15 6 0 0
16 12 0 0
16 8 0 0
17 0 0 0
17 6 0 0
18 4 0 0
18 15 0 0
19 7 0 0
19 17 0 0
0 16 0 0
0 18 0 0
1 15 0 0
1 13 0 0
22 20 1 1
22 21 1 1
23 22 1 1
23 20 1 1
24 22 1 1
24 21 1 1
25 23 1 1
25 21 1 1
26 25 1 1
26 21 1 1
27 26 1 1
27 22 1 1
28 24 1 1
28 25 1 1
29 23 1 1
29 20 1 1
30 21 1 1
30 20 1 1
31 27 1 1
31 28 1 1
32 25 1 1
32 23 1 1
33 30 1 1
33 26 1 1
34 21 1 1
34 23 1 1
35 22 1 1
35 25 1 1
36 24 1 1
36 25 1 1
37 35 1 1
37 32 1 1
38 22 1 1
38 31 1 1
39 24 1 1
39 27 1 1
20 26 1 1
20 35 1 1
21 35 1 1
21 33 1 1
42 40 2 2
42 41 2 2
43 42 2 2
43 40 2 2
44 41 2 2
44 43 2 2
45 40 2 2
45 44 2 2
46 45 2 2
46 43 2 2
47 40 2 2
47 41 2 2
48 47 2 2
48 46 2 2
49 47 2 2
49 41 2 2
50 42 2 2
50 45 2 2
51 43 2 2
51 42 2 2
52 50 2 2
52 41 2 2
53 48 2 2
53 49 2 2
54 42 2 2
54 50 2 2
55 52 2 2
55 53 2 2
56 41 2 2
56 47 2 2
57 40 2 2
57 41 2 2
58 51 2 2
58 57 2 2
59 43 2 2
59 58 2 2
40 58 2 2
40 59 2 2
41 53 2 2
41 58 2 2
62 61 3 3
62 60 3 3
63 62 3 3
63 61 3 3
64 62 3 3
64 60 3 3
65 60 3 3
65 61 3 3
66 61 3 3
66 63 3 3
67 66 3 3
67 62 3 3
68 60 3 3
68 65 3 3
69 66 3 3
69 67 3 3
70 64 3 3
70 60 3 3
71 65 3 3
71 61 3 3
72 67 3 3
72 61 3 3
73 64 3 3
73 65 3 3
74 69 3 3
74 71 3 3
75 66 3 3
75 71 3 3
76 67 3 3
76 72 3 3
77 73 3 3
77 70 3 3
78 68 3 3
78 65 3 3
79 67 3 3
79 65 3 3
60 75 3 3
60 74 3 3
61 67 3 3
61 76 3 3
82 80 4 4
82 81 4 4
83 82 4 4
83 80 4 4
84 82 4 4
84 81 4 4
85 80 4 4
85 83 4 4
86 85 4 4
86 80 4 4
87 83 4 4
87 82 4 4
88 86 4 4
88 80 4 4
89 81 4 4
89 88 4 4
90 81 4 4
90 80 4 4
91 90 4 4
91 86 4 4
92 84 4 4
92 82 4 4
93 86 4 4
93 92 4 4
94 92 4 4
94 87 4 4
95 93 4 4
95 94 4 4
96 86 4 4
96 80 4 4
97 87 4 4
97 83 4 4
98 82 4 4
98 92 4 4
99 87 4 4
99 96 4 4
80 92 4 4
80 91 4 4
81 92 4 4
81 88 4 4
102 100 5 5
102 101 5 5
103 101 5 5
103 100 5 5
104 100 5 5
104 101 5 5
105 100 5 5
105 101 5 5
106 104 5 5
106 105 5 5
107 101 5 5
107 105 5 5
108 103 5 5
108 106 5 5
109 101 5 5
109 105 5 5
110 107 5 5
110 104 5 5
111 109 5 5
111 108 5 5
112 100 5 5
112 102 5 5
113 112 5 5
113 101 5 5
114 105 5 5
114 104 5 5
115 107 5 5
115 104 5 5
116 100 5 5
116 112 5 5
117 116 5 5
117 108 5 5
118 111 5 5
118 109 5 5
119 115 5 5
119 105 5 5
100 117 5 5
100 111 5 5
101 115 5 5
101 119 5 5
122 121 6 6
122 120 6 6
123 120 6 6
123 122 6 6
124 121 6 6
124 120 6 6
125 121 6 6
125 123 6 6
126 125 6 6
126 122 6 6
127 123 6 6
127 124 6 6
128 121 6 6
128 123 6 6
129 128 6 6
129 127 6 6
130 127 6 6
130 128 6 6
131 126 6 6
131 123 6 6
132 122 6 6
132 123 6 6
133 121 6 6
133 120 6 6
134 133 6 6
134 124 6 6
135 127 6 6
135 124 6 6
136 122 6 6
136 125 6 6
137 136 6 6
137 121 6 6
138 128 6 6
138 120 6 6
139 125 6 6
139 132 6 6
120 128 6 6
120 129 6 6
121 134 6 6
121 135 6 6
142 140 7 7
142 141 7 7
143 142 7 7
143 140 7 7
144 142 7 7
144 141 7 7
145 140 7 7
145 144 7 7
146 144 7 7
146 143 7 7
147 143 7 7
147 140 7 7
148 140 7 7
148 147 7 7
149 142 7 7
149 143 7 7
150 140 7 7
150 148 7 7
151 141 7 7
151 140 7 7
152 142 7 7
152 149 7 7
153 142 7 7
153 146 7 7
154 143 7 7
154 149 7 7
155 143 7 7
155 146 7 7
156 150 7 7
156 147 7 7
157 145 7 7
157 140 7 7
158 141 7 7
158 143 7 7
159 150 7 7
159 143 7 7
140 144 7 7
140 149 7 7
141 145 7 7
141 150 7 7
162 160 8 8
162 161 8 8
163 161 8 8
163 162 8 8
164 161 8 8
164 162 8 8
165 163 8 8
165 160 8 8
166 165 8 8
166 162 8 8
167 162 8 8
167 163 8 8
168 167 8 8
168 162 8 8
169 163 8 8
169 167 8 8
170 161 8 8
170 169 8 8
171 162 8 8
171 167 8 8
172 168 8 8
172 166 8 8
173 161 8 8
173 169 8 8
174 164 8 8
174 163 8 8
175 172 8 8
175 169 8 8
176 171 8 8
176 161 8 8
177 169 8 8
177 165 8 8
178 161 8 8
178 160 8 8
179 173 8 8
179 167 8 8
160 171 8 8
160 168 8 8
161 166 8 8
161 171 8 8
182 180 9 9
182 181 9 9
183 180 9 9
183 181 9 9
184 181 9 9
184 182 9 9
185 180 9 9
185 184 9 9
186 180 9 9
186 185 9 9
187 183 9 9
187 185 9 9
188 181 9 9
188 183 9 9
189 187 9 9
189 185 9 9
190 188 9 9
190 189 9 9
191 190 9 9
191 180 9 9
192 183 9 9
192 191 9 9
193 183 9 9
193 180 9 9
194 188 9 9
194 182 9 9
195 190 9 9
195 191 9 9
196 189 9 9
196 192 9 9
197 186 9 9
197 192 9 9
198 180 9 9
198 194 9 9
199 192 9 9
199 180 9 9
180 196 9 9
180 195 9 9
181 191 9 9
181 190 9 9
202 200 10 10
202 201 10 10
203 202 10 10
203 200 10 10
204 200 10 10
204 201 10 10
205 202 10 10
205 200 10 10
206 204 10 10
206 200 10 10
207 206 10 10
207 202 10 10
208 203 10 10
208 201 10 10
209 201 10 10
209 200 10 10
210 203 10 10
210 200 10 10
211 202 10 10
211 207 10 10
212 211 10 10
212 201 10 10
213 210 10 10
213 200 10 10
214 202 10 10
214 211 10 10
215 200 10 10
215 205 10 10
216 209 10 10
216 205 10 10
217 202 10 10
217 213 10 10
218 212 10 10
218 209 10 10
219 216 10 10
219 200 10 10
200 216 10 10
200 214 10 10
201 203 10 10
201 214 10 10
222 221 11 11
222 220 11 11
223 221 11 11
223 222 11 11
224 221 11 11
224 220 11 11
225 222 11 11
225 223 11 11
226 224 11 11
226 225 11 11
227 220 11 11
227 224 11 11
228 227 11 11
228 220 11 11
229 223 11 11
229 221 11 11
230 224 11 11
230 221 11 11
231 226 11 11
231 228 11 11
232 222 11 11
232 231 11 11
233 222 11 11
233 230 11 11
234 227 11 11
234 232 11 11
235 222 11 11
235 226 11 11
236 225 11 11
236 227 11 11
237 221 11 11
237 229 11 11
238 235 11 11
238 229 11 11
239 227 11 11
239 233 11 11
220 223 11 11
220 230 11 11
221 239 11 11
221 238 11 11
242 240 12 12
242 241 12 12
243 240 12 12
243 241 12 12
244 240 12 12
244 243 12 12
245 241 12 12
245 243 12 12
246 245 12 12
246 243 12 12
247 246 12 12
247 242 12 12
248 242 12 12
248 247 12 12
249 241 12 12
249 245 12 12
250 245 12 12
250 248 12 12
251 244 12 12
251 246 12 12
252 240 12 12
252 242 12 12
253 245 12 12
253 242 12 12
254 249 12 12
254 242 12 12
255 252 12 12
255 245 12 12
256 246 12 12
256 250 12 12
257 249 12 12
257 241 12 12
258 257 12 12
258 251 12 12
259 240 12 12
259 255 12 12
240 251 12 12
240 248 12 12
241 250 12 12
241 246 12 12
262 260 13 13
262 261 13 13
263 262 13 13
263 260 13 13
264 261 13 13
264 260 13 13
265 262 13 13
265 263 13 13
266 261 13 13
266 264 13 13
267 261 13 13
267 263 13 13
268 263 13 13
268 265 13 13
269 264 13 13
269 266 13 13
270 261 13 13
270 266 13 13
271 264 13 13
271 260 13 13
272 266 13 13
272 267 13 13
273 269 13 13
273 261 13 13
274 273 13 13
274 271 13 13
275 267 13 13
275 274 13 13
276 270 13 13
276 271 13 13
277 268 13 13
277 276 13 13
278 269 13 13
278 270 13 13
279 277 13 13
279 270 13 13
260 268 13 13
260 270 13 13
261 274 13 13
261 276 13 13
282 281 14 14
282 280 14 14
283 281 14 14
283 282 14 14
284 281 14 14
284 283 14 14
285 282 14 14
285 281 14 14
286 285 14 14
286 284 14 14
287 285 14 14
287 281 14 14
288 280 14 14
288 287 14 14
289 288 14 14
289 282 14 14
290 287 14 14
290 288 14 14
291 289 14 14
291 284 14 14
292 290 14 14
292 287 14 14
293 282 14 14
293 286 14 14
294 293 14 14
294 286 14 14
295 288 14 14
295 280 14 14
296 283 14 14
296 287 14 14
297 285 14 14
297 280 14 14
298 291 14 14
298 280 14 14
299 292 14 14
299 285 14 14
280 296 14 14
280 292 14 14
281 295 14 14
281 296 14 14
302 301 15 15
302 300 15 15
303 300 15 15
303 302 15 15
304 302 15 15
304 303 15 15
305 304 15 15
305 300 15 15
306 301 15 15
306 300 15 15
307 306 15 15
307 303 15 15
308 303 15 15
308 307 15 15
309 306 15 15
309 305 15 15
310 308 15 15
310 309 15 15
311 302 15 15
311 306 15 15
312 303 15 15
312 308 15 15
313 304 15 15
313 305 15 15
314 307 15 15
314 300 15 15
315 304 15 15
315 300 15 15
316 304 15 15
316 308 15 15
317 309 15 15
317 308 15 15
318 311 15 15
318 315 15 15
319 313 15 15
319 307 15 15
300 318 15 15
300 316 15 15
301 311 15 15
301 304 15 15
52 26 2 1
51 7 2 0
62 4 3 0
75 25 3 1
86 62 4 3
84 28 4 1
115 93 5 4
118 11 5 0
128 101 6 5
128 56 6 2
143 17 7 0
148 139 7 6
171 76 8 3
173 147 8 7
194 141 9 7
190 163 9 8
215 145 10 7
216 21 10 1
226 171 11 8
227 191 11 9
251 54 12 2
254 5 12 0
275 12 13 0
275 150 13 7
287 0 14 0
288 81 14 4
318 202 15 10
311 29 15 1
9 307 0 15
11 162 0 8
31 268 1 13
37 223 1 11
