swNum = 320
edgeNum = 672

0 0
1 0
2 0
3 0
4 0
5 0
6 0
7 0
8 0
9 0
10 0
11 0
12 0
13 0
14 0
15 0
16 0
17 0
18 0
19 0
20 1
21 1
22 1
23 1
24 1
25 1
26 1
27 1
28 1
29 1
30 1
31 1
32 1
33 1
34 1
35 1
36 1
37 1
38 1
39 1
40 2
41 2
42 2
43 2
44 2
45 2
46 2
47 2
48 2
49 2
50 2
51 2
52 2
53 2
54 2
55 2
56 2
57 2
58 2
59 2
60 3
61 3
62 3
63 3
64 3
65 3
66 3
67 3
68 3
69 3
70 3
71 3
72 3
73 3
74 3
75 3
76 3
77 3
78 3
79 3
80 4
81 4
82 4
83 4
84 4
85 4
86 4
87 4
88 4
89 4
90 4
91 4
92 4
93 4
94 4
95 4
96 4
97 4
98 4
99 4
100 5
101 5
102 5
103 5
104 5
105 5
106 5
107 5
108 5
109 5
110 5
111 5
112 5
113 5
114 5
115 5
116 5
117 5
118 5
119 5
120 6
121 6
122 6
123 6
124 6
125 6
126 6
127 6
128 6
129 6
130 6
131 6
132 6
133 6
134 6
135 6
136 6
137 6
138 6
139 6
140 7
141 7
142 7
143 7
144 7
145 7
146 7
147 7
148 7
149 7
150 7
151 7
152 7
153 7
154 7
155 7
156 7
157 7
158 7
159 7
160 8
161 8
162 8
163 8
164 8
165 8
166 8
167 8
168 8
169 8
170 8
171 8
172 8
173 8
174 8
175 8
176 8
177 8
178 8
179 8
180 9
181 9
182 9
183 9
184 9
185 9
186 9
187 9
188 9
189 9
190 9
191 9
192 9
193 9
194 9
195 9
196 9
197 9
198 9
199 9
200 10
201 10
202 10
203 10
204 10
205 10
206 10
207 10
208 10
209 10
210 10
211 10
212 10
213 10
214 10
215 10
216 10
217 10
218 10
219 10
220 11
221 11
222 11
223 11
224 11
225 11
226 11
227 11
228 11
229 11
230 11
231 11
232 11
233 11
234 11
235 11
236 11
237 11
238 11
239 11
240 12
241 12
242 12
243 12
244 12
245 12
246 12
247 12
248 12
249 12
250 12
251 12
252 12
253 12
254 12
255 12
256 12
257 12
258 12
259 12
260 13
261 13
262 13
263 13
264 13
265 13
266 13
267 13
268 13
269 13
270 13
271 13
272 13
273 13
274 13
275 13
276 13
277 13
278 13
279 13
280 14
281 14
282 14
283 14
284 14
285 14
286 14
287 14
288 14
289 14
290 14
291 14
292 14
293 14
294 14
295 14
296 14
297 14
298 14
299 14
300 15
301 15
302 15
303 15
304 15
305 15
306 15
307 15
308 15
309 15
310 15
311 15
312 15
313 15
314 15
315 15
316 15
317 15
318 15
319 15

2 0 0 0
2 1 0 0
3 1 0 0
3 2 0 0
4 3 0 0
4 0 0 0
5 2 0 0
5 1 0 0
6 5 0 0
6 3 0 0
7 4 0 0
7 0 0 0
8 7 0 0
8 2 0 0
9 7 0 0
9 6 0 0
10 5 0 0
10 3 0 0
11 8 0 0
11 2 0 0
12 2 0 0
12 4 0 0
13 4 0 0
13 9 0 0
14 0 0 0
14 2 0 0
15 14 0 0
15 3 0 0
16 4 0 0
16 14 0 0
17 9 0 0
17 7 0 0
18 5 0 0
18 1 0 0
19 3 0 0
19 18 0 0
0 12 0 0
0 17 0 0
1 17 0 0
1 15 0 0
22 20 1 1
22 21 1 1
23 22 1 1
23 20 1 1
24 21 1 1
24 23 1 1
25 21 1 1
25 24 1 1
26 20 1 1
26 24 1 1
27 26 1 1
27 24 1 1
28 22 1 1
28 25 1 1
29 22 1 1
29 23 1 1
30 26 1 1
30 22 1 1
31 24 1 1
31 30 1 1
32 29 1 1
32 30 1 1
33 21 1 1
33 30 1 1
34 20 1 1
34 31 1 1
35 34 1 1
35 23 1 1
36 21 1 1
36 31 1 1
37 35 1 1
37 21 1 1
38 21 1 1
38 33 1 1
39 36 1 1
39 22 1 1
20 35 1 1
20 25 1 1
21 34 1 1
21 29 1 1
42 40 2 2
42 41 2 2
43 41 2 2
43 42 2 2
44 40 2 2
44 43 2 2
45 42 2 2
45 43 2 2
46 42 2 2
46 40 2 2
47 40 2 2
47 45 2 2
48 44 2 2
48 43 2 2
49 40 2 2
49 47 2 2
50 47 2 2
50 49 2 2
51 49 2 2
51 40 2 2
52 45 2 2
52 51 2 2
53 47 2 2
53 51 2 2
54 52 2 2
54 45 2 2
55 41 2 2
55 46 2 2
56 51 2 2
56 54 2 2
57 45 2 2
57 40 2 2
58 44 2 2
58 49 2 2
59 49 2 2
59 47 2 2
40 58 2 2
40 43 2 2
41 47 2 2
41 59 2 2
62 60 3 3
62 61 3 3
63 60 3 3
63 62 3 3
64 61 3 3
64 60 3 3
65 60 3 3
65 62 3 3
66 64 3 3
66 61 3 3
67 64 3 3
67 63 3 3
68 63 3 3
68 67 3 3
69 63 3 3
69 68 3 3
70 68 3 3
70 61 3 3
71 60 3 3
71 63 3 3
72 67 3 3
72 68 3 3
73 63 3 3
73 71 3 3
74 67 3 3
74 62 3 3
75 71 3 3
75 65 3 3
76 69 3 3
76 67 3 3
77 68 3 3
77 69 3 3
78 69 3 3
78 73 3 3
79 76 3 3
79 60 3 3
60 75 3 3
60 70 3 3
61 79 3 3
61 67 3 3
82 80 4 4
82 81 4 4
83 80 4 4
83 81 4 4
84 81 4 4
84 83 4 4
85 81 4 4
85 83 4 4
86 81 4 4
86 82 4 4
87 84 4 4
87 81 4 4
88 82 4 4
88 81 4 4
89 87 4 4
89 81 4 4
90 88 4 4
90 89 4 4
91 85 4 4
91 88 4 4
92 81 4 4
92 88 4 4
93 82 4 4
93 87 4 4
94 85 4 4
94 87 4 4
95 90 4 4
95 91 4 4
96 94 4 4
96 95 4 4
97 95 4 4
97 92 4 4
98 93 4 4
98 96 4 4
99 87 4 4
99 98 4 4
80 91 4 4
80 88 4 4
81 90 4 4
81 91 4 4
102 101 5 5
102 100 5 5
103 102 5 5
103 101 5 5
104 101 5 5
104 102 5 5
105 102 5 5
105 104 5 5
106 100 5 5
106 105 5 5
107 104 5 5
107 103 5 5
108 105 5 5
108 104 5 5
109 108 5 5
109 106 5 5
110 100 5 5
110 105 5 5
111 108 5 5
111 105 5 5
112 104 5 5
112 111 5 5
113 112 5 5
113 107 5 5
114 102 5 5
114 106 5 5
115 111 5 5
115 108 5 5
116 101 5 5
116 113 5 5
117 114 5 5
117 104 5 5
118 100 5 5
118 114 5 5
119 109 5 5
119 104 5 5
100 103 5 5
100 114 5 5
101 108 5 5
101 117 5 5
122 120 6 6
122 121 6 6
123 121 6 6
123 120 6 6
124 120 6 6
124 121 6 6
125 123 6 6
125 120 6 6
126 124 6 6
126 122 6 6
127 125 6 6
127 126 6 6
128 124 6 6
128 126 6 6
129 123 6 6
129 128 6 6
130 127 6 6
130 120 6 6
131 127 6 6
131 125 6 6
132 130 6 6
132 120 6 6
133 127 6 6
133 132 6 6
134 120 6 6
134 123 6 6
135 125 6 6
135 131 6 6
136 124 6 6
136 131 6 6
137 128 6 6
137 135 6 6
138 124 6 6
138 121 6 6
139 132 6 6
139 131 6 6
120 139 6 6
120 138 6 6
121 131 6 6
121 126 6 6
142 141 7 7
142 140 7 7
143 142 7 7
143 140 7 7
144 143 7 7
144 141 7 7
145 143 7 7
145 141 7 7
146 145 7 7
146 140 7 7
147 141 7 7
147 142 7 7
148 147 7 7
148 142 7 7
149 142 7 7
149 147 7 7
150 143 7 7
150 148 7 7
151 146 7 7
151 142 7 7
152 147 7 7
152 149 7 7
153 142 7 7
153 151 7 7
154 153 7 7
154 141 7 7
155 140 7 7
155 144 7 7
156 150 7 7
156 148 7 7
157 142 7 7
157 154 7 7
158 146 7 7
158 144 7 7
159 140 7 7
159 146 7 7
140 156 7 7
140 157 7 7
141 146 7 7
141 151 7 7
162 161 8 8
162 160 8 8
163 162 8 8
163 161 8 8
164 163 8 8
164 162 8 8
165 162 8 8
165 160 8 8
166 160 8 8
166 163 8 8
167 160 8 8
167 166 8 8
168 163 8 8
168 162 8 8
169 163 8 8
169 164 8 8
170 161 8 8
170 165 8 8
171 169 8 8
171 170 8 8
172 160 8 8
172 171 8 8
173 172 8 8
173 167 8 8
174 170 8 8
174 168 8 8
175 172 8 8
175 169 8 8
176 173 8 8
176 170 8 8
177 162 8 8
177 160 8 8
178 162 8 8
178 160 8 8
179 164 8 8
179 165 8 8
160 179 8 8
160 170 8 8
161 177 8 8
161 164 8 8
182 180 9 9
182 181 9 9
183 180 9 9
183 181 9 9
184 182 9 9
184 181 9 9
185 180 9 9
185 183 9 9
186 182 9 9
186 183 9 9
187 185 9 9
187 186 9 9
188 184 9 9
188 182 9 9
189 188 9 9
189 184 9 9
190 188 9 9
190 189 9 9
191 181 9 9
191 185 9 9
192 187 9 9
192 183 9 9
193 182 9 9
193 188 9 9
194 183 9 9
194 192 9 9
195 184 9 9
195 190 9 9
196 187 9 9
196 190 9 9
197 191 9 9
197 180 9 9
198 193 9 9
198 189 9 9
199 194 9 9
199 189 9 9
180 199 9 9
180 198 9 9
181 190 9 9
181 198 9 9
202 200 10 10
202 201 10 10
203 200 10 10
203 202 10 10
204 203 10 10
204 202 10 10
205 202 10 10
205 200 10 10
206 203 10 10
206 201 10 10
207 202 10 10
207 200 10 10
208 200 10 10
208 205 10 10
209 203 10 10
209 206 10 10
210 205 10 10
210 201 10 10
211 203 10 10
211 204 10 10
212 203 10 10
212 208 10 10
213 208 10 10
213 209 10 10
214 206 10 10
214 209 10 10
215 212 10 10
215 213 10 10
216 208 10 10
216 215 10 10
217 210 10 10
217 214 10 10
218 217 10 10
218 210 10 10
219 217 10 10
219 213 10 10
200 214 10 10
200 212 10 10
201 213 10 10
201 216 10 10
222 220 11 11
222 221 11 11
223 222 11 11
223 221 11 11
224 223 11 11
224 220 11 11
225 220 11 11
225 221 11 11
226 224 11 11
226 221 11 11
227 220 11 11
227 223 11 11
228 224 11 11
228 225 11 11
229 224 11 11
229 225 11 11
230 225 11 11
230 221 11 11
231 226 11 11
231 220 11 11
232 222 11 11
232 228 11 11
233 229 11 11
233 230 11 11
234 228 11 11
234 221 11 11
235 229 11 11
235 228 11 11
236 222 11 11
236 225 11 11
237 224 11 11
237 228 11 11
238 225 11 11
238 227 11 11
239 233 11 11
239 223 11 11
220 235 11 11
220 239 11 11
221 233 11 11
221 239 11 11
242 241 12 12
242 240 12 12
243 242 12 12
243 240 12 12
244 240 12 12
244 243 12 12
245 242 12 12
245 244 12 12
246 245 12 12
246 241 12 12
247 244 12 12
247 240 12 12
248 247 12 12
248 246 12 12
249 248 12 12
249 246 12 12
250 245 12 12
250 246 12 12
251 249 12 12
251 250 12 12
252 249 12 12
252 250 12 12
253 246 12 12
253 249 12 12
254 251 12 12
254 245 12 12
255 250 12 12
255 251 12 12
256 255 12 12
256 244 12 12
257 250 12 12
257 252 12 12
258 252 12 12
258 251 12 12
259 247 12 12
259 248 12 12
240 255 12 12
240 253 12 12
241 243 12 12
241 258 12 12
262 261 13 13
262 260 13 13
263 260 13 13
263 262 13 13
264 261 13 13
264 260 13 13
265 262 13 13
265 264 13 13
266 265 13 13
266 263 13 13
267 266 13 13
267 262 13 13
268 265 13 13
268 266 13 13
269 262 13 13
269 264 13 13
270 262 13 13
270 265 13 13
271 261 13 13
271 270 13 13
272 262 13 13
272 266 13 13
273 265 13 13
273 268 13 13
274 264 13 13
274 268 13 13
275 265 13 13
275 263 13 13
276 273 13 13
276 263 13 13
277 271 13 13
277 270 13 13
278 263 13 13
278 276 13 13
279 276 13 13
279 273 13 13
260 277 13 13
260 267 13 13
261 270 13 13
261 279 13 13
282 280 14 14
282 281 14 14
283 282 14 14
283 281 14 14
284 283 14 14
284 281 14 14
285 280 14 14
285 284 14 14
286 280 14 14
286 285 14 14
287 280 14 14
287 281 14 14
288 285 14 14
288 282 14 14
289 286 14 14
289 285 14 14
290 287 14 14
290 282 14 14
291 285 14 14
291 284 14 14
292 291 14 14
292 283 14 14
293 292 14 14
293 285 14 14
294 293 14 14
294 282 14 14
295 294 14 14
295 283 14 14
296 292 14 14
296 284 14 14
297 292 14 14
297 295 14 14
298 296 14 14
298 295 14 14
299 282 14 14
299 280 14 14
280 288 14 14
280 293 14 14
281 289 14 14
281 295 14 14
302 300 15 15
302 301 15 15
303 301 15 15
303 302 15 15
304 302 15 15
304 300 15 15
305 300 15 15
305 301 15 15
306 304 15 15
306 302 15 15
307 305 15 15
307 303 15 15
308 301 15 15
308 305 15 15
309 307 15 15
309 300 15 15
310 305 15 15
310 301 15 15
311 310 15 15
311 309 15 15
312 301 15 15
312 303 15 15
313 300 15 15
313 303 15 15
314 306 15 15
314 307 15 15
315 313 15 15
315 303 15 15
316 307 15 15
316 314 15 15
317 307 15 15
317 315 15 15
318 304 15 15
318 308 15 15
319 308 15 15
319 309 15 15
300 303 15 15
300 315 15 15
301 311 15 15
301 313 15 15
51 32 2 1
51 10 2 0
62 34 3 1
71 44 3 2
93 77 4 3
90 24 4 1
102 16 5 0
107 34 5 1
129 104 6 5
125 40 6 2
159 104 7 5
155 17 7 0
164 64 8 3
178 142 8 7
199 143 9 7
196 36 9 1
204 117 10 5
207 46 10 2
220 114 11 5
224 143 11 7
241 21 12 1
250 210 12 10
273 259 13 12
270 158 13 7
298 117 14 5
299 267 14 13
308 287 15 14
311 231 15 11
18 285 0 14
15 277 0 13
21 210 1 10
31 319 1 15
