swNum = 320
edgeNum = 672

0 0
1 0
2 0
3 0
4 0
5 0
6 0
7 0
8 0
9 0
10 0
11 0
12 0
13 0
14 0
15 0
16 0
17 0
18 0
19 0
20 1
21 1
22 1
23 1
24 1
25 1
26 1
27 1
28 1
29 1
30 1
31 1
32 1
33 1
34 1
35 1
36 1
37 1
38 1
39 1
40 2
41 2
42 2
43 2
44 2
45 2
46 2
47 2
48 2
49 2
50 2
51 2
52 2
53 2
54 2
55 2
56 2
57 2
58 2
59 2
60 3
61 3
62 3
63 3
64 3
65 3
66 3
67 3
68 3
69 3
70 3
71 3
72 3
73 3
74 3
75 3
76 3
77 3
78 3
79 3
80 4
81 4
82 4
83 4
84 4
85 4
86 4
87 4
88 4
89 4
90 4
91 4
92 4
93 4
94 4
95 4
96 4
97 4
98 4
99 4
100 5
101 5
102 5
103 5
104 5
105 5
106 5
107 5
108 5
109 5
110 5
111 5
112 5
113 5
114 5
115 5
116 5
117 5
118 5
119 5
120 6
121 6
122 6
123 6
124 6
125 6
126 6
127 6
128 6
129 6
130 6
131 6
132 6
133 6
134 6
135 6
136 6
137 6
138 6
139 6
140 7
141 7
142 7
143 7
144 7
145 7
146 7
147 7
148 7
149 7
150 7
151 7
152 7
153 7
154 7
155 7
156 7
157 7
158 7
159 7
160 8
161 8
162 8
163 8
164 8
165 8
166 8
167 8
168 8
169 8
170 8
171 8
172 8
173 8
174 8
175 8
176 8
177 8
178 8
179 8
180 9
181 9
182 9
183 9
184 9
185 9
186 9
187 9
188 9
189 9
190 9
191 9
192 9
193 9
194 9
195 9
196 9
197 9
198 9
199 9
200 10
201 10
202 10
203 10
204 10
205 10
206 10
207 10
208 10
209 10
210 10
211 10
212 10
213 10
214 10
215 10
216 10
217 10
218 10
219 10
220 11
221 11
222 11
223 11
224 11
225 11
226 11
227 11
228 11
229 11
230 11
231 11
232 11
233 11
234 11
235 11
236 11
237 11
238 11
239 11
240 12
241 12
242 12
243 12
244 12
245 12
246 12
247 12
248 12
249 12
250 12
251 12
252 12
253 12
254 12
255 12
256 12
257 12
258 12
259 12
260 13
261 13
262 13
263 13
264 13
265 13
266 13
267 13
268 13
269 13
270 13
271 13
272 13
273 13
274 13
275 13
276 13
277 13
278 13
279 13
280 14
281 14
282 14
283 14
284 14
285 14
286 14
287 14
288 14
289 14
290 14
291 14
292 14
293 14
294 14
295 14
296 14
297 14
298 14
299 14
300 15
301 15
302 15
303 15
304 15
305 15
306 15
307 15
308 15
309 15
310 15
311 15
312 15
313 15
314 15
315 15
316 15
317 15
318 15
319 15

2 0 0 0
2 1 0 0
3 0 0 0
3 2 0 0
4 3 0 0
4 2 0 0
5 1 0 0
5 2 0 0
6 0 0 0
6 2 0 0
7 1 0 0
7 0 0 0
8 2 0 0
8 1 0 0
9 5 0 0
9 8 0 0
10 0 0 0
10 4 0 0
11 3 0 0
11 8 0 0
12 6 0 0
12 5 0 0
13 5 0 0
13 10 0 0
14 1 0 0
14 8 0 0
15 11 0 0
15 12 0 0
16 3 0 0
16 4 0 0
17 6 0 0
17 16 0 0
18 12 0 0
18 13 0 0
19 4 0 0
19 16 0 0
0 19 0 0
0 17 0 0
1 12 0 0
1 13 0 0
22 21 1 1
22 20 1 1
23 20 1 1
23 22 1 1
24 23 1 1
24 20 1 1
25 22 1 1
25 23 1 1
26 21 1 1
26 24 1 1
27 26 1 1
27 21 1 1
28 22 1 1
28 24 1 1
29 22 1 1
29 25 1 1
30 27 1 1
30 25 1 1
31 20 1 1
31 24 1 1
32 21 1 1
32 29 1 1
33 27 1 1
33 22 1 1
34 24 1 1
34 23 1 1
35 21 1 1
35 26 1 1
36 32 1 1
36 31 1 1
37 30 1 1
37 23 1 1
38 36 1 1
38 24 1 1
39 21 1 1
39 37 1 1
20 39 1 1
20 25 1 1
21 25 1 1
21 29 1 1
42 41 2 2
42 40 2 2
43 42 2 2
43 41 2 2
44 43 2 2
44 40 2 2
45 43 2 2
45 41 2 2
46 40 2 2
46 42 2 2
47 45 2 2
47 46 2 2
48 42 2 2
48 43 2 2
49 47 2 2
49 43 2 2
50 48 2 2
50 47 2 2
51 44 2 2
51 49 2 2
52 42 2 2
52 46 2 2
53 44 2 2
53 48 2 2
54 48 2 2
54 52 2 2
55 48 2 2
55 41 2 2
56 46 2 2
56 42 2 2
57 53 2 2
57 45 2 2
58 47 2 2
58 41 2 2
59 48 2 2
59 47 2 2
40 47 2 2
40 51 2 2
41 46 2 2
41 52 2 2
62 61 3 3
62 60 3 3
63 62 3 3
63 60 3 3
64 60 3 3
64 61 3 3
65 63 3 3
65 62 3 3
66 60 3 3
66 61 3 3
67 60 3 3
67 62 3 3
68 61 3 3
68 60 3 3
69 60 3 3
69 62 3 3
70 68 3 3
70 60 3 3
71 68 3 3
71 63 3 3
72 61 3 3
72 60 3 3
73 65 3 3
73 66 3 3
74 67 3 3
74 72 3 3
75 66 3 3
75 60 3 3
76 70 3 3
76 73 3 3
77 65 3 3
77 73 3 3
78 70 3 3
78 64 3 3
79 75 3 3
79 71 3 3
60 71 3 3
60 78 3 3
61 71 3 3
61 69 3 3
82 80 4 4
82 81 4 4
83 82 4 4
83 80 4 4
84 80 4 4
84 83 4 4
85 80 4 4
85 84 4 4
86 81 4 4
86 85 4 4
87 81 4 4
87 83 4 4
88 81 4 4
88 83 4 4
89 84 4 4
89 80 4 4
90 88 4 4
90 81 4 4
91 87 4 4
91 89 4 4
92 83 4 4
92 90 4 4
93 91 4 4
93 82 4 4
94 85 4 4
94 84 4 4
95 87 4 4
95 92 4 4
96 91 4 4
96 93 4 4
97 86 4 4
97 93 4 4
98 91 4 4
98 80 4 4
99 98 4 4
99 90 4 4
80 99 4 4
80 95 4 4
81 99 4 4
81 93 4 4
102 101 5 5
102 100 5 5
103 102 5 5
103 101 5 5
104 100 5 5
104 103 5 5
105 103 5 5
105 100 5 5
106 101 5 5
106 100 5 5
107 102 5 5
107 104 5 5
108 102 5 5
108 101 5 5
109 105 5 5
109 108 5 5
110 108 5 5
110 104 5 5
111 102 5 5
111 103 5 5
112 103 5 5
112 107 5 5
113 112 5 5
113 101 5 5
114 106 5 5
114 104 5 5
115 112 5 5
115 108 5 5
116 110 5 5
116 107 5 5
117 111 5 5
117 102 5 5
118 104 5 5
118 115 5 5
119 105 5 5
119 100 5 5
100 112 5 5
100 118 5 5
101 107 5 5
101 110 5 5
122 120 6 6
122 121 6 6
123 120 6 6
123 121 6 6
124 121 6 6
124 122 6 6
125 122 6 6
125 124 6 6
126 121 6 6
126 122 6 6
127 123 6 6
127 126 6 6
128 124 6 6
128 121 6 6
129 124 6 6
129 121 6 6
130 122 6 6
130 121 6 6
131 127 6 6
131 123 6 6
132 125 6 6
132 131 6 6
133 127 6 6
133 120 6 6
134 126 6 6
134 121 6 6
135 126 6 6
135 127 6 6
136 133 6 6
136 132 6 6
137 120 6 6
137 124 6 6
138 132 6 6
138 131 6 6
139 124 6 6
139 125 6 6
120 128 6 6
120 131 6 6
121 131 6 6
121 132 6 6
142 140 7 7
142 141 7 7
143 141 7 7
143 142 7 7
144 141 7 7
144 143 7 7
145 143 7 7
145 144 7 7
146 142 7 7
146 145 7 7
147 141 7 7
147 144 7 7
148 141 7 7
148 144 7 7
149 143 7 7
149 142 7 7
150 143 7 7
150 149 7 7
151 140 7 7
151 148 7 7
152 149 7 7
152 143 7 7
153 141 7 7
153 149 7 7
154 149 7 7
154 151 7 7
155 147 7 7
155 151 7 7
156 146 7 7
156 143 7 7
157 145 7 7
157 142 7 7
158 143 7 7
158 144 7 7
159 145 7 7
159 154 7 7
140 149 7 7
140 148 7 7
141 154 7 7
141 150 7 7
162 161 8 8
162 160 8 8
163 162 8 8
163 161 8 8
164 162 8 8
164 160 8 8
165 163 8 8
165 160 8 8
166 161 8 8
166 164 8 8
167 161 8 8
167 162 8 8
168 164 8 8
168 163 8 8
169 164 8 8
169 162 8 8
170 165 8 8
170 163 8 8
171 170 8 8
171 161 8 8
172 162 8 8
172 169 8 8
173 165 8 8
173 163 8 8
174 167 8 8
174 170 8 8
175 164 8 8
175 163 8 8
176 169 8 8
176 164 8 8
177 172 8 8
177 169 8 8
178 161 8 8
178 175 8 8
179 176 8 8
179 167 8 8
160 169 8 8
160 172 8 8
161 164 8 8
161 170 8 8
182 180 9 9
182 181 9 9
183 181 9 9
183 182 9 9
184 183 9 9
184 181 9 9
185 183 9 9
185 180 9 9
186 184 9 9
186 180 9 9
187 185 9 9
187 182 9 9
188 182 9 9
188 181 9 9
189 187 9 9
189 184 9 9
190 188 9 9
190 185 9 9
191 182 9 9
191 183 9 9
192 185 9 9
192 184 9 9
193 187 9 9
193 192 9 9
194 193 9 9
194 189 9 9
195 192 9 9
195 189 9 9
196 191 9 9
196 181 9 9
197 193 9 9
197 187 9 9
198 194 9 9
198 184 9 9
199 181 9 9
199 183 9 9
180 193 9 9
180 192 9 9
181 195 9 9
181 198 9 9
202 201 10 10
202 200 10 10
203 200 10 10
203 202 10 10
204 202 10 10
204 200 10 10
205 203 10 10
205 200 10 10
206 200 10 10
206 202 10 10
207 205 10 10
207 206 10 10
208 206 10 10
208 204 10 10
209 204 10 10
209 200 10 10
210 208 10 10
210 202 10 10
211 209 10 10
211 210 10 10
212 205 10 10
212 202 10 10
213 207 10 10
213 205 10 10
214 207 10 10
214 205 10 10
215 214 10 10
215 207 10 10
216 209 10 10
216 215 10 10
217 200 10 10
217 206 10 10
218 200 10 10
218 208 10 10
219 212 10 10
219 211 10 10
200 214 10 10
200 207 10 10
201 218 10 10
201 214 10 10
222 221 11 11
222 220 11 11
223 221 11 11
223 220 11 11
224 223 11 11
224 220 11 11
225 224 11 11
225 222 11 11
226 222 11 11
226 221 11 11
227 222 11 11
227 225 11 11
228 224 11 11
228 220 11 11
229 226 11 11
229 220 11 11
230 229 11 11
230 228 11 11
231 225 11 11
231 230 11 11
232 225 11 11
232 223 11 11
233 222 11 11
233 227 11 11
234 224 11 11
234 230 11 11
235 232 11 11
235 225 11 11
236 233 11 11
236 226 11 11
237 229 11 11
237 220 11 11
238 228 11 11
238 234 11 11
239 236 11 11
239 226 11 11
220 235 11 11
220 226 11 11
221 227 11 11
221 225 11 11
242 241 12 12
242 240 12 12
243 240 12 12
243 241 12 12
244 242 12 12
244 243 12 12
245 240 12 12
245 243 12 12
246 244 12 12
246 245 12 12
247 242 12 12
247 244 12 12
248 244 12 12
248 247 12 12
249 248 12 12
249 245 12 12
250 248 12 12
250 245 12 12
251 248 12 12
251 246 12 12
252 249 12 12
252 240 12 12
253 243 12 12
253 251 12 12
254 251 12 12
254 250 12 12
255 243 12 12
255 246 12 12
256 241 12 12
256 248 12 12
257 256 12 12
257 243 12 12
258 240 12 12
258 247 12 12
259 257 12 12
259 252 12 12
240 251 12 12
240 250 12 12
241 252 12 12
241 251 12 12
262 260 13 13
262 261 13 13
263 261 13 13
263 262 13 13
264 260 13 13
264 262 13 13
265 261 13 13
265 263 13 13
266 265 13 13
266 264 13 13
267 264 13 13
267 260 13 13
268 262 13 13
268 260 13 13
269 266 13 13
269 264 13 13
270 268 13 13
270 262 13 13
271 265 13 13
271 268 13 13
272 261 13 13
272 263 13 13
273 269 13 13
273 266 13 13
274 264 13 13
274 260 13 13
275 265 13 13
275 269 13 13
276 262 13 13
276 263 13 13
277 272 13 13
277 270 13 13
278 271 13 13
278 269 13 13
279 269 13 13
279 267 13 13
260 279 13 13
260 269 13 13
261 278 13 13
261 279 13 13
282 280 14 14
282 281 14 14
283 280 14 14
283 281 14 14
284 283 14 14
284 281 14 14
285 282 14 14
285 283 14 14
286 282 14 14
286 285 14 14
287 285 14 14
287 282 14 14
288 285 14 14
288 281 14 14
289 287 14 14
289 281 14 14
290 283 14 14
290 284 14 14
291 287 14 14
291 289 14 14
292 285 14 14
292 288 14 14
293 285 14 14
293 290 14 14
294 280 14 14
294 281 14 14
295 292 14 14
295 284 14 14
296 294 14 14
296 285 14 14
297 285 14 14
297 283 14 14
298 291 14 14
298 297 14 14
299 290 14 14
299 280 14 14
280 295 14 14
280 284 14 14
281 287 14 14
281 290 14 14
302 301 15 15
302 300 15 15
303 302 15 15
303 301 15 15
304 303 15 15
304 302 15 15
305 304 15 15
305 301 15 15
306 301 15 15
306 300 15 15
307 301 15 15
307 305 15 15
308 306 15 15
308 301 15 15
309 305 15 15
309 301 15 15
310 302 15 15
310 301 15 15
311 305 15 15
311 303 15 15
312 308 15 15
312 310 15 15
313 302 15 15
313 303 15 15
314 301 15 15
314 308 15 15
315 302 15 15
315 306 15 15
316 310 15 15
316 313 15 15
317 302 15 15
317 306 15 15
318 315 15 15
318 307 15 15
319 309 15 15
319 304 15 15
300 312 15 15
300 305 15 15
301 319 15 15
301 318 15 15
50 1 2 0
48 38 2 1
66 19 3 0
75 28 3 1
94 17 4 0
90 38 4 1
107 19 5 0
106 22 5 1
130 33 6 1
130 18 6 0
157 87 7 4
142 17 7 0
163 116 8 5
177 58 8 2
185 155 9 7
199 102 9 5
202 160 10 8
208 3 10 0
230 182 11 9
228 89 11 4
252 30 12 1
254 185 12 9
264 142 13 7
268 219 13 10
281 86 14 4
285 191 14 9
310 150 15 7
314 130 15 6
15 166 0 8
2 226 0 11
34 269 1 13
31 296 1 14
