swNum = 320
edgeNum = 672

0 0
1 0
2 0
3 0
4 0
5 0
6 0
7 0
8 0
9 0
10 0
11 0
12 0
13 0
14 0
15 0
16 0
17 0
18 0
19 0
20 1
21 1
22 1
23 1
24 1
25 1
26 1
27 1
28 1
29 1
30 1
31 1
32 1
33 1
34 1
35 1
36 1
37 1
38 1
39 1
40 2
41 2
42 2
43 2
44 2
45 2
46 2
47 2
48 2
49 2
50 2
51 2
52 2
53 2
54 2
55 2
56 2
57 2
58 2
59 2
60 3
61 3
62 3
63 3
64 3
65 3
66 3
67 3
68 3
69 3
70 3
71 3
72 3
73 3
74 3
75 3
76 3
77 3
78 3
79 3
80 4
81 4
82 4
83 4
84 4
85 4
86 4
87 4
88 4
89 4
90 4
91 4
92 4
93 4
94 4
95 4
96 4
97 4
98 4
99 4
100 5
101 5
102 5
103 5
104 5
105 5
106 5
107 5
108 5
109 5
110 5
111 5
112 5
113 5
114 5
115 5
116 5
117 5
118 5
119 5
120 6
121 6
122 6
123 6
124 6
125 6
126 6
127 6
128 6
129 6
130 6
131 6
132 6
133 6
134 6
135 6
136 6
137 6
138 6
139 6
140 7
141 7
142 7
143 7
144 7
145 7
146 7
147 7
148 7
149 7
150 7
151 7
152 7
153 7
154 7
155 7
156 7
157 7
158 7
159 7
160 8
161 8
162 8
163 8
164 8
165 8
166 8
167 8
168 8
169 8
170 8
171 8
172 8
173 8
174 8
175 8
176 8
177 8
178 8
179 8
180 9
181 9
182 9
183 9
184 9
185 9
186 9
187 9
188 9
189 9
190 9
191 9
192 9
193 9
194 9
195 9
196 9
197 9
198 9
199 9
200 10
201 10
202 10
203 10
204 10
205 10
206 10
207 10
208 10
209 10
210 10
211 10
212 10
213 10
214 10
215 10
216 10
217 10
218 10
219 10
220 11
221 11
222 11
223 11
224 11
225 11
226 11
227 11
228 11
229 11
230 11
231 11
232 11
233 11
234 11
235 11
236 11
237 11
238 11
239 11
240 12
241 12
242 12
243 12
244 12
245 12
246 12
247 12
248 12
249 12
250 12
251 12
252 12
253 12
254 12
255 12
256 12
257 12
258 12
259 12
260 13
261 13
262 13
263 13
264 13
265 13
266 13
267 13
268 13
269 13
270 13
271 13
272 13
273 13
274 13
275 13
276 13
277 13
278 13
279 13
280 14
281 14
282 14
283 14
284 14
285 14
286 14
287 14
288 14
289 14
290 14
291 14
292 14
293 14
294 14
295 14
296 14
297 14
298 14
299 14
300 15
301 15
302 15
303 15
304 15
305 15
306 15
307 15
308 15
309 15
310 15
311 15
312 15
313 15
314 15
315 15
316 15
317 15
318 15
319 15

2 0 0 0
2 1 0 0
3 0 0 0
3 1 0 0
4 1 0 0
4 0 0 0
5 4 0 0
5 0 0 0
6 2 0 0
6 0 0 0
7 4 0 0
7 5 0 0
8 4 0 0
8 6 0 0
9 4 0 0
9 8 0 0
10 4 0 0
10 3 0 0
11 4 0 0
11 5 0 0
12 10 0 0
12 3 0 0
13 1 0 0
13 10 0 0
14 7 0 0
14 2 0 0
15 8 0 0
15 3 0 0
16 8 0 0
16 9 0 0
17 0 0 0
17 7 0 0
18 9 0 0
18 11 0 0
19 10 0 0
19 1 0 0
0 19 0 0
0 8 0 0
1 12 0 0
1 18 0 0
22 20 1 1
22 21 1 1
23 21 1 1
23 22 1 1
24 23 1 1
24 21 1 1
25 24 1 1
25 20 1 1
26 20 1 1
26 24 1 1
27 24 1 1
27 23 1 1
28 21 1 1
28 24 1 1
29 26 1 1
29 22 1 1
30 23 1 1
30 27 1 1
31 30 1 1
31 27 1 1
32 29 1 1
32 31 1 1
33 31 1 1
33 24 1 1
34 30 1 1
34 24 1 1
35 24 1 1
35 27 1 1
36 35 1 1
36 34 1 1
37 29 1 1
37 34 1 1
38 33 1 1
38 32 1 1
39 29 1 1
39 38 1 1
20 37 1 1
20 29 1 1
21 29 1 1
21 37 1 1
42 41 2 2
42 40 2 2
43 41 2 2
43 42 2 2
44 42 2 2
44 43 2 2
45 42 2 2
45 43 2 2
46 45 2 2
46 40 2 2
47 43 2 2
47 44 2 2
48 43 2 2
48 47 2 2
49 44 2 2
49 48 2 2
50 48 2 2
50 46 2 2
51 48 2 2
51 43 2 2
52 48 2 2
52 45 2 2
53 43 2 2
53 51 2 2
54 40 2 2
54 45 2 2
55 42 2 2
55 54 2 2
56 41 2 2
56 53 2 2
57 52 2 2
57 48 2 2
58 42 2 2
58 41 2 2
59 57 2 2
59 56 2 2
40 55 2 2
40 50 2 2
41 50 2 2
41 45 2 2
62 61 3 3
62 60 3 3
63 61 3 3
63 62 3 3
64 61 3 3
64 60 3 3
65 60 3 3
65 64 3 3
66 60 3 3
66 64 3 3
67 60 3 3
67 66 3 3
68 64 3 3
68 66 3 3
69 65 3 3
69 60 3 3
70 61 3 3
70 68 3 3
71 67 3 3
71 60 3 3
72 67 3 3
72 68 3 3
73 72 3 3
73 66 3 3
74 70 3 3
74 69 3 3
75 61 3 3
75 64 3 3
76 66 3 3
76 61 3 3
77 72 3 3
77 74 3 3
78 62 3 3
78 70 3 3
79 77 3 3
79 64 3 3
60 77 3 3
60 74 3 3
61 67 3 3
61 73 3 3
82 81 4 4
82 80 4 4
83 81 4 4
83 80 4 4
84 81 4 4
84 82 4 4
85 84 4 4
85 82 4 4
86 83 4 4
86 81 4 4
87 80 4 4
87 84 4 4
88 84 4 4
88 85 4 4
89 83 4 4
89 82 4 4
90 83 4 4
90 85 4 4
91 83 4 4
91 89 4 4
92 84 4 4
92 88 4 4
93 84 4 4
93 81 4 4
94 89 4 4
94 87 4 4
95 80 4 4
95 90 4 4
96 85 4 4
96 90 4 4
97 96 4 4
97 84 4 4
98 96 4 4
98 97 4 4
99 82 4 4
99 86 4 4
80 96 4 4
80 94 4 4
81 91 4 4
81 90 4 4
102 100 5 5
102 101 5 5
103 100 5 5
103 102 5 5
104 102 5 5
104 100 5 5
105 101 5 5
105 102 5 5
106 104 5 5
106 103 5 5
107 104 5 5
107 106 5 5
108 100 5 5
108 105 5 5
109 103 5 5
109 106 5 5
110 107 5 5
110 102 5 5
111 102 5 5
111 103 5 5
112 103 5 5
112 111 5 5
113 110 5 5
113 105 5 5
114 110 5 5
114 112 5 5
115 100 5 5
115 102 5 5
116 106 5 5
116 102 5 5
117 113 5 5
117 110 5 5
118 105 5 5
118 115 5 5
119 105 5 5
119 117 5 5
100 105 5 5
100 113 5 5
101 112 5 5
101 118 5 5
122 120 6 6
122 121 6 6
123 121 6 6
123 120 6 6
124 122 6 6
124 120 6 6
125 124 6 6
125 122 6 6
126 123 6 6
126 121 6 6
127 123 6 6
127 121 6 6
128 124 6 6
128 120 6 6
129 121 6 6
129 126 6 6
130 126 6 6
130 127 6 6
131 126 6 6
131 120 6 6
132 125 6 6
132 123 6 6
133 124 6 6
133 126 6 6
134 130 6 6
134 129 6 6
135 131 6 6
135 133 6 6
136 135 6 6
136 122 6 6
137 120 6 6
137 124 6 6
138 137 6 6
138 121 6 6
139 123 6 6
139 134 6 6
120 125 6 6
120 127 6 6
121 137 6 6
121 128 6 6
142 141 7 7
142 140 7 7
143 141 7 7
143 140 7 7
144 140 7 7
144 141 7 7
145 141 7 7
145 140 7 7
146 145 7 7
146 143 7 7
147 140 7 7
147 146 7 7
148 145 7 7
148 140 7 7
149 148 7 7
149 143 7 7
150 144 7 7
150 146 7 7
151 150 7 7
151 142 7 7
152 151 7 7
152 142 7 7
153 144 7 7
153 148 7 7
154 145 7 7
154 149 7 7
155 149 7 7
155 153 7 7
156 151 7 7
156 150 7 7
157 146 7 7
157 156 7 7
158 154 7 7
158 149 7 7
159 146 7 7
159 144 7 7
140 157 7 7
140 146 7 7
141 147 7 7
141 154 7 7
162 160 8 8
162 161 8 8
163 161 8 8
163 162 8 8
164 162 8 8
164 160 8 8
165 160 8 8
165 161 8 8
166 164 8 8
166 161 8 8
167 166 8 8
167 162 8 8
168 166 8 8
168 164 8 8
169 163 8 8
169 168 8 8
170 164 8 8
170 166 8 8
171 170 8 8
171 162 8 8
172 170 8 8
172 160 8 8
173 165 8 8
173 161 8 8
174 172 8 8
174 161 8 8
175 167 8 8
175 162 8 8
176 172 8 8
176 169 8 8
177 176 8 8
177 174 8 8
178 175 8 8
178 172 8 8
179 177 8 8
179 173 8 8
160 176 8 8
160 169 8 8
161 179 8 8
161 171 8 8
182 181 9 9
182 180 9 9
183 181 9 9
183 182 9 9
184 181 9 9
184 183 9 9
185 182 9 9
185 180 9 9
186 184 9 9
186 183 9 9
187 185 9 9
187 181 9 9
188 181 9 9
188 184 9 9
189 188 9 9
189 184 9 9
190 181 9 9
190 185 9 9
191 185 9 9
191 189 9 9
192 181 9 9
192 186 9 9
193 188 9 9
193 182 9 9
194 190 9 9
194 181 9 9
195 194 9 9
195 183 9 9
196 187 9 9
196 181 9 9
197 182 9 9
197 194 9 9
198 184 9 9
198 186 9 9
199 182 9 9
199 195 9 9
180 195 9 9
180 192 9 9
181 198 9 9
181 186 9 9
202 200 10 10
202 201 10 10
203 201 10 10
203 200 10 10
204 202 10 10
204 201 10 10
205 204 10 10
205 201 10 10
206 205 10 10
206 200 10 10
207 205 10 10
207 203 10 10
208 204 10 10
208 201 10 10
209 206 10 10
209 204 10 10
210 208 10 10
210 207 10 10
211 208 10 10
211 209 10 10
212 201 10 10
212 206 10 10
213 207 10 10
213 210 10 10
214 208 10 10
214 203 10 10
215 208 10 10
215 207 10 10
216 208 10 10
216 200 10 10
217 212 10 10
217 209 10 10
218 217 10 10
218 204 10 10
219 208 10 10
219 202 10 10
200 217 10 10
200 209 10 10
201 219 10 10
201 218 10 10
222 220 11 11
222 221 11 11
223 220 11 11
223 222 11 11
224 222 11 11
224 223 11 11
225 224 11 11
225 221 11 11
226 224 11 11
226 223 11 11
227 223 11 11
227 220 11 11
228 222 11 11
228 220 11 11
229 220 11 11
229 225 11 11
230 220 11 11
230 225 11 11
231 221 11 11
231 227 11 11
232 229 11 11
232 226 11 11
233 232 11 11
233 229 11 11
234 228 11 11
234 232 11 11
235 230 11 11
235 232 11 11
236 225 11 11
236 223 11 11
237 222 11 11
237 221 11 11
238 223 11 11
238 232 11 11
239 234 11 11
239 225 11 11
220 238 11 11
220 232 11 11
221 223 11 11
221 230 11 11
242 241 12 12
242 240 12 12
243 240 12 12
243 242 12 12
244 240 12 12
244 242 12 12
245 243 12 12
245 242 12 12
246 241 12 12
246 242 12 12
247 241 12 12
247 240 12 12
248 241 12 12
248 246 12 12
249 246 12 12
249 242 12 12
250 246 12 12
250 249 12 12
251 249 12 12
251 247 12 12
252 240 12 12
252 242 12 12
253 248 12 12
253 250 12 12
254 246 12 12
254 250 12 12
255 253 12 12
255 247 12 12
256 250 12 12
256 252 12 12
257 240 12 12
257 242 12 12
258 240 12 12
258 241 12 12
259 245 12 12
259 257 12 12
240 249 12 12
240 254 12 12
241 249 12 12
241 243 12 12
262 261 13 13
262 260 13 13
263 262 13 13
263 261 13 13
264 263 13 13
264 261 13 13
265 264 13 13
265 261 13 13
266 263 13 13
266 261 13 13
267 263 13 13
267 264 13 13
268 266 13 13
268 263 13 13
269 263 13 13
269 267 13 13
270 264 13 13
270 269 13 13
271 260 13 13
271 268 13 13
272 270 13 13
272 264 13 13
273 263 13 13
273 269 13 13
274 265 13 13
274 268 13 13
275 266 13 13
275 263 13 13
276 270 13 13
276 272 13 13
277 272 13 13
277 263 13 13
278 265 13 13
278 264 13 13
279 271 13 13
279 265 13 13
260 272 13 13
260 266 13 13
261 273 13 13
261 267 13 13
282 280 14 14
282 281 14 14
283 282 14 14
283 280 14 14
284 283 14 14
284 280 14 14
285 282 14 14
285 280 14 14
286 280 14 14
286 282 14 14
287 284 14 14
287 280 14 14
288 280 14 14
288 285 14 14
289 284 14 14
289 281 14 14
290 283 14 14
290 282 14 14
291 280 14 14
291 289 14 14
292 283 14 14
292 284 14 14
293 288 14 14
293 286 14 14
294 290 14 14
294 283 14 14
295 291 14 14
295 287 14 14
296 280 14 14
296 293 14 14
297 291 14 14
297 281 14 14
298 294 14 14
298 293 14 14
299 295 14 14
299 292 14 14
280 289 14 14
280 294 14 14
281 287 14 14
281 291 14 14
302 301 15 15
302 300 15 15
303 302 15 15
303 300 15 15
304 302 15 15
304 303 15 15
305 301 15 15
305 304 15 15
306 303 15 15
306 301 15 15
307 304 15 15
307 305 15 15
308 303 15 15
308 302 15 15
309 304 15 15
309 305 15 15
310 302 15 15
310 300 15 15
311 300 15 15
311 304 15 15
312 311 15 15
312 305 15 15
313 308 15 15
313 312 15 15
314 309 15 15
314 304 15 15
315 307 15 15
315 313 15 15
316 303 15 15
316 301 15 15
317 300 15 15
317 306 15 15
318 309 15 15
318 310 15 15
319 302 15 15
319 307 15 15
300 308 15 15
300 313 15 15
301 308 15 15
301 304 15 15
59 6 2 0
50 33 2 1
62 43 3 2
76 32 3 1
91 67 4 3
91 58 4 2
119 22 5 1
104 65 5 3
139 28 6 1
121 61 6 3
148 24 7 1
145 120 7 6
179 115 8 5
164 54 8 2
186 150 9 7
186 86 9 4
216 2 10 0
209 72 10 3
234 37 11 1
232 217 11 10
257 86 12 4
259 122 12 6
267 217 13 10
270 236 13 11
295 129 14 6
281 100 14 5
308 108 15 5
315 208 15 10
5 257 0 12
6 313 0 15
20 216 1 10
20 240 1 12
