swNum = 320
edgeNum = 672

0 0
1 0
2 0
3 0
4 0
5 0
6 0
7 0
8 0
9 0
10 0
11 0
12 0
13 0
14 0
15 0
16 0
17 0
18 0
19 0
20 1
21 1
22 1
23 1
24 1
25 1
26 1
27 1
28 1
29 1
30 1
31 1
32 1
33 1
34 1
35 1
36 1
37 1
38 1
39 1
40 2
41 2
42 2
43 2
44 2
45 2
46 2
47 2
48 2
49 2
50 2
51 2
52 2
53 2
54 2
55 2
56 2
57 2
58 2
59 2
60 3
61 3
62 3
63 3
64 3
65 3
66 3
67 3
68 3
69 3
70 3
71 3
72 3
73 3
74 3
75 3
76 3
77 3
78 3
79 3
80 4
81 4
82 4
83 4
84 4
85 4
86 4
87 4
88 4
89 4
90 4
91 4
92 4
93 4
94 4
95 4
96 4
97 4
98 4
99 4
100 5
101 5
102 5
103 5
104 5
105 5
106 5
107 5
108 5
109 5
110 5
111 5
112 5
113 5
114 5
115 5
116 5
117 5
118 5
119 5
120 6
121 6
122 6
123 6
124 6
125 6
126 6
127 6
128 6
129 6
130 6
131 6
132 6
133 6
134 6
135 6
136 6
137 6
138 6
139 6
140 7
141 7
142 7
143 7
144 7
145 7
146 7
147 7
148 7
149 7
150 7
151 7
152 7
153 7
154 7
155 7
156 7
157 7
158 7
159 7
160 8
161 8
162 8
163 8
164 8
165 8
166 8
167 8
168 8
169 8
170 8
171 8
172 8
173 8
174 8
175 8
176 8
177 8
178 8
179 8
180 9
181 9
182 9
183 9
184 9
185 9
186 9
187 9
188 9
189 9
190 9
191 9
192 9
193 9
194 9
195 9
196 9
197 9
198 9
199 9
200 10
201 10
202 10
203 10
204 10
205 10
206 10
207 10
208 10
209 10
210 10
211 10
212 10
213 10
214 10
215 10
216 10
217 10
218 10
219 10
220 11
221 11
222 11
223 11
224 11
225 11
226 11
227 11
228 11
229 11
230 11
231 11
232 11
233 11
234 11
235 11
236 11
237 11
238 11
239 11
240 12
241 12
242 12
243 12
244 12
245 12
246 12
247 12
248 12
249 12
250 12
251 12
252 12
253 12
254 12
255 12
256 12
257 12
258 12
259 12
260 13
261 13
262 13
263 13
264 13
265 13
266 13
267 13
268 13
269 13
270 13
271 13
272 13
273 13
274 13
275 13
276 13
277 13
278 13
279 13
280 14
281 14
282 14
283 14
284 14
285 14
286 14
287 14
288 14
289 14
290 14
291 14
292 14
293 14
294 14
295 14
296 14
297 14
298 14
299 14
300 15
301 15
302 15
303 15
304 15
305 15
306 15
307 15
308 15
309 15
310 15
311 15
312 15
313 15
314 15
315 15
316 15
317 15
318 15
319 15

2 0 0 0
2 1 0 0
3 1 0 0
3 0 0 0
4 0 0 0
4 2 0 0
5 3 0 0
5 4 0 0
6 1 0 0
6 3 0 0
7 2 0 0
7 0 0 0
8 0 0 0
8 2 0 0
9 3 0 0
9 5 0 0
10 7 0 0
10 5 0 0
11 10 0 0
11 5 0 0
12 8 0 0
12 7 0 0
13 2 0 0
13 11 0 0
14 9 0 0
14 3 0 0
15 13 0 0
15 12 0 0
16 3 0 0
16 1 0 0
17 2 0 0
17 4 0 0
18 0 0 0
18 12 0 0
19 4 0 0
19 13 0 0
0 16 0 0
0 15 0 0
1 19 0 0
1 4 0 0
22 20 1 1
22 21 1 1
23 20 1 1
23 22 1 1
24 23 1 1
24 22 1 1
25 21 1 1
25 24 1 1
26 25 1 1
26 22 1 1
27 25 1 1
27 22 1 1
28 26 1 1
28 20 1 1
29 22 1 1
29 20 1 1
30 25 1 1
30 24 1 1
31 27 1 1
31 24 1 1
32 29 1 1
32 30 1 1
33 25 1 1
33 20 1 1
34 29 1 1
34 31 1 1
35 23 1 1
35 25 1 1
36 33 1 1
36 29 1 1
37 20 1 1
37 22 1 1
38 30 1 1
38 22 1 1
39 30 1 1
39 38 1 1
20 27 1 1
20 36 1 1
21 33 1 1
21 29 1 1
42 40 2 2
42 41 2 2
43 41 2 2
43 40 2 2
44 41 2 2
44 43 2 2
45 42 2 2
45 40 2 2
46 43 2 2
46 41 2 2
47 40 2 2
47 46 2 2
48 40 2 2
48 45 2 2
49 47 2 2
49 44 2 2
50 46 2 2
50 43 2 2
51 44 2 2
51 42 2 2
52 43 2 2
52 49 2 2
53 43 2 2
53 45 2 2
54 43 2 2
54 52 2 2
55 47 2 2
55 40 2 2
56 40 2 2
56 55 2 2
57 51 2 2
57 49 2 2
58 51 2 2
58 57 2 2
59 55 2 2
59 53 2 2
40 52 2 2
40 59 2 2
41 55 2 2
41 50 2 2
62 61 3 3
62 60 3 3
63 61 3 3
63 62 3 3
64 61 3 3
64 62 3 3
65 63 3 3
65 61 3 3
66 65 3 3
66 64 3 3
67 64 3 3
67 65 3 3
68 60 3 3
68 67 3 3
69 63 3 3
69 66 3 3
70 64 3 3
70 66 3 3
71 70 3 3
71 61 3 3
72 70 3 3
72 68 3 3
73 68 3 3
73 72 3 3
74 69 3 3
74 65 3 3
75 60 3 3
75 61 3 3
76 73 3 3
76 60 3 3
77 61 3 3
77 66 3 3
78 60 3 3
78 72 3 3
79 70 3 3
79 75 3 3
60 69 3 3
60 70 3 3
61 76 3 3
61 72 3 3
82 81 4 4
82 80 4 4
83 82 4 4
83 80 4 4
84 83 4 4
84 80 4 4
85 80 4 4
85 82 4 4
86 83 4 4
86 85 4 4
87 84 4 4
87 83 4 4
88 86 4 4
88 85 4 4
89 84 4 4
89 83 4 4
90 85 4 4
90 86 4 4
91 84 4 4
91 85 4 4
92 81 4 4
92 91 4 4
93 90 4 4
93 87 4 4
94 90 4 4
94 86 4 4
95 92 4 4
95 90 4 4
96 92 4 4
96 95 4 4
97 80 4 4
97 89 4 4
98 94 4 4
98 95 4 4
99 97 4 4
99 85 4 4
80 90 4 4
80 99 4 4
81 94 4 4
81 85 4 4
102 101 5 5
102 100 5 5
103 102 5 5
103 100 5 5
104 101 5 5
104 102 5 5
105 102 5 5
105 101 5 5
106 103 5 5
106 102 5 5
107 103 5 5
107 106 5 5
108 107 5 5
108 104 5 5
109 100 5 5
109 102 5 5
110 105 5 5
110 102 5 5
111 100 5 5
111 110 5 5
112 101 5 5
112 104 5 5
113 108 5 5
113 102 5 5
114 102 5 5
114 113 5 5
115 101 5 5
115 110 5 5
116 108 5 5
116 101 5 5
117 101 5 5
117 100 5 5
118 116 5 5
118 113 5 5
119 113 5 5
119 102 5 5
100 115 5 5
100 112 5 5
101 110 5 5
101 103 5 5
122 120 6 6
122 121 6 6
123 122 6 6
123 121 6 6
124 121 6 6
124 123 6 6
125 123 6 6
125 121 6 6
126 125 6 6
126 120 6 6
127 122 6 6
127 124 6 6
128 127 6 6
128 120 6 6
129 123 6 6
129 122 6 6
130 129 6 6
130 125 6 6
131 127 6 6
131 122 6 6
132 125 6 6
132 123 6 6
133 126 6 6
133 127 6 6
134 125 6 6
134 124 6 6
135 123 6 6
135 132 6 6
136 134 6 6
136 127 6 6
137 121 6 6
137 123 6 6
138 126 6 6
138 133 6 6
139 120 6 6
139 127 6 6
120 131 6 6
120 137 6 6
121 136 6 6
121 138 6 6
142 141 7 7
142 140 7 7
143 140 7 7
143 141 7 7
144 141 7 7
144 140 7 7
145 143 7 7
145 141 7 7
146 140 7 7
146 142 7 7
147 140 7 7
147 142 7 7
148 140 7 7
148 141 7 7
149 147 7 7
149 140 7 7
150 141 7 7
150 145 7 7
151 145 7 7
151 149 7 7
152 146 7 7
152 142 7 7
153 152 7 7
153 149 7 7
154 149 7 7
154 151 7 7
155 149 7 7
155 140 7 7
156 141 7 7
156 144 7 7
157 140 7 7
157 145 7 7
158 140 7 7
158 148 7 7
159 158 7 7
159 154 7 7
140 159 7 7
140 150 7 7
141 146 7 7
141 158 7 7
162 160 8 8
162 161 8 8
163 160 8 8
163 162 8 8
164 161 8 8
164 162 8 8
165 160 8 8
165 164 8 8
166 161 8 8
166 162 8 8
167 161 8 8
167 160 8 8
168 167 8 8
168 160 8 8
169 163 8 8
169 165 8 8
170 169 8 8
170 167 8 8
171 160 8 8
171 162 8 8
172 164 8 8
172 167 8 8
173 160 8 8
173 165 8 8
174 160 8 8
174 171 8 8
175 172 8 8
175 161 8 8
176 174 8 8
176 170 8 8
177 160 8 8
177 171 8 8
178 176 8 8
178 164 8 8
179 174 8 8
179 165 8 8
160 179 8 8
160 175 8 8
161 178 8 8
161 170 8 8
182 181 9 9
182 180 9 9
183 181 9 9
183 180 9 9
184 183 9 9
184 182 9 9
185 181 9 9
185 184 9 9
186 183 9 9
186 184 9 9
187 184 9 9
187 181 9 9
188 186 9 9
188 184 9 9
189 182 9 9
189 187 9 9
190 183 9 9
190 187 9 9
191 189 9 9
191 182 9 9
192 180 9 9
192 182 9 9
193 186 9 9
193 187 9 9
194 187 9 9
194 181 9 9
195 194 9 9
195 192 9 9
196 187 9 9
196 181 9 9
197 191 9 9
197 194 9 9
198 183 9 9
198 193 9 9
199 189 9 9
199 182 9 9
180 193 9 9
180 194 9 9
181 195 9 9
181 197 9 9
202 200 10 10
202 201 10 10
203 200 10 10
203 201 10 10
204 200 10 10
204 201 10 10
205 200 10 10
205 203 10 10
206 204 10 10
206 201 10 10
207 206 10 10
207 203 10 10
208 204 10 10
208 201 10 10
209 200 10 10
209 202 10 10
210 203 10 10
210 201 10 10
211 210 10 10
211 201 10 10
212 202 10 10
212 204 10 10
213 212 10 10
213 211 10 10
214 202 10 10
214 201 10 10
215 214 10 10
215 212 10 10
216 201 10 10
216 208 10 10
217 204 10 10
217 203 10 10
218 211 10 10
218 213 10 10
219 215 10 10
219 216 10 10
200 219 10 10
200 217 10 10
201 218 10 10
201 207 10 10
222 220 11 11
222 221 11 11
223 220 11 11
223 221 11 11
224 223 11 11
224 220 11 11
225 222 11 11
225 221 11 11
226 225 11 11
226 224 11 11
227 223 11 11
227 220 11 11
228 226 11 11
228 220 11 11
229 223 11 11
229 220 11 11
230 222 11 11
230 228 11 11
231 230 11 11
231 221 11 11
232 224 11 11
232 226 11 11
233 228 11 11
233 225 11 11
234 232 11 11
234 220 11 11
235 220 11 11
235 230 11 11
236 222 11 11
236 235 11 11
237 235 11 11
237 236 11 11
238 225 11 11
238 230 11 11
239 223 11 11
239 222 11 11
220 233 11 11
220 232 11 11
221 237 11 11
221 239 11 11
242 240 12 12
242 241 12 12
243 240 12 12
243 241 12 12
244 242 12 12
244 241 12 12
245 243 12 12
245 240 12 12
246 242 12 12
246 240 12 12
247 240 12 12
247 246 12 12
248 245 12 12
248 240 12 12
249 245 12 12
249 243 12 12
250 246 12 12
250 244 12 12
251 244 12 12
251 246 12 12
252 243 12 12
252 248 12 12
253 244 12 12
253 248 12 12
254 250 12 12
254 246 12 12
255 251 12 12
255 248 12 12
256 255 12 12
256 244 12 12
257 247 12 12
257 256 12 12
258 240 12 12
258 241 12 12
259 247 12 12
259 240 12 12
240 256 12 12
240 257 12 12
241 259 12 12
241 249 12 12
262 260 13 13
262 261 13 13
263 262 13 13
263 261 13 13
264 260 13 13
264 262 13 13
265 261 13 13
265 262 13 13
266 260 13 13
266 264 13 13
267 264 13 13
267 266 13 13
268 264 13 13
268 260 13 13
269 265 13 13
269 261 13 13
270 268 13 13
270 265 13 13
271 264 13 13
271 262 13 13
272 265 13 13
272 271 13 13
273 260 13 13
273 266 13 13
274 261 13 13
274 268 13 13
275 270 13 13
275 274 13 13
276 261 13 13
276 266 13 13
277 276 13 13
277 266 13 13
278 268 13 13
278 270 13 13
279 270 13 13
279 275 13 13
260 271 13 13
260 265 13 13
261 267 13 13
261 273 13 13
282 280 14 14
282 281 14 14
283 281 14 14
283 282 14 14
284 280 14 14
284 281 14 14
285 283 14 14
285 282 14 14
286 285 14 14
286 280 14 14
287 286 14 14
287 281 14 14
288 281 14 14
288 283 14 14
289 286 14 14
289 288 14 14
290 284 14 14
290 285 14 14
291 290 14 14
291 285 14 14
292 280 14 14
292 282 14 14
293 281 14 14
293 289 14 14
294 281 14 14
294 289 14 14
295 291 14 14
295 284 14 14
296 293 14 14
296 292 14 14
297 292 14 14
297 281 14 14
298 292 14 14
298 280 14 14
299 293 14 14
299 294 14 14
280 283 14 14
280 290 14 14
281 289 14 14
281 286 14 14
302 301 15 15
302 300 15 15
303 301 15 15
303 302 15 15
304 303 15 15
304 300 15 15
305 302 15 15
305 304 15 15
306 305 15 15
306 304 15 15
307 303 15 15
307 306 15 15
308 304 15 15
308 303 15 15
309 305 15 15
309 304 15 15
310 302 15 15
310 300 15 15
311 305 15 15
311 309 15 15
312 302 15 15
312 306 15 15
313 310 15 15
313 305 15 15
314 302 15 15
314 310 15 15
315 306 15 15
315 305 15 15
316 311 15 15
316 306 15 15
317 300 15 15
317 307 15 15
318 305 15 15
318 301 15 15
319 314 15 15
319 311 15 15
300 318 15 15
300 308 15 15
301 313 15 15
301 319 15 15
50 16 2 0
43 21 2 1
65 23 3 1
79 46 3 2
81 78 4 3
87 6 4 0
105 30 5 1
105 42 5 2
126 46 6 2
129 96 6 4
143 36 7 1
142 44 7 2
166 154 8 7
170 58 8 2
185 95 9 4
193 13 9 0
215 141 10 7
202 75 10 3
222 207 11 10
222 80 11 4
254 114 12 5
256 11 12 0
267 37 13 1
261 57 13 2
295 109 14 5
291 254 14 12
317 164 15 8
315 188 15 9
7 278 0 13
8 147 0 7
38 256 1 12
35 134 1 6
