swNum = 320
edgeNum = 672

0 0
1 0
2 0
3 0
4 0
5 0
6 0
7 0
8 0
9 0
10 0
11 0
12 0
13 0
14 0
15 0
16 0
17 0
18 0
19 0
20 1
21 1
22 1
23 1
24 1
25 1
26 1
27 1
28 1
29 1
30 1
31 1
32 1
33 1
34 1
35 1
36 1
37 1
38 1
39 1
40 2
41 2
42 2
43 2
44 2
45 2
46 2
47 2
48 2
49 2
50 2
51 2
52 2
53 2
54 2
55 2
56 2
57 2
58 2
59 2
60 3
61 3
62 3
63 3
64 3
65 3
66 3
67 3
68 3
69 3
70 3
71 3
72 3
73 3
74 3
75 3
76 3
77 3
78 3
79 3
80 4
81 4
82 4
83 4
84 4
85 4
86 4
87 4
88 4
89 4
90 4
91 4
92 4
93 4
94 4
95 4
96 4
97 4
98 4
99 4
100 5
101 5
102 5
103 5
104 5
105 5
106 5
107 5
108 5
109 5
110 5
111 5
112 5
113 5
114 5
115 5
116 5
117 5
118 5
119 5
120 6
121 6
122 6
123 6
124 6
125 6
126 6
127 6
128 6
129 6
130 6
131 6
132 6
133 6
134 6
135 6
136 6
137 6
138 6
139 6
140 7
141 7
142 7
143 7
144 7
145 7
146 7
147 7
148 7
149 7
150 7
151 7
152 7
153 7
154 7
155 7
156 7
157 7
158 7
159 7
160 8
161 8
162 8
163 8
164 8
165 8
166 8
167 8
168 8
169 8
170 8
171 8
172 8
173 8
174 8
175 8
176 8
177 8
178 8
179 8
180 9
181 9
182 9
183 9
184 9
185 9
186 9
187 9
188 9
189 9
190 9
191 9
192 9
193 9
194 9
195 9
196 9
197 9
198 9
199 9
200 10
201 10
202 10
203 10
204 10
205 10
206 10
207 10
208 10
209 10
210 10
211 10
212 10
213 10
214 10
215 10
216 10
217 10
218 10
219 10
220 11
221 11
222 11
223 11
224 11
225 11
226 11
227 11
228 11
229 11
230 11
231 11
232 11
233 11
234 11
235 11
236 11
237 11
238 11
239 11
240 12
241 12
242 12
243 12
244 12
245 12
246 12
247 12
248 12
249 12
250 12
251 12
252 12
253 12
254 12
255 12
256 12
257 12
258 12
259 12
260 13
261 13
262 13
263 13
264 13
265 13
266 13
267 13
268 13
269 13
270 13
271 13
272 13
273 13
274 13
275 13
276 13
277 13
278 13
279 13
280 14
281 14
282 14
283 14
284 14
285 14
286 14
287 14
288 14
289 14
290 14
291 14
292 14
293 14
294 14
295 14
296 14
297 14
298 14
299 14
300 15
301 15
302 15
303 15
304 15
305 15
306 15
307 15
308 15
309 15
310 15
311 15
312 15
313 15
314 15
315 15
316 15
317 15
318 15
319 15

2 1 0 0
2 0 0 0
3 2 0 0
3 0 0 0
4 3 0 0
4 1 0 0
5 0 0 0
5 2 0 0
6 0 0 0
6 2 0 0
7 3 0 0
7 6 0 0
8 4 0 0
8 3 0 0
9 3 0 0
9 1 0 0
10 9 0 0
10 3 0 0
11 4 0 0
11 8 0 0
12 2 0 0
12 1 0 0
13 11 0 0
13 3 0 0
14 0 0 0
14 6 0 0
15 12 0 0
15 14 0 0
16 3 0 0
16 2 0 0
17 16 0 0
17 10 0 0
18 9 0 0
18 14 0 0
19 7 0 0
19 12 0 0
0 7 0 0
0 19 0 0
1 18 0 0
1 15 0 0
22 21 1 1
22 20 1 1
23 21 1 1
23 20 1 1
24 22 1 1
24 21 1 1
25 21 1 1
25 22 1 1
26 22 1 1
26 21 1 1
27 20 1 1
27 23 1 1
28 23 1 1
28 20 1 1
29 27 1 1
29 23 1 1
30 20 1 1
30 24 1 1
31 20 1 1
31 30 1 1
32 20 1 1
32 31 1 1
33 20 1 1
33 30 1 1
34 22 1 1
34 26 1 1
35 21 1 1
35 25 1 1
36 31 1 1
36 29 1 1
37 26 1 1
37 28 1 1
38 22 1 1
38 23 1 1
39 21 1 1
39 34 1 1
20 29 1 1
20 37 1 1
21 37 1 1
21 28 1 1
42 41 2 2
42 40 2 2
43 41 2 2
43 40 2 2
44 43 2 2
44 41 2 2
45 42 2 2
45 41 2 2
46 41 2 2
46 43 2 2
47 40 2 2
47 44 2 2
48 42 2 2
48 41 2 2
49 45 2 2
49 41 2 2
50 43 2 2
50 47 2 2
51 47 2 2
51 41 2 2
52 48 2 2
52 44 2 2
53 44 2 2
53 40 2 2
54 45 2 2
54 41 2 2
55 46 2 2
55 47 2 2
56 44 2 2
56 51 2 2
57 48 2 2
57 41 2 2
58 49 2 2
58 43 2 2
59 54 2 2
59 45 2 2
40 54 2 2
40 57 2 2
41 56 2 2
41 47 2 2
62 61 3 3
62 60 3 3
63 62 3 3
63 60 3 3
64 61 3 3
64 60 3 3
65 62 3 3
65 63 3 3
66 63 3 3
66 60 3 3
67 62 3 3
67 65 3 3
68 62 3 3
68 60 3 3
69 60 3 3
69 67 3 3
70 66 3 3
70 61 3 3
71 67 3 3
71 68 3 3
72 66 3 3
72 65 3 3
73 69 3 3
73 65 3 3
74 61 3 3
74 73 3 3
75 60 3 3
75 72 3 3
76 71 3 3
76 70 3 3
77 63 3 3
77 71 3 3
78 68 3 3
78 74 3 3
79 65 3 3
79 62 3 3
60 73 3 3
60 67 3 3
61 72 3 3
61 79 3 3
82 80 4 4
82 81 4 4
83 82 4 4
83 81 4 4
84 83 4 4
84 82 4 4
85 81 4 4
85 82 4 4
86 85 4 4
86 81 4 4
87 83 4 4
87 80 4 4
88 81 4 4
88 83 4 4
89 85 4 4
89 84 4 4
90 88 4 4
90 83 4 4
91 87 4 4
91 80 4 4
92 82 4 4
92 83 4 4
93 89 4 4
93 86 4 4
94 91 4 4
94 89 4 4
95 94 4 4
95 85 4 4
96 87 4 4
96 80 4 4
97 89 4 4
97 92 4 4
98 85 4 4
98 81 4 4
99 82 4 4
99 87 4 4
80 86 4 4
80 90 4 4
81 90 4 4
81 99 4 4
102 100 5 5
102 101 5 5
103 100 5 5
103 101 5 5
104 103 5 5
104 101 5 5
105 104 5 5
105 102 5 5
106 102 5 5
106 100 5 5
107 100 5 5
107 106 5 5
108 100 5 5
108 105 5 5
109 101 5 5
109 105 5 5
110 106 5 5
110 103 5 5
111 108 5 5
111 100 5 5
112 109 5 5
112 110 5 5
113 105 5 5
113 100 5 5
114 100 5 5
114 111 5 5
115 109 5 5
115 110 5 5
116 104 5 5
116 113 5 5
117 110 5 5
117 106 5 5
118 100 5 5
118 115 5 5
119 104 5 5
119 103 5 5
100 105 5 5
100 115 5 5
101 107 5 5
101 105 5 5
122 121 6 6
122 120 6 6
123 121 6 6
123 122 6 6
124 123 6 6
124 121 6 6
125 120 6 6
125 124 6 6
126 122 6 6
126 125 6 6
127 122 6 6
127 120 6 6
128 122 6 6
128 121 6 6
129 120 6 6
129 126 6 6
130 129 6 6
130 120 6 6
131 122 6 6
131 126 6 6
132 124 6 6
132 130 6 6
133 126 6 6
133 124 6 6
134 120 6 6
134 128 6 6
135 134 6 6
135 123 6 6
136 133 6 6
136 120 6 6
137 120 6 6
137 122 6 6
138 134 6 6
138 126 6 6
139 138 6 6
139 136 6 6
120 126 6 6
120 135 6 6
121 135 6 6
121 136 6 6
142 141 7 7
142 140 7 7
143 141 7 7
143 142 7 7
144 140 7 7
144 142 7 7
145 143 7 7
145 142 7 7
146 145 7 7
146 142 7 7
147 143 7 7
147 142 7 7
148 142 7 7
148 147 7 7
149 146 7 7
149 141 7 7
150 143 7 7
150 147 7 7
151 147 7 7
151 150 7 7
152 142 7 7
152 148 7 7
153 152 7 7
153 147 7 7
154 145 7 7
154 143 7 7
155 151 7 7
155 154 7 7
156 141 7 7
156 145 7 7
157 155 7 7
157 146 7 7
158 140 7 7
158 153 7 7
159 158 7 7
159 144 7 7
140 151 7 7
140 157 7 7
141 148 7 7
141 153 7 7
162 160 8 8
162 161 8 8
163 161 8 8
163 160 8 8
164 163 8 8
164 160 8 8
165 163 8 8
165 161 8 8
166 165 8 8
166 161 8 8
167 164 8 8
167 160 8 8
168 167 8 8
168 162 8 8
169 164 8 8
169 168 8 8
170 162 8 8
170 166 8 8
171 163 8 8
171 168 8 8
172 168 8 8
172 160 8 8
173 167 8 8
173 165 8 8
174 171 8 8
174 172 8 8
175 168 8 8
175 162 8 8
176 167 8 8
176 170 8 8
177 170 8 8
177 171 8 8
178 161 8 8
178 173 8 8
179 167 8 8
179 163 8 8
160 176 8 8
160 166 8 8
161 164 8 8
161 175 8 8
182 180 9 9
182 181 9 9
183 182 9 9
183 180 9 9
184 181 9 9
184 183 9 9
185 183 9 9
185 184 9 9
186 181 9 9
186 183 9 9
187 181 9 9
187 186 9 9
188 182 9 9
188 184 9 9
189 182 9 9
189 180 9 9
190 185 9 9
190 184 9 9
191 189 9 9
191 180 9 9
192 188 9 9
192 182 9 9
193 192 9 9
193 182 9 9
194 184 9 9
194 187 9 9
195 180 9 9
195 191 9 9
196 185 9 9
196 181 9 9
197 193 9 9
197 181 9 9
198 181 9 9
198 183 9 9
199 180 9 9
199 181 9 9
180 187 9 9
180 198 9 9
181 183 9 9
181 191 9 9
202 201 10 10
202 200 10 10
203 201 10 10
203 202 10 10
204 200 10 10
204 202 10 10
205 200 10 10
205 203 10 10
206 204 10 10
206 202 10 10
207 206 10 10
207 204 10 10
208 200 10 10
208 202 10 10
209 203 10 10
209 208 10 10
210 208 10 10
210 203 10 10
211 202 10 10
211 208 10 10
212 204 10 10
212 206 10 10
213 206 10 10
213 211 10 10
214 212 10 10
214 205 10 10
215 201 10 10
215 209 10 10
216 211 10 10
216 202 10 10
217 214 10 10
217 209 10 10
218 215 10 10
218 214 10 10
219 209 10 10
219 204 10 10
200 215 10 10
200 203 10 10
201 205 10 10
201 209 10 10
222 221 11 11
222 220 11 11
223 222 11 11
223 221 11 11
224 222 11 11
224 220 11 11
225 220 11 11
225 224 11 11
226 220 11 11
226 224 11 11
227 220 11 11
227 223 11 11
228 225 11 11
228 224 11 11
229 223 11 11
229 228 11 11
230 223 11 11
230 228 11 11
231 227 11 11
231 221 11 11
232 225 11 11
232 223 11 11
233 220 11 11
233 231 11 11
234 223 11 11
234 231 11 11
235 231 11 11
235 227 11 11
236 222 11 11
236 230 11 11
237 224 11 11
237 233 11 11
238 237 11 11
238 230 11 11
239 224 11 11
239 227 11 11
220 232 11 11
220 230 11 11
221 229 11 11
221 230 11 11
242 241 12 12
242 240 12 12
243 240 12 12
243 242 12 12
244 241 12 12
244 243 12 12
245 244 12 12
245 240 12 12
246 244 12 12
246 240 12 12
247 243 12 12
247 242 12 12
248 243 12 12
248 245 12 12
249 244 12 12
249 241 12 12
250 246 12 12
250 244 12 12
251 242 12 12
251 245 12 12
252 244 12 12
252 246 12 12
253 246 12 12
253 242 12 12
254 240 12 12
254 244 12 12
255 245 12 12
255 241 12 12
256 254 12 12
256 252 12 12
257 255 12 12
257 254 12 12
258 252 12 12
258 243 12 12
259 244 12 12
259 253 12 12
240 244 12 12
240 250 12 12
241 256 12 12
241 247 12 12
262 261 13 13
262 260 13 13
263 260 13 13
263 261 13 13
264 262 13 13
264 260 13 13
265 262 13 13
265 263 13 13
266 260 13 13
266 261 13 13
267 265 13 13
267 262 13 13
268 261 13 13
268 260 13 13
269 265 13 13
269 261 13 13
270 268 13 13
270 262 13 13
271 266 13 13
271 260 13 13
272 261 13 13
272 270 13 13
273 264 13 13
273 269 13 13
274 268 13 13
274 267 13 13
275 269 13 13
275 260 13 13
276 265 13 13
276 273 13 13
277 269 13 13
277 275 13 13
278 266 13 13
278 260 13 13
279 271 13 13
279 272 13 13
260 272 13 13
260 277 13 13
261 264 13 13
261 278 13 13
282 281 14 14
282 280 14 14
283 280 14 14
283 282 14 14
284 281 14 14
284 282 14 14
285 281 14 14
285 282 14 14
286 281 14 14
286 284 14 14
287 282 14 14
287 285 14 14
288 286 14 14
288 281 14 14
289 284 14 14
289 282 14 14
290 287 14 14
290 284 14 14
291 289 14 14
291 281 14 14
292 284 14 14
292 280 14 14
293 283 14 14
293 287 14 14
294 284 14 14
294 287 14 14
295 294 14 14
295 287 14 14
296 289 14 14
296 294 14 14
297 294 14 14
297 280 14 14
298 295 14 14
298 284 14 14
299 291 14 14
299 296 14 14
280 299 14 14
280 284 14 14
281 298 14 14
281 297 14 14
302 300 15 15
302 301 15 15
303 301 15 15
303 302 15 15
304 303 15 15
304 301 15 15
305 304 15 15
305 301 15 15
306 305 15 15
306 301 15 15
307 300 15 15
307 302 15 15
308 305 15 15
308 307 15 15
309 301 15 15
309 307 15 15
310 307 15 15
310 305 15 15
311 302 15 15
311 309 15 15
312 300 15 15
312 307 15 15
313 305 15 15
313 301 15 15
314 312 15 15
314 307 15 15
315 303 15 15
315 301 15 15
316 314 15 15
316 305 15 15
317 301 15 15
317 310 15 15
318 317 15 15
318 316 15 15
319 306 15 15
319 304 15 15
300 318 15 15
300 314 15 15
301 319 15 15
301 318 15 15
46 39 2 1
45 11 2 0
72 14 3 0
66 58 3 2
85 12 4 0
84 74 4 3
102 44 5 2
105 6 5 0
128 60 6 3
125 41 6 2
140 131 7 6
146 108 7 5
177 24 8 1
173 97 8 4
192 120 9 6
187 162 9 8
203 159 10 7
219 22 10 1
230 184 11 9
221 47 11 2
242 121 12 6
243 63 12 3
269 86 13 4
263 17 13 0
287 253 14 12
283 10 14 0
302 0 15 0
316 37 15 1
13 216 0 10
13 254 0 12
25 237 1 11
26 182 1 9
