swNum = 320
edgeNum = 672

0 0
1 0
2 0
3 0
4 0
5 0
6 0
7 0
8 0
9 0
10 0
11 0
12 0
13 0
14 0
15 0
16 0
17 0
18 0
19 0
20 1
21 1
22 1
23 1
24 1
25 1
26 1
27 1
28 1
29 1
30 1
31 1
32 1
33 1
34 1
35 1
36 1
37 1
38 1
39 1
40 2
41 2
42 2
43 2
44 2
45 2
46 2
47 2
48 2
49 2
50 2
51 2
52 2
53 2
54 2
55 2
56 2
57 2
58 2
59 2
60 3
61 3
62 3
63 3
64 3
65 3
66 3
67 3
68 3
69 3
70 3
71 3
72 3
73 3
74 3
75 3
76 3
77 3
78 3
79 3
80 4
81 4
82 4
83 4
84 4
85 4
86 4
87 4
88 4
89 4
90 4
91 4
92 4
93 4
94 4
95 4
96 4
97 4
98 4
99 4
100 5
101 5
102 5
103 5
104 5
105 5
106 5
107 5
108 5
109 5
110 5
111 5
112 5
113 5
114 5
115 5
116 5
117 5
118 5
119 5
120 6
121 6
122 6
123 6
124 6
125 6
126 6
127 6
128 6
129 6
130 6
131 6
132 6
133 6
134 6
135 6
136 6
137 6
138 6
139 6
140 7
141 7
142 7
143 7
144 7
145 7
146 7
147 7
148 7
149 7
150 7
151 7
152 7
153 7
154 7
155 7
156 7
157 7
158 7
159 7
160 8
161 8
162 8
163 8
164 8
165 8
166 8
167 8
168 8
169 8
170 8
171 8
172 8
173 8
174 8
175 8
176 8
177 8
178 8
179 8
180 9
181 9
182 9
183 9
184 9
185 9
186 9
187 9
188 9
189 9
190 9
191 9
192 9
193 9
194 9
195 9
196 9
197 9
198 9
199 9
200 10
201 10
202 10
203 10
204 10
205 10
206 10
207 10
208 10
209 10
210 10
211 10
212 10
213 10
214 10
215 10
216 10
217 10
218 10
219 10
220 11
221 11
222 11
223 11
224 11
225 11
226 11
227 11
228 11
229 11
230 11
231 11
232 11
233 11
234 11
235 11
236 11
237 11
238 11
239 11
240 12
241 12
242 12
243 12
244 12
245 12
246 12
247 12
248 12
249 12
250 12
251 12
252 12
253 12
254 12
255 12
256 12
257 12
258 12
259 12
260 13
261 13
262 13
263 13
264 13
265 13
266 13
267 13
268 13
269 13
270 13
271 13
272 13
273 13
274 13
275 13
276 13
277 13
278 13
279 13
280 14
281 14
282 14
283 14
284 14
285 14
286 14
287 14
288 14
289 14
290 14
291 14
292 14
293 14
294 14
295 14
296 14
297 14
298 14
299 14
300 15
301 15
302 15
303 15
304 15
305 15
306 15
307 15
308 15
309 15
310 15
311 15
312 15
313 15
314 15
315 15
316 15
317 15
318 15
319 15

2 1 0 0
2 0 0 0
3 1 0 0
3 2 0 0
4 0 0 0
4 1 0 0
5 1 0 0
5 2 0 0
6 0 0 0
6 5 0 0
7 0 0 0
7 4 0 0
8 4 0 0
8 7 0 0
9 8 0 0
9 1 0 0
10 1 0 0
10 2 0 0
11 7 0 0
11 6 0 0
12 11 0 0
12 10 0 0
13 0 0 0
13 3 0 0
14 10 0 0
14 3 0 0
15 3 0 0
15 14 0 0
16 15 0 0
16 2 0 0
17 2 0 0
17 4 0 0
18 8 0 0
18 2 0 0
19 11 0 0
19 18 0 0
0 15 0 0
0 14 0 0
1 18 0 0
1 19 0 0
22 21 1 1
22 20 1 1
23 20 1 1
23 21 1 1
24 20 1 1
24 23 1 1
25 23 1 1
25 22 1 1
26 25 1 1
26 22 1 1
27 22 1 1
27 24 1 1
28 27 1 1
28 23 1 1
29 20 1 1
29 25 1 1
30 25 1 1
30 23 1 1
31 25 1 1
31 23 1 1
32 31 1 1
32 23 1 1
33 25 1 1
33 30 1 1
34 23 1 1
34 30 1 1
35 20 1 1
35 32 1 1
36 22 1 1
36 23 1 1
37 22 1 1
37 31 1 1
38 30 1 1
38 29 1 1
39 31 1 1
39 22 1 1
20 28 1 1
20 38 1 1
21 25 1 1
21 33 1 1
42 41 2 2
42 40 2 2
43 40 2 2
43 42 2 2
44 40 2 2
44 41 2 2
45 41 2 2
45 44 2 2
46 40 2 2
46 44 2 2
47 46 2 2
47 43 2 2
48 42 2 2
48 41 2 2
49 45 2 2
49 40 2 2
50 40 2 2
50 42 2 2
51 42 2 2
51 41 2 2
52 40 2 2
52 44 2 2
53 42 2 2
53 51 2 2
54 40 2 2
54 42 2 2
55 50 2 2
55 52 2 2
56 47 2 2
56 41 2 2
57 55 2 2
57 47 2 2
58 57 2 2
58 43 2 2
59 41 2 2
59 43 2 2
40 45 2 2
40 47 2 2
41 57 2 2
41 43 2 2
62 61 3 3
62 60 3 3
63 62 3 3
63 61 3 3
64 63 3 3
64 62 3 3
65 61 3 3
65 62 3 3
66 60 3 3
66 62 3 3
67 62 3 3
67 65 3 3
68 63 3 3
68 64 3 3
69 61 3 3
69 67 3 3
70 64 3 3
70 62 3 3
71 68 3 3
71 61 3 3
72 67 3 3
72 61 3 3
73 65 3 3
73 62 3 3
74 60 3 3
74 71 3 3
75 72 3 3
75 62 3 3
76 68 3 3
76 64 3 3
77 71 3 3
77 75 3 3
78 62 3 3
78 70 3 3
79 62 3 3
79 73 3 3
60 73 3 3
60 72 3 3
61 76 3 3
61 70 3 3
82 81 4 4
82 80 4 4
83 81 4 4
83 82 4 4
84 81 4 4
84 82 4 4
85 80 4 4
85 83 4 4
86 81 4 4
86 85 4 4
87 81 4 4
87 82 4 4
88 86 4 4
88 87 4 4
89 85 4 4
89 80 4 4
90 80 4 4
90 82 4 4
91 89 4 4
91 86 4 4
92 80 4 4
92 83 4 4
93 87 4 4
93 80 4 4
94 87 4 4
94 90 4 4
95 93 4 4
95 84 4 4
96 80 4 4
96 81 4 4
97 90 4 4
97 91 4 4
98 92 4 4
98 94 4 4
99 94 4 4
99 82 4 4
80 95 4 4
80 84 4 4
81 97 4 4
81 89 4 4
102 100 5 5
102 101 5 5
103 100 5 5
103 101 5 5
104 102 5 5
104 101 5 5
105 103 5 5
105 100 5 5
106 102 5 5
106 103 5 5
107 105 5 5
107 101 5 5
108 101 5 5
108 102 5 5
109 101 5 5
109 105 5 5
110 100 5 5
110 101 5 5
111 103 5 5
111 105 5 5
112 108 5 5
112 111 5 5
113 105 5 5
113 109 5 5
114 104 5 5
114 105 5 5
115 111 5 5
115 109 5 5
116 114 5 5
116 108 5 5
117 102 5 5
117 109 5 5
118 114 5 5
118 112 5 5
119 112 5 5
119 117 5 5
100 114 5 5
100 109 5 5
101 114 5 5
101 117 5 5
122 120 6 6
122 121 6 6
123 120 6 6
123 122 6 6
124 121 6 6
124 122 6 6
125 123 6 6
125 120 6 6
126 124 6 6
126 123 6 6
127 126 6 6
127 124 6 6
128 125 6 6
128 127 6 6
129 127 6 6
129 123 6 6
130 126 6 6
130 125 6 6
131 120 6 6
131 124 6 6
132 131 6 6
132 123 6 6
133 127 6 6
133 130 6 6
134 124 6 6
134 123 6 6
135 125 6 6
135 128 6 6
136 134 6 6
136 128 6 6
137 121 6 6
137 122 6 6
138 123 6 6
138 131 6 6
139 133 6 6
139 130 6 6
120 132 6 6
120 139 6 6
121 136 6 6
121 138 6 6
142 140 7 7
142 141 7 7
143 141 7 7
143 140 7 7
144 142 7 7
144 141 7 7
145 142 7 7
145 141 7 7
146 140 7 7
146 144 7 7
147 145 7 7
147 142 7 7
148 147 7 7
148 145 7 7
149 144 7 7
149 147 7 7
150 146 7 7
150 149 7 7
151 149 7 7
151 148 7 7
152 144 7 7
152 149 7 7
153 150 7 7
153 147 7 7
154 152 7 7
154 153 7 7
155 140 7 7
155 143 7 7
156 150 7 7
156 144 7 7
157 156 7 7
157 141 7 7
158 144 7 7
158 155 7 7
159 142 7 7
159 158 7 7
140 156 7 7
140 147 7 7
141 156 7 7
141 152 7 7
162 161 8 8
162 160 8 8
163 160 8 8
163 162 8 8
164 161 8 8
164 163 8 8
165 164 8 8
165 163 8 8
166 163 8 8
166 164 8 8
167 165 8 8
167 166 8 8
168 165 8 8
168 166 8 8
169 161 8 8
169 167 8 8
170 168 8 8
170 165 8 8
171 170 8 8
171 163 8 8
172 170 8 8
172 171 8 8
173 165 8 8
173 170 8 8
174 167 8 8
174 163 8 8
175 170 8 8
175 171 8 8
176 173 8 8
176 161 8 8
177 163 8 8
177 167 8 8
178 175 8 8
178 176 8 8
179 170 8 8
179 177 8 8
160 172 8 8
160 170 8 8
161 175 8 8
161 173 8 8
182 180 9 9
182 181 9 9
183 180 9 9
183 182 9 9
184 181 9 9
184 180 9 9
185 181 9 9
185 184 9 9
186 181 9 9
186 184 9 9
187 180 9 9
187 185 9 9
188 185 9 9
188 180 9 9
189 180 9 9
189 188 9 9
190 182 9 9
190 188 9 9
191 185 9 9
191 181 9 9
192 191 9 9
192 189 9 9
193 189 9 9
193 192 9 9
194 180 9 9
194 193 9 9
195 192 9 9
195 194 9 9
196 195 9 9
196 186 9 9
197 196 9 9
197 195 9 9
198 190 9 9
198 182 9 9
199 194 9 9
199 184 9 9
180 197 9 9
180 199 9 9
181 187 9 9
181 195 9 9
202 200 10 10
202 201 10 10
203 201 10 10
203 200 10 10
204 201 10 10
204 203 10 10
205 202 10 10
205 204 10 10
206 205 10 10
206 201 10 10
207 201 10 10
207 202 10 10
208 200 10 10
208 204 10 10
209 206 10 10
209 207 10 10
210 206 10 10
210 200 10 10
211 201 10 10
211 202 10 10
212 204 10 10
212 211 10 10
213 211 10 10
213 202 10 10
214 207 10 10
214 209 10 10
215 211 10 10
215 210 10 10
216 214 10 10
216 212 10 10
217 212 10 10
217 209 10 10
218 210 10 10
218 215 10 10
219 206 10 10
219 200 10 10
200 204 10 10
200 212 10 10
201 208 10 10
201 219 10 10
222 221 11 11
222 220 11 11
223 222 11 11
223 221 11 11
224 222 11 11
224 223 11 11
225 224 11 11
225 222 11 11
226 225 11 11
226 223 11 11
227 221 11 11
227 224 11 11
228 223 11 11
228 227 11 11
229 221 11 11
229 220 11 11
230 226 11 11
230 227 11 11
231 223 11 11
231 221 11 11
232 221 11 11
232 222 11 11
233 231 11 11
233 228 11 11
234 224 11 11
234 222 11 11
235 230 11 11
235 221 11 11
236 235 11 11
236 220 11 11
237 235 11 11
237 236 11 11
238 236 11 11
238 233 11 11
239 221 11 11
239 220 11 11
220 226 11 11
220 227 11 11
221 225 11 11
221 237 11 11
242 240 12 12
242 241 12 12
243 241 12 12
243 240 12 12
244 243 12 12
244 242 12 12
245 243 12 12
245 241 12 12
246 243 12 12
246 245 12 12
247 244 12 12
247 246 12 12
248 243 12 12
248 246 12 12
249 245 12 12
249 240 12 12
250 240 12 12
250 248 12 12
251 242 12 12
251 247 12 12
252 248 12 12
252 245 12 12
253 249 12 12
253 242 12 12
254 249 12 12
254 245 12 12
255 242 12 12
255 241 12 12
256 248 12 12
256 242 12 12
257 240 12 12
257 249 12 12
258 252 12 12
258 241 12 12
259 255 12 12
259 240 12 12
240 246 12 12
240 253 12 12
241 250 12 12
241 259 12 12
262 261 13 13
262 260 13 13
263 260 13 13
263 262 13 13
264 262 13 13
264 261 13 13
265 261 13 13
265 262 13 13
266 260 13 13
266 264 13 13
267 265 13 13
267 261 13 13
268 265 13 13
268 266 13 13
269 264 13 13
269 263 13 13
270 267 13 13
270 261 13 13
271 267 13 13
271 260 13 13
272 263 13 13
272 265 13 13
273 261 13 13
273 266 13 13
274 271 13 13
274 261 13 13
275 262 13 13
275 268 13 13
276 268 13 13
276 266 13 13
277 275 13 13
277 261 13 13
278 260 13 13
278 271 13 13
279 264 13 13
279 268 13 13
260 276 13 13
260 270 13 13
261 276 13 13
261 272 13 13
282 280 14 14
282 281 14 14
283 282 14 14
283 281 14 14
284 280 14 14
284 283 14 14
285 284 14 14
285 280 14 14
286 283 14 14
286 282 14 14
287 283 14 14
287 285 14 14
288 281 14 14
288 287 14 14
289 282 14 14
289 283 14 14
290 287 14 14
290 285 14 14
291 286 14 14
291 283 14 14
292 289 14 14
292 283 14 14
293 290 14 14
293 289 14 14
294 289 14 14
294 284 14 14
295 290 14 14
295 293 14 14
296 291 14 14
296 290 14 14
297 291 14 14
297 283 14 14
298 282 14 14
298 294 14 14
299 281 14 14
299 287 14 14
280 294 14 14
280 289 14 14
281 292 14 14
281 287 14 14
302 301 15 15
302 300 15 15
303 301 15 15
303 300 15 15
304 303 15 15
304 301 15 15
305 304 15 15
305 300 15 15
306 302 15 15
306 305 15 15
307 301 15 15
307 302 15 15
308 307 15 15
308 306 15 15
309 304 15 15
309 307 15 15
310 302 15 15
310 307 15 15
311 301 15 15
311 309 15 15
312 310 15 15
312 308 15 15
313 310 15 15
313 309 15 15
314 310 15 15
314 300 15 15
315 313 15 15
315 310 15 15
316 307 15 15
316 310 15 15
317 312 15 15
317 310 15 15
318 301 15 15
318 313 15 15
319 311 15 15
319 307 15 15
300 307 15 15
300 308 15 15
301 316 15 15
301 305 15 15
59 22 2 1
54 6 2 0
69 27 3 1
62 16 3 0
90 40 4 2
98 39 4 1
110 87 5 4
104 56 5 2
129 31 6 1
127 109 6 5
158 53 7 2
159 111 7 5
174 13 8 0
164 37 8 1
188 148 9 7
182 47 9 2
201 43 10 2
202 170 10 8
231 122 11 6
237 64 11 3
243 153 12 7
259 89 12 4
262 90 13 4
260 2 13 0
284 160 14 8
282 14 14 0
315 130 15 6
313 50 15 2
9 119 0 5
6 197 0 9
24 226 1 11
33 141 1 7
