swNum = 320
edgeNum = 672

0 0
1 0
2 0
3 0
4 0
5 0
6 0
7 0
8 0
9 0
10 0
11 0
12 0
13 0
14 0
15 0
16 0
17 0
18 0
19 0
20 1
21 1
22 1
23 1
24 1
25 1
26 1
27 1
28 1
29 1
30 1
31 1
32 1
33 1
34 1
35 1
36 1
37 1
38 1
39 1
40 2
41 2
42 2
43 2
44 2
45 2
46 2
47 2
48 2
49 2
50 2
51 2
52 2
53 2
54 2
55 2
56 2
57 2
58 2
59 2
60 3
61 3
62 3
63 3
64 3
65 3
66 3
67 3
68 3
69 3
70 3
71 3
72 3
73 3
74 3
75 3
76 3
77 3
78 3
79 3
80 4
81 4
82 4
83 4
84 4
85 4
86 4
87 4
88 4
89 4
90 4
91 4
92 4
93 4
94 4
95 4
96 4
97 4
98 4
99 4
100 5
101 5
102 5
103 5
104 5
105 5
106 5
107 5
108 5
109 5
110 5
111 5
112 5
113 5
114 5
115 5
116 5
117 5
118 5
119 5
120 6
121 6
122 6
123 6
124 6
125 6
126 6
127 6
128 6
129 6
130 6
131 6
132 6
133 6
134 6
135 6
136 6
137 6
138 6
139 6
140 7
141 7
142 7
143 7
144 7
145 7
146 7
147 7
148 7
149 7
150 7
151 7
152 7
153 7
154 7
155 7
156 7
157 7
158 7
159 7
160 8
161 8
162 8
163 8
164 8
165 8
166 8
167 8
168 8
169 8
170 8
171 8
172 8
173 8
174 8
175 8
176 8
177 8
178 8
179 8
180 9
181 9
182 9
183 9
184 9
185 9
186 9
187 9
188 9
189 9
190 9
191 9
192 9
193 9
194 9
195 9
196 9
197 9
198 9
199 9
200 10
201 10
202 10
203 10
204 10
205 10
206 10
207 10
208 10
209 10
210 10
211 10
212 10
213 10
214 10
215 10
216 10
217 10
218 10
219 10
220 11
221 11
222 11
223 11
224 11
225 11
226 11
227 11
228 11
229 11
230 11
231 11
232 11
233 11
234 11
235 11
236 11
237 11
238 11
239 11
240 12
241 12
242 12
243 12
244 12
245 12
246 12
247 12
248 12
249 12
250 12
251 12
252 12
253 12
254 12
255 12
256 12
257 12
258 12
259 12
260 13
261 13
262 13
263 13
264 13
265 13
266 13
267 13
268 13
269 13
270 13
271 13
272 13
273 13
274 13
275 13
276 13
277 13
278 13
279 13
280 14
281 14
282 14
283 14
284 14
285 14
286 14
287 14
288 14
289 14
290 14
291 14
292 14
293 14
294 14
295 14
296 14
297 14
298 14
299 14
300 15
301 15
302 15
303 15
304 15
305 15
306 15
307 15
308 15
309 15
310 15
311 15
312 15
313 15
314 15
315 15
316 15
317 15
318 15
319 15

2 0 0 0
2 1 0 0
3 1 0 0
3 2 0 0
4 3 0 0
4 0 0 0
5 0 0 0
5 2 0 0
6 5 0 0
6 3 0 0
7 2 0 0
7 5 0 0
8 1 0 0
8 6 0 0
9 4 0 0
9 6 0 0
10 8 0 0
10 6 0 0
11 7 0 0
11 9 0 0
12 5 0 0
12 10 0 0
13 8 0 0
13 5 0 0
14 7 0 0
14 13 0 0
15 13 0 0
15 3 0 0
16 5 0 0
16 2 0 0
17 7 0 0
17 3 0 0
18 14 0 0
18 0 0 0
19 12 0 0
19 13 0 0
0 12 0 0
0 10 0 0
1 10 0 0
1 7 0 0
22 21 1 1
22 20 1 1
23 20 1 1
23 22 1 1
24 21 1 1
24 22 1 1
25 23 1 1
25 20 1 1
26 24 1 1
26 21 1 1
27 24 1 1
27 20 1 1
28 26 1 1
28 25 1 1
29 22 1 1
29 26 1 1
30 26 1 1
30 20 1 1
31 20 1 1
31 28 1 1
32 23 1 1
32 25 1 1
33 26 1 1
33 20 1 1
34 22 1 1
34 33 1 1
35 33 1 1
35 30 1 1
36 32 1 1
36 23 1 1
37 26 1 1
37 30 1 1
38 32 1 1
38 20 1 1
39 34 1 1
39 27 1 1
20 36 1 1
20 26 1 1
21 29 1 1
21 34 1 1
42 40 2 2
42 41 2 2
43 40 2 2
43 41 2 2
44 42 2 2
44 40 2 2
45 41 2 2
45 43 2 2
46 42 2 2
46 44 2 2
47 42 2 2
47 43 2 2
48 45 2 2
48 46 2 2
49 46 2 2
49 43 2 2
50 49 2 2
50 45 2 2
51 41 2 2
51 49 2 2
52 43 2 2
52 51 2 2
53 50 2 2
53 46 2 2
54 49 2 2
54 52 2 2
55 43 2 2
55 41 2 2
56 46 2 2
56 49 2 2
57 48 2 2
57 51 2 2
58 49 2 2
58 57 2 2
59 46 2 2
59 56 2 2
40 52 2 2
40 45 2 2
41 52 2 2
41 54 2 2
62 61 3 3
62 60 3 3
63 60 3 3
63 62 3 3
64 63 3 3
64 61 3 3
65 64 3 3
65 61 3 3
66 61 3 3
66 64 3 3
67 62 3 3
67 63 3 3
68 61 3 3
68 64 3 3
69 68 3 3
69 63 3 3
70 68 3 3
70 69 3 3
71 63 3 3
71 70 3 3
72 65 3 3
72 71 3 3
73 68 3 3
73 70 3 3
74 60 3 3
74 70 3 3
75 71 3 3
75 72 3 3
76 62 3 3
76 61 3 3
77 73 3 3
77 69 3 3
78 63 3 3
78 65 3 3
79 63 3 3
79 61 3 3
60 77 3 3
60 78 3 3
61 67 3 3
61 63 3 3
82 81 4 4
82 80 4 4
83 81 4 4
83 80 4 4
84 82 4 4
84 83 4 4
85 83 4 4
85 81 4 4
86 81 4 4
86 80 4 4
87 82 4 4
87 84 4 4
88 86 4 4
88 85 4 4
89 80 4 4
89 86 4 4
90 88 4 4
90 81 4 4
91 80 4 4
91 84 4 4
92 83 4 4
92 85 4 4
93 84 4 4
93 80 4 4
94 85 4 4
94 83 4 4
95 83 4 4
95 87 4 4
96 86 4 4
96 94 4 4
97 94 4 4
97 96 4 4
98 80 4 4
98 82 4 4
99 81 4 4
99 97 4 4
80 96 4 4
80 90 4 4
81 94 4 4
81 97 4 4
102 100 5 5
102 101 5 5
103 102 5 5
103 100 5 5
104 100 5 5
104 102 5 5
105 101 5 5
105 104 5 5
106 100 5 5
106 102 5 5
107 100 5 5
107 104 5 5
108 106 5 5
108 105 5 5
109 101 5 5
109 102 5 5
110 106 5 5
110 102 5 5
111 100 5 5
111 103 5 5
112 109 5 5
112 106 5 5
113 110 5 5
113 103 5 5
114 110 5 5
114 106 5 5
115 111 5 5
115 100 5 5
116 101 5 5
116 100 5 5
117 113 5 5
117 104 5 5
118 117 5 5
118 112 5 5
119 101 5 5
119 102 5 5
100 108 5 5
100 119 5 5
101 107 5 5
101 108 5 5
122 120 6 6
122 121 6 6
123 122 6 6
123 120 6 6
124 123 6 6
124 120 6 6
125 121 6 6
125 122 6 6
126 125 6 6
126 124 6 6
127 121 6 6
127 123 6 6
128 123 6 6
128 124 6 6
129 125 6 6
129 121 6 6
130 129 6 6
130 122 6 6
131 126 6 6
131 123 6 6
132 126 6 6
132 128 6 6
133 124 6 6
133 127 6 6
134 120 6 6
134 128 6 6
135 129 6 6
135 121 6 6
136 130 6 6
136 132 6 6
137 125 6 6
137 129 6 6
138 134 6 6
138 125 6 6
139 126 6 6
139 124 6 6
120 138 6 6
120 125 6 6
121 133 6 6
121 124 6 6
142 141 7 7
142 140 7 7
143 140 7 7
143 141 7 7
144 140 7 7
144 142 7 7
145 140 7 7
145 143 7 7
146 140 7 7
146 141 7 7
147 143 7 7
147 145 7 7
148 144 7 7
148 143 7 7
149 147 7 7
149 142 7 7
150 141 7 7
150 149 7 7
151 148 7 7
151 144 7 7
152 148 7 7
152 145 7 7
153 140 7 7
153 146 7 7
154 150 7 7
154 149 7 7
155 153 7 7
155 150 7 7
156 144 7 7
156 140 7 7
157 151 7 7
157 141 7 7
158 148 7 7
158 143 7 7
159 140 7 7
159 146 7 7
140 155 7 7
140 149 7 7
141 154 7 7
141 149 7 7
162 160 8 8
162 161 8 8
163 160 8 8
163 161 8 8
164 160 8 8
164 163 8 8
165 161 8 8
165 160 8 8
166 165 8 8
166 160 8 8
167 160 8 8
167 165 8 8
168 165 8 8
168 160 8 8
169 161 8 8
169 167 8 8
170 161 8 8
170 165 8 8
171 161 8 8
171 170 8 8
172 160 8 8
172 168 8 8
173 170 8 8
173 163 8 8
174 166 8 8
174 160 8 8
175 167 8 8
175 171 8 8
176 163 8 8
176 160 8 8
177 164 8 8
177 165 8 8
178 162 8 8
178 174 8 8
179 161 8 8
179 174 8 8
160 177 8 8
160 175 8 8
161 168 8 8
161 175 8 8
182 181 9 9
182 180 9 9
183 180 9 9
183 181 9 9
184 183 9 9
184 180 9 9
185 180 9 9
185 183 9 9
186 183 9 9
186 184 9 9
187 182 9 9
187 184 9 9
188 182 9 9
188 187 9 9
189 185 9 9
189 183 9 9
190 182 9 9
190 180 9 9
191 188 9 9
191 185 9 9
192 188 9 9
192 182 9 9
193 186 9 9
193 181 9 9
194 180 9 9
194 183 9 9
195 192 9 9
195 193 9 9
196 194 9 9
196 187 9 9
197 184 9 9
197 195 9 9
198 182 9 9
198 184 9 9
199 187 9 9
199 192 9 9
180 189 9 9
180 196 9 9
181 195 9 9
181 185 9 9
202 200 10 10
202 201 10 10
203 201 10 10
203 200 10 10
204 203 10 10
204 201 10 10
205 202 10 10
205 203 10 10
206 204 10 10
206 205 10 10
207 206 10 10
207 201 10 10
208 202 10 10
208 205 10 10
209 203 10 10
209 204 10 10
210 207 10 10
210 209 10 10
211 207 10 10
211 210 10 10
212 205 10 10
212 200 10 10
213 203 10 10
213 212 10 10
214 207 10 10
214 213 10 10
215 208 10 10
215 212 10 10
216 205 10 10
216 202 10 10
217 200 10 10
217 214 10 10
218 205 10 10
218 211 10 10
219 207 10 10
219 201 10 10
200 208 10 10
200 205 10 10
201 218 10 10
201 206 10 10
222 221 11 11
222 220 11 11
223 222 11 11
223 220 11 11
224 223 11 11
224 222 11 11
225 220 11 11
225 223 11 11
226 221 11 11
226 222 11 11
227 222 11 11
227 224 11 11
228 227 11 11
228 224 11 11
229 220 11 11
229 221 11 11
230 229 11 11
230 226 11 11
231 225 11 11
231 220 11 11
232 228 11 11
232 224 11 11
233 223 11 11
233 232 11 11
234 221 11 11
234 233 11 11
235 229 11 11
235 226 11 11
236 224 11 11
236 231 11 11
237 228 11 11
237 235 11 11
238 226 11 11
238 230 11 11
239 233 11 11
239 229 11 11
220 233 11 11
220 232 11 11
221 230 11 11
221 225 11 11
242 240 12 12
242 241 12 12
243 242 12 12
243 241 12 12
244 243 12 12
244 242 12 12
245 240 12 12
245 242 12 12
246 244 12 12
246 245 12 12
247 246 12 12
247 240 12 12
248 246 12 12
248 242 12 12
249 245 12 12
249 241 12 12
250 246 12 12
250 244 12 12
251 247 12 12
251 250 12 12
252 247 12 12
252 245 12 12
253 249 12 12
253 252 12 12
254 241 12 12
254 246 12 12
255 246 12 12
255 252 12 12
256 240 12 12
256 245 12 12
257 252 12 12
257 253 12 12
258 255 12 12
258 251 12 12
259 249 12 12
259 251 12 12
240 249 12 12
240 257 12 12
241 245 12 12
241 253 12 12
262 261 13 13
262 260 13 13
263 261 13 13
263 262 13 13
264 262 13 13
264 261 13 13
265 261 13 13
265 260 13 13
266 262 13 13
266 261 13 13
267 266 13 13
267 264 13 13
268 262 13 13
268 267 13 13
269 260 13 13
269 268 13 13
270 264 13 13
270 261 13 13
271 265 13 13
271 263 13 13
272 263 13 13
272 266 13 13
273 269 13 13
273 261 13 13
274 270 13 13
274 272 13 13
275 264 13 13
275 266 13 13
276 260 13 13
276 266 13 13
277 271 13 13
277 262 13 13
278 274 13 13
278 273 13 13
279 270 13 13
279 267 13 13
260 275 13 13
260 264 13 13
261 277 13 13
261 275 13 13
282 280 14 14
282 281 14 14
283 280 14 14
283 282 14 14
284 282 14 14
284 280 14 14
285 283 14 14
285 280 14 14
286 285 14 14
286 283 14 14
287 281 14 14
287 280 14 14
288 281 14 14
288 283 14 14
289 288 14 14
289 283 14 14
290 287 14 14
290 284 14 14
291 281 14 14
291 287 14 14
292 286 14 14
292 284 14 14
293 292 14 14
293 287 14 14
294 287 14 14
294 284 14 14
295 290 14 14
295 284 14 14
296 288 14 14
296 291 14 14
297 280 14 14
297 284 14 14
298 291 14 14
298 297 14 14
299 294 14 14
299 288 14 14
280 290 14 14
280 289 14 14
281 285 14 14
281 286 14 14
302 300 15 15
302 301 15 15
303 302 15 15
303 301 15 15
304 300 15 15
304 301 15 15
305 302 15 15
305 304 15 15
306 305 15 15
306 302 15 15
307 306 15 15
307 301 15 15
308 302 15 15
308 303 15 15
309 302 15 15
309 304 15 15
310 302 15 15
310 306 15 15
311 303 15 15
311 306 15 15
312 308 15 15
312 302 15 15
313 310 15 15
313 301 15 15
314 306 15 15
314 301 15 15
315 301 15 15
315 303 15 15
316 313 15 15
316 311 15 15
317 302 15 15
317 303 15 15
318 300 15 15
318 314 15 15
319 313 15 15
319 311 15 15
300 305 15 15
300 314 15 15
301 316 15 15
301 306 15 15
59 20 2 1
54 18 2 0
71 52 3 2
65 32 3 1
89 54 4 2
88 3 4 0
103 98 5 4
106 56 5 2
132 113 6 5
131 92 6 4
142 122 7 6
143 18 7 0
174 126 8 6
175 99 8 4
181 152 9 7
195 47 9 2
202 28 10 1
203 76 10 3
232 178 11 8
234 101 11 5
250 75 12 3
245 197 12 9
273 240 13 12
260 171 13 8
295 32 14 1
294 15 14 0
316 76 15 3
314 55 15 2
7 243 0 12
2 117 0 5
28 119 1 5
23 279 1 13
