swNum = 320
edgeNum = 672

0 0
1 0
2 0
3 0
4 0
5 0
6 0
7 0
8 0
9 0
10 0
11 0
12 0
13 0
14 0
15 0
16 0
17 0
18 0
19 0
20 1
21 1
22 1
23 1
24 1
25 1
26 1
27 1
28 1
29 1
30 1
31 1
32 1
33 1
34 1
35 1
36 1
37 1
38 1
39 1
40 2
41 2
42 2
43 2
44 2
45 2
46 2
47 2
48 2
49 2
50 2
51 2
52 2
53 2
54 2
55 2
56 2
57 2
58 2
59 2
60 3
61 3
62 3
63 3
64 3
65 3
66 3
67 3
68 3
69 3
70 3
71 3
72 3
73 3
74 3
75 3
76 3
77 3
78 3
79 3
80 4
81 4
82 4
83 4
84 4
85 4
86 4
87 4
88 4
89 4
90 4
91 4
92 4
93 4
94 4
95 4
96 4
97 4
98 4
99 4
100 5
101 5
102 5
103 5
104 5
105 5
106 5
107 5
108 5
109 5
110 5
111 5
112 5
113 5
114 5
115 5
116 5
117 5
118 5
119 5
120 6
121 6
122 6
123 6
124 6
125 6
126 6
127 6
128 6
129 6
130 6
131 6
132 6
133 6
134 6
135 6
136 6
137 6
138 6
139 6
140 7
141 7
142 7
143 7
144 7
145 7
146 7
147 7
148 7
149 7
150 7
151 7
152 7
153 7
154 7
155 7
156 7
157 7
158 7
159 7
160 8
161 8
162 8
163 8
164 8
165 8
166 8
167 8
168 8
169 8
170 8
171 8
172 8
173 8
174 8
175 8
176 8
177 8
178 8
179 8
180 9
181 9
182 9
183 9
184 9
185 9
186 9
187 9
188 9
189 9
190 9
191 9
192 9
193 9
194 9
195 9
196 9
197 9
198 9
199 9
200 10
201 10
202 10
203 10
204 10
205 10
206 10
207 10
208 10
209 10
210 10
211 10
212 10
213 10
214 10
215 10
216 10
217 10
218 10
219 10
220 11
221 11
222 11
223 11
224 11
225 11
226 11
227 11
228 11
229 11
230 11
231 11
232 11
233 11
234 11
235 11
236 11
237 11
238 11
239 11
240 12
241 12
242 12
243 12
244 12
245 12
246 12
247 12
248 12
249 12
250 12
251 12
252 12
253 12
254 12
255 12
256 12
257 12
258 12
259 12
260 13
261 13
262 13
263 13
264 13
265 13
266 13
267 13
268 13
269 13
270 13
271 13
272 13
273 13
274 13
275 13
276 13
277 13
278 13
279 13
280 14
281 14
282 14
283 14
284 14
285 14
286 14
287 14
288 14
289 14
290 14
291 14
292 14
293 14
294 14
295 14
296 14
297 14
298 14
299 14
300 15
301 15
302 15
303 15
304 15
305 15
306 15
307 15
308 15
309 15
310 15
311 15
312 15
313 15
314 15
315 15
316 15
317 15
318 15
319 15

2 1 0 0
2 0 0 0
3 2 0 0
3 0 0 0
4 0 0 0
4 2 0 0
5 0 0 0
5 3 0 0
6 0 0 0
6 2 0 0
7 2 0 0
7 3 0 0
8 3 0 0
8 1 0 0
9 3 0 0
9 7 0 0
10 6 0 0
10 8 0 0
11 0 0 0
11 2 0 0
12 6 0 0
12 0 0 0
13 7 0 0
13 8 0 0
14 2 0 0
14 9 0 0
15 12 0 0
15 6 0 0
16 12 0 0
16 7 0 0
17 3 0 0
17 2 0 0
18 1 0 0
18 3 0 0
19 5 0 0
19 8 0 0
0 7 0 0
0 10 0 0
1 19 0 0
1 14 0 0
22 20 1 1
22 21 1 1
23 20 1 1
23 21 1 1
24 20 1 1
24 22 1 1
25 20 1 1
25 24 1 1
26 20 1 1
26 25 1 1
27 26 1 1
27 21 1 1
28 21 1 1
28 27 1 1
29 27 1 1
29 20 1 1
30 21 1 1
30 24 1 1
31 21 1 1
31 20 1 1
32 20 1 1
32 26 1 1
33 31 1 1
33 25 1 1
34 25 1 1
34 21 1 1
35 26 1 1
35 32 1 1
36 24 1 1
36 27 1 1
37 31 1 1
37 25 1 1
38 25 1 1
38 34 1 1
39 28 1 1
39 23 1 1
20 35 1 1
20 27 1 1
21 33 1 1
21 37 1 1
42 40 2 2
42 41 2 2
43 41 2 2
43 42 2 2
44 43 2 2
44 42 2 2
45 40 2 2
45 41 2 2
46 42 2 2
46 40 2 2
47 40 2 2
47 46 2 2
48 47 2 2
48 41 2 2
49 47 2 2
49 46 2 2
50 40 2 2
50 46 2 2
51 50 2 2
51 49 2 2
52 41 2 2
52 44 2 2
53 42 2 2
53 40 2 2
54 45 2 2
54 53 2 2
55 50 2 2
55 42 2 2
56 45 2 2
56 55 2 2
57 48 2 2
57 45 2 2
58 55 2 2
58 49 2 2
59 48 2 2
59 49 2 2
40 56 2 2
40 54 2 2
41 46 2 2
41 44 2 2
62 60 3 3
62 61 3 3
63 61 3 3
63 60 3 3
64 62 3 3
64 61 3 3
65 60 3 3
65 64 3 3
66 63 3 3
66 61 3 3
67 62 3 3
67 65 3 3
68 62 3 3
68 63 3 3
69 66 3 3
69 64 3 3
70 62 3 3
70 67 3 3
71 65 3 3
71 66 3 3
72 68 3 3
72 64 3 3
73 70 3 3
73 72 3 3
74 66 3 3
74 63 3 3
75 64 3 3
75 60 3 3
76 60 3 3
76 71 3 3
77 76 3 3
77 73 3 3
78 75 3 3
78 72 3 3
79 75 3 3
79 77 3 3
60 74 3 3
60 72 3 3
61 71 3 3
61 76 3 3
82 80 4 4
82 81 4 4
83 80 4 4
83 81 4 4
84 82 4 4
84 80 4 4
85 83 4 4
85 82 4 4
86 83 4 4
86 84 4 4
87 85 4 4
87 83 4 4
88 85 4 4
88 86 4 4
89 84 4 4
89 80 4 4
90 88 4 4
90 80 4 4
91 81 4 4
91 84 4 4
92 80 4 4
92 83 4 4
93 80 4 4
93 92 4 4
94 81 4 4
94 92 4 4
95 94 4 4
95 86 4 4
96 90 4 4
96 80 4 4
97 94 4 4
97 82 4 4
98 80 4 4
98 86 4 4
99 91 4 4
99 87 4 4
80 95 4 4
80 86 4 4
81 86 4 4
81 92 4 4
102 100 5 5
102 101 5 5
103 100 5 5
103 102 5 5
104 100 5 5
104 102 5 5
105 102 5 5
105 104 5 5
106 103 5 5
106 104 5 5
107 102 5 5
107 104 5 5
108 101 5 5
108 107 5 5
109 105 5 5
109 108 5 5
110 108 5 5
110 102 5 5
111 110 5 5
111 100 5 5
112 100 5 5
112 103 5 5
113 100 5 5
113 103 5 5
114 108 5 5
114 109 5 5
115 108 5 5
115 101 5 5
116 102 5 5
116 111 5 5
117 115 5 5
117 108 5 5
118 110 5 5
118 107 5 5
119 101 5 5
119 116 5 5
100 108 5 5
100 115 5 5
101 105 5 5
101 118 5 5
122 120 6 6
122 121 6 6
123 120 6 6
123 122 6 6
124 122 6 6
124 120 6 6
125 123 6 6
125 121 6 6
126 124 6 6
126 123 6 6
127 124 6 6
127 122 6 6
128 126 6 6
128 123 6 6
129 126 6 6
129 122 6 6
130 122 6 6
130 123 6 6
131 127 6 6
131 124 6 6
132 126 6 6
132 128 6 6
133 132 6 6
133 121 6 6
134 121 6 6
134 132 6 6
135 128 6 6
135 126 6 6
136 122 6 6
136 130 6 6
137 123 6 6
137 124 6 6
138 127 6 6
138 136 6 6
139 132 6 6
139 121 6 6
120 137 6 6
120 138 6 6
121 132 6 6
121 136 6 6
142 141 7 7
142 140 7 7
143 142 7 7
143 140 7 7
144 141 7 7
144 140 7 7
145 141 7 7
145 140 7 7
146 140 7 7
146 143 7 7
147 143 7 7
147 145 7 7
148 143 7 7
148 142 7 7
149 146 7 7
149 140 7 7
150 148 7 7
150 146 7 7
151 147 7 7
151 150 7 7
152 146 7 7
152 140 7 7
153 144 7 7
153 143 7 7
154 153 7 7
154 145 7 7
155 143 7 7
155 144 7 7
156 155 7 7
156 152 7 7
157 143 7 7
157 155 7 7
158 143 7 7
158 141 7 7
159 141 7 7
159 158 7 7
140 155 7 7
140 151 7 7
141 156 7 7
141 152 7 7
162 161 8 8
162 160 8 8
163 162 8 8
163 160 8 8
164 161 8 8
164 160 8 8
165 160 8 8
165 164 8 8
166 161 8 8
166 162 8 8
167 160 8 8
167 166 8 8
168 160 8 8
168 162 8 8
169 164 8 8
169 160 8 8
170 164 8 8
170 163 8 8
171 165 8 8
171 167 8 8
172 164 8 8
172 171 8 8
173 164 8 8
173 168 8 8
174 166 8 8
174 169 8 8
175 165 8 8
175 161 8 8
176 163 8 8
176 173 8 8
177 172 8 8
177 162 8 8
178 174 8 8
178 161 8 8
179 164 8 8
179 176 8 8
160 173 8 8
160 176 8 8
161 170 8 8
161 171 8 8
182 181 9 9
182 180 9 9
183 181 9 9
183 182 9 9
184 182 9 9
184 181 9 9
185 184 9 9
185 182 9 9
186 180 9 9
186 184 9 9
187 186 9 9
187 180 9 9
188 185 9 9
188 181 9 9
189 184 9 9
189 186 9 9
190 184 9 9
190 188 9 9
191 187 9 9
191 183 9 9
192 180 9 9
192 185 9 9
193 185 9 9
193 181 9 9
194 187 9 9
194 191 9 9
195 187 9 9
195 189 9 9
196 192 9 9
196 195 9 9
197 188 9 9
197 189 9 9
198 183 9 9
198 188 9 9
199 194 9 9
199 190 9 9
180 196 9 9
180 199 9 9
181 198 9 9
181 199 9 9
202 200 10 10
202 201 10 10
203 200 10 10
203 201 10 10
204 201 10 10
204 202 10 10
205 202 10 10
205 200 10 10
206 204 10 10
206 203 10 10
207 205 10 10
207 200 10 10
208 205 10 10
208 202 10 10
209 202 10 10
209 208 10 10
210 205 10 10
210 206 10 10
211 204 10 10
211 201 10 10
212 211 10 10
212 201 10 10
213 205 10 10
213 203 10 10
214 201 10 10
214 211 10 10
215 200 10 10
215 210 10 10
216 212 10 10
216 215 10 10
217 202 10 10
217 204 10 10
218 217 10 10
218 202 10 10
219 208 10 10
219 218 10 10
200 214 10 10
200 210 10 10
201 216 10 10
201 213 10 10
222 221 11 11
222 220 11 11
223 221 11 11
223 222 11 11
224 220 11 11
224 221 11 11
225 223 11 11
225 222 11 11
226 220 11 11
226 222 11 11
227 224 11 11
227 221 11 11
228 225 11 11
228 222 11 11
229 224 11 11
229 225 11 11
230 224 11 11
230 220 11 11
231 225 11 11
231 220 11 11
232 230 11 11
232 229 11 11
233 224 11 11
233 222 11 11
234 228 11 11
234 227 11 11
235 234 11 11
235 227 11 11
236 227 11 11
236 233 11 11
237 223 11 11
237 229 11 11
238 225 11 11
238 231 11 11
239 235 11 11
239 227 11 11
220 233 11 11
220 235 11 11
221 226 11 11
221 229 11 11
242 240 12 12
242 241 12 12
243 240 12 12
243 242 12 12
244 242 12 12
244 243 12 12
245 244 12 12
245 243 12 12
246 240 12 12
246 244 12 12
247 245 12 12
247 244 12 12
248 243 12 12
248 242 12 12
249 241 12 12
249 247 12 12
250 243 12 12
250 249 12 12
251 247 12 12
251 240 12 12
252 249 12 12
252 241 12 12
253 242 12 12
253 247 12 12
254 240 12 12
254 242 12 12
255 253 12 12
255 242 12 12
256 242 12 12
256 255 12 12
257 240 12 12
257 255 12 12
258 243 12 12
258 241 12 12
259 251 12 12
259 255 12 12
240 248 12 12
240 244 12 12
241 248 12 12
241 255 12 12
262 261 13 13
262 260 13 13
263 260 13 13
263 262 13 13
264 261 13 13
264 262 13 13
265 264 13 13
265 261 13 13
266 264 13 13
266 265 13 13
267 266 13 13
267 263 13 13
268 262 13 13
268 261 13 13
269 268 13 13
269 260 13 13
270 263 13 13
270 265 13 13
271 269 13 13
271 266 13 13
272 266 13 13
272 269 13 13
273 269 13 13
273 262 13 13
274 260 13 13
274 262 13 13
275 261 13 13
275 268 13 13
276 262 13 13
276 271 13 13
277 276 13 13
277 264 13 13
278 262 13 13
278 263 13 13
279 265 13 13
279 262 13 13
260 271 13 13
260 267 13 13
261 263 13 13
261 271 13 13
282 281 14 14
282 280 14 14
283 282 14 14
283 280 14 14
284 280 14 14
284 283 14 14
285 280 14 14
285 283 14 14
286 283 14 14
286 282 14 14
287 285 14 14
287 286 14 14
288 284 14 14
288 280 14 14
289 287 14 14
289 285 14 14
290 286 14 14
290 288 14 14
291 289 14 14
291 282 14 14
292 283 14 14
292 291 14 14
293 285 14 14
293 287 14 14
294 283 14 14
294 293 14 14
295 290 14 14
295 291 14 14
296 287 14 14
296 286 14 14
297 287 14 14
297 280 14 14
298 291 14 14
298 295 14 14
299 290 14 14
299 280 14 14
280 287 14 14
280 290 14 14
281 285 14 14
281 298 14 14
302 301 15 15
302 300 15 15
303 300 15 15
303 302 15 15
304 303 15 15
304 302 15 15
305 301 15 15
305 304 15 15
306 304 15 15
306 300 15 15
307 301 15 15
307 302 15 15
308 305 15 15
308 306 15 15
309 303 15 15
309 305 15 15
310 305 15 15
310 307 15 15
311 306 15 15
311 303 15 15
312 305 15 15
312 301 15 15
313 310 15 15
313 301 15 15
314 300 15 15
314 309 15 15
315 307 15 15
315 313 15 15
316 304 15 15
316 310 15 15
317 314 15 15
317 310 15 15
318 315 15 15
318 300 15 15
319 303 15 15
319 308 15 15
300 317 15 15
300 311 15 15
301 317 15 15
301 316 15 15
48 26 2 1
49 15 2 0
74 50 3 2
75 15 3 0
95 45 4 2
97 79 4 3
107 63 5 3
103 8 5 0
127 4 6 0
135 78 6 3
157 79 7 3
146 138 7 6
173 118 8 5
175 30 8 1
184 138 9 6
188 60 9 3
202 11 10 0
201 21 10 1
236 104 11 5
231 129 11 6
249 52 12 2
256 131 12 6
279 222 13 11
278 248 13 12
285 267 14 13
282 58 14 2
306 271 15 13
315 38 15 1
6 245 0 12
14 308 0 15
39 234 1 11
36 87 1 4
