swNum = 320
edgeNum = 672

0 0
1 0
2 0
3 0
4 0
5 0
6 0
7 0
8 0
9 0
10 0
11 0
12 0
13 0
14 0
15 0
16 0
17 0
18 0
19 0
20 1
21 1
22 1
23 1
24 1
25 1
26 1
27 1
28 1
29 1
30 1
31 1
32 1
33 1
34 1
35 1
36 1
37 1
38 1
39 1
40 2
41 2
42 2
43 2
44 2
45 2
46 2
47 2
48 2
49 2
50 2
51 2
52 2
53 2
54 2
55 2
56 2
57 2
58 2
59 2
60 3
61 3
62 3
63 3
64 3
65 3
66 3
67 3
68 3
69 3
70 3
71 3
72 3
73 3
74 3
75 3
76 3
77 3
78 3
79 3
80 4
81 4
82 4
83 4
84 4
85 4
86 4
87 4
88 4
89 4
90 4
91 4
92 4
93 4
94 4
95 4
96 4
97 4
98 4
99 4
100 5
101 5
102 5
103 5
104 5
105 5
106 5
107 5
108 5
109 5
110 5
111 5
112 5
113 5
114 5
115 5
116 5
117 5
118 5
119 5
120 6
121 6
122 6
123 6
124 6
125 6
126 6
127 6
128 6
129 6
130 6
131 6
132 6
133 6
134 6
135 6
136 6
137 6
138 6
139 6
140 7
141 7
142 7
143 7
144 7
145 7
146 7
147 7
148 7
149 7
150 7
151 7
152 7
153 7
154 7
155 7
156 7
157 7
158 7
159 7
160 8
161 8
162 8
163 8
164 8
165 8
166 8
167 8
168 8
169 8
170 8
171 8
172 8
173 8
174 8
175 8
176 8
177 8
178 8
179 8
180 9
181 9
182 9
183 9
184 9
185 9
186 9
187 9
188 9
189 9
190 9
191 9
192 9
193 9
194 9
195 9
196 9
197 9
198 9
199 9
200 10
201 10
202 10
203 10
204 10
205 10
206 10
207 10
208 10
209 10
210 10
211 10
212 10
213 10
214 10
215 10
216 10
217 10
218 10
219 10
220 11
221 11
222 11
223 11
224 11
225 11
226 11
227 11
228 11
229 11
230 11
231 11
232 11
233 11
234 11
235 11
236 11
237 11
238 11
239 11
240 12
241 12
242 12
243 12
244 12
245 12
246 12
247 12
248 12
249 12
250 12
251 12
252 12
253 12
254 12
255 12
256 12
257 12
258 12
259 12
260 13
261 13
262 13
263 13
264 13
265 13
266 13
267 13
268 13
269 13
270 13
271 13
272 13
273 13
274 13
275 13
276 13
277 13
278 13
279 13
280 14
281 14
282 14
283 14
284 14
285 14
286 14
287 14
288 14
289 14
290 14
291 14
292 14
293 14
294 14
295 14
296 14
297 14
298 14
299 14
300 15
301 15
302 15
303 15
304 15
305 15
306 15
307 15
308 15
309 15
310 15
311 15
312 15
313 15
314 15
315 15
316 15
317 15
318 15
319 15

2 0 0 0
2 1 0 0
3 2 0 0
3 1 0 0
4 2 0 0
4 1 0 0
5 4 0 0
5 3 0 0
6 1 0 0
6 4 0 0
7 5 0 0
7 2 0 0
8 7 0 0
8 4 0 0
9 2 0 0
9 1 0 0
10 2 0 0
10 4 0 0
11 1 0 0
11 10 0 0
12 11 0 0
12 6 0 0
13 12 0 0
13 8 0 0
14 10 0 0
14 9 0 0
15 3 0 0
15 6 0 0
16 1 0 0
16 9 0 0
17 1 0 0
17 0 0 0
18 9 0 0
18 8 0 0
19 13 0 0
19 6 0 0
0 9 0 0
0 12 0 0
1 10 0 0
1 12 0 0
22 21 1 1
22 20 1 1
23 22 1 1
23 21 1 1
24 22 1 1
24 23 1 1
25 21 1 1
25 24 1 1
26 20 1 1
26 24 1 1
27 20 1 1
27 25 1 1
28 23 1 1
28 25 1 1
29 24 1 1
29 27 1 1
30 29 1 1
30 24 1 1
31 28 1 1
31 26 1 1
32 26 1 1
32 29 1 1
33 29 1 1
33 25 1 1
34 21 1 1
34 20 1 1
35 27 1 1
35 31 1 1
36 20 1 1
36 33 1 1
37 31 1 1
37 25 1 1
38 29 1 1
38 28 1 1
39 21 1 1
39 27 1 1
20 38 1 1
20 29 1 1
21 36 1 1
21 38 1 1
42 41 2 2
42 40 2 2
43 41 2 2
43 40 2 2
44 41 2 2
44 43 2 2
45 40 2 2
45 43 2 2
46 42 2 2
46 43 2 2
47 42 2 2
47 46 2 2
48 45 2 2
48 43 2 2
49 47 2 2
49 45 2 2
50 49 2 2
50 43 2 2
51 48 2 2
51 45 2 2
52 41 2 2
52 48 2 2
53 41 2 2
53 43 2 2
54 49 2 2
54 45 2 2
55 45 2 2
55 43 2 2
56 53 2 2
56 40 2 2
57 44 2 2
57 41 2 2
58 46 2 2
58 44 2 2
59 41 2 2
59 45 2 2
40 49 2 2
40 50 2 2
41 51 2 2
41 45 2 2
62 61 3 3
62 60 3 3
63 60 3 3
63 61 3 3
64 60 3 3
64 62 3 3
65 61 3 3
65 62 3 3
66 64 3 3
66 60 3 3
67 63 3 3
67 60 3 3
68 61 3 3
68 67 3 3
69 64 3 3
69 60 3 3
70 69 3 3
70 65 3 3
71 69 3 3
71 70 3 3
72 65 3 3
72 66 3 3
73 62 3 3
73 64 3 3
74 65 3 3
74 61 3 3
75 65 3 3
75 67 3 3
76 62 3 3
76 65 3 3
77 63 3 3
77 71 3 3
78 68 3 3
78 63 3 3
79 70 3 3
79 78 3 3
60 70 3 3
60 71 3 3
61 64 3 3
61 78 3 3
82 80 4 4
82 81 4 4
83 80 4 4
83 82 4 4
84 82 4 4
84 83 4 4
85 81 4 4
85 83 4 4
86 83 4 4
86 82 4 4
87 85 4 4
87 82 4 4
88 80 4 4
88 82 4 4
89 88 4 4
89 84 4 4
90 87 4 4
90 83 4 4
91 80 4 4
91 81 4 4
92 81 4 4
92 80 4 4
93 85 4 4
93 84 4 4
94 80 4 4
94 91 4 4
95 93 4 4
95 80 4 4
96 82 4 4
96 92 4 4
97 81 4 4
97 80 4 4
98 93 4 4
98 87 4 4
99 85 4 4
99 89 4 4
80 85 4 4
80 87 4 4
81 99 4 4
81 86 4 4
102 101 5 5
102 100 5 5
103 101 5 5
103 102 5 5
104 100 5 5
104 103 5 5
105 104 5 5
105 101 5 5
106 104 5 5
106 101 5 5
107 105 5 5
107 101 5 5
108 105 5 5
108 100 5 5
109 103 5 5
109 101 5 5
110 104 5 5
110 101 5 5
111 106 5 5
111 102 5 5
112 101 5 5
112 109 5 5
113 101 5 5
113 107 5 5
114 104 5 5
114 112 5 5
115 100 5 5
115 105 5 5
116 108 5 5
116 110 5 5
117 114 5 5
117 112 5 5
118 109 5 5
118 108 5 5
119 109 5 5
119 102 5 5
100 110 5 5
100 107 5 5
101 108 5 5
101 117 5 5
122 121 6 6
122 120 6 6
123 120 6 6
123 122 6 6
124 121 6 6
124 123 6 6
125 121 6 6
125 124 6 6
126 120 6 6
126 125 6 6
127 125 6 6
127 124 6 6
128 122 6 6
128 120 6 6
129 128 6 6
129 127 6 6
130 121 6 6
130 128 6 6
131 124 6 6
131 129 6 6
132 128 6 6
132 131 6 6
133 132 6 6
133 129 6 6
134 128 6 6
134 126 6 6
135 130 6 6
135 121 6 6
136 129 6 6
136 123 6 6
137 123 6 6
137 132 6 6
138 136 6 6
138 131 6 6
139 136 6 6
139 134 6 6
120 135 6 6
120 130 6 6
121 131 6 6
121 127 6 6
142 141 7 7
142 140 7 7
143 142 7 7
143 141 7 7
144 142 7 7
144 143 7 7
145 142 7 7
145 140 7 7
146 143 7 7
146 141 7 7
147 142 7 7
147 144 7 7
148 142 7 7
148 141 7 7
149 148 7 7
149 145 7 7
150 148 7 7
150 141 7 7
151 143 7 7
151 146 7 7
152 145 7 7
152 141 7 7
153 146 7 7
153 145 7 7
154 142 7 7
154 150 7 7
155 150 7 7
155 148 7 7
156 143 7 7
156 155 7 7
157 156 7 7
157 145 7 7
158 142 7 7
158 155 7 7
159 151 7 7
159 156 7 7
140 148 7 7
140 155 7 7
141 154 7 7
141 149 7 7
162 160 8 8
162 161 8 8
163 161 8 8
163 160 8 8
164 163 8 8
164 162 8 8
165 164 8 8
165 160 8 8
166 161 8 8
166 163 8 8
167 160 8 8
167 164 8 8
168 165 8 8
168 167 8 8
169 162 8 8
169 167 8 8
170 161 8 8
170 169 8 8
171 170 8 8
171 161 8 8
172 168 8 8
172 166 8 8
173 171 8 8
173 162 8 8
174 169 8 8
174 160 8 8
175 162 8 8
175 170 8 8
176 175 8 8
176 173 8 8
177 161 8 8
177 172 8 8
178 163 8 8
178 167 8 8
179 172 8 8
179 168 8 8
160 164 8 8
160 171 8 8
161 169 8 8
161 178 8 8
182 180 9 9
182 181 9 9
183 182 9 9
183 181 9 9
184 181 9 9
184 183 9 9
185 184 9 9
185 183 9 9
186 181 9 9
186 182 9 9
187 185 9 9
187 184 9 9
188 185 9 9
188 184 9 9
189 184 9 9
189 188 9 9
190 182 9 9
190 184 9 9
191 185 9 9
191 187 9 9
192 182 9 9
192 191 9 9
193 181 9 9
193 182 9 9
194 183 9 9
194 184 9 9
195 188 9 9
195 184 9 9
196 188 9 9
196 195 9 9
197 195 9 9
197 191 9 9
198 194 9 9
198 180 9 9
199 182 9 9
199 195 9 9
180 196 9 9
180 190 9 9
181 199 9 9
181 196 9 9
202 200 10 10
202 201 10 10
203 200 10 10
203 201 10 10
204 200 10 10
204 203 10 10
205 201 10 10
205 204 10 10
206 204 10 10
206 201 10 10
207 202 10 10
207 201 10 10
208 200 10 10
208 201 10 10
209 202 10 10
209 205 10 10
210 208 10 10
210 209 10 10
211 209 10 10
211 200 10 10
212 202 10 10
212 207 10 10
213 204 10 10
213 203 10 10
214 206 10 10
214 205 10 10
215 211 10 10
215 212 10 10
216 211 10 10
216 208 10 10
217 202 10 10
217 203 10 10
218 210 10 10
218 215 10 10
219 205 10 10
219 216 10 10
200 212 10 10
200 209 10 10
201 212 10 10
201 215 10 10
222 221 11 11
222 220 11 11
223 221 11 11
223 222 11 11
224 221 11 11
224 223 11 11
225 223 11 11
225 224 11 11
226 220 11 11
226 221 11 11
227 223 11 11
227 222 11 11
228 221 11 11
228 223 11 11
229 220 11 11
229 228 11 11
230 225 11 11
230 228 11 11
231 226 11 11
231 222 11 11
232 230 11 11
232 221 11 11
233 230 11 11
233 229 11 11
234 222 11 11
234 232 11 11
235 226 11 11
235 222 11 11
236 231 11 11
236 220 11 11
237 225 11 11
237 221 11 11
238 235 11 11
238 220 11 11
239 220 11 11
239 229 11 11
220 227 11 11
220 233 11 11
221 230 11 11
221 227 11 11
242 241 12 12
242 240 12 12
243 240 12 12
243 242 12 12
244 240 12 12
244 242 12 12
245 243 12 12
245 244 12 12
246 241 12 12
246 242 12 12
247 245 12 12
247 243 12 12
248 245 12 12
248 240 12 12
249 247 12 12
249 243 12 12
250 249 12 12
250 240 12 12
251 250 12 12
251 249 12 12
252 249 12 12
252 251 12 12
253 246 12 12
253 245 12 12
254 241 12 12
254 244 12 12
255 251 12 12
255 252 12 12
256 242 12 12
256 250 12 12
257 255 12 12
257 249 12 12
258 253 12 12
258 252 12 12
259 246 12 12
259 242 12 12
240 256 12 12
240 245 12 12
241 258 12 12
241 253 12 12
262 260 13 13
262 261 13 13
263 262 13 13
263 261 13 13
264 262 13 13
264 261 13 13
265 260 13 13
265 264 13 13
266 263 13 13
266 262 13 13
267 265 13 13
267 260 13 13
268 265 13 13
268 263 13 13
269 261 13 13
269 267 13 13
270 263 13 13
270 267 13 13
271 269 13 13
271 267 13 13
272 260 13 13
272 269 13 13
273 263 13 13
273 260 13 13
274 263 13 13
274 273 13 13
275 274 13 13
275 262 13 13
276 271 13 13
276 264 13 13
277 262 13 13
277 266 13 13
278 274 13 13
278 263 13 13
279 278 13 13
279 268 13 13
260 276 13 13
260 271 13 13
261 270 13 13
261 268 13 13
282 280 14 14
282 281 14 14
283 281 14 14
283 280 14 14
284 280 14 14
284 283 14 14
285 282 14 14
285 280 14 14
286 284 14 14
286 281 14 14
287 283 14 14
287 286 14 14
288 284 14 14
288 285 14 14
289 284 14 14
289 283 14 14
290 283 14 14
290 287 14 14
291 285 14 14
291 280 14 14
292 280 14 14
292 285 14 14
293 284 14 14
293 281 14 14
294 291 14 14
294 280 14 14
295 286 14 14
295 280 14 14
296 288 14 14
296 287 14 14
297 294 14 14
297 290 14 14
298 297 14 14
298 296 14 14
299 296 14 14
299 289 14 14
280 288 14 14
280 296 14 14
281 284 14 14
281 289 14 14
302 300 15 15
302 301 15 15
303 301 15 15
303 300 15 15
304 302 15 15
304 303 15 15
305 303 15 15
305 304 15 15
306 300 15 15
306 303 15 15
307 301 15 15
307 306 15 15
308 303 15 15
308 305 15 15
309 303 15 15
309 301 15 15
310 301 15 15
310 303 15 15
311 305 15 15
311 309 15 15
312 306 15 15
312 308 15 15
313 312 15 15
313 311 15 15
314 303 15 15
314 301 15 15
315 312 15 15
315 310 15 15
316 310 15 15
316 309 15 15
317 314 15 15
317 302 15 15
318 313 15 15
318 303 15 15
319 304 15 15
319 302 15 15
300 312 15 15
300 314 15 15
301 319 15 15
301 305 15 15
42 6 2 0
43 26 2 1
62 43 3 2
79 35 3 1
82 57 4 2
91 76 4 3
115 73 5 3
103 1 5 0
127 19 6 0
125 110 6 5
146 68 7 3
156 59 7 2
169 39 8 1
164 102 8 5
193 53 9 2
195 140 9 7
212 38 10 1
202 6 10 0
230 82 11 4
226 110 11 5
255 84 12 4
240 8 12 0
277 204 13 10
277 95 13 4
284 208 14 10
290 272 14 13
304 155 15 7
315 183 15 9
5 281 0 14
9 87 0 4
38 105 1 5
23 133 1 6
