swNum = 320
edgeNum = 672

0 0
1 0
2 0
3 0
4 0
5 0
6 0
7 0
8 0
9 0
10 0
11 0
12 0
13 0
14 0
15 0
16 0
17 0
18 0
19 0
20 1
21 1
22 1
23 1
24 1
25 1
26 1
27 1
28 1
29 1
30 1
31 1
32 1
33 1
34 1
35 1
36 1
37 1
38 1
39 1
40 2
41 2
42 2
43 2
44 2
45 2
46 2
47 2
48 2
49 2
50 2
51 2
52 2
53 2
54 2
55 2
56 2
57 2
58 2
59 2
60 3
61 3
62 3
63 3
64 3
65 3
66 3
67 3
68 3
69 3
70 3
71 3
72 3
73 3
74 3
75 3
76 3
77 3
78 3
79 3
80 4
81 4
82 4
83 4
84 4
85 4
86 4
87 4
88 4
89 4
90 4
91 4
92 4
93 4
94 4
95 4
96 4
97 4
98 4
99 4
100 5
101 5
102 5
103 5
104 5
105 5
106 5
107 5
108 5
109 5
110 5
111 5
112 5
113 5
114 5
115 5
116 5
117 5
118 5
119 5
120 6
121 6
122 6
123 6
124 6
125 6
126 6
127 6
128 6
129 6
130 6
131 6
132 6
133 6
134 6
135 6
136 6
137 6
138 6
139 6
140 7
141 7
142 7
143 7
144 7
145 7
146 7
147 7
148 7
149 7
150 7
151 7
152 7
153 7
154 7
155 7
156 7
157 7
158 7
159 7
160 8
161 8
162 8
163 8
164 8
165 8
166 8
167 8
168 8
169 8
170 8
171 8
172 8
173 8
174 8
175 8
176 8
177 8
178 8
179 8
180 9
181 9
182 9
183 9
184 9
185 9
186 9
187 9
188 9
189 9
190 9
191 9
192 9
193 9
194 9
195 9
196 9
197 9
198 9
199 9
200 10
201 10
202 10
203 10
204 10
205 10
206 10
207 10
208 10
209 10
210 10
211 10
212 10
213 10
214 10
215 10
216 10
217 10
218 10
219 10
220 11
221 11
222 11
223 11
224 11
225 11
226 11
227 11
228 11
229 11
230 11
231 11
232 11
233 11
234 11
235 11
236 11
237 11
238 11
239 11
240 12
241 12
242 12
243 12
244 12
245 12
246 12
247 12
248 12
249 12
250 12
251 12
252 12
253 12
254 12
255 12
256 12
257 12
258 12
259 12
260 13
261 13
262 13
263 13
264 13
265 13
266 13
267 13
268 13
269 13
270 13
271 13
272 13
273 13
274 13
275 13
276 13
277 13
278 13
279 13
280 14
281 14
282 14
283 14
284 14
285 14
286 14
287 14
288 14
289 14
290 14
291 14
292 14
293 14
294 14
295 14
296 14
297 14
298 14
299 14
300 15
301 15
302 15
303 15
304 15
305 15
306 15
307 15
308 15
309 15
310 15
311 15
312 15
313 15
314 15
315 15
316 15
317 15
318 15
319 15

2 0 0 0
2 1 0 0
3 0 0 0
3 1 0 0
4 3 0 0
4 0 0 0
5 1 0 0
5 4 0 0
6 0 0 0
6 4 0 0
7 0 0 0
7 2 0 0
8 1 0 0
8 4 0 0
9 0 0 0
9 8 0 0
10 4 0 0
10 5 0 0
11 8 0 0
11 0 0 0
12 11 0 0
12 0 0 0
13 11 0 0
13 4 0 0
14 8 0 0
14 3 0 0
15 10 0 0
15 7 0 0
16 11 0 0
16 7 0 0
17 12 0 0
17 6 0 0
18 13 0 0
18 15 0 0
19 4 0 0
19 18 0 0
0 17 0 0
0 16 0 0
1 10 0 0
1 18 0 0
22 20 1 1
22 21 1 1
23 20 1 1
23 22 1 1
24 23 1 1
24 20 1 1
25 24 1 1
25 20 1 1
26 23 1 1
26 22 1 1
27 25 1 1
27 23 1 1
28 26 1 1
28 27 1 1
29 22 1 1
29 28 1 1
30 23 1 1
30 22 1 1
31 24 1 1
31 25 1 1
32 20 1 1
32 23 1 1
33 20 1 1
33 31 1 1
34 33 1 1
34 30 1 1
35 23 1 1
35 25 1 1
36 35 1 1
36 27 1 1
37 27 1 1
37 26 1 1
38 35 1 1
38 37 1 1
39 33 1 1
39 32 1 1
20 39 1 1
20 35 1 1
21 32 1 1
21 28 1 1
42 41 2 2
42 40 2 2
43 40 2 2
43 41 2 2
44 41 2 2
44 43 2 2
45 41 2 2
45 43 2 2
46 44 2 2
46 40 2 2
47 41 2 2
47 43 2 2
48 47 2 2
48 46 2 2
49 46 2 2
49 43 2 2
50 48 2 2
50 42 2 2
51 47 2 2
51 48 2 2
52 42 2 2
52 40 2 2
53 50 2 2
53 41 2 2
54 43 2 2
54 40 2 2
55 49 2 2
55 45 2 2
56 53 2 2
56 45 2 2
57 41 2 2
57 55 2 2
58 41 2 2
58 40 2 2
59 45 2 2
59 57 2 2
40 45 2 2
40 50 2 2
41 50 2 2
41 46 2 2
62 60 3 3
62 61 3 3
63 62 3 3
63 60 3 3
64 62 3 3
64 60 3 3
65 60 3 3
65 63 3 3
66 64 3 3
66 61 3 3
67 60 3 3
67 63 3 3
68 64 3 3
68 67 3 3
69 65 3 3
69 62 3 3
70 68 3 3
70 61 3 3
71 61 3 3
71 69 3 3
72 64 3 3
72 68 3 3
73 64 3 3
73 67 3 3
74 60 3 3
74 65 3 3
75 64 3 3
75 73 3 3
76 65 3 3
76 75 3 3
77 62 3 3
77 65 3 3
78 64 3 3
78 77 3 3
79 62 3 3
79 74 3 3
60 78 3 3
60 75 3 3
61 79 3 3
61 63 3 3
82 81 4 4
82 80 4 4
83 81 4 4
83 82 4 4
84 82 4 4
84 80 4 4
85 84 4 4
85 80 4 4
86 80 4 4
86 84 4 4
87 81 4 4
87 84 4 4
88 84 4 4
88 87 4 4
89 81 4 4
89 84 4 4
90 89 4 4
90 85 4 4
91 85 4 4
91 84 4 4
92 85 4 4
92 81 4 4
93 84 4 4
93 91 4 4
94 81 4 4
94 92 4 4
95 93 4 4
95 85 4 4
96 92 4 4
96 85 4 4
97 93 4 4
97 82 4 4
98 97 4 4
98 93 4 4
99 80 4 4
99 97 4 4
80 96 4 4
80 97 4 4
81 85 4 4
81 90 4 4
102 100 5 5
102 101 5 5
103 100 5 5
103 102 5 5
104 100 5 5
104 102 5 5
105 102 5 5
105 103 5 5
106 103 5 5
106 100 5 5
107 104 5 5
107 101 5 5
108 104 5 5
108 107 5 5
109 106 5 5
109 103 5 5
110 106 5 5
110 109 5 5
111 105 5 5
111 106 5 5
112 111 5 5
112 102 5 5
113 102 5 5
113 103 5 5
114 101 5 5
114 103 5 5
115 103 5 5
115 104 5 5
116 105 5 5
116 108 5 5
117 107 5 5
117 112 5 5
118 106 5 5
118 111 5 5
119 107 5 5
119 115 5 5
100 113 5 5
100 112 5 5
101 109 5 5
101 108 5 5
122 120 6 6
122 121 6 6
123 122 6 6
123 121 6 6
124 122 6 6
124 120 6 6
125 121 6 6
125 123 6 6
126 124 6 6
126 125 6 6
127 125 6 6
127 121 6 6
128 125 6 6
128 127 6 6
129 126 6 6
129 123 6 6
130 122 6 6
130 127 6 6
131 130 6 6
131 128 6 6
132 120 6 6
132 121 6 6
133 127 6 6
133 120 6 6
134 124 6 6
134 132 6 6
135 130 6 6
135 122 6 6
136 125 6 6
136 123 6 6
137 131 6 6
137 134 6 6
138 131 6 6
138 129 6 6
139 138 6 6
139 135 6 6
120 131 6 6
120 137 6 6
121 135 6 6
121 130 6 6
142 140 7 7
142 141 7 7
143 140 7 7
143 142 7 7
144 143 7 7
144 142 7 7
145 140 7 7
145 142 7 7
146 143 7 7
146 140 7 7
147 146 7 7
147 141 7 7
148 142 7 7
148 147 7 7
149 143 7 7
149 148 7 7
150 146 7 7
150 148 7 7
151 140 7 7
151 146 7 7
152 144 7 7
152 150 7 7
153 149 7 7
153 147 7 7
154 140 7 7
154 150 7 7
155 148 7 7
155 153 7 7
156 150 7 7
156 147 7 7
157 150 7 7
157 146 7 7
158 145 7 7
158 141 7 7
159 147 7 7
159 151 7 7
140 153 7 7
140 152 7 7
141 152 7 7
141 156 7 7
162 161 8 8
162 160 8 8
163 160 8 8
163 161 8 8
164 163 8 8
164 161 8 8
165 162 8 8
165 160 8 8
166 165 8 8
166 160 8 8
167 161 8 8
167 165 8 8
168 167 8 8
168 166 8 8
169 168 8 8
169 166 8 8
170 160 8 8
170 165 8 8
171 167 8 8
171 161 8 8
172 161 8 8
172 171 8 8
173 168 8 8
173 160 8 8
174 170 8 8
174 171 8 8
175 165 8 8
175 160 8 8
176 170 8 8
176 174 8 8
177 164 8 8
177 163 8 8
178 160 8 8
178 164 8 8
179 164 8 8
179 173 8 8
160 168 8 8
160 171 8 8
161 179 8 8
161 174 8 8
182 181 9 9
182 180 9 9
183 182 9 9
183 180 9 9
184 180 9 9
184 182 9 9
185 182 9 9
185 180 9 9
186 180 9 9
186 183 9 9
187 180 9 9
187 185 9 9
188 183 9 9
188 181 9 9
189 182 9 9
189 181 9 9
190 184 9 9
190 183 9 9
191 190 9 9
191 189 9 9
192 186 9 9
192 184 9 9
193 192 9 9
193 180 9 9
194 181 9 9
194 183 9 9
195 193 9 9
195 180 9 9
196 193 9 9
196 184 9 9
197 193 9 9
197 196 9 9
198 189 9 9
198 194 9 9
199 186 9 9
199 184 9 9
180 194 9 9
180 198 9 9
181 191 9 9
181 192 9 9
202 201 10 10
202 200 10 10
203 202 10 10
203 200 10 10
204 201 10 10
204 202 10 10
205 203 10 10
205 202 10 10
206 203 10 10
206 204 10 10
207 202 10 10
207 200 10 10
208 204 10 10
208 207 10 10
209 206 10 10
209 200 10 10
210 205 10 10
210 206 10 10
211 204 10 10
211 200 10 10
212 210 10 10
212 203 10 10
213 200 10 10
213 201 10 10
214 212 10 10
214 210 10 10
215 201 10 10
215 209 10 10
216 202 10 10
216 213 10 10
217 216 10 10
217 215 10 10
218 210 10 10
218 207 10 10
219 215 10 10
219 209 10 10
200 215 10 10
200 214 10 10
201 217 10 10
201 219 10 10
222 220 11 11
222 221 11 11
223 222 11 11
223 220 11 11
224 223 11 11
224 220 11 11
225 220 11 11
225 224 11 11
226 224 11 11
226 221 11 11
227 223 11 11
227 226 11 11
228 221 11 11
228 223 11 11
229 227 11 11
229 226 11 11
230 224 11 11
230 226 11 11
231 223 11 11
231 226 11 11
232 225 11 11
232 226 11 11
233 220 11 11
233 224 11 11
234 224 11 11
234 232 11 11
235 229 11 11
235 234 11 11
236 227 11 11
236 230 11 11
237 236 11 11
237 222 11 11
238 226 11 11
238 228 11 11
239 220 11 11
239 231 11 11
220 236 11 11
220 238 11 11
221 239 11 11
221 234 11 11
242 241 12 12
242 240 12 12
243 240 12 12
243 242 12 12
244 243 12 12
244 241 12 12
245 240 12 12
245 241 12 12
246 241 12 12
246 245 12 12
247 246 12 12
247 245 12 12
248 243 12 12
248 246 12 12
249 244 12 12
249 246 12 12
250 249 12 12
250 244 12 12
251 240 12 12
251 244 12 12
252 244 12 12
252 245 12 12
253 240 12 12
253 241 12 12
254 253 12 12
254 250 12 12
255 248 12 12
255 243 12 12
256 248 12 12
256 252 12 12
257 240 12 12
257 244 12 12
258 252 12 12
258 256 12 12
259 258 12 12
259 252 12 12
240 249 12 12
240 246 12 12
241 250 12 12
241 254 12 12
262 260 13 13
262 261 13 13
263 261 13 13
263 260 13 13
264 262 13 13
264 263 13 13
265 264 13 13
265 262 13 13
266 260 13 13
266 262 13 13
267 260 13 13
267 263 13 13
268 264 13 13
268 265 13 13
269 261 13 13
269 263 13 13
270 267 13 13
270 263 13 13
271 261 13 13
271 265 13 13
272 265 13 13
272 262 13 13
273 269 13 13
273 271 13 13
274 266 13 13
274 268 13 13
275 272 13 13
275 266 13 13
276 263 13 13
276 266 13 13
277 263 13 13
277 262 13 13
278 261 13 13
278 275 13 13
279 270 13 13
279 262 13 13
260 275 13 13
260 277 13 13
261 277 13 13
261 266 13 13
282 281 14 14
282 280 14 14
283 280 14 14
283 282 14 14
284 283 14 14
284 281 14 14
285 283 14 14
285 280 14 14
286 281 14 14
286 283 14 14
287 286 14 14
287 280 14 14
288 283 14 14
288 280 14 14
289 287 14 14
289 288 14 14
290 287 14 14
290 285 14 14
291 283 14 14
291 280 14 14
292 290 14 14
292 286 14 14
293 281 14 14
293 283 14 14
294 283 14 14
294 291 14 14
295 280 14 14
295 283 14 14
296 295 14 14
296 283 14 14
297 293 14 14
297 287 14 14
298 281 14 14
298 283 14 14
299 289 14 14
299 287 14 14
280 293 14 14
280 297 14 14
281 291 14 14
281 295 14 14
302 300 15 15
302 301 15 15
303 300 15 15
303 301 15 15
304 301 15 15
304 303 15 15
305 303 15 15
305 300 15 15
306 304 15 15
306 305 15 15
307 305 15 15
307 306 15 15
308 306 15 15
308 303 15 15
309 307 15 15
309 301 15 15
310 302 15 15
310 309 15 15
311 300 15 15
311 303 15 15
312 309 15 15
312 300 15 15
313 300 15 15
313 312 15 15
314 313 15 15
314 305 15 15
315 314 15 15
315 300 15 15
316 307 15 15
316 303 15 15
317 307 15 15
317 303 15 15
318 306 15 15
318 314 15 15
319 305 15 15
319 304 15 15
300 319 15 15
300 317 15 15
301 308 15 15
301 318 15 15
56 22 2 1
48 14 2 0
77 53 3 2
78 3 3 0
92 33 4 1
86 15 4 0
113 15 5 0
117 75 5 3
137 70 6 3
137 0 6 0
149 62 7 3
149 139 7 6
165 59 8 2
164 2 8 0
194 5 9 0
189 73 9 3
209 124 10 6
200 93 10 4
233 24 11 1
231 3 11 0
259 132 12 6
251 229 12 11
260 39 13 1
276 154 13 7
299 36 14 1
298 54 14 2
308 74 15 3
314 117 15 5
9 267 0 13
9 311 0 15
32 162 1 8
38 207 1 10
