swNum = 320
edgeNum = 672

0 0
1 0
2 0
3 0
4 0
5 0
6 0
7 0
8 0
9 0
10 0
11 0
12 0
13 0
14 0
15 0
16 0
17 0
18 0
19 0
20 1
21 1
22 1
23 1
24 1
25 1
26 1
27 1
28 1
29 1
30 1
31 1
32 1
33 1
34 1
35 1
36 1
37 1
38 1
39 1
40 2
41 2
42 2
43 2
44 2
45 2
46 2
47 2
48 2
49 2
50 2
51 2
52 2
53 2
54 2
55 2
56 2
57 2
58 2
59 2
60 3
61 3
62 3
63 3
64 3
65 3
66 3
67 3
68 3
69 3
70 3
71 3
72 3
73 3
74 3
75 3
76 3
77 3
78 3
79 3
80 4
81 4
82 4
83 4
84 4
85 4
86 4
87 4
88 4
89 4
90 4
91 4
92 4
93 4
94 4
95 4
96 4
97 4
98 4
99 4
100 5
101 5
102 5
103 5
104 5
105 5
106 5
107 5
108 5
109 5
110 5
111 5
112 5
113 5
114 5
115 5
116 5
117 5
118 5
119 5
120 6
121 6
122 6
123 6
124 6
125 6
126 6
127 6
128 6
129 6
130 6
131 6
132 6
133 6
134 6
135 6
136 6
137 6
138 6
139 6
140 7
141 7
142 7
143 7
144 7
145 7
146 7
147 7
148 7
149 7
150 7
151 7
152 7
153 7
154 7
155 7
156 7
157 7
158 7
159 7
160 8
161 8
162 8
163 8
164 8
165 8
166 8
167 8
168 8
169 8
170 8
171 8
172 8
173 8
174 8
175 8
176 8
177 8
178 8
179 8
180 9
181 9
182 9
183 9
184 9
185 9
186 9
187 9
188 9
189 9
190 9
191 9
192 9
193 9
194 9
195 9
196 9
197 9
198 9
199 9
200 10
201 10
202 10
203 10
204 10
205 10
206 10
207 10
208 10
209 10
210 10
211 10
212 10
213 10
214 10
215 10
216 10
217 10
218 10
219 10
220 11
221 11
222 11
223 11
224 11
225 11
226 11
227 11
228 11
229 11
230 11
231 11
232 11
233 11
234 11
235 11
236 11
237 11
238 11
239 11
240 12
241 12
242 12
243 12
244 12
245 12
246 12
247 12
248 12
249 12
250 12
251 12
252 12
253 12
254 12
255 12
256 12
257 12
258 12
259 12
260 13
261 13
262 13
263 13
264 13
265 13
266 13
267 13
268 13
269 13
270 13
271 13
272 13
273 13
274 13
275 13
276 13
277 13
278 13
279 13
280 14
281 14
282 14
283 14
284 14
285 14
286 14
287 14
288 14
289 14
290 14
291 14
292 14
293 14
294 14
295 14
296 14
297 14
298 14
299 14
300 15
301 15
302 15
303 15
304 15
305 15
306 15
307 15
308 15
309 15
310 15
311 15
312 15
313 15
314 15
315 15
316 15
317 15
318 15
319 15

2 1 0 0
2 0 0 0
3 2 0 0
3 1 0 0
4 1 0 0
4 3 0 0
5 2 0 0
5 1 0 0
6 3 0 0
6 5 0 0
7 3 0 0
7 5 0 0
8 6 0 0
8 5 0 0
9 7 0 0
9 8 0 0
10 5 0 0
10 6 0 0
11 7 0 0
11 9 0 0
12 8 0 0
12 5 0 0
13 3 0 0
13 0 0 0
14 6 0 0
14 10 0 0
15 9 0 0
15 3 0 0
16 5 0 0
16 3 0 0
17 13 0 0
17 3 0 0
18 5 0 0
18 9 0 0
19 16 0 0
19 17 0 0
0 19 0 0
0 17 0 0
1 11 0 0
1 14 0 0
22 21 1 1
22 20 1 1
23 22 1 1
23 20 1 1
24 21 1 1
24 22 1 1
25 21 1 1
25 20 1 1
26 22 1 1
26 23 1 1
27 26 1 1
27 20 1 1
28 23 1 1
28 27 1 1
29 25 1 1
29 23 1 1
30 27 1 1
30 22 1 1
31 27 1 1
31 20 1 1
32 23 1 1
32 21 1 1
33 29 1 1
33 27 1 1
34 28 1 1
34 33 1 1
35 20 1 1
35 27 1 1
36 28 1 1
36 30 1 1
37 21 1 1
37 25 1 1
38 34 1 1
38 21 1 1
39 33 1 1
39 22 1 1
20 36 1 1
20 26 1 1
21 29 1 1
21 39 1 1
42 40 2 2
42 41 2 2
43 42 2 2
43 41 2 2
44 43 2 2
44 40 2 2
45 42 2 2
45 40 2 2
46 42 2 2
46 45 2 2
47 43 2 2
47 41 2 2
48 42 2 2
48 43 2 2
49 41 2 2
49 42 2 2
50 46 2 2
50 48 2 2
51 42 2 2
51 40 2 2
52 50 2 2
52 45 2 2
53 47 2 2
53 49 2 2
54 50 2 2
54 47 2 2
55 53 2 2
55 40 2 2
56 47 2 2
56 40 2 2
57 56 2 2
57 47 2 2
58 55 2 2
58 57 2 2
59 48 2 2
59 55 2 2
40 48 2 2
40 49 2 2
41 55 2 2
41 53 2 2
62 60 3 3
62 61 3 3
63 62 3 3
63 61 3 3
64 63 3 3
64 62 3 3
65 60 3 3
65 61 3 3
66 62 3 3
66 64 3 3
67 62 3 3
67 64 3 3
68 67 3 3
68 64 3 3
69 64 3 3
69 60 3 3
70 66 3 3
70 60 3 3
71 61 3 3
71 70 3 3
72 71 3 3
72 65 3 3
73 65 3 3
73 60 3 3
74 71 3 3
74 66 3 3
75 69 3 3
75 61 3 3
76 66 3 3
76 71 3 3
77 70 3 3
77 67 3 3
78 70 3 3
78 77 3 3
79 64 3 3
79 76 3 3
60 74 3 3
60 66 3 3
61 77 3 3
61 79 3 3
82 81 4 4
82 80 4 4
83 80 4 4
83 81 4 4
84 81 4 4
84 82 4 4
85 80 4 4
85 82 4 4
86 81 4 4
86 83 4 4
87 84 4 4
87 86 4 4
88 80 4 4
88 83 4 4
89 86 4 4
89 85 4 4
90 89 4 4
90 86 4 4
91 87 4 4
91 83 4 4
92 85 4 4
92 84 4 4
93 80 4 4
93 86 4 4
94 80 4 4
94 87 4 4
95 87 4 4
95 82 4 4
96 81 4 4
96 88 4 4
97 81 4 4
97 83 4 4
98 95 4 4
98 90 4 4
99 96 4 4
99 93 4 4
80 95 4 4
80 87 4 4
81 95 4 4
81 91 4 4
102 101 5 5
102 100 5 5
103 102 5 5
103 101 5 5
104 100 5 5
104 103 5 5
105 104 5 5
105 101 5 5
106 105 5 5
106 103 5 5
107 103 5 5
107 106 5 5
108 107 5 5
108 102 5 5
109 108 5 5
109 106 5 5
110 103 5 5
110 102 5 5
111 109 5 5
111 105 5 5
112 106 5 5
112 100 5 5
113 112 5 5
113 106 5 5
114 111 5 5
114 109 5 5
115 113 5 5
115 101 5 5
116 112 5 5
116 104 5 5
117 103 5 5
117 112 5 5
118 107 5 5
118 114 5 5
119 101 5 5
119 107 5 5
100 111 5 5
100 107 5 5
101 110 5 5
101 108 5 5
122 121 6 6
122 120 6 6
123 122 6 6
123 120 6 6
124 123 6 6
124 121 6 6
125 120 6 6
125 123 6 6
126 125 6 6
126 124 6 6
127 124 6 6
127 120 6 6
128 123 6 6
128 121 6 6
129 125 6 6
129 120 6 6
130 128 6 6
130 123 6 6
131 121 6 6
131 126 6 6
132 130 6 6
132 129 6 6
133 124 6 6
133 127 6 6
134 127 6 6
134 126 6 6
135 129 6 6
135 120 6 6
136 121 6 6
136 128 6 6
137 125 6 6
137 121 6 6
138 120 6 6
138 134 6 6
139 135 6 6
139 130 6 6
120 137 6 6
120 124 6 6
121 127 6 6
121 130 6 6
142 140 7 7
142 141 7 7
143 141 7 7
143 142 7 7
144 140 7 7
144 143 7 7
145 144 7 7
145 142 7 7
146 145 7 7
146 140 7 7
147 144 7 7
147 146 7 7
148 143 7 7
148 142 7 7
149 145 7 7
149 146 7 7
150 144 7 7
150 142 7 7
151 144 7 7
151 145 7 7
152 147 7 7
152 143 7 7
153 144 7 7
153 150 7 7
154 146 7 7
154 145 7 7
155 142 7 7
155 150 7 7
156 148 7 7
156 150 7 7
157 155 7 7
157 153 7 7
158 147 7 7
158 157 7 7
159 152 7 7
159 145 7 7
140 159 7 7
140 147 7 7
141 149 7 7
141 159 7 7
162 161 8 8
162 160 8 8
163 160 8 8
163 161 8 8
164 163 8 8
164 160 8 8
165 164 8 8
165 160 8 8
166 162 8 8
166 164 8 8
167 166 8 8
167 160 8 8
168 160 8 8
168 165 8 8
169 166 8 8
169 162 8 8
170 166 8 8
170 163 8 8
171 166 8 8
171 163 8 8
172 166 8 8
172 161 8 8
173 167 8 8
173 171 8 8
174 162 8 8
174 171 8 8
175 165 8 8
175 164 8 8
176 168 8 8
176 172 8 8
177 173 8 8
177 168 8 8
178 162 8 8
178 173 8 8
179 160 8 8
179 163 8 8
160 169 8 8
160 166 8 8
161 178 8 8
161 171 8 8
182 180 9 9
182 181 9 9
183 182 9 9
183 180 9 9
184 183 9 9
184 181 9 9
185 184 9 9
185 180 9 9
186 182 9 9
186 183 9 9
187 186 9 9
187 180 9 9
188 186 9 9
188 184 9 9
189 182 9 9
189 186 9 9
190 183 9 9
190 182 9 9
191 183 9 9
191 180 9 9
192 181 9 9
192 191 9 9
193 192 9 9
193 181 9 9
194 180 9 9
194 182 9 9
195 192 9 9
195 181 9 9
196 183 9 9
196 191 9 9
197 180 9 9
197 186 9 9
198 184 9 9
198 188 9 9
199 180 9 9
199 191 9 9
180 196 9 9
180 190 9 9
181 188 9 9
181 199 9 9
202 200 10 10
202 201 10 10
203 202 10 10
203 201 10 10
204 202 10 10
204 200 10 10
205 203 10 10
205 204 10 10
206 201 10 10
206 205 10 10
207 203 10 10
207 202 10 10
208 204 10 10
208 206 10 10
209 205 10 10
209 206 10 10
210 202 10 10
210 206 10 10
211 200 10 10
211 207 10 10
212 206 10 10
212 211 10 10
213 208 10 10
213 212 10 10
214 211 10 10
214 207 10 10
215 203 10 10
215 207 10 10
216 202 10 10
216 214 10 10
217 201 10 10
217 203 10 10
218 214 10 10
218 206 10 10
219 208 10 10
219 212 10 10
200 218 10 10
200 206 10 10
201 216 10 10
201 209 10 10
222 220 11 11
222 221 11 11
223 220 11 11
223 222 11 11
224 223 11 11
224 221 11 11
225 224 11 11
225 221 11 11
226 225 11 11
226 222 11 11
227 222 11 11
227 225 11 11
228 225 11 11
228 220 11 11
229 222 11 11
229 225 11 11
230 223 11 11
230 229 11 11
231 229 11 11
231 222 11 11
232 231 11 11
232 230 11 11
233 225 11 11
233 221 11 11
234 227 11 11
234 223 11 11
235 227 11 11
235 232 11 11
236 222 11 11
236 233 11 11
237 233 11 11
237 231 11 11
238 223 11 11
238 236 11 11
239 220 11 11
239 224 11 11
220 237 11 11
220 238 11 11
221 228 11 11
221 229 11 11
242 241 12 12
242 240 12 12
243 242 12 12
243 240 12 12
244 243 12 12
244 242 12 12
245 243 12 12
245 240 12 12
246 244 12 12
246 240 12 12
247 246 12 12
247 245 12 12
248 247 12 12
248 242 12 12
249 247 12 12
249 240 12 12
250 244 12 12
250 246 12 12
251 242 12 12
251 248 12 12
252 244 12 12
252 241 12 12
253 241 12 12
253 251 12 12
254 242 12 12
254 251 12 12
255 252 12 12
255 244 12 12
256 244 12 12
256 254 12 12
257 244 12 12
257 251 12 12
258 240 12 12
258 246 12 12
259 240 12 12
259 249 12 12
240 247 12 12
240 256 12 12
241 251 12 12
241 254 12 12
262 261 13 13
262 260 13 13
263 262 13 13
263 261 13 13
264 263 13 13
264 260 13 13
265 261 13 13
265 260 13 13
266 260 13 13
266 262 13 13
267 262 13 13
267 265 13 13
268 266 13 13
268 267 13 13
269 265 13 13
269 263 13 13
270 265 13 13
270 268 13 13
271 265 13 13
271 263 13 13
272 263 13 13
272 270 13 13
273 262 13 13
273 267 13 13
274 270 13 13
274 266 13 13
275 262 13 13
275 264 13 13
276 275 13 13
276 274 13 13
277 270 13 13
277 272 13 13
278 263 13 13
278 277 13 13
279 267 13 13
279 263 13 13
260 274 13 13
260 269 13 13
261 278 13 13
261 279 13 13
282 280 14 14
282 281 14 14
283 280 14 14
283 281 14 14
284 281 14 14
284 280 14 14
285 280 14 14
285 283 14 14
286 285 14 14
286 282 14 14
287 284 14 14
287 285 14 14
288 284 14 14
288 282 14 14
289 282 14 14
289 288 14 14
290 281 14 14
290 286 14 14
291 283 14 14
291 280 14 14
292 285 14 14
292 287 14 14
293 281 14 14
293 287 14 14
294 293 14 14
294 281 14 14
295 293 14 14
295 289 14 14
296 291 14 14
296 286 14 14
297 291 14 14
297 288 14 14
298 281 14 14
298 291 14 14
299 281 14 14
299 293 14 14
280 292 14 14
280 287 14 14
281 292 14 14
281 289 14 14
302 301 15 15
302 300 15 15
303 300 15 15
303 301 15 15
304 302 15 15
304 303 15 15
305 301 15 15
305 300 15 15
306 300 15 15
306 305 15 15
307 303 15 15
307 304 15 15
308 305 15 15
308 300 15 15
309 301 15 15
309 308 15 15
310 306 15 15
310 307 15 15
311 303 15 15
311 302 15 15
312 306 15 15
312 301 15 15
313 311 15 15
313 310 15 15
314 304 15 15
314 307 15 15
315 314 15 15
315 304 15 15
316 304 15 15
316 306 15 15
317 303 15 15
317 305 15 15
318 305 15 15
318 315 15 15
319 309 15 15
319 301 15 15
300 317 15 15
300 319 15 15
301 317 15 15
301 304 15 15
59 39 2 1
40 13 2 0
76 31 3 1
75 3 3 0
81 52 4 2
93 70 4 3
119 65 5 3
103 2 5 0
134 62 6 3
120 27 6 1
142 75 7 3
148 24 7 1
172 61 8 3
172 93 8 4
182 112 9 5
197 3 9 0
201 37 10 1
215 160 10 8
238 95 11 4
224 34 11 1
245 73 12 3
256 147 12 7
270 163 13 8
278 254 13 12
286 121 14 6
295 62 14 3
303 1 15 0
309 27 15 1
17 245 0 12
10 232 0 11
23 113 1 5
33 92 1 4
