swNum = 320
edgeNum = 672

0 0
1 0
2 0
3 0
4 0
5 0
6 0
7 0
8 0
9 0
10 0
11 0
12 0
13 0
14 0
15 0
16 0
17 0
18 0
19 0
20 1
21 1
22 1
23 1
24 1
25 1
26 1
27 1
28 1
29 1
30 1
31 1
32 1
33 1
34 1
35 1
36 1
37 1
38 1
39 1
40 2
41 2
42 2
43 2
44 2
45 2
46 2
47 2
48 2
49 2
50 2
51 2
52 2
53 2
54 2
55 2
56 2
57 2
58 2
59 2
60 3
61 3
62 3
63 3
64 3
65 3
66 3
67 3
68 3
69 3
70 3
71 3
72 3
73 3
74 3
75 3
76 3
77 3
78 3
79 3
80 4
81 4
82 4
83 4
84 4
85 4
86 4
87 4
88 4
89 4
90 4
91 4
92 4
93 4
94 4
95 4
96 4
97 4
98 4
99 4
100 5
101 5
102 5
103 5
104 5
105 5
106 5
107 5
108 5
109 5
110 5
111 5
112 5
113 5
114 5
115 5
116 5
117 5
118 5
119 5
120 6
121 6
122 6
123 6
124 6
125 6
126 6
127 6
128 6
129 6
130 6
131 6
132 6
133 6
134 6
135 6
136 6
137 6
138 6
139 6
140 7
141 7
142 7
143 7
144 7
145 7
146 7
147 7
148 7
149 7
150 7
151 7
152 7
153 7
154 7
155 7
156 7
157 7
158 7
159 7
160 8
161 8
162 8
163 8
164 8
165 8
166 8
167 8
168 8
169 8
170 8
171 8
172 8
173 8
174 8
175 8
176 8
177 8
178 8
179 8
180 9
181 9
182 9
183 9
184 9
185 9
186 9
187 9
188 9
189 9
190 9
191 9
192 9
193 9
194 9
195 9
196 9
197 9
198 9
199 9
200 10
201 10
202 10
203 10
204 10
205 10
206 10
207 10
208 10
209 10
210 10
211 10
212 10
213 10
214 10
215 10
216 10
217 10
218 10
219 10
220 11
221 11
222 11
223 11
224 11
225 11
226 11
227 11
228 11
229 11
230 11
231 11
232 11
233 11
234 11
235 11
236 11
237 11
238 11
239 11
240 12
241 12
242 12
243 12
244 12
245 12
246 12
247 12
248 12
249 12
250 12
251 12
252 12
253 12
254 12
255 12
256 12
257 12
258 12
259 12
260 13
261 13
262 13
263 13
264 13
265 13
266 13
267 13
268 13
269 13
270 13
271 13
272 13
273 13
274 13
275 13
276 13
277 13
278 13
279 13
280 14
281 14
282 14
283 14
284 14
285 14
286 14
287 14
288 14
289 14
290 14
291 14
292 14
293 14
294 14
295 14
296 14
297 14
298 14
299 14
300 15
301 15
302 15
303 15
304 15
305 15
306 15
307 15
308 15
309 15
310 15
311 15
312 15
313 15
314 15
315 15
316 15
317 15
318 15
319 15

2 0 0 0
2 1 0 0
3 1 0 0
3 0 0 0
4 0 0 0
4 3 0 0
5 4 0 0
5 3 0 0
6 1 0 0
6 5 0 0
7 6 0 0
7 0 0 0
8 4 0 0
8 1 0 0
9 7 0 0
9 4 0 0
10 9 0 0
10 7 0 0
11 10 0 0
11 7 0 0
12 7 0 0
12 1 0 0
13 4 0 0
13 2 0 0
14 2 0 0
14 0 0 0
15 13 0 0
15 3 0 0
16 1 0 0
16 13 0 0
17 7 0 0
17 8 0 0
18 12 0 0
18 2 0 0
19 14 0 0
19 2 0 0
0 17 0 0
0 19 0 0
1 9 0 0
1 4 0 0
22 21 1 1
22 20 1 1
23 21 1 1
23 22 1 1
24 22 1 1
24 23 1 1
25 23 1 1
25 24 1 1
26 24 1 1
26 22 1 1
27 23 1 1
27 22 1 1
28 21 1 1
28 23 1 1
29 26 1 1
29 24 1 1
30 29 1 1
30 27 1 1
31 23 1 1
31 25 1 1
32 27 1 1
32 29 1 1
33 26 1 1
33 23 1 1
34 28 1 1
34 23 1 1
35 24 1 1
35 34 1 1
36 22 1 1
36 21 1 1
37 34 1 1
37 20 1 1
38 33 1 1
38 23 1 1
39 20 1 1
39 37 1 1
20 23 1 1
20 29 1 1
21 33 1 1
21 31 1 1
42 40 2 2
42 41 2 2
43 40 2 2
43 42 2 2
44 40 2 2
44 42 2 2
45 42 2 2
45 41 2 2
46 40 2 2
46 45 2 2
47 46 2 2
47 42 2 2
48 46 2 2
48 44 2 2
49 42 2 2
49 47 2 2
50 43 2 2
50 46 2 2
51 45 2 2
51 41 2 2
52 40 2 2
52 45 2 2
53 44 2 2
53 49 2 2
54 43 2 2
54 48 2 2
55 54 2 2
55 43 2 2
56 44 2 2
56 49 2 2
57 47 2 2
57 53 2 2
58 52 2 2
58 42 2 2
59 52 2 2
59 46 2 2
40 47 2 2
40 54 2 2
41 52 2 2
41 49 2 2
62 61 3 3
62 60 3 3
63 60 3 3
63 62 3 3
64 60 3 3
64 62 3 3
65 64 3 3
65 62 3 3
66 65 3 3
66 64 3 3
67 64 3 3
67 66 3 3
68 64 3 3
68 63 3 3
69 65 3 3
69 60 3 3
70 64 3 3
70 67 3 3
71 61 3 3
71 65 3 3
72 68 3 3
72 60 3 3
73 70 3 3
73 62 3 3
74 73 3 3
74 61 3 3
75 71 3 3
75 65 3 3
76 69 3 3
76 75 3 3
77 64 3 3
77 75 3 3
78 76 3 3
78 77 3 3
79 70 3 3
79 77 3 3
60 77 3 3
60 70 3 3
61 65 3 3
61 69 3 3
82 81 4 4
82 80 4 4
83 82 4 4
83 81 4 4
84 81 4 4
84 82 4 4
85 80 4 4
85 82 4 4
86 82 4 4
86 80 4 4
87 83 4 4
87 84 4 4
88 82 4 4
88 83 4 4
89 85 4 4
89 86 4 4
90 87 4 4
90 85 4 4
91 85 4 4
91 86 4 4
92 82 4 4
92 88 4 4
93 81 4 4
93 85 4 4
94 88 4 4
94 80 4 4
95 92 4 4
95 87 4 4
96 95 4 4
96 91 4 4
97 87 4 4
97 96 4 4
98 83 4 4
98 95 4 4
99 87 4 4
99 90 4 4
80 96 4 4
80 90 4 4
81 98 4 4
81 86 4 4
102 100 5 5
102 101 5 5
103 101 5 5
103 100 5 5
104 101 5 5
104 103 5 5
105 100 5 5
105 102 5 5
106 103 5 5
106 101 5 5
107 100 5 5
107 103 5 5
108 104 5 5
108 106 5 5
109 108 5 5
109 101 5 5
110 106 5 5
110 105 5 5
111 100 5 5
111 108 5 5
112 102 5 5
112 101 5 5
113 108 5 5
113 107 5 5
114 102 5 5
114 111 5 5
115 103 5 5
115 106 5 5
116 102 5 5
116 101 5 5
117 103 5 5
117 105 5 5
118 105 5 5
118 117 5 5
119 100 5 5
119 111 5 5
100 106 5 5
100 115 5 5
101 113 5 5
101 110 5 5
122 120 6 6
122 121 6 6
123 121 6 6
123 120 6 6
124 121 6 6
124 122 6 6
125 120 6 6
125 124 6 6
126 123 6 6
126 124 6 6
127 122 6 6
127 120 6 6
128 125 6 6
128 124 6 6
129 126 6 6
129 128 6 6
130 123 6 6
130 122 6 6
131 127 6 6
131 125 6 6
132 127 6 6
132 129 6 6
133 127 6 6
133 131 6 6
134 126 6 6
134 128 6 6
135 124 6 6
135 129 6 6
136 124 6 6
136 125 6 6
137 134 6 6
137 123 6 6
138 128 6 6
138 126 6 6
139 133 6 6
139 120 6 6
120 129 6 6
120 130 6 6
121 126 6 6
121 135 6 6
142 140 7 7
142 141 7 7
143 140 7 7
143 142 7 7
144 141 7 7
144 142 7 7
145 141 7 7
145 143 7 7
146 140 7 7
146 142 7 7
147 140 7 7
147 146 7 7
148 147 7 7
148 143 7 7
149 140 7 7
149 146 7 7
150 145 7 7
150 142 7 7
151 140 7 7
151 146 7 7
152 142 7 7
152 141 7 7
153 149 7 7
153 151 7 7
154 152 7 7
154 149 7 7
155 150 7 7
155 141 7 7
156 145 7 7
156 151 7 7
157 145 7 7
157 156 7 7
158 152 7 7
158 143 7 7
159 158 7 7
159 157 7 7
140 156 7 7
140 153 7 7
141 156 7 7
141 158 7 7
162 161 8 8
162 160 8 8
163 160 8 8
163 162 8 8
164 163 8 8
164 160 8 8
165 161 8 8
165 163 8 8
166 164 8 8
166 162 8 8
167 161 8 8
167 162 8 8
168 166 8 8
168 160 8 8
169 167 8 8
169 164 8 8
170 168 8 8
170 160 8 8
171 165 8 8
171 170 8 8
172 171 8 8
172 163 8 8
173 170 8 8
173 172 8 8
174 162 8 8
174 165 8 8
175 164 8 8
175 167 8 8
176 165 8 8
176 163 8 8
177 171 8 8
177 174 8 8
178 172 8 8
178 170 8 8
179 177 8 8
179 174 8 8
160 165 8 8
160 175 8 8
161 172 8 8
161 168 8 8
182 181 9 9
182 180 9 9
183 182 9 9
183 181 9 9
184 181 9 9
184 182 9 9
185 181 9 9
185 180 9 9
186 180 9 9
186 185 9 9
187 185 9 9
187 184 9 9
188 180 9 9
188 184 9 9
189 187 9 9
189 185 9 9
190 181 9 9
190 186 9 9
191 182 9 9
191 181 9 9
192 182 9 9
192 180 9 9
193 183 9 9
193 180 9 9
194 187 9 9
194 191 9 9
195 183 9 9
195 193 9 9
196 182 9 9
196 183 9 9
197 182 9 9
197 180 9 9
198 180 9 9
198 185 9 9
199 192 9 9
199 186 9 9
180 195 9 9
180 183 9 9
181 199 9 9
181 195 9 9
202 200 10 10
202 201 10 10
203 200 10 10
203 202 10 10
204 201 10 10
204 203 10 10
205 201 10 10
205 203 10 10
206 202 10 10
206 200 10 10
207 203 10 10
207 201 10 10
208 205 10 10
208 204 10 10
209 208 10 10
209 204 10 10
210 207 10 10
210 205 10 10
211 210 10 10
211 208 10 10
212 211 10 10
212 207 10 10
213 201 10 10
213 207 10 10
214 205 10 10
214 208 10 10
215 209 10 10
215 202 10 10
216 213 10 10
216 207 10 10
217 211 10 10
217 215 10 10
218 216 10 10
218 210 10 10
219 209 10 10
219 212 10 10
200 212 10 10
200 217 10 10
201 214 10 10
201 216 10 10
222 221 11 11
222 220 11 11
223 220 11 11
223 221 11 11
224 221 11 11
224 222 11 11
225 222 11 11
225 221 11 11
226 223 11 11
226 225 11 11
227 222 11 11
227 224 11 11
228 220 11 11
228 224 11 11
229 225 11 11
229 228 11 11
230 223 11 11
230 229 11 11
231 225 11 11
231 224 11 11
232 231 11 11
232 229 11 11
233 221 11 11
233 226 11 11
234 228 11 11
234 231 11 11
235 221 11 11
235 234 11 11
236 224 11 11
236 231 11 11
237 224 11 11
237 226 11 11
238 228 11 11
238 222 11 11
239 232 11 11
239 223 11 11
220 227 11 11
220 230 11 11
221 234 11 11
221 238 11 11
242 240 12 12
242 241 12 12
243 240 12 12
243 241 12 12
244 242 12 12
244 240 12 12
245 243 12 12
245 242 12 12
246 243 12 12
246 241 12 12
247 245 12 12
247 241 12 12
248 244 12 12
248 240 12 12
249 243 12 12
249 244 12 12
250 248 12 12
250 249 12 12
251 247 12 12
251 249 12 12
252 250 12 12
252 243 12 12
253 250 12 12
253 246 12 12
254 240 12 12
254 241 12 12
255 242 12 12
255 240 12 12
256 247 12 12
256 243 12 12
257 240 12 12
257 250 12 12
258 248 12 12
258 249 12 12
259 244 12 12
259 257 12 12
240 245 12 12
240 253 12 12
241 255 12 12
241 252 12 12
262 261 13 13
262 260 13 13
263 262 13 13
263 260 13 13
264 260 13 13
264 261 13 13
265 260 13 13
265 261 13 13
266 264 13 13
266 265 13 13
267 261 13 13
267 264 13 13
268 262 13 13
268 261 13 13
269 267 13 13
269 266 13 13
270 263 13 13
270 269 13 13
271 261 13 13
271 268 13 13
272 268 13 13
272 269 13 13
273 265 13 13
273 261 13 13
274 262 13 13
274 261 13 13
275 261 13 13
275 274 13 13
276 261 13 13
276 274 13 13
277 265 13 13
277 269 13 13
278 260 13 13
278 266 13 13
279 262 13 13
279 260 13 13
260 267 13 13
260 270 13 13
261 277 13 13
261 278 13 13
282 280 14 14
282 281 14 14
283 282 14 14
283 280 14 14
284 283 14 14
284 280 14 14
285 283 14 14
285 282 14 14
286 283 14 14
286 282 14 14
287 285 14 14
287 286 14 14
288 281 14 14
288 280 14 14
289 280 14 14
289 284 14 14
290 281 14 14
290 287 14 14
291 290 14 14
291 281 14 14
292 291 14 14
292 285 14 14
293 289 14 14
293 287 14 14
294 286 14 14
294 280 14 14
295 284 14 14
295 285 14 14
296 283 14 14
296 282 14 14
297 290 14 14
297 282 14 14
298 295 14 14
298 293 14 14
299 298 14 14
299 292 14 14
280 292 14 14
280 285 14 14
281 294 14 14
281 287 14 14
302 300 15 15
302 301 15 15
303 302 15 15
303 301 15 15
304 303 15 15
304 301 15 15
305 300 15 15
305 303 15 15
306 301 15 15
306 304 15 15
307 302 15 15
307 300 15 15
308 306 15 15
308 300 15 15
309 303 15 15
309 301 15 15
310 300 15 15
310 305 15 15
311 308 15 15
311 302 15 15
312 309 15 15
312 301 15 15
313 309 15 15
313 303 15 15
314 302 15 15
314 309 15 15
315 304 15 15
315 309 15 15
316 310 15 15
316 301 15 15
317 300 15 15
317 302 15 15
318 305 15 15
318 310 15 15
319 316 15 15
319 312 15 15
300 316 15 15
300 312 15 15
301 318 15 15
301 314 15 15
52 14 2 0
59 30 2 1
72 30 3 1
74 40 3 2
87 53 4 2
86 21 4 1
118 90 5 4
102 31 5 1
120 54 6 2
133 65 6 3
153 60 7 3
145 131 7 6
174 117 8 5
162 64 8 3
186 7 9 0
185 39 9 1
203 83 10 4
208 153 10 7
231 209 11 10
233 126 11 6
259 56 12 2
249 65 12 3
265 153 13 7
277 216 13 10
293 17 14 0
291 129 14 6
309 61 15 3
314 274 15 13
1 167 0 8
9 136 0 6
23 201 1 10
36 316 1 15
