swNum = 320
edgeNum = 672

0 0
1 0
2 0
3 0
4 0
5 0
6 0
7 0
8 0
9 0
10 0
11 0
12 0
13 0
14 0
15 0
16 0
17 0
18 0
19 0
20 1
21 1
22 1
23 1
24 1
25 1
26 1
27 1
28 1
29 1
30 1
31 1
32 1
33 1
34 1
35 1
36 1
37 1
38 1
39 1
40 2
41 2
42 2
43 2
44 2
45 2
46 2
47 2
48 2
49 2
50 2
51 2
52 2
53 2
54 2
55 2
56 2
57 2
58 2
59 2
60 3
61 3
62 3
63 3
64 3
65 3
66 3
67 3
68 3
69 3
70 3
71 3
72 3
73 3
74 3
75 3
76 3
77 3
78 3
79 3
80 4
81 4
82 4
83 4
84 4
85 4
86 4
87 4
88 4
89 4
90 4
91 4
92 4
93 4
94 4
95 4
96 4
97 4
98 4
99 4
100 5
101 5
102 5
103 5
104 5
105 5
106 5
107 5
108 5
109 5
110 5
111 5
112 5
113 5
114 5
115 5
116 5
117 5
118 5
119 5
120 6
121 6
122 6
123 6
124 6
125 6
126 6
127 6
128 6
129 6
130 6
131 6
132 6
133 6
134 6
135 6
136 6
137 6
138 6
139 6
140 7
141 7
142 7
143 7
144 7
145 7
146 7
147 7
148 7
149 7
150 7
151 7
152 7
153 7
154 7
155 7
156 7
157 7
158 7
159 7
160 8
161 8
162 8
163 8
164 8
165 8
166 8
167 8
168 8
169 8
170 8
171 8
172 8
173 8
174 8
175 8
176 8
177 8
178 8
179 8
180 9
181 9
182 9
183 9
184 9
185 9
186 9
187 9
188 9
189 9
190 9
191 9
192 9
193 9
194 9
195 9
196 9
197 9
198 9
199 9
200 10
201 10
202 10
203 10
204 10
205 10
206 10
207 10
208 10
209 10
210 10
211 10
212 10
213 10
214 10
215 10
216 10
217 10
218 10
219 10
220 11
221 11
222 11
223 11
224 11
225 11
226 11
227 11
228 11
229 11
230 11
231 11
232 11
233 11
234 11
235 11
236 11
237 11
238 11
239 11
240 12
241 12
242 12
243 12
244 12
245 12
246 12
247 12
248 12
249 12
250 12
251 12
252 12
253 12
254 12
255 12
256 12
257 12
258 12
259 12
260 13
261 13
262 13
263 13
264 13
265 13
266 13
267 13
268 13
269 13
270 13
271 13
272 13
273 13
274 13
275 13
276 13
277 13
278 13
279 13
280 14
281 14
282 14
283 14
284 14
285 14
286 14
287 14
288 14
289 14
290 14
291 14
292 14
293 14
294 14
295 14
296 14
297 14
298 14
299 14
300 15
301 15
302 15
303 15
304 15
305 15
306 15
307 15
308 15
309 15
310 15
311 15
312 15
313 15
314 15
315 15
316 15
317 15
318 15
319 15

2 0 0 0
2 1 0 0
3 0 0 0
3 1 0 0
4 3 0 0
4 2 0 0
5 2 0 0
5 4 0 0
6 1 0 0
6 3 0 0
7 2 0 0
7 1 0 0
8 0 0 0
8 7 0 0
9 2 0 0
9 6 0 0
10 2 0 0
10 9 0 0
11 7 0 0
11 9 0 0
12 7 0 0
12 2 0 0
13 11 0 0
13 3 0 0
14 12 0 0
14 13 0 0
15 2 0 0
15 10 0 0
16 15 0 0
16 8 0 0
17 6 0 0
17 14 0 0
18 0 0 0
18 6 0 0
19 4 0 0
19 3 0 0
0 5 0 0
0 19 0 0
1 8 0 0
1 13 0 0
22 20 1 1
22 21 1 1
23 21 1 1
23 22 1 1
24 20 1 1
24 22 1 1
25 24 1 1
25 23 1 1
26 22 1 1
26 21 1 1
27 25 1 1
27 20 1 1
28 23 1 1
28 20 1 1
29 21 1 1
29 25 1 1
30 22 1 1
30 27 1 1
31 24 1 1
31 20 1 1
32 28 1 1
32 30 1 1
33 31 1 1
33 32 1 1
34 22 1 1
34 31 1 1
35 31 1 1
35 24 1 1
36 31 1 1
36 28 1 1
37 33 1 1
37 34 1 1
38 29 1 1
38 32 1 1
39 28 1 1
39 27 1 1
20 23 1 1
20 36 1 1
21 33 1 1
21 38 1 1
42 40 2 2
42 41 2 2
43 42 2 2
43 40 2 2
44 40 2 2
44 41 2 2
45 43 2 2
45 40 2 2
46 40 2 2
46 41 2 2
47 42 2 2
47 40 2 2
48 46 2 2
48 41 2 2
49 43 2 2
49 45 2 2
50 48 2 2
50 40 2 2
51 46 2 2
51 47 2 2
52 45 2 2
52 41 2 2
53 48 2 2
53 40 2 2
54 48 2 2
54 50 2 2
55 42 2 2
55 52 2 2
56 40 2 2
56 51 2 2
57 56 2 2
57 48 2 2
58 48 2 2
58 46 2 2
59 47 2 2
59 44 2 2
40 54 2 2
40 57 2 2
41 51 2 2
41 56 2 2
62 61 3 3
62 60 3 3
63 62 3 3
63 60 3 3
64 61 3 3
64 62 3 3
65 64 3 3
65 61 3 3
66 64 3 3
66 62 3 3
67 61 3 3
67 65 3 3
68 66 3 3
68 64 3 3
69 62 3 3
69 60 3 3
70 63 3 3
70 68 3 3
71 63 3 3
71 70 3 3
72 67 3 3
72 65 3 3
73 68 3 3
73 62 3 3
74 64 3 3
74 66 3 3
75 64 3 3
75 72 3 3
76 74 3 3
76 64 3 3
77 60 3 3
77 69 3 3
78 75 3 3
78 60 3 3
79 75 3 3
79 66 3 3
60 75 3 3
60 71 3 3
61 76 3 3
61 69 3 3
82 80 4 4
82 81 4 4
83 80 4 4
83 81 4 4
84 83 4 4
84 81 4 4
85 82 4 4
85 80 4 4
86 81 4 4
86 80 4 4
87 86 4 4
87 81 4 4
88 80 4 4
88 83 4 4
89 86 4 4
89 80 4 4
90 85 4 4
90 82 4 4
91 81 4 4
91 80 4 4
92 83 4 4
92 87 4 4
93 82 4 4
93 81 4 4
94 88 4 4
94 80 4 4
95 90 4 4
95 89 4 4
96 85 4 4
96 89 4 4
97 86 4 4
97 83 4 4
98 91 4 4
98 85 4 4
99 81 4 4
99 84 4 4
80 87 4 4
80 84 4 4
81 90 4 4
81 85 4 4
102 101 5 5
102 100 5 5
103 100 5 5
103 102 5 5
104 100 5 5
104 103 5 5
105 100 5 5
105 101 5 5
106 103 5 5
106 104 5 5
107 106 5 5
107 104 5 5
108 105 5 5
108 103 5 5
109 100 5 5
109 101 5 5
110 108 5 5
110 101 5 5
111 104 5 5
111 108 5 5
112 107 5 5
112 103 5 5
113 112 5 5
113 106 5 5
114 113 5 5
114 105 5 5
115 109 5 5
115 102 5 5
116 113 5 5
116 103 5 5
117 114 5 5
117 108 5 5
118 106 5 5
118 117 5 5
119 106 5 5
119 111 5 5
100 106 5 5
100 107 5 5
101 112 5 5
101 107 5 5
122 120 6 6
122 121 6 6
123 120 6 6
123 121 6 6
124 121 6 6
124 123 6 6
125 123 6 6
125 120 6 6
126 122 6 6
126 125 6 6
127 120 6 6
127 123 6 6
128 125 6 6
128 122 6 6
129 125 6 6
129 122 6 6
130 125 6 6
130 127 6 6
131 121 6 6
131 130 6 6
132 124 6 6
132 125 6 6
133 122 6 6
133 121 6 6
134 120 6 6
134 133 6 6
135 122 6 6
135 130 6 6
136 122 6 6
136 134 6 6
137 120 6 6
137 136 6 6
138 124 6 6
138 120 6 6
139 123 6 6
139 128 6 6
120 135 6 6
120 130 6 6
121 128 6 6
121 125 6 6
142 140 7 7
142 141 7 7
143 141 7 7
143 142 7 7
144 140 7 7
144 143 7 7
145 141 7 7
145 142 7 7
146 144 7 7
146 145 7 7
147 141 7 7
147 140 7 7
148 141 7 7
148 145 7 7
149 145 7 7
149 147 7 7
150 143 7 7
150 140 7 7
151 144 7 7
151 141 7 7
152 144 7 7
152 140 7 7
153 145 7 7
153 152 7 7
154 142 7 7
154 143 7 7
155 146 7 7
155 154 7 7
156 152 7 7
156 149 7 7
157 141 7 7
157 149 7 7
158 143 7 7
158 146 7 7
159 149 7 7
159 154 7 7
140 158 7 7
140 146 7 7
141 156 7 7
141 149 7 7
162 161 8 8
162 160 8 8
163 161 8 8
163 162 8 8
164 162 8 8
164 161 8 8
165 163 8 8
165 162 8 8
166 165 8 8
166 164 8 8
167 161 8 8
167 166 8 8
168 167 8 8
168 163 8 8
169 166 8 8
169 167 8 8
170 169 8 8
170 168 8 8
171 163 8 8
171 168 8 8
172 163 8 8
172 167 8 8
173 170 8 8
173 163 8 8
174 165 8 8
174 173 8 8
175 173 8 8
175 165 8 8
176 164 8 8
176 163 8 8
177 171 8 8
177 162 8 8
178 163 8 8
178 165 8 8
179 177 8 8
179 175 8 8
160 170 8 8
160 166 8 8
161 166 8 8
161 173 8 8
182 180 9 9
182 181 9 9
183 180 9 9
183 182 9 9
184 180 9 9
184 183 9 9
185 183 9 9
185 181 9 9
186 180 9 9
186 184 9 9
187 184 9 9
187 180 9 9
188 186 9 9
188 187 9 9
189 188 9 9
189 185 9 9
190 182 9 9
190 185 9 9
191 183 9 9
191 190 9 9
192 180 9 9
192 185 9 9
193 185 9 9
193 189 9 9
194 187 9 9
194 186 9 9
195 186 9 9
195 190 9 9
196 187 9 9
196 185 9 9
197 195 9 9
197 181 9 9
198 185 9 9
198 189 9 9
199 191 9 9
199 189 9 9
180 191 9 9
180 194 9 9
181 195 9 9
181 194 9 9
202 200 10 10
202 201 10 10
203 202 10 10
203 200 10 10
204 203 10 10
204 202 10 10
205 204 10 10
205 202 10 10
206 204 10 10
206 205 10 10
207 200 10 10
207 204 10 10
208 206 10 10
208 201 10 10
209 208 10 10
209 205 10 10
210 204 10 10
210 207 10 10
211 208 10 10
211 200 10 10
212 205 10 10
212 203 10 10
213 202 10 10
213 208 10 10
214 202 10 10
214 212 10 10
215 214 10 10
215 204 10 10
216 212 10 10
216 204 10 10
217 208 10 10
217 214 10 10
218 209 10 10
218 208 10 10
219 202 10 10
219 218 10 10
200 218 10 10
200 215 10 10
201 218 10 10
201 217 10 10
222 220 11 11
222 221 11 11
223 220 11 11
223 222 11 11
224 221 11 11
224 220 11 11
225 224 11 11
225 222 11 11
226 225 11 11
226 222 11 11
227 224 11 11
227 220 11 11
228 224 11 11
228 227 11 11
229 228 11 11
229 223 11 11
230 223 11 11
230 226 11 11
231 222 11 11
231 226 11 11
232 231 11 11
232 222 11 11
233 229 11 11
233 223 11 11
234 221 11 11
234 232 11 11
235 234 11 11
235 224 11 11
236 232 11 11
236 234 11 11
237 223 11 11
237 229 11 11
238 234 11 11
238 232 11 11
239 236 11 11
239 235 11 11
220 228 11 11
220 230 11 11
221 229 11 11
221 228 11 11
242 240 12 12
242 241 12 12
243 240 12 12
243 241 12 12
244 242 12 12
244 241 12 12
245 241 12 12
245 243 12 12
246 245 12 12
246 241 12 12
247 241 12 12
247 246 12 12
248 243 12 12
248 240 12 12
249 243 12 12
249 240 12 12
250 242 12 12
250 241 12 12
251 240 12 12
251 244 12 12
252 251 12 12
252 243 12 12
253 245 12 12
253 242 12 12
254 250 12 12
254 249 12 12
255 243 12 12
255 240 12 12
256 244 12 12
256 243 12 12
257 251 12 12
257 252 12 12
258 251 12 12
258 254 12 12
259 242 12 12
259 251 12 12
240 252 12 12
240 259 12 12
241 256 12 12
241 249 12 12
262 261 13 13
262 260 13 13
263 260 13 13
263 261 13 13
264 262 13 13
264 260 13 13
265 260 13 13
265 264 13 13
266 264 13 13
266 265 13 13
267 264 13 13
267 263 13 13
268 262 13 13
268 266 13 13
269 262 13 13
269 260 13 13
270 268 13 13
270 263 13 13
271 262 13 13
271 270 13 13
272 269 13 13
272 260 13 13
273 264 13 13
273 266 13 13
274 270 13 13
274 267 13 13
275 264 13 13
275 266 13 13
276 262 13 13
276 265 13 13
277 267 13 13
277 262 13 13
278 271 13 13
278 273 13 13
279 271 13 13
279 261 13 13
260 274 13 13
260 276 13 13
261 269 13 13
261 275 13 13
282 281 14 14
282 280 14 14
283 282 14 14
283 281 14 14
284 282 14 14
284 283 14 14
285 283 14 14
285 282 14 14
286 284 14 14
286 281 14 14
287 285 14 14
287 281 14 14
288 280 14 14
288 285 14 14
289 285 14 14
289 280 14 14
290 287 14 14
290 282 14 14
291 289 14 14
291 285 14 14
292 290 14 14
292 284 14 14
293 287 14 14
293 286 14 14
294 292 14 14
294 287 14 14
295 293 14 14
295 287 14 14
296 285 14 14
296 286 14 14
297 295 14 14
297 296 14 14
298 294 14 14
298 283 14 14
299 281 14 14
299 285 14 14
280 291 14 14
280 293 14 14
281 298 14 14
281 288 14 14
302 301 15 15
302 300 15 15
303 302 15 15
303 301 15 15
304 302 15 15
304 303 15 15
305 302 15 15
305 304 15 15
306 305 15 15
306 301 15 15
307 301 15 15
307 302 15 15
308 300 15 15
308 301 15 15
309 302 15 15
309 300 15 15
310 307 15 15
310 304 15 15
311 310 15 15
311 302 15 15
312 310 15 15
312 306 15 15
313 305 15 15
313 302 15 15
314 301 15 15
314 300 15 15
315 307 15 15
315 305 15 15
316 312 15 15
316 300 15 15
317 311 15 15
317 305 15 15
318 317 15 15
318 307 15 15
319 301 15 15
319 316 15 15
300 315 15 15
300 317 15 15
301 318 15 15
301 312 15 15
59 39 2 1
47 17 2 0
78 54 3 2
65 16 3 0
81 14 4 0
82 70 4 3
112 57 5 2
116 70 5 3
120 15 6 0
133 80 6 4
143 0 7 0
147 131 7 6
160 121 8 6
176 84 8 4
190 67 9 3
182 112 9 5
201 99 10 4
208 33 10 1
228 49 11 2
231 176 11 8
242 183 12 9
258 219 12 10
262 188 13 9
268 43 13 2
288 142 14 7
285 1 14 0
314 23 15 1
301 239 15 11
14 163 0 8
7 317 0 15
23 266 1 13
24 165 1 8
