swNum = 320
edgeNum = 672

0 0
1 0
2 0
3 0
4 0
5 0
6 0
7 0
8 0
9 0
10 0
11 0
12 0
13 0
14 0
15 0
16 0
17 0
18 0
19 0
20 1
21 1
22 1
23 1
24 1
25 1
26 1
27 1
28 1
29 1
30 1
31 1
32 1
33 1
34 1
35 1
36 1
37 1
38 1
39 1
40 2
41 2
42 2
43 2
44 2
45 2
46 2
47 2
48 2
49 2
50 2
51 2
52 2
53 2
54 2
55 2
56 2
57 2
58 2
59 2
60 3
61 3
62 3
63 3
64 3
65 3
66 3
67 3
68 3
69 3
70 3
71 3
72 3
73 3
74 3
75 3
76 3
77 3
78 3
79 3
80 4
81 4
82 4
83 4
84 4
85 4
86 4
87 4
88 4
89 4
90 4
91 4
92 4
93 4
94 4
95 4
96 4
97 4
98 4
99 4
100 5
101 5
102 5
103 5
104 5
105 5
106 5
107 5
108 5
109 5
110 5
111 5
112 5
113 5
114 5
115 5
116 5
117 5
118 5
119 5
120 6
121 6
122 6
123 6
124 6
125 6
126 6
127 6
128 6
129 6
130 6
131 6
132 6
133 6
134 6
135 6
136 6
137 6
138 6
139 6
140 7
141 7
142 7
143 7
144 7
145 7
146 7
147 7
148 7
149 7
150 7
151 7
152 7
153 7
154 7
155 7
156 7
157 7
158 7
159 7
160 8
161 8
162 8
163 8
164 8
165 8
166 8
167 8
168 8
169 8
170 8
171 8
172 8
173 8
174 8
175 8
176 8
177 8
178 8
179 8
180 9
181 9
182 9
183 9
184 9
185 9
186 9
187 9
188 9
189 9
190 9
191 9
192 9
193 9
194 9
195 9
196 9
197 9
198 9
199 9
200 10
201 10
202 10
203 10
204 10
205 10
206 10
207 10
208 10
209 10
210 10
211 10
212 10
213 10
214 10
215 10
216 10
217 10
218 10
219 10
220 11
221 11
222 11
223 11
224 11
225 11
226 11
227 11
228 11
229 11
230 11
231 11
232 11
233 11
234 11
235 11
236 11
237 11
238 11
239 11
240 12
241 12
242 12
243 12
244 12
245 12
246 12
247 12
248 12
249 12
250 12
251 12
252 12
253 12
254 12
255 12
256 12
257 12
258 12
259 12
260 13
261 13
262 13
263 13
264 13
265 13
266 13
267 13
268 13
269 13
270 13
271 13
272 13
273 13
274 13
275 13
276 13
277 13
278 13
279 13
280 14
281 14
282 14
283 14
284 14
285 14
286 14
287 14
288 14
289 14
290 14
291 14
292 14
293 14
294 14
295 14
296 14
297 14
298 14
299 14
300 15
301 15
302 15
303 15
304 15
305 15
306 15
307 15
308 15
309 15
310 15
311 15
312 15
313 15
314 15
315 15
316 15
317 15
318 15
319 15

2 0 0 0
2 1 0 0
3 2 0 0
3 0 0 0
4 0 0 0
4 3 0 0
5 2 0 0
5 0 0 0
6 3 0 0
6 0 0 0
7 4 0 0
7 0 0 0
8 1 0 0
8 2 0 0
9 1 0 0
9 3 0 0
10 6 0 0
10 4 0 0
11 8 0 0
11 1 0 0
12 7 0 0
12 1 0 0
13 7 0 0
13 10 0 0
14 10 0 0
14 11 0 0
15 12 0 0
15 4 0 0
16 6 0 0
16 15 0 0
17 12 0 0
17 9 0 0
18 4 0 0
18 8 0 0
19 7 0 0
19 16 0 0
0 11 0 0
0 13 0 0
1 18 0 0
1 3 0 0
22 21 1 1
22 20 1 1
23 21 1 1
23 20 1 1
24 21 1 1
24 23 1 1
25 23 1 1
25 24 1 1
26 24 1 1
26 21 1 1
27 22 1 1
27 26 1 1
28 22 1 1
28 25 1 1
29 23 1 1
29 20 1 1
30 23 1 1
30 27 1 1
31 27 1 1
31 21 1 1
32 20 1 1
32 22 1 1
33 26 1 1
33 27 1 1
34 23 1 1
34 29 1 1
35 27 1 1
35 25 1 1
36 26 1 1
36 24 1 1
37 34 1 1
37 35 1 1
38 31 1 1
38 29 1 1
39 22 1 1
39 20 1 1
20 38 1 1
20 27 1 1
21 27 1 1
21 39 1 1
42 40 2 2
42 41 2 2
43 41 2 2
43 42 2 2
44 43 2 2
44 42 2 2
45 41 2 2
45 42 2 2
46 42 2 2
46 40 2 2
47 46 2 2
47 44 2 2
48 42 2 2
48 47 2 2
49 44 2 2
49 43 2 2
50 44 2 2
50 45 2 2
51 47 2 2
51 48 2 2
52 49 2 2
52 50 2 2
53 45 2 2
53 48 2 2
54 47 2 2
54 45 2 2
55 43 2 2
55 50 2 2
56 40 2 2
56 46 2 2
57 42 2 2
57 43 2 2
58 57 2 2
58 50 2 2
59 47 2 2
59 53 2 2
40 47 2 2
40 52 2 2
41 51 2 2
41 55 2 2
62 60 3 3
62 61 3 3
63 61 3 3
63 62 3 3
64 62 3 3
64 60 3 3
65 62 3 3
65 64 3 3
66 62 3 3
66 65 3 3
67 60 3 3
67 63 3 3
68 63 3 3
68 64 3 3
69 60 3 3
69 61 3 3
70 64 3 3
70 66 3 3
71 60 3 3
71 68 3 3
72 71 3 3
72 61 3 3
73 70 3 3
73 64 3 3
74 70 3 3
74 62 3 3
75 74 3 3
75 73 3 3
76 65 3 3
76 68 3 3
77 62 3 3
77 75 3 3
78 61 3 3
78 74 3 3
79 71 3 3
79 75 3 3
60 78 3 3
60 68 3 3
61 74 3 3
61 75 3 3
82 80 4 4
82 81 4 4
83 82 4 4
83 81 4 4
84 83 4 4
84 80 4 4
85 84 4 4
85 81 4 4
86 80 4 4
86 82 4 4
87 80 4 4
87 83 4 4
88 86 4 4
88 83 4 4
89 85 4 4
89 88 4 4
90 83 4 4
90 89 4 4
91 90 4 4
91 82 4 4
92 90 4 4
92 89 4 4
93 84 4 4
93 80 4 4
94 90 4 4
94 91 4 4
95 81 4 4
95 89 4 4
96 87 4 4
96 85 4 4
97 91 4 4
97 83 4 4
98 96 4 4
98 95 4 4
99 86 4 4
99 93 4 4
80 98 4 4
80 91 4 4
81 98 4 4
81 96 4 4
102 100 5 5
102 101 5 5
103 100 5 5
103 101 5 5
104 101 5 5
104 100 5 5
105 103 5 5
105 104 5 5
106 102 5 5
106 100 5 5
107 105 5 5
107 101 5 5
108 107 5 5
108 106 5 5
109 104 5 5
109 105 5 5
110 103 5 5
110 108 5 5
111 104 5 5
111 102 5 5
112 109 5 5
112 101 5 5
113 100 5 5
113 112 5 5
114 100 5 5
114 113 5 5
115 110 5 5
115 103 5 5
116 113 5 5
116 107 5 5
117 111 5 5
117 116 5 5
118 106 5 5
118 110 5 5
119 114 5 5
119 103 5 5
100 109 5 5
100 115 5 5
101 119 5 5
101 106 5 5
122 121 6 6
122 120 6 6
123 122 6 6
123 120 6 6
124 120 6 6
124 122 6 6
125 120 6 6
125 122 6 6
126 122 6 6
126 120 6 6
127 124 6 6
127 122 6 6
128 127 6 6
128 126 6 6
129 124 6 6
129 122 6 6
130 128 6 6
130 127 6 6
131 130 6 6
131 123 6 6
132 129 6 6
132 125 6 6
133 122 6 6
133 124 6 6
134 132 6 6
134 122 6 6
135 122 6 6
135 131 6 6
136 132 6 6
136 124 6 6
137 125 6 6
137 129 6 6
138 135 6 6
138 126 6 6
139 131 6 6
139 124 6 6
120 133 6 6
120 127 6 6
121 131 6 6
121 138 6 6
142 140 7 7
142 141 7 7
143 140 7 7
143 141 7 7
144 141 7 7
144 142 7 7
145 143 7 7
145 141 7 7
146 141 7 7
146 142 7 7
147 144 7 7
147 140 7 7
148 141 7 7
148 144 7 7
149 143 7 7
149 144 7 7
150 145 7 7
150 144 7 7
151 141 7 7
151 144 7 7
152 142 7 7
152 150 7 7
153 144 7 7
153 149 7 7
154 140 7 7
154 143 7 7
155 141 7 7
155 142 7 7
156 152 7 7
156 142 7 7
157 156 7 7
157 140 7 7
158 147 7 7
158 140 7 7
159 158 7 7
159 150 7 7
140 153 7 7
140 151 7 7
141 149 7 7
141 150 7 7
162 160 8 8
162 161 8 8
163 162 8 8
163 160 8 8
164 160 8 8
164 162 8 8
165 162 8 8
165 164 8 8
166 164 8 8
166 163 8 8
167 165 8 8
167 161 8 8
168 162 8 8
168 165 8 8
169 168 8 8
169 165 8 8
170 163 8 8
170 160 8 8
171 167 8 8
171 165 8 8
172 168 8 8
172 170 8 8
173 164 8 8
173 163 8 8
174 167 8 8
174 161 8 8
175 173 8 8
175 163 8 8
176 171 8 8
176 164 8 8
177 173 8 8
177 171 8 8
178 165 8 8
178 172 8 8
179 160 8 8
179 175 8 8
160 178 8 8
160 165 8 8
161 175 8 8
161 172 8 8
182 180 9 9
182 181 9 9
183 181 9 9
183 180 9 9
184 181 9 9
184 183 9 9
185 182 9 9
185 181 9 9
186 182 9 9
186 181 9 9
187 184 9 9
187 180 9 9
188 183 9 9
188 184 9 9
189 187 9 9
189 182 9 9
190 186 9 9
190 187 9 9
191 187 9 9
191 183 9 9
192 180 9 9
192 191 9 9
193 185 9 9
193 190 9 9
194 191 9 9
194 187 9 9
195 192 9 9
195 194 9 9
196 195 9 9
196 187 9 9
197 181 9 9
197 180 9 9
198 190 9 9
198 197 9 9
199 189 9 9
199 185 9 9
180 198 9 9
180 190 9 9
181 188 9 9
181 193 9 9
202 201 10 10
202 200 10 10
203 200 10 10
203 201 10 10
204 200 10 10
204 203 10 10
205 200 10 10
205 201 10 10
206 201 10 10
206 203 10 10
207 201 10 10
207 200 10 10
208 203 10 10
208 206 10 10
209 206 10 10
209 203 10 10
210 209 10 10
210 206 10 10
211 204 10 10
211 207 10 10
212 211 10 10
212 207 10 10
213 201 10 10
213 211 10 10
214 211 10 10
214 203 10 10
215 204 10 10
215 212 10 10
216 201 10 10
216 211 10 10
217 216 10 10
217 206 10 10
218 202 10 10
218 201 10 10
219 203 10 10
219 213 10 10
200 211 10 10
200 208 10 10
201 211 10 10
201 204 10 10
222 220 11 11
222 221 11 11
223 220 11 11
223 221 11 11
224 223 11 11
224 220 11 11
225 220 11 11
225 224 11 11
226 221 11 11
226 223 11 11
227 220 11 11
227 224 11 11
228 225 11 11
228 223 11 11
229 222 11 11
229 225 11 11
230 226 11 11
230 221 11 11
231 222 11 11
231 229 11 11
232 231 11 11
232 226 11 11
233 230 11 11
233 226 11 11
234 227 11 11
234 224 11 11
235 221 11 11
235 231 11 11
236 227 11 11
236 220 11 11
237 224 11 11
237 234 11 11
238 220 11 11
238 234 11 11
239 235 11 11
239 223 11 11
220 228 11 11
220 237 11 11
221 236 11 11
221 225 11 11
242 240 12 12
242 241 12 12
243 240 12 12
243 241 12 12
244 241 12 12
244 242 12 12
245 241 12 12
245 242 12 12
246 242 12 12
246 240 12 12
247 245 12 12
247 243 12 12
248 247 12 12
248 245 12 12
249 245 12 12
249 244 12 12
250 243 12 12
250 241 12 12
251 241 12 12
251 244 12 12
252 244 12 12
252 247 12 12
253 241 12 12
253 252 12 12
254 248 12 12
254 244 12 12
255 244 12 12
255 246 12 12
256 255 12 12
256 243 12 12
257 251 12 12
257 256 12 12
258 252 12 12
258 243 12 12
259 253 12 12
259 255 12 12
240 245 12 12
240 251 12 12
241 246 12 12
241 257 12 12
262 260 13 13
262 261 13 13
263 261 13 13
263 260 13 13
264 263 13 13
264 261 13 13
265 261 13 13
265 263 13 13
266 263 13 13
266 264 13 13
267 262 13 13
267 260 13 13
268 267 13 13
268 263 13 13
269 268 13 13
269 267 13 13
270 260 13 13
270 267 13 13
271 266 13 13
271 265 13 13
272 261 13 13
272 263 13 13
273 272 13 13
273 264 13 13
274 262 13 13
274 263 13 13
275 267 13 13
275 262 13 13
276 271 13 13
276 273 13 13
277 264 13 13
277 261 13 13
278 268 13 13
278 271 13 13
279 262 13 13
279 264 13 13
260 276 13 13
260 268 13 13
261 266 13 13
261 269 13 13
282 280 14 14
282 281 14 14
283 280 14 14
283 282 14 14
284 282 14 14
284 281 14 14
285 280 14 14
285 284 14 14
286 280 14 14
286 283 14 14
287 280 14 14
287 284 14 14
288 285 14 14
288 286 14 14
289 282 14 14
289 287 14 14
290 285 14 14
290 284 14 14
291 287 14 14
291 284 14 14
292 290 14 14
292 287 14 14
293 289 14 14
293 292 14 14
294 284 14 14
294 287 14 14
295 294 14 14
295 287 14 14
296 291 14 14
296 289 14 14
297 285 14 14
297 289 14 14
298 281 14 14
298 297 14 14
299 294 14 14
299 293 14 14
280 299 14 14
280 293 14 14
281 297 14 14
281 287 14 14
302 301 15 15
302 300 15 15
303 300 15 15
303 302 15 15
304 302 15 15
304 303 15 15
305 303 15 15
305 304 15 15
306 301 15 15
306 302 15 15
307 304 15 15
307 305 15 15
308 302 15 15
308 307 15 15
309 303 15 15
309 305 15 15
310 304 15 15
310 308 15 15
311 303 15 15
311 302 15 15
312 302 15 15
312 303 15 15
313 311 15 15
313 301 15 15
314 302 15 15
314 300 15 15
315 314 15 15
315 300 15 15
316 302 15 15
316 310 15 15
317 301 15 15
317 302 15 15
318 313 15 15
318 304 15 15
319 306 15 15
319 305 15 15
300 318 15 15
300 317 15 15
301 308 15 15
301 310 15 15
53 19 2 0
56 39 2 1
66 24 3 1
66 13 3 0
84 25 4 1
83 74 4 3
108 14 5 0
112 87 5 4
121 42 6 2
139 36 6 1
143 91 7 4
158 34 7 1
169 28 8 1
178 148 8 7
192 149 9 7
186 73 9 3
214 45 10 2
209 10 10 0
222 156 11 7
221 185 11 9
245 40 12 2
249 231 12 11
260 53 13 2
271 195 13 9
299 86 14 4
296 182 14 9
304 103 15 5
317 247 15 12
9 168 0 8
11 145 0 7
30 274 1 13
33 286 1 14
