swNum = 320
edgeNum = 672

0 0
1 0
2 0
3 0
4 0
5 0
6 0
7 0
8 0
9 0
10 0
11 0
12 0
13 0
14 0
15 0
16 0
17 0
18 0
19 0
20 1
21 1
22 1
23 1
24 1
25 1
26 1
27 1
28 1
29 1
30 1
31 1
32 1
33 1
34 1
35 1
36 1
37 1
38 1
39 1
40 2
41 2
42 2
43 2
44 2
45 2
46 2
47 2
48 2
49 2
50 2
51 2
52 2
53 2
54 2
55 2
56 2
57 2
58 2
59 2
60 3
61 3
62 3
63 3
64 3
65 3
66 3
67 3
68 3
69 3
70 3
71 3
72 3
73 3
74 3
75 3
76 3
77 3
78 3
79 3
80 4
81 4
82 4
83 4
84 4
85 4
86 4
87 4
88 4
89 4
90 4
91 4
92 4
93 4
94 4
95 4
96 4
97 4
98 4
99 4
100 5
101 5
102 5
103 5
104 5
105 5
106 5
107 5
108 5
109 5
110 5
111 5
112 5
113 5
114 5
115 5
116 5
117 5
118 5
119 5
120 6
121 6
122 6
123 6
124 6
125 6
126 6
127 6
128 6
129 6
130 6
131 6
132 6
133 6
134 6
135 6
136 6
137 6
138 6
139 6
140 7
141 7
142 7
143 7
144 7
145 7
146 7
147 7
148 7
149 7
150 7
151 7
152 7
153 7
154 7
155 7
156 7
157 7
158 7
159 7
160 8
161 8
162 8
163 8
164 8
165 8
166 8
167 8
168 8
169 8
170 8
171 8
172 8
173 8
174 8
175 8
176 8
177 8
178 8
179 8
180 9
181 9
182 9
183 9
184 9
185 9
186 9
187 9
188 9
189 9
190 9
191 9
192 9
193 9
194 9
195 9
196 9
197 9
198 9
199 9
200 10
201 10
202 10
203 10
204 10
205 10
206 10
207 10
208 10
209 10
210 10
211 10
212 10
213 10
214 10
215 10
216 10
217 10
218 10
219 10
220 11
221 11
222 11
223 11
224 11
225 11
226 11
227 11
228 11
229 11
230 11
231 11
232 11
233 11
234 11
235 11
236 11
237 11
238 11
239 11
240 12
241 12
242 12
243 12
244 12
245 12
246 12
247 12
248 12
249 12
250 12
251 12
252 12
253 12
254 12
255 12
256 12
257 12
258 12
259 12
260 13
261 13
262 13
263 13
264 13
265 13
266 13
267 13
268 13
269 13
270 13
271 13
272 13
273 13
274 13
275 13
276 13
277 13
278 13
279 13
280 14
281 14
282 14
283 14
284 14
285 14
286 14
287 14
288 14
289 14
290 14
291 14
292 14
293 14
294 14
295 14
296 14
297 14
298 14
299 14
300 15
301 15
302 15
303 15
304 15
305 15
306 15
307 15
308 15
309 15
310 15
311 15
312 15
313 15
314 15
315 15
316 15
317 15
318 15
319 15

2 1 0 0
2 0 0 0
3 0 0 0
3 1 0 0
4 3 0 0
4 2 0 0
5 1 0 0
5 2 0 0
6 4 0 0
6 2 0 0
7 5 0 0
7 2 0 0
8 0 0 0
8 7 0 0
9 5 0 0
9 8 0 0
10 6 0 0
10 7 0 0
11 2 0 0
11 0 0 0
12 2 0 0
12 9 0 0
13 3 0 0
13 11 0 0
14 0 0 0
14 13 0 0
15 4 0 0
15 8 0 0
16 7 0 0
16 12 0 0
17 6 0 0
17 3 0 0
18 3 0 0
18 14 0 0
19 8 0 0
19 14 0 0
0 12 0 0
0 13 0 0
1 4 0 0
1 18 0 0
22 21 1 1
22 20 1 1
23 20 1 1
23 21 1 1
24 22 1 1
24 21 1 1
25 20 1 1
25 23 1 1
26 24 1 1
26 20 1 1
27 24 1 1
27 26 1 1
28 27 1 1
28 23 1 1
29 26 1 1
29 23 1 1
30 25 1 1
30 27 1 1
31 29 1 1
31 23 1 1
32 27 1 1
32 30 1 1
33 24 1 1
33 23 1 1
34 23 1 1
34 28 1 1
35 25 1 1
35 22 1 1
36 34 1 1
36 21 1 1
37 22 1 1
37 32 1 1
38 21 1 1
38 35 1 1
39 31 1 1
39 33 1 1
20 36 1 1
20 32 1 1
21 33 1 1
21 37 1 1
42 40 2 2
42 41 2 2
43 41 2 2
43 40 2 2
44 42 2 2
44 40 2 2
45 43 2 2
45 41 2 2
46 40 2 2
46 44 2 2
47 40 2 2
47 45 2 2
48 41 2 2
48 46 2 2
49 45 2 2
49 42 2 2
50 48 2 2
50 41 2 2
51 49 2 2
51 41 2 2
52 41 2 2
52 42 2 2
53 47 2 2
53 40 2 2
54 45 2 2
54 47 2 2
55 53 2 2
55 44 2 2
56 45 2 2
56 44 2 2
57 56 2 2
57 51 2 2
58 56 2 2
58 57 2 2
59 52 2 2
59 44 2 2
40 49 2 2
40 57 2 2
41 44 2 2
41 49 2 2
62 61 3 3
62 60 3 3
63 61 3 3
63 60 3 3
64 61 3 3
64 63 3 3
65 60 3 3
65 61 3 3
66 60 3 3
66 65 3 3
67 61 3 3
67 65 3 3
68 62 3 3
68 61 3 3
69 68 3 3
69 61 3 3
70 61 3 3
70 62 3 3
71 69 3 3
71 68 3 3
72 69 3 3
72 63 3 3
73 64 3 3
73 62 3 3
74 71 3 3
74 63 3 3
75 68 3 3
75 64 3 3
76 68 3 3
76 71 3 3
77 60 3 3
77 63 3 3
78 69 3 3
78 70 3 3
79 73 3 3
79 66 3 3
60 67 3 3
60 79 3 3
61 71 3 3
61 77 3 3
82 80 4 4
82 81 4 4
83 82 4 4
83 80 4 4
84 83 4 4
84 80 4 4
85 81 4 4
85 82 4 4
86 85 4 4
86 84 4 4
87 83 4 4
87 82 4 4
88 83 4 4
88 87 4 4
89 80 4 4
89 82 4 4
90 87 4 4
90 86 4 4
91 82 4 4
91 89 4 4
92 86 4 4
92 81 4 4
93 90 4 4
93 81 4 4
94 82 4 4
94 87 4 4
95 93 4 4
95 94 4 4
96 83 4 4
96 82 4 4
97 95 4 4
97 94 4 4
98 85 4 4
98 97 4 4
99 85 4 4
99 84 4 4
80 93 4 4
80 90 4 4
81 83 4 4
81 88 4 4
102 101 5 5
102 100 5 5
103 101 5 5
103 102 5 5
104 100 5 5
104 101 5 5
105 101 5 5
105 102 5 5
106 102 5 5
106 101 5 5
107 101 5 5
107 100 5 5
108 107 5 5
108 105 5 5
109 108 5 5
109 104 5 5
110 105 5 5
110 108 5 5
111 105 5 5
111 107 5 5
112 103 5 5
112 108 5 5
113 102 5 5
113 109 5 5
114 105 5 5
114 103 5 5
115 105 5 5
115 110 5 5
116 112 5 5
116 106 5 5
117 107 5 5
117 108 5 5
118 107 5 5
118 102 5 5
119 115 5 5
119 110 5 5
100 111 5 5
100 105 5 5
101 111 5 5
101 114 5 5
122 121 6 6
122 120 6 6
123 121 6 6
123 120 6 6
124 123 6 6
124 120 6 6
125 121 6 6
125 120 6 6
126 124 6 6
126 122 6 6
127 122 6 6
127 121 6 6
128 123 6 6
128 125 6 6
129 123 6 6
129 122 6 6
130 125 6 6
130 126 6 6
131 124 6 6
131 126 6 6
132 128 6 6
132 125 6 6
133 128 6 6
133 120 6 6
134 121 6 6
134 130 6 6
135 121 6 6
135 129 6 6
136 128 6 6
136 125 6 6
137 125 6 6
137 120 6 6
138 137 6 6
138 130 6 6
139 132 6 6
139 121 6 6
120 129 6 6
120 131 6 6
121 131 6 6
121 124 6 6
142 141 7 7
142 140 7 7
143 142 7 7
143 140 7 7
144 142 7 7
144 143 7 7
145 142 7 7
145 144 7 7
146 143 7 7
146 145 7 7
147 146 7 7
147 143 7 7
148 145 7 7
148 142 7 7
149 142 7 7
149 146 7 7
150 147 7 7
150 143 7 7
151 149 7 7
151 142 7 7
152 144 7 7
152 151 7 7
153 148 7 7
153 145 7 7
154 141 7 7
154 142 7 7
155 149 7 7
155 142 7 7
156 146 7 7
156 153 7 7
157 142 7 7
157 146 7 7
158 148 7 7
158 140 7 7
159 148 7 7
159 157 7 7
140 149 7 7
140 155 7 7
141 147 7 7
141 155 7 7
162 160 8 8
162 161 8 8
163 161 8 8
163 160 8 8
164 161 8 8
164 163 8 8
165 160 8 8
165 161 8 8
166 161 8 8
166 165 8 8
167 164 8 8
167 166 8 8
168 166 8 8
168 160 8 8
169 162 8 8
169 161 8 8
170 166 8 8
170 169 8 8
171 163 8 8
171 164 8 8
172 162 8 8
172 167 8 8
173 164 8 8
173 172 8 8
174 165 8 8
174 169 8 8
175 174 8 8
175 172 8 8
176 174 8 8
176 162 8 8
177 168 8 8
177 169 8 8
178 163 8 8
178 171 8 8
179 171 8 8
179 169 8 8
160 170 8 8
160 177 8 8
161 179 8 8
161 176 8 8
182 181 9 9
182 180 9 9
183 180 9 9
183 181 9 9
184 182 9 9
184 183 9 9
185 183 9 9
185 184 9 9
186 185 9 9
186 183 9 9
187 185 9 9
187 186 9 9
188 186 9 9
188 185 9 9
189 180 9 9
189 182 9 9
190 181 9 9
190 184 9 9
191 186 9 9
191 188 9 9
192 190 9 9
192 187 9 9
193 189 9 9
193 190 9 9
194 186 9 9
194 180 9 9
195 189 9 9
195 188 9 9
196 187 9 9
196 189 9 9
197 196 9 9
197 184 9 9
198 189 9 9
198 194 9 9
199 193 9 9
199 192 9 9
180 195 9 9
180 190 9 9
181 191 9 9
181 193 9 9
202 201 10 10
202 200 10 10
203 200 10 10
203 201 10 10
204 203 10 10
204 201 10 10
205 203 10 10
205 200 10 10
206 202 10 10
206 200 10 10
207 206 10 10
207 204 10 10
208 203 10 10
208 207 10 10
209 205 10 10
209 206 10 10
210 204 10 10
210 201 10 10
211 204 10 10
211 210 10 10
212 205 10 10
212 207 10 10
213 205 10 10
213 206 10 10
214 206 10 10
214 205 10 10
215 208 10 10
215 200 10 10
216 209 10 10
216 202 10 10
217 212 10 10
217 205 10 10
218 206 10 10
218 204 10 10
219 214 10 10
219 202 10 10
200 214 10 10
200 213 10 10
201 218 10 10
201 211 10 10
222 221 11 11
222 220 11 11
223 221 11 11
223 222 11 11
224 222 11 11
224 223 11 11
225 224 11 11
225 223 11 11
226 225 11 11
226 222 11 11
227 224 11 11
227 226 11 11
228 220 11 11
228 225 11 11
229 227 11 11
229 221 11 11
230 226 11 11
230 223 11 11
231 225 11 11
231 227 11 11
232 226 11 11
232 230 11 11
233 220 11 11
233 225 11 11
234 223 11 11
234 225 11 11
235 233 11 11
235 224 11 11
236 235 11 11
236 228 11 11
237 231 11 11
237 232 11 11
238 221 11 11
238 229 11 11
239 234 11 11
239 230 11 11
220 234 11 11
220 224 11 11
221 236 11 11
221 224 11 11
242 241 12 12
242 240 12 12
243 242 12 12
243 241 12 12
244 241 12 12
244 243 12 12
245 240 12 12
245 241 12 12
246 244 12 12
246 242 12 12
247 241 12 12
247 243 12 12
248 241 12 12
248 244 12 12
249 247 12 12
249 241 12 12
250 245 12 12
250 248 12 12
251 245 12 12
251 250 12 12
252 249 12 12
252 246 12 12
253 250 12 12
253 249 12 12
254 250 12 12
254 249 12 12
255 250 12 12
255 245 12 12
256 249 12 12
256 255 12 12
257 247 12 12
257 256 12 12
258 245 12 12
258 253 12 12
259 253 12 12
259 247 12 12
240 243 12 12
240 252 12 12
241 253 12 12
241 257 12 12
262 261 13 13
262 260 13 13
263 260 13 13
263 261 13 13
264 262 13 13
264 260 13 13
265 261 13 13
265 262 13 13
266 261 13 13
266 260 13 13
267 265 13 13
267 262 13 13
268 263 13 13
268 262 13 13
269 266 13 13
269 262 13 13
270 264 13 13
270 269 13 13
271 262 13 13
271 269 13 13
272 267 13 13
272 266 13 13
273 270 13 13
273 267 13 13
274 272 13 13
274 268 13 13
275 268 13 13
275 263 13 13
276 264 13 13
276 262 13 13
277 265 13 13
277 270 13 13
278 268 13 13
278 263 13 13
279 261 13 13
279 275 13 13
260 275 13 13
260 278 13 13
261 264 13 13
261 275 13 13
282 280 14 14
282 281 14 14
283 280 14 14
283 281 14 14
284 283 14 14
284 280 14 14
285 282 14 14
285 281 14 14
286 284 14 14
286 280 14 14
287 284 14 14
287 286 14 14
288 280 14 14
288 284 14 14
289 288 14 14
289 285 14 14
290 283 14 14
290 287 14 14
291 289 14 14
291 283 14 14
292 284 14 14
292 281 14 14
293 291 14 14
293 287 14 14
294 285 14 14
294 286 14 14
295 285 14 14
295 288 14 14
296 293 14 14
296 290 14 14
297 280 14 14
297 291 14 14
298 285 14 14
298 295 14 14
299 288 14 14
299 285 14 14
280 287 14 14
280 291 14 14
281 293 14 14
281 294 14 14
302 301 15 15
302 300 15 15
303 302 15 15
303 300 15 15
304 303 15 15
304 302 15 15
305 304 15 15
305 303 15 15
306 302 15 15
306 300 15 15
307 306 15 15
307 304 15 15
308 306 15 15
308 307 15 15
309 301 15 15
309 307 15 15
310 309 15 15
310 308 15 15
311 302 15 15
311 300 15 15
312 306 15 15
312 308 15 15
313 311 15 15
313 306 15 15
314 312 15 15
314 300 15 15
315 303 15 15
315 309 15 15
316 315 15 15
316 302 15 15
317 300 15 15
317 313 15 15
318 315 15 15
318 307 15 15
319 318 15 15
319 303 15 15
300 318 15 15
300 313 15 15
301 314 15 15
301 304 15 15
55 1 2 0
55 31 2 1
75 48 3 2
68 37 3 1
99 54 4 2
94 73 4 3
103 99 5 4
103 79 5 3
130 108 6 5
139 99 6 4
142 38 7 1
143 109 7 5
179 158 8 7
161 53 8 2
192 157 9 7
194 176 9 8
214 145 10 7
200 110 10 5
229 119 11 5
238 93 11 4
253 153 12 7
246 190 12 9
271 157 13 7
261 53 13 2
286 23 14 1
293 159 14 7
318 120 15 6
303 52 15 2
6 174 0 8
9 269 0 13
27 176 1 8
38 111 1 5
