swNum = 320
edgeNum = 672

0 0
1 0
2 0
3 0
4 0
5 0
6 0
7 0
8 0
9 0
10 0
11 0
12 0
13 0
14 0
15 0
16 0
17 0
18 0
19 0
20 1
21 1
22 1
23 1
24 1
25 1
26 1
27 1
28 1
29 1
30 1
31 1
32 1
33 1
34 1
35 1
36 1
37 1
38 1
39 1
40 2
41 2
42 2
43 2
44 2
45 2
46 2
47 2
48 2
49 2
50 2
51 2
52 2
53 2
54 2
55 2
56 2
57 2
58 2
59 2
60 3
61 3
62 3
63 3
64 3
65 3
66 3
67 3
68 3
69 3
70 3
71 3
72 3
73 3
74 3
75 3
76 3
77 3
78 3
79 3
80 4
81 4
82 4
83 4
84 4
85 4
86 4
87 4
88 4
89 4
90 4
91 4
92 4
93 4
94 4
95 4
96 4
97 4
98 4
99 4
100 5
101 5
102 5
103 5
104 5
105 5
106 5
107 5
108 5
109 5
110 5
111 5
112 5
113 5
114 5
115 5
116 5
117 5
118 5
119 5
120 6
121 6
122 6
123 6
124 6
125 6
126 6
127 6
128 6
129 6
130 6
131 6
132 6
133 6
134 6
135 6
136 6
137 6
138 6
139 6
140 7
141 7
142 7
143 7
144 7
145 7
146 7
147 7
148 7
149 7
150 7
151 7
152 7
153 7
154 7
155 7
156 7
157 7
158 7
159 7
160 8
161 8
162 8
163 8
164 8
165 8
166 8
167 8
168 8
169 8
170 8
171 8
172 8
173 8
174 8
175 8
176 8
177 8
178 8
179 8
180 9
181 9
182 9
183 9
184 9
185 9
186 9
187 9
188 9
189 9
190 9
191 9
192 9
193 9
194 9
195 9
196 9
197 9
198 9
199 9
200 10
201 10
202 10
203 10
204 10
205 10
206 10
207 10
208 10
209 10
210 10
211 10
212 10
213 10
214 10
215 10
216 10
217 10
218 10
219 10
220 11
221 11
222 11
223 11
224 11
225 11
226 11
227 11
228 11
229 11
230 11
231 11
232 11
233 11
234 11
235 11
236 11
237 11
238 11
239 11
240 12
241 12
242 12
243 12
244 12
245 12
246 12
247 12
248 12
249 12
250 12
251 12
252 12
253 12
254 12
255 12
256 12
257 12
258 12
259 12
260 13
261 13
262 13
263 13
264 13
265 13
266 13
267 13
268 13
269 13
270 13
271 13
272 13
273 13
274 13
275 13
276 13
277 13
278 13
279 13
280 14
281 14
282 14
283 14
284 14
285 14
286 14
287 14
288 14
289 14
290 14
291 14
292 14
293 14
294 14
295 14
296 14
297 14
298 14
299 14
300 15
301 15
302 15
303 15
304 15
305 15
306 15
307 15
308 15
309 15
310 15
311 15
312 15
313 15
314 15
315 15
316 15
317 15
318 15
319 15

2 0 0 0
2 1 0 0
3 0 0 0
3 2 0 0
4 3 0 0
4 0 0 0
5 1 0 0
5 3 0 0
6 5 0 0
6 4 0 0
7 0 0 0
7 6 0 0
8 6 0 0
8 2 0 0
9 3 0 0
9 1 0 0
10 4 0 0
10 2 0 0
11 0 0 0
11 8 0 0
12 1 0 0
12 6 0 0
13 5 0 0
13 9 0 0
14 10 0 0
14 4 0 0
15 9 0 0
15 10 0 0
16 2 0 0
16 14 0 0
17 0 0 0
17 9 0 0
18 16 0 0
18 5 0 0
19 9 0 0
19 15 0 0
0 8 0 0
0 14 0 0
1 13 0 0
1 19 0 0
22 21 1 1
22 20 1 1
23 20 1 1
23 21 1 1
24 20 1 1
24 21 1 1
25 20 1 1
25 24 1 1
26 24 1 1
26 20 1 1
27 22 1 1
27 24 1 1
28 21 1 1
28 24 1 1
29 20 1 1
29 25 1 1
30 21 1 1
30 28 1 1
31 23 1 1
31 26 1 1
32 21 1 1
32 24 1 1
33 27 1 1
33 20 1 1
34 20 1 1
34 28 1 1
35 26 1 1
35 25 1 1
36 29 1 1
36 32 1 1
37 34 1 1
37 36 1 1
38 35 1 1
38 26 1 1
39 31 1 1
39 35 1 1
20 27 1 1
20 36 1 1
21 31 1 1
21 34 1 1
42 41 2 2
42 40 2 2
43 40 2 2
43 41 2 2
44 42 2 2
44 43 2 2
45 43 2 2
45 41 2 2
46 44 2 2
46 42 2 2
47 43 2 2
47 44 2 2
48 43 2 2
48 47 2 2
49 47 2 2
49 46 2 2
50 49 2 2
50 45 2 2
51 42 2 2
51 49 2 2
52 46 2 2
52 47 2 2
53 47 2 2
53 49 2 2
54 51 2 2
54 50 2 2
55 52 2 2
55 51 2 2
56 52 2 2
56 54 2 2
57 53 2 2
57 45 2 2
58 51 2 2
58 53 2 2
59 55 2 2
59 53 2 2
40 50 2 2
40 45 2 2
41 56 2 2
41 53 2 2
62 61 3 3
62 60 3 3
63 61 3 3
63 60 3 3
64 62 3 3
64 61 3 3
65 61 3 3
65 63 3 3
66 63 3 3
66 64 3 3
67 64 3 3
67 65 3 3
68 67 3 3
68 65 3 3
69 62 3 3
69 63 3 3
70 69 3 3
70 67 3 3
71 69 3 3
71 68 3 3
72 67 3 3
72 68 3 3
73 67 3 3
73 71 3 3
74 65 3 3
74 73 3 3
75 69 3 3
75 71 3 3
76 64 3 3
76 63 3 3
77 69 3 3
77 68 3 3
78 72 3 3
78 66 3 3
79 66 3 3
79 63 3 3
60 68 3 3
60 75 3 3
61 66 3 3
61 78 3 3
82 81 4 4
82 80 4 4
83 80 4 4
83 81 4 4
84 82 4 4
84 81 4 4
85 80 4 4
85 83 4 4
86 82 4 4
86 80 4 4
87 81 4 4
87 82 4 4
88 87 4 4
88 84 4 4
89 81 4 4
89 86 4 4
90 87 4 4
90 88 4 4
91 89 4 4
91 86 4 4
92 83 4 4
92 86 4 4
93 89 4 4
93 81 4 4
94 93 4 4
94 90 4 4
95 83 4 4
95 89 4 4
96 87 4 4
96 91 4 4
97 89 4 4
97 92 4 4
98 92 4 4
98 87 4 4
99 88 4 4
99 82 4 4
80 97 4 4
80 99 4 4
81 92 4 4
81 88 4 4
102 101 5 5
102 100 5 5
103 102 5 5
103 101 5 5
104 103 5 5
104 101 5 5
105 102 5 5
105 100 5 5
106 104 5 5
106 103 5 5
107 102 5 5
107 103 5 5
108 105 5 5
108 104 5 5
109 106 5 5
109 105 5 5
110 106 5 5
110 105 5 5
111 110 5 5
111 105 5 5
112 106 5 5
112 104 5 5
113 100 5 5
113 112 5 5
114 103 5 5
114 111 5 5
115 110 5 5
115 112 5 5
116 114 5 5
116 103 5 5
117 110 5 5
117 102 5 5
118 114 5 5
118 113 5 5
119 112 5 5
119 116 5 5
100 110 5 5
100 103 5 5
101 106 5 5
101 112 5 5
122 120 6 6
122 121 6 6
123 121 6 6
123 122 6 6
124 121 6 6
124 123 6 6
125 122 6 6
125 124 6 6
126 123 6 6
126 121 6 6
127 123 6 6
127 124 6 6
128 124 6 6
128 127 6 6
129 125 6 6
129 127 6 6
130 129 6 6
130 125 6 6
131 120 6 6
131 124 6 6
132 120 6 6
132 126 6 6
133 123 6 6
133 120 6 6
134 126 6 6
134 122 6 6
135 126 6 6
135 132 6 6
136 126 6 6
136 123 6 6
137 124 6 6
137 129 6 6
138 126 6 6
138 131 6 6
139 131 6 6
139 122 6 6
120 134 6 6
120 138 6 6
121 128 6 6
121 127 6 6
142 141 7 7
142 140 7 7
143 142 7 7
143 140 7 7
144 143 7 7
144 141 7 7
145 140 7 7
145 141 7 7
146 140 7 7
146 143 7 7
147 142 7 7
147 143 7 7
148 146 7 7
148 143 7 7
149 144 7 7
149 141 7 7
150 147 7 7
150 142 7 7
151 143 7 7
151 149 7 7
152 143 7 7
152 148 7 7
153 150 7 7
153 142 7 7
154 153 7 7
154 145 7 7
155 151 7 7
155 143 7 7
156 149 7 7
156 148 7 7
157 143 7 7
157 154 7 7
158 141 7 7
158 142 7 7
159 155 7 7
159 150 7 7
140 150 7 7
140 151 7 7
141 151 7 7
141 157 7 7
162 160 8 8
162 161 8 8
163 161 8 8
163 162 8 8
164 162 8 8
164 163 8 8
165 164 8 8
165 161 8 8
166 164 8 8
166 160 8 8
167 164 8 8
167 163 8 8
168 165 8 8
168 164 8 8
169 162 8 8
169 168 8 8
170 161 8 8
170 165 8 8
171 160 8 8
171 166 8 8
172 163 8 8
172 160 8 8
173 163 8 8
173 167 8 8
174 168 8 8
174 162 8 8
175 172 8 8
175 174 8 8
176 168 8 8
176 173 8 8
177 165 8 8
177 176 8 8
178 168 8 8
178 164 8 8
179 164 8 8
179 175 8 8
160 178 8 8
160 173 8 8
161 167 8 8
161 164 8 8
182 181 9 9
182 180 9 9
183 181 9 9
183 182 9 9
184 182 9 9
184 180 9 9
185 180 9 9
185 181 9 9
186 183 9 9
186 181 9 9
187 186 9 9
187 182 9 9
188 185 9 9
188 184 9 9
189 183 9 9
189 187 9 9
190 181 9 9
190 182 9 9
191 182 9 9
191 183 9 9
192 189 9 9
192 186 9 9
193 181 9 9
193 187 9 9
194 187 9 9
194 191 9 9
195 191 9 9
195 192 9 9
196 194 9 9
196 183 9 9
197 181 9 9
197 184 9 9
198 184 9 9
198 182 9 9
199 196 9 9
199 187 9 9
180 199 9 9
180 193 9 9
181 189 9 9
181 194 9 9
202 201 10 10
202 200 10 10
203 200 10 10
203 201 10 10
204 200 10 10
204 201 10 10
205 201 10 10
205 200 10 10
206 201 10 10
206 205 10 10
207 200 10 10
207 202 10 10
208 200 10 10
208 203 10 10
209 208 10 10
209 203 10 10
210 205 10 10
210 204 10 10
211 207 10 10
211 202 10 10
212 207 10 10
212 208 10 10
213 200 10 10
213 212 10 10
214 207 10 10
214 201 10 10
215 201 10 10
215 209 10 10
216 205 10 10
216 204 10 10
217 216 10 10
217 206 10 10
218 204 10 10
218 203 10 10
219 208 10 10
219 218 10 10
200 218 10 10
200 215 10 10
201 208 10 10
201 219 10 10
222 221 11 11
222 220 11 11
223 220 11 11
223 221 11 11
224 221 11 11
224 220 11 11
225 222 11 11
225 220 11 11
226 221 11 11
226 223 11 11
227 220 11 11
227 221 11 11
228 223 11 11
228 225 11 11
229 225 11 11
229 223 11 11
230 226 11 11
230 225 11 11
231 221 11 11
231 228 11 11
232 226 11 11
232 222 11 11
233 230 11 11
233 225 11 11
234 226 11 11
234 223 11 11
235 225 11 11
235 233 11 11
236 227 11 11
236 221 11 11
237 233 11 11
237 236 11 11
238 232 11 11
238 226 11 11
239 234 11 11
239 231 11 11
220 228 11 11
220 231 11 11
221 228 11 11
221 237 11 11
242 240 12 12
242 241 12 12
243 242 12 12
243 241 12 12
244 243 12 12
244 242 12 12
245 242 12 12
245 244 12 12
246 242 12 12
246 241 12 12
247 245 12 12
247 242 12 12
248 240 12 12
248 247 12 12
249 241 12 12
249 246 12 12
250 245 12 12
250 242 12 12
251 244 12 12
251 248 12 12
252 240 12 12
252 249 12 12
253 243 12 12
253 244 12 12
254 246 12 12
254 245 12 12
255 241 12 12
255 243 12 12
256 247 12 12
256 251 12 12
257 246 12 12
257 252 12 12
258 242 12 12
258 256 12 12
259 241 12 12
259 253 12 12
240 247 12 12
240 254 12 12
241 250 12 12
241 252 12 12
262 261 13 13
262 260 13 13
263 262 13 13
263 261 13 13
264 263 13 13
264 261 13 13
265 261 13 13
265 263 13 13
266 265 13 13
266 263 13 13
267 262 13 13
267 263 13 13
268 266 13 13
268 264 13 13
269 267 13 13
269 264 13 13
270 265 13 13
270 268 13 13
271 262 13 13
271 265 13 13
272 268 13 13
272 262 13 13
273 265 13 13
273 267 13 13
274 264 13 13
274 269 13 13
275 269 13 13
275 274 13 13
276 260 13 13
276 270 13 13
277 276 13 13
277 271 13 13
278 276 13 13
278 266 13 13
279 271 13 13
279 261 13 13
260 277 13 13
260 267 13 13
261 276 13 13
261 275 13 13
282 280 14 14
282 281 14 14
283 281 14 14
283 280 14 14
284 281 14 14
284 283 14 14
285 283 14 14
285 280 14 14
286 283 14 14
286 285 14 14
287 281 14 14
287 286 14 14
288 282 14 14
288 281 14 14
289 284 14 14
289 285 14 14
290 285 14 14
290 289 14 14
291 281 14 14
291 280 14 14
292 282 14 14
292 285 14 14
293 280 14 14
293 282 14 14
294 292 14 14
294 293 14 14
295 284 14 14
295 281 14 14
296 286 14 14
296 289 14 14
297 280 14 14
297 295 14 14
298 286 14 14
298 284 14 14
299 287 14 14
299 296 14 14
280 288 14 14
280 286 14 14
281 298 14 14
281 286 14 14
302 300 15 15
302 301 15 15
303 302 15 15
303 301 15 15
304 303 15 15
304 301 15 15
305 300 15 15
305 301 15 15
306 305 15 15
306 302 15 15
307 306 15 15
307 304 15 15
308 304 15 15
308 303 15 15
309 301 15 15
309 308 15 15
310 303 15 15
310 301 15 15
311 301 15 15
311 309 15 15
312 304 15 15
312 302 15 15
313 310 15 15
313 301 15 15
314 306 15 15
314 308 15 15
315 312 15 15
315 309 15 15
316 308 15 15
316 315 15 15
317 306 15 15
317 302 15 15
318 304 15 15
318 308 15 15
319 306 15 15
319 300 15 15
300 307 15 15
300 318 15 15
301 319 15 15
301 315 15 15
58 35 2 1
57 16 2 0
68 14 3 0
63 41 3 2
94 41 4 2
93 78 4 3
105 7 5 0
104 52 5 2
129 115 6 5
126 14 6 0
142 33 7 1
147 41 7 2
170 132 8 6
169 52 8 2
187 93 9 4
196 78 9 3
211 0 10 0
206 157 10 7
235 71 11 3
220 156 11 7
246 150 12 7
250 101 12 5
271 145 13 7
265 14 13 0
286 211 14 10
288 24 14 1
319 122 15 6
300 275 15 13
12 289 0 14
15 232 0 11
25 182 1 9
23 100 1 5
