swNum = 320
edgeNum = 672

0 0
1 0
2 0
3 0
4 0
5 0
6 0
7 0
8 0
9 0
10 0
11 0
12 0
13 0
14 0
15 0
16 0
17 0
18 0
19 0
20 1
21 1
22 1
23 1
24 1
25 1
26 1
27 1
28 1
29 1
30 1
31 1
32 1
33 1
34 1
35 1
36 1
37 1
38 1
39 1
40 2
41 2
42 2
43 2
44 2
45 2
46 2
47 2
48 2
49 2
50 2
51 2
52 2
53 2
54 2
55 2
56 2
57 2
58 2
59 2
60 3
61 3
62 3
63 3
64 3
65 3
66 3
67 3
68 3
69 3
70 3
71 3
72 3
73 3
74 3
75 3
76 3
77 3
78 3
79 3
80 4
81 4
82 4
83 4
84 4
85 4
86 4
87 4
88 4
89 4
90 4
91 4
92 4
93 4
94 4
95 4
96 4
97 4
98 4
99 4
100 5
101 5
102 5
103 5
104 5
105 5
106 5
107 5
108 5
109 5
110 5
111 5
112 5
113 5
114 5
115 5
116 5
117 5
118 5
119 5
120 6
121 6
122 6
123 6
124 6
125 6
126 6
127 6
128 6
129 6
130 6
131 6
132 6
133 6
134 6
135 6
136 6
137 6
138 6
139 6
140 7
141 7
142 7
143 7
144 7
145 7
146 7
147 7
148 7
149 7
150 7
151 7
152 7
153 7
154 7
155 7
156 7
157 7
158 7
159 7
160 8
161 8
162 8
163 8
164 8
165 8
166 8
167 8
168 8
169 8
170 8
171 8
172 8
173 8
174 8
175 8
176 8
177 8
178 8
179 8
180 9
181 9
182 9
183 9
184 9
185 9
186 9
187 9
188 9
189 9
190 9
191 9
192 9
193 9
194 9
195 9
196 9
197 9
198 9
199 9
200 10
201 10
202 10
203 10
204 10
205 10
206 10
207 10
208 10
209 10
210 10
211 10
212 10
213 10
214 10
215 10
216 10
217 10
218 10
219 10
220 11
221 11
222 11
223 11
224 11
225 11
226 11
227 11
228 11
229 11
230 11
231 11
232 11
233 11
234 11
235 11
236 11
237 11
238 11
239 11
240 12
241 12
242 12
243 12
244 12
245 12
246 12
247 12
248 12
249 12
250 12
251 12
252 12
253 12
254 12
255 12
256 12
257 12
258 12
259 12
260 13
261 13
262 13
263 13
264 13
265 13
266 13
267 13
268 13
269 13
270 13
271 13
272 13
273 13
274 13
275 13
276 13
277 13
278 13
279 13
280 14
281 14
282 14
283 14
284 14
285 14
286 14
287 14
288 14
289 14
290 14
291 14
292 14
293 14
294 14
295 14
296 14
297 14
298 14
299 14
300 15
301 15
302 15
303 15
304 15
305 15
306 15
307 15
308 15
309 15
310 15
311 15
312 15
313 15
314 15
315 15
316 15
317 15
318 15
319 15

2 1 0 0
2 0 0 0
3 2 0 0
3 1 0 0
4 1 0 0
4 3 0 0
5 4 0 0
5 3 0 0
6 1 0 0
6 0 0 0
7 1 0 0
7 4 0 0
8 0 0 0
8 5 0 0
9 1 0 0
9 3 0 0
10 1 0 0
10 3 0 0
11 9 0 0
11 1 0 0
12 4 0 0
12 1 0 0
13 2 0 0
13 0 0 0
14 0 0 0
14 12 0 0
15 5 0 0
15 11 0 0
16 0 0 0
16 6 0 0
17 16 0 0
17 1 0 0
18 6 0 0
18 17 0 0
19 17 0 0
19 18 0 0
0 17 0 0
0 15 0 0
1 15 0 0
1 8 0 0
22 21 1 1
22 20 1 1
23 22 1 1
23 20 1 1
24 23 1 1
24 21 1 1
25 22 1 1
25 20 1 1
26 20 1 1
26 24 1 1
27 25 1 1
27 21 1 1
28 20 1 1
28 27 1 1
29 27 1 1
29 28 1 1
30 25 1 1
30 22 1 1
31 29 1 1
31 25 1 1
32 24 1 1
32 25 1 1
33 22 1 1
33 26 1 1
34 20 1 1
34 25 1 1
35 20 1 1
35 24 1 1
36 28 1 1
36 32 1 1
37 23 1 1
37 24 1 1
38 30 1 1
38 21 1 1
39 22 1 1
39 37 1 1
20 38 1 1
20 37 1 1
21 28 1 1
21 25 1 1
42 41 2 2
42 40 2 2
43 41 2 2
43 40 2 2
44 42 2 2
44 40 2 2
45 44 2 2
45 43 2 2
46 42 2 2
46 44 2 2
47 40 2 2
47 45 2 2
48 44 2 2
48 45 2 2
49 47 2 2
49 40 2 2
50 47 2 2
50 40 2 2
51 40 2 2
51 41 2 2
52 40 2 2
52 44 2 2
53 41 2 2
53 50 2 2
54 44 2 2
54 46 2 2
55 43 2 2
55 50 2 2
56 42 2 2
56 54 2 2
57 44 2 2
57 55 2 2
58 55 2 2
58 40 2 2
59 46 2 2
59 55 2 2
40 55 2 2
40 53 2 2
41 50 2 2
41 58 2 2
62 60 3 3
62 61 3 3
63 61 3 3
63 60 3 3
64 63 3 3
64 61 3 3
65 62 3 3
65 64 3 3
66 63 3 3
66 64 3 3
67 66 3 3
67 64 3 3
68 62 3 3
68 61 3 3
69 66 3 3
69 65 3 3
70 61 3 3
70 66 3 3
71 62 3 3
71 60 3 3
72 71 3 3
72 62 3 3
73 68 3 3
73 69 3 3
74 71 3 3
74 70 3 3
75 63 3 3
75 66 3 3
76 73 3 3
76 65 3 3
77 63 3 3
77 74 3 3
78 68 3 3
78 60 3 3
79 62 3 3
79 71 3 3
60 72 3 3
60 74 3 3
61 72 3 3
61 67 3 3
82 80 4 4
82 81 4 4
83 80 4 4
83 82 4 4
84 83 4 4
84 80 4 4
85 80 4 4
85 82 4 4
86 82 4 4
86 81 4 4
87 82 4 4
87 83 4 4
88 85 4 4
88 87 4 4
89 81 4 4
89 83 4 4
90 85 4 4
90 89 4 4
91 90 4 4
91 80 4 4
92 88 4 4
92 83 4 4
93 87 4 4
93 92 4 4
94 86 4 4
94 84 4 4
95 81 4 4
95 87 4 4
96 95 4 4
96 87 4 4
97 94 4 4
97 93 4 4
98 85 4 4
98 90 4 4
99 87 4 4
99 93 4 4
80 86 4 4
80 90 4 4
81 87 4 4
81 99 4 4
102 100 5 5
102 101 5 5
103 102 5 5
103 101 5 5
104 102 5 5
104 103 5 5
105 102 5 5
105 103 5 5
106 101 5 5
106 104 5 5
107 104 5 5
107 100 5 5
108 100 5 5
108 102 5 5
109 101 5 5
109 104 5 5
110 106 5 5
110 105 5 5
111 100 5 5
111 101 5 5
112 103 5 5
112 106 5 5
113 105 5 5
113 100 5 5
114 111 5 5
114 109 5 5
115 100 5 5
115 111 5 5
116 103 5 5
116 104 5 5
117 102 5 5
117 112 5 5
118 100 5 5
118 110 5 5
119 102 5 5
119 104 5 5
100 105 5 5
100 109 5 5
101 104 5 5
101 119 5 5
122 121 6 6
122 120 6 6
123 122 6 6
123 120 6 6
124 123 6 6
124 122 6 6
125 120 6 6
125 124 6 6
126 123 6 6
126 122 6 6
127 126 6 6
127 121 6 6
128 122 6 6
128 124 6 6
129 128 6 6
129 120 6 6
130 124 6 6
130 129 6 6
131 120 6 6
131 125 6 6
132 130 6 6
132 122 6 6
133 126 6 6
133 122 6 6
134 130 6 6
134 120 6 6
135 132 6 6
135 134 6 6
136 134 6 6
136 121 6 6
137 131 6 6
137 122 6 6
138 121 6 6
138 136 6 6
139 124 6 6
139 122 6 6
120 135 6 6
120 136 6 6
121 132 6 6
121 133 6 6
142 141 7 7
142 140 7 7
143 141 7 7
143 142 7 7
144 143 7 7
144 142 7 7
145 141 7 7
145 140 7 7
146 145 7 7
146 143 7 7
147 144 7 7
147 141 7 7
148 144 7 7
148 143 7 7
149 147 7 7
149 144 7 7
150 143 7 7
150 144 7 7
151 140 7 7
151 142 7 7
152 141 7 7
152 148 7 7
153 142 7 7
153 150 7 7
154 143 7 7
154 148 7 7
155 153 7 7
155 141 7 7
156 144 7 7
156 151 7 7
157 154 7 7
157 142 7 7
158 147 7 7
158 141 7 7
159 151 7 7
159 155 7 7
140 156 7 7
140 155 7 7
141 151 7 7
141 148 7 7
162 161 8 8
162 160 8 8
163 161 8 8
163 160 8 8
164 160 8 8
164 162 8 8
165 162 8 8
165 164 8 8
166 164 8 8
166 163 8 8
167 160 8 8
167 162 8 8
168 166 8 8
168 165 8 8
169 165 8 8
169 162 8 8
170 167 8 8
170 166 8 8
171 163 8 8
171 166 8 8
172 170 8 8
172 168 8 8
173 172 8 8
173 160 8 8
174 165 8 8
174 169 8 8
175 164 8 8
175 165 8 8
176 174 8 8
176 162 8 8
177 160 8 8
177 165 8 8
178 164 8 8
178 166 8 8
179 177 8 8
179 171 8 8
160 178 8 8
160 175 8 8
161 170 8 8
161 176 8 8
182 181 9 9
182 180 9 9
183 181 9 9
183 180 9 9
184 182 9 9
184 183 9 9
185 182 9 9
185 180 9 9
186 183 9 9
186 181 9 9
187 182 9 9
187 181 9 9
188 182 9 9
188 187 9 9
189 180 9 9
189 187 9 9
190 184 9 9
190 182 9 9
191 190 9 9
191 182 9 9
192 182 9 9
192 187 9 9
193 192 9 9
193 190 9 9
194 180 9 9
194 183 9 9
195 192 9 9
195 183 9 9
196 186 9 9
196 193 9 9
197 186 9 9
197 193 9 9
198 195 9 9
198 184 9 9
199 181 9 9
199 196 9 9
180 186 9 9
180 198 9 9
181 197 9 9
181 198 9 9
202 201 10 10
202 200 10 10
203 201 10 10
203 200 10 10
204 200 10 10
204 201 10 10
205 204 10 10
205 203 10 10
206 204 10 10
206 202 10 10
207 200 10 10
207 204 10 10
208 207 10 10
208 200 10 10
209 204 10 10
209 206 10 10
210 204 10 10
210 201 10 10
211 206 10 10
211 205 10 10
212 204 10 10
212 207 10 10
213 204 10 10
213 208 10 10
214 213 10 10
214 203 10 10
215 201 10 10
215 210 10 10
216 205 10 10
216 200 10 10
217 213 10 10
217 205 10 10
218 210 10 10
218 202 10 10
219 212 10 10
219 200 10 10
200 214 10 10
200 211 10 10
201 214 10 10
201 212 10 10
222 221 11 11
222 220 11 11
223 221 11 11
223 220 11 11
224 223 11 11
224 222 11 11
225 223 11 11
225 221 11 11
226 221 11 11
226 223 11 11
227 220 11 11
227 223 11 11
228 223 11 11
228 227 11 11
229 228 11 11
229 223 11 11
230 221 11 11
230 220 11 11
231 225 11 11
231 230 11 11
232 221 11 11
232 228 11 11
233 222 11 11
233 232 11 11
234 228 11 11
234 222 11 11
235 232 11 11
235 231 11 11
236 231 11 11
236 230 11 11
237 223 11 11
237 222 11 11
238 227 11 11
238 235 11 11
239 231 11 11
239 238 11 11
220 226 11 11
220 237 11 11
221 228 11 11
221 227 11 11
242 241 12 12
242 240 12 12
243 242 12 12
243 240 12 12
244 242 12 12
244 241 12 12
245 243 12 12
245 242 12 12
246 245 12 12
246 242 12 12
247 246 12 12
247 242 12 12
248 246 12 12
248 245 12 12
249 247 12 12
249 245 12 12
250 244 12 12
250 248 12 12
251 244 12 12
251 247 12 12
252 242 12 12
252 247 12 12
253 242 12 12
253 252 12 12
254 252 12 12
254 253 12 12
255 240 12 12
255 254 12 12
256 250 12 12
256 252 12 12
257 248 12 12
257 241 12 12
258 250 12 12
258 256 12 12
259 246 12 12
259 244 12 12
240 249 12 12
240 247 12 12
241 251 12 12
241 249 12 12
262 260 13 13
262 261 13 13
263 260 13 13
263 262 13 13
264 263 13 13
264 262 13 13
265 261 13 13
265 262 13 13
266 262 13 13
266 260 13 13
267 260 13 13
267 265 13 13
268 267 13 13
268 260 13 13
269 265 13 13
269 261 13 13
270 263 13 13
270 265 13 13
271 267 13 13
271 263 13 13
272 263 13 13
272 260 13 13
273 264 13 13
273 261 13 13
274 270 13 13
274 265 13 13
275 267 13 13
275 262 13 13
276 262 13 13
276 273 13 13
277 265 13 13
277 271 13 13
278 263 13 13
278 267 13 13
279 261 13 13
279 265 13 13
260 264 13 13
260 265 13 13
261 263 13 13
261 270 13 13
282 280 14 14
282 281 14 14
283 280 14 14
283 282 14 14
284 282 14 14
284 283 14 14
285 284 14 14
285 283 14 14
286 280 14 14
286 281 14 14
287 281 14 14
287 286 14 14
288 286 14 14
288 280 14 14
289 280 14 14
289 286 14 14
290 285 14 14
290 283 14 14
291 286 14 14
291 285 14 14
292 289 14 14
292 287 14 14
293 282 14 14
293 284 14 14
294 293 14 14
294 289 14 14
295 286 14 14
295 284 14 14
296 282 14 14
296 292 14 14
297 286 14 14
297 295 14 14
298 292 14 14
298 286 14 14
299 294 14 14
299 292 14 14
280 297 14 14
280 285 14 14
281 291 14 14
281 297 14 14
302 301 15 15
302 300 15 15
303 300 15 15
303 301 15 15
304 303 15 15
304 301 15 15
305 301 15 15
305 303 15 15
306 302 15 15
306 301 15 15
307 304 15 15
307 306 15 15
308 304 15 15
308 302 15 15
309 303 15 15
309 300 15 15
310 307 15 15
310 303 15 15
311 300 15 15
311 303 15 15
312 301 15 15
312 308 15 15
313 306 15 15
313 304 15 15
314 313 15 15
314 301 15 15
315 302 15 15
315 301 15 15
316 302 15 15
316 304 15 15
317 316 15 15
317 307 15 15
318 302 15 15
318 317 15 15
319 311 15 15
319 309 15 15
300 305 15 15
300 307 15 15
301 309 15 15
301 319 15 15
57 4 2 0
55 27 2 1
79 15 3 0
73 49 3 2
88 54 4 2
88 66 4 3
114 71 5 3
114 52 5 2
125 39 6 1
126 43 6 2
157 88 7 4
153 30 7 1
174 47 8 2
161 105 8 5
190 69 9 3
180 124 9 6
209 104 10 5
213 11 10 0
231 52 11 2
227 205 11 10
258 68 12 3
258 51 12 2
260 123 13 6
260 150 13 7
299 262 14 13
299 11 14 0
308 42 15 2
308 134 15 6
19 86 0 4
14 223 0 11
21 205 1 10
23 274 1 13
