swNum = 320
edgeNum = 672

0 0
1 0
2 0
3 0
4 0
5 0
6 0
7 0
8 0
9 0
10 0
11 0
12 0
13 0
14 0
15 0
16 0
17 0
18 0
19 0
20 1
21 1
22 1
23 1
24 1
25 1
26 1
27 1
28 1
29 1
30 1
31 1
32 1
33 1
34 1
35 1
36 1
37 1
38 1
39 1
40 2
41 2
42 2
43 2
44 2
45 2
46 2
47 2
48 2
49 2
50 2
51 2
52 2
53 2
54 2
55 2
56 2
57 2
58 2
59 2
60 3
61 3
62 3
63 3
64 3
65 3
66 3
67 3
68 3
69 3
70 3
71 3
72 3
73 3
74 3
75 3
76 3
77 3
78 3
79 3
80 4
81 4
82 4
83 4
84 4
85 4
86 4
87 4
88 4
89 4
90 4
91 4
92 4
93 4
94 4
95 4
96 4
97 4
98 4
99 4
100 5
101 5
102 5
103 5
104 5
105 5
106 5
107 5
108 5
109 5
110 5
111 5
112 5
113 5
114 5
115 5
116 5
117 5
118 5
119 5
120 6
121 6
122 6
123 6
124 6
125 6
126 6
127 6
128 6
129 6
130 6
131 6
132 6
133 6
134 6
135 6
136 6
137 6
138 6
139 6
140 7
141 7
142 7
143 7
144 7
145 7
146 7
147 7
148 7
149 7
150 7
151 7
152 7
153 7
154 7
155 7
156 7
157 7
158 7
159 7
160 8
161 8
162 8
163 8
164 8
165 8
166 8
167 8
168 8
169 8
170 8
171 8
172 8
173 8
174 8
175 8
176 8
177 8
178 8
179 8
180 9
181 9
182 9
183 9
184 9
185 9
186 9
187 9
188 9
189 9
190 9
191 9
192 9
193 9
194 9
195 9
196 9
197 9
198 9
199 9
200 10
201 10
202 10
203 10
204 10
205 10
206 10
207 10
208 10
209 10
210 10
211 10
212 10
213 10
214 10
215 10
216 10
217 10
218 10
219 10
220 11
221 11
222 11
223 11
224 11
225 11
226 11
227 11
228 11
229 11
230 11
231 11
232 11
233 11
234 11
235 11
236 11
237 11
238 11
239 11
240 12
241 12
242 12
243 12
244 12
245 12
246 12
247 12
248 12
249 12
250 12
251 12
252 12
253 12
254 12
255 12
256 12
257 12
258 12
259 12
260 13
261 13
262 13
263 13
264 13
265 13
266 13
267 13
268 13
269 13
270 13
271 13
272 13
273 13
274 13
275 13
276 13
277 13
278 13
279 13
280 14
281 14
282 14
283 14
284 14
285 14
286 14
287 14
288 14
289 14
290 14
291 14
292 14
293 14
294 14
295 14
296 14
297 14
298 14
299 14
300 15
301 15
302 15
303 15
304 15
305 15
306 15
307 15
308 15
309 15
310 15
311 15
312 15
313 15
314 15
315 15
316 15
317 15
318 15
319 15

2 1 0 0
2 0 0 0
3 1 0 0
3 2 0 0
4 2 0 0
4 0 0 0
5 0 0 0
5 1 0 0
6 5 0 0
6 0 0 0
7 1 0 0
7 6 0 0
8 6 0 0
8 7 0 0
9 2 0 0
9 0 0 0
10 6 0 0
10 2 0 0
11 9 0 0
11 0 0 0
12 10 0 0
12 3 0 0
13 9 0 0
13 1 0 0
14 9 0 0
14 1 0 0
15 3 0 0
15 5 0 0
16 1 0 0
16 10 0 0
17 13 0 0
17 4 0 0
18 11 0 0
18 8 0 0
19 10 0 0
19 0 0 0
0 8 0 0
0 7 0 0
1 11 0 0
1 17 0 0
22 20 1 1
22 21 1 1
23 22 1 1
23 20 1 1
24 23 1 1
24 20 1 1
25 21 1 1
25 24 1 1
26 22 1 1
26 21 1 1
27 21 1 1
27 25 1 1
28 22 1 1
28 24 1 1
29 20 1 1
29 27 1 1
30 24 1 1
30 20 1 1
31 25 1 1
31 26 1 1
32 24 1 1
32 28 1 1
33 25 1 1
33 26 1 1
34 25 1 1
34 31 1 1
35 31 1 1
35 27 1 1
36 34 1 1
36 31 1 1
37 31 1 1
37 35 1 1
38 21 1 1
38 24 1 1
39 33 1 1
39 29 1 1
20 34 1 1
20 25 1 1
21 34 1 1
21 39 1 1
42 41 2 2
42 40 2 2
43 40 2 2
43 41 2 2
44 42 2 2
44 41 2 2
45 44 2 2
45 43 2 2
46 42 2 2
46 43 2 2
47 43 2 2
47 44 2 2
48 42 2 2
48 47 2 2
49 45 2 2
49 41 2 2
50 45 2 2
50 47 2 2
51 50 2 2
51 45 2 2
52 51 2 2
52 50 2 2
53 44 2 2
53 47 2 2
54 47 2 2
54 50 2 2
55 41 2 2
55 44 2 2
56 45 2 2
56 51 2 2
57 52 2 2
57 43 2 2
58 52 2 2
58 43 2 2
59 54 2 2
59 45 2 2
40 50 2 2
40 57 2 2
41 54 2 2
41 57 2 2
62 60 3 3
62 61 3 3
63 60 3 3
63 61 3 3
64 61 3 3
64 62 3 3
65 64 3 3
65 63 3 3
66 65 3 3
66 61 3 3
67 66 3 3
67 62 3 3
68 64 3 3
68 66 3 3
69 66 3 3
69 64 3 3
70 66 3 3
70 64 3 3
71 61 3 3
71 60 3 3
72 71 3 3
72 61 3 3
73 68 3 3
73 70 3 3
74 66 3 3
74 71 3 3
75 60 3 3
75 70 3 3
76 72 3 3
76 71 3 3
77 65 3 3
77 76 3 3
78 70 3 3
78 75 3 3
79 76 3 3
79 71 3 3
60 76 3 3
60 79 3 3
61 77 3 3
61 75 3 3
82 80 4 4
82 81 4 4
83 81 4 4
83 82 4 4
84 83 4 4
84 80 4 4
85 81 4 4
85 82 4 4
86 81 4 4
86 84 4 4
87 86 4 4
87 85 4 4
88 82 4 4
88 83 4 4
89 87 4 4
89 84 4 4
90 80 4 4
90 82 4 4
91 89 4 4
91 80 4 4
92 80 4 4
92 86 4 4
93 89 4 4
93 87 4 4
94 93 4 4
94 87 4 4
95 87 4 4
95 93 4 4
96 87 4 4
96 88 4 4
97 82 4 4
97 83 4 4
98 88 4 4
98 89 4 4
99 94 4 4
99 92 4 4
80 96 4 4
80 93 4 4
81 94 4 4
81 95 4 4
102 101 5 5
102 100 5 5
103 101 5 5
103 102 5 5
104 101 5 5
104 103 5 5
105 104 5 5
105 102 5 5
106 102 5 5
106 100 5 5
107 100 5 5
107 102 5 5
108 105 5 5
108 103 5 5
109 104 5 5
109 100 5 5
110 108 5 5
110 106 5 5
111 105 5 5
111 109 5 5
112 104 5 5
112 109 5 5
113 112 5 5
113 100 5 5
114 102 5 5
114 110 5 5
115 102 5 5
115 110 5 5
116 109 5 5
116 112 5 5
117 109 5 5
117 105 5 5
118 110 5 5
118 115 5 5
119 103 5 5
119 102 5 5
100 116 5 5
100 118 5 5
101 114 5 5
101 111 5 5
122 120 6 6
122 121 6 6
123 120 6 6
123 122 6 6
124 123 6 6
124 120 6 6
125 123 6 6
125 121 6 6
126 122 6 6
126 121 6 6
127 121 6 6
127 122 6 6
128 126 6 6
128 120 6 6
129 122 6 6
129 126 6 6
130 127 6 6
130 125 6 6
131 126 6 6
131 127 6 6
132 124 6 6
132 127 6 6
133 126 6 6
133 129 6 6
134 124 6 6
134 133 6 6
135 129 6 6
135 126 6 6
136 121 6 6
136 128 6 6
137 135 6 6
137 130 6 6
138 124 6 6
138 125 6 6
139 124 6 6
139 129 6 6
120 127 6 6
120 133 6 6
121 124 6 6
121 137 6 6
142 140 7 7
142 141 7 7
143 142 7 7
143 140 7 7
144 143 7 7
144 140 7 7
145 140 7 7
145 141 7 7
146 143 7 7
146 142 7 7
147 145 7 7
147 144 7 7
148 147 7 7
148 144 7 7
149 147 7 7
149 145 7 7
150 144 7 7
150 143 7 7
151 142 7 7
151 146 7 7
152 149 7 7
152 150 7 7
153 151 7 7
153 143 7 7
154 150 7 7
154 143 7 7
155 145 7 7
155 142 7 7
156 147 7 7
156 154 7 7
157 148 7 7
157 147 7 7
158 144 7 7
158 154 7 7
159 152 7 7
159 157 7 7
140 147 7 7
140 159 7 7
141 144 7 7
141 143 7 7
162 161 8 8
162 160 8 8
163 162 8 8
163 161 8 8
164 161 8 8
164 163 8 8
165 160 8 8
165 164 8 8
166 161 8 8
166 160 8 8
167 165 8 8
167 166 8 8
168 167 8 8
168 166 8 8
169 161 8 8
169 167 8 8
170 167 8 8
170 169 8 8
171 162 8 8
171 161 8 8
172 168 8 8
172 161 8 8
173 160 8 8
173 168 8 8
174 161 8 8
174 171 8 8
175 170 8 8
175 161 8 8
176 172 8 8
176 175 8 8
177 168 8 8
177 161 8 8
178 177 8 8
178 173 8 8
179 160 8 8
179 167 8 8
160 168 8 8
160 167 8 8
161 167 8 8
161 168 8 8
182 180 9 9
182 181 9 9
183 180 9 9
183 181 9 9
184 182 9 9
184 183 9 9
185 180 9 9
185 183 9 9
186 182 9 9
186 181 9 9
187 182 9 9
187 184 9 9
188 186 9 9
188 180 9 9
189 181 9 9
189 188 9 9
190 186 9 9
190 182 9 9
191 189 9 9
191 184 9 9
192 187 9 9
192 184 9 9
193 182 9 9
193 191 9 9
194 184 9 9
194 183 9 9
195 183 9 9
195 193 9 9
196 189 9 9
196 188 9 9
197 185 9 9
197 183 9 9
198 191 9 9
198 195 9 9
199 187 9 9
199 184 9 9
180 196 9 9
180 195 9 9
181 188 9 9
181 194 9 9
202 200 10 10
202 201 10 10
203 200 10 10
203 201 10 10
204 202 10 10
204 201 10 10
205 200 10 10
205 201 10 10
206 203 10 10
206 201 10 10
207 201 10 10
207 203 10 10
208 203 10 10
208 205 10 10
209 208 10 10
209 207 10 10
210 207 10 10
210 200 10 10
211 207 10 10
211 203 10 10
212 200 10 10
212 207 10 10
213 207 10 10
213 211 10 10
214 208 10 10
214 201 10 10
215 206 10 10
215 210 10 10
216 203 10 10
216 211 10 10
217 211 10 10
217 210 10 10
218 217 10 10
218 202 10 10
219 213 10 10
219 214 10 10
200 209 10 10
200 208 10 10
201 212 10 10
201 208 10 10
222 220 11 11
222 221 11 11
223 220 11 11
223 221 11 11
224 220 11 11
224 221 11 11
225 223 11 11
225 224 11 11
226 225 11 11
226 224 11 11
227 226 11 11
227 225 11 11
228 226 11 11
228 227 11 11
229 221 11 11
229 227 11 11
230 228 11 11
230 224 11 11
231 220 11 11
231 230 11 11
232 223 11 11
232 226 11 11
233 229 11 11
233 230 11 11
234 226 11 11
234 224 11 11
235 229 11 11
235 224 11 11
236 223 11 11
236 229 11 11
237 233 11 11
237 221 11 11
238 227 11 11
238 228 11 11
239 234 11 11
239 232 11 11
220 229 11 11
220 226 11 11
221 236 11 11
221 235 11 11
242 240 12 12
242 241 12 12
243 240 12 12
243 241 12 12
244 240 12 12
244 243 12 12
245 242 12 12
245 241 12 12
246 240 12 12
246 243 12 12
247 243 12 12
247 246 12 12
248 241 12 12
248 243 12 12
249 245 12 12
249 248 12 12
250 246 12 12
250 248 12 12
251 247 12 12
251 244 12 12
252 244 12 12
252 250 12 12
253 251 12 12
253 243 12 12
254 248 12 12
254 246 12 12
255 252 12 12
255 253 12 12
256 241 12 12
256 254 12 12
257 245 12 12
257 250 12 12
258 244 12 12
258 242 12 12
259 244 12 12
259 247 12 12
240 249 12 12
240 259 12 12
241 250 12 12
241 255 12 12
262 261 13 13
262 260 13 13
263 261 13 13
263 262 13 13
264 262 13 13
264 263 13 13
265 263 13 13
265 261 13 13
266 263 13 13
266 262 13 13
267 262 13 13
267 261 13 13
268 260 13 13
268 266 13 13
269 267 13 13
269 265 13 13
270 266 13 13
270 263 13 13
271 264 13 13
271 267 13 13
272 268 13 13
272 264 13 13
273 270 13 13
273 271 13 13
274 264 13 13
274 271 13 13
275 267 13 13
275 266 13 13
276 267 13 13
276 263 13 13
277 261 13 13
277 264 13 13
278 265 13 13
278 267 13 13
279 272 13 13
279 260 13 13
260 274 13 13
260 273 13 13
261 275 13 13
261 271 13 13
282 281 14 14
282 280 14 14
283 281 14 14
283 280 14 14
284 281 14 14
284 280 14 14
285 284 14 14
285 280 14 14
286 285 14 14
286 280 14 14
287 281 14 14
287 284 14 14
288 283 14 14
288 282 14 14
289 288 14 14
289 284 14 14
290 282 14 14
290 280 14 14
291 289 14 14
291 287 14 14
292 284 14 14
292 286 14 14
293 288 14 14
293 281 14 14
294 292 14 14
294 283 14 14
295 292 14 14
295 284 14 14
296 284 14 14
296 291 14 14
297 285 14 14
297 283 14 14
298 285 14 14
298 293 14 14
299 289 14 14
299 285 14 14
280 294 14 14
280 292 14 14
281 286 14 14
281 299 14 14
302 301 15 15
302 300 15 15
303 302 15 15
303 301 15 15
304 303 15 15
304 302 15 15
305 304 15 15
305 303 15 15
306 301 15 15
306 302 15 15
307 306 15 15
307 302 15 15
308 304 15 15
308 300 15 15
309 302 15 15
309 301 15 15
310 300 15 15
310 305 15 15
311 301 15 15
311 308 15 15
312 302 15 15
312 308 15 15
313 312 15 15
313 300 15 15
314 309 15 15
314 302 15 15
315 307 15 15
315 302 15 15
316 306 15 15
316 312 15 15
317 313 15 15
317 301 15 15
318 306 15 15
318 317 15 15
319 315 15 15
319 302 15 15
300 319 15 15
300 316 15 15
301 310 15 15
301 308 15 15
50 30 2 1
54 8 2 0
69 58 3 2
60 35 3 1
80 51 4 2
82 77 4 3
116 27 5 1
115 1 5 0
132 64 6 3
125 0 6 0
143 79 7 3
146 95 7 4
166 11 8 0
175 60 8 3
196 79 9 3
180 82 9 4
212 134 10 6
207 116 10 5
233 212 11 10
238 36 11 1
259 104 12 5
246 208 12 10
263 62 13 3
275 201 13 10
285 263 14 13
285 36 14 1
315 57 15 2
310 94 15 4
18 294 0 14
18 263 0 13
25 180 1 9
20 148 1 7
