swNum = 320
edgeNum = 672

0 0
1 0
2 0
3 0
4 0
5 0
6 0
7 0
8 0
9 0
10 0
11 0
12 0
13 0
14 0
15 0
16 0
17 0
18 0
19 0
20 1
21 1
22 1
23 1
24 1
25 1
26 1
27 1
28 1
29 1
30 1
31 1
32 1
33 1
34 1
35 1
36 1
37 1
38 1
39 1
40 2
41 2
42 2
43 2
44 2
45 2
46 2
47 2
48 2
49 2
50 2
51 2
52 2
53 2
54 2
55 2
56 2
57 2
58 2
59 2
60 3
61 3
62 3
63 3
64 3
65 3
66 3
67 3
68 3
69 3
70 3
71 3
72 3
73 3
74 3
75 3
76 3
77 3
78 3
79 3
80 4
81 4
82 4
83 4
84 4
85 4
86 4
87 4
88 4
89 4
90 4
91 4
92 4
93 4
94 4
95 4
96 4
97 4
98 4
99 4
100 5
101 5
102 5
103 5
104 5
105 5
106 5
107 5
108 5
109 5
110 5
111 5
112 5
113 5
114 5
115 5
116 5
117 5
118 5
119 5
120 6
121 6
122 6
123 6
124 6
125 6
126 6
127 6
128 6
129 6
130 6
131 6
132 6
133 6
134 6
135 6
136 6
137 6
138 6
139 6
140 7
141 7
142 7
143 7
144 7
145 7
146 7
147 7
148 7
149 7
150 7
151 7
152 7
153 7
154 7
155 7
156 7
157 7
158 7
159 7
160 8
161 8
162 8
163 8
164 8
165 8
166 8
167 8
168 8
169 8
170 8
171 8
172 8
173 8
174 8
175 8
176 8
177 8
178 8
179 8
180 9
181 9
182 9
183 9
184 9
185 9
186 9
187 9
188 9
189 9
190 9
191 9
192 9
193 9
194 9
195 9
196 9
197 9
198 9
199 9
200 10
201 10
202 10
203 10
204 10
205 10
206 10
207 10
208 10
209 10
210 10
211 10
212 10
213 10
214 10
215 10
216 10
217 10
218 10
219 10
220 11
221 11
222 11
223 11
224 11
225 11
226 11
227 11
228 11
229 11
230 11
231 11
232 11
233 11
234 11
235 11
236 11
237 11
238 11
239 11
240 12
241 12
242 12
243 12
244 12
245 12
246 12
247 12
248 12
249 12
250 12
251 12
252 12
253 12
254 12
255 12
256 12
257 12
258 12
259 12
260 13
261 13
262 13
263 13
264 13
265 13
266 13
267 13
268 13
269 13
270 13
271 13
272 13
273 13
274 13
275 13
276 13
277 13
278 13
279 13
280 14
281 14
282 14
283 14
284 14
285 14
286 14
287 14
288 14
289 14
290 14
291 14
292 14
293 14
294 14
295 14
296 14
297 14
298 14
299 14
300 15
301 15
302 15
303 15
304 15
305 15
306 15
307 15
308 15
309 15
310 15
311 15
312 15
313 15
314 15
315 15
316 15
317 15
318 15
319 15

2 1 0 0
2 0 0 0
3 1 0 0
3 2 0 0
4 2 0 0
4 3 0 0
5 4 0 0
5 0 0 0
6 2 0 0
6 0 0 0
7 6 0 0
7 1 0 0
8 0 0 0
8 3 0 0
9 8 0 0
9 1 0 0
10 2 0 0
10 1 0 0
11 7 0 0
11 4 0 0
12 5 0 0
12 10 0 0
13 6 0 0
13 5 0 0
14 7 0 0
14 3 0 0
15 0 0 0
15 7 0 0
16 5 0 0
16 1 0 0
17 13 0 0
17 14 0 0
18 13 0 0
18 8 0 0
19 17 0 0
19 2 0 0
0 7 0 0
0 11 0 0
1 18 0 0
1 12 0 0
22 21 1 1
22 20 1 1
23 20 1 1
23 21 1 1
24 22 1 1
24 23 1 1
25 24 1 1
25 21 1 1
26 22 1 1
26 21 1 1
27 24 1 1
27 20 1 1
28 23 1 1
28 21 1 1
29 27 1 1
29 23 1 1
30 24 1 1
30 20 1 1
31 29 1 1
31 27 1 1
32 23 1 1
32 25 1 1
33 25 1 1
33 22 1 1
34 29 1 1
34 28 1 1
35 33 1 1
35 32 1 1
36 31 1 1
36 30 1 1
37 25 1 1
37 21 1 1
38 34 1 1
38 33 1 1
39 24 1 1
39 37 1 1
20 25 1 1
20 34 1 1
21 33 1 1
21 29 1 1
42 40 2 2
42 41 2 2
43 42 2 2
43 40 2 2
44 40 2 2
44 43 2 2
45 44 2 2
45 40 2 2
46 43 2 2
46 44 2 2
47 41 2 2
47 44 2 2
48 43 2 2
48 41 2 2
49 42 2 2
49 43 2 2
50 49 2 2
50 44 2 2
51 47 2 2
51 46 2 2
52 42 2 2
52 51 2 2
53 49 2 2
53 41 2 2
54 40 2 2
54 46 2 2
55 49 2 2
55 46 2 2
56 42 2 2
56 50 2 2
57 54 2 2
57 56 2 2
58 41 2 2
58 56 2 2
59 53 2 2
59 43 2 2
40 46 2 2
40 57 2 2
41 55 2 2
41 50 2 2
62 61 3 3
62 60 3 3
63 62 3 3
63 61 3 3
64 63 3 3
64 62 3 3
65 63 3 3
65 60 3 3
66 61 3 3
66 63 3 3
67 66 3 3
67 60 3 3
68 65 3 3
68 61 3 3
69 60 3 3
69 68 3 3
70 64 3 3
70 61 3 3
71 68 3 3
71 65 3 3
72 70 3 3
72 60 3 3
73 71 3 3
73 66 3 3
74 68 3 3
74 63 3 3
75 62 3 3
75 74 3 3
76 65 3 3
76 74 3 3
77 64 3 3
77 75 3 3
78 73 3 3
78 61 3 3
79 63 3 3
79 62 3 3
60 75 3 3
60 74 3 3
61 64 3 3
61 65 3 3
82 80 4 4
82 81 4 4
83 80 4 4
83 81 4 4
84 80 4 4
84 82 4 4
85 83 4 4
85 80 4 4
86 81 4 4
86 85 4 4
87 80 4 4
87 84 4 4
88 80 4 4
88 84 4 4
89 82 4 4
89 84 4 4
90 85 4 4
90 89 4 4
91 85 4 4
91 80 4 4
92 81 4 4
92 82 4 4
93 84 4 4
93 80 4 4
94 88 4 4
94 93 4 4
95 92 4 4
95 94 4 4
96 89 4 4
96 92 4 4
97 83 4 4
97 91 4 4
98 91 4 4
98 80 4 4
99 96 4 4
99 90 4 4
80 99 4 4
80 94 4 4
81 90 4 4
81 89 4 4
102 100 5 5
102 101 5 5
103 102 5 5
103 100 5 5
104 101 5 5
104 102 5 5
105 102 5 5
105 104 5 5
106 101 5 5
106 104 5 5
107 101 5 5
107 104 5 5
108 101 5 5
108 102 5 5
109 101 5 5
109 108 5 5
110 107 5 5
110 100 5 5
111 100 5 5
111 101 5 5
112 104 5 5
112 101 5 5
113 101 5 5
113 106 5 5
114 111 5 5
114 107 5 5
115 111 5 5
115 109 5 5
116 103 5 5
116 109 5 5
117 102 5 5
117 105 5 5
118 105 5 5
118 101 5 5
119 117 5 5
119 118 5 5
100 105 5 5
100 117 5 5
101 117 5 5
101 105 5 5
122 121 6 6
122 120 6 6
123 122 6 6
123 121 6 6
124 123 6 6
124 122 6 6
125 120 6 6
125 122 6 6
126 125 6 6
126 122 6 6
127 126 6 6
127 122 6 6
128 120 6 6
128 125 6 6
129 126 6 6
129 122 6 6
130 126 6 6
130 124 6 6
131 123 6 6
131 124 6 6
132 131 6 6
132 121 6 6
133 128 6 6
133 126 6 6
134 121 6 6
134 128 6 6
135 134 6 6
135 126 6 6
136 131 6 6
136 130 6 6
137 122 6 6
137 129 6 6
138 127 6 6
138 126 6 6
139 134 6 6
139 127 6 6
120 136 6 6
120 123 6 6
121 129 6 6
121 126 6 6
142 140 7 7
142 141 7 7
143 140 7 7
143 142 7 7
144 143 7 7
144 141 7 7
145 141 7 7
145 143 7 7
146 141 7 7
146 142 7 7
147 146 7 7
147 143 7 7
148 142 7 7
148 140 7 7
149 143 7 7
149 144 7 7
150 147 7 7
150 143 7 7
151 146 7 7
151 144 7 7
152 142 7 7
152 149 7 7
153 151 7 7
153 144 7 7
154 152 7 7
154 151 7 7
155 153 7 7
155 144 7 7
156 150 7 7
156 145 7 7
157 151 7 7
157 141 7 7
158 144 7 7
158 153 7 7
159 144 7 7
159 146 7 7
140 153 7 7
140 151 7 7
141 155 7 7
141 154 7 7
162 160 8 8
162 161 8 8
163 160 8 8
163 161 8 8
164 163 8 8
164 162 8 8
165 163 8 8
165 161 8 8
166 160 8 8
166 162 8 8
167 162 8 8
167 161 8 8
168 160 8 8
168 162 8 8
169 160 8 8
169 164 8 8
170 163 8 8
170 166 8 8
171 170 8 8
171 163 8 8
172 171 8 8
172 170 8 8
173 166 8 8
173 172 8 8
174 161 8 8
174 160 8 8
175 163 8 8
175 169 8 8
176 169 8 8
176 168 8 8
177 160 8 8
177 165 8 8
178 174 8 8
178 161 8 8
179 163 8 8
179 169 8 8
160 164 8 8
160 179 8 8
161 171 8 8
161 170 8 8
182 180 9 9
182 181 9 9
183 180 9 9
183 181 9 9
184 180 9 9
184 181 9 9
185 180 9 9
185 184 9 9
186 181 9 9
186 180 9 9
187 184 9 9
187 182 9 9
188 184 9 9
188 183 9 9
189 185 9 9
189 187 9 9
190 189 9 9
190 187 9 9
191 188 9 9
191 186 9 9
192 187 9 9
192 184 9 9
193 181 9 9
193 183 9 9
194 186 9 9
194 181 9 9
195 185 9 9
195 181 9 9
196 191 9 9
196 182 9 9
197 191 9 9
197 180 9 9
198 194 9 9
198 181 9 9
199 180 9 9
199 182 9 9
180 190 9 9
180 189 9 9
181 187 9 9
181 199 9 9
202 201 10 10
202 200 10 10
203 200 10 10
203 202 10 10
204 202 10 10
204 203 10 10
205 204 10 10
205 200 10 10
206 204 10 10
206 201 10 10
207 200 10 10
207 205 10 10
208 203 10 10
208 207 10 10
209 201 10 10
209 200 10 10
210 209 10 10
210 205 10 10
211 204 10 10
211 206 10 10
212 203 10 10
212 205 10 10
213 203 10 10
213 205 10 10
214 206 10 10
214 202 10 10
215 214 10 10
215 211 10 10
216 215 10 10
216 209 10 10
217 206 10 10
217 201 10 10
218 215 10 10
218 211 10 10
219 214 10 10
219 212 10 10
200 213 10 10
200 204 10 10
201 214 10 10
201 211 10 10
222 220 11 11
222 221 11 11
223 221 11 11
223 222 11 11
224 223 11 11
224 221 11 11
225 224 11 11
225 220 11 11
226 220 11 11
226 224 11 11
227 224 11 11
227 223 11 11
228 220 11 11
228 225 11 11
229 220 11 11
229 226 11 11
230 225 11 11
230 224 11 11
231 227 11 11
231 223 11 11
232 225 11 11
232 221 11 11
233 223 11 11
233 231 11 11
234 225 11 11
234 228 11 11
235 231 11 11
235 228 11 11
236 225 11 11
236 226 11 11
237 221 11 11
237 232 11 11
238 234 11 11
238 221 11 11
239 234 11 11
239 230 11 11
220 232 11 11
220 231 11 11
221 226 11 11
221 227 11 11
242 240 12 12
242 241 12 12
243 242 12 12
243 240 12 12
244 243 12 12
244 242 12 12
245 240 12 12
245 241 12 12
246 240 12 12
246 242 12 12
247 245 12 12
247 242 12 12
248 243 12 12
248 244 12 12
249 242 12 12
249 243 12 12
250 247 12 12
250 242 12 12
251 250 12 12
251 245 12 12
252 245 12 12
252 247 12 12
253 247 12 12
253 242 12 12
254 253 12 12
254 251 12 12
255 240 12 12
255 249 12 12
256 243 12 12
256 248 12 12
257 247 12 12
257 256 12 12
258 240 12 12
258 257 12 12
259 256 12 12
259 254 12 12
240 254 12 12
240 252 12 12
241 246 12 12
241 253 12 12
262 261 13 13
262 260 13 13
263 262 13 13
263 261 13 13
264 261 13 13
264 262 13 13
265 260 13 13
265 263 13 13
266 262 13 13
266 264 13 13
267 264 13 13
267 265 13 13
268 261 13 13
268 260 13 13
269 268 13 13
269 261 13 13
270 264 13 13
270 267 13 13
271 264 13 13
271 270 13 13
272 262 13 13
272 261 13 13
273 263 13 13
273 262 13 13
274 272 13 13
274 264 13 13
275 261 13 13
275 274 13 13
276 266 13 13
276 270 13 13
277 261 13 13
277 264 13 13
278 260 13 13
278 267 13 13
279 265 13 13
279 278 13 13
260 279 13 13
260 270 13 13
261 267 13 13
261 278 13 13
282 281 14 14
282 280 14 14
283 282 14 14
283 280 14 14
284 281 14 14
284 280 14 14
285 283 14 14
285 280 14 14
286 281 14 14
286 283 14 14
287 285 14 14
287 286 14 14
288 281 14 14
288 282 14 14
289 280 14 14
289 288 14 14
290 280 14 14
290 289 14 14
291 285 14 14
291 286 14 14
292 286 14 14
292 291 14 14
293 283 14 14
293 280 14 14
294 282 14 14
294 284 14 14
295 291 14 14
295 281 14 14
296 282 14 14
296 284 14 14
297 283 14 14
297 289 14 14
298 291 14 14
298 283 14 14
299 295 14 14
299 288 14 14
280 292 14 14
280 296 14 14
281 289 14 14
281 294 14 14
302 300 15 15
302 301 15 15
303 302 15 15
303 300 15 15
304 301 15 15
304 302 15 15
305 302 15 15
305 301 15 15
306 303 15 15
306 301 15 15
307 301 15 15
307 300 15 15
308 301 15 15
308 306 15 15
309 301 15 15
309 306 15 15
310 301 15 15
310 308 15 15
311 310 15 15
311 300 15 15
312 311 15 15
312 309 15 15
313 312 15 15
313 308 15 15
314 312 15 15
314 305 15 15
315 301 15 15
315 305 15 15
316 315 15 15
316 302 15 15
317 302 15 15
317 316 15 15
318 317 15 15
318 311 15 15
319 306 15 15
319 313 15 15
300 314 15 15
300 316 15 15
301 316 15 15
301 317 15 15
53 16 2 0
41 33 2 1
71 41 3 2
75 18 3 0
89 68 4 3
84 33 4 1
113 91 5 4
118 53 5 2
131 64 6 3
130 5 6 0
143 111 7 5
159 21 7 1
163 50 8 2
178 1 8 0
197 86 9 4
187 66 9 3
218 164 10 8
216 135 10 6
229 163 11 8
238 8 11 0
244 67 12 3
259 191 12 9
279 4 13 0
263 190 13 9
285 39 14 1
283 221 14 11
313 79 15 3
315 229 15 11
14 186 0 9
0 317 0 15
23 168 1 8
25 68 1 3
