swNum = 320
edgeNum = 672

0 0
1 0
2 0
3 0
4 0
5 0
6 0
7 0
8 0
9 0
10 0
11 0
12 0
13 0
14 0
15 0
16 0
17 0
18 0
19 0
20 1
21 1
22 1
23 1
24 1
25 1
26 1
27 1
28 1
29 1
30 1
31 1
32 1
33 1
34 1
35 1
36 1
37 1
38 1
39 1
40 2
41 2
42 2
43 2
44 2
45 2
46 2
47 2
48 2
49 2
50 2
51 2
52 2
53 2
54 2
55 2
56 2
57 2
58 2
59 2
60 3
61 3
62 3
63 3
64 3
65 3
66 3
67 3
68 3
69 3
70 3
71 3
72 3
73 3
74 3
75 3
76 3
77 3
78 3
79 3
80 4
81 4
82 4
83 4
84 4
85 4
86 4
87 4
88 4
89 4
90 4
91 4
92 4
93 4
94 4
95 4
96 4
97 4
98 4
99 4
100 5
101 5
102 5
103 5
104 5
105 5
106 5
107 5
108 5
109 5
110 5
111 5
112 5
113 5
114 5
115 5
116 5
117 5
118 5
119 5
120 6
121 6
122 6
123 6
124 6
125 6
126 6
127 6
128 6
129 6
130 6
131 6
132 6
133 6
134 6
135 6
136 6
137 6
138 6
139 6
140 7
141 7
142 7
143 7
144 7
145 7
146 7
147 7
148 7
149 7
150 7
151 7
152 7
153 7
154 7
155 7
156 7
157 7
158 7
159 7
160 8
161 8
162 8
163 8
164 8
165 8
166 8
167 8
168 8
169 8
170 8
171 8
172 8
173 8
174 8
175 8
176 8
177 8
178 8
179 8
180 9
181 9
182 9
183 9
184 9
185 9
186 9
187 9
188 9
189 9
190 9
191 9
192 9
193 9
194 9
195 9
196 9
197 9
198 9
199 9
200 10
201 10
202 10
203 10
204 10
205 10
206 10
207 10
208 10
209 10
210 10
211 10
212 10
213 10
214 10
215 10
216 10
217 10
218 10
219 10
220 11
221 11
222 11
223 11
224 11
225 11
226 11
227 11
228 11
229 11
230 11
231 11
232 11
233 11
234 11
235 11
236 11
237 11
238 11
239 11
240 12
241 12
242 12
243 12
244 12
245 12
246 12
247 12
248 12
249 12
250 12
251 12
252 12
253 12
254 12
255 12
256 12
257 12
258 12
259 12
260 13
261 13
262 13
263 13
264 13
265 13
266 13
267 13
268 13
269 13
270 13
271 13
272 13
273 13
274 13
275 13
276 13
277 13
278 13
279 13
280 14
281 14
282 14
283 14
284 14
285 14
286 14
287 14
288 14
289 14
290 14
291 14
292 14
293 14
294 14
295 14
296 14
297 14
298 14
299 14
300 15
301 15
302 15
303 15
304 15
305 15
306 15
307 15
308 15
309 15
310 15
311 15
312 15
313 15
314 15
315 15
316 15
317 15
318 15
319 15

2 0 0 0
2 1 0 0
3 1 0 0
3 0 0 0
4 0 0 0
4 2 0 0
5 1 0 0
5 0 0 0
6 4 0 0
6 1 0 0
7 3 0 0
7 6 0 0
8 4 0 0
8 3 0 0
9 3 0 0
9 7 0 0
10 4 0 0
10 7 0 0
11 4 0 0
11 6 0 0
12 7 0 0
12 4 0 0
13 1 0 0
13 12 0 0
14 8 0 0
14 12 0 0
15 4 0 0
15 10 0 0
16 8 0 0
16 15 0 0
17 7 0 0
17 15 0 0
18 13 0 0
18 17 0 0
19 12 0 0
19 10 0 0
0 10 0 0
0 11 0 0
1 17 0 0
1 7 0 0
22 21 1 1
22 20 1 1
23 20 1 1
23 22 1 1
24 21 1 1
24 23 1 1
25 23 1 1
25 22 1 1
26 21 1 1
26 22 1 1
27 25 1 1
27 20 1 1
28 22 1 1
28 27 1 1
29 22 1 1
29 28 1 1
30 28 1 1
30 26 1 1
31 27 1 1
31 30 1 1
32 25 1 1
32 22 1 1
33 25 1 1
33 32 1 1
34 32 1 1
34 25 1 1
35 27 1 1
35 32 1 1
36 32 1 1
36 33 1 1
37 33 1 1
37 29 1 1
38 32 1 1
38 35 1 1
39 33 1 1
39 25 1 1
20 38 1 1
20 31 1 1
21 31 1 1
21 36 1 1
42 40 2 2
42 41 2 2
43 42 2 2
43 40 2 2
44 42 2 2
44 41 2 2
45 41 2 2
45 40 2 2
46 44 2 2
46 42 2 2
47 44 2 2
47 46 2 2
48 45 2 2
48 41 2 2
49 45 2 2
49 47 2 2
50 45 2 2
50 43 2 2
51 49 2 2
51 50 2 2
52 49 2 2
52 50 2 2
53 45 2 2
53 49 2 2
54 44 2 2
54 51 2 2
55 51 2 2
55 40 2 2
56 47 2 2
56 44 2 2
57 53 2 2
57 45 2 2
58 42 2 2
58 44 2 2
59 52 2 2
59 48 2 2
40 52 2 2
40 53 2 2
41 57 2 2
41 51 2 2
62 60 3 3
62 61 3 3
63 60 3 3
63 62 3 3
64 63 3 3
64 60 3 3
65 62 3 3
65 64 3 3
66 65 3 3
66 60 3 3
67 66 3 3
67 60 3 3
68 66 3 3
68 65 3 3
69 62 3 3
69 65 3 3
70 63 3 3
70 60 3 3
71 70 3 3
71 64 3 3
72 66 3 3
72 61 3 3
73 72 3 3
73 63 3 3
74 67 3 3
74 70 3 3
75 74 3 3
75 62 3 3
76 69 3 3
76 73 3 3
77 72 3 3
77 68 3 3
78 68 3 3
78 69 3 3
79 73 3 3
79 77 3 3
60 65 3 3
60 68 3 3
61 66 3 3
61 65 3 3
82 80 4 4
82 81 4 4
83 82 4 4
83 80 4 4
84 82 4 4
84 81 4 4
85 81 4 4
85 80 4 4
86 81 4 4
86 84 4 4
87 81 4 4
87 86 4 4
88 81 4 4
88 85 4 4
89 81 4 4
89 80 4 4
90 80 4 4
90 82 4 4
91 86 4 4
91 80 4 4
92 91 4 4
92 90 4 4
93 89 4 4
93 82 4 4
94 89 4 4
94 87 4 4
95 94 4 4
95 80 4 4
96 81 4 4
96 93 4 4
97 81 4 4
97 80 4 4
98 92 4 4
98 94 4 4
99 84 4 4
99 85 4 4
80 88 4 4
80 92 4 4
81 94 4 4
81 91 4 4
102 101 5 5
102 100 5 5
103 101 5 5
103 100 5 5
104 100 5 5
104 103 5 5
105 104 5 5
105 102 5 5
106 102 5 5
106 103 5 5
107 106 5 5
107 104 5 5
108 102 5 5
108 105 5 5
109 100 5 5
109 101 5 5
110 105 5 5
110 103 5 5
111 110 5 5
111 102 5 5
112 101 5 5
112 108 5 5
113 112 5 5
113 110 5 5
114 112 5 5
114 103 5 5
115 111 5 5
115 113 5 5
116 103 5 5
116 112 5 5
117 109 5 5
117 101 5 5
118 112 5 5
118 113 5 5
119 113 5 5
119 111 5 5
100 116 5 5
100 113 5 5
101 108 5 5
101 118 5 5
122 120 6 6
122 121 6 6
123 121 6 6
123 120 6 6
124 122 6 6
124 120 6 6
125 120 6 6
125 121 6 6
126 124 6 6
126 121 6 6
127 122 6 6
127 124 6 6
128 122 6 6
128 124 6 6
129 123 6 6
129 125 6 6
130 127 6 6
130 122 6 6
131 123 6 6
131 124 6 6
132 130 6 6
132 121 6 6
133 128 6 6
133 127 6 6
134 127 6 6
134 130 6 6
135 123 6 6
135 130 6 6
136 121 6 6
136 126 6 6
137 122 6 6
137 121 6 6
138 130 6 6
138 123 6 6
139 127 6 6
139 133 6 6
120 129 6 6
120 132 6 6
121 139 6 6
121 129 6 6
142 140 7 7
142 141 7 7
143 142 7 7
143 141 7 7
144 142 7 7
144 143 7 7
145 142 7 7
145 144 7 7
146 142 7 7
146 145 7 7
147 141 7 7
147 143 7 7
148 140 7 7
148 145 7 7
149 146 7 7
149 145 7 7
150 140 7 7
150 149 7 7
151 141 7 7
151 143 7 7
152 145 7 7
152 143 7 7
153 149 7 7
153 148 7 7
154 149 7 7
154 143 7 7
155 153 7 7
155 143 7 7
156 146 7 7
156 148 7 7
157 142 7 7
157 143 7 7
158 147 7 7
158 153 7 7
159 142 7 7
159 156 7 7
140 152 7 7
140 157 7 7
141 153 7 7
141 158 7 7
162 161 8 8
162 160 8 8
163 160 8 8
163 161 8 8
164 161 8 8
164 162 8 8
165 160 8 8
165 162 8 8
166 161 8 8
166 164 8 8
167 165 8 8
167 162 8 8
168 164 8 8
168 163 8 8
169 163 8 8
169 167 8 8
170 162 8 8
170 164 8 8
171 162 8 8
171 161 8 8
172 160 8 8
172 168 8 8
173 164 8 8
173 167 8 8
174 165 8 8
174 163 8 8
175 169 8 8
175 170 8 8
176 161 8 8
176 160 8 8
177 174 8 8
177 175 8 8
178 176 8 8
178 164 8 8
179 178 8 8
179 164 8 8
160 171 8 8
160 168 8 8
161 169 8 8
161 168 8 8
182 180 9 9
182 181 9 9
183 182 9 9
183 180 9 9
184 182 9 9
184 183 9 9
185 180 9 9
185 181 9 9
186 180 9 9
186 185 9 9
187 185 9 9
187 186 9 9
188 187 9 9
188 185 9 9
189 182 9 9
189 187 9 9
190 180 9 9
190 185 9 9
191 184 9 9
191 182 9 9
192 190 9 9
192 187 9 9
193 188 9 9
193 190 9 9
194 186 9 9
194 182 9 9
195 193 9 9
195 183 9 9
196 188 9 9
196 195 9 9
197 188 9 9
197 192 9 9
198 196 9 9
198 194 9 9
199 186 9 9
199 196 9 9
180 188 9 9
180 193 9 9
181 192 9 9
181 190 9 9
202 200 10 10
202 201 10 10
203 202 10 10
203 201 10 10
204 203 10 10
204 201 10 10
205 201 10 10
205 203 10 10
206 205 10 10
206 202 10 10
207 205 10 10
207 202 10 10
208 203 10 10
208 204 10 10
209 206 10 10
209 202 10 10
210 201 10 10
210 207 10 10
211 205 10 10
211 200 10 10
212 209 10 10
212 202 10 10
213 207 10 10
213 203 10 10
214 207 10 10
214 205 10 10
215 200 10 10
215 203 10 10
216 206 10 10
216 209 10 10
217 206 10 10
217 211 10 10
218 209 10 10
218 208 10 10
219 201 10 10
219 202 10 10
200 214 10 10
200 219 10 10
201 211 10 10
201 217 10 10
222 221 11 11
222 220 11 11
223 222 11 11
223 221 11 11
224 222 11 11
224 223 11 11
225 224 11 11
225 223 11 11
226 220 11 11
226 221 11 11
227 221 11 11
227 222 11 11
228 227 11 11
228 224 11 11
229 224 11 11
229 222 11 11
230 220 11 11
230 221 11 11
231 228 11 11
231 227 11 11
232 225 11 11
232 229 11 11
233 220 11 11
233 222 11 11
234 221 11 11
234 227 11 11
235 220 11 11
235 233 11 11
236 230 11 11
236 233 11 11
237 221 11 11
237 233 11 11
238 225 11 11
238 231 11 11
239 224 11 11
239 223 11 11
220 237 11 11
220 238 11 11
221 225 11 11
221 233 11 11
242 241 12 12
242 240 12 12
243 240 12 12
243 241 12 12
244 242 12 12
244 240 12 12
245 244 12 12
245 242 12 12
246 241 12 12
246 240 12 12
247 243 12 12
247 246 12 12
248 245 12 12
248 244 12 12
249 245 12 12
249 244 12 12
250 247 12 12
250 243 12 12
251 243 12 12
251 246 12 12
252 244 12 12
252 249 12 12
253 244 12 12
253 252 12 12
254 240 12 12
254 249 12 12
255 253 12 12
255 240 12 12
256 254 12 12
256 245 12 12
257 245 12 12
257 250 12 12
258 247 12 12
258 249 12 12
259 256 12 12
259 258 12 12
240 250 12 12
240 251 12 12
241 253 12 12
241 258 12 12
262 260 13 13
262 261 13 13
263 260 13 13
263 262 13 13
264 262 13 13
264 260 13 13
265 260 13 13
265 264 13 13
266 262 13 13
266 263 13 13
267 263 13 13
267 261 13 13
268 262 13 13
268 264 13 13
269 264 13 13
269 260 13 13
270 262 13 13
270 268 13 13
271 262 13 13
271 263 13 13
272 269 13 13
272 267 13 13
273 268 13 13
273 270 13 13
274 265 13 13
274 270 13 13
275 266 13 13
275 270 13 13
276 270 13 13
276 273 13 13
277 271 13 13
277 260 13 13
278 274 13 13
278 277 13 13
279 269 13 13
279 263 13 13
260 266 13 13
260 267 13 13
261 269 13 13
261 276 13 13
282 281 14 14
282 280 14 14
283 280 14 14
283 281 14 14
284 283 14 14
284 282 14 14
285 283 14 14
285 281 14 14
286 285 14 14
286 282 14 14
287 280 14 14
287 281 14 14
288 283 14 14
288 281 14 14
289 281 14 14
289 283 14 14
290 289 14 14
290 281 14 14
291 288 14 14
291 283 14 14
292 282 14 14
292 285 14 14
293 291 14 14
293 288 14 14
294 290 14 14
294 284 14 14
295 286 14 14
295 282 14 14
296 284 14 14
296 287 14 14
297 285 14 14
297 291 14 14
298 292 14 14
298 294 14 14
299 281 14 14
299 289 14 14
280 295 14 14
280 294 14 14
281 291 14 14
281 284 14 14
302 300 15 15
302 301 15 15
303 301 15 15
303 302 15 15
304 302 15 15
304 300 15 15
305 301 15 15
305 303 15 15
306 301 15 15
306 303 15 15
307 306 15 15
307 303 15 15
308 305 15 15
308 307 15 15
309 300 15 15
309 308 15 15
310 309 15 15
310 300 15 15
311 300 15 15
311 302 15 15
312 311 15 15
312 307 15 15
313 311 15 15
313 312 15 15
314 309 15 15
314 302 15 15
315 300 15 15
315 308 15 15
316 308 15 15
316 307 15 15
317 310 15 15
317 315 15 15
318 301 15 15
318 302 15 15
319 309 15 15
319 305 15 15
300 306 15 15
300 319 15 15
301 310 15 15
301 316 15 15
45 2 2 0
57 26 2 1
62 44 3 2
70 11 3 0
96 45 4 2
91 75 4 3
106 91 5 4
113 71 5 3
128 23 6 1
137 109 6 5
141 10 7 0
142 105 7 5
176 30 8 1
175 7 8 0
181 56 9 2
184 19 9 0
204 198 10 9
213 48 10 2
223 164 11 8
227 53 11 2
241 120 12 6
254 27 12 1
264 92 13 4
278 129 13 6
290 220 14 11
285 67 14 3
309 205 15 10
308 31 15 1
1 260 0 13
2 107 0 5
23 203 1 10
29 104 1 5
