swNum = 320
edgeNum = 672

0 0
1 0
2 0
3 0
4 0
5 0
6 0
7 0
8 0
9 0
10 0
11 0
12 0
13 0
14 0
15 0
16 0
17 0
18 0
19 0
20 1
21 1
22 1
23 1
24 1
25 1
26 1
27 1
28 1
29 1
30 1
31 1
32 1
33 1
34 1
35 1
36 1
37 1
38 1
39 1
40 2
41 2
42 2
43 2
44 2
45 2
46 2
47 2
48 2
49 2
50 2
51 2
52 2
53 2
54 2
55 2
56 2
57 2
58 2
59 2
60 3
61 3
62 3
63 3
64 3
65 3
66 3
67 3
68 3
69 3
70 3
71 3
72 3
73 3
74 3
75 3
76 3
77 3
78 3
79 3
80 4
81 4
82 4
83 4
84 4
85 4
86 4
87 4
88 4
89 4
90 4
91 4
92 4
93 4
94 4
95 4
96 4
97 4
98 4
99 4
100 5
101 5
102 5
103 5
104 5
105 5
106 5
107 5
108 5
109 5
110 5
111 5
112 5
113 5
114 5
115 5
116 5
117 5
118 5
119 5
120 6
121 6
122 6
123 6
124 6
125 6
126 6
127 6
128 6
129 6
130 6
131 6
132 6
133 6
134 6
135 6
136 6
137 6
138 6
139 6
140 7
141 7
142 7
143 7
144 7
145 7
146 7
147 7
148 7
149 7
150 7
151 7
152 7
153 7
154 7
155 7
156 7
157 7
158 7
159 7
160 8
161 8
162 8
163 8
164 8
165 8
166 8
167 8
168 8
169 8
170 8
171 8
172 8
173 8
174 8
175 8
176 8
177 8
178 8
179 8
180 9
181 9
182 9
183 9
184 9
185 9
186 9
187 9
188 9
189 9
190 9
191 9
192 9
193 9
194 9
195 9
196 9
197 9
198 9
199 9
200 10
201 10
202 10
203 10
204 10
205 10
206 10
207 10
208 10
209 10
210 10
211 10
212 10
213 10
214 10
215 10
216 10
217 10
218 10
219 10
220 11
221 11
222 11
223 11
224 11
225 11
226 11
227 11
228 11
229 11
230 11
231 11
232 11
233 11
234 11
235 11
236 11
237 11
238 11
239 11
240 12
241 12
242 12
243 12
244 12
245 12
246 12
247 12
248 12
249 12
250 12
251 12
252 12
253 12
254 12
255 12
256 12
257 12
258 12
259 12
260 13
261 13
262 13
263 13
264 13
265 13
266 13
267 13
268 13
269 13
270 13
271 13
272 13
273 13
274 13
275 13
276 13
277 13
278 13
279 13
280 14
281 14
282 14
283 14
284 14
285 14
286 14
287 14
288 14
289 14
290 14
291 14
292 14
293 14
294 14
295 14
296 14
297 14
298 14
299 14
300 15
301 15
302 15
303 15
304 15
305 15
306 15
307 15
308 15
309 15
310 15
311 15
312 15
313 15
314 15
315 15
316 15
317 15
318 15
319 15

2 0 0 0
2 1 0 0
3 2 0 0
3 1 0 0
4 1 0 0
4 3 0 0
5 0 0 0
5 4 0 0
6 0 0 0
6 1 0 0
7 2 0 0
7 1 0 0
8 4 0 0
8 3 0 0
9 3 0 0
9 1 0 0
10 5 0 0
10 6 0 0
11 4 0 0
11 9 0 0
12 8 0 0
12 10 0 0
13 4 0 0
13 1 0 0
14 5 0 0
14 0 0 0
15 13 0 0
15 4 0 0
16 3 0 0
16 5 0 0
17 6 0 0
17 8 0 0
18 17 0 0
18 15 0 0
19 16 0 0
19 0 0 0
0 15 0 0
0 16 0 0
1 11 0 0
1 12 0 0
22 21 1 1
22 20 1 1
23 20 1 1
23 21 1 1
24 22 1 1
24 20 1 1
25 23 1 1
25 24 1 1
26 25 1 1
26 24 1 1
27 26 1 1
27 21 1 1
28 21 1 1
28 22 1 1
29 27 1 1
29 24 1 1
30 23 1 1
30 27 1 1
31 24 1 1
31 26 1 1
32 31 1 1
32 24 1 1
33 22 1 1
33 28 1 1
34 23 1 1
34 29 1 1
35 33 1 1
35 23 1 1
36 23 1 1
36 35 1 1
37 36 1 1
37 33 1 1
38 32 1 1
38 35 1 1
39 20 1 1
39 35 1 1
20 32 1 1
20 30 1 1
21 37 1 1
21 34 1 1
42 40 2 2
42 41 2 2
43 41 2 2
43 42 2 2
44 40 2 2
44 43 2 2
45 41 2 2
45 44 2 2
46 45 2 2
46 44 2 2
47 41 2 2
47 40 2 2
48 44 2 2
48 45 2 2
49 47 2 2
49 43 2 2
50 42 2 2
50 47 2 2
51 47 2 2
51 41 2 2
52 43 2 2
52 41 2 2
53 46 2 2
53 44 2 2
54 45 2 2
54 42 2 2
55 43 2 2
55 50 2 2
56 51 2 2
56 49 2 2
57 50 2 2
57 52 2 2
58 48 2 2
58 46 2 2
59 47 2 2
59 52 2 2
40 54 2 2
40 49 2 2
41 57 2 2
41 49 2 2
62 60 3 3
62 61 3 3
63 60 3 3
63 62 3 3
64 62 3 3
64 61 3 3
65 64 3 3
65 61 3 3
66 60 3 3
66 63 3 3
67 62 3 3
67 66 3 3
68 65 3 3
68 60 3 3
69 66 3 3
69 64 3 3
70 62 3 3
70 65 3 3
71 65 3 3
71 67 3 3
72 60 3 3
72 61 3 3
73 65 3 3
73 72 3 3
74 64 3 3
74 69 3 3
75 66 3 3
75 73 3 3
76 60 3 3
76 74 3 3
77 63 3 3
77 67 3 3
78 68 3 3
78 65 3 3
79 74 3 3
79 64 3 3
60 65 3 3
60 71 3 3
61 71 3 3
61 77 3 3
82 81 4 4
82 80 4 4
83 82 4 4
83 80 4 4
84 81 4 4
84 83 4 4
85 84 4 4
85 83 4 4
86 83 4 4
86 80 4 4
87 80 4 4
87 83 4 4
88 83 4 4
88 85 4 4
89 80 4 4
89 82 4 4
90 84 4 4
90 86 4 4
91 89 4 4
91 83 4 4
92 80 4 4
92 83 4 4
93 85 4 4
93 88 4 4
94 80 4 4
94 89 4 4
95 82 4 4
95 81 4 4
96 91 4 4
96 92 4 4
97 83 4 4
97 85 4 4
98 92 4 4
98 83 4 4
99 93 4 4
99 91 4 4
80 98 4 4
80 97 4 4
81 99 4 4
81 91 4 4
102 101 5 5
102 100 5 5
103 101 5 5
103 100 5 5
104 101 5 5
104 100 5 5
105 103 5 5
105 101 5 5
106 103 5 5
106 101 5 5
107 104 5 5
107 103 5 5
108 101 5 5
108 103 5 5
109 101 5 5
109 108 5 5
110 100 5 5
110 104 5 5
111 104 5 5
111 103 5 5
112 111 5 5
112 105 5 5
113 106 5 5
113 104 5 5
114 109 5 5
114 106 5 5
115 101 5 5
115 107 5 5
116 103 5 5
116 112 5 5
117 116 5 5
117 111 5 5
118 117 5 5
118 105 5 5
119 118 5 5
119 103 5 5
100 117 5 5
100 107 5 5
101 116 5 5
101 119 5 5
122 121 6 6
122 120 6 6
123 121 6 6
123 122 6 6
124 121 6 6
124 120 6 6
125 120 6 6
125 124 6 6
126 123 6 6
126 121 6 6
127 120 6 6
127 122 6 6
128 123 6 6
128 121 6 6
129 121 6 6
129 126 6 6
130 120 6 6
130 128 6 6
131 130 6 6
131 126 6 6
132 127 6 6
132 130 6 6
133 126 6 6
133 129 6 6
134 132 6 6
134 123 6 6
135 124 6 6
135 123 6 6
136 124 6 6
136 131 6 6
137 127 6 6
137 131 6 6
138 125 6 6
138 132 6 6
139 128 6 6
139 127 6 6
120 138 6 6
120 136 6 6
121 133 6 6
121 130 6 6
142 140 7 7
142 141 7 7
143 140 7 7
143 141 7 7
144 141 7 7
144 140 7 7
145 141 7 7
145 143 7 7
146 142 7 7
146 143 7 7
147 146 7 7
147 144 7 7
148 143 7 7
148 142 7 7
149 143 7 7
149 146 7 7
150 144 7 7
150 148 7 7
151 145 7 7
151 144 7 7
152 151 7 7
152 142 7 7
153 147 7 7
153 140 7 7
154 142 7 7
154 144 7 7
155 153 7 7
155 141 7 7
156 140 7 7
156 154 7 7
157 150 7 7
157 145 7 7
158 145 7 7
158 143 7 7
159 157 7 7
159 152 7 7
140 149 7 7
140 158 7 7
141 150 7 7
141 148 7 7
162 160 8 8
162 161 8 8
163 161 8 8
163 162 8 8
164 161 8 8
164 160 8 8
165 160 8 8
165 162 8 8
166 163 8 8
166 161 8 8
167 164 8 8
167 163 8 8
168 161 8 8
168 162 8 8
169 161 8 8
169 168 8 8
170 160 8 8
170 168 8 8
171 167 8 8
171 169 8 8
172 169 8 8
172 170 8 8
173 168 8 8
173 172 8 8
174 169 8 8
174 171 8 8
175 173 8 8
175 174 8 8
176 168 8 8
176 160 8 8
177 164 8 8
177 161 8 8
178 174 8 8
178 166 8 8
179 160 8 8
179 169 8 8
160 172 8 8
160 167 8 8
161 171 8 8
161 173 8 8
182 180 9 9
182 181 9 9
183 181 9 9
183 180 9 9
184 181 9 9
184 180 9 9
185 184 9 9
185 180 9 9
186 181 9 9
186 183 9 9
187 182 9 9
187 181 9 9
188 182 9 9
188 183 9 9
189 185 9 9
189 186 9 9
190 183 9 9
190 185 9 9
191 187 9 9
191 185 9 9
192 188 9 9
192 186 9 9
193 184 9 9
193 182 9 9
194 190 9 9
194 193 9 9
195 185 9 9
195 190 9 9
196 190 9 9
196 194 9 9
197 195 9 9
197 190 9 9
198 192 9 9
198 188 9 9
199 189 9 9
199 180 9 9
180 186 9 9
180 195 9 9
181 189 9 9
181 193 9 9
202 201 10 10
202 200 10 10
203 201 10 10
203 202 10 10
204 201 10 10
204 202 10 10
205 203 10 10
205 201 10 10
206 202 10 10
206 204 10 10
207 203 10 10
207 200 10 10
208 205 10 10
208 200 10 10
209 203 10 10
209 201 10 10
210 208 10 10
210 205 10 10
211 206 10 10
211 204 10 10
212 204 10 10
212 202 10 10
213 209 10 10
213 212 10 10
214 203 10 10
214 213 10 10
215 212 10 10
215 203 10 10
216 205 10 10
216 210 10 10
217 211 10 10
217 202 10 10
218 210 10 10
218 216 10 10
219 209 10 10
219 205 10 10
200 216 10 10
200 206 10 10
201 211 10 10
201 212 10 10
222 221 11 11
222 220 11 11
223 222 11 11
223 220 11 11
224 223 11 11
224 221 11 11
225 220 11 11
225 221 11 11
226 224 11 11
226 220 11 11
227 222 11 11
227 226 11 11
228 226 11 11
228 221 11 11
229 222 11 11
229 225 11 11
230 225 11 11
230 229 11 11
231 229 11 11
231 222 11 11
232 225 11 11
232 230 11 11
233 228 11 11
233 229 11 11
234 227 11 11
234 229 11 11
235 224 11 11
235 223 11 11
236 234 11 11
236 230 11 11
237 229 11 11
237 221 11 11
238 237 11 11
238 232 11 11
239 233 11 11
239 226 11 11
220 236 11 11
220 227 11 11
221 236 11 11
221 223 11 11
242 240 12 12
242 241 12 12
243 241 12 12
243 242 12 12
244 242 12 12
244 241 12 12
245 243 12 12
245 242 12 12
246 240 12 12
246 243 12 12
247 242 12 12
247 243 12 12
248 247 12 12
248 242 12 12
249 241 12 12
249 246 12 12
250 246 12 12
250 243 12 12
251 241 12 12
251 250 12 12
252 246 12 12
252 249 12 12
253 244 12 12
253 248 12 12
254 247 12 12
254 240 12 12
255 252 12 12
255 250 12 12
256 246 12 12
256 241 12 12
257 240 12 12
257 249 12 12
258 253 12 12
258 248 12 12
259 253 12 12
259 251 12 12
240 258 12 12
240 253 12 12
241 254 12 12
241 250 12 12
262 261 13 13
262 260 13 13
263 262 13 13
263 261 13 13
264 262 13 13
264 260 13 13
265 263 13 13
265 262 13 13
266 262 13 13
266 260 13 13
267 261 13 13
267 260 13 13
268 266 13 13
268 260 13 13
269 268 13 13
269 263 13 13
270 262 13 13
270 267 13 13
271 261 13 13
271 262 13 13
272 266 13 13
272 261 13 13
273 262 13 13
273 272 13 13
274 263 13 13
274 264 13 13
275 262 13 13
275 272 13 13
276 264 13 13
276 271 13 13
277 268 13 13
277 263 13 13
278 274 13 13
278 267 13 13
279 273 13 13
279 271 13 13
260 278 13 13
260 265 13 13
261 277 13 13
261 268 13 13
282 281 14 14
282 280 14 14
283 281 14 14
283 282 14 14
284 282 14 14
284 283 14 14
285 284 14 14
285 282 14 14
286 284 14 14
286 285 14 14
287 280 14 14
287 285 14 14
288 287 14 14
288 285 14 14
289 280 14 14
289 281 14 14
290 285 14 14
290 280 14 14
291 290 14 14
291 281 14 14
292 282 14 14
292 288 14 14
293 284 14 14
293 282 14 14
294 281 14 14
294 280 14 14
295 281 14 14
295 285 14 14
296 285 14 14
296 282 14 14
297 295 14 14
297 285 14 14
298 295 14 14
298 285 14 14
299 285 14 14
299 298 14 14
280 288 14 14
280 295 14 14
281 292 14 14
281 285 14 14
302 301 15 15
302 300 15 15
303 301 15 15
303 302 15 15
304 300 15 15
304 301 15 15
305 301 15 15
305 302 15 15
306 304 15 15
306 300 15 15
307 300 15 15
307 303 15 15
308 302 15 15
308 307 15 15
309 307 15 15
309 303 15 15
310 302 15 15
310 306 15 15
311 303 15 15
311 307 15 15
312 304 15 15
312 307 15 15
313 309 15 15
313 307 15 15
314 305 15 15
314 308 15 15
315 313 15 15
315 304 15 15
316 310 15 15
316 312 15 15
317 314 15 15
317 300 15 15
318 304 15 15
318 308 15 15
319 314 15 15
319 318 15 15
300 309 15 15
300 316 15 15
301 319 15 15
301 314 15 15
50 38 2 1
41 8 2 0
74 58 3 2
65 16 3 0
88 18 4 0
87 34 4 1
111 91 5 4
112 19 5 0
125 55 6 2
129 99 6 4
154 63 7 3
153 138 7 6
178 140 8 7
161 20 8 1
191 2 9 0
192 61 9 3
204 46 10 2
215 130 10 6
228 138 11 6
227 77 11 3
252 166 12 8
255 81 12 4
265 235 13 11
278 161 13 8
294 257 14 12
284 75 14 3
302 197 15 9
308 295 15 14
2 292 0 14
16 150 0 7
39 251 1 12
39 185 1 9
