swNum = 320
edgeNum = 672

0 0
1 0
2 0
3 0
4 0
5 0
6 0
7 0
8 0
9 0
10 0
11 0
12 0
13 0
14 0
15 0
16 0
17 0
18 0
19 0
20 1
21 1
22 1
23 1
24 1
25 1
26 1
27 1
28 1
29 1
30 1
31 1
32 1
33 1
34 1
35 1
36 1
37 1
38 1
39 1
40 2
41 2
42 2
43 2
44 2
45 2
46 2
47 2
48 2
49 2
50 2
51 2
52 2
53 2
54 2
55 2
56 2
57 2
58 2
59 2
60 3
61 3
62 3
63 3
64 3
65 3
66 3
67 3
68 3
69 3
70 3
71 3
72 3
73 3
74 3
75 3
76 3
77 3
78 3
79 3
80 4
81 4
82 4
83 4
84 4
85 4
86 4
87 4
88 4
89 4
90 4
91 4
92 4
93 4
94 4
95 4
96 4
97 4
98 4
99 4
100 5
101 5
102 5
103 5
104 5
105 5
106 5
107 5
108 5
109 5
110 5
111 5
112 5
113 5
114 5
115 5
116 5
117 5
118 5
119 5
120 6
121 6
122 6
123 6
124 6
125 6
126 6
127 6
128 6
129 6
130 6
131 6
132 6
133 6
134 6
135 6
136 6
137 6
138 6
139 6
140 7
141 7
142 7
143 7
144 7
145 7
146 7
147 7
148 7
149 7
150 7
151 7
152 7
153 7
154 7
155 7
156 7
157 7
158 7
159 7
160 8
161 8
162 8
163 8
164 8
165 8
166 8
167 8
168 8
169 8
170 8
171 8
172 8
173 8
174 8
175 8
176 8
177 8
178 8
179 8
180 9
181 9
182 9
183 9
184 9
185 9
186 9
187 9
188 9
189 9
190 9
191 9
192 9
193 9
194 9
195 9
196 9
197 9
198 9
199 9
200 10
201 10
202 10
203 10
204 10
205 10
206 10
207 10
208 10
209 10
210 10
211 10
212 10
213 10
214 10
215 10
216 10
217 10
218 10
219 10
220 11
221 11
222 11
223 11
224 11
225 11
226 11
227 11
228 11
229 11
230 11
231 11
232 11
233 11
234 11
235 11
236 11
237 11
238 11
239 11
240 12
241 12
242 12
243 12
244 12
245 12
246 12
247 12
248 12
249 12
250 12
251 12
252 12
253 12
254 12
255 12
256 12
257 12
258 12
259 12
260 13
261 13
262 13
263 13
264 13
265 13
266 13
267 13
268 13
269 13
270 13
271 13
272 13
273 13
274 13
275 13
276 13
277 13
278 13
279 13
280 14
281 14
282 14
283 14
284 14
285 14
286 14
287 14
288 14
289 14
290 14
291 14
292 14
293 14
294 14
295 14
296 14
297 14
298 14
299 14
300 15
301 15
302 15
303 15
304 15
305 15
306 15
307 15
308 15
309 15
310 15
311 15
312 15
313 15
314 15
315 15
316 15
317 15
318 15
319 15

2 0 0 0
2 1 0 0
3 0 0 0
3 2 0 0
4 3 0 0
4 0 0 0
5 1 0 0
5 4 0 0
6 0 0 0
6 3 0 0
7 2 0 0
7 5 0 0
8 7 0 0
8 5 0 0
9 3 0 0
9 1 0 0
10 4 0 0
10 7 0 0
11 10 0 0
11 5 0 0
12 5 0 0
12 9 0 0
13 4 0 0
13 3 0 0
14 12 0 0
14 11 0 0
15 2 0 0
15 6 0 0
16 4 0 0
16 13 0 0
17 1 0 0
17 7 0 0
18 12 0 0
18 4 0 0
19 1 0 0
19 16 0 0
0 18 0 0
0 11 0 0
1 14 0 0
1 16 0 0
22 20 1 1
22 21 1 1
23 20 1 1
23 22 1 1
24 21 1 1
24 22 1 1
25 22 1 1
25 21 1 1
26 24 1 1
26 23 1 1
27 23 1 1
27 25 1 1
28 27 1 1
28 21 1 1
29 22 1 1
29 25 1 1
30 23 1 1
30 24 1 1
31 20 1 1
31 26 1 1
32 23 1 1
32 27 1 1
33 20 1 1
33 32 1 1
34 24 1 1
34 30 1 1
35 26 1 1
35 32 1 1
36 29 1 1
36 22 1 1
37 23 1 1
37 21 1 1
38 21 1 1
38 26 1 1
39 35 1 1
39 20 1 1
20 37 1 1
20 36 1 1
21 26 1 1
21 23 1 1
42 40 2 2
42 41 2 2
43 42 2 2
43 41 2 2
44 43 2 2
44 40 2 2
45 44 2 2
45 40 2 2
46 44 2 2
46 41 2 2
47 40 2 2
47 46 2 2
48 47 2 2
48 40 2 2
49 41 2 2
49 47 2 2
50 40 2 2
50 41 2 2
51 45 2 2
51 46 2 2
52 42 2 2
52 47 2 2
53 44 2 2
53 52 2 2
54 48 2 2
54 40 2 2
55 52 2 2
55 41 2 2
56 44 2 2
56 51 2 2
57 41 2 2
57 46 2 2
58 54 2 2
58 53 2 2
59 40 2 2
59 42 2 2
40 58 2 2
40 46 2 2
41 52 2 2
41 45 2 2
62 60 3 3
62 61 3 3
63 62 3 3
63 61 3 3
64 62 3 3
64 61 3 3
65 60 3 3
65 61 3 3
66 65 3 3
66 63 3 3
67 66 3 3
67 61 3 3
68 64 3 3
68 65 3 3
69 66 3 3
69 67 3 3
70 65 3 3
70 63 3 3
71 63 3 3
71 64 3 3
72 65 3 3
72 63 3 3
73 67 3 3
73 66 3 3
74 69 3 3
74 61 3 3
75 70 3 3
75 63 3 3
76 73 3 3
76 72 3 3
77 68 3 3
77 60 3 3
78 77 3 3
78 75 3 3
79 61 3 3
79 64 3 3
60 70 3 3
60 63 3 3
61 66 3 3
61 78 3 3
82 80 4 4
82 81 4 4
83 80 4 4
83 81 4 4
84 82 4 4
84 81 4 4
85 84 4 4
85 83 4 4
86 85 4 4
86 82 4 4
87 86 4 4
87 85 4 4
88 81 4 4
88 85 4 4
89 86 4 4
89 85 4 4
90 82 4 4
90 89 4 4
91 85 4 4
91 86 4 4
92 85 4 4
92 89 4 4
93 80 4 4
93 86 4 4
94 80 4 4
94 88 4 4
95 88 4 4
95 86 4 4
96 90 4 4
96 86 4 4
97 88 4 4
97 94 4 4
98 84 4 4
98 82 4 4
99 96 4 4
99 91 4 4
80 84 4 4
80 98 4 4
81 97 4 4
81 95 4 4
102 100 5 5
102 101 5 5
103 102 5 5
103 100 5 5
104 102 5 5
104 100 5 5
105 104 5 5
105 102 5 5
106 103 5 5
106 101 5 5
107 105 5 5
107 102 5 5
108 107 5 5
108 106 5 5
109 100 5 5
109 103 5 5
110 100 5 5
110 101 5 5
111 107 5 5
111 110 5 5
112 107 5 5
112 103 5 5
113 101 5 5
113 106 5 5
114 103 5 5
114 102 5 5
115 104 5 5
115 100 5 5
116 111 5 5
116 110 5 5
117 116 5 5
117 108 5 5
118 113 5 5
118 109 5 5
119 104 5 5
119 102 5 5
100 116 5 5
100 117 5 5
101 109 5 5
101 114 5 5
122 120 6 6
122 121 6 6
123 120 6 6
123 122 6 6
124 122 6 6
124 123 6 6
125 121 6 6
125 124 6 6
126 122 6 6
126 120 6 6
127 120 6 6
127 125 6 6
128 124 6 6
128 122 6 6
129 121 6 6
129 123 6 6
130 122 6 6
130 129 6 6
131 124 6 6
131 122 6 6
132 124 6 6
132 122 6 6
133 130 6 6
133 122 6 6
134 133 6 6
134 122 6 6
135 125 6 6
135 128 6 6
136 123 6 6
136 133 6 6
137 132 6 6
137 125 6 6
138 134 6 6
138 137 6 6
139 122 6 6
139 135 6 6
120 135 6 6
120 124 6 6
121 128 6 6
121 127 6 6
142 140 7 7
142 141 7 7
143 140 7 7
143 141 7 7
144 142 7 7
144 143 7 7
145 144 7 7
145 141 7 7
146 145 7 7
146 143 7 7
147 140 7 7
147 144 7 7
148 142 7 7
148 143 7 7
149 146 7 7
149 148 7 7
150 140 7 7
150 147 7 7
151 143 7 7
151 147 7 7
152 143 7 7
152 147 7 7
153 151 7 7
153 142 7 7
154 152 7 7
154 144 7 7
155 143 7 7
155 148 7 7
156 144 7 7
156 146 7 7
157 148 7 7
157 149 7 7
158 145 7 7
158 151 7 7
159 151 7 7
159 145 7 7
140 145 7 7
140 149 7 7
141 157 7 7
141 149 7 7
162 160 8 8
162 161 8 8
163 160 8 8
163 161 8 8
164 161 8 8
164 162 8 8
165 163 8 8
165 161 8 8
166 162 8 8
166 161 8 8
167 166 8 8
167 162 8 8
168 163 8 8
168 165 8 8
169 161 8 8
169 166 8 8
170 160 8 8
170 169 8 8
171 167 8 8
171 164 8 8
172 169 8 8
172 162 8 8
173 164 8 8
173 172 8 8
174 169 8 8
174 172 8 8
175 169 8 8
175 161 8 8
176 172 8 8
176 161 8 8
177 171 8 8
177 167 8 8
178 160 8 8
178 173 8 8
179 169 8 8
179 165 8 8
160 167 8 8
160 168 8 8
161 167 8 8
161 172 8 8
182 180 9 9
182 181 9 9
183 181 9 9
183 180 9 9
184 180 9 9
184 181 9 9
185 180 9 9
185 184 9 9
186 181 9 9
186 180 9 9
187 185 9 9
187 183 9 9
188 185 9 9
188 183 9 9
189 182 9 9
189 186 9 9
190 180 9 9
190 182 9 9
191 190 9 9
191 189 9 9
192 180 9 9
192 191 9 9
193 188 9 9
193 190 9 9
194 186 9 9
194 181 9 9
195 191 9 9
195 181 9 9
196 195 9 9
196 188 9 9
197 194 9 9
197 191 9 9
198 182 9 9
198 188 9 9
199 192 9 9
199 197 9 9
180 191 9 9
180 197 9 9
181 197 9 9
181 199 9 9
202 201 10 10
202 200 10 10
203 201 10 10
203 200 10 10
204 203 10 10
204 202 10 10
205 200 10 10
205 203 10 10
206 200 10 10
206 204 10 10
207 203 10 10
207 201 10 10
208 202 10 10
208 203 10 10
209 202 10 10
209 201 10 10
210 205 10 10
210 202 10 10
211 203 10 10
211 210 10 10
212 201 10 10
212 200 10 10
213 204 10 10
213 208 10 10
214 207 10 10
214 210 10 10
215 203 10 10
215 209 10 10
216 207 10 10
216 205 10 10
217 203 10 10
217 215 10 10
218 208 10 10
218 210 10 10
219 210 10 10
219 217 10 10
200 215 10 10
200 209 10 10
201 215 10 10
201 206 10 10
222 220 11 11
222 221 11 11
223 221 11 11
223 220 11 11
224 220 11 11
224 221 11 11
225 220 11 11
225 221 11 11
226 225 11 11
226 220 11 11
227 221 11 11
227 226 11 11
228 225 11 11
228 226 11 11
229 220 11 11
229 223 11 11
230 228 11 11
230 226 11 11
231 222 11 11
231 220 11 11
232 222 11 11
232 231 11 11
233 223 11 11
233 231 11 11
234 228 11 11
234 225 11 11
235 220 11 11
235 221 11 11
236 226 11 11
236 224 11 11
237 221 11 11
237 225 11 11
238 229 11 11
238 222 11 11
239 228 11 11
239 225 11 11
220 230 11 11
220 233 11 11
221 236 11 11
221 231 11 11
242 240 12 12
242 241 12 12
243 241 12 12
243 240 12 12
244 242 12 12
244 240 12 12
245 242 12 12
245 240 12 12
246 240 12 12
246 241 12 12
247 245 12 12
247 246 12 12
248 241 12 12
248 240 12 12
249 246 12 12
249 240 12 12
250 243 12 12
250 248 12 12
251 246 12 12
251 244 12 12
252 246 12 12
252 250 12 12
253 244 12 12
253 241 12 12
254 242 12 12
254 241 12 12
255 243 12 12
255 249 12 12
256 248 12 12
256 247 12 12
257 241 12 12
257 255 12 12
258 252 12 12
258 248 12 12
259 250 12 12
259 240 12 12
240 254 12 12
240 258 12 12
241 250 12 12
241 255 12 12
262 261 13 13
262 260 13 13
263 261 13 13
263 262 13 13
264 262 13 13
264 261 13 13
265 260 13 13
265 262 13 13
266 260 13 13
266 265 13 13
267 265 13 13
267 260 13 13
268 263 13 13
268 260 13 13
269 262 13 13
269 266 13 13
270 265 13 13
270 268 13 13
271 262 13 13
271 267 13 13
272 271 13 13
272 270 13 13
273 266 13 13
273 261 13 13
274 263 13 13
274 260 13 13
275 266 13 13
275 270 13 13
276 266 13 13
276 265 13 13
277 271 13 13
277 265 13 13
278 264 13 13
278 263 13 13
279 273 13 13
279 261 13 13
260 276 13 13
260 264 13 13
261 278 13 13
261 271 13 13
282 280 14 14
282 281 14 14
283 281 14 14
283 282 14 14
284 281 14 14
284 280 14 14
285 281 14 14
285 284 14 14
286 282 14 14
286 280 14 14
287 285 14 14
287 281 14 14
288 284 14 14
288 282 14 14
289 284 14 14
289 285 14 14
290 280 14 14
290 281 14 14
291 287 14 14
291 286 14 14
292 287 14 14
292 280 14 14
293 286 14 14
293 282 14 14
294 281 14 14
294 293 14 14
295 289 14 14
295 285 14 14
296 285 14 14
296 295 14 14
297 293 14 14
297 286 14 14
298 295 14 14
298 286 14 14
299 295 14 14
299 298 14 14
280 285 14 14
280 293 14 14
281 293 14 14
281 295 14 14
302 300 15 15
302 301 15 15
303 302 15 15
303 301 15 15
304 303 15 15
304 302 15 15
305 303 15 15
305 300 15 15
306 301 15 15
306 302 15 15
307 300 15 15
307 306 15 15
308 302 15 15
308 303 15 15
309 302 15 15
309 304 15 15
310 307 15 15
310 301 15 15
311 304 15 15
311 310 15 15
312 301 15 15
312 300 15 15
313 305 15 15
313 300 15 15
314 312 15 15
314 300 15 15
315 305 15 15
315 306 15 15
316 313 15 15
316 305 15 15
317 304 15 15
317 313 15 15
318 303 15 15
318 310 15 15
319 310 15 15
319 314 15 15
300 306 15 15
300 308 15 15
301 314 15 15
301 307 15 15
49 35 2 1
45 4 2 0
75 9 3 0
71 22 3 1
92 71 4 3
84 37 4 1
111 72 5 3
111 12 5 0
137 69 6 3
120 45 6 2
150 42 7 2
142 39 7 1
166 137 8 6
163 37 8 1
187 175 9 8
191 135 9 6
203 171 10 8
209 2 10 0
225 57 11 2
220 152 11 7
243 20 12 1
259 140 12 7
261 174 13 8
278 136 13 6
291 43 14 2
284 33 14 1
301 73 15 3
311 104 15 5
1 166 0 8
8 253 0 12
35 226 1 11
25 315 1 15
