swNum = 320
edgeNum = 672

0 0
1 0
2 0
3 0
4 0
5 0
6 0
7 0
8 0
9 0
10 0
11 0
12 0
13 0
14 0
15 0
16 0
17 0
18 0
19 0
20 1
21 1
22 1
23 1
24 1
25 1
26 1
27 1
28 1
29 1
30 1
31 1
32 1
33 1
34 1
35 1
36 1
37 1
38 1
39 1
40 2
41 2
42 2
43 2
44 2
45 2
46 2
47 2
48 2
49 2
50 2
51 2
52 2
53 2
54 2
55 2
56 2
57 2
58 2
59 2
60 3
61 3
62 3
63 3
64 3
65 3
66 3
67 3
68 3
69 3
70 3
71 3
72 3
73 3
74 3
75 3
76 3
77 3
78 3
79 3
80 4
81 4
82 4
83 4
84 4
85 4
86 4
87 4
88 4
89 4
90 4
91 4
92 4
93 4
94 4
95 4
96 4
97 4
98 4
99 4
100 5
101 5
102 5
103 5
104 5
105 5
106 5
107 5
108 5
109 5
110 5
111 5
112 5
113 5
114 5
115 5
116 5
117 5
118 5
119 5
120 6
121 6
122 6
123 6
124 6
125 6
126 6
127 6
128 6
129 6
130 6
131 6
132 6
133 6
134 6
135 6
136 6
137 6
138 6
139 6
140 7
141 7
142 7
143 7
144 7
145 7
146 7
147 7
148 7
149 7
150 7
151 7
152 7
153 7
154 7
155 7
156 7
157 7
158 7
159 7
160 8
161 8
162 8
163 8
164 8
165 8
166 8
167 8
168 8
169 8
170 8
171 8
172 8
173 8
174 8
175 8
176 8
177 8
178 8
179 8
180 9
181 9
182 9
183 9
184 9
185 9
186 9
187 9
188 9
189 9
190 9
191 9
192 9
193 9
194 9
195 9
196 9
197 9
198 9
199 9
200 10
201 10
202 10
203 10
204 10
205 10
206 10
207 10
208 10
209 10
210 10
211 10
212 10
213 10
214 10
215 10
216 10
217 10
218 10
219 10
220 11
221 11
222 11
223 11
224 11
225 11
226 11
227 11
228 11
229 11
230 11
231 11
232 11
233 11
234 11
235 11
236 11
237 11
238 11
239 11
240 12
241 12
242 12
243 12
244 12
245 12
246 12
247 12
248 12
249 12
250 12
251 12
252 12
253 12
254 12
255 12
256 12
257 12
258 12
259 12
260 13
261 13
262 13
263 13
264 13
265 13
266 13
267 13
268 13
269 13
270 13
271 13
272 13
273 13
274 13
275 13
276 13
277 13
278 13
279 13
280 14
281 14
282 14
283 14
284 14
285 14
286 14
287 14
288 14
289 14
290 14
291 14
292 14
293 14
294 14
295 14
296 14
297 14
298 14
299 14
300 15
301 15
302 15
303 15
304 15
305 15
306 15
307 15
308 15
309 15
310 15
311 15
312 15
313 15
314 15
315 15
316 15
317 15
318 15
319 15

2 0 0 0
2 1 0 0
3 2 0 0
3 1 0 0
4 0 0 0
4 2 0 0
5 4 0 0
5 1 0 0
6 2 0 0
6 1 0 0
7 5 0 0
7 3 0 0
8 7 0 0
8 5 0 0
9 3 0 0
9 1 0 0
10 8 0 0
10 5 0 0
11 4 0 0
11 10 0 0
12 10 0 0
12 8 0 0
13 5 0 0
13 11 0 0
14 11 0 0
14 0 0 0
15 2 0 0
15 8 0 0
16 11 0 0
16 6 0 0
17 4 0 0
17 3 0 0
18 15 0 0
18 7 0 0
19 15 0 0
19 12 0 0
0 10 0 0
0 3 0 0
1 18 0 0
1 16 0 0
22 20 1 1
22 21 1 1
23 22 1 1
23 21 1 1
24 22 1 1
24 23 1 1
25 24 1 1
25 21 1 1
26 23 1 1
26 21 1 1
27 23 1 1
27 20 1 1
28 26 1 1
28 22 1 1
29 20 1 1
29 21 1 1
30 29 1 1
30 27 1 1
31 27 1 1
31 21 1 1
32 24 1 1
32 21 1 1
33 30 1 1
33 27 1 1
34 27 1 1
34 29 1 1
35 22 1 1
35 34 1 1
36 24 1 1
36 33 1 1
37 33 1 1
37 26 1 1
38 24 1 1
38 35 1 1
39 26 1 1
39 32 1 1
20 38 1 1
20 36 1 1
21 30 1 1
21 27 1 1
42 40 2 2
42 41 2 2
43 41 2 2
43 42 2 2
44 41 2 2
44 40 2 2
45 44 2 2
45 43 2 2
46 45 2 2
46 44 2 2
47 42 2 2
47 45 2 2
48 44 2 2
48 43 2 2
49 44 2 2
49 43 2 2
50 46 2 2
50 48 2 2
51 50 2 2
51 42 2 2
52 42 2 2
52 41 2 2
53 41 2 2
53 43 2 2
54 47 2 2
54 42 2 2
55 48 2 2
55 49 2 2
56 53 2 2
56 41 2 2
57 46 2 2
57 44 2 2
58 49 2 2
58 56 2 2
59 55 2 2
59 52 2 2
40 59 2 2
40 52 2 2
41 59 2 2
41 55 2 2
62 60 3 3
62 61 3 3
63 62 3 3
63 60 3 3
64 63 3 3
64 60 3 3
65 62 3 3
65 61 3 3
66 60 3 3
66 64 3 3
67 66 3 3
67 60 3 3
68 66 3 3
68 63 3 3
69 62 3 3
69 61 3 3
70 64 3 3
70 68 3 3
71 69 3 3
71 64 3 3
72 65 3 3
72 63 3 3
73 71 3 3
73 62 3 3
74 66 3 3
74 71 3 3
75 68 3 3
75 64 3 3
76 63 3 3
76 62 3 3
77 61 3 3
77 71 3 3
78 74 3 3
78 77 3 3
79 71 3 3
79 73 3 3
60 77 3 3
60 73 3 3
61 76 3 3
61 71 3 3
82 81 4 4
82 80 4 4
83 81 4 4
83 82 4 4
84 82 4 4
84 80 4 4
85 82 4 4
85 84 4 4
86 82 4 4
86 83 4 4
87 80 4 4
87 84 4 4
88 81 4 4
88 82 4 4
89 81 4 4
89 82 4 4
90 89 4 4
90 88 4 4
91 83 4 4
91 81 4 4
92 85 4 4
92 89 4 4
93 89 4 4
93 88 4 4
94 81 4 4
94 82 4 4
95 92 4 4
95 89 4 4
96 89 4 4
96 90 4 4
97 83 4 4
97 92 4 4
98 93 4 4
98 96 4 4
99 90 4 4
99 95 4 4
80 85 4 4
80 93 4 4
81 95 4 4
81 96 4 4
102 100 5 5
102 101 5 5
103 102 5 5
103 100 5 5
104 103 5 5
104 101 5 5
105 103 5 5
105 104 5 5
106 103 5 5
106 102 5 5
107 106 5 5
107 102 5 5
108 107 5 5
108 105 5 5
109 103 5 5
109 106 5 5
110 107 5 5
110 104 5 5
111 105 5 5
111 104 5 5
112 104 5 5
112 110 5 5
113 104 5 5
113 105 5 5
114 108 5 5
114 100 5 5
115 104 5 5
115 109 5 5
116 112 5 5
116 106 5 5
117 111 5 5
117 108 5 5
118 112 5 5
118 100 5 5
119 110 5 5
119 105 5 5
100 107 5 5
100 115 5 5
101 116 5 5
101 114 5 5
122 121 6 6
122 120 6 6
123 122 6 6
123 120 6 6
124 122 6 6
124 120 6 6
125 123 6 6
125 121 6 6
126 122 6 6
126 120 6 6
127 126 6 6
127 121 6 6
128 125 6 6
128 121 6 6
129 120 6 6
129 122 6 6
130 121 6 6
130 129 6 6
131 129 6 6
131 126 6 6
132 122 6 6
132 129 6 6
133 121 6 6
133 120 6 6
134 121 6 6
134 122 6 6
135 127 6 6
135 132 6 6
136 134 6 6
136 133 6 6
137 123 6 6
137 122 6 6
138 133 6 6
138 136 6 6
139 121 6 6
139 126 6 6
120 125 6 6
120 135 6 6
121 129 6 6
121 135 6 6
142 141 7 7
142 140 7 7
143 140 7 7
143 141 7 7
144 142 7 7
144 140 7 7
145 141 7 7
145 144 7 7
146 141 7 7
146 140 7 7
147 140 7 7
147 141 7 7
148 143 7 7
148 146 7 7
149 147 7 7
149 140 7 7
150 147 7 7
150 141 7 7
151 146 7 7
151 150 7 7
152 147 7 7
152 141 7 7
153 141 7 7
153 146 7 7
154 141 7 7
154 148 7 7
155 149 7 7
155 154 7 7
156 148 7 7
156 151 7 7
157 144 7 7
157 150 7 7
158 147 7 7
158 153 7 7
159 157 7 7
159 151 7 7
140 159 7 7
140 151 7 7
141 148 7 7
141 159 7 7
162 160 8 8
162 161 8 8
163 160 8 8
163 161 8 8
164 160 8 8
164 161 8 8
165 160 8 8
165 161 8 8
166 162 8 8
166 164 8 8
167 160 8 8
167 165 8 8
168 164 8 8
168 160 8 8
169 160 8 8
169 168 8 8
170 164 8 8
170 165 8 8
171 163 8 8
171 161 8 8
172 171 8 8
172 163 8 8
173 166 8 8
173 167 8 8
174 167 8 8
174 173 8 8
175 161 8 8
175 163 8 8
176 175 8 8
176 170 8 8
177 172 8 8
177 161 8 8
178 163 8 8
178 162 8 8
179 162 8 8
179 168 8 8
160 174 8 8
160 175 8 8
161 168 8 8
161 178 8 8
182 180 9 9
182 181 9 9
183 182 9 9
183 180 9 9
184 181 9 9
184 180 9 9
185 182 9 9
185 181 9 9
186 182 9 9
186 183 9 9
187 186 9 9
187 183 9 9
188 181 9 9
188 182 9 9
189 186 9 9
189 188 9 9
190 183 9 9
190 180 9 9
191 187 9 9
191 183 9 9
192 188 9 9
192 185 9 9
193 187 9 9
193 192 9 9
194 187 9 9
194 191 9 9
195 188 9 9
195 189 9 9
196 182 9 9
196 183 9 9
197 190 9 9
197 188 9 9
198 184 9 9
198 182 9 9
199 181 9 9
199 192 9 9
180 195 9 9
180 197 9 9
181 191 9 9
181 195 9 9
202 201 10 10
202 200 10 10
203 201 10 10
203 202 10 10
204 203 10 10
204 200 10 10
205 200 10 10
205 202 10 10
206 200 10 10
206 203 10 10
207 206 10 10
207 205 10 10
208 207 10 10
208 206 10 10
209 208 10 10
209 200 10 10
210 200 10 10
210 207 10 10
211 208 10 10
211 209 10 10
212 202 10 10
212 200 10 10
213 203 10 10
213 206 10 10
214 209 10 10
214 213 10 10
215 206 10 10
215 213 10 10
216 212 10 10
216 214 10 10
217 212 10 10
217 204 10 10
218 201 10 10
218 215 10 10
219 212 10 10
219 206 10 10
200 215 10 10
200 208 10 10
201 204 10 10
201 217 10 10
222 220 11 11
222 221 11 11
223 221 11 11
223 220 11 11
224 222 11 11
224 223 11 11
225 224 11 11
225 222 11 11
226 223 11 11
226 220 11 11
227 221 11 11
227 222 11 11
228 223 11 11
228 222 11 11
229 220 11 11
229 221 11 11
230 229 11 11
230 228 11 11
231 224 11 11
231 222 11 11
232 221 11 11
232 220 11 11
233 221 11 11
233 227 11 11
234 225 11 11
234 224 11 11
235 220 11 11
235 228 11 11
236 235 11 11
236 220 11 11
237 232 11 11
237 221 11 11
238 227 11 11
238 229 11 11
239 226 11 11
239 238 11 11
220 239 11 11
220 228 11 11
221 236 11 11
221 235 11 11
242 240 12 12
242 241 12 12
243 240 12 12
243 242 12 12
244 240 12 12
244 241 12 12
245 240 12 12
245 242 12 12
246 241 12 12
246 243 12 12
247 241 12 12
247 245 12 12
248 246 12 12
248 241 12 12
249 246 12 12
249 242 12 12
250 247 12 12
250 242 12 12
251 249 12 12
251 245 12 12
252 249 12 12
252 240 12 12
253 252 12 12
253 242 12 12
254 253 12 12
254 248 12 12
255 249 12 12
255 248 12 12
256 242 12 12
256 247 12 12
257 247 12 12
257 256 12 12
258 240 12 12
258 253 12 12
259 241 12 12
259 244 12 12
240 250 12 12
240 253 12 12
241 249 12 12
241 252 12 12
262 261 13 13
262 260 13 13
263 260 13 13
263 262 13 13
264 263 13 13
264 260 13 13
265 261 13 13
265 260 13 13
266 264 13 13
266 260 13 13
267 260 13 13
267 262 13 13
268 265 13 13
268 260 13 13
269 260 13 13
269 261 13 13
270 261 13 13
270 260 13 13
271 261 13 13
271 260 13 13
272 268 13 13
272 270 13 13
273 272 13 13
273 270 13 13
274 263 13 13
274 270 13 13
275 264 13 13
275 260 13 13
276 273 13 13
276 270 13 13
277 263 13 13
277 267 13 13
278 266 13 13
278 271 13 13
279 264 13 13
279 263 13 13
260 277 13 13
260 272 13 13
261 279 13 13
261 274 13 13
282 280 14 14
282 281 14 14
283 281 14 14
283 280 14 14
284 283 14 14
284 280 14 14
285 282 14 14
285 284 14 14
286 283 14 14
286 285 14 14
287 281 14 14
287 286 14 14
288 286 14 14
288 284 14 14
289 283 14 14
289 281 14 14
290 285 14 14
290 289 14 14
291 287 14 14
291 281 14 14
292 280 14 14
292 283 14 14
293 281 14 14
293 291 14 14
294 282 14 14
294 291 14 14
295 286 14 14
295 280 14 14
296 290 14 14
296 293 14 14
297 284 14 14
297 283 14 14
298 291 14 14
298 283 14 14
299 296 14 14
299 290 14 14
280 289 14 14
280 291 14 14
281 292 14 14
281 296 14 14
302 300 15 15
302 301 15 15
303 302 15 15
303 300 15 15
304 303 15 15
304 302 15 15
305 302 15 15
305 303 15 15
306 304 15 15
306 305 15 15
307 302 15 15
307 305 15 15
308 301 15 15
308 302 15 15
309 301 15 15
309 300 15 15
310 301 15 15
310 309 15 15
311 308 15 15
311 300 15 15
312 301 15 15
312 303 15 15
313 305 15 15
313 310 15 15
314 303 15 15
314 312 15 15
315 303 15 15
315 310 15 15
316 314 15 15
316 313 15 15
317 307 15 15
317 308 15 15
318 304 15 15
318 307 15 15
319 316 15 15
319 306 15 15
300 308 15 15
300 313 15 15
301 318 15 15
301 316 15 15
50 20 2 1
56 16 2 0
61 21 3 1
74 15 3 0
92 17 4 0
82 49 4 2
104 37 5 1
108 85 5 4
139 61 6 3
132 102 6 5
149 44 7 2
159 126 7 6
160 36 8 1
160 111 8 5
183 141 9 7
185 31 9 1
207 176 10 8
203 95 10 4
233 4 11 0
237 149 11 7
254 4 12 0
250 201 12 10
269 206 13 10
272 69 13 3
299 151 14 7
283 235 14 11
318 68 15 3
318 168 15 8
13 181 0 9
4 265 0 13
35 225 1 11
34 97 1 4
