swNum = 320
edgeNum = 672

0 0
1 0
2 0
3 0
4 0
5 0
6 0
7 0
8 0
9 0
10 0
11 0
12 0
13 0
14 0
15 0
16 0
17 0
18 0
19 0
20 1
21 1
22 1
23 1
24 1
25 1
26 1
27 1
28 1
29 1
30 1
31 1
32 1
33 1
34 1
35 1
36 1
37 1
38 1
39 1
40 2
41 2
42 2
43 2
44 2
45 2
46 2
47 2
48 2
49 2
50 2
51 2
52 2
53 2
54 2
55 2
56 2
57 2
58 2
59 2
60 3
61 3
62 3
63 3
64 3
65 3
66 3
67 3
68 3
69 3
70 3
71 3
72 3
73 3
74 3
75 3
76 3
77 3
78 3
79 3
80 4
81 4
82 4
83 4
84 4
85 4
86 4
87 4
88 4
89 4
90 4
91 4
92 4
93 4
94 4
95 4
96 4
97 4
98 4
99 4
100 5
101 5
102 5
103 5
104 5
105 5
106 5
107 5
108 5
109 5
110 5
111 5
112 5
113 5
114 5
115 5
116 5
117 5
118 5
119 5
120 6
121 6
122 6
123 6
124 6
125 6
126 6
127 6
128 6
129 6
130 6
131 6
132 6
133 6
134 6
135 6
136 6
137 6
138 6
139 6
140 7
141 7
142 7
143 7
144 7
145 7
146 7
147 7
148 7
149 7
150 7
151 7
152 7
153 7
154 7
155 7
156 7
157 7
158 7
159 7
160 8
161 8
162 8
163 8
164 8
165 8
166 8
167 8
168 8
169 8
170 8
171 8
172 8
173 8
174 8
175 8
176 8
177 8
178 8
179 8
180 9
181 9
182 9
183 9
184 9
185 9
186 9
187 9
188 9
189 9
190 9
191 9
192 9
193 9
194 9
195 9
196 9
197 9
198 9
199 9
200 10
201 10
202 10
203 10
204 10
205 10
206 10
207 10
208 10
209 10
210 10
211 10
212 10
213 10
214 10
215 10
216 10
217 10
218 10
219 10
220 11
221 11
222 11
223 11
224 11
225 11
226 11
227 11
228 11
229 11
230 11
231 11
232 11
233 11
234 11
235 11
236 11
237 11
238 11
239 11
240 12
241 12
242 12
243 12
244 12
245 12
246 12
247 12
248 12
249 12
250 12
251 12
252 12
253 12
254 12
255 12
256 12
257 12
258 12
259 12
260 13
261 13
262 13
263 13
264 13
265 13
266 13
267 13
268 13
269 13
270 13
271 13
272 13
273 13
274 13
275 13
276 13
277 13
278 13
279 13
280 14
281 14
282 14
283 14
284 14
285 14
286 14
287 14
288 14
289 14
290 14
291 14
292 14
293 14
294 14
295 14
296 14
297 14
298 14
299 14
300 15
301 15
302 15
303 15
304 15
305 15
306 15
307 15
308 15
309 15
310 15
311 15
312 15
313 15
314 15
315 15
316 15
317 15
318 15
319 15

2 1 0 0
2 0 0 0
3 1 0 0
3 0 0 0
4 3 0 0
4 0 0 0
5 2 0 0
5 4 0 0
6 3 0 0
6 1 0 0
7 4 0 0
7 3 0 0
8 2 0 0
8 1 0 0
9 5 0 0
9 7 0 0
10 5 0 0
10 3 0 0
11 10 0 0
11 9 0 0
12 0 0 0
12 2 0 0
13 0 0 0
13 3 0 0
14 8 0 0
14 2 0 0
15 6 0 0
15 5 0 0
16 0 0 0
16 14 0 0
17 10 0 0
17 5 0 0
18 13 0 0
18 0 0 0
19 6 0 0
19 4 0 0
0 9 0 0
0 11 0 0
1 12 0 0
1 18 0 0
22 20 1 1
22 21 1 1
23 22 1 1
23 20 1 1
24 21 1 1
24 22 1 1
25 21 1 1
25 23 1 1
26 23 1 1
26 22 1 1
27 21 1 1
27 22 1 1
28 27 1 1
28 20 1 1
29 25 1 1
29 27 1 1
30 28 1 1
30 27 1 1
31 28 1 1
31 29 1 1
32 28 1 1
32 25 1 1
33 27 1 1
33 28 1 1
34 23 1 1
34 21 1 1
35 29 1 1
35 27 1 1
36 24 1 1
36 34 1 1
37 23 1 1
37 24 1 1
38 35 1 1
38 29 1 1
39 35 1 1
39 29 1 1
20 25 1 1
20 37 1 1
21 39 1 1
21 23 1 1
42 40 2 2
42 41 2 2
43 42 2 2
43 40 2 2
44 42 2 2
44 43 2 2
45 43 2 2
45 44 2 2
46 45 2 2
46 43 2 2
47 40 2 2
47 41 2 2
48 40 2 2
48 46 2 2
49 42 2 2
49 48 2 2
50 48 2 2
50 49 2 2
51 42 2 2
51 40 2 2
52 50 2 2
52 42 2 2
53 45 2 2
53 52 2 2
54 51 2 2
54 49 2 2
55 48 2 2
55 51 2 2
56 44 2 2
56 40 2 2
57 52 2 2
57 51 2 2
58 43 2 2
58 54 2 2
59 48 2 2
59 44 2 2
40 44 2 2
40 58 2 2
41 49 2 2
41 58 2 2
62 60 3 3
62 61 3 3
63 60 3 3
63 61 3 3
64 61 3 3
64 63 3 3
65 63 3 3
65 60 3 3
66 65 3 3
66 63 3 3
67 63 3 3
67 66 3 3
68 62 3 3
68 61 3 3
69 62 3 3
69 60 3 3
70 64 3 3
70 68 3 3
71 64 3 3
71 69 3 3
72 71 3 3
72 68 3 3
73 60 3 3
73 72 3 3
74 70 3 3
74 64 3 3
75 71 3 3
75 68 3 3
76 68 3 3
76 72 3 3
77 63 3 3
77 66 3 3
78 68 3 3
78 75 3 3
79 77 3 3
79 75 3 3
60 71 3 3
60 72 3 3
61 65 3 3
61 73 3 3
82 81 4 4
82 80 4 4
83 81 4 4
83 80 4 4
84 83 4 4
84 80 4 4
85 80 4 4
85 82 4 4
86 82 4 4
86 85 4 4
87 83 4 4
87 82 4 4
88 83 4 4
88 87 4 4
89 81 4 4
89 80 4 4
90 85 4 4
90 80 4 4
91 83 4 4
91 82 4 4
92 86 4 4
92 82 4 4
93 91 4 4
93 89 4 4
94 92 4 4
94 86 4 4
95 80 4 4
95 83 4 4
96 88 4 4
96 93 4 4
97 89 4 4
97 92 4 4
98 87 4 4
98 84 4 4
99 93 4 4
99 96 4 4
80 99 4 4
80 94 4 4
81 87 4 4
81 97 4 4
102 100 5 5
102 101 5 5
103 101 5 5
103 102 5 5
104 101 5 5
104 102 5 5
105 104 5 5
105 103 5 5
106 101 5 5
106 104 5 5
107 105 5 5
107 101 5 5
108 100 5 5
108 104 5 5
109 102 5 5
109 103 5 5
110 106 5 5
110 101 5 5
111 103 5 5
111 107 5 5
112 106 5 5
112 108 5 5
113 108 5 5
113 101 5 5
114 110 5 5
114 101 5 5
115 109 5 5
115 111 5 5
116 107 5 5
116 113 5 5
117 102 5 5
117 113 5 5
118 115 5 5
118 104 5 5
119 111 5 5
119 110 5 5
100 112 5 5
100 116 5 5
101 105 5 5
101 108 5 5
122 120 6 6
122 121 6 6
123 121 6 6
123 122 6 6
124 123 6 6
124 121 6 6
125 124 6 6
125 123 6 6
126 125 6 6
126 124 6 6
127 120 6 6
127 126 6 6
128 124 6 6
128 120 6 6
129 126 6 6
129 121 6 6
130 128 6 6
130 126 6 6
131 120 6 6
131 121 6 6
132 129 6 6
132 125 6 6
133 122 6 6
133 121 6 6
134 131 6 6
134 133 6 6
135 126 6 6
135 129 6 6
136 123 6 6
136 124 6 6
137 135 6 6
137 129 6 6
138 131 6 6
138 124 6 6
139 128 6 6
139 134 6 6
120 139 6 6
120 124 6 6
121 134 6 6
121 125 6 6
142 140 7 7
142 141 7 7
143 141 7 7
143 140 7 7
144 143 7 7
144 141 7 7
145 143 7 7
145 144 7 7
146 140 7 7
146 141 7 7
147 144 7 7
147 145 7 7
148 140 7 7
148 144 7 7
149 147 7 7
149 140 7 7
150 146 7 7
150 148 7 7
151 140 7 7
151 148 7 7
152 142 7 7
152 150 7 7
153 140 7 7
153 144 7 7
154 145 7 7
154 141 7 7
155 152 7 7
155 146 7 7
156 155 7 7
156 143 7 7
157 150 7 7
157 148 7 7
158 149 7 7
158 154 7 7
159 152 7 7
159 146 7 7
140 147 7 7
140 144 7 7
141 157 7 7
141 149 7 7
162 160 8 8
162 161 8 8
163 161 8 8
163 160 8 8
164 161 8 8
164 160 8 8
165 163 8 8
165 160 8 8
166 165 8 8
166 161 8 8
167 163 8 8
167 164 8 8
168 165 8 8
168 160 8 8
169 166 8 8
169 168 8 8
170 166 8 8
170 161 8 8
171 164 8 8
171 166 8 8
172 170 8 8
172 161 8 8
173 166 8 8
173 169 8 8
174 170 8 8
174 166 8 8
175 173 8 8
175 165 8 8
176 175 8 8
176 166 8 8
177 169 8 8
177 163 8 8
178 172 8 8
178 161 8 8
179 178 8 8
179 173 8 8
160 178 8 8
160 169 8 8
161 176 8 8
161 179 8 8
182 181 9 9
182 180 9 9
183 180 9 9
183 181 9 9
184 181 9 9
184 182 9 9
185 182 9 9
185 180 9 9
186 185 9 9
186 182 9 9
187 184 9 9
187 186 9 9
188 181 9 9
188 182 9 9
189 187 9 9
189 186 9 9
190 186 9 9
190 182 9 9
191 188 9 9
191 181 9 9
192 184 9 9
192 189 9 9
193 186 9 9
193 190 9 9
194 188 9 9
194 180 9 9
195 194 9 9
195 185 9 9
196 191 9 9
196 189 9 9
197 195 9 9
197 180 9 9
198 183 9 9
198 185 9 9
199 197 9 9
199 181 9 9
180 186 9 9
180 198 9 9
181 187 9 9
181 194 9 9
202 200 10 10
202 201 10 10
203 201 10 10
203 202 10 10
204 201 10 10
204 203 10 10
205 202 10 10
205 200 10 10
206 204 10 10
206 201 10 10
207 206 10 10
207 201 10 10
208 206 10 10
208 205 10 10
209 205 10 10
209 202 10 10
210 205 10 10
210 201 10 10
211 210 10 10
211 205 10 10
212 208 10 10
212 206 10 10
213 204 10 10
213 208 10 10
214 207 10 10
214 204 10 10
215 201 10 10
215 203 10 10
216 215 10 10
216 205 10 10
217 201 10 10
217 216 10 10
218 212 10 10
218 206 10 10
219 207 10 10
219 204 10 10
200 219 10 10
200 210 10 10
201 214 10 10
201 208 10 10
222 220 11 11
222 221 11 11
223 222 11 11
223 220 11 11
224 222 11 11
224 220 11 11
225 220 11 11
225 222 11 11
226 223 11 11
226 222 11 11
227 220 11 11
227 223 11 11
228 224 11 11
228 222 11 11
229 220 11 11
229 227 11 11
230 225 11 11
230 227 11 11
231 220 11 11
231 227 11 11
232 227 11 11
232 230 11 11
233 227 11 11
233 230 11 11
234 226 11 11
234 231 11 11
235 222 11 11
235 232 11 11
236 220 11 11
236 227 11 11
237 235 11 11
237 225 11 11
238 221 11 11
238 225 11 11
239 231 11 11
239 229 11 11
220 226 11 11
220 228 11 11
221 223 11 11
221 225 11 11
242 241 12 12
242 240 12 12
243 242 12 12
243 240 12 12
244 241 12 12
244 240 12 12
245 243 12 12
245 241 12 12
246 241 12 12
246 242 12 12
247 242 12 12
247 246 12 12
248 247 12 12
248 241 12 12
249 248 12 12
249 243 12 12
250 241 12 12
250 249 12 12
251 240 12 12
251 243 12 12
252 244 12 12
252 250 12 12
253 246 12 12
253 243 12 12
254 245 12 12
254 240 12 12
255 240 12 12
255 246 12 12
256 242 12 12
256 251 12 12
257 248 12 12
257 243 12 12
258 250 12 12
258 247 12 12
259 243 12 12
259 245 12 12
240 249 12 12
240 250 12 12
241 255 12 12
241 257 12 12
262 260 13 13
262 261 13 13
263 261 13 13
263 260 13 13
264 262 13 13
264 261 13 13
265 264 13 13
265 260 13 13
266 261 13 13
266 260 13 13
267 260 13 13
267 263 13 13
268 265 13 13
268 260 13 13
269 268 13 13
269 262 13 13
270 268 13 13
270 261 13 13
271 269 13 13
271 268 13 13
272 266 13 13
272 270 13 13
273 262 13 13
273 265 13 13
274 273 13 13
274 268 13 13
275 271 13 13
275 266 13 13
276 263 13 13
276 261 13 13
277 271 13 13
277 260 13 13
278 269 13 13
278 261 13 13
279 271 13 13
279 270 13 13
260 271 13 13
260 273 13 13
261 279 13 13
261 271 13 13
282 281 14 14
282 280 14 14
283 282 14 14
283 281 14 14
284 283 14 14
284 281 14 14
285 280 14 14
285 281 14 14
286 285 14 14
286 280 14 14
287 280 14 14
287 286 14 14
288 287 14 14
288 284 14 14
289 288 14 14
289 285 14 14
290 289 14 14
290 283 14 14
291 288 14 14
291 285 14 14
292 283 14 14
292 284 14 14
293 292 14 14
293 284 14 14
294 282 14 14
294 287 14 14
295 291 14 14
295 281 14 14
296 294 14 14
296 290 14 14
297 296 14 14
297 291 14 14
298 295 14 14
298 287 14 14
299 280 14 14
299 289 14 14
280 288 14 14
280 284 14 14
281 299 14 14
281 298 14 14
302 301 15 15
302 300 15 15
303 301 15 15
303 300 15 15
304 302 15 15
304 300 15 15
305 302 15 15
305 300 15 15
306 305 15 15
306 301 15 15
307 304 15 15
307 306 15 15
308 306 15 15
308 302 15 15
309 307 15 15
309 301 15 15
310 303 15 15
310 302 15 15
311 308 15 15
311 301 15 15
312 303 15 15
312 308 15 15
313 309 15 15
313 310 15 15
314 300 15 15
314 309 15 15
315 306 15 15
315 309 15 15
316 301 15 15
316 309 15 15
317 316 15 15
317 309 15 15
318 316 15 15
318 311 15 15
319 310 15 15
319 317 15 15
300 317 15 15
300 306 15 15
301 314 15 15
301 313 15 15
55 22 2 1
47 19 2 0
69 10 3 0
71 37 3 1
81 32 4 1
95 60 4 3
104 31 5 1
119 47 5 2
136 12 6 0
132 103 6 5
158 138 7 6
145 55 7 2
163 92 8 4
174 63 8 3
183 154 9 7
183 119 9 5
215 45 10 2
218 110 10 5
227 191 11 9
229 121 11 6
245 223 12 11
252 210 12 10
263 47 13 2
277 148 13 7
298 203 14 10
297 180 14 9
308 288 15 14
302 171 15 8
8 179 0 8
19 93 0 4
34 261 1 13
23 193 1 9
