swNum = 320
edgeNum = 672

0 0
1 0
2 0
3 0
4 0
5 0
6 0
7 0
8 0
9 0
10 0
11 0
12 0
13 0
14 0
15 0
16 0
17 0
18 0
19 0
20 1
21 1
22 1
23 1
24 1
25 1
26 1
27 1
28 1
29 1
30 1
31 1
32 1
33 1
34 1
35 1
36 1
37 1
38 1
39 1
40 2
41 2
42 2
43 2
44 2
45 2
46 2
47 2
48 2
49 2
50 2
51 2
52 2
53 2
54 2
55 2
56 2
57 2
58 2
59 2
60 3
61 3
62 3
63 3
64 3
65 3
66 3
67 3
68 3
69 3
70 3
71 3
72 3
73 3
74 3
75 3
76 3
77 3
78 3
79 3
80 4
81 4
82 4
83 4
84 4
85 4
86 4
87 4
88 4
89 4
90 4
91 4
92 4
93 4
94 4
95 4
96 4
97 4
98 4
99 4
100 5
101 5
102 5
103 5
104 5
105 5
106 5
107 5
108 5
109 5
110 5
111 5
112 5
113 5
114 5
115 5
116 5
117 5
118 5
119 5
120 6
121 6
122 6
123 6
124 6
125 6
126 6
127 6
128 6
129 6
130 6
131 6
132 6
133 6
134 6
135 6
136 6
137 6
138 6
139 6
140 7
141 7
142 7
143 7
144 7
145 7
146 7
147 7
148 7
149 7
150 7
151 7
152 7
153 7
154 7
155 7
156 7
157 7
158 7
159 7
160 8
161 8
162 8
163 8
164 8
165 8
166 8
167 8
168 8
169 8
170 8
171 8
172 8
173 8
174 8
175 8
176 8
177 8
178 8
179 8
180 9
181 9
182 9
183 9
184 9
185 9
186 9
187 9
188 9
189 9
190 9
191 9
192 9
193 9
194 9
195 9
196 9
197 9
198 9
199 9
200 10
201 10
202 10
203 10
204 10
205 10
206 10
207 10
208 10
209 10
210 10
211 10
212 10
213 10
214 10
215 10
216 10
217 10
218 10
219 10
220 11
221 11
222 11
223 11
224 11
225 11
226 11
227 11
228 11
229 11
230 11
231 11
232 11
233 11
234 11
235 11
236 11
237 11
238 11
239 11
240 12
241 12
242 12
243 12
244 12
245 12
246 12
247 12
248 12
249 12
250 12
251 12
252 12
253 12
254 12
255 12
256 12
257 12
258 12
259 12
260 13
261 13
262 13
263 13
264 13
265 13
266 13
267 13
268 13
269 13
270 13
271 13
272 13
273 13
274 13
275 13
276 13
277 13
278 13
279 13
280 14
281 14
282 14
283 14
284 14
285 14
286 14
287 14
288 14
289 14
290 14
291 14
292 14
293 14
294 14
295 14
296 14
297 14
298 14
299 14
300 15
301 15
302 15
303 15
304 15
305 15
306 15
307 15
308 15
309 15
310 15
311 15
312 15
313 15
314 15
315 15
316 15
317 15
318 15
319 15

2 1 0 0
2 0 0 0
3 1 0 0
3 0 0 0
4 0 0 0
4 2 0 0
5 3 0 0
5 2 0 0
6 0 0 0
6 4 0 0
7 2 0 0
7 5 0 0
8 1 0 0
8 0 0 0
9 0 0 0
9 1 0 0
10 1 0 0
10 5 0 0
11 0 0 0
11 5 0 0
12 8 0 0
12 0 0 0
13 6 0 0
13 9 0 0
14 6 0 0
14 8 0 0
15 10 0 0
15 0 0 0
16 10 0 0
16 7 0 0
17 1 0 0
17 3 0 0
18 14 0 0
18 1 0 0
19 9 0 0
19 12 0 0
0 17 0 0
0 18 0 0
1 12 0 0
1 13 0 0
22 21 1 1
22 20 1 1
23 21 1 1
23 22 1 1
24 21 1 1
24 23 1 1
25 24 1 1
25 22 1 1
26 25 1 1
26 22 1 1
27 24 1 1
27 20 1 1
28 25 1 1
28 27 1 1
29 27 1 1
29 22 1 1
30 27 1 1
30 24 1 1
31 20 1 1
31 22 1 1
32 27 1 1
32 21 1 1
33 30 1 1
33 26 1 1
34 29 1 1
34 33 1 1
35 30 1 1
35 20 1 1
36 35 1 1
36 32 1 1
37 34 1 1
37 30 1 1
38 34 1 1
38 32 1 1
39 22 1 1
39 35 1 1
20 36 1 1
20 37 1 1
21 35 1 1
21 39 1 1
42 40 2 2
42 41 2 2
43 41 2 2
43 40 2 2
44 40 2 2
44 42 2 2
45 44 2 2
45 42 2 2
46 40 2 2
46 42 2 2
47 42 2 2
47 44 2 2
48 41 2 2
48 43 2 2
49 42 2 2
49 40 2 2
50 44 2 2
50 48 2 2
51 40 2 2
51 44 2 2
52 41 2 2
52 43 2 2
53 42 2 2
53 46 2 2
54 41 2 2
54 47 2 2
55 42 2 2
55 47 2 2
56 47 2 2
56 46 2 2
57 47 2 2
57 49 2 2
58 50 2 2
58 48 2 2
59 40 2 2
59 47 2 2
40 45 2 2
40 52 2 2
41 45 2 2
41 58 2 2
62 61 3 3
62 60 3 3
63 61 3 3
63 62 3 3
64 62 3 3
64 60 3 3
65 64 3 3
65 62 3 3
66 61 3 3
66 64 3 3
67 64 3 3
67 66 3 3
68 62 3 3
68 67 3 3
69 62 3 3
69 68 3 3
70 68 3 3
70 65 3 3
71 60 3 3
71 64 3 3
72 62 3 3
72 65 3 3
73 62 3 3
73 72 3 3
74 73 3 3
74 68 3 3
75 70 3 3
75 74 3 3
76 73 3 3
76 67 3 3
77 67 3 3
77 64 3 3
78 70 3 3
78 65 3 3
79 71 3 3
79 63 3 3
60 79 3 3
60 74 3 3
61 70 3 3
61 74 3 3
82 81 4 4
82 80 4 4
83 82 4 4
83 81 4 4
84 80 4 4
84 81 4 4
85 80 4 4
85 83 4 4
86 85 4 4
86 84 4 4
87 84 4 4
87 82 4 4
88 87 4 4
88 85 4 4
89 84 4 4
89 81 4 4
90 89 4 4
90 81 4 4
91 86 4 4
91 82 4 4
92 91 4 4
92 86 4 4
93 92 4 4
93 91 4 4
94 91 4 4
94 89 4 4
95 92 4 4
95 90 4 4
96 91 4 4
96 84 4 4
97 86 4 4
97 91 4 4
98 83 4 4
98 80 4 4
99 82 4 4
99 90 4 4
80 89 4 4
80 88 4 4
81 96 4 4
81 87 4 4
102 100 5 5
102 101 5 5
103 102 5 5
103 101 5 5
104 100 5 5
104 102 5 5
105 104 5 5
105 102 5 5
106 105 5 5
106 100 5 5
107 104 5 5
107 105 5 5
108 107 5 5
108 105 5 5
109 105 5 5
109 103 5 5
110 101 5 5
110 100 5 5
111 101 5 5
111 103 5 5
112 104 5 5
112 111 5 5
113 103 5 5
113 102 5 5
114 101 5 5
114 104 5 5
115 105 5 5
115 109 5 5
116 103 5 5
116 104 5 5
117 112 5 5
117 114 5 5
118 108 5 5
118 117 5 5
119 118 5 5
119 109 5 5
100 112 5 5
100 111 5 5
101 113 5 5
101 116 5 5
122 121 6 6
122 120 6 6
123 121 6 6
123 122 6 6
124 121 6 6
124 122 6 6
125 124 6 6
125 122 6 6
126 121 6 6
126 120 6 6
127 123 6 6
127 126 6 6
128 122 6 6
128 127 6 6
129 123 6 6
129 127 6 6
130 126 6 6
130 120 6 6
131 129 6 6
131 123 6 6
132 127 6 6
132 125 6 6
133 121 6 6
133 126 6 6
134 126 6 6
134 124 6 6
135 122 6 6
135 121 6 6
136 131 6 6
136 133 6 6
137 132 6 6
137 130 6 6
138 127 6 6
138 137 6 6
139 134 6 6
139 121 6 6
120 125 6 6
120 127 6 6
121 130 6 6
121 132 6 6
142 140 7 7
142 141 7 7
143 142 7 7
143 140 7 7
144 140 7 7
144 143 7 7
145 140 7 7
145 142 7 7
146 144 7 7
146 143 7 7
147 146 7 7
147 141 7 7
148 143 7 7
148 146 7 7
149 148 7 7
149 143 7 7
150 142 7 7
150 143 7 7
151 143 7 7
151 141 7 7
152 144 7 7
152 150 7 7
153 150 7 7
153 141 7 7
154 140 7 7
154 150 7 7
155 147 7 7
155 149 7 7
156 148 7 7
156 145 7 7
157 151 7 7
157 146 7 7
158 149 7 7
158 150 7 7
159 153 7 7
159 150 7 7
140 147 7 7
140 158 7 7
141 148 7 7
141 146 7 7
162 161 8 8
162 160 8 8
163 160 8 8
163 162 8 8
164 163 8 8
164 160 8 8
165 164 8 8
165 160 8 8
166 161 8 8
166 163 8 8
167 162 8 8
167 164 8 8
168 162 8 8
168 161 8 8
169 160 8 8
169 168 8 8
170 169 8 8
170 162 8 8
171 164 8 8
171 167 8 8
172 167 8 8
172 166 8 8
173 164 8 8
173 161 8 8
174 170 8 8
174 166 8 8
175 173 8 8
175 162 8 8
176 168 8 8
176 162 8 8
177 161 8 8
177 168 8 8
178 173 8 8
178 174 8 8
179 175 8 8
179 168 8 8
160 176 8 8
160 175 8 8
161 176 8 8
161 179 8 8
182 181 9 9
182 180 9 9
183 182 9 9
183 181 9 9
184 181 9 9
184 182 9 9
185 184 9 9
185 182 9 9
186 180 9 9
186 183 9 9
187 180 9 9
187 184 9 9
188 181 9 9
188 186 9 9
189 180 9 9
189 187 9 9
190 182 9 9
190 181 9 9
191 182 9 9
191 186 9 9
192 188 9 9
192 189 9 9
193 184 9 9
193 180 9 9
194 193 9 9
194 184 9 9
195 182 9 9
195 183 9 9
196 184 9 9
196 180 9 9
197 193 9 9
197 194 9 9
198 191 9 9
198 195 9 9
199 187 9 9
199 185 9 9
180 199 9 9
180 191 9 9
181 197 9 9
181 194 9 9
202 201 10 10
202 200 10 10
203 200 10 10
203 202 10 10
204 203 10 10
204 202 10 10
205 202 10 10
205 200 10 10
206 203 10 10
206 204 10 10
207 203 10 10
207 204 10 10
208 201 10 10
208 200 10 10
209 208 10 10
209 207 10 10
210 208 10 10
210 202 10 10
211 209 10 10
211 202 10 10
212 203 10 10
212 204 10 10
213 204 10 10
213 212 10 10
214 205 10 10
214 211 10 10
215 209 10 10
215 212 10 10
216 215 10 10
216 209 10 10
217 206 10 10
217 213 10 10
218 203 10 10
218 205 10 10
219 211 10 10
219 209 10 10
200 213 10 10
200 210 10 10
201 217 10 10
201 219 10 10
222 220 11 11
222 221 11 11
223 221 11 11
223 222 11 11
224 220 11 11
224 223 11 11
225 223 11 11
225 220 11 11
226 221 11 11
226 225 11 11
227 225 11 11
227 223 11 11
228 226 11 11
228 220 11 11
229 226 11 11
229 221 11 11
230 224 11 11
230 225 11 11
231 221 11 11
231 226 11 11
232 226 11 11
232 225 11 11
233 224 11 11
233 223 11 11
234 224 11 11
234 221 11 11
235 226 11 11
235 220 11 11
236 226 11 11
236 223 11 11
237 221 11 11
237 229 11 11
238 228 11 11
238 235 11 11
239 236 11 11
239 229 11 11
220 223 11 11
220 238 11 11
221 225 11 11
221 238 11 11
242 240 12 12
242 241 12 12
243 240 12 12
243 241 12 12
244 242 12 12
244 243 12 12
245 243 12 12
245 242 12 12
246 245 12 12
246 241 12 12
247 240 12 12
247 246 12 12
248 240 12 12
248 245 12 12
249 248 12 12
249 241 12 12
250 244 12 12
250 247 12 12
251 241 12 12
251 247 12 12
252 241 12 12
252 246 12 12
253 240 12 12
253 241 12 12
254 245 12 12
254 249 12 12
255 243 12 12
255 245 12 12
256 244 12 12
256 255 12 12
257 240 12 12
257 253 12 12
258 255 12 12
258 241 12 12
259 258 12 12
259 245 12 12
240 245 12 12
240 255 12 12
241 257 12 12
241 255 12 12
262 260 13 13
262 261 13 13
263 260 13 13
263 262 13 13
264 261 13 13
264 260 13 13
265 264 13 13
265 260 13 13
266 260 13 13
266 262 13 13
267 264 13 13
267 261 13 13
268 260 13 13
268 265 13 13
269 261 13 13
269 264 13 13
270 265 13 13
270 263 13 13
271 262 13 13
271 268 13 13
272 267 13 13
272 269 13 13
273 265 13 13
273 262 13 13
274 264 13 13
274 271 13 13
275 260 13 13
275 262 13 13
276 275 13 13
276 267 13 13
277 263 13 13
277 266 13 13
278 267 13 13
278 260 13 13
279 262 13 13
279 263 13 13
260 274 13 13
260 270 13 13
261 266 13 13
261 273 13 13
282 280 14 14
282 281 14 14
283 282 14 14
283 280 14 14
284 280 14 14
284 281 14 14
285 280 14 14
285 284 14 14
286 280 14 14
286 282 14 14
287 281 14 14
287 284 14 14
288 287 14 14
288 286 14 14
289 284 14 14
289 286 14 14
290 285 14 14
290 288 14 14
291 282 14 14
291 287 14 14
292 284 14 14
292 288 14 14
293 290 14 14
293 285 14 14
294 287 14 14
294 282 14 14
295 288 14 14
295 282 14 14
296 287 14 14
296 280 14 14
297 282 14 14
297 293 14 14
298 296 14 14
298 291 14 14
299 286 14 14
299 289 14 14
280 294 14 14
280 292 14 14
281 294 14 14
281 296 14 14
302 300 15 15
302 301 15 15
303 301 15 15
303 302 15 15
304 301 15 15
304 303 15 15
305 304 15 15
305 301 15 15
306 303 15 15
306 305 15 15
307 305 15 15
307 303 15 15
308 304 15 15
308 300 15 15
309 301 15 15
309 303 15 15
310 301 15 15
310 304 15 15
311 307 15 15
311 306 15 15
312 307 15 15
312 310 15 15
313 311 15 15
313 304 15 15
314 306 15 15
314 305 15 15
315 304 15 15
315 310 15 15
316 302 15 15
316 304 15 15
317 301 15 15
317 316 15 15
318 307 15 15
318 314 15 15
319 313 15 15
319 318 15 15
300 309 15 15
300 313 15 15
301 312 15 15
301 315 15 15
51 32 2 1
40 18 2 0
74 7 3 0
79 34 3 1
98 56 4 2
89 62 4 3
119 90 5 4
118 74 5 3
133 101 6 5
130 40 6 2
143 50 7 2
153 31 7 1
174 79 8 3
173 87 8 4
190 86 9 4
197 24 9 1
204 41 10 2
203 61 10 3
236 26 11 1
234 82 11 4
240 148 12 7
259 27 12 1
271 164 13 8
277 231 13 11
295 70 14 3
283 59 14 2
318 177 15 8
311 186 15 9
17 190 0 9
16 146 0 7
27 133 1 6
29 285 1 14
