swNum = 320
edgeNum = 672

0 0
1 0
2 0
3 0
4 0
5 0
6 0
7 0
8 0
9 0
10 0
11 0
12 0
13 0
14 0
15 0
16 0
17 0
18 0
19 0
20 1
21 1
22 1
23 1
24 1
25 1
26 1
27 1
28 1
29 1
30 1
31 1
32 1
33 1
34 1
35 1
36 1
37 1
38 1
39 1
40 2
41 2
42 2
43 2
44 2
45 2
46 2
47 2
48 2
49 2
50 2
51 2
52 2
53 2
54 2
55 2
56 2
57 2
58 2
59 2
60 3
61 3
62 3
63 3
64 3
65 3
66 3
67 3
68 3
69 3
70 3
71 3
72 3
73 3
74 3
75 3
76 3
77 3
78 3
79 3
80 4
81 4
82 4
83 4
84 4
85 4
86 4
87 4
88 4
89 4
90 4
91 4
92 4
93 4
94 4
95 4
96 4
97 4
98 4
99 4
100 5
101 5
102 5
103 5
104 5
105 5
106 5
107 5
108 5
109 5
110 5
111 5
112 5
113 5
114 5
115 5
116 5
117 5
118 5
119 5
120 6
121 6
122 6
123 6
124 6
125 6
126 6
127 6
128 6
129 6
130 6
131 6
132 6
133 6
134 6
135 6
136 6
137 6
138 6
139 6
140 7
141 7
142 7
143 7
144 7
145 7
146 7
147 7
148 7
149 7
150 7
151 7
152 7
153 7
154 7
155 7
156 7
157 7
158 7
159 7
160 8
161 8
162 8
163 8
164 8
165 8
166 8
167 8
168 8
169 8
170 8
171 8
172 8
173 8
174 8
175 8
176 8
177 8
178 8
179 8
180 9
181 9
182 9
183 9
184 9
185 9
186 9
187 9
188 9
189 9
190 9
191 9
192 9
193 9
194 9
195 9
196 9
197 9
198 9
199 9
200 10
201 10
202 10
203 10
204 10
205 10
206 10
207 10
208 10
209 10
210 10
211 10
212 10
213 10
214 10
215 10
216 10
217 10
218 10
219 10
220 11
221 11
222 11
223 11
224 11
225 11
226 11
227 11
228 11
229 11
230 11
231 11
232 11
233 11
234 11
235 11
236 11
237 11
238 11
239 11
240 12
241 12
242 12
243 12
244 12
245 12
246 12
247 12
248 12
249 12
250 12
251 12
252 12
253 12
254 12
255 12
256 12
257 12
258 12
259 12
260 13
261 13
262 13
263 13
264 13
265 13
266 13
267 13
268 13
269 13
270 13
271 13
272 13
273 13
274 13
275 13
276 13
277 13
278 13
279 13
280 14
281 14
282 14
283 14
284 14
285 14
286 14
287 14
288 14
289 14
290 14
291 14
292 14
293 14
294 14
295 14
296 14
297 14
298 14
299 14
300 15
301 15
302 15
303 15
304 15
305 15
306 15
307 15
308 15
309 15
310 15
311 15
312 15
313 15
314 15
315 15
316 15
317 15
318 15
319 15

2 0 0 0
2 1 0 0
3 0 0 0
3 1 0 0
4 1 0 0
4 3 0 0
5 0 0 0
5 1 0 0
6 3 0 0
6 0 0 0
7 6 0 0
7 2 0 0
8 7 0 0
8 4 0 0
9 7 0 0
9 6 0 0
10 9 0 0
10 5 0 0
11 5 0 0
11 6 0 0
12 5 0 0
12 3 0 0
13 4 0 0
13 8 0 0
14 7 0 0
14 10 0 0
15 6 0 0
15 1 0 0
16 1 0 0
16 14 0 0
17 14 0 0
17 16 0 0
18 15 0 0
18 12 0 0
19 4 0 0
19 13 0 0
0 7 0 0
0 13 0 0
1 11 0 0
1 19 0 0
22 20 1 1
22 21 1 1
23 22 1 1
23 21 1 1
24 20 1 1
24 22 1 1
25 20 1 1
25 24 1 1
26 20 1 1
26 25 1 1
27 20 1 1
27 26 1 1
28 23 1 1
28 20 1 1
29 22 1 1
29 20 1 1
30 29 1 1
30 22 1 1
31 29 1 1
31 23 1 1
32 31 1 1
32 28 1 1
33 23 1 1
33 22 1 1
34 26 1 1
34 27 1 1
35 26 1 1
35 27 1 1
36 24 1 1
36 35 1 1
37 27 1 1
37 21 1 1
38 21 1 1
38 30 1 1
39 22 1 1
39 25 1 1
20 33 1 1
20 30 1 1
21 29 1 1
21 31 1 1
42 40 2 2
42 41 2 2
43 42 2 2
43 40 2 2
44 43 2 2
44 41 2 2
45 43 2 2
45 42 2 2
46 40 2 2
46 45 2 2
47 41 2 2
47 44 2 2
48 46 2 2
48 41 2 2
49 41 2 2
49 45 2 2
50 49 2 2
50 44 2 2
51 47 2 2
51 43 2 2
52 49 2 2
52 41 2 2
53 43 2 2
53 49 2 2
54 43 2 2
54 50 2 2
55 40 2 2
55 53 2 2
56 40 2 2
56 55 2 2
57 49 2 2
57 41 2 2
58 48 2 2
58 49 2 2
59 46 2 2
59 43 2 2
40 45 2 2
40 51 2 2
41 58 2 2
41 53 2 2
62 61 3 3
62 60 3 3
63 60 3 3
63 61 3 3
64 62 3 3
64 61 3 3
65 64 3 3
65 61 3 3
66 61 3 3
66 62 3 3
67 64 3 3
67 62 3 3
68 61 3 3
68 60 3 3
69 67 3 3
69 65 3 3
70 63 3 3
70 68 3 3
71 61 3 3
71 60 3 3
72 63 3 3
72 60 3 3
73 70 3 3
73 72 3 3
74 71 3 3
74 63 3 3
75 67 3 3
75 66 3 3
76 68 3 3
76 62 3 3
77 65 3 3
77 74 3 3
78 77 3 3
78 64 3 3
79 63 3 3
79 67 3 3
60 69 3 3
60 65 3 3
61 72 3 3
61 69 3 3
82 80 4 4
82 81 4 4
83 81 4 4
83 82 4 4
84 82 4 4
84 81 4 4
85 81 4 4
85 80 4 4
86 83 4 4
86 80 4 4
87 80 4 4
87 81 4 4
88 83 4 4
88 85 4 4
89 88 4 4
89 80 4 4
90 80 4 4
90 81 4 4
91 88 4 4
91 89 4 4
92 83 4 4
92 80 4 4
93 86 4 4
93 83 4 4
94 83 4 4
94 81 4 4
95 83 4 4
95 88 4 4
96 86 4 4
96 90 4 4
97 96 4 4
97 80 4 4
98 86 4 4
98 82 4 4
99 81 4 4
99 92 4 4
80 98 4 4
80 83 4 4
81 92 4 4
81 98 4 4
102 101 5 5
102 100 5 5
103 101 5 5
103 100 5 5
104 100 5 5
104 102 5 5
105 102 5 5
105 100 5 5
106 102 5 5
106 101 5 5
107 106 5 5
107 105 5 5
108 104 5 5
108 107 5 5
109 108 5 5
109 105 5 5
110 105 5 5
110 100 5 5
111 108 5 5
111 105 5 5
112 108 5 5
112 111 5 5
113 107 5 5
113 105 5 5
114 110 5 5
114 103 5 5
115 101 5 5
115 102 5 5
116 102 5 5
116 110 5 5
117 109 5 5
117 103 5 5
118 111 5 5
118 109 5 5
119 102 5 5
119 109 5 5
100 108 5 5
100 115 5 5
101 105 5 5
101 108 5 5
122 120 6 6
122 121 6 6
123 121 6 6
123 120 6 6
124 122 6 6
124 120 6 6
125 123 6 6
125 121 6 6
126 120 6 6
126 124 6 6
127 120 6 6
127 126 6 6
128 126 6 6
128 123 6 6
129 126 6 6
129 122 6 6
130 128 6 6
130 126 6 6
131 120 6 6
131 126 6 6
132 129 6 6
132 131 6 6
133 122 6 6
133 131 6 6
134 126 6 6
134 120 6 6
135 122 6 6
135 133 6 6
136 126 6 6
136 132 6 6
137 133 6 6
137 126 6 6
138 121 6 6
138 135 6 6
139 131 6 6
139 120 6 6
120 135 6 6
120 136 6 6
121 137 6 6
121 126 6 6
142 141 7 7
142 140 7 7
143 142 7 7
143 140 7 7
144 143 7 7
144 142 7 7
145 144 7 7
145 140 7 7
146 144 7 7
146 145 7 7
147 142 7 7
147 145 7 7
148 142 7 7
148 140 7 7
149 143 7 7
149 147 7 7
150 140 7 7
150 142 7 7
151 142 7 7
151 144 7 7
152 140 7 7
152 145 7 7
153 148 7 7
153 145 7 7
154 146 7 7
154 152 7 7
155 149 7 7
155 148 7 7
156 142 7 7
156 145 7 7
157 147 7 7
157 155 7 7
158 155 7 7
158 156 7 7
159 156 7 7
159 158 7 7
140 154 7 7
140 147 7 7
141 145 7 7
141 150 7 7
162 160 8 8
162 161 8 8
163 160 8 8
163 161 8 8
164 162 8 8
164 161 8 8
165 160 8 8
165 162 8 8
166 164 8 8
166 165 8 8
167 165 8 8
167 160 8 8
168 166 8 8
168 162 8 8
169 166 8 8
169 164 8 8
170 162 8 8
170 168 8 8
171 170 8 8
171 169 8 8
172 171 8 8
172 167 8 8
173 164 8 8
173 163 8 8
174 173 8 8
174 167 8 8
175 166 8 8
175 173 8 8
176 166 8 8
176 165 8 8
177 160 8 8
177 165 8 8
178 176 8 8
178 177 8 8
179 166 8 8
179 167 8 8
160 174 8 8
160 168 8 8
161 171 8 8
161 167 8 8
182 181 9 9
182 180 9 9
183 182 9 9
183 180 9 9
184 182 9 9
184 180 9 9
185 184 9 9
185 182 9 9
186 182 9 9
186 185 9 9
187 180 9 9
187 183 9 9
188 181 9 9
188 186 9 9
189 182 9 9
189 183 9 9
190 184 9 9
190 182 9 9
191 188 9 9
191 182 9 9
192 181 9 9
192 184 9 9
193 184 9 9
193 185 9 9
194 181 9 9
194 183 9 9
195 191 9 9
195 190 9 9
196 185 9 9
196 182 9 9
197 194 9 9
197 185 9 9
198 187 9 9
198 189 9 9
199 181 9 9
199 186 9 9
180 194 9 9
180 186 9 9
181 197 9 9
181 187 9 9
202 200 10 10
202 201 10 10
203 201 10 10
203 200 10 10
204 201 10 10
204 203 10 10
205 202 10 10
205 201 10 10
206 200 10 10
206 203 10 10
207 205 10 10
207 204 10 10
208 207 10 10
208 205 10 10
209 200 10 10
209 207 10 10
210 204 10 10
210 209 10 10
211 200 10 10
211 203 10 10
212 206 10 10
212 207 10 10
213 204 10 10
213 200 10 10
214 210 10 10
214 211 10 10
215 213 10 10
215 208 10 10
216 207 10 10
216 208 10 10
217 209 10 10
217 205 10 10
218 208 10 10
218 203 10 10
219 204 10 10
219 214 10 10
200 212 10 10
200 205 10 10
201 211 10 10
201 218 10 10
222 221 11 11
222 220 11 11
223 221 11 11
223 220 11 11
224 222 11 11
224 221 11 11
225 224 11 11
225 222 11 11
226 223 11 11
226 222 11 11
227 226 11 11
227 225 11 11
228 227 11 11
228 226 11 11
229 228 11 11
229 227 11 11
230 229 11 11
230 220 11 11
231 220 11 11
231 223 11 11
232 222 11 11
232 228 11 11
233 228 11 11
233 230 11 11
234 227 11 11
234 229 11 11
235 229 11 11
235 227 11 11
236 234 11 11
236 228 11 11
237 226 11 11
237 220 11 11
238 237 11 11
238 222 11 11
239 229 11 11
239 226 11 11
220 224 11 11
220 228 11 11
221 231 11 11
221 234 11 11
242 240 12 12
242 241 12 12
243 242 12 12
243 240 12 12
244 242 12 12
244 243 12 12
245 242 12 12
245 240 12 12
246 241 12 12
246 243 12 12
247 242 12 12
247 241 12 12
248 245 12 12
248 242 12 12
249 248 12 12
249 247 12 12
250 248 12 12
250 249 12 12
251 247 12 12
251 242 12 12
252 251 12 12
252 247 12 12
253 242 12 12
253 240 12 12
254 248 12 12
254 252 12 12
255 252 12 12
255 240 12 12
256 244 12 12
256 251 12 12
257 255 12 12
257 241 12 12
258 247 12 12
258 256 12 12
259 242 12 12
259 247 12 12
240 251 12 12
240 257 12 12
241 243 12 12
241 249 12 12
262 260 13 13
262 261 13 13
263 262 13 13
263 261 13 13
264 263 13 13
264 260 13 13
265 263 13 13
265 264 13 13
266 261 13 13
266 260 13 13
267 261 13 13
267 263 13 13
268 262 13 13
268 266 13 13
269 268 13 13
269 265 13 13
270 266 13 13
270 264 13 13
271 266 13 13
271 264 13 13
272 271 13 13
272 269 13 13
273 269 13 13
273 260 13 13
274 271 13 13
274 263 13 13
275 271 13 13
275 263 13 13
276 260 13 13
276 271 13 13
277 266 13 13
277 273 13 13
278 269 13 13
278 263 13 13
279 277 13 13
279 264 13 13
260 270 13 13
260 265 13 13
261 277 13 13
261 273 13 13
282 281 14 14
282 280 14 14
283 280 14 14
283 281 14 14
284 281 14 14
284 280 14 14
285 281 14 14
285 283 14 14
286 284 14 14
286 281 14 14
287 281 14 14
287 283 14 14
288 281 14 14
288 282 14 14
289 282 14 14
289 284 14 14
290 280 14 14
290 285 14 14
291 288 14 14
291 284 14 14
292 289 14 14
292 282 14 14
293 291 14 14
293 282 14 14
294 286 14 14
294 281 14 14
295 290 14 14
295 291 14 14
296 293 14 14
296 292 14 14
297 286 14 14
297 285 14 14
298 283 14 14
298 294 14 14
299 292 14 14
299 289 14 14
280 294 14 14
280 299 14 14
281 298 14 14
281 296 14 14
302 301 15 15
302 300 15 15
303 302 15 15
303 301 15 15
304 303 15 15
304 301 15 15
305 302 15 15
305 301 15 15
306 300 15 15
306 303 15 15
307 305 15 15
307 304 15 15
308 304 15 15
308 305 15 15
309 308 15 15
309 306 15 15
310 306 15 15
310 308 15 15
311 306 15 15
311 308 15 15
312 310 15 15
312 306 15 15
313 310 15 15
313 301 15 15
314 308 15 15
314 310 15 15
315 301 15 15
315 310 15 15
316 308 15 15
316 304 15 15
317 315 15 15
317 304 15 15
318 315 15 15
318 302 15 15
319 313 15 15
319 311 15 15
300 315 15 15
300 312 15 15
301 314 15 15
301 308 15 15
40 19 2 0
57 31 2 1
72 53 3 2
71 16 3 0
92 66 4 3
96 35 4 1
106 2 5 0
116 29 5 1
137 8 6 0
138 106 6 5
141 97 7 4
153 127 7 6
168 92 8 4
178 111 8 5
185 62 9 3
180 158 9 7
200 133 10 6
215 95 10 4
228 126 11 6
229 1 11 0
252 99 12 4
253 171 12 8
265 22 13 1
273 148 13 7
287 208 14 10
298 24 14 1
305 155 15 7
300 75 15 3
13 197 0 9
4 168 0 8
36 185 1 9
33 177 1 8
