swNum = 320
edgeNum = 672

0 0
1 0
2 0
3 0
4 0
5 0
6 0
7 0
8 0
9 0
10 0
11 0
12 0
13 0
14 0
15 0
16 0
17 0
18 0
19 0
20 1
21 1
22 1
23 1
24 1
25 1
26 1
27 1
28 1
29 1
30 1
31 1
32 1
33 1
34 1
35 1
36 1
37 1
38 1
39 1
40 2
41 2
42 2
43 2
44 2
45 2
46 2
47 2
48 2
49 2
50 2
51 2
52 2
53 2
54 2
55 2
56 2
57 2
58 2
59 2
60 3
61 3
62 3
63 3
64 3
65 3
66 3
67 3
68 3
69 3
70 3
71 3
72 3
73 3
74 3
75 3
76 3
77 3
78 3
79 3
80 4
81 4
82 4
83 4
84 4
85 4
86 4
87 4
88 4
89 4
90 4
91 4
92 4
93 4
94 4
95 4
96 4
97 4
98 4
99 4
100 5
101 5
102 5
103 5
104 5
105 5
106 5
107 5
108 5
109 5
110 5
111 5
112 5
113 5
114 5
115 5
116 5
117 5
118 5
119 5
120 6
121 6
122 6
123 6
124 6
125 6
126 6
127 6
128 6
129 6
130 6
131 6
132 6
133 6
134 6
135 6
136 6
137 6
138 6
139 6
140 7
141 7
142 7
143 7
144 7
145 7
146 7
147 7
148 7
149 7
150 7
151 7
152 7
153 7
154 7
155 7
156 7
157 7
158 7
159 7
160 8
161 8
162 8
163 8
164 8
165 8
166 8
167 8
168 8
169 8
170 8
171 8
172 8
173 8
174 8
175 8
176 8
177 8
178 8
179 8
180 9
181 9
182 9
183 9
184 9
185 9
186 9
187 9
188 9
189 9
190 9
191 9
192 9
193 9
194 9
195 9
196 9
197 9
198 9
199 9
200 10
201 10
202 10
203 10
204 10
205 10
206 10
207 10
208 10
209 10
210 10
211 10
212 10
213 10
214 10
215 10
216 10
217 10
218 10
219 10
220 11
221 11
222 11
223 11
224 11
225 11
226 11
227 11
228 11
229 11
230 11
231 11
232 11
233 11
234 11
235 11
236 11
237 11
238 11
239 11
240 12
241 12
242 12
243 12
244 12
245 12
246 12
247 12
248 12
249 12
250 12
251 12
252 12
253 12
254 12
255 12
256 12
257 12
258 12
259 12
260 13
261 13
262 13
263 13
264 13
265 13
266 13
267 13
268 13
269 13
270 13
271 13
272 13
273 13
274 13
275 13
276 13
277 13
278 13
279 13
280 14
281 14
282 14
283 14
284 14
285 14
286 14
287 14
288 14
289 14
290 14
291 14
292 14
293 14
294 14
295 14
296 14
297 14
298 14
299 14
300 15
301 15
302 15
303 15
304 15
305 15
306 15
307 15
308 15
309 15
310 15
311 15
312 15
313 15
314 15
315 15
316 15
317 15
318 15
319 15

2 1 0 0
2 0 0 0
3 0 0 0
3 1 0 0
4 2 0 0
4 3 0 0
5 1 0 0
5 0 0 0
6 0 0 0
6 3 0 0
7 1 0 0
7 2 0 0
8 3 0 0
8 1 0 0
9 0 0 0
9 8 0 0
10 2 0 0
10 7 0 0
11 3 0 0
11 2 0 0
12 3 0 0
12 5 0 0
13 11 0 0
13 9 0 0
14 1 0 0
14 0 0 0
15 10 0 0
15 3 0 0
16 6 0 0
16 12 0 0
17 14 0 0
17 0 0 0
18 1 0 0
18 15 0 0
19 1 0 0
19 16 0 0
0 10 0 0
0 18 0 0
1 13 0 0
1 17 0 0
22 21 1 1
22 20 1 1
23 22 1 1
23 20 1 1
24 22 1 1
24 20 1 1
25 21 1 1
25 20 1 1
26 25 1 1
26 22 1 1
27 22 1 1
27 20 1 1
28 22 1 1
28 25 1 1
29 28 1 1
29 22 1 1
30 21 1 1
30 25 1 1
31 26 1 1
31 28 1 1
32 29 1 1
32 25 1 1
33 28 1 1
33 27 1 1
34 29 1 1
34 25 1 1
35 29 1 1
35 34 1 1
36 22 1 1
36 32 1 1
37 27 1 1
37 20 1 1
38 33 1 1
38 30 1 1
39 38 1 1
39 21 1 1
20 36 1 1
20 26 1 1
21 29 1 1
21 32 1 1
42 40 2 2
42 41 2 2
43 40 2 2
43 42 2 2
44 40 2 2
44 41 2 2
45 42 2 2
45 43 2 2
46 42 2 2
46 43 2 2
47 45 2 2
47 43 2 2
48 41 2 2
48 46 2 2
49 48 2 2
49 47 2 2
50 47 2 2
50 46 2 2
51 47 2 2
51 43 2 2
52 40 2 2
52 42 2 2
53 45 2 2
53 41 2 2
54 44 2 2
54 52 2 2
55 40 2 2
55 44 2 2
56 46 2 2
56 50 2 2
57 41 2 2
57 48 2 2
58 42 2 2
58 55 2 2
59 56 2 2
59 47 2 2
40 51 2 2
40 58 2 2
41 45 2 2
41 54 2 2
62 61 3 3
62 60 3 3
63 61 3 3
63 60 3 3
64 60 3 3
64 61 3 3
65 61 3 3
65 63 3 3
66 64 3 3
66 62 3 3
67 62 3 3
67 63 3 3
68 61 3 3
68 63 3 3
69 61 3 3
69 68 3 3
70 62 3 3
70 61 3 3
71 66 3 3
71 63 3 3
72 68 3 3
72 66 3 3
73 70 3 3
73 64 3 3
74 72 3 3
74 73 3 3
75 74 3 3
75 70 3 3
76 74 3 3
76 66 3 3
77 61 3 3
77 76 3 3
78 66 3 3
78 63 3 3
79 77 3 3
79 64 3 3
60 68 3 3
60 65 3 3
61 76 3 3
61 75 3 3
82 81 4 4
82 80 4 4
83 82 4 4
83 81 4 4
84 83 4 4
84 81 4 4
85 82 4 4
85 83 4 4
86 80 4 4
86 85 4 4
87 86 4 4
87 83 4 4
88 82 4 4
88 80 4 4
89 85 4 4
89 81 4 4
90 89 4 4
90 80 4 4
91 80 4 4
91 88 4 4
92 88 4 4
92 89 4 4
93 91 4 4
93 88 4 4
94 87 4 4
94 83 4 4
95 83 4 4
95 91 4 4
96 93 4 4
96 91 4 4
97 94 4 4
97 86 4 4
98 95 4 4
98 80 4 4
99 96 4 4
99 81 4 4
80 99 4 4
80 85 4 4
81 95 4 4
81 92 4 4
102 101 5 5
102 100 5 5
103 100 5 5
103 101 5 5
104 102 5 5
104 103 5 5
105 104 5 5
105 103 5 5
106 101 5 5
106 105 5 5
107 106 5 5
107 102 5 5
108 103 5 5
108 100 5 5
109 104 5 5
109 101 5 5
110 106 5 5
110 102 5 5
111 102 5 5
111 107 5 5
112 101 5 5
112 110 5 5
113 112 5 5
113 105 5 5
114 105 5 5
114 108 5 5
115 109 5 5
115 110 5 5
116 102 5 5
116 108 5 5
117 116 5 5
117 112 5 5
118 108 5 5
118 117 5 5
119 113 5 5
119 105 5 5
100 116 5 5
100 115 5 5
101 119 5 5
101 116 5 5
122 120 6 6
122 121 6 6
123 122 6 6
123 121 6 6
124 120 6 6
124 121 6 6
125 122 6 6
125 121 6 6
126 123 6 6
126 125 6 6
127 126 6 6
127 122 6 6
128 122 6 6
128 126 6 6
129 125 6 6
129 121 6 6
130 122 6 6
130 123 6 6
131 130 6 6
131 124 6 6
132 126 6 6
132 131 6 6
133 131 6 6
133 122 6 6
134 126 6 6
134 128 6 6
135 122 6 6
135 129 6 6
136 132 6 6
136 128 6 6
137 124 6 6
137 134 6 6
138 123 6 6
138 122 6 6
139 138 6 6
139 120 6 6
120 131 6 6
120 128 6 6
121 127 6 6
121 135 6 6
142 140 7 7
142 141 7 7
143 141 7 7
143 140 7 7
144 143 7 7
144 141 7 7
145 140 7 7
145 141 7 7
146 141 7 7
146 142 7 7
147 143 7 7
147 141 7 7
148 143 7 7
148 141 7 7
149 140 7 7
149 142 7 7
150 143 7 7
150 149 7 7
151 149 7 7
151 143 7 7
152 151 7 7
152 147 7 7
153 144 7 7
153 148 7 7
154 153 7 7
154 149 7 7
155 141 7 7
155 140 7 7
156 141 7 7
156 151 7 7
157 154 7 7
157 145 7 7
158 149 7 7
158 147 7 7
159 152 7 7
159 143 7 7
140 147 7 7
140 144 7 7
141 154 7 7
141 152 7 7
162 161 8 8
162 160 8 8
163 160 8 8
163 161 8 8
164 160 8 8
164 161 8 8
165 160 8 8
165 163 8 8
166 163 8 8
166 161 8 8
167 163 8 8
167 165 8 8
168 165 8 8
168 162 8 8
169 167 8 8
169 163 8 8
170 165 8 8
170 160 8 8
171 162 8 8
171 165 8 8
172 170 8 8
172 162 8 8
173 169 8 8
173 165 8 8
174 168 8 8
174 160 8 8
175 166 8 8
175 163 8 8
176 160 8 8
176 168 8 8
177 165 8 8
177 170 8 8
178 174 8 8
178 171 8 8
179 162 8 8
179 175 8 8
160 167 8 8
160 173 8 8
161 167 8 8
161 171 8 8
182 180 9 9
182 181 9 9
183 180 9 9
183 182 9 9
184 180 9 9
184 183 9 9
185 183 9 9
185 184 9 9
186 181 9 9
186 180 9 9
187 182 9 9
187 180 9 9
188 187 9 9
188 186 9 9
189 188 9 9
189 187 9 9
190 186 9 9
190 180 9 9
191 188 9 9
191 189 9 9
192 184 9 9
192 185 9 9
193 184 9 9
193 185 9 9
194 191 9 9
194 192 9 9
195 190 9 9
195 188 9 9
196 184 9 9
196 191 9 9
197 193 9 9
197 180 9 9
198 180 9 9
198 190 9 9
199 184 9 9
199 180 9 9
180 196 9 9
180 195 9 9
181 189 9 9
181 197 9 9
202 200 10 10
202 201 10 10
203 200 10 10
203 202 10 10
204 203 10 10
204 202 10 10
205 200 10 10
205 202 10 10
206 204 10 10
206 201 10 10
207 203 10 10
207 205 10 10
208 204 10 10
208 207 10 10
209 207 10 10
209 201 10 10
210 208 10 10
210 207 10 10
211 208 10 10
211 207 10 10
212 204 10 10
212 208 10 10
213 206 10 10
213 209 10 10
214 204 10 10
214 210 10 10
215 211 10 10
215 201 10 10
216 209 10 10
216 208 10 10
217 200 10 10
217 202 10 10
218 215 10 10
218 207 10 10
219 215 10 10
219 203 10 10
200 218 10 10
200 215 10 10
201 204 10 10
201 219 10 10
222 220 11 11
222 221 11 11
223 222 11 11
223 221 11 11
224 223 11 11
224 220 11 11
225 224 11 11
225 222 11 11
226 225 11 11
226 222 11 11
227 220 11 11
227 222 11 11
228 225 11 11
228 226 11 11
229 226 11 11
229 223 11 11
230 225 11 11
230 229 11 11
231 223 11 11
231 226 11 11
232 223 11 11
232 222 11 11
233 220 11 11
233 227 11 11
234 226 11 11
234 230 11 11
235 226 11 11
235 230 11 11
236 233 11 11
236 220 11 11
237 226 11 11
237 236 11 11
238 233 11 11
238 220 11 11
239 230 11 11
239 229 11 11
220 234 11 11
220 239 11 11
221 230 11 11
221 225 11 11
242 240 12 12
242 241 12 12
243 242 12 12
243 241 12 12
244 243 12 12
244 242 12 12
245 243 12 12
245 242 12 12
246 240 12 12
246 242 12 12
247 244 12 12
247 245 12 12
248 246 12 12
248 240 12 12
249 247 12 12
249 244 12 12
250 248 12 12
250 240 12 12
251 246 12 12
251 244 12 12
252 244 12 12
252 243 12 12
253 241 12 12
253 240 12 12
254 246 12 12
254 242 12 12
255 247 12 12
255 253 12 12
256 251 12 12
256 248 12 12
257 244 12 12
257 249 12 12
258 254 12 12
258 242 12 12
259 252 12 12
259 253 12 12
240 256 12 12
240 254 12 12
241 259 12 12
241 247 12 12
262 260 13 13
262 261 13 13
263 261 13 13
263 260 13 13
264 262 13 13
264 261 13 13
265 262 13 13
265 261 13 13
266 261 13 13
266 263 13 13
267 265 13 13
267 260 13 13
268 265 13 13
268 262 13 13
269 267 13 13
269 263 13 13
270 263 13 13
270 267 13 13
271 263 13 13
271 270 13 13
272 263 13 13
272 261 13 13
273 265 13 13
273 262 13 13
274 266 13 13
274 268 13 13
275 262 13 13
275 260 13 13
276 261 13 13
276 272 13 13
277 267 13 13
277 266 13 13
278 273 13 13
278 269 13 13
279 275 13 13
279 271 13 13
260 270 13 13
260 277 13 13
261 268 13 13
261 279 13 13
282 281 14 14
282 280 14 14
283 280 14 14
283 281 14 14
284 280 14 14
284 283 14 14
285 283 14 14
285 282 14 14
286 282 14 14
286 283 14 14
287 281 14 14
287 283 14 14
288 286 14 14
288 283 14 14
289 285 14 14
289 282 14 14
290 283 14 14
290 281 14 14
291 286 14 14
291 287 14 14
292 282 14 14
292 283 14 14
293 287 14 14
293 288 14 14
294 283 14 14
294 286 14 14
295 293 14 14
295 282 14 14
296 281 14 14
296 286 14 14
297 292 14 14
297 289 14 14
298 293 14 14
298 291 14 14
299 294 14 14
299 295 14 14
280 291 14 14
280 292 14 14
281 295 14 14
281 293 14 14
302 301 15 15
302 300 15 15
303 301 15 15
303 300 15 15
304 300 15 15
304 301 15 15
305 301 15 15
305 300 15 15
306 304 15 15
306 305 15 15
307 302 15 15
307 305 15 15
308 306 15 15
308 305 15 15
309 305 15 15
309 303 15 15
310 301 15 15
310 307 15 15
311 307 15 15
311 304 15 15
312 306 15 15
312 301 15 15
313 306 15 15
313 304 15 15
314 308 15 15
314 305 15 15
315 311 15 15
315 307 15 15
316 302 15 15
316 312 15 15
317 314 15 15
317 304 15 15
318 317 15 15
318 313 15 15
319 302 15 15
319 310 15 15
300 317 15 15
300 307 15 15
301 308 15 15
301 314 15 15
42 29 2 1
46 3 2 0
68 2 3 0
76 23 3 1
81 51 4 2
87 16 4 0
114 70 5 3
115 59 5 2
128 97 6 4
130 110 6 5
143 37 7 1
149 117 7 5
179 95 8 4
174 158 8 7
198 21 9 1
187 89 9 4
219 199 10 9
212 101 10 5
224 207 11 10
232 103 11 5
241 81 12 4
252 157 12 7
261 241 13 12
260 127 13 6
280 161 14 8
298 89 14 4
317 271 15 13
310 62 15 3
7 216 0 10
19 115 0 5
36 124 1 6
30 249 1 12
