swNum = 320
edgeNum = 672

0 0
1 0
2 0
3 0
4 0
5 0
6 0
7 0
8 0
9 0
10 0
11 0
12 0
13 0
14 0
15 0
16 0
17 0
18 0
19 0
20 1
21 1
22 1
23 1
24 1
25 1
26 1
27 1
28 1
29 1
30 1
31 1
32 1
33 1
34 1
35 1
36 1
37 1
38 1
39 1
40 2
41 2
42 2
43 2
44 2
45 2
46 2
47 2
48 2
49 2
50 2
51 2
52 2
53 2
54 2
55 2
56 2
57 2
58 2
59 2
60 3
61 3
62 3
63 3
64 3
65 3
66 3
67 3
68 3
69 3
70 3
71 3
72 3
73 3
74 3
75 3
76 3
77 3
78 3
79 3
80 4
81 4
82 4
83 4
84 4
85 4
86 4
87 4
88 4
89 4
90 4
91 4
92 4
93 4
94 4
95 4
96 4
97 4
98 4
99 4
100 5
101 5
102 5
103 5
104 5
105 5
106 5
107 5
108 5
109 5
110 5
111 5
112 5
113 5
114 5
115 5
116 5
117 5
118 5
119 5
120 6
121 6
122 6
123 6
124 6
125 6
126 6
127 6
128 6
129 6
130 6
131 6
132 6
133 6
134 6
135 6
136 6
137 6
138 6
139 6
140 7
141 7
142 7
143 7
144 7
145 7
146 7
147 7
148 7
149 7
150 7
151 7
152 7
153 7
154 7
155 7
156 7
157 7
158 7
159 7
160 8
161 8
162 8
163 8
164 8
165 8
166 8
167 8
168 8
169 8
170 8
171 8
172 8
173 8
174 8
175 8
176 8
177 8
178 8
179 8
180 9
181 9
182 9
183 9
184 9
185 9
186 9
187 9
188 9
189 9
190 9
191 9
192 9
193 9
194 9
195 9
196 9
197 9
198 9
199 9
200 10
201 10
202 10
203 10
204 10
205 10
206 10
207 10
208 10
209 10
210 10
211 10
212 10
213 10
214 10
215 10
216 10
217 10
218 10
219 10
220 11
221 11
222 11
223 11
224 11
225 11
226 11
227 11
228 11
229 11
230 11
231 11
232 11
233 11
234 11
235 11
236 11
237 11
238 11
239 11
240 12
241 12
242 12
243 12
244 12
245 12
246 12
247 12
248 12
249 12
250 12
251 12
252 12
253 12
254 12
255 12
256 12
257 12
258 12
259 12
260 13
261 13
262 13
263 13
264 13
265 13
266 13
267 13
268 13
269 13
270 13
271 13
272 13
273 13
274 13
275 13
276 13
277 13
278 13
279 13
280 14
281 14
282 14
283 14
284 14
285 14
286 14
287 14
288 14
289 14
290 14
291 14
292 14
293 14
294 14
295 14
296 14
297 14
298 14
299 14
300 15
301 15
302 15
303 15
304 15
305 15
306 15
307 15
308 15
309 15
310 15
311 15
312 15
313 15
314 15
315 15
316 15
317 15
318 15
319 15

2 0 0 0
2 1 0 0
3 1 0 0
3 2 0 0
4 3 0 0
4 0 0 0
5 1 0 0
5 4 0 0
6 2 0 0
6 4 0 0
7 3 0 0
7 6 0 0
8 1 0 0
8 5 0 0
9 8 0 0
9 4 0 0
10 0 0 0
10 8 0 0
11 10 0 0
11 8 0 0
12 8 0 0
12 11 0 0
13 0 0 0
13 10 0 0
14 2 0 0
14 11 0 0
15 12 0 0
15 7 0 0
16 2 0 0
16 7 0 0
17 13 0 0
17 7 0 0
18 15 0 0
18 17 0 0
19 4 0 0
19 12 0 0
0 5 0 0
0 16 0 0
1 14 0 0
1 11 0 0
22 20 1 1
22 21 1 1
23 20 1 1
23 21 1 1
24 22 1 1
24 21 1 1
25 24 1 1
25 22 1 1
26 20 1 1
26 24 1 1
27 23 1 1
27 21 1 1
28 22 1 1
28 20 1 1
29 27 1 1
29 20 1 1
30 24 1 1
30 23 1 1
31 27 1 1
31 30 1 1
32 21 1 1
32 26 1 1
33 23 1 1
33 20 1 1
34 30 1 1
34 32 1 1
35 26 1 1
35 21 1 1
36 35 1 1
36 23 1 1
37 33 1 1
37 25 1 1
38 32 1 1
38 35 1 1
39 23 1 1
39 30 1 1
20 38 1 1
20 24 1 1
21 37 1 1
21 38 1 1
42 40 2 2
42 41 2 2
43 41 2 2
43 42 2 2
44 43 2 2
44 42 2 2
45 40 2 2
45 44 2 2
46 42 2 2
46 43 2 2
47 42 2 2
47 45 2 2
48 44 2 2
48 40 2 2
49 45 2 2
49 47 2 2
50 46 2 2
50 48 2 2
51 49 2 2
51 40 2 2
52 41 2 2
52 43 2 2
53 40 2 2
53 44 2 2
54 46 2 2
54 53 2 2
55 42 2 2
55 43 2 2
56 53 2 2
56 52 2 2
57 55 2 2
57 53 2 2
58 46 2 2
58 41 2 2
59 53 2 2
59 56 2 2
40 47 2 2
40 46 2 2
41 55 2 2
41 54 2 2
62 61 3 3
62 60 3 3
63 61 3 3
63 62 3 3
64 61 3 3
64 62 3 3
65 63 3 3
65 62 3 3
66 60 3 3
66 65 3 3
67 64 3 3
67 62 3 3
68 67 3 3
68 65 3 3
69 63 3 3
69 67 3 3
70 65 3 3
70 67 3 3
71 62 3 3
71 67 3 3
72 60 3 3
72 69 3 3
73 71 3 3
73 70 3 3
74 60 3 3
74 65 3 3
75 64 3 3
75 62 3 3
76 73 3 3
76 62 3 3
77 69 3 3
77 72 3 3
78 72 3 3
78 76 3 3
79 63 3 3
79 71 3 3
60 64 3 3
60 78 3 3
61 71 3 3
61 74 3 3
82 81 4 4
82 80 4 4
83 82 4 4
83 81 4 4
84 83 4 4
84 82 4 4
85 83 4 4
85 81 4 4
86 81 4 4
86 84 4 4
87 82 4 4
87 80 4 4
88 86 4 4
88 85 4 4
89 81 4 4
89 87 4 4
90 87 4 4
90 84 4 4
91 82 4 4
91 84 4 4
92 88 4 4
92 82 4 4
93 83 4 4
93 82 4 4
94 81 4 4
94 88 4 4
95 83 4 4
95 91 4 4
96 84 4 4
96 80 4 4
97 88 4 4
97 87 4 4
98 86 4 4
98 84 4 4
99 97 4 4
99 83 4 4
80 94 4 4
80 93 4 4
81 98 4 4
81 87 4 4
102 101 5 5
102 100 5 5
103 100 5 5
103 102 5 5
104 103 5 5
104 100 5 5
105 104 5 5
105 100 5 5
106 103 5 5
106 105 5 5
107 101 5 5
107 104 5 5
108 107 5 5
108 101 5 5
109 108 5 5
109 107 5 5
110 100 5 5
110 103 5 5
111 108 5 5
111 107 5 5
112 103 5 5
112 105 5 5
113 102 5 5
113 112 5 5
114 102 5 5
114 104 5 5
115 112 5 5
115 113 5 5
116 102 5 5
116 108 5 5
117 105 5 5
117 111 5 5
118 107 5 5
118 108 5 5
119 117 5 5
119 107 5 5
100 116 5 5
100 106 5 5
101 110 5 5
101 111 5 5
122 121 6 6
122 120 6 6
123 121 6 6
123 120 6 6
124 123 6 6
124 121 6 6
125 122 6 6
125 123 6 6
126 120 6 6
126 124 6 6
127 124 6 6
127 121 6 6
128 127 6 6
128 122 6 6
129 124 6 6
129 127 6 6
130 128 6 6
130 121 6 6
131 126 6 6
131 123 6 6
132 122 6 6
132 127 6 6
133 121 6 6
133 120 6 6
134 120 6 6
134 132 6 6
135 124 6 6
135 128 6 6
136 131 6 6
136 120 6 6
137 133 6 6
137 120 6 6
138 124 6 6
138 121 6 6
139 127 6 6
139 131 6 6
120 127 6 6
120 135 6 6
121 128 6 6
121 137 6 6
142 140 7 7
142 141 7 7
143 141 7 7
143 142 7 7
144 141 7 7
144 142 7 7
145 143 7 7
145 140 7 7
146 145 7 7
146 141 7 7
147 140 7 7
147 145 7 7
148 147 7 7
148 144 7 7
149 140 7 7
149 147 7 7
150 143 7 7
150 145 7 7
151 144 7 7
151 142 7 7
152 141 7 7
152 149 7 7
153 145 7 7
153 150 7 7
154 140 7 7
154 141 7 7
155 147 7 7
155 145 7 7
156 154 7 7
156 148 7 7
157 150 7 7
157 146 7 7
158 140 7 7
158 150 7 7
159 147 7 7
159 144 7 7
140 148 7 7
140 159 7 7
141 145 7 7
141 151 7 7
162 161 8 8
162 160 8 8
163 160 8 8
163 161 8 8
164 162 8 8
164 161 8 8
165 163 8 8
165 160 8 8
166 163 8 8
166 165 8 8
167 164 8 8
167 160 8 8
168 164 8 8
168 161 8 8
169 166 8 8
169 165 8 8
170 168 8 8
170 161 8 8
171 165 8 8
171 162 8 8
172 171 8 8
172 164 8 8
173 171 8 8
173 162 8 8
174 162 8 8
174 160 8 8
175 174 8 8
175 162 8 8
176 172 8 8
176 174 8 8
177 175 8 8
177 165 8 8
178 173 8 8
178 169 8 8
179 174 8 8
179 175 8 8
160 168 8 8
160 164 8 8
161 176 8 8
161 171 8 8
182 181 9 9
182 180 9 9
183 181 9 9
183 180 9 9
184 183 9 9
184 182 9 9
185 184 9 9
185 182 9 9
186 185 9 9
186 181 9 9
187 181 9 9
187 183 9 9
188 181 9 9
188 180 9 9
189 184 9 9
189 185 9 9
190 181 9 9
190 186 9 9
191 182 9 9
191 180 9 9
192 186 9 9
192 181 9 9
193 185 9 9
193 181 9 9
194 182 9 9
194 181 9 9
195 189 9 9
195 187 9 9
196 189 9 9
196 187 9 9
197 195 9 9
197 196 9 9
198 180 9 9
198 183 9 9
199 181 9 9
199 186 9 9
180 187 9 9
180 184 9 9
181 185 9 9
181 184 9 9
202 200 10 10
202 201 10 10
203 200 10 10
203 202 10 10
204 201 10 10
204 202 10 10
205 203 10 10
205 202 10 10
206 202 10 10
206 203 10 10
207 204 10 10
207 201 10 10
208 202 10 10
208 205 10 10
209 202 10 10
209 203 10 10
210 202 10 10
210 209 10 10
211 203 10 10
211 206 10 10
212 202 10 10
212 205 10 10
213 211 10 10
213 209 10 10
214 205 10 10
214 203 10 10
215 212 10 10
215 205 10 10
216 213 10 10
216 212 10 10
217 216 10 10
217 205 10 10
218 201 10 10
218 213 10 10
219 213 10 10
219 210 10 10
200 205 10 10
200 212 10 10
201 211 10 10
201 215 10 10
222 220 11 11
222 221 11 11
223 220 11 11
223 221 11 11
224 222 11 11
224 220 11 11
225 223 11 11
225 221 11 11
226 225 11 11
226 221 11 11
227 224 11 11
227 225 11 11
228 224 11 11
228 220 11 11
229 227 11 11
229 223 11 11
230 222 11 11
230 227 11 11
231 220 11 11
231 222 11 11
232 222 11 11
232 224 11 11
233 222 11 11
233 227 11 11
234 233 11 11
234 222 11 11
235 222 11 11
235 225 11 11
236 230 11 11
236 232 11 11
237 229 11 11
237 235 11 11
238 229 11 11
238 223 11 11
239 231 11 11
239 221 11 11
220 226 11 11
220 234 11 11
221 229 11 11
221 235 11 11
242 240 12 12
242 241 12 12
243 241 12 12
243 242 12 12
244 242 12 12
244 241 12 12
245 244 12 12
245 243 12 12
246 244 12 12
246 243 12 12
247 240 12 12
247 244 12 12
248 247 12 12
248 243 12 12
249 244 12 12
249 241 12 12
250 243 12 12
250 245 12 12
251 248 12 12
251 243 12 12
252 243 12 12
252 240 12 12
253 244 12 12
253 249 12 12
254 245 12 12
254 252 12 12
255 254 12 12
255 242 12 12
256 250 12 12
256 246 12 12
257 251 12 12
257 252 12 12
258 249 12 12
258 242 12 12
259 244 12 12
259 254 12 12
240 255 12 12
240 253 12 12
241 253 12 12
241 247 12 12
262 261 13 13
262 260 13 13
263 260 13 13
263 261 13 13
264 262 13 13
264 260 13 13
265 263 13 13
265 261 13 13
266 262 13 13
266 263 13 13
267 262 13 13
267 260 13 13
268 267 13 13
268 261 13 13
269 265 13 13
269 266 13 13
270 261 13 13
270 268 13 13
271 267 13 13
271 262 13 13
272 264 13 13
272 265 13 13
273 268 13 13
273 271 13 13
274 269 13 13
274 271 13 13
275 268 13 13
275 261 13 13
276 269 13 13
276 275 13 13
277 264 13 13
277 262 13 13
278 273 13 13
278 274 13 13
279 264 13 13
279 265 13 13
260 277 13 13
260 271 13 13
261 276 13 13
261 273 13 13
282 281 14 14
282 280 14 14
283 282 14 14
283 281 14 14
284 281 14 14
284 280 14 14
285 282 14 14
285 284 14 14
286 281 14 14
286 280 14 14
287 284 14 14
287 285 14 14
288 280 14 14
288 282 14 14
289 282 14 14
289 288 14 14
290 280 14 14
290 282 14 14
291 282 14 14
291 287 14 14
292 281 14 14
292 284 14 14
293 286 14 14
293 283 14 14
294 281 14 14
294 293 14 14
295 294 14 14
295 291 14 14
296 281 14 14
296 287 14 14
297 287 14 14
297 286 14 14
298 292 14 14
298 281 14 14
299 282 14 14
299 298 14 14
280 298 14 14
280 291 14 14
281 287 14 14
281 290 14 14
302 301 15 15
302 300 15 15
303 302 15 15
303 300 15 15
304 303 15 15
304 300 15 15
305 303 15 15
305 302 15 15
306 302 15 15
306 304 15 15
307 306 15 15
307 305 15 15
308 305 15 15
308 303 15 15
309 307 15 15
309 304 15 15
310 307 15 15
310 304 15 15
311 301 15 15
311 302 15 15
312 302 15 15
312 301 15 15
313 307 15 15
313 306 15 15
314 308 15 15
314 312 15 15
315 305 15 15
315 303 15 15
316 308 15 15
316 313 15 15
317 307 15 15
317 313 15 15
318 313 15 15
318 314 15 15
319 300 15 15
319 317 15 15
300 305 15 15
300 314 15 15
301 307 15 15
301 314 15 15
56 17 2 0
59 38 2 1
76 28 3 1
78 14 3 0
82 3 4 0
90 72 4 3
105 20 5 1
103 52 5 2
130 21 6 1
127 17 6 0
151 35 7 1
143 74 7 3
167 81 8 4
176 74 8 3
193 32 9 1
188 85 9 4
204 26 10 1
204 101 10 5
232 142 11 7
229 162 11 8
240 233 12 11
248 88 12 4
269 53 13 2
268 5 13 0
280 146 14 7
286 192 14 9
302 166 15 8
310 231 15 11
6 216 0 10
4 153 0 7
29 259 1 12
24 306 1 15
