swNum = 320
edgeNum = 672

0 0
1 0
2 0
3 0
4 0
5 0
6 0
7 0
8 0
9 0
10 0
11 0
12 0
13 0
14 0
15 0
16 0
17 0
18 0
19 0
20 1
21 1
22 1
23 1
24 1
25 1
26 1
27 1
28 1
29 1
30 1
31 1
32 1
33 1
34 1
35 1
36 1
37 1
38 1
39 1
40 2
41 2
42 2
43 2
44 2
45 2
46 2
47 2
48 2
49 2
50 2
51 2
52 2
53 2
54 2
55 2
56 2
57 2
58 2
59 2
60 3
61 3
62 3
63 3
64 3
65 3
66 3
67 3
68 3
69 3
70 3
71 3
72 3
73 3
74 3
75 3
76 3
77 3
78 3
79 3
80 4
81 4
82 4
83 4
84 4
85 4
86 4
87 4
88 4
89 4
90 4
91 4
92 4
93 4
94 4
95 4
96 4
97 4
98 4
99 4
100 5
101 5
102 5
103 5
104 5
105 5
106 5
107 5
108 5
109 5
110 5
111 5
112 5
113 5
114 5
115 5
116 5
117 5
118 5
119 5
120 6
121 6
122 6
123 6
124 6
125 6
126 6
127 6
128 6
129 6
130 6
131 6
132 6
133 6
134 6
135 6
136 6
137 6
138 6
139 6
140 7
141 7
142 7
143 7
144 7
145 7
146 7
147 7
148 7
149 7
150 7
151 7
152 7
153 7
154 7
155 7
156 7
157 7
158 7
159 7
160 8
161 8
162 8
163 8
164 8
165 8
166 8
167 8
168 8
169 8
170 8
171 8
172 8
173 8
174 8
175 8
176 8
177 8
178 8
179 8
180 9
181 9
182 9
183 9
184 9
185 9
186 9
187 9
188 9
189 9
190 9
191 9
192 9
193 9
194 9
195 9
196 9
197 9
198 9
199 9
200 10
201 10
202 10
203 10
204 10
205 10
206 10
207 10
208 10
209 10
210 10
211 10
212 10
213 10
214 10
215 10
216 10
217 10
218 10
219 10
220 11
221 11
222 11
223 11
224 11
225 11
226 11
227 11
228 11
229 11
230 11
231 11
232 11
233 11
234 11
235 11
236 11
237 11
238 11
239 11
240 12
241 12
242 12
243 12
244 12
245 12
246 12
247 12
248 12
249 12
250 12
251 12
252 12
253 12
254 12
255 12
256 12
257 12
258 12
259 12
260 13
261 13
262 13
263 13
264 13
265 13
266 13
267 13
268 13
269 13
270 13
271 13
272 13
273 13
274 13
275 13
276 13
277 13
278 13
279 13
280 14
281 14
282 14
283 14
284 14
285 14
286 14
287 14
288 14
289 14
290 14
291 14
292 14
293 14
294 14
295 14
296 14
297 14
298 14
299 14
300 15
301 15
302 15
303 15
304 15
305 15
306 15
307 15
308 15
309 15
310 15
311 15
312 15
313 15
314 15
315 15
316 15
317 15
318 15
319 15

2 1 0 0
2 0 0 0
3 2 0 0
3 1 0 0
4 0 0 0
4 3 0 0
5 2 0 0
5 0 0 0
6 2 0 0
6 3 0 0
7 4 0 0
7 3 0 0
8 0 0 0
8 1 0 0
9 6 0 0
9 5 0 0
10 7 0 0
10 1 0 0
11 6 0 0
11 0 0 0
12 3 0 0
12 9 0 0
13 5 0 0
13 6 0 0
14 0 0 0
14 11 0 0
15 14 0 0
15 9 0 0
16 10 0 0
16 12 0 0
17 3 0 0
17 14 0 0
18 17 0 0
18 11 0 0
19 14 0 0
19 16 0 0
0 17 0 0
0 19 0 0
1 18 0 0
1 15 0 0
22 21 1 1
22 20 1 1
23 21 1 1
23 22 1 1
24 20 1 1
24 23 1 1
25 23 1 1
25 24 1 1
26 24 1 1
26 21 1 1
27 26 1 1
27 23 1 1
28 27 1 1
28 24 1 1
29 21 1 1
29 24 1 1
30 21 1 1
30 20 1 1
31 22 1 1
31 27 1 1
32 23 1 1
32 20 1 1
33 24 1 1
33 27 1 1
34 29 1 1
34 27 1 1
35 22 1 1
35 29 1 1
36 21 1 1
36 35 1 1
37 29 1 1
37 32 1 1
38 31 1 1
38 33 1 1
39 35 1 1
39 33 1 1
20 39 1 1
20 23 1 1
21 28 1 1
21 37 1 1
42 40 2 2
42 41 2 2
43 40 2 2
43 41 2 2
44 40 2 2
44 43 2 2
45 41 2 2
45 43 2 2
46 40 2 2
46 43 2 2
47 40 2 2
47 44 2 2
48 47 2 2
48 45 2 2
49 42 2 2
49 48 2 2
50 45 2 2
50 46 2 2
51 41 2 2
51 47 2 2
52 43 2 2
52 47 2 2
53 49 2 2
53 43 2 2
54 48 2 2
54 51 2 2
55 47 2 2
55 50 2 2
56 51 2 2
56 50 2 2
57 43 2 2
57 47 2 2
58 53 2 2
58 47 2 2
59 55 2 2
59 43 2 2
40 48 2 2
40 55 2 2
41 49 2 2
41 50 2 2
62 60 3 3
62 61 3 3
63 60 3 3
63 62 3 3
64 60 3 3
64 62 3 3
65 61 3 3
65 60 3 3
66 60 3 3
66 61 3 3
67 66 3 3
67 61 3 3
68 64 3 3
68 67 3 3
69 61 3 3
69 60 3 3
70 68 3 3
70 66 3 3
71 69 3 3
71 67 3 3
72 71 3 3
72 68 3 3
73 66 3 3
73 63 3 3
74 68 3 3
74 72 3 3
75 68 3 3
75 71 3 3
76 62 3 3
76 66 3 3
77 73 3 3
77 74 3 3
78 62 3 3
78 67 3 3
79 60 3 3
79 68 3 3
60 75 3 3
60 70 3 3
61 71 3 3
61 77 3 3
82 81 4 4
82 80 4 4
83 81 4 4
83 80 4 4
84 81 4 4
84 83 4 4
85 80 4 4
85 83 4 4
86 85 4 4
86 82 4 4
87 83 4 4
87 86 4 4
88 82 4 4
88 86 4 4
89 80 4 4
89 86 4 4
90 85 4 4
90 82 4 4
91 83 4 4
91 85 4 4
92 89 4 4
92 85 4 4
93 86 4 4
93 81 4 4
94 92 4 4
94 88 4 4
95 81 4 4
95 82 4 4
96 83 4 4
96 94 4 4
97 86 4 4
97 90 4 4
98 95 4 4
98 84 4 4
99 90 4 4
99 94 4 4
80 90 4 4
80 88 4 4
81 87 4 4
81 97 4 4
102 101 5 5
102 100 5 5
103 102 5 5
103 101 5 5
104 100 5 5
104 102 5 5
105 100 5 5
105 101 5 5
106 101 5 5
106 104 5 5
107 100 5 5
107 105 5 5
108 107 5 5
108 100 5 5
109 102 5 5
109 105 5 5
110 102 5 5
110 108 5 5
111 107 5 5
111 100 5 5
112 102 5 5
112 108 5 5
113 100 5 5
113 106 5 5
114 113 5 5
114 110 5 5
115 112 5 5
115 104 5 5
116 110 5 5
116 115 5 5
117 110 5 5
117 114 5 5
118 105 5 5
118 100 5 5
119 100 5 5
119 111 5 5
100 114 5 5
100 109 5 5
101 111 5 5
101 104 5 5
122 121 6 6
122 120 6 6
123 120 6 6
123 121 6 6
124 120 6 6
124 121 6 6
125 124 6 6
125 121 6 6
126 122 6 6
126 120 6 6
127 121 6 6
127 126 6 6
128 123 6 6
128 127 6 6
129 125 6 6
129 128 6 6
130 126 6 6
130 129 6 6
131 129 6 6
131 127 6 6
132 126 6 6
132 129 6 6
133 127 6 6
133 132 6 6
134 130 6 6
134 128 6 6
135 133 6 6
135 132 6 6
136 128 6 6
136 123 6 6
137 121 6 6
137 128 6 6
138 134 6 6
138 123 6 6
139 131 6 6
139 138 6 6
120 129 6 6
120 138 6 6
121 133 6 6
121 131 6 6
142 141 7 7
142 140 7 7
143 141 7 7
143 142 7 7
144 140 7 7
144 141 7 7
145 144 7 7
145 140 7 7
146 144 7 7
146 140 7 7
147 146 7 7
147 142 7 7
148 146 7 7
148 142 7 7
149 142 7 7
149 143 7 7
150 142 7 7
150 141 7 7
151 147 7 7
151 141 7 7
152 141 7 7
152 146 7 7
153 146 7 7
153 150 7 7
154 147 7 7
154 145 7 7
155 151 7 7
155 146 7 7
156 149 7 7
156 147 7 7
157 140 7 7
157 151 7 7
158 150 7 7
158 145 7 7
159 151 7 7
159 152 7 7
140 152 7 7
140 158 7 7
141 158 7 7
141 145 7 7
162 161 8 8
162 160 8 8
163 161 8 8
163 160 8 8
164 161 8 8
164 160 8 8
165 160 8 8
165 162 8 8
166 160 8 8
166 161 8 8
167 162 8 8
167 164 8 8
168 165 8 8
168 160 8 8
169 164 8 8
169 161 8 8
170 161 8 8
170 167 8 8
171 169 8 8
171 165 8 8
172 165 8 8
172 170 8 8
173 161 8 8
173 167 8 8
174 162 8 8
174 163 8 8
175 171 8 8
175 170 8 8
176 172 8 8
176 160 8 8
177 170 8 8
177 169 8 8
178 173 8 8
178 165 8 8
179 163 8 8
179 161 8 8
160 174 8 8
160 175 8 8
161 171 8 8
161 175 8 8
182 181 9 9
182 180 9 9
183 180 9 9
183 182 9 9
184 183 9 9
184 182 9 9
185 184 9 9
185 181 9 9
186 182 9 9
186 184 9 9
187 184 9 9
187 181 9 9
188 185 9 9
188 181 9 9
189 180 9 9
189 188 9 9
190 180 9 9
190 187 9 9
191 184 9 9
191 190 9 9
192 181 9 9
192 191 9 9
193 181 9 9
193 187 9 9
194 191 9 9
194 193 9 9
195 193 9 9
195 190 9 9
196 193 9 9
196 181 9 9
197 183 9 9
197 193 9 9
198 183 9 9
198 197 9 9
199 187 9 9
199 192 9 9
180 195 9 9
180 184 9 9
181 199 9 9
181 198 9 9
202 201 10 10
202 200 10 10
203 200 10 10
203 201 10 10
204 200 10 10
204 202 10 10
205 203 10 10
205 200 10 10
206 202 10 10
206 201 10 10
207 200 10 10
207 206 10 10
208 201 10 10
208 202 10 10
209 206 10 10
209 207 10 10
210 201 10 10
210 202 10 10
211 210 10 10
211 204 10 10
212 204 10 10
212 202 10 10
213 200 10 10
213 212 10 10
214 209 10 10
214 204 10 10
215 203 10 10
215 209 10 10
216 215 10 10
216 203 10 10
217 201 10 10
217 214 10 10
218 212 10 10
218 201 10 10
219 213 10 10
219 205 10 10
200 209 10 10
200 215 10 10
201 216 10 10
201 205 10 10
222 220 11 11
222 221 11 11
223 222 11 11
223 220 11 11
224 221 11 11
224 220 11 11
225 223 11 11
225 222 11 11
226 222 11 11
226 220 11 11
227 224 11 11
227 223 11 11
228 224 11 11
228 220 11 11
229 224 11 11
229 221 11 11
230 223 11 11
230 221 11 11
231 229 11 11
231 225 11 11
232 229 11 11
232 221 11 11
233 226 11 11
233 222 11 11
234 229 11 11
234 228 11 11
235 220 11 11
235 226 11 11
236 230 11 11
236 228 11 11
237 229 11 11
237 220 11 11
238 223 11 11
238 225 11 11
239 235 11 11
239 221 11 11
220 239 11 11
220 232 11 11
221 228 11 11
221 238 11 11
242 240 12 12
242 241 12 12
243 241 12 12
243 240 12 12
244 243 12 12
244 241 12 12
245 244 12 12
245 242 12 12
246 243 12 12
246 244 12 12
247 242 12 12
247 240 12 12
248 247 12 12
248 242 12 12
249 240 12 12
249 244 12 12
250 245 12 12
250 249 12 12
251 240 12 12
251 241 12 12
252 251 12 12
252 241 12 12
253 242 12 12
253 244 12 12
254 241 12 12
254 251 12 12
255 254 12 12
255 248 12 12
256 240 12 12
256 249 12 12
257 245 12 12
257 243 12 12
258 243 12 12
258 252 12 12
259 258 12 12
259 245 12 12
240 258 12 12
240 255 12 12
241 246 12 12
241 256 12 12
262 260 13 13
262 261 13 13
263 262 13 13
263 260 13 13
264 260 13 13
264 263 13 13
265 263 13 13
265 262 13 13
266 265 13 13
266 260 13 13
267 266 13 13
267 261 13 13
268 263 13 13
268 262 13 13
269 261 13 13
269 263 13 13
270 264 13 13
270 267 13 13
271 265 13 13
271 268 13 13
272 265 13 13
272 271 13 13
273 270 13 13
273 266 13 13
274 262 13 13
274 267 13 13
275 273 13 13
275 269 13 13
276 269 13 13
276 275 13 13
277 266 13 13
277 274 13 13
278 266 13 13
278 276 13 13
279 262 13 13
279 260 13 13
260 278 13 13
260 277 13 13
261 278 13 13
261 272 13 13
282 280 14 14
282 281 14 14
283 281 14 14
283 280 14 14
284 281 14 14
284 280 14 14
285 283 14 14
285 281 14 14
286 285 14 14
286 282 14 14
287 283 14 14
287 284 14 14
288 281 14 14
288 284 14 14
289 284 14 14
289 288 14 14
290 285 14 14
290 286 14 14
291 289 14 14
291 284 14 14
292 288 14 14
292 285 14 14
293 283 14 14
293 291 14 14
294 286 14 14
294 292 14 14
295 291 14 14
295 284 14 14
296 282 14 14
296 288 14 14
297 289 14 14
297 281 14 14
298 286 14 14
298 281 14 14
299 280 14 14
299 297 14 14
280 295 14 14
280 291 14 14
281 289 14 14
281 286 14 14
302 301 15 15
302 300 15 15
303 300 15 15
303 301 15 15
304 301 15 15
304 303 15 15
305 303 15 15
305 301 15 15
306 304 15 15
306 303 15 15
307 304 15 15
307 303 15 15
308 304 15 15
308 303 15 15
309 306 15 15
309 303 15 15
310 309 15 15
310 300 15 15
311 310 15 15
311 305 15 15
312 300 15 15
312 305 15 15
313 308 15 15
313 304 15 15
314 307 15 15
314 312 15 15
315 305 15 15
315 302 15 15
316 314 15 15
316 306 15 15
317 306 15 15
317 314 15 15
318 316 15 15
318 304 15 15
319 312 15 15
319 301 15 15
300 311 15 15
300 309 15 15
301 308 15 15
301 312 15 15
55 14 2 0
59 23 2 1
64 23 3 1
66 42 3 2
99 13 4 0
83 73 4 3
103 49 5 2
113 66 5 3
120 67 6 3
135 0 6 0
157 116 7 5
146 74 7 3
177 41 8 2
167 142 8 7
191 36 9 1
189 45 9 2
216 74 10 3
217 43 10 2
238 199 11 9
232 174 11 8
251 178 12 8
252 143 12 7
266 234 13 11
262 10 13 0
291 185 14 9
298 127 14 6
300 269 15 13
303 102 15 5
13 294 0 14
16 300 0 15
29 305 1 15
23 143 1 7
