swNum = 320
edgeNum = 672

0 0
1 0
2 0
3 0
4 0
5 0
6 0
7 0
8 0
9 0
10 0
11 0
12 0
13 0
14 0
15 0
16 0
17 0
18 0
19 0
20 1
21 1
22 1
23 1
24 1
25 1
26 1
27 1
28 1
29 1
30 1
31 1
32 1
33 1
34 1
35 1
36 1
37 1
38 1
39 1
40 2
41 2
42 2
43 2
44 2
45 2
46 2
47 2
48 2
49 2
50 2
51 2
52 2
53 2
54 2
55 2
56 2
57 2
58 2
59 2
60 3
61 3
62 3
63 3
64 3
65 3
66 3
67 3
68 3
69 3
70 3
71 3
72 3
73 3
74 3
75 3
76 3
77 3
78 3
79 3
80 4
81 4
82 4
83 4
84 4
85 4
86 4
87 4
88 4
89 4
90 4
91 4
92 4
93 4
94 4
95 4
96 4
97 4
98 4
99 4
100 5
101 5
102 5
103 5
104 5
105 5
106 5
107 5
108 5
109 5
110 5
111 5
112 5
113 5
114 5
115 5
116 5
117 5
118 5
119 5
120 6
121 6
122 6
123 6
124 6
125 6
126 6
127 6
128 6
129 6
130 6
131 6
132 6
133 6
134 6
135 6
136 6
137 6
138 6
139 6
140 7
141 7
142 7
143 7
144 7
145 7
146 7
147 7
148 7
149 7
150 7
151 7
152 7
153 7
154 7
155 7
156 7
157 7
158 7
159 7
160 8
161 8
162 8
163 8
164 8
165 8
166 8
167 8
168 8
169 8
170 8
171 8
172 8
173 8
174 8
175 8
176 8
177 8
178 8
179 8
180 9
181 9
182 9
183 9
184 9
185 9
186 9
187 9
188 9
189 9
190 9
191 9
192 9
193 9
194 9
195 9
196 9
197 9
198 9
199 9
200 10
201 10
202 10
203 10
204 10
205 10
206 10
207 10
208 10
209 10
210 10
211 10
212 10
213 10
214 10
215 10
216 10
217 10
218 10
219 10
220 11
221 11
222 11
223 11
224 11
225 11
226 11
227 11
228 11
229 11
230 11
231 11
232 11
233 11
234 11
235 11
236 11
237 11
238 11
239 11
240 12
241 12
242 12
243 12
244 12
245 12
246 12
247 12
248 12
249 12
250 12
251 12
252 12
253 12
254 12
255 12
256 12
257 12
258 12
259 12
260 13
261 13
262 13
263 13
264 13
265 13
266 13
267 13
268 13
269 13
270 13
271 13
272 13
273 13
274 13
275 13
276 13
277 13
278 13
279 13
280 14
281 14
282 14
283 14
284 14
285 14
286 14
287 14
288 14
289 14
290 14
291 14
292 14
293 14
294 14
295 14
296 14
297 14
298 14
299 14
300 15
301 15
302 15
303 15
304 15
305 15
306 15
307 15
308 15
309 15
310 15
311 15
312 15
313 15
314 15
315 15
316 15
317 15
318 15
319 15

2 1 0 0
2 0 0 0
3 0 0 0
3 2 0 0
4 2 0 0
4 1 0 0
5 3 0 0
5 1 0 0
6 0 0 0
6 5 0 0
7 6 0 0
7 0 0 0
8 7 0 0
8 4 0 0
9 2 0 0
9 0 0 0
10 0 0 0
10 8 0 0
11 3 0 0
11 2 0 0
12 6 0 0
12 0 0 0
13 0 0 0
13 8 0 0
14 2 0 0
14 9 0 0
15 11 0 0
15 12 0 0
16 4 0 0
16 14 0 0
17 2 0 0
17 16 0 0
18 17 0 0
18 6 0 0
19 14 0 0
19 7 0 0
0 5 0 0
0 15 0 0
1 18 0 0
1 17 0 0
22 21 1 1
22 20 1 1
23 21 1 1
23 22 1 1
24 23 1 1
24 20 1 1
25 23 1 1
25 24 1 1
26 20 1 1
26 25 1 1
27 26 1 1
27 24 1 1
28 24 1 1
28 25 1 1
29 28 1 1
29 24 1 1
30 27 1 1
30 26 1 1
31 20 1 1
31 28 1 1
32 25 1 1
32 29 1 1
33 27 1 1
33 20 1 1
34 21 1 1
34 33 1 1
35 25 1 1
35 34 1 1
36 24 1 1
36 34 1 1
37 33 1 1
37 21 1 1
38 30 1 1
38 24 1 1
39 21 1 1
39 30 1 1
20 32 1 1
20 25 1 1
21 29 1 1
21 24 1 1
42 40 2 2
42 41 2 2
43 41 2 2
43 40 2 2
44 42 2 2
44 40 2 2
45 41 2 2
45 42 2 2
46 42 2 2
46 41 2 2
47 40 2 2
47 41 2 2
48 41 2 2
48 43 2 2
49 42 2 2
49 47 2 2
50 48 2 2
50 49 2 2
51 44 2 2
51 42 2 2
52 47 2 2
52 46 2 2
53 41 2 2
53 46 2 2
54 42 2 2
54 41 2 2
55 45 2 2
55 43 2 2
56 42 2 2
56 44 2 2
57 53 2 2
57 46 2 2
58 57 2 2
58 49 2 2
59 44 2 2
59 43 2 2
40 53 2 2
40 48 2 2
41 57 2 2
41 52 2 2
62 60 3 3
62 61 3 3
63 61 3 3
63 62 3 3
64 60 3 3
64 62 3 3
65 61 3 3
65 60 3 3
66 61 3 3
66 62 3 3
67 66 3 3
67 60 3 3
68 62 3 3
68 60 3 3
69 66 3 3
69 64 3 3
70 62 3 3
70 66 3 3
71 64 3 3
71 70 3 3
72 63 3 3
72 70 3 3
73 62 3 3
73 60 3 3
74 65 3 3
74 62 3 3
75 68 3 3
75 62 3 3
76 65 3 3
76 70 3 3
77 62 3 3
77 67 3 3
78 71 3 3
78 62 3 3
79 70 3 3
79 64 3 3
60 74 3 3
60 76 3 3
61 79 3 3
61 70 3 3
82 81 4 4
82 80 4 4
83 82 4 4
83 80 4 4
84 82 4 4
84 81 4 4
85 82 4 4
85 84 4 4
86 80 4 4
86 83 4 4
87 82 4 4
87 81 4 4
88 87 4 4
88 84 4 4
89 86 4 4
89 82 4 4
90 85 4 4
90 88 4 4
91 83 4 4
91 86 4 4
92 84 4 4
92 90 4 4
93 82 4 4
93 81 4 4
94 89 4 4
94 85 4 4
95 94 4 4
95 89 4 4
96 91 4 4
96 88 4 4
97 85 4 4
97 84 4 4
98 94 4 4
98 85 4 4
99 91 4 4
99 90 4 4
80 94 4 4
80 96 4 4
81 97 4 4
81 86 4 4
102 100 5 5
102 101 5 5
103 102 5 5
103 101 5 5
104 101 5 5
104 102 5 5
105 100 5 5
105 102 5 5
106 105 5 5
106 101 5 5
107 105 5 5
107 102 5 5
108 103 5 5
108 102 5 5
109 103 5 5
109 104 5 5
110 108 5 5
110 106 5 5
111 106 5 5
111 104 5 5
112 100 5 5
112 101 5 5
113 103 5 5
113 112 5 5
114 105 5 5
114 104 5 5
115 102 5 5
115 110 5 5
116 101 5 5
116 115 5 5
117 104 5 5
117 110 5 5
118 117 5 5
118 109 5 5
119 106 5 5
119 115 5 5
100 110 5 5
100 107 5 5
101 110 5 5
101 119 5 5
122 120 6 6
122 121 6 6
123 121 6 6
123 122 6 6
124 121 6 6
124 123 6 6
125 123 6 6
125 120 6 6
126 120 6 6
126 124 6 6
127 125 6 6
127 126 6 6
128 124 6 6
128 121 6 6
129 123 6 6
129 121 6 6
130 126 6 6
130 125 6 6
131 128 6 6
131 130 6 6
132 128 6 6
132 125 6 6
133 127 6 6
133 123 6 6
134 122 6 6
134 132 6 6
135 128 6 6
135 131 6 6
136 133 6 6
136 134 6 6
137 122 6 6
137 134 6 6
138 128 6 6
138 129 6 6
139 130 6 6
139 125 6 6
120 136 6 6
120 135 6 6
121 138 6 6
121 130 6 6
142 141 7 7
142 140 7 7
143 140 7 7
143 142 7 7
144 143 7 7
144 141 7 7
145 142 7 7
145 140 7 7
146 141 7 7
146 144 7 7
147 141 7 7
147 143 7 7
148 144 7 7
148 140 7 7
149 145 7 7
149 142 7 7
150 149 7 7
150 147 7 7
151 147 7 7
151 149 7 7
152 141 7 7
152 147 7 7
153 141 7 7
153 152 7 7
154 152 7 7
154 140 7 7
155 145 7 7
155 147 7 7
156 148 7 7
156 150 7 7
157 154 7 7
157 145 7 7
158 155 7 7
158 149 7 7
159 144 7 7
159 155 7 7
140 151 7 7
140 146 7 7
141 154 7 7
141 159 7 7
162 160 8 8
162 161 8 8
163 161 8 8
163 160 8 8
164 161 8 8
164 163 8 8
165 164 8 8
165 163 8 8
166 165 8 8
166 160 8 8
167 164 8 8
167 163 8 8
168 166 8 8
168 160 8 8
169 168 8 8
169 163 8 8
170 162 8 8
170 168 8 8
171 162 8 8
171 160 8 8
172 168 8 8
172 169 8 8
173 166 8 8
173 168 8 8
174 168 8 8
174 162 8 8
175 166 8 8
175 170 8 8
176 160 8 8
176 175 8 8
177 173 8 8
177 165 8 8
178 162 8 8
178 168 8 8
179 168 8 8
179 165 8 8
160 165 8 8
160 177 8 8
161 165 8 8
161 175 8 8
182 181 9 9
182 180 9 9
183 182 9 9
183 180 9 9
184 181 9 9
184 182 9 9
185 182 9 9
185 181 9 9
186 182 9 9
186 181 9 9
187 182 9 9
187 183 9 9
188 186 9 9
188 185 9 9
189 180 9 9
189 184 9 9
190 181 9 9
190 189 9 9
191 180 9 9
191 183 9 9
192 184 9 9
192 187 9 9
193 187 9 9
193 188 9 9
194 185 9 9
194 183 9 9
195 185 9 9
195 189 9 9
196 195 9 9
196 189 9 9
197 196 9 9
197 195 9 9
198 196 9 9
198 182 9 9
199 183 9 9
199 191 9 9
180 195 9 9
180 196 9 9
181 191 9 9
181 188 9 9
202 201 10 10
202 200 10 10
203 202 10 10
203 201 10 10
204 203 10 10
204 202 10 10
205 201 10 10
205 203 10 10
206 200 10 10
206 203 10 10
207 204 10 10
207 201 10 10
208 204 10 10
208 205 10 10
209 202 10 10
209 207 10 10
210 209 10 10
210 206 10 10
211 205 10 10
211 202 10 10
212 202 10 10
212 208 10 10
213 208 10 10
213 211 10 10
214 211 10 10
214 213 10 10
215 202 10 10
215 210 10 10
216 207 10 10
216 205 10 10
217 211 10 10
217 207 10 10
218 207 10 10
218 211 10 10
219 209 10 10
219 217 10 10
200 208 10 10
200 219 10 10
201 209 10 10
201 216 10 10
222 220 11 11
222 221 11 11
223 222 11 11
223 221 11 11
224 223 11 11
224 220 11 11
225 220 11 11
225 222 11 11
226 223 11 11
226 224 11 11
227 224 11 11
227 222 11 11
228 221 11 11
228 224 11 11
229 225 11 11
229 228 11 11
230 221 11 11
230 222 11 11
231 227 11 11
231 228 11 11
232 221 11 11
232 230 11 11
233 224 11 11
233 231 11 11
234 224 11 11
234 229 11 11
235 230 11 11
235 227 11 11
236 235 11 11
236 234 11 11
237 230 11 11
237 228 11 11
238 226 11 11
238 224 11 11
239 232 11 11
239 224 11 11
220 236 11 11
220 235 11 11
221 236 11 11
221 229 11 11
242 241 12 12
242 240 12 12
243 240 12 12
243 241 12 12
244 241 12 12
244 240 12 12
245 240 12 12
245 243 12 12
246 242 12 12
246 241 12 12
247 241 12 12
247 240 12 12
248 245 12 12
248 246 12 12
249 241 12 12
249 244 12 12
250 245 12 12
250 249 12 12
251 242 12 12
251 248 12 12
252 244 12 12
252 241 12 12
253 246 12 12
253 243 12 12
254 243 12 12
254 244 12 12
255 252 12 12
255 240 12 12
256 249 12 12
256 254 12 12
257 242 12 12
257 254 12 12
258 242 12 12
258 254 12 12
259 242 12 12
259 249 12 12
240 248 12 12
240 254 12 12
241 251 12 12
241 255 12 12
262 260 13 13
262 261 13 13
263 262 13 13
263 261 13 13
264 263 13 13
264 261 13 13
265 264 13 13
265 262 13 13
266 262 13 13
266 261 13 13
267 265 13 13
267 266 13 13
268 262 13 13
268 263 13 13
269 265 13 13
269 266 13 13
270 260 13 13
270 261 13 13
271 261 13 13
271 266 13 13
272 264 13 13
272 260 13 13
273 265 13 13
273 271 13 13
274 269 13 13
274 271 13 13
275 261 13 13
275 266 13 13
276 275 13 13
276 265 13 13
277 262 13 13
277 270 13 13
278 275 13 13
278 274 13 13
279 272 13 13
279 263 13 13
260 277 13 13
260 265 13 13
261 279 13 13
261 277 13 13
282 281 14 14
282 280 14 14
283 282 14 14
283 281 14 14
284 280 14 14
284 281 14 14
285 280 14 14
285 281 14 14
286 282 14 14
286 284 14 14
287 286 14 14
287 281 14 14
288 281 14 14
288 280 14 14
289 284 14 14
289 282 14 14
290 284 14 14
290 280 14 14
291 288 14 14
291 281 14 14
292 287 14 14
292 286 14 14
293 282 14 14
293 281 14 14
294 283 14 14
294 293 14 14
295 292 14 14
295 290 14 14
296 286 14 14
296 289 14 14
297 286 14 14
297 294 14 14
298 282 14 14
298 291 14 14
299 298 14 14
299 295 14 14
280 289 14 14
280 294 14 14
281 292 14 14
281 294 14 14
302 300 15 15
302 301 15 15
303 301 15 15
303 302 15 15
304 303 15 15
304 300 15 15
305 302 15 15
305 301 15 15
306 300 15 15
306 301 15 15
307 300 15 15
307 306 15 15
308 303 15 15
308 302 15 15
309 308 15 15
309 301 15 15
310 305 15 15
310 301 15 15
311 308 15 15
311 300 15 15
312 303 15 15
312 301 15 15
313 302 15 15
313 309 15 15
314 313 15 15
314 303 15 15
315 313 15 15
315 302 15 15
316 314 15 15
316 303 15 15
317 307 15 15
317 303 15 15
318 314 15 15
318 305 15 15
319 317 15 15
319 302 15 15
300 313 15 15
300 312 15 15
301 311 15 15
301 307 15 15
41 1 2 0
46 23 2 1
63 7 3 0
64 38 3 1
99 38 4 1
95 57 4 2
110 92 5 4
108 29 5 1
137 28 6 1
121 114 6 5
158 53 7 2
158 16 7 0
166 86 8 4
175 7 8 0
194 65 9 3
199 83 9 4
209 146 10 7
207 177 10 8
230 149 11 7
237 7 11 0
254 175 12 8
241 203 12 10
279 189 13 9
275 229 13 11
288 48 14 2
298 107 14 5
309 276 15 13
311 289 15 14
18 313 0 15
6 279 0 13
36 208 1 10
32 225 1 11
