swNum = 320
edgeNum = 672

0 0
1 0
2 0
3 0
4 0
5 0
6 0
7 0
8 0
9 0
10 0
11 0
12 0
13 0
14 0
15 0
16 0
17 0
18 0
19 0
20 1
21 1
22 1
23 1
24 1
25 1
26 1
27 1
28 1
29 1
30 1
31 1
32 1
33 1
34 1
35 1
36 1
37 1
38 1
39 1
40 2
41 2
42 2
43 2
44 2
45 2
46 2
47 2
48 2
49 2
50 2
51 2
52 2
53 2
54 2
55 2
56 2
57 2
58 2
59 2
60 3
61 3
62 3
63 3
64 3
65 3
66 3
67 3
68 3
69 3
70 3
71 3
72 3
73 3
74 3
75 3
76 3
77 3
78 3
79 3
80 4
81 4
82 4
83 4
84 4
85 4
86 4
87 4
88 4
89 4
90 4
91 4
92 4
93 4
94 4
95 4
96 4
97 4
98 4
99 4
100 5
101 5
102 5
103 5
104 5
105 5
106 5
107 5
108 5
109 5
110 5
111 5
112 5
113 5
114 5
115 5
116 5
117 5
118 5
119 5
120 6
121 6
122 6
123 6
124 6
125 6
126 6
127 6
128 6
129 6
130 6
131 6
132 6
133 6
134 6
135 6
136 6
137 6
138 6
139 6
140 7
141 7
142 7
143 7
144 7
145 7
146 7
147 7
148 7
149 7
150 7
151 7
152 7
153 7
154 7
155 7
156 7
157 7
158 7
159 7
160 8
161 8
162 8
163 8
164 8
165 8
166 8
167 8
168 8
169 8
170 8
171 8
172 8
173 8
174 8
175 8
176 8
177 8
178 8
179 8
180 9
181 9
182 9
183 9
184 9
185 9
186 9
187 9
188 9
189 9
190 9
191 9
192 9
193 9
194 9
195 9
196 9
197 9
198 9
199 9
200 10
201 10
202 10
203 10
204 10
205 10
206 10
207 10
208 10
209 10
210 10
211 10
212 10
213 10
214 10
215 10
216 10
217 10
218 10
219 10
220 11
221 11
222 11
223 11
224 11
225 11
226 11
227 11
228 11
229 11
230 11
231 11
232 11
233 11
234 11
235 11
236 11
237 11
238 11
239 11
240 12
241 12
242 12
243 12
244 12
245 12
246 12
247 12
248 12
249 12
250 12
251 12
252 12
253 12
254 12
255 12
256 12
257 12
258 12
259 12
260 13
261 13
262 13
263 13
264 13
265 13
266 13
267 13
268 13
269 13
270 13
271 13
272 13
273 13
274 13
275 13
276 13
277 13
278 13
279 13
280 14
281 14
282 14
283 14
284 14
285 14
286 14
287 14
288 14
289 14
290 14
291 14
292 14
293 14
294 14
295 14
296 14
297 14
298 14
299 14
300 15
301 15
302 15
303 15
304 15
305 15
306 15
307 15
308 15
309 15
310 15
311 15
312 15
313 15
314 15
315 15
316 15
317 15
318 15
319 15

2 0 0 0
2 1 0 0
3 1 0 0
3 2 0 0
4 0 0 0
4 1 0 0
5 0 0 0
5 1 0 0
6 0 0 0
6 1 0 0
7 5 0 0
7 2 0 0
8 6 0 0
8 2 0 0
9 8 0 0
9 0 0 0
10 8 0 0
10 4 0 0
11 4 0 0
11 7 0 0
12 9 0 0
12 10 0 0
13 12 0 0
13 7 0 0
14 13 0 0
14 0 0 0
15 13 0 0
15 8 0 0
16 12 0 0
16 13 0 0
17 16 0 0
17 6 0 0
18 0 0 0
18 6 0 0
19 15 0 0
19 13 0 0
0 17 0 0
0 12 0 0
1 14 0 0
1 18 0 0
22 21 1 1
22 20 1 1
23 21 1 1
23 22 1 1
24 23 1 1
24 21 1 1
25 23 1 1
25 21 1 1
26 22 1 1
26 20 1 1
27 25 1 1
27 21 1 1
28 23 1 1
28 24 1 1
29 20 1 1
29 23 1 1
30 21 1 1
30 25 1 1
31 27 1 1
31 23 1 1
32 20 1 1
32 22 1 1
33 21 1 1
33 23 1 1
34 28 1 1
34 26 1 1
35 33 1 1
35 34 1 1
36 29 1 1
36 30 1 1
37 33 1 1
37 29 1 1
38 37 1 1
38 34 1 1
39 26 1 1
39 35 1 1
20 33 1 1
20 37 1 1
21 38 1 1
21 36 1 1
42 40 2 2
42 41 2 2
43 40 2 2
43 42 2 2
44 43 2 2
44 40 2 2
45 40 2 2
45 41 2 2
46 44 2 2
46 40 2 2
47 40 2 2
47 44 2 2
48 43 2 2
48 47 2 2
49 40 2 2
49 44 2 2
50 41 2 2
50 40 2 2
51 42 2 2
51 41 2 2
52 47 2 2
52 50 2 2
53 52 2 2
53 47 2 2
54 51 2 2
54 47 2 2
55 49 2 2
55 46 2 2
56 48 2 2
56 53 2 2
57 41 2 2
57 53 2 2
58 47 2 2
58 46 2 2
59 49 2 2
59 53 2 2
40 53 2 2
40 59 2 2
41 59 2 2
41 54 2 2
62 61 3 3
62 60 3 3
63 61 3 3
63 62 3 3
64 63 3 3
64 62 3 3
65 64 3 3
65 61 3 3
66 61 3 3
66 62 3 3
67 64 3 3
67 62 3 3
68 67 3 3
68 65 3 3
69 65 3 3
69 63 3 3
70 69 3 3
70 60 3 3
71 60 3 3
71 61 3 3
72 62 3 3
72 63 3 3
73 62 3 3
73 72 3 3
74 70 3 3
74 69 3 3
75 74 3 3
75 68 3 3
76 65 3 3
76 60 3 3
77 66 3 3
77 64 3 3
78 67 3 3
78 62 3 3
79 64 3 3
79 71 3 3
60 73 3 3
60 78 3 3
61 64 3 3
61 69 3 3
82 81 4 4
82 80 4 4
83 80 4 4
83 82 4 4
84 82 4 4
84 83 4 4
85 83 4 4
85 84 4 4
86 83 4 4
86 82 4 4
87 86 4 4
87 81 4 4
88 87 4 4
88 82 4 4
89 87 4 4
89 83 4 4
90 87 4 4
90 84 4 4
91 82 4 4
91 86 4 4
92 89 4 4
92 81 4 4
93 80 4 4
93 85 4 4
94 87 4 4
94 81 4 4
95 93 4 4
95 92 4 4
96 90 4 4
96 91 4 4
97 91 4 4
97 96 4 4
98 83 4 4
98 85 4 4
99 88 4 4
99 86 4 4
80 98 4 4
80 92 4 4
81 93 4 4
81 99 4 4
102 101 5 5
102 100 5 5
103 102 5 5
103 101 5 5
104 103 5 5
104 101 5 5
105 101 5 5
105 103 5 5
106 101 5 5
106 103 5 5
107 100 5 5
107 101 5 5
108 105 5 5
108 104 5 5
109 101 5 5
109 103 5 5
110 107 5 5
110 104 5 5
111 102 5 5
111 101 5 5
112 102 5 5
112 106 5 5
113 101 5 5
113 107 5 5
114 111 5 5
114 101 5 5
115 100 5 5
115 109 5 5
116 108 5 5
116 110 5 5
117 107 5 5
117 108 5 5
118 106 5 5
118 101 5 5
119 116 5 5
119 105 5 5
100 113 5 5
100 103 5 5
101 119 5 5
101 110 5 5
122 120 6 6
122 121 6 6
123 122 6 6
123 120 6 6
124 122 6 6
124 120 6 6
125 120 6 6
125 123 6 6
126 122 6 6
126 123 6 6
127 120 6 6
127 121 6 6
128 124 6 6
128 120 6 6
129 127 6 6
129 125 6 6
130 129 6 6
130 120 6 6
131 128 6 6
131 121 6 6
132 125 6 6
132 126 6 6
133 129 6 6
133 126 6 6
134 128 6 6
134 131 6 6
135 129 6 6
135 127 6 6
136 122 6 6
136 125 6 6
137 135 6 6
137 128 6 6
138 132 6 6
138 125 6 6
139 133 6 6
139 136 6 6
120 134 6 6
120 137 6 6
121 123 6 6
121 130 6 6
142 140 7 7
142 141 7 7
143 141 7 7
143 142 7 7
144 141 7 7
144 142 7 7
145 142 7 7
145 140 7 7
146 145 7 7
146 143 7 7
147 141 7 7
147 142 7 7
148 141 7 7
148 143 7 7
149 148 7 7
149 144 7 7
150 147 7 7
150 149 7 7
151 150 7 7
151 148 7 7
152 146 7 7
152 141 7 7
153 143 7 7
153 150 7 7
154 141 7 7
154 142 7 7
155 140 7 7
155 142 7 7
156 152 7 7
156 150 7 7
157 154 7 7
157 146 7 7
158 141 7 7
158 156 7 7
159 156 7 7
159 146 7 7
140 143 7 7
140 159 7 7
141 149 7 7
141 146 7 7
162 161 8 8
162 160 8 8
163 160 8 8
163 161 8 8
164 161 8 8
164 162 8 8
165 163 8 8
165 160 8 8
166 161 8 8
166 160 8 8
167 164 8 8
167 166 8 8
168 165 8 8
168 160 8 8
169 160 8 8
169 166 8 8
170 167 8 8
170 166 8 8
171 160 8 8
171 166 8 8
172 171 8 8
172 165 8 8
173 163 8 8
173 167 8 8
174 172 8 8
174 162 8 8
175 170 8 8
175 164 8 8
176 169 8 8
176 173 8 8
177 174 8 8
177 168 8 8
178 165 8 8
178 164 8 8
179 172 8 8
179 169 8 8
160 167 8 8
160 173 8 8
161 173 8 8
161 170 8 8
182 181 9 9
182 180 9 9
183 182 9 9
183 180 9 9
184 183 9 9
184 182 9 9
185 181 9 9
185 180 9 9
186 183 9 9
186 182 9 9
187 183 9 9
187 184 9 9
188 180 9 9
188 182 9 9
189 185 9 9
189 184 9 9
190 185 9 9
190 180 9 9
191 182 9 9
191 183 9 9
192 182 9 9
192 191 9 9
193 185 9 9
193 189 9 9
194 192 9 9
194 189 9 9
195 182 9 9
195 189 9 9
196 191 9 9
196 188 9 9
197 183 9 9
197 185 9 9
198 196 9 9
198 183 9 9
199 181 9 9
199 188 9 9
180 191 9 9
180 199 9 9
181 186 9 9
181 198 9 9
202 201 10 10
202 200 10 10
203 200 10 10
203 202 10 10
204 201 10 10
204 202 10 10
205 202 10 10
205 200 10 10
206 203 10 10
206 202 10 10
207 206 10 10
207 205 10 10
208 202 10 10
208 206 10 10
209 203 10 10
209 200 10 10
210 208 10 10
210 207 10 10
211 210 10 10
211 208 10 10
212 208 10 10
212 207 10 10
213 204 10 10
213 201 10 10
214 207 10 10
214 205 10 10
215 202 10 10
215 203 10 10
216 202 10 10
216 200 10 10
217 211 10 10
217 206 10 10
218 214 10 10
218 204 10 10
219 216 10 10
219 210 10 10
200 208 10 10
200 210 10 10
201 219 10 10
201 215 10 10
222 221 11 11
222 220 11 11
223 222 11 11
223 220 11 11
224 222 11 11
224 223 11 11
225 221 11 11
225 224 11 11
226 222 11 11
226 221 11 11
227 222 11 11
227 221 11 11
228 223 11 11
228 224 11 11
229 224 11 11
229 226 11 11
230 229 11 11
230 224 11 11
231 221 11 11
231 226 11 11
232 223 11 11
232 226 11 11
233 228 11 11
233 229 11 11
234 233 11 11
234 225 11 11
235 231 11 11
235 229 11 11
236 235 11 11
236 224 11 11
237 233 11 11
237 226 11 11
238 235 11 11
238 222 11 11
239 223 11 11
239 238 11 11
220 235 11 11
220 234 11 11
221 235 11 11
221 232 11 11
242 241 12 12
242 240 12 12
243 240 12 12
243 241 12 12
244 242 12 12
244 243 12 12
245 244 12 12
245 240 12 12
246 240 12 12
246 245 12 12
247 240 12 12
247 246 12 12
248 242 12 12
248 244 12 12
249 244 12 12
249 247 12 12
250 243 12 12
250 246 12 12
251 241 12 12
251 240 12 12
252 246 12 12
252 251 12 12
253 248 12 12
253 249 12 12
254 252 12 12
254 245 12 12
255 251 12 12
255 241 12 12
256 249 12 12
256 248 12 12
257 250 12 12
257 242 12 12
258 245 12 12
258 256 12 12
259 249 12 12
259 240 12 12
240 258 12 12
240 252 12 12
241 259 12 12
241 247 12 12
262 261 13 13
262 260 13 13
263 261 13 13
263 262 13 13
264 260 13 13
264 263 13 13
265 262 13 13
265 261 13 13
266 261 13 13
266 262 13 13
267 261 13 13
267 263 13 13
268 266 13 13
268 264 13 13
269 265 13 13
269 262 13 13
270 267 13 13
270 264 13 13
271 264 13 13
271 268 13 13
272 261 13 13
272 262 13 13
273 260 13 13
273 267 13 13
274 272 13 13
274 261 13 13
275 268 13 13
275 270 13 13
276 262 13 13
276 264 13 13
277 275 13 13
277 273 13 13
278 270 13 13
278 275 13 13
279 271 13 13
279 263 13 13
260 263 13 13
260 267 13 13
261 275 13 13
261 269 13 13
282 281 14 14
282 280 14 14
283 282 14 14
283 280 14 14
284 281 14 14
284 280 14 14
285 282 14 14
285 280 14 14
286 285 14 14
286 284 14 14
287 280 14 14
287 285 14 14
288 286 14 14
288 287 14 14
289 286 14 14
289 283 14 14
290 288 14 14
290 281 14 14
291 290 14 14
291 288 14 14
292 285 14 14
292 280 14 14
293 292 14 14
293 281 14 14
294 286 14 14
294 289 14 14
295 290 14 14
295 288 14 14
296 289 14 14
296 281 14 14
297 282 14 14
297 292 14 14
298 288 14 14
298 283 14 14
299 295 14 14
299 291 14 14
280 297 14 14
280 286 14 14
281 289 14 14
281 283 14 14
302 301 15 15
302 300 15 15
303 302 15 15
303 301 15 15
304 303 15 15
304 300 15 15
305 300 15 15
305 304 15 15
306 302 15 15
306 300 15 15
307 305 15 15
307 303 15 15
308 304 15 15
308 306 15 15
309 303 15 15
309 307 15 15
310 309 15 15
310 308 15 15
311 304 15 15
311 307 15 15
312 309 15 15
312 307 15 15
313 306 15 15
313 310 15 15
314 309 15 15
314 312 15 15
315 310 15 15
315 306 15 15
316 307 15 15
316 309 15 15
317 301 15 15
317 315 15 15
318 312 15 15
318 307 15 15
319 301 15 15
319 312 15 15
300 315 15 15
300 308 15 15
301 309 15 15
301 307 15 15
45 13 2 0
49 23 2 1
68 31 3 1
76 46 3 2
81 56 4 2
86 19 4 0
104 83 5 4
101 20 5 1
130 71 6 3
130 38 6 1
148 84 7 4
149 10 7 0
163 86 8 4
170 33 8 1
192 144 9 7
192 111 9 5
213 154 10 7
217 132 10 6
239 83 11 4
228 50 11 2
259 199 12 9
243 120 12 6
268 59 13 2
272 185 13 9
297 177 14 8
291 135 14 6
316 74 15 3
302 233 15 11
17 187 0 9
9 263 0 13
36 238 1 11
22 99 1 4
