swNum = 320
edgeNum = 672

0 0
1 0
2 0
3 0
4 0
5 0
6 0
7 0
8 0
9 0
10 0
11 0
12 0
13 0
14 0
15 0
16 0
17 0
18 0
19 0
20 1
21 1
22 1
23 1
24 1
25 1
26 1
27 1
28 1
29 1
30 1
31 1
32 1
33 1
34 1
35 1
36 1
37 1
38 1
39 1
40 2
41 2
42 2
43 2
44 2
45 2
46 2
47 2
48 2
49 2
50 2
51 2
52 2
53 2
54 2
55 2
56 2
57 2
58 2
59 2
60 3
61 3
62 3
63 3
64 3
65 3
66 3
67 3
68 3
69 3
70 3
71 3
72 3
73 3
74 3
75 3
76 3
77 3
78 3
79 3
80 4
81 4
82 4
83 4
84 4
85 4
86 4
87 4
88 4
89 4
90 4
91 4
92 4
93 4
94 4
95 4
96 4
97 4
98 4
99 4
100 5
101 5
102 5
103 5
104 5
105 5
106 5
107 5
108 5
109 5
110 5
111 5
112 5
113 5
114 5
115 5
116 5
117 5
118 5
119 5
120 6
121 6
122 6
123 6
124 6
125 6
126 6
127 6
128 6
129 6
130 6
131 6
132 6
133 6
134 6
135 6
136 6
137 6
138 6
139 6
140 7
141 7
142 7
143 7
144 7
145 7
146 7
147 7
148 7
149 7
150 7
151 7
152 7
153 7
154 7
155 7
156 7
157 7
158 7
159 7
160 8
161 8
162 8
163 8
164 8
165 8
166 8
167 8
168 8
169 8
170 8
171 8
172 8
173 8
174 8
175 8
176 8
177 8
178 8
179 8
180 9
181 9
182 9
183 9
184 9
185 9
186 9
187 9
188 9
189 9
190 9
191 9
192 9
193 9
194 9
195 9
196 9
197 9
198 9
199 9
200 10
201 10
202 10
203 10
204 10
205 10
206 10
207 10
208 10
209 10
210 10
211 10
212 10
213 10
214 10
215 10
216 10
217 10
218 10
219 10
220 11
221 11
222 11
223 11
224 11
225 11
226 11
227 11
228 11
229 11
230 11
231 11
232 11
233 11
234 11
235 11
236 11
237 11
238 11
239 11
240 12
241 12
242 12
243 12
244 12
245 12
246 12
247 12
248 12
249 12
250 12
251 12
252 12
253 12
254 12
255 12
256 12
257 12
258 12
259 12
260 13
261 13
262 13
263 13
264 13
265 13
266 13
267 13
268 13
269 13
270 13
271 13
272 13
273 13
274 13
275 13
276 13
277 13
278 13
279 13
280 14
281 14
282 14
283 14
284 14
285 14
286 14
287 14
288 14
289 14
290 14
291 14
292 14
293 14
294 14
295 14
296 14
297 14
298 14
299 14
300 15
301 15
302 15
303 15
304 15
305 15
306 15
307 15
308 15
309 15
310 15
311 15
312 15
313 15
314 15
315 15
316 15
317 15
318 15
319 15

2 1 0 0
2 0 0 0
3 1 0 0
3 2 0 0
4 0 0 0
4 2 0 0
5 0 0 0
5 4 0 0
6 5 0 0
6 2 0 0
7 2 0 0
7 0 0 0
8 7 0 0
8 1 0 0
9 3 0 0
9 8 0 0
10 5 0 0
10 7 0 0
11 3 0 0
11 1 0 0
12 8 0 0
12 0 0 0
13 12 0 0
13 11 0 0
14 1 0 0
14 8 0 0
15 12 0 0
15 7 0 0
16 9 0 0
16 3 0 0
17 15 0 0
17 7 0 0
18 14 0 0
18 8 0 0
19 0 0 0
19 2 0 0
0 9 0 0
0 18 0 0
1 12 0 0
1 13 0 0
22 20 1 1
22 21 1 1
23 21 1 1
23 20 1 1
24 22 1 1
24 23 1 1
25 23 1 1
25 24 1 1
26 20 1 1
26 23 1 1
27 21 1 1
27 22 1 1
28 26 1 1
28 22 1 1
29 24 1 1
29 25 1 1
30 25 1 1
30 28 1 1
31 26 1 1
31 23 1 1
32 25 1 1
32 29 1 1
33 21 1 1
33 32 1 1
34 28 1 1
34 25 1 1
35 32 1 1
35 24 1 1
36 35 1 1
36 23 1 1
37 33 1 1
37 26 1 1
38 25 1 1
38 26 1 1
39 31 1 1
39 22 1 1
20 32 1 1
20 38 1 1
21 34 1 1
21 38 1 1
42 41 2 2
42 40 2 2
43 40 2 2
43 42 2 2
44 41 2 2
44 42 2 2
45 43 2 2
45 42 2 2
46 40 2 2
46 43 2 2
47 44 2 2
47 41 2 2
48 45 2 2
48 43 2 2
49 41 2 2
49 42 2 2
50 47 2 2
50 41 2 2
51 42 2 2
51 49 2 2
52 40 2 2
52 43 2 2
53 50 2 2
53 44 2 2
54 50 2 2
54 44 2 2
55 43 2 2
55 45 2 2
56 43 2 2
56 46 2 2
57 53 2 2
57 47 2 2
58 42 2 2
58 47 2 2
59 48 2 2
59 46 2 2
40 51 2 2
40 56 2 2
41 57 2 2
41 48 2 2
62 60 3 3
62 61 3 3
63 61 3 3
63 60 3 3
64 61 3 3
64 63 3 3
65 60 3 3
65 63 3 3
66 62 3 3
66 60 3 3
67 60 3 3
67 63 3 3
68 64 3 3
68 63 3 3
69 67 3 3
69 64 3 3
70 63 3 3
70 60 3 3
71 63 3 3
71 61 3 3
72 70 3 3
72 67 3 3
73 65 3 3
73 69 3 3
74 61 3 3
74 67 3 3
75 60 3 3
75 71 3 3
76 63 3 3
76 64 3 3
77 66 3 3
77 64 3 3
78 71 3 3
78 67 3 3
79 75 3 3
79 66 3 3
60 76 3 3
60 74 3 3
61 77 3 3
61 70 3 3
82 81 4 4
82 80 4 4
83 82 4 4
83 81 4 4
84 80 4 4
84 81 4 4
85 81 4 4
85 83 4 4
86 81 4 4
86 84 4 4
87 84 4 4
87 80 4 4
88 87 4 4
88 85 4 4
89 85 4 4
89 88 4 4
90 87 4 4
90 80 4 4
91 86 4 4
91 83 4 4
92 80 4 4
92 86 4 4
93 92 4 4
93 87 4 4
94 87 4 4
94 90 4 4
95 91 4 4
95 87 4 4
96 84 4 4
96 88 4 4
97 93 4 4
97 87 4 4
98 95 4 4
98 90 4 4
99 87 4 4
99 98 4 4
80 99 4 4
80 86 4 4
81 91 4 4
81 98 4 4
102 101 5 5
102 100 5 5
103 102 5 5
103 100 5 5
104 102 5 5
104 103 5 5
105 100 5 5
105 101 5 5
106 102 5 5
106 103 5 5
107 102 5 5
107 106 5 5
108 106 5 5
108 103 5 5
109 103 5 5
109 104 5 5
110 108 5 5
110 106 5 5
111 108 5 5
111 109 5 5
112 111 5 5
112 106 5 5
113 103 5 5
113 100 5 5
114 104 5 5
114 111 5 5
115 105 5 5
115 109 5 5
116 106 5 5
116 107 5 5
117 100 5 5
117 107 5 5
118 102 5 5
118 106 5 5
119 115 5 5
119 111 5 5
100 109 5 5
100 118 5 5
101 114 5 5
101 107 5 5
122 121 6 6
122 120 6 6
123 122 6 6
123 120 6 6
124 123 6 6
124 122 6 6
125 122 6 6
125 120 6 6
126 120 6 6
126 123 6 6
127 121 6 6
127 126 6 6
128 125 6 6
128 121 6 6
129 128 6 6
129 122 6 6
130 128 6 6
130 127 6 6
131 122 6 6
131 129 6 6
132 126 6 6
132 121 6 6
133 126 6 6
133 125 6 6
134 130 6 6
134 124 6 6
135 131 6 6
135 134 6 6
136 134 6 6
136 133 6 6
137 134 6 6
137 123 6 6
138 123 6 6
138 137 6 6
139 126 6 6
139 133 6 6
120 130 6 6
120 132 6 6
121 124 6 6
121 130 6 6
142 141 7 7
142 140 7 7
143 141 7 7
143 140 7 7
144 143 7 7
144 140 7 7
145 142 7 7
145 143 7 7
146 142 7 7
146 140 7 7
147 143 7 7
147 144 7 7
148 144 7 7
148 147 7 7
149 144 7 7
149 145 7 7
150 147 7 7
150 143 7 7
151 141 7 7
151 146 7 7
152 141 7 7
152 143 7 7
153 144 7 7
153 150 7 7
154 141 7 7
154 151 7 7
155 145 7 7
155 150 7 7
156 145 7 7
156 155 7 7
157 152 7 7
157 155 7 7
158 153 7 7
158 156 7 7
159 140 7 7
159 142 7 7
140 155 7 7
140 158 7 7
141 146 7 7
141 157 7 7
162 161 8 8
162 160 8 8
163 162 8 8
163 161 8 8
164 163 8 8
164 161 8 8
165 164 8 8
165 163 8 8
166 165 8 8
166 161 8 8
167 163 8 8
167 166 8 8
168 165 8 8
168 162 8 8
169 167 8 8
169 161 8 8
170 164 8 8
170 163 8 8
171 161 8 8
171 165 8 8
172 160 8 8
172 171 8 8
173 169 8 8
173 165 8 8
174 161 8 8
174 171 8 8
175 173 8 8
175 171 8 8
176 168 8 8
176 166 8 8
177 174 8 8
177 175 8 8
178 174 8 8
178 172 8 8
179 162 8 8
179 174 8 8
160 176 8 8
160 175 8 8
161 167 8 8
161 176 8 8
182 181 9 9
182 180 9 9
183 181 9 9
183 180 9 9
184 180 9 9
184 181 9 9
185 180 9 9
185 182 9 9
186 182 9 9
186 185 9 9
187 182 9 9
187 184 9 9
188 186 9 9
188 181 9 9
189 182 9 9
189 180 9 9
190 189 9 9
190 180 9 9
191 184 9 9
191 180 9 9
192 191 9 9
192 185 9 9
193 188 9 9
193 184 9 9
194 181 9 9
194 187 9 9
195 186 9 9
195 183 9 9
196 185 9 9
196 193 9 9
197 184 9 9
197 191 9 9
198 184 9 9
198 187 9 9
199 181 9 9
199 194 9 9
180 196 9 9
180 199 9 9
181 193 9 9
181 196 9 9
202 200 10 10
202 201 10 10
203 200 10 10
203 202 10 10
204 203 10 10
204 200 10 10
205 201 10 10
205 200 10 10
206 204 10 10
206 205 10 10
207 206 10 10
207 202 10 10
208 204 10 10
208 205 10 10
209 205 10 10
209 204 10 10
210 209 10 10
210 205 10 10
211 203 10 10
211 204 10 10
212 210 10 10
212 209 10 10
213 202 10 10
213 203 10 10
214 212 10 10
214 207 10 10
215 209 10 10
215 210 10 10
216 204 10 10
216 214 10 10
217 207 10 10
217 204 10 10
218 205 10 10
218 210 10 10
219 205 10 10
219 210 10 10
200 210 10 10
200 209 10 10
201 208 10 10
201 212 10 10
222 220 11 11
222 221 11 11
223 220 11 11
223 221 11 11
224 220 11 11
224 221 11 11
225 223 11 11
225 224 11 11
226 225 11 11
226 220 11 11
227 226 11 11
227 221 11 11
228 220 11 11
228 226 11 11
229 223 11 11
229 222 11 11
230 222 11 11
230 223 11 11
231 229 11 11
231 227 11 11
232 223 11 11
232 226 11 11
233 228 11 11
233 225 11 11
234 233 11 11
234 220 11 11
235 220 11 11
235 233 11 11
236 231 11 11
236 225 11 11
237 222 11 11
237 236 11 11
238 231 11 11
238 234 11 11
239 235 11 11
239 238 11 11
220 229 11 11
220 238 11 11
221 234 11 11
221 228 11 11
242 240 12 12
242 241 12 12
243 240 12 12
243 242 12 12
244 242 12 12
244 243 12 12
245 244 12 12
245 240 12 12
246 241 12 12
246 242 12 12
247 246 12 12
247 241 12 12
248 244 12 12
248 242 12 12
249 242 12 12
249 243 12 12
250 249 12 12
250 248 12 12
251 249 12 12
251 242 12 12
252 246 12 12
252 242 12 12
253 241 12 12
253 240 12 12
254 245 12 12
254 244 12 12
255 249 12 12
255 246 12 12
256 251 12 12
256 249 12 12
257 242 12 12
257 247 12 12
258 256 12 12
258 255 12 12
259 255 12 12
259 251 12 12
240 254 12 12
240 248 12 12
241 250 12 12
241 245 12 12
262 261 13 13
262 260 13 13
263 261 13 13
263 260 13 13
264 261 13 13
264 262 13 13
265 264 13 13
265 261 13 13
266 262 13 13
266 265 13 13
267 266 13 13
267 261 13 13
268 264 13 13
268 266 13 13
269 265 13 13
269 261 13 13
270 262 13 13
270 266 13 13
271 266 13 13
271 265 13 13
272 267 13 13
272 266 13 13
273 271 13 13
273 266 13 13
274 266 13 13
274 267 13 13
275 272 13 13
275 270 13 13
276 261 13 13
276 264 13 13
277 276 13 13
277 264 13 13
278 274 13 13
278 277 13 13
279 264 13 13
279 273 13 13
260 274 13 13
260 267 13 13
261 266 13 13
261 273 13 13
282 281 14 14
282 280 14 14
283 282 14 14
283 281 14 14
284 281 14 14
284 282 14 14
285 284 14 14
285 282 14 14
286 281 14 14
286 283 14 14
287 280 14 14
287 284 14 14
288 280 14 14
288 287 14 14
289 280 14 14
289 281 14 14
290 280 14 14
290 282 14 14
291 290 14 14
291 281 14 14
292 288 14 14
292 287 14 14
293 280 14 14
293 292 14 14
294 292 14 14
294 291 14 14
295 289 14 14
295 283 14 14
296 285 14 14
296 286 14 14
297 295 14 14
297 284 14 14
298 291 14 14
298 281 14 14
299 281 14 14
299 284 14 14
280 292 14 14
280 297 14 14
281 285 14 14
281 295 14 14
302 301 15 15
302 300 15 15
303 302 15 15
303 300 15 15
304 303 15 15
304 300 15 15
305 304 15 15
305 302 15 15
306 302 15 15
306 300 15 15
307 305 15 15
307 302 15 15
308 300 15 15
308 307 15 15
309 306 15 15
309 308 15 15
310 309 15 15
310 302 15 15
311 309 15 15
311 307 15 15
312 301 15 15
312 307 15 15
313 306 15 15
313 311 15 15
314 308 15 15
314 306 15 15
315 314 15 15
315 302 15 15
316 307 15 15
316 303 15 15
317 300 15 15
317 301 15 15
318 312 15 15
318 316 15 15
319 300 15 15
319 314 15 15
300 314 15 15
300 316 15 15
301 313 15 15
301 319 15 15
51 36 2 1
45 0 2 0
60 13 3 0
71 33 3 1
89 34 4 1
92 15 4 0
111 45 5 2
111 89 5 4
135 42 6 2
133 75 6 3
145 98 7 4
140 73 7 3
160 129 8 6
179 39 8 1
198 111 9 5
187 38 9 1
216 134 10 6
207 55 10 2
232 22 11 1
230 163 11 8
242 40 12 2
257 19 12 0
265 234 13 11
269 172 13 8
284 241 14 12
292 3 14 0
301 290 15 14
315 156 15 7
19 235 0 11
0 158 0 7
34 299 1 14
27 318 1 15
