swNum = 320
edgeNum = 672

0 0
1 0
2 0
3 0
4 0
5 0
6 0
7 0
8 0
9 0
10 0
11 0
12 0
13 0
14 0
15 0
16 0
17 0
18 0
19 0
20 1
21 1
22 1
23 1
24 1
25 1
26 1
27 1
28 1
29 1
30 1
31 1
32 1
33 1
34 1
35 1
36 1
37 1
38 1
39 1
40 2
41 2
42 2
43 2
44 2
45 2
46 2
47 2
48 2
49 2
50 2
51 2
52 2
53 2
54 2
55 2
56 2
57 2
58 2
59 2
60 3
61 3
62 3
63 3
64 3
65 3
66 3
67 3
68 3
69 3
70 3
71 3
72 3
73 3
74 3
75 3
76 3
77 3
78 3
79 3
80 4
81 4
82 4
83 4
84 4
85 4
86 4
87 4
88 4
89 4
90 4
91 4
92 4
93 4
94 4
95 4
96 4
97 4
98 4
99 4
100 5
101 5
102 5
103 5
104 5
105 5
106 5
107 5
108 5
109 5
110 5
111 5
112 5
113 5
114 5
115 5
116 5
117 5
118 5
119 5
120 6
121 6
122 6
123 6
124 6
125 6
126 6
127 6
128 6
129 6
130 6
131 6
132 6
133 6
134 6
135 6
136 6
137 6
138 6
139 6
140 7
141 7
142 7
143 7
144 7
145 7
146 7
147 7
148 7
149 7
150 7
151 7
152 7
153 7
154 7
155 7
156 7
157 7
158 7
159 7
160 8
161 8
162 8
163 8
164 8
165 8
166 8
167 8
168 8
169 8
170 8
171 8
172 8
173 8
174 8
175 8
176 8
177 8
178 8
179 8
180 9
181 9
182 9
183 9
184 9
185 9
186 9
187 9
188 9
189 9
190 9
191 9
192 9
193 9
194 9
195 9
196 9
197 9
198 9
199 9
200 10
201 10
202 10
203 10
204 10
205 10
206 10
207 10
208 10
209 10
210 10
211 10
212 10
213 10
214 10
215 10
216 10
217 10
218 10
219 10
220 11
221 11
222 11
223 11
224 11
225 11
226 11
227 11
228 11
229 11
230 11
231 11
232 11
233 11
234 11
235 11
236 11
237 11
238 11
239 11
240 12
241 12
242 12
243 12
244 12
245 12
246 12
247 12
248 12
249 12
250 12
251 12
252 12
253 12
254 12
255 12
256 12
257 12
258 12
259 12
260 13
261 13
262 13
263 13
264 13
265 13
266 13
267 13
268 13
269 13
270 13
271 13
272 13
273 13
274 13
275 13
276 13
277 13
278 13
279 13
280 14
281 14
282 14
283 14
284 14
285 14
286 14
287 14
288 14
289 14
290 14
291 14
292 14
293 14
294 14
295 14
296 14
297 14
298 14
299 14
300 15
301 15
302 15
303 15
304 15
305 15
306 15
307 15
308 15
309 15
310 15
311 15
312 15
313 15
314 15
315 15
316 15
317 15
318 15
319 15

2 1 0 0
2 0 0 0
3 2 0 0
3 0 0 0
4 1 0 0
4 2 0 0
5 2 0 0
5 1 0 0
6 4 0 0
6 0 0 0
7 5 0 0
7 0 0 0
8 3 0 0
8 1 0 0
9 5 0 0
9 4 0 0
10 4 0 0
10 7 0 0
11 6 0 0
11 8 0 0
12 8 0 0
12 5 0 0
13 11 0 0
13 2 0 0
14 4 0 0
14 8 0 0
15 7 0 0
15 14 0 0
16 9 0 0
16 0 0 0
17 8 0 0
17 14 0 0
18 13 0 0
18 10 0 0
19 6 0 0
19 4 0 0
0 8 0 0
0 5 0 0
1 13 0 0
1 12 0 0
22 20 1 1
22 21 1 1
23 21 1 1
23 20 1 1
24 22 1 1
24 20 1 1
25 20 1 1
25 24 1 1
26 20 1 1
26 23 1 1
27 20 1 1
27 25 1 1
28 21 1 1
28 26 1 1
29 21 1 1
29 23 1 1
30 22 1 1
30 29 1 1
31 24 1 1
31 20 1 1
32 24 1 1
32 25 1 1
33 32 1 1
33 24 1 1
34 33 1 1
34 26 1 1
35 30 1 1
35 28 1 1
36 23 1 1
36 24 1 1
37 30 1 1
37 36 1 1
38 20 1 1
38 24 1 1
39 35 1 1
39 28 1 1
20 37 1 1
20 36 1 1
21 36 1 1
21 30 1 1
42 40 2 2
42 41 2 2
43 40 2 2
43 42 2 2
44 40 2 2
44 43 2 2
45 41 2 2
45 40 2 2
46 44 2 2
46 45 2 2
47 46 2 2
47 40 2 2
48 42 2 2
48 40 2 2
49 41 2 2
49 47 2 2
50 47 2 2
50 43 2 2
51 43 2 2
51 49 2 2
52 41 2 2
52 48 2 2
53 47 2 2
53 46 2 2
54 49 2 2
54 47 2 2
55 51 2 2
55 49 2 2
56 55 2 2
56 48 2 2
57 40 2 2
57 43 2 2
58 54 2 2
58 46 2 2
59 40 2 2
59 55 2 2
40 55 2 2
40 50 2 2
41 58 2 2
41 55 2 2
62 60 3 3
62 61 3 3
63 62 3 3
63 61 3 3
64 61 3 3
64 63 3 3
65 63 3 3
65 61 3 3
66 64 3 3
66 62 3 3
67 66 3 3
67 65 3 3
68 61 3 3
68 66 3 3
69 62 3 3
69 61 3 3
70 60 3 3
70 61 3 3
71 64 3 3
71 69 3 3
72 61 3 3
72 69 3 3
73 61 3 3
73 65 3 3
74 66 3 3
74 68 3 3
75 66 3 3
75 74 3 3
76 69 3 3
76 70 3 3
77 67 3 3
77 64 3 3
78 77 3 3
78 62 3 3
79 68 3 3
79 70 3 3
60 67 3 3
60 77 3 3
61 78 3 3
61 75 3 3
82 80 4 4
82 81 4 4
83 82 4 4
83 80 4 4
84 81 4 4
84 83 4 4
85 81 4 4
85 82 4 4
86 82 4 4
86 84 4 4
87 86 4 4
87 81 4 4
88 81 4 4
88 82 4 4
89 83 4 4
89 85 4 4
90 86 4 4
90 81 4 4
91 88 4 4
91 87 4 4
92 80 4 4
92 81 4 4
93 91 4 4
93 81 4 4
94 82 4 4
94 84 4 4
95 82 4 4
95 90 4 4
96 86 4 4
96 85 4 4
97 81 4 4
97 95 4 4
98 93 4 4
98 92 4 4
99 93 4 4
99 94 4 4
80 89 4 4
80 93 4 4
81 83 4 4
81 94 4 4
102 100 5 5
102 101 5 5
103 100 5 5
103 101 5 5
104 102 5 5
104 103 5 5
105 104 5 5
105 101 5 5
106 101 5 5
106 103 5 5
107 106 5 5
107 104 5 5
108 101 5 5
108 100 5 5
109 103 5 5
109 105 5 5
110 108 5 5
110 101 5 5
111 109 5 5
111 100 5 5
112 107 5 5
112 103 5 5
113 110 5 5
113 112 5 5
114 105 5 5
114 106 5 5
115 107 5 5
115 111 5 5
116 104 5 5
116 112 5 5
117 116 5 5
117 103 5 5
118 113 5 5
118 104 5 5
119 112 5 5
119 109 5 5
100 109 5 5
100 117 5 5
101 114 5 5
101 109 5 5
122 120 6 6
122 121 6 6
123 122 6 6
123 121 6 6
124 121 6 6
124 120 6 6
125 121 6 6
125 123 6 6
126 120 6 6
126 125 6 6
127 120 6 6
127 122 6 6
128 124 6 6
128 121 6 6
129 128 6 6
129 121 6 6
130 126 6 6
130 128 6 6
131 123 6 6
131 126 6 6
132 123 6 6
132 128 6 6
133 129 6 6
133 126 6 6
134 124 6 6
134 123 6 6
135 133 6 6
135 131 6 6
136 131 6 6
136 123 6 6
137 131 6 6
137 135 6 6
138 130 6 6
138 126 6 6
139 130 6 6
139 123 6 6
120 128 6 6
120 138 6 6
121 133 6 6
121 131 6 6
142 140 7 7
142 141 7 7
143 141 7 7
143 140 7 7
144 143 7 7
144 141 7 7
145 140 7 7
145 143 7 7
146 140 7 7
146 144 7 7
147 146 7 7
147 145 7 7
148 144 7 7
148 141 7 7
149 147 7 7
149 141 7 7
150 144 7 7
150 141 7 7
151 149 7 7
151 142 7 7
152 148 7 7
152 149 7 7
153 144 7 7
153 141 7 7
154 144 7 7
154 140 7 7
155 152 7 7
155 147 7 7
156 144 7 7
156 154 7 7
157 149 7 7
157 148 7 7
158 143 7 7
158 149 7 7
159 156 7 7
159 143 7 7
140 158 7 7
140 155 7 7
141 156 7 7
141 145 7 7
162 160 8 8
162 161 8 8
163 160 8 8
163 161 8 8
164 162 8 8
164 161 8 8
165 161 8 8
165 160 8 8
166 161 8 8
166 160 8 8
167 166 8 8
167 165 8 8
168 165 8 8
168 163 8 8
169 165 8 8
169 164 8 8
170 163 8 8
170 165 8 8
171 161 8 8
171 170 8 8
172 164 8 8
172 167 8 8
173 165 8 8
173 170 8 8
174 165 8 8
174 173 8 8
175 174 8 8
175 173 8 8
176 169 8 8
176 175 8 8
177 174 8 8
177 161 8 8
178 168 8 8
178 165 8 8
179 171 8 8
179 176 8 8
160 173 8 8
160 171 8 8
161 172 8 8
161 168 8 8
182 181 9 9
182 180 9 9
183 181 9 9
183 182 9 9
184 183 9 9
184 181 9 9
185 181 9 9
185 182 9 9
186 183 9 9
186 180 9 9
187 181 9 9
187 182 9 9
188 184 9 9
188 182 9 9
189 188 9 9
189 184 9 9
190 181 9 9
190 187 9 9
191 180 9 9
191 187 9 9
192 189 9 9
192 185 9 9
193 187 9 9
193 182 9 9
194 193 9 9
194 192 9 9
195 182 9 9
195 192 9 9
196 182 9 9
196 187 9 9
197 192 9 9
197 194 9 9
198 181 9 9
198 184 9 9
199 189 9 9
199 192 9 9
180 196 9 9
180 189 9 9
181 192 9 9
181 197 9 9
202 201 10 10
202 200 10 10
203 202 10 10
203 201 10 10
204 201 10 10
204 202 10 10
205 201 10 10
205 204 10 10
206 200 10 10
206 203 10 10
207 203 10 10
207 206 10 10
208 207 10 10
208 201 10 10
209 200 10 10
209 203 10 10
210 200 10 10
210 207 10 10
211 209 10 10
211 202 10 10
212 204 10 10
212 208 10 10
213 210 10 10
213 203 10 10
214 211 10 10
214 202 10 10
215 208 10 10
215 203 10 10
216 207 10 10
216 213 10 10
217 210 10 10
217 215 10 10
218 213 10 10
218 208 10 10
219 208 10 10
219 203 10 10
200 215 10 10
200 217 10 10
201 211 10 10
201 217 10 10
222 221 11 11
222 220 11 11
223 221 11 11
223 222 11 11
224 222 11 11
224 223 11 11
225 223 11 11
225 222 11 11
226 220 11 11
226 221 11 11
227 221 11 11
227 222 11 11
228 227 11 11
228 222 11 11
229 222 11 11
229 224 11 11
230 229 11 11
230 220 11 11
231 222 11 11
231 226 11 11
232 221 11 11
232 224 11 11
233 223 11 11
233 230 11 11
234 224 11 11
234 226 11 11
235 234 11 11
235 231 11 11
236 232 11 11
236 223 11 11
237 224 11 11
237 227 11 11
238 228 11 11
238 227 11 11
239 232 11 11
239 227 11 11
220 231 11 11
220 229 11 11
221 225 11 11
221 234 11 11
242 240 12 12
242 241 12 12
243 242 12 12
243 240 12 12
244 240 12 12
244 242 12 12
245 244 12 12
245 241 12 12
246 244 12 12
246 245 12 12
247 241 12 12
247 242 12 12
248 247 12 12
248 243 12 12
249 247 12 12
249 241 12 12
250 241 12 12
250 240 12 12
251 242 12 12
251 243 12 12
252 242 12 12
252 249 12 12
253 249 12 12
253 250 12 12
254 251 12 12
254 243 12 12
255 245 12 12
255 241 12 12
256 245 12 12
256 246 12 12
257 255 12 12
257 248 12 12
258 247 12 12
258 243 12 12
259 248 12 12
259 247 12 12
240 249 12 12
240 254 12 12
241 253 12 12
241 246 12 12
262 260 13 13
262 261 13 13
263 262 13 13
263 261 13 13
264 261 13 13
264 262 13 13
265 260 13 13
265 264 13 13
266 260 13 13
266 261 13 13
267 265 13 13
267 264 13 13
268 264 13 13
268 260 13 13
269 262 13 13
269 268 13 13
270 264 13 13
270 266 13 13
271 263 13 13
271 270 13 13
272 261 13 13
272 265 13 13
273 271 13 13
273 264 13 13
274 264 13 13
274 269 13 13
275 262 13 13
275 270 13 13
276 267 13 13
276 260 13 13
277 266 13 13
277 270 13 13
278 277 13 13
278 274 13 13
279 270 13 13
279 277 13 13
260 279 13 13
260 271 13 13
261 273 13 13
261 278 13 13
282 280 14 14
282 281 14 14
283 281 14 14
283 282 14 14
284 281 14 14
284 282 14 14
285 284 14 14
285 281 14 14
286 284 14 14
286 281 14 14
287 286 14 14
287 285 14 14
288 281 14 14
288 280 14 14
289 284 14 14
289 281 14 14
290 282 14 14
290 284 14 14
291 285 14 14
291 283 14 14
292 287 14 14
292 284 14 14
293 289 14 14
293 291 14 14
294 282 14 14
294 281 14 14
295 292 14 14
295 284 14 14
296 290 14 14
296 293 14 14
297 280 14 14
297 294 14 14
298 291 14 14
298 286 14 14
299 283 14 14
299 286 14 14
280 289 14 14
280 291 14 14
281 291 14 14
281 292 14 14
302 300 15 15
302 301 15 15
303 301 15 15
303 300 15 15
304 303 15 15
304 300 15 15
305 303 15 15
305 302 15 15
306 300 15 15
306 303 15 15
307 306 15 15
307 300 15 15
308 301 15 15
308 304 15 15
309 303 15 15
309 306 15 15
310 308 15 15
310 301 15 15
311 307 15 15
311 305 15 15
312 302 15 15
312 311 15 15
313 305 15 15
313 302 15 15
314 308 15 15
314 303 15 15
315 300 15 15
315 308 15 15
316 314 15 15
316 309 15 15
317 308 15 15
317 304 15 15
318 315 15 15
318 310 15 15
319 318 15 15
319 309 15 15
300 311 15 15
300 316 15 15
301 315 15 15
301 307 15 15
49 17 2 0
47 39 2 1
63 0 3 0
68 44 3 2
96 11 4 0
90 51 4 2
114 34 5 1
117 68 5 3
121 52 6 2
128 7 6 0
141 74 7 3
156 138 7 6
179 85 8 4
173 120 8 6
189 29 9 1
180 92 9 4
218 10 10 0
205 196 10 9
233 1 11 0
220 96 11 4
254 133 12 6
259 15 12 0
265 9 13 0
273 135 13 6
297 134 14 6
294 212 14 10
315 123 15 6
305 275 15 13
10 112 0 5
19 172 0 8
25 249 1 12
27 171 1 8
