swNum = 320
edgeNum = 672

0 0
1 0
2 0
3 0
4 0
5 0
6 0
7 0
8 0
9 0
10 0
11 0
12 0
13 0
14 0
15 0
16 0
17 0
18 0
19 0
20 1
21 1
22 1
23 1
24 1
25 1
26 1
27 1
28 1
29 1
30 1
31 1
32 1
33 1
34 1
35 1
36 1
37 1
38 1
39 1
40 2
41 2
42 2
43 2
44 2
45 2
46 2
47 2
48 2
49 2
50 2
51 2
52 2
53 2
54 2
55 2
56 2
57 2
58 2
59 2
60 3
61 3
62 3
63 3
64 3
65 3
66 3
67 3
68 3
69 3
70 3
71 3
72 3
73 3
74 3
75 3
76 3
77 3
78 3
79 3
80 4
81 4
82 4
83 4
84 4
85 4
86 4
87 4
88 4
89 4
90 4
91 4
92 4
93 4
94 4
95 4
96 4
97 4
98 4
99 4
100 5
101 5
102 5
103 5
104 5
105 5
106 5
107 5
108 5
109 5
110 5
111 5
112 5
113 5
114 5
115 5
116 5
117 5
118 5
119 5
120 6
121 6
122 6
123 6
124 6
125 6
126 6
127 6
128 6
129 6
130 6
131 6
132 6
133 6
134 6
135 6
136 6
137 6
138 6
139 6
140 7
141 7
142 7
143 7
144 7
145 7
146 7
147 7
148 7
149 7
150 7
151 7
152 7
153 7
154 7
155 7
156 7
157 7
158 7
159 7
160 8
161 8
162 8
163 8
164 8
165 8
166 8
167 8
168 8
169 8
170 8
171 8
172 8
173 8
174 8
175 8
176 8
177 8
178 8
179 8
180 9
181 9
182 9
183 9
184 9
185 9
186 9
187 9
188 9
189 9
190 9
191 9
192 9
193 9
194 9
195 9
196 9
197 9
198 9
199 9
200 10
201 10
202 10
203 10
204 10
205 10
206 10
207 10
208 10
209 10
210 10
211 10
212 10
213 10
214 10
215 10
216 10
217 10
218 10
219 10
220 11
221 11
222 11
223 11
224 11
225 11
226 11
227 11
228 11
229 11
230 11
231 11
232 11
233 11
234 11
235 11
236 11
237 11
238 11
239 11
240 12
241 12
242 12
243 12
244 12
245 12
246 12
247 12
248 12
249 12
250 12
251 12
252 12
253 12
254 12
255 12
256 12
257 12
258 12
259 12
260 13
261 13
262 13
263 13
264 13
265 13
266 13
267 13
268 13
269 13
270 13
271 13
272 13
273 13
274 13
275 13
276 13
277 13
278 13
279 13
280 14
281 14
282 14
283 14
284 14
285 14
286 14
287 14
288 14
289 14
290 14
291 14
292 14
293 14
294 14
295 14
296 14
297 14
298 14
299 14
300 15
301 15
302 15
303 15
304 15
305 15
306 15
307 15
308 15
309 15
310 15
311 15
312 15
313 15
314 15
315 15
316 15
317 15
318 15
319 15

2 1 0 0
2 0 0 0
3 2 0 0
3 1 0 0
4 3 0 0
4 0 0 0
5 1 0 0
5 2 0 0
6 5 0 0
6 0 0 0
7 6 0 0
7 1 0 0
8 0 0 0
8 1 0 0
9 0 0 0
9 7 0 0
10 1 0 0
10 9 0 0
11 8 0 0
11 0 0 0
12 4 0 0
12 2 0 0
13 9 0 0
13 8 0 0
14 10 0 0
14 6 0 0
15 9 0 0
15 0 0 0
16 13 0 0
16 3 0 0
17 14 0 0
17 9 0 0
18 10 0 0
18 17 0 0
19 4 0 0
19 7 0 0
0 7 0 0
0 17 0 0
1 15 0 0
1 12 0 0
22 21 1 1
22 20 1 1
23 21 1 1
23 22 1 1
24 23 1 1
24 22 1 1
25 20 1 1
25 21 1 1
26 25 1 1
26 23 1 1
27 21 1 1
27 25 1 1
28 25 1 1
28 20 1 1
29 27 1 1
29 28 1 1
30 26 1 1
30 25 1 1
31 30 1 1
31 23 1 1
32 29 1 1
32 22 1 1
33 24 1 1
33 32 1 1
34 32 1 1
34 22 1 1
35 33 1 1
35 31 1 1
36 32 1 1
36 29 1 1
37 36 1 1
37 35 1 1
38 35 1 1
38 23 1 1
39 21 1 1
39 30 1 1
20 39 1 1
20 36 1 1
21 29 1 1
21 33 1 1
42 40 2 2
42 41 2 2
43 42 2 2
43 40 2 2
44 42 2 2
44 41 2 2
45 40 2 2
45 43 2 2
46 44 2 2
46 45 2 2
47 44 2 2
47 41 2 2
48 41 2 2
48 45 2 2
49 47 2 2
49 44 2 2
50 45 2 2
50 41 2 2
51 50 2 2
51 42 2 2
52 44 2 2
52 42 2 2
53 42 2 2
53 48 2 2
54 53 2 2
54 42 2 2
55 51 2 2
55 41 2 2
56 50 2 2
56 53 2 2
57 47 2 2
57 55 2 2
58 45 2 2
58 48 2 2
59 52 2 2
59 44 2 2
40 51 2 2
40 48 2 2
41 51 2 2
41 56 2 2
62 60 3 3
62 61 3 3
63 62 3 3
63 61 3 3
64 60 3 3
64 61 3 3
65 62 3 3
65 60 3 3
66 65 3 3
66 60 3 3
67 62 3 3
67 65 3 3
68 64 3 3
68 66 3 3
69 61 3 3
69 65 3 3
70 67 3 3
70 62 3 3
71 66 3 3
71 62 3 3
72 67 3 3
72 63 3 3
73 67 3 3
73 72 3 3
74 61 3 3
74 71 3 3
75 70 3 3
75 61 3 3
76 70 3 3
76 71 3 3
77 62 3 3
77 76 3 3
78 73 3 3
78 60 3 3
79 71 3 3
79 68 3 3
60 79 3 3
60 71 3 3
61 68 3 3
61 77 3 3
82 80 4 4
82 81 4 4
83 82 4 4
83 81 4 4
84 81 4 4
84 80 4 4
85 80 4 4
85 82 4 4
86 85 4 4
86 82 4 4
87 82 4 4
87 86 4 4
88 84 4 4
88 83 4 4
89 85 4 4
89 80 4 4
90 86 4 4
90 83 4 4
91 90 4 4
91 82 4 4
92 81 4 4
92 83 4 4
93 86 4 4
93 91 4 4
94 92 4 4
94 93 4 4
95 94 4 4
95 86 4 4
96 92 4 4
96 93 4 4
97 93 4 4
97 81 4 4
98 80 4 4
98 93 4 4
99 89 4 4
99 96 4 4
80 87 4 4
80 99 4 4
81 90 4 4
81 87 4 4
102 100 5 5
102 101 5 5
103 102 5 5
103 101 5 5
104 100 5 5
104 102 5 5
105 104 5 5
105 101 5 5
106 103 5 5
106 100 5 5
107 103 5 5
107 106 5 5
108 101 5 5
108 103 5 5
109 102 5 5
109 105 5 5
110 106 5 5
110 107 5 5
111 107 5 5
111 108 5 5
112 103 5 5
112 104 5 5
113 105 5 5
113 110 5 5
114 111 5 5
114 103 5 5
115 107 5 5
115 113 5 5
116 101 5 5
116 106 5 5
117 104 5 5
117 102 5 5
118 117 5 5
118 102 5 5
119 100 5 5
119 118 5 5
100 112 5 5
100 111 5 5
101 110 5 5
101 114 5 5
122 120 6 6
122 121 6 6
123 122 6 6
123 120 6 6
124 120 6 6
124 121 6 6
125 122 6 6
125 120 6 6
126 124 6 6
126 125 6 6
127 120 6 6
127 122 6 6
128 122 6 6
128 120 6 6
129 125 6 6
129 122 6 6
130 126 6 6
130 123 6 6
131 126 6 6
131 121 6 6
132 124 6 6
132 125 6 6
133 125 6 6
133 124 6 6
134 125 6 6
134 131 6 6
135 134 6 6
135 130 6 6
136 120 6 6
136 135 6 6
137 122 6 6
137 123 6 6
138 130 6 6
138 136 6 6
139 135 6 6
139 134 6 6
120 139 6 6
120 137 6 6
121 125 6 6
121 136 6 6
142 140 7 7
142 141 7 7
143 140 7 7
143 141 7 7
144 141 7 7
144 140 7 7
145 141 7 7
145 144 7 7
146 140 7 7
146 143 7 7
147 140 7 7
147 144 7 7
148 145 7 7
148 143 7 7
149 147 7 7
149 146 7 7
150 142 7 7
150 141 7 7
151 149 7 7
151 142 7 7
152 149 7 7
152 148 7 7
153 149 7 7
153 141 7 7
154 145 7 7
154 146 7 7
155 142 7 7
155 147 7 7
156 150 7 7
156 147 7 7
157 144 7 7
157 151 7 7
158 153 7 7
158 142 7 7
159 157 7 7
159 153 7 7
140 153 7 7
140 152 7 7
141 146 7 7
141 157 7 7
162 161 8 8
162 160 8 8
163 161 8 8
163 162 8 8
164 161 8 8
164 163 8 8
165 162 8 8
165 160 8 8
166 165 8 8
166 160 8 8
167 164 8 8
167 161 8 8
168 167 8 8
168 161 8 8
169 161 8 8
169 163 8 8
170 168 8 8
170 163 8 8
171 161 8 8
171 163 8 8
172 168 8 8
172 164 8 8
173 162 8 8
173 163 8 8
174 163 8 8
174 161 8 8
175 161 8 8
175 170 8 8
176 166 8 8
176 173 8 8
177 162 8 8
177 174 8 8
178 162 8 8
178 165 8 8
179 176 8 8
179 162 8 8
160 164 8 8
160 174 8 8
161 176 8 8
161 166 8 8
182 181 9 9
182 180 9 9
183 182 9 9
183 181 9 9
184 183 9 9
184 180 9 9
185 183 9 9
185 184 9 9
186 183 9 9
186 181 9 9
187 182 9 9
187 181 9 9
188 187 9 9
188 181 9 9
189 182 9 9
189 183 9 9
190 183 9 9
190 181 9 9
191 190 9 9
191 186 9 9
192 183 9 9
192 188 9 9
193 192 9 9
193 182 9 9
194 180 9 9
194 187 9 9
195 184 9 9
195 188 9 9
196 186 9 9
196 180 9 9
197 195 9 9
197 190 9 9
198 197 9 9
198 182 9 9
199 184 9 9
199 198 9 9
180 190 9 9
180 183 9 9
181 195 9 9
181 191 9 9
202 200 10 10
202 201 10 10
203 200 10 10
203 201 10 10
204 202 10 10
204 200 10 10
205 202 10 10
205 203 10 10
206 205 10 10
206 201 10 10
207 204 10 10
207 202 10 10
208 207 10 10
208 203 10 10
209 202 10 10
209 204 10 10
210 200 10 10
210 201 10 10
211 210 10 10
211 208 10 10
212 210 10 10
212 205 10 10
213 210 10 10
213 209 10 10
214 201 10 10
214 205 10 10
215 205 10 10
215 212 10 10
216 211 10 10
216 208 10 10
217 215 10 10
217 210 10 10
218 209 10 10
218 200 10 10
219 206 10 10
219 205 10 10
200 219 10 10
200 206 10 10
201 216 10 10
201 211 10 10
222 220 11 11
222 221 11 11
223 222 11 11
223 220 11 11
224 222 11 11
224 221 11 11
225 224 11 11
225 220 11 11
226 221 11 11
226 220 11 11
227 223 11 11
227 221 11 11
228 227 11 11
228 224 11 11
229 227 11 11
229 225 11 11
230 223 11 11
230 220 11 11
231 226 11 11
231 230 11 11
232 231 11 11
232 223 11 11
233 221 11 11
233 231 11 11
234 231 11 11
234 223 11 11
235 230 11 11
235 225 11 11
236 231 11 11
236 234 11 11
237 231 11 11
237 223 11 11
238 232 11 11
238 220 11 11
239 231 11 11
239 229 11 11
220 232 11 11
220 237 11 11
221 228 11 11
221 239 11 11
242 241 12 12
242 240 12 12
243 241 12 12
243 240 12 12
244 241 12 12
244 242 12 12
245 241 12 12
245 243 12 12
246 243 12 12
246 240 12 12
247 242 12 12
247 244 12 12
248 241 12 12
248 242 12 12
249 245 12 12
249 246 12 12
250 244 12 12
250 248 12 12
251 250 12 12
251 240 12 12
252 251 12 12
252 250 12 12
253 241 12 12
253 246 12 12
254 251 12 12
254 253 12 12
255 241 12 12
255 243 12 12
256 242 12 12
256 245 12 12
257 248 12 12
257 243 12 12
258 247 12 12
258 254 12 12
259 258 12 12
259 243 12 12
240 245 12 12
240 249 12 12
241 257 12 12
241 256 12 12
262 260 13 13
262 261 13 13
263 261 13 13
263 260 13 13
264 260 13 13
264 263 13 13
265 263 13 13
265 261 13 13
266 263 13 13
266 265 13 13
267 266 13 13
267 264 13 13
268 264 13 13
268 262 13 13
269 262 13 13
269 268 13 13
270 267 13 13
270 268 13 13
271 265 13 13
271 267 13 13
272 271 13 13
272 262 13 13
273 272 13 13
273 262 13 13
274 269 13 13
274 266 13 13
275 265 13 13
275 269 13 13
276 266 13 13
276 261 13 13
277 268 13 13
277 271 13 13
278 261 13 13
278 267 13 13
279 262 13 13
279 272 13 13
260 267 13 13
260 277 13 13
261 271 13 13
261 264 13 13
282 281 14 14
282 280 14 14
283 282 14 14
283 280 14 14
284 280 14 14
284 282 14 14
285 284 14 14
285 281 14 14
286 282 14 14
286 283 14 14
287 286 14 14
287 281 14 14
288 285 14 14
288 283 14 14
289 286 14 14
289 285 14 14
290 284 14 14
290 285 14 14
291 280 14 14
291 290 14 14
292 281 14 14
292 282 14 14
293 283 14 14
293 290 14 14
294 292 14 14
294 282 14 14
295 287 14 14
295 284 14 14
296 293 14 14
296 284 14 14
297 289 14 14
297 281 14 14
298 291 14 14
298 290 14 14
299 294 14 14
299 282 14 14
280 296 14 14
280 289 14 14
281 295 14 14
281 294 14 14
302 300 15 15
302 301 15 15
303 300 15 15
303 301 15 15
304 303 15 15
304 300 15 15
305 301 15 15
305 300 15 15
306 305 15 15
306 300 15 15
307 300 15 15
307 301 15 15
308 300 15 15
308 303 15 15
309 302 15 15
309 308 15 15
310 309 15 15
310 300 15 15
311 300 15 15
311 303 15 15
312 307 15 15
312 306 15 15
313 309 15 15
313 307 15 15
314 306 15 15
314 300 15 15
315 307 15 15
315 301 15 15
316 302 15 15
316 315 15 15
317 311 15 15
317 305 15 15
318 311 15 15
318 303 15 15
319 303 15 15
319 305 15 15
300 315 15 15
300 318 15 15
301 318 15 15
301 313 15 15
53 25 2 1
43 12 2 0
79 21 3 1
66 46 3 2
83 57 4 2
96 36 4 1
116 75 5 3
114 29 5 1
130 118 6 5
126 24 6 1
145 106 7 5
148 85 7 4
165 86 8 4
173 156 8 7
187 44 9 2
190 28 9 1
205 117 10 5
205 20 10 1
228 157 11 7
230 170 11 8
251 165 12 8
248 117 12 5
272 253 13 12
273 0 13 0
281 191 14 9
281 8 14 0
317 250 15 12
313 147 15 7
8 311 0 15
14 220 0 11
30 141 1 7
23 242 1 12
