swNum = 320
edgeNum = 672

0 0
1 0
2 0
3 0
4 0
5 0
6 0
7 0
8 0
9 0
10 0
11 0
12 0
13 0
14 0
15 0
16 0
17 0
18 0
19 0
20 1
21 1
22 1
23 1
24 1
25 1
26 1
27 1
28 1
29 1
30 1
31 1
32 1
33 1
34 1
35 1
36 1
37 1
38 1
39 1
40 2
41 2
42 2
43 2
44 2
45 2
46 2
47 2
48 2
49 2
50 2
51 2
52 2
53 2
54 2
55 2
56 2
57 2
58 2
59 2
60 3
61 3
62 3
63 3
64 3
65 3
66 3
67 3
68 3
69 3
70 3
71 3
72 3
73 3
74 3
75 3
76 3
77 3
78 3
79 3
80 4
81 4
82 4
83 4
84 4
85 4
86 4
87 4
88 4
89 4
90 4
91 4
92 4
93 4
94 4
95 4
96 4
97 4
98 4
99 4
100 5
101 5
102 5
103 5
104 5
105 5
106 5
107 5
108 5
109 5
110 5
111 5
112 5
113 5
114 5
115 5
116 5
117 5
118 5
119 5
120 6
121 6
122 6
123 6
124 6
125 6
126 6
127 6
128 6
129 6
130 6
131 6
132 6
133 6
134 6
135 6
136 6
137 6
138 6
139 6
140 7
141 7
142 7
143 7
144 7
145 7
146 7
147 7
148 7
149 7
150 7
151 7
152 7
153 7
154 7
155 7
156 7
157 7
158 7
159 7
160 8
161 8
162 8
163 8
164 8
165 8
166 8
167 8
168 8
169 8
170 8
171 8
172 8
173 8
174 8
175 8
176 8
177 8
178 8
179 8
180 9
181 9
182 9
183 9
184 9
185 9
186 9
187 9
188 9
189 9
190 9
191 9
192 9
193 9
194 9
195 9
196 9
197 9
198 9
199 9
200 10
201 10
202 10
203 10
204 10
205 10
206 10
207 10
208 10
209 10
210 10
211 10
212 10
213 10
214 10
215 10
216 10
217 10
218 10
219 10
220 11
221 11
222 11
223 11
224 11
225 11
226 11
227 11
228 11
229 11
230 11
231 11
232 11
233 11
234 11
235 11
236 11
237 11
238 11
239 11
240 12
241 12
242 12
243 12
244 12
245 12
246 12
247 12
248 12
249 12
250 12
251 12
252 12
253 12
254 12
255 12
256 12
257 12
258 12
259 12
260 13
261 13
262 13
263 13
264 13
265 13
266 13
267 13
268 13
269 13
270 13
271 13
272 13
273 13
274 13
275 13
276 13
277 13
278 13
279 13
280 14
281 14
282 14
283 14
284 14
285 14
286 14
287 14
288 14
289 14
290 14
291 14
292 14
293 14
294 14
295 14
296 14
297 14
298 14
299 14
300 15
301 15
302 15
303 15
304 15
305 15
306 15
307 15
308 15
309 15
310 15
311 15
312 15
313 15
314 15
315 15
316 15
317 15
318 15
319 15

2 1 0 0
2 0 0 0
3 0 0 0
3 1 0 0
4 1 0 0
4 0 0 0
5 1 0 0
5 4 0 0
6 0 0 0
6 3 0 0
7 6 0 0
7 0 0 0
8 7 0 0
8 1 0 0
9 2 0 0
9 5 0 0
10 7 0 0
10 0 0 0
11 4 0 0
11 1 0 0
12 1 0 0
12 9 0 0
13 10 0 0
13 3 0 0
14 10 0 0
14 12 0 0
15 13 0 0
15 12 0 0
16 14 0 0
16 15 0 0
17 5 0 0
17 1 0 0
18 1 0 0
18 15 0 0
19 8 0 0
19 2 0 0
0 8 0 0
0 16 0 0
1 14 0 0
1 7 0 0
22 21 1 1
22 20 1 1
23 20 1 1
23 22 1 1
24 21 1 1
24 22 1 1
25 21 1 1
25 22 1 1
26 22 1 1
26 23 1 1
27 25 1 1
27 21 1 1
28 21 1 1
28 27 1 1
29 22 1 1
29 25 1 1
30 28 1 1
30 24 1 1
31 23 1 1
31 27 1 1
32 28 1 1
32 24 1 1
33 20 1 1
33 25 1 1
34 25 1 1
34 30 1 1
35 26 1 1
35 34 1 1
36 25 1 1
36 32 1 1
37 36 1 1
37 35 1 1
38 30 1 1
38 32 1 1
39 22 1 1
39 23 1 1
20 34 1 1
20 29 1 1
21 26 1 1
21 37 1 1
42 41 2 2
42 40 2 2
43 42 2 2
43 41 2 2
44 43 2 2
44 41 2 2
45 44 2 2
45 41 2 2
46 44 2 2
46 40 2 2
47 42 2 2
47 45 2 2
48 40 2 2
48 43 2 2
49 46 2 2
49 45 2 2
50 40 2 2
50 48 2 2
51 40 2 2
51 41 2 2
52 46 2 2
52 48 2 2
53 51 2 2
53 52 2 2
54 45 2 2
54 51 2 2
55 54 2 2
55 52 2 2
56 40 2 2
56 54 2 2
57 44 2 2
57 56 2 2
58 47 2 2
58 48 2 2
59 54 2 2
59 51 2 2
40 43 2 2
40 49 2 2
41 49 2 2
41 48 2 2
62 61 3 3
62 60 3 3
63 62 3 3
63 60 3 3
64 60 3 3
64 62 3 3
65 64 3 3
65 60 3 3
66 61 3 3
66 64 3 3
67 65 3 3
67 63 3 3
68 63 3 3
68 66 3 3
69 68 3 3
69 66 3 3
70 64 3 3
70 61 3 3
71 63 3 3
71 66 3 3
72 64 3 3
72 65 3 3
73 65 3 3
73 60 3 3
74 72 3 3
74 64 3 3
75 70 3 3
75 68 3 3
76 66 3 3
76 62 3 3
77 62 3 3
77 72 3 3
78 61 3 3
78 75 3 3
79 63 3 3
79 61 3 3
60 66 3 3
60 77 3 3
61 75 3 3
61 76 3 3
82 81 4 4
82 80 4 4
83 82 4 4
83 81 4 4
84 82 4 4
84 80 4 4
85 80 4 4
85 83 4 4
86 82 4 4
86 83 4 4
87 84 4 4
87 85 4 4
88 80 4 4
88 86 4 4
89 86 4 4
89 83 4 4
90 83 4 4
90 88 4 4
91 86 4 4
91 90 4 4
92 91 4 4
92 87 4 4
93 81 4 4
93 87 4 4
94 88 4 4
94 92 4 4
95 90 4 4
95 91 4 4
96 95 4 4
96 85 4 4
97 89 4 4
97 87 4 4
98 94 4 4
98 97 4 4
99 81 4 4
99 94 4 4
80 93 4 4
80 97 4 4
81 92 4 4
81 85 4 4
102 101 5 5
102 100 5 5
103 101 5 5
103 102 5 5
104 100 5 5
104 101 5 5
105 104 5 5
105 102 5 5
106 100 5 5
106 102 5 5
107 105 5 5
107 101 5 5
108 103 5 5
108 104 5 5
109 106 5 5
109 105 5 5
110 102 5 5
110 107 5 5
111 103 5 5
111 100 5 5
112 106 5 5
112 111 5 5
113 108 5 5
113 109 5 5
114 108 5 5
114 103 5 5
115 106 5 5
115 112 5 5
116 104 5 5
116 114 5 5
117 116 5 5
117 100 5 5
118 117 5 5
118 103 5 5
119 114 5 5
119 110 5 5
100 118 5 5
100 103 5 5
101 114 5 5
101 115 5 5
122 120 6 6
122 121 6 6
123 120 6 6
123 122 6 6
124 122 6 6
124 121 6 6
125 121 6 6
125 124 6 6
126 125 6 6
126 120 6 6
127 120 6 6
127 124 6 6
128 123 6 6
128 122 6 6
129 124 6 6
129 123 6 6
130 124 6 6
130 125 6 6
131 126 6 6
131 125 6 6
132 127 6 6
132 120 6 6
133 130 6 6
133 125 6 6
134 123 6 6
134 125 6 6
135 122 6 6
135 133 6 6
136 123 6 6
136 124 6 6
137 123 6 6
137 127 6 6
138 124 6 6
138 127 6 6
139 137 6 6
139 125 6 6
120 131 6 6
120 138 6 6
121 134 6 6
121 127 6 6
142 141 7 7
142 140 7 7
143 140 7 7
143 142 7 7
144 143 7 7
144 141 7 7
145 142 7 7
145 143 7 7
146 143 7 7
146 142 7 7
147 143 7 7
147 140 7 7
148 145 7 7
148 147 7 7
149 147 7 7
149 144 7 7
150 142 7 7
150 143 7 7
151 142 7 7
151 143 7 7
152 150 7 7
152 146 7 7
153 140 7 7
153 147 7 7
154 147 7 7
154 149 7 7
155 152 7 7
155 148 7 7
156 147 7 7
156 153 7 7
157 151 7 7
157 142 7 7
158 148 7 7
158 140 7 7
159 156 7 7
159 153 7 7
140 157 7 7
140 146 7 7
141 156 7 7
141 153 7 7
162 160 8 8
162 161 8 8
163 160 8 8
163 162 8 8
164 160 8 8
164 162 8 8
165 164 8 8
165 162 8 8
166 163 8 8
166 164 8 8
167 160 8 8
167 166 8 8
168 162 8 8
168 167 8 8
169 164 8 8
169 168 8 8
170 165 8 8
170 162 8 8
171 164 8 8
171 170 8 8
172 168 8 8
172 166 8 8
173 167 8 8
173 161 8 8
174 168 8 8
174 173 8 8
175 164 8 8
175 170 8 8
176 175 8 8
176 165 8 8
177 171 8 8
177 176 8 8
178 169 8 8
178 173 8 8
179 175 8 8
179 164 8 8
160 172 8 8
160 177 8 8
161 169 8 8
161 174 8 8
182 181 9 9
182 180 9 9
183 181 9 9
183 180 9 9
184 183 9 9
184 180 9 9
185 183 9 9
185 180 9 9
186 184 9 9
186 183 9 9
187 182 9 9
187 184 9 9
188 185 9 9
188 183 9 9
189 188 9 9
189 181 9 9
190 180 9 9
190 182 9 9
191 187 9 9
191 184 9 9
192 180 9 9
192 182 9 9
193 181 9 9
193 182 9 9
194 190 9 9
194 188 9 9
195 194 9 9
195 191 9 9
196 194 9 9
196 182 9 9
197 191 9 9
197 194 9 9
198 196 9 9
198 187 9 9
199 194 9 9
199 191 9 9
180 193 9 9
180 195 9 9
181 187 9 9
181 197 9 9
202 201 10 10
202 200 10 10
203 201 10 10
203 202 10 10
204 202 10 10
204 203 10 10
205 203 10 10
205 202 10 10
206 200 10 10
206 201 10 10
207 200 10 10
207 202 10 10
208 202 10 10
208 201 10 10
209 205 10 10
209 207 10 10
210 204 10 10
210 206 10 10
211 203 10 10
211 207 10 10
212 207 10 10
212 200 10 10
213 212 10 10
213 210 10 10
214 207 10 10
214 205 10 10
215 208 10 10
215 203 10 10
216 214 10 10
216 209 10 10
217 201 10 10
217 210 10 10
218 209 10 10
218 212 10 10
219 217 10 10
219 200 10 10
200 209 10 10
200 210 10 10
201 219 10 10
201 204 10 10
222 220 11 11
222 221 11 11
223 220 11 11
223 221 11 11
224 220 11 11
224 222 11 11
225 220 11 11
225 223 11 11
226 221 11 11
226 224 11 11
227 223 11 11
227 221 11 11
228 223 11 11
228 220 11 11
229 224 11 11
229 222 11 11
230 225 11 11
230 223 11 11
231 227 11 11
231 225 11 11
232 225 11 11
232 223 11 11
233 224 11 11
233 221 11 11
234 231 11 11
234 220 11 11
235 226 11 11
235 221 11 11
236 225 11 11
236 233 11 11
237 233 11 11
237 235 11 11
238 231 11 11
238 234 11 11
239 224 11 11
239 230 11 11
220 235 11 11
220 230 11 11
221 237 11 11
221 224 11 11
242 241 12 12
242 240 12 12
243 240 12 12
243 242 12 12
244 240 12 12
244 241 12 12
245 244 12 12
245 242 12 12
246 245 12 12
246 241 12 12
247 245 12 12
247 244 12 12
248 246 12 12
248 242 12 12
249 245 12 12
249 243 12 12
250 249 12 12
250 242 12 12
251 250 12 12
251 245 12 12
252 240 12 12
252 241 12 12
253 251 12 12
253 249 12 12
254 240 12 12
254 244 12 12
255 252 12 12
255 241 12 12
256 254 12 12
256 249 12 12
257 240 12 12
257 241 12 12
258 248 12 12
258 249 12 12
259 249 12 12
259 240 12 12
240 258 12 12
240 247 12 12
241 245 12 12
241 254 12 12
262 260 13 13
262 261 13 13
263 260 13 13
263 261 13 13
264 262 13 13
264 263 13 13
265 263 13 13
265 264 13 13
266 263 13 13
266 262 13 13
267 265 13 13
267 263 13 13
268 264 13 13
268 263 13 13
269 264 13 13
269 265 13 13
270 266 13 13
270 267 13 13
271 268 13 13
271 269 13 13
272 266 13 13
272 270 13 13
273 261 13 13
273 260 13 13
274 263 13 13
274 269 13 13
275 274 13 13
275 261 13 13
276 268 13 13
276 264 13 13
277 269 13 13
277 273 13 13
278 275 13 13
278 273 13 13
279 264 13 13
279 278 13 13
260 275 13 13
260 278 13 13
261 268 13 13
261 266 13 13
282 281 14 14
282 280 14 14
283 282 14 14
283 280 14 14
284 283 14 14
284 282 14 14
285 280 14 14
285 284 14 14
286 285 14 14
286 281 14 14
287 281 14 14
287 280 14 14
288 283 14 14
288 284 14 14
289 280 14 14
289 286 14 14
290 282 14 14
290 287 14 14
291 285 14 14
291 288 14 14
292 282 14 14
292 287 14 14
293 291 14 14
293 280 14 14
294 285 14 14
294 280 14 14
295 284 14 14
295 285 14 14
296 291 14 14
296 293 14 14
297 287 14 14
297 286 14 14
298 284 14 14
298 289 14 14
299 282 14 14
299 290 14 14
280 296 14 14
280 284 14 14
281 290 14 14
281 291 14 14
302 300 15 15
302 301 15 15
303 301 15 15
303 300 15 15
304 301 15 15
304 303 15 15
305 301 15 15
305 303 15 15
306 304 15 15
306 301 15 15
307 302 15 15
307 306 15 15
308 304 15 15
308 303 15 15
309 300 15 15
309 304 15 15
310 304 15 15
310 308 15 15
311 307 15 15
311 309 15 15
312 308 15 15
312 311 15 15
313 304 15 15
313 309 15 15
314 303 15 15
314 302 15 15
315 304 15 15
315 300 15 15
316 300 15 15
316 306 15 15
317 311 15 15
317 304 15 15
318 305 15 15
318 303 15 15
319 316 15 15
319 300 15 15
300 306 15 15
300 305 15 15
301 314 15 15
301 308 15 15
41 22 2 1
54 16 2 0
64 27 3 1
78 48 3 2
80 4 4 0
94 59 4 2
113 38 5 1
114 98 5 4
139 23 6 1
126 70 6 3
147 125 7 6
150 21 7 1
178 82 8 4
177 58 8 2
193 25 9 1
195 144 9 7
209 149 10 7
208 72 10 3
239 14 11 0
227 52 11 2
249 7 12 0
259 190 12 9
261 173 13 8
263 59 13 2
294 52 14 2
293 147 14 7
305 263 15 13
308 161 15 8
1 214 0 10
8 188 0 9
37 277 1 13
36 95 1 4
