swNum = 320
edgeNum = 672

0 0
1 0
2 0
3 0
4 0
5 0
6 0
7 0
8 0
9 0
10 0
11 0
12 0
13 0
14 0
15 0
16 0
17 0
18 0
19 0
20 1
21 1
22 1
23 1
24 1
25 1
26 1
27 1
28 1
29 1
30 1
31 1
32 1
33 1
34 1
35 1
36 1
37 1
38 1
39 1
40 2
41 2
42 2
43 2
44 2
45 2
46 2
47 2
48 2
49 2
50 2
51 2
52 2
53 2
54 2
55 2
56 2
57 2
58 2
59 2
60 3
61 3
62 3
63 3
64 3
65 3
66 3
67 3
68 3
69 3
70 3
71 3
72 3
73 3
74 3
75 3
76 3
77 3
78 3
79 3
80 4
81 4
82 4
83 4
84 4
85 4
86 4
87 4
88 4
89 4
90 4
91 4
92 4
93 4
94 4
95 4
96 4
97 4
98 4
99 4
100 5
101 5
102 5
103 5
104 5
105 5
106 5
107 5
108 5
109 5
110 5
111 5
112 5
113 5
114 5
115 5
116 5
117 5
118 5
119 5
120 6
121 6
122 6
123 6
124 6
125 6
126 6
127 6
128 6
129 6
130 6
131 6
132 6
133 6
134 6
135 6
136 6
137 6
138 6
139 6
140 7
141 7
142 7
143 7
144 7
145 7
146 7
147 7
148 7
149 7
150 7
151 7
152 7
153 7
154 7
155 7
156 7
157 7
158 7
159 7
160 8
161 8
162 8
163 8
164 8
165 8
166 8
167 8
168 8
169 8
170 8
171 8
172 8
173 8
174 8
175 8
176 8
177 8
178 8
179 8
180 9
181 9
182 9
183 9
184 9
185 9
186 9
187 9
188 9
189 9
190 9
191 9
192 9
193 9
194 9
195 9
196 9
197 9
198 9
199 9
200 10
201 10
202 10
203 10
204 10
205 10
206 10
207 10
208 10
209 10
210 10
211 10
212 10
213 10
214 10
215 10
216 10
217 10
218 10
219 10
220 11
221 11
222 11
223 11
224 11
225 11
226 11
227 11
228 11
229 11
230 11
231 11
232 11
233 11
234 11
235 11
236 11
237 11
238 11
239 11
240 12
241 12
242 12
243 12
244 12
245 12
246 12
247 12
248 12
249 12
250 12
251 12
252 12
253 12
254 12
255 12
256 12
257 12
258 12
259 12
260 13
261 13
262 13
263 13
264 13
265 13
266 13
267 13
268 13
269 13
270 13
271 13
272 13
273 13
274 13
275 13
276 13
277 13
278 13
279 13
280 14
281 14
282 14
283 14
284 14
285 14
286 14
287 14
288 14
289 14
290 14
291 14
292 14
293 14
294 14
295 14
296 14
297 14
298 14
299 14
300 15
301 15
302 15
303 15
304 15
305 15
306 15
307 15
308 15
309 15
310 15
311 15
312 15
313 15
314 15
315 15
316 15
317 15
318 15
319 15

2 0 0 0
2 1 0 0
3 2 0 0
3 0 0 0
4 2 0 0
4 0 0 0
5 0 0 0
5 1 0 0
6 1 0 0
6 2 0 0
7 2 0 0
7 6 0 0
8 7 0 0
8 6 0 0
9 6 0 0
9 2 0 0
10 2 0 0
10 3 0 0
11 3 0 0
11 6 0 0
12 6 0 0
12 7 0 0
13 0 0 0
13 3 0 0
14 12 0 0
14 9 0 0
15 5 0 0
15 4 0 0
16 6 0 0
16 0 0 0
17 11 0 0
17 14 0 0
18 2 0 0
18 14 0 0
19 1 0 0
19 12 0 0
0 15 0 0
0 9 0 0
1 14 0 0
1 18 0 0
22 21 1 1
22 20 1 1
23 21 1 1
23 22 1 1
24 23 1 1
24 21 1 1
25 21 1 1
25 22 1 1
26 24 1 1
26 22 1 1
27 20 1 1
27 23 1 1
28 27 1 1
28 23 1 1
29 20 1 1
29 24 1 1
30 29 1 1
30 27 1 1
31 30 1 1
31 23 1 1
32 20 1 1
32 28 1 1
33 24 1 1
33 22 1 1
34 25 1 1
34 24 1 1
35 21 1 1
35 28 1 1
36 23 1 1
36 24 1 1
37 33 1 1
37 35 1 1
38 29 1 1
38 25 1 1
39 37 1 1
39 27 1 1
20 25 1 1
20 36 1 1
21 38 1 1
21 28 1 1
42 41 2 2
42 40 2 2
43 42 2 2
43 41 2 2
44 41 2 2
44 42 2 2
45 42 2 2
45 44 2 2
46 44 2 2
46 45 2 2
47 44 2 2
47 41 2 2
48 44 2 2
48 47 2 2
49 46 2 2
49 44 2 2
50 48 2 2
50 49 2 2
51 44 2 2
51 42 2 2
52 51 2 2
52 42 2 2
53 45 2 2
53 41 2 2
54 51 2 2
54 52 2 2
55 43 2 2
55 47 2 2
56 42 2 2
56 48 2 2
57 40 2 2
57 45 2 2
58 56 2 2
58 51 2 2
59 48 2 2
59 54 2 2
40 48 2 2
40 51 2 2
41 45 2 2
41 51 2 2
62 60 3 3
62 61 3 3
63 62 3 3
63 60 3 3
64 63 3 3
64 61 3 3
65 64 3 3
65 61 3 3
66 61 3 3
66 65 3 3
67 66 3 3
67 61 3 3
68 65 3 3
68 60 3 3
69 63 3 3
69 60 3 3
70 68 3 3
70 62 3 3
71 60 3 3
71 70 3 3
72 66 3 3
72 62 3 3
73 70 3 3
73 66 3 3
74 65 3 3
74 68 3 3
75 72 3 3
75 60 3 3
76 63 3 3
76 65 3 3
77 76 3 3
77 68 3 3
78 77 3 3
78 70 3 3
79 75 3 3
79 70 3 3
60 77 3 3
60 72 3 3
61 77 3 3
61 75 3 3
82 80 4 4
82 81 4 4
83 80 4 4
83 81 4 4
84 80 4 4
84 83 4 4
85 82 4 4
85 80 4 4
86 85 4 4
86 82 4 4
87 86 4 4
87 84 4 4
88 81 4 4
88 86 4 4
89 80 4 4
89 84 4 4
90 89 4 4
90 83 4 4
91 87 4 4
91 85 4 4
92 86 4 4
92 82 4 4
93 81 4 4
93 88 4 4
94 84 4 4
94 83 4 4
95 82 4 4
95 83 4 4
96 83 4 4
96 95 4 4
97 87 4 4
97 82 4 4
98 81 4 4
98 95 4 4
99 82 4 4
99 91 4 4
80 96 4 4
80 99 4 4
81 99 4 4
81 95 4 4
102 101 5 5
102 100 5 5
103 100 5 5
103 102 5 5
104 100 5 5
104 103 5 5
105 103 5 5
105 104 5 5
106 102 5 5
106 100 5 5
107 100 5 5
107 101 5 5
108 101 5 5
108 103 5 5
109 103 5 5
109 102 5 5
110 106 5 5
110 108 5 5
111 109 5 5
111 101 5 5
112 107 5 5
112 108 5 5
113 105 5 5
113 103 5 5
114 100 5 5
114 105 5 5
115 114 5 5
115 103 5 5
116 108 5 5
116 109 5 5
117 105 5 5
117 116 5 5
118 106 5 5
118 111 5 5
119 111 5 5
119 105 5 5
100 119 5 5
100 118 5 5
101 113 5 5
101 119 5 5
122 121 6 6
122 120 6 6
123 122 6 6
123 121 6 6
124 123 6 6
124 120 6 6
125 123 6 6
125 124 6 6
126 124 6 6
126 120 6 6
127 122 6 6
127 125 6 6
128 127 6 6
128 125 6 6
129 122 6 6
129 121 6 6
130 120 6 6
130 122 6 6
131 128 6 6
131 127 6 6
132 127 6 6
132 130 6 6
133 128 6 6
133 125 6 6
134 122 6 6
134 132 6 6
135 132 6 6
135 127 6 6
136 126 6 6
136 120 6 6
137 131 6 6
137 125 6 6
138 123 6 6
138 127 6 6
139 122 6 6
139 127 6 6
120 139 6 6
120 137 6 6
121 133 6 6
121 139 6 6
142 140 7 7
142 141 7 7
143 140 7 7
143 142 7 7
144 142 7 7
144 140 7 7
145 144 7 7
145 140 7 7
146 140 7 7
146 143 7 7
147 141 7 7
147 144 7 7
148 144 7 7
148 145 7 7
149 146 7 7
149 140 7 7
150 143 7 7
150 148 7 7
151 147 7 7
151 143 7 7
152 144 7 7
152 150 7 7
153 146 7 7
153 145 7 7
154 153 7 7
154 140 7 7
155 149 7 7
155 140 7 7
156 154 7 7
156 155 7 7
157 147 7 7
157 151 7 7
158 147 7 7
158 151 7 7
159 141 7 7
159 145 7 7
140 156 7 7
140 150 7 7
141 146 7 7
141 151 7 7
162 160 8 8
162 161 8 8
163 161 8 8
163 160 8 8
164 163 8 8
164 161 8 8
165 160 8 8
165 161 8 8
166 160 8 8
166 163 8 8
167 165 8 8
167 166 8 8
168 167 8 8
168 165 8 8
169 166 8 8
169 165 8 8
170 165 8 8
170 169 8 8
171 166 8 8
171 164 8 8
172 161 8 8
172 167 8 8
173 164 8 8
173 172 8 8
174 161 8 8
174 170 8 8
175 172 8 8
175 161 8 8
176 173 8 8
176 161 8 8
177 167 8 8
177 165 8 8
178 171 8 8
178 164 8 8
179 178 8 8
179 164 8 8
160 169 8 8
160 167 8 8
161 170 8 8
161 178 8 8
182 181 9 9
182 180 9 9
183 181 9 9
183 180 9 9
184 182 9 9
184 180 9 9
185 181 9 9
185 182 9 9
186 181 9 9
186 182 9 9
187 180 9 9
187 182 9 9
188 185 9 9
188 180 9 9
189 188 9 9
189 183 9 9
190 189 9 9
190 182 9 9
191 182 9 9
191 190 9 9
192 181 9 9
192 188 9 9
193 191 9 9
193 183 9 9
194 188 9 9
194 191 9 9
195 181 9 9
195 182 9 9
196 185 9 9
196 188 9 9
197 183 9 9
197 191 9 9
198 180 9 9
198 184 9 9
199 189 9 9
199 190 9 9
180 192 9 9
180 196 9 9
181 197 9 9
181 198 9 9
202 200 10 10
202 201 10 10
203 201 10 10
203 200 10 10
204 203 10 10
204 201 10 10
205 204 10 10
205 200 10 10
206 200 10 10
206 205 10 10
207 204 10 10
207 201 10 10
208 200 10 10
208 203 10 10
209 200 10 10
209 205 10 10
210 209 10 10
210 206 10 10
211 206 10 10
211 209 10 10
212 205 10 10
212 200 10 10
213 212 10 10
213 207 10 10
214 209 10 10
214 207 10 10
215 209 10 10
215 208 10 10
216 200 10 10
216 205 10 10
217 209 10 10
217 212 10 10
218 205 10 10
218 208 10 10
219 201 10 10
219 216 10 10
200 219 10 10
200 218 10 10
201 217 10 10
201 215 10 10
222 221 11 11
222 220 11 11
223 220 11 11
223 222 11 11
224 223 11 11
224 222 11 11
225 220 11 11
225 224 11 11
226 225 11 11
226 222 11 11
227 220 11 11
227 224 11 11
228 220 11 11
228 221 11 11
229 223 11 11
229 228 11 11
230 220 11 11
230 221 11 11
231 230 11 11
231 225 11 11
232 220 11 11
232 226 11 11
233 226 11 11
233 231 11 11
234 231 11 11
234 225 11 11
235 227 11 11
235 232 11 11
236 231 11 11
236 234 11 11
237 230 11 11
237 222 11 11
238 224 11 11
238 225 11 11
239 230 11 11
239 228 11 11
220 236 11 11
220 231 11 11
221 232 11 11
221 231 11 11
242 241 12 12
242 240 12 12
243 240 12 12
243 242 12 12
244 242 12 12
244 240 12 12
245 244 12 12
245 241 12 12
246 241 12 12
246 240 12 12
247 243 12 12
247 245 12 12
248 242 12 12
248 243 12 12
249 241 12 12
249 242 12 12
250 242 12 12
250 247 12 12
251 241 12 12
251 248 12 12
252 246 12 12
252 247 12 12
253 244 12 12
253 243 12 12
254 241 12 12
254 242 12 12
255 253 12 12
255 244 12 12
256 241 12 12
256 251 12 12
257 249 12 12
257 255 12 12
258 243 12 12
258 255 12 12
259 240 12 12
259 248 12 12
240 247 12 12
240 258 12 12
241 248 12 12
241 258 12 12
262 261 13 13
262 260 13 13
263 260 13 13
263 262 13 13
264 263 13 13
264 260 13 13
265 264 13 13
265 261 13 13
266 260 13 13
266 261 13 13
267 264 13 13
267 261 13 13
268 262 13 13
268 266 13 13
269 267 13 13
269 264 13 13
270 261 13 13
270 263 13 13
271 267 13 13
271 268 13 13
272 269 13 13
272 265 13 13
273 268 13 13
273 269 13 13
274 266 13 13
274 261 13 13
275 272 13 13
275 274 13 13
276 269 13 13
276 262 13 13
277 270 13 13
277 272 13 13
278 271 13 13
278 263 13 13
279 268 13 13
279 266 13 13
260 265 13 13
260 272 13 13
261 278 13 13
261 275 13 13
282 280 14 14
282 281 14 14
283 282 14 14
283 281 14 14
284 281 14 14
284 280 14 14
285 281 14 14
285 284 14 14
286 280 14 14
286 282 14 14
287 281 14 14
287 284 14 14
288 283 14 14
288 282 14 14
289 285 14 14
289 288 14 14
290 286 14 14
290 282 14 14
291 281 14 14
291 288 14 14
292 291 14 14
292 280 14 14
293 280 14 14
293 287 14 14
294 280 14 14
294 286 14 14
295 292 14 14
295 287 14 14
296 288 14 14
296 289 14 14
297 295 14 14
297 287 14 14
298 283 14 14
298 292 14 14
299 298 14 14
299 285 14 14
280 298 14 14
280 287 14 14
281 297 14 14
281 294 14 14
302 300 15 15
302 301 15 15
303 300 15 15
303 301 15 15
304 302 15 15
304 300 15 15
305 300 15 15
305 302 15 15
306 302 15 15
306 303 15 15
307 304 15 15
307 301 15 15
308 305 15 15
308 307 15 15
309 300 15 15
309 303 15 15
310 300 15 15
310 307 15 15
311 308 15 15
311 306 15 15
312 305 15 15
312 308 15 15
313 304 15 15
313 302 15 15
314 302 15 15
314 309 15 15
315 309 15 15
315 303 15 15
316 315 15 15
316 312 15 15
317 308 15 15
317 302 15 15
318 315 15 15
318 310 15 15
319 305 15 15
319 308 15 15
300 311 15 15
300 314 15 15
301 305 15 15
301 311 15 15
42 30 2 1
50 8 2 0
79 46 3 2
64 19 3 0
87 64 4 3
80 56 4 2
103 46 5 2
112 24 5 1
125 54 6 2
136 25 6 1
148 118 7 5
154 59 7 2
163 122 8 6
174 45 8 2
187 102 9 5
191 16 9 0
217 84 10 4
203 74 10 3
231 161 11 8
231 55 11 2
243 183 12 9
252 3 12 0
277 179 13 8
275 236 13 11
282 174 14 8
285 55 14 2
305 290 15 14
318 201 15 10
10 217 0 10
1 141 0 7
25 234 1 11
36 164 1 8
