swNum = 320
edgeNum = 672

0 0
1 0
2 0
3 0
4 0
5 0
6 0
7 0
8 0
9 0
10 0
11 0
12 0
13 0
14 0
15 0
16 0
17 0
18 0
19 0
20 1
21 1
22 1
23 1
24 1
25 1
26 1
27 1
28 1
29 1
30 1
31 1
32 1
33 1
34 1
35 1
36 1
37 1
38 1
39 1
40 2
41 2
42 2
43 2
44 2
45 2
46 2
47 2
48 2
49 2
50 2
51 2
52 2
53 2
54 2
55 2
56 2
57 2
58 2
59 2
60 3
61 3
62 3
63 3
64 3
65 3
66 3
67 3
68 3
69 3
70 3
71 3
72 3
73 3
74 3
75 3
76 3
77 3
78 3
79 3
80 4
81 4
82 4
83 4
84 4
85 4
86 4
87 4
88 4
89 4
90 4
91 4
92 4
93 4
94 4
95 4
96 4
97 4
98 4
99 4
100 5
101 5
102 5
103 5
104 5
105 5
106 5
107 5
108 5
109 5
110 5
111 5
112 5
113 5
114 5
115 5
116 5
117 5
118 5
119 5
120 6
121 6
122 6
123 6
124 6
125 6
126 6
127 6
128 6
129 6
130 6
131 6
132 6
133 6
134 6
135 6
136 6
137 6
138 6
139 6
140 7
141 7
142 7
143 7
144 7
145 7
146 7
147 7
148 7
149 7
150 7
151 7
152 7
153 7
154 7
155 7
156 7
157 7
158 7
159 7
160 8
161 8
162 8
163 8
164 8
165 8
166 8
167 8
168 8
169 8
170 8
171 8
172 8
173 8
174 8
175 8
176 8
177 8
178 8
179 8
180 9
181 9
182 9
183 9
184 9
185 9
186 9
187 9
188 9
189 9
190 9
191 9
192 9
193 9
194 9
195 9
196 9
197 9
198 9
199 9
200 10
201 10
202 10
203 10
204 10
205 10
206 10
207 10
208 10
209 10
210 10
211 10
212 10
213 10
214 10
215 10
216 10
217 10
218 10
219 10
220 11
221 11
222 11
223 11
224 11
225 11
226 11
227 11
228 11
229 11
230 11
231 11
232 11
233 11
234 11
235 11
236 11
237 11
238 11
239 11
240 12
241 12
242 12
243 12
244 12
245 12
246 12
247 12
248 12
249 12
250 12
251 12
252 12
253 12
254 12
255 12
256 12
257 12
258 12
259 12
260 13
261 13
262 13
263 13
264 13
265 13
266 13
267 13
268 13
269 13
270 13
271 13
272 13
273 13
274 13
275 13
276 13
277 13
278 13
279 13
280 14
281 14
282 14
283 14
284 14
285 14
286 14
287 14
288 14
289 14
290 14
291 14
292 14
293 14
294 14
295 14
296 14
297 14
298 14
299 14
300 15
301 15
302 15
303 15
304 15
305 15
306 15
307 15
308 15
309 15
310 15
311 15
312 15
313 15
314 15
315 15
316 15
317 15
318 15
319 15

2 1 0 0
2 0 0 0
3 1 0 0
3 2 0 0
4 1 0 0
4 3 0 0
5 2 0 0
5 0 0 0
6 4 0 0
6 2 0 0
7 1 0 0
7 5 0 0
8 1 0 0
8 2 0 0
9 5 0 0
9 2 0 0
10 9 0 0
10 6 0 0
11 2 0 0
11 5 0 0
12 5 0 0
12 2 0 0
13 6 0 0
13 0 0 0
14 3 0 0
14 9 0 0
15 3 0 0
15 9 0 0
16 0 0 0
16 11 0 0
17 15 0 0
17 14 0 0
18 12 0 0
18 15 0 0
19 14 0 0
19 4 0 0
0 18 0 0
0 19 0 0
1 5 0 0
1 9 0 0
22 20 1 1
22 21 1 1
23 22 1 1
23 21 1 1
24 20 1 1
24 21 1 1
25 23 1 1
25 22 1 1
26 20 1 1
26 25 1 1
27 24 1 1
27 25 1 1
28 21 1 1
28 22 1 1
29 24 1 1
29 26 1 1
30 27 1 1
30 21 1 1
31 27 1 1
31 23 1 1
32 27 1 1
32 28 1 1
33 20 1 1
33 27 1 1
34 32 1 1
34 23 1 1
35 33 1 1
35 31 1 1
36 32 1 1
36 34 1 1
37 33 1 1
37 20 1 1
38 29 1 1
38 21 1 1
39 38 1 1
39 29 1 1
20 25 1 1
20 29 1 1
21 36 1 1
21 25 1 1
42 41 2 2
42 40 2 2
43 40 2 2
43 42 2 2
44 41 2 2
44 42 2 2
45 42 2 2
45 44 2 2
46 45 2 2
46 43 2 2
47 40 2 2
47 45 2 2
48 40 2 2
48 43 2 2
49 46 2 2
49 47 2 2
50 47 2 2
50 49 2 2
51 46 2 2
51 48 2 2
52 43 2 2
52 48 2 2
53 40 2 2
53 42 2 2
54 43 2 2
54 48 2 2
55 54 2 2
55 50 2 2
56 53 2 2
56 47 2 2
57 41 2 2
57 56 2 2
58 42 2 2
58 41 2 2
59 46 2 2
59 40 2 2
40 54 2 2
40 50 2 2
41 59 2 2
41 45 2 2
62 60 3 3
62 61 3 3
63 60 3 3
63 62 3 3
64 61 3 3
64 62 3 3
65 64 3 3
65 62 3 3
66 63 3 3
66 60 3 3
67 62 3 3
67 63 3 3
68 66 3 3
68 67 3 3
69 62 3 3
69 64 3 3
70 66 3 3
70 68 3 3
71 70 3 3
71 62 3 3
72 65 3 3
72 69 3 3
73 63 3 3
73 72 3 3
74 63 3 3
74 62 3 3
75 60 3 3
75 74 3 3
76 62 3 3
76 67 3 3
77 62 3 3
77 68 3 3
78 66 3 3
78 73 3 3
79 74 3 3
79 78 3 3
60 65 3 3
60 76 3 3
61 73 3 3
61 78 3 3
82 80 4 4
82 81 4 4
83 81 4 4
83 80 4 4
84 82 4 4
84 81 4 4
85 82 4 4
85 83 4 4
86 83 4 4
86 84 4 4
87 80 4 4
87 83 4 4
88 80 4 4
88 83 4 4
89 88 4 4
89 82 4 4
90 82 4 4
90 89 4 4
91 80 4 4
91 88 4 4
92 86 4 4
92 89 4 4
93 86 4 4
93 90 4 4
94 92 4 4
94 83 4 4
95 87 4 4
95 88 4 4
96 84 4 4
96 91 4 4
97 84 4 4
97 90 4 4
98 88 4 4
98 97 4 4
99 87 4 4
99 96 4 4
80 98 4 4
80 85 4 4
81 95 4 4
81 99 4 4
102 100 5 5
102 101 5 5
103 101 5 5
103 102 5 5
104 100 5 5
104 103 5 5
105 104 5 5
105 103 5 5
106 100 5 5
106 103 5 5
107 104 5 5
107 103 5 5
108 107 5 5
108 102 5 5
109 101 5 5
109 107 5 5
110 108 5 5
110 107 5 5
111 104 5 5
111 110 5 5
112 105 5 5
112 100 5 5
113 103 5 5
113 101 5 5
114 111 5 5
114 110 5 5
115 105 5 5
115 112 5 5
116 113 5 5
116 111 5 5
117 106 5 5
117 108 5 5
118 101 5 5
118 106 5 5
119 108 5 5
119 103 5 5
100 107 5 5
100 103 5 5
101 107 5 5
101 119 5 5
122 121 6 6
122 120 6 6
123 120 6 6
123 122 6 6
124 123 6 6
124 121 6 6
125 122 6 6
125 123 6 6
126 125 6 6
126 123 6 6
127 125 6 6
127 123 6 6
128 127 6 6
128 120 6 6
129 128 6 6
129 125 6 6
130 126 6 6
130 123 6 6
131 124 6 6
131 121 6 6
132 120 6 6
132 125 6 6
133 121 6 6
133 131 6 6
134 129 6 6
134 123 6 6
135 130 6 6
135 127 6 6
136 135 6 6
136 120 6 6
137 121 6 6
137 132 6 6
138 131 6 6
138 125 6 6
139 135 6 6
139 134 6 6
120 125 6 6
120 134 6 6
121 136 6 6
121 139 6 6
142 141 7 7
142 140 7 7
143 141 7 7
143 142 7 7
144 142 7 7
144 140 7 7
145 142 7 7
145 144 7 7
146 140 7 7
146 141 7 7
147 144 7 7
147 145 7 7
148 140 7 7
148 144 7 7
149 147 7 7
149 143 7 7
150 146 7 7
150 141 7 7
151 147 7 7
151 143 7 7
152 151 7 7
152 141 7 7
153 151 7 7
153 140 7 7
154 151 7 7
154 149 7 7
155 142 7 7
155 153 7 7
156 147 7 7
156 155 7 7
157 152 7 7
157 141 7 7
158 145 7 7
158 150 7 7
159 150 7 7
159 146 7 7
140 157 7 7
140 159 7 7
141 158 7 7
141 148 7 7
162 161 8 8
162 160 8 8
163 160 8 8
163 161 8 8
164 163 8 8
164 161 8 8
165 163 8 8
165 164 8 8
166 160 8 8
166 163 8 8
167 166 8 8
167 160 8 8
168 161 8 8
168 163 8 8
169 163 8 8
169 165 8 8
170 161 8 8
170 163 8 8
171 168 8 8
171 160 8 8
172 161 8 8
172 169 8 8
173 170 8 8
173 167 8 8
174 173 8 8
174 172 8 8
175 167 8 8
175 166 8 8
176 163 8 8
176 170 8 8
177 171 8 8
177 161 8 8
178 169 8 8
178 166 8 8
179 171 8 8
179 166 8 8
160 172 8 8
160 175 8 8
161 167 8 8
161 173 8 8
182 180 9 9
182 181 9 9
183 180 9 9
183 182 9 9
184 182 9 9
184 181 9 9
185 180 9 9
185 182 9 9
186 182 9 9
186 183 9 9
187 183 9 9
187 182 9 9
188 183 9 9
188 185 9 9
189 181 9 9
189 188 9 9
190 181 9 9
190 188 9 9
191 184 9 9
191 189 9 9
192 186 9 9
192 187 9 9
193 183 9 9
193 185 9 9
194 191 9 9
194 183 9 9
195 181 9 9
195 190 9 9
196 195 9 9
196 192 9 9
197 190 9 9
197 191 9 9
198 190 9 9
198 191 9 9
199 181 9 9
199 184 9 9
180 193 9 9
180 198 9 9
181 194 9 9
181 191 9 9
202 201 10 10
202 200 10 10
203 201 10 10
203 202 10 10
204 201 10 10
204 202 10 10
205 200 10 10
205 204 10 10
206 205 10 10
206 200 10 10
207 203 10 10
207 202 10 10
208 200 10 10
208 205 10 10
209 206 10 10
209 201 10 10
210 209 10 10
210 205 10 10
211 207 10 10
211 206 10 10
212 205 10 10
212 209 10 10
213 212 10 10
213 211 10 10
214 204 10 10
214 200 10 10
215 200 10 10
215 208 10 10
216 210 10 10
216 215 10 10
217 200 10 10
217 208 10 10
218 202 10 10
218 200 10 10
219 202 10 10
219 207 10 10
200 213 10 10
200 210 10 10
201 217 10 10
201 214 10 10
222 221 11 11
222 220 11 11
223 221 11 11
223 222 11 11
224 221 11 11
224 222 11 11
225 221 11 11
225 222 11 11
226 225 11 11
226 223 11 11
227 221 11 11
227 226 11 11
228 221 11 11
228 226 11 11
229 228 11 11
229 226 11 11
230 222 11 11
230 226 11 11
231 224 11 11
231 230 11 11
232 226 11 11
232 224 11 11
233 230 11 11
233 225 11 11
234 222 11 11
234 231 11 11
235 221 11 11
235 232 11 11
236 222 11 11
236 233 11 11
237 235 11 11
237 223 11 11
238 230 11 11
238 235 11 11
239 236 11 11
239 234 11 11
220 239 11 11
220 238 11 11
221 232 11 11
221 226 11 11
242 240 12 12
242 241 12 12
243 240 12 12
243 241 12 12
244 242 12 12
244 243 12 12
245 242 12 12
245 244 12 12
246 242 12 12
246 245 12 12
247 244 12 12
247 246 12 12
248 242 12 12
248 246 12 12
249 244 12 12
249 243 12 12
250 247 12 12
250 241 12 12
251 241 12 12
251 245 12 12
252 251 12 12
252 250 12 12
253 248 12 12
253 245 12 12
254 246 12 12
254 247 12 12
255 246 12 12
255 242 12 12
256 242 12 12
256 241 12 12
257 243 12 12
257 252 12 12
258 250 12 12
258 257 12 12
259 243 12 12
259 240 12 12
240 245 12 12
240 254 12 12
241 246 12 12
241 254 12 12
262 261 13 13
262 260 13 13
263 261 13 13
263 262 13 13
264 261 13 13
264 262 13 13
265 260 13 13
265 264 13 13
266 260 13 13
266 264 13 13
267 266 13 13
267 260 13 13
268 264 13 13
268 266 13 13
269 264 13 13
269 261 13 13
270 268 13 13
270 262 13 13
271 266 13 13
271 261 13 13
272 265 13 13
272 266 13 13
273 271 13 13
273 266 13 13
274 269 13 13
274 273 13 13
275 270 13 13
275 264 13 13
276 265 13 13
276 266 13 13
277 271 13 13
277 266 13 13
278 267 13 13
278 263 13 13
279 265 13 13
279 277 13 13
260 268 13 13
260 263 13 13
261 275 13 13
261 267 13 13
282 281 14 14
282 280 14 14
283 282 14 14
283 280 14 14
284 283 14 14
284 281 14 14
285 282 14 14
285 280 14 14
286 281 14 14
286 280 14 14
287 280 14 14
287 281 14 14
288 280 14 14
288 283 14 14
289 283 14 14
289 285 14 14
290 282 14 14
290 281 14 14
291 287 14 14
291 281 14 14
292 284 14 14
292 285 14 14
293 283 14 14
293 290 14 14
294 292 14 14
294 293 14 14
295 280 14 14
295 283 14 14
296 293 14 14
296 287 14 14
297 296 14 14
297 289 14 14
298 289 14 14
298 287 14 14
299 284 14 14
299 297 14 14
280 292 14 14
280 293 14 14
281 295 14 14
281 296 14 14
302 301 15 15
302 300 15 15
303 302 15 15
303 301 15 15
304 301 15 15
304 303 15 15
305 301 15 15
305 302 15 15
306 301 15 15
306 305 15 15
307 302 15 15
307 301 15 15
308 302 15 15
308 300 15 15
309 307 15 15
309 308 15 15
310 300 15 15
310 308 15 15
311 310 15 15
311 308 15 15
312 306 15 15
312 305 15 15
313 306 15 15
313 303 15 15
314 307 15 15
314 301 15 15
315 304 15 15
315 311 15 15
316 301 15 15
316 311 15 15
317 307 15 15
317 301 15 15
318 303 15 15
318 306 15 15
319 318 15 15
319 301 15 15
300 315 15 15
300 305 15 15
301 310 15 15
301 318 15 15
59 29 2 1
40 0 2 0
75 41 3 2
76 5 3 0
80 51 4 2
93 36 4 1
112 27 5 1
100 15 5 0
138 3 6 0
128 31 6 1
149 78 7 3
150 52 7 2
179 144 8 7
176 19 8 0
193 30 9 1
182 148 9 7
210 106 10 5
203 37 10 1
233 199 11 9
226 171 11 8
244 222 12 11
255 187 12 9
265 174 13 8
270 196 13 9
293 107 14 5
286 5 14 0
310 178 15 8
310 263 15 13
14 307 0 15
1 196 0 9
39 225 1 11
22 164 1 8
