swNum = 320
edgeNum = 672

0 0
1 0
2 0
3 0
4 0
5 0
6 0
7 0
8 0
9 0
10 0
11 0
12 0
13 0
14 0
15 0
16 0
17 0
18 0
19 0
20 1
21 1
22 1
23 1
24 1
25 1
26 1
27 1
28 1
29 1
30 1
31 1
32 1
33 1
34 1
35 1
36 1
37 1
38 1
39 1
40 2
41 2
42 2
43 2
44 2
45 2
46 2
47 2
48 2
49 2
50 2
51 2
52 2
53 2
54 2
55 2
56 2
57 2
58 2
59 2
60 3
61 3
62 3
63 3
64 3
65 3
66 3
67 3
68 3
69 3
70 3
71 3
72 3
73 3
74 3
75 3
76 3
77 3
78 3
79 3
80 4
81 4
82 4
83 4
84 4
85 4
86 4
87 4
88 4
89 4
90 4
91 4
92 4
93 4
94 4
95 4
96 4
97 4
98 4
99 4
100 5
101 5
102 5
103 5
104 5
105 5
106 5
107 5
108 5
109 5
110 5
111 5
112 5
113 5
114 5
115 5
116 5
117 5
118 5
119 5
120 6
121 6
122 6
123 6
124 6
125 6
126 6
127 6
128 6
129 6
130 6
131 6
132 6
133 6
134 6
135 6
136 6
137 6
138 6
139 6
140 7
141 7
142 7
143 7
144 7
145 7
146 7
147 7
148 7
149 7
150 7
151 7
152 7
153 7
154 7
155 7
156 7
157 7
158 7
159 7
160 8
161 8
162 8
163 8
164 8
165 8
166 8
167 8
168 8
169 8
170 8
171 8
172 8
173 8
174 8
175 8
176 8
177 8
178 8
179 8
180 9
181 9
182 9
183 9
184 9
185 9
186 9
187 9
188 9
189 9
190 9
191 9
192 9
193 9
194 9
195 9
196 9
197 9
198 9
199 9
200 10
201 10
202 10
203 10
204 10
205 10
206 10
207 10
208 10
209 10
210 10
211 10
212 10
213 10
214 10
215 10
216 10
217 10
218 10
219 10
220 11
221 11
222 11
223 11
224 11
225 11
226 11
227 11
228 11
229 11
230 11
231 11
232 11
233 11
234 11
235 11
236 11
237 11
238 11
239 11
240 12
241 12
242 12
243 12
244 12
245 12
246 12
247 12
248 12
249 12
250 12
251 12
252 12
253 12
254 12
255 12
256 12
257 12
258 12
259 12
260 13
261 13
262 13
263 13
264 13
265 13
266 13
267 13
268 13
269 13
270 13
271 13
272 13
273 13
274 13
275 13
276 13
277 13
278 13
279 13
280 14
281 14
282 14
283 14
284 14
285 14
286 14
287 14
288 14
289 14
290 14
291 14
292 14
293 14
294 14
295 14
296 14
297 14
298 14
299 14
300 15
301 15
302 15
303 15
304 15
305 15
306 15
307 15
308 15
309 15
310 15
311 15
312 15
313 15
314 15
315 15
316 15
317 15
318 15
319 15

2 0 0 0
2 1 0 0
3 1 0 0
3 0 0 0
4 3 0 0
4 2 0 0
5 0 0 0
5 2 0 0
6 1 0 0
6 0 0 0
7 6 0 0
7 3 0 0
8 4 0 0
8 1 0 0
9 0 0 0
9 5 0 0
10 6 0 0
10 8 0 0
11 10 0 0
11 0 0 0
12 0 0 0
12 1 0 0
13 11 0 0
13 2 0 0
14 10 0 0
14 13 0 0
15 12 0 0
15 3 0 0
16 0 0 0
16 4 0 0
17 16 0 0
17 13 0 0
18 3 0 0
18 9 0 0
19 17 0 0
19 3 0 0
0 14 0 0
0 19 0 0
1 10 0 0
1 19 0 0
22 21 1 1
22 20 1 1
23 22 1 1
23 20 1 1
24 21 1 1
24 23 1 1
25 24 1 1
25 21 1 1
26 24 1 1
26 22 1 1
27 22 1 1
27 24 1 1
28 24 1 1
28 26 1 1
29 25 1 1
29 20 1 1
30 23 1 1
30 24 1 1
31 22 1 1
31 23 1 1
32 31 1 1
32 27 1 1
33 30 1 1
33 26 1 1
34 27 1 1
34 22 1 1
35 23 1 1
35 31 1 1
36 30 1 1
36 28 1 1
37 31 1 1
37 34 1 1
38 28 1 1
38 26 1 1
39 36 1 1
39 23 1 1
20 28 1 1
20 27 1 1
21 33 1 1
21 39 1 1
42 41 2 2
42 40 2 2
43 41 2 2
43 42 2 2
44 42 2 2
44 41 2 2
45 43 2 2
45 40 2 2
46 44 2 2
46 45 2 2
47 43 2 2
47 40 2 2
48 46 2 2
48 40 2 2
49 47 2 2
49 46 2 2
50 45 2 2
50 41 2 2
51 49 2 2
51 47 2 2
52 42 2 2
52 46 2 2
53 47 2 2
53 40 2 2
54 41 2 2
54 49 2 2
55 44 2 2
55 42 2 2
56 50 2 2
56 55 2 2
57 43 2 2
57 41 2 2
58 51 2 2
58 54 2 2
59 55 2 2
59 42 2 2
40 57 2 2
40 56 2 2
41 56 2 2
41 45 2 2
62 61 3 3
62 60 3 3
63 60 3 3
63 61 3 3
64 61 3 3
64 63 3 3
65 62 3 3
65 63 3 3
66 63 3 3
66 65 3 3
67 61 3 3
67 63 3 3
68 62 3 3
68 65 3 3
69 64 3 3
69 66 3 3
70 69 3 3
70 67 3 3
71 63 3 3
71 67 3 3
72 62 3 3
72 63 3 3
73 70 3 3
73 68 3 3
74 61 3 3
74 70 3 3
75 65 3 3
75 66 3 3
76 73 3 3
76 64 3 3
77 73 3 3
77 67 3 3
78 62 3 3
78 65 3 3
79 72 3 3
79 66 3 3
60 74 3 3
60 75 3 3
61 75 3 3
61 78 3 3
82 80 4 4
82 81 4 4
83 80 4 4
83 81 4 4
84 83 4 4
84 80 4 4
85 83 4 4
85 82 4 4
86 81 4 4
86 80 4 4
87 86 4 4
87 81 4 4
88 87 4 4
88 80 4 4
89 83 4 4
89 86 4 4
90 85 4 4
90 84 4 4
91 80 4 4
91 84 4 4
92 85 4 4
92 89 4 4
93 87 4 4
93 80 4 4
94 80 4 4
94 89 4 4
95 80 4 4
95 92 4 4
96 85 4 4
96 84 4 4
97 88 4 4
97 94 4 4
98 81 4 4
98 86 4 4
99 90 4 4
99 84 4 4
80 90 4 4
80 87 4 4
81 96 4 4
81 89 4 4
102 100 5 5
102 101 5 5
103 100 5 5
103 102 5 5
104 101 5 5
104 100 5 5
105 103 5 5
105 104 5 5
106 104 5 5
106 101 5 5
107 101 5 5
107 102 5 5
108 107 5 5
108 101 5 5
109 107 5 5
109 108 5 5
110 103 5 5
110 102 5 5
111 100 5 5
111 110 5 5
112 108 5 5
112 109 5 5
113 106 5 5
113 103 5 5
114 105 5 5
114 112 5 5
115 100 5 5
115 102 5 5
116 103 5 5
116 112 5 5
117 100 5 5
117 112 5 5
118 115 5 5
118 117 5 5
119 101 5 5
119 110 5 5
100 118 5 5
100 106 5 5
101 115 5 5
101 105 5 5
122 121 6 6
122 120 6 6
123 122 6 6
123 121 6 6
124 123 6 6
124 120 6 6
125 123 6 6
125 121 6 6
126 120 6 6
126 125 6 6
127 125 6 6
127 120 6 6
128 125 6 6
128 127 6 6
129 125 6 6
129 127 6 6
130 124 6 6
130 126 6 6
131 126 6 6
131 127 6 6
132 127 6 6
132 125 6 6
133 126 6 6
133 129 6 6
134 124 6 6
134 125 6 6
135 122 6 6
135 134 6 6
136 134 6 6
136 127 6 6
137 131 6 6
137 128 6 6
138 135 6 6
138 121 6 6
139 127 6 6
139 131 6 6
120 135 6 6
120 137 6 6
121 139 6 6
121 134 6 6
142 141 7 7
142 140 7 7
143 141 7 7
143 140 7 7
144 143 7 7
144 140 7 7
145 144 7 7
145 143 7 7
146 142 7 7
146 143 7 7
147 145 7 7
147 141 7 7
148 143 7 7
148 146 7 7
149 145 7 7
149 147 7 7
150 147 7 7
150 140 7 7
151 149 7 7
151 150 7 7
152 143 7 7
152 150 7 7
153 142 7 7
153 145 7 7
154 142 7 7
154 148 7 7
155 143 7 7
155 140 7 7
156 154 7 7
156 150 7 7
157 142 7 7
157 146 7 7
158 144 7 7
158 152 7 7
159 146 7 7
159 156 7 7
140 148 7 7
140 157 7 7
141 153 7 7
141 156 7 7
162 160 8 8
162 161 8 8
163 162 8 8
163 161 8 8
164 163 8 8
164 161 8 8
165 163 8 8
165 160 8 8
166 162 8 8
166 160 8 8
167 164 8 8
167 161 8 8
168 162 8 8
168 163 8 8
169 167 8 8
169 166 8 8
170 163 8 8
170 164 8 8
171 163 8 8
171 162 8 8
172 167 8 8
172 162 8 8
173 169 8 8
173 168 8 8
174 169 8 8
174 165 8 8
175 167 8 8
175 166 8 8
176 174 8 8
176 167 8 8
177 176 8 8
177 170 8 8
178 160 8 8
178 163 8 8
179 167 8 8
179 163 8 8
160 175 8 8
160 171 8 8
161 176 8 8
161 177 8 8
182 180 9 9
182 181 9 9
183 182 9 9
183 181 9 9
184 181 9 9
184 182 9 9
185 182 9 9
185 181 9 9
186 181 9 9
186 180 9 9
187 186 9 9
187 181 9 9
188 184 9 9
188 181 9 9
189 181 9 9
189 187 9 9
190 183 9 9
190 182 9 9
191 181 9 9
191 188 9 9
192 189 9 9
192 180 9 9
193 183 9 9
193 185 9 9
194 190 9 9
194 185 9 9
195 185 9 9
195 194 9 9
196 185 9 9
196 180 9 9
197 186 9 9
197 190 9 9
198 180 9 9
198 194 9 9
199 187 9 9
199 197 9 9
180 199 9 9
180 197 9 9
181 194 9 9
181 197 9 9
202 201 10 10
202 200 10 10
203 201 10 10
203 202 10 10
204 203 10 10
204 200 10 10
205 200 10 10
205 203 10 10
206 202 10 10
206 200 10 10
207 206 10 10
207 203 10 10
208 201 10 10
208 206 10 10
209 204 10 10
209 205 10 10
210 200 10 10
210 201 10 10
211 204 10 10
211 209 10 10
212 203 10 10
212 211 10 10
213 204 10 10
213 210 10 10
214 210 10 10
214 208 10 10
215 206 10 10
215 210 10 10
216 210 10 10
216 206 10 10
217 201 10 10
217 204 10 10
218 202 10 10
218 201 10 10
219 204 10 10
219 210 10 10
200 213 10 10
200 211 10 10
201 204 10 10
201 207 10 10
222 220 11 11
222 221 11 11
223 220 11 11
223 221 11 11
224 223 11 11
224 220 11 11
225 223 11 11
225 224 11 11
226 225 11 11
226 220 11 11
227 225 11 11
227 226 11 11
228 227 11 11
228 221 11 11
229 228 11 11
229 224 11 11
230 229 11 11
230 222 11 11
231 220 11 11
231 222 11 11
232 223 11 11
232 222 11 11
233 232 11 11
233 224 11 11
234 232 11 11
234 229 11 11
235 231 11 11
235 229 11 11
236 227 11 11
236 233 11 11
237 228 11 11
237 232 11 11
238 228 11 11
238 236 11 11
239 233 11 11
239 230 11 11
220 229 11 11
220 227 11 11
221 239 11 11
221 234 11 11
242 241 12 12
242 240 12 12
243 241 12 12
243 242 12 12
244 242 12 12
244 241 12 12
245 240 12 12
245 244 12 12
246 240 12 12
246 242 12 12
247 244 12 12
247 246 12 12
248 243 12 12
248 246 12 12
249 247 12 12
249 241 12 12
250 240 12 12
250 247 12 12
251 245 12 12
251 242 12 12
252 248 12 12
252 244 12 12
253 252 12 12
253 247 12 12
254 241 12 12
254 242 12 12
255 250 12 12
255 251 12 12
256 250 12 12
256 241 12 12
257 255 12 12
257 240 12 12
258 251 12 12
258 241 12 12
259 240 12 12
259 250 12 12
240 253 12 12
240 248 12 12
241 248 12 12
241 247 12 12
262 260 13 13
262 261 13 13
263 262 13 13
263 261 13 13
264 261 13 13
264 263 13 13
265 262 13 13
265 260 13 13
266 265 13 13
266 262 13 13
267 265 13 13
267 266 13 13
268 260 13 13
268 267 13 13
269 261 13 13
269 260 13 13
270 260 13 13
270 268 13 13
271 266 13 13
271 267 13 13
272 270 13 13
272 262 13 13
273 272 13 13
273 270 13 13
274 262 13 13
274 272 13 13
275 272 13 13
275 265 13 13
276 273 13 13
276 270 13 13
277 268 13 13
277 260 13 13
278 272 13 13
278 265 13 13
279 272 13 13
279 277 13 13
260 267 13 13
260 266 13 13
261 277 13 13
261 267 13 13
282 280 14 14
282 281 14 14
283 280 14 14
283 282 14 14
284 282 14 14
284 283 14 14
285 281 14 14
285 284 14 14
286 282 14 14
286 284 14 14
287 281 14 14
287 282 14 14
288 284 14 14
288 280 14 14
289 285 14 14
289 287 14 14
290 280 14 14
290 281 14 14
291 285 14 14
291 286 14 14
292 282 14 14
292 281 14 14
293 283 14 14
293 280 14 14
294 286 14 14
294 284 14 14
295 280 14 14
295 282 14 14
296 282 14 14
296 287 14 14
297 281 14 14
297 286 14 14
298 292 14 14
298 284 14 14
299 286 14 14
299 298 14 14
280 285 14 14
280 284 14 14
281 295 14 14
281 299 14 14
302 300 15 15
302 301 15 15
303 302 15 15
303 300 15 15
304 301 15 15
304 300 15 15
305 301 15 15
305 303 15 15
306 300 15 15
306 305 15 15
307 304 15 15
307 301 15 15
308 304 15 15
308 301 15 15
309 302 15 15
309 301 15 15
310 300 15 15
310 305 15 15
311 301 15 15
311 308 15 15
312 307 15 15
312 305 15 15
313 301 15 15
313 309 15 15
314 311 15 15
314 308 15 15
315 300 15 15
315 310 15 15
316 309 15 15
316 301 15 15
317 309 15 15
317 311 15 15
318 310 15 15
318 305 15 15
319 315 15 15
319 305 15 15
300 309 15 15
300 318 15 15
301 315 15 15
301 310 15 15
40 8 2 0
41 25 2 1
70 1 3 0
68 53 3 2
90 66 4 3
90 17 4 0
102 29 5 1
104 13 5 0
131 0 6 0
128 52 6 2
155 107 7 5
142 77 7 3
173 157 8 7
162 135 8 6
187 97 9 4
185 49 9 2
202 8 10 0
210 127 10 6
227 216 11 10
236 119 11 5
240 58 12 2
244 166 12 8
276 244 13 12
275 85 13 4
290 244 14 12
284 60 14 3
307 282 15 14
301 13 15 0
11 236 0 11
4 248 0 12
28 301 1 15
37 181 1 9
