swNum = 320
edgeNum = 672

0 0
1 0
2 0
3 0
4 0
5 0
6 0
7 0
8 0
9 0
10 0
11 0
12 0
13 0
14 0
15 0
16 0
17 0
18 0
19 0
20 1
21 1
22 1
23 1
24 1
25 1
26 1
27 1
28 1
29 1
30 1
31 1
32 1
33 1
34 1
35 1
36 1
37 1
38 1
39 1
40 2
41 2
42 2
43 2
44 2
45 2
46 2
47 2
48 2
49 2
50 2
51 2
52 2
53 2
54 2
55 2
56 2
57 2
58 2
59 2
60 3
61 3
62 3
63 3
64 3
65 3
66 3
67 3
68 3
69 3
70 3
71 3
72 3
73 3
74 3
75 3
76 3
77 3
78 3
79 3
80 4
81 4
82 4
83 4
84 4
85 4
86 4
87 4
88 4
89 4
90 4
91 4
92 4
93 4
94 4
95 4
96 4
97 4
98 4
99 4
100 5
101 5
102 5
103 5
104 5
105 5
106 5
107 5
108 5
109 5
110 5
111 5
112 5
113 5
114 5
115 5
116 5
117 5
118 5
119 5
120 6
121 6
122 6
123 6
124 6
125 6
126 6
127 6
128 6
129 6
130 6
131 6
132 6
133 6
134 6
135 6
136 6
137 6
138 6
139 6
140 7
141 7
142 7
143 7
144 7
145 7
146 7
147 7
148 7
149 7
150 7
151 7
152 7
153 7
154 7
155 7
156 7
157 7
158 7
159 7
160 8
161 8
162 8
163 8
164 8
165 8
166 8
167 8
168 8
169 8
170 8
171 8
172 8
173 8
174 8
175 8
176 8
177 8
178 8
179 8
180 9
181 9
182 9
183 9
184 9
185 9
186 9
187 9
188 9
189 9
190 9
191 9
192 9
193 9
194 9
195 9
196 9
197 9
198 9
199 9
200 10
201 10
202 10
203 10
204 10
205 10
206 10
207 10
208 10
209 10
210 10
211 10
212 10
213 10
214 10
215 10
216 10
217 10
218 10
219 10
220 11
221 11
222 11
223 11
224 11
225 11
226 11
227 11
228 11
229 11
230 11
231 11
232 11
233 11
234 11
235 11
236 11
237 11
238 11
239 11
240 12
241 12
242 12
243 12
244 12
245 12
246 12
247 12
248 12
249 12
250 12
251 12
252 12
253 12
254 12
255 12
256 12
257 12
258 12
259 12
260 13
261 13
262 13
263 13
264 13
265 13
266 13
267 13
268 13
269 13
270 13
271 13
272 13
273 13
274 13
275 13
276 13
277 13
278 13
279 13
280 14
281 14
282 14
283 14
284 14
285 14
286 14
287 14
288 14
289 14
290 14
291 14
292 14
293 14
294 14
295 14
296 14
297 14
298 14
299 14
300 15
301 15
302 15
303 15
304 15
305 15
306 15
307 15
308 15
309 15
310 15
311 15
312 15
313 15
314 15
315 15
316 15
317 15
318 15
319 15

2 0 0 0
2 1 0 0
3 2 0 0
3 0 0 0
4 1 0 0
4 2 0 0
5 4 0 0
5 0 0 0
6 2 0 0
6 5 0 0
7 1 0 0
7 6 0 0
8 0 0 0
8 6 0 0
9 0 0 0
9 3 0 0
10 3 0 0
10 5 0 0
11 5 0 0
11 4 0 0
12 2 0 0
12 1 0 0
13 5 0 0
13 11 0 0
14 8 0 0
14 4 0 0
15 5 0 0
15 14 0 0
16 2 0 0
16 15 0 0
17 6 0 0
17 5 0 0
18 3 0 0
18 6 0 0
19 14 0 0
19 10 0 0
0 19 0 0
0 10 0 0
1 13 0 0
1 5 0 0
22 20 1 1
22 21 1 1
23 21 1 1
23 20 1 1
24 22 1 1
24 21 1 1
25 21 1 1
25 22 1 1
26 20 1 1
26 22 1 1
27 25 1 1
27 24 1 1
28 23 1 1
28 25 1 1
29 23 1 1
29 21 1 1
30 20 1 1
30 29 1 1
31 20 1 1
31 26 1 1
32 21 1 1
32 27 1 1
33 21 1 1
33 29 1 1
34 33 1 1
34 30 1 1
35 31 1 1
35 28 1 1
36 32 1 1
36 24 1 1
37 36 1 1
37 29 1 1
38 22 1 1
38 36 1 1
39 37 1 1
39 34 1 1
20 37 1 1
20 29 1 1
21 38 1 1
21 31 1 1
42 41 2 2
42 40 2 2
43 41 2 2
43 42 2 2
44 43 2 2
44 41 2 2
45 40 2 2
45 44 2 2
46 43 2 2
46 41 2 2
47 46 2 2
47 42 2 2
48 46 2 2
48 45 2 2
49 47 2 2
49 42 2 2
50 49 2 2
50 47 2 2
51 46 2 2
51 45 2 2
52 43 2 2
52 44 2 2
53 41 2 2
53 44 2 2
54 44 2 2
54 40 2 2
55 50 2 2
55 47 2 2
56 54 2 2
56 47 2 2
57 51 2 2
57 45 2 2
58 56 2 2
58 53 2 2
59 58 2 2
59 48 2 2
40 58 2 2
40 44 2 2
41 52 2 2
41 51 2 2
62 60 3 3
62 61 3 3
63 62 3 3
63 60 3 3
64 61 3 3
64 60 3 3
65 64 3 3
65 62 3 3
66 64 3 3
66 61 3 3
67 62 3 3
67 63 3 3
68 67 3 3
68 61 3 3
69 67 3 3
69 63 3 3
70 64 3 3
70 67 3 3
71 64 3 3
71 61 3 3
72 70 3 3
72 68 3 3
73 65 3 3
73 64 3 3
74 64 3 3
74 65 3 3
75 62 3 3
75 72 3 3
76 68 3 3
76 70 3 3
77 63 3 3
77 71 3 3
78 77 3 3
78 70 3 3
79 69 3 3
79 74 3 3
60 74 3 3
60 76 3 3
61 73 3 3
61 70 3 3
82 81 4 4
82 80 4 4
83 80 4 4
83 82 4 4
84 83 4 4
84 81 4 4
85 81 4 4
85 80 4 4
86 80 4 4
86 81 4 4
87 86 4 4
87 83 4 4
88 81 4 4
88 86 4 4
89 83 4 4
89 87 4 4
90 87 4 4
90 88 4 4
91 90 4 4
91 84 4 4
92 88 4 4
92 81 4 4
93 82 4 4
93 91 4 4
94 83 4 4
94 84 4 4
95 88 4 4
95 91 4 4
96 81 4 4
96 92 4 4
97 89 4 4
97 87 4 4
98 80 4 4
98 91 4 4
99 84 4 4
99 90 4 4
80 97 4 4
80 90 4 4
81 91 4 4
81 90 4 4
102 101 5 5
102 100 5 5
103 101 5 5
103 100 5 5
104 101 5 5
104 103 5 5
105 102 5 5
105 100 5 5
106 105 5 5
106 102 5 5
107 105 5 5
107 101 5 5
108 104 5 5
108 103 5 5
109 106 5 5
109 108 5 5
110 103 5 5
110 101 5 5
111 108 5 5
111 110 5 5
112 106 5 5
112 110 5 5
113 102 5 5
113 111 5 5
114 110 5 5
114 101 5 5
115 103 5 5
115 114 5 5
116 108 5 5
116 102 5 5
117 111 5 5
117 100 5 5
118 108 5 5
118 103 5 5
119 115 5 5
119 117 5 5
100 115 5 5
100 107 5 5
101 108 5 5
101 117 5 5
122 120 6 6
122 121 6 6
123 121 6 6
123 120 6 6
124 122 6 6
124 123 6 6
125 123 6 6
125 124 6 6
126 123 6 6
126 120 6 6
127 121 6 6
127 126 6 6
128 122 6 6
128 126 6 6
129 122 6 6
129 128 6 6
130 120 6 6
130 121 6 6
131 129 6 6
131 130 6 6
132 130 6 6
132 122 6 6
133 128 6 6
133 129 6 6
134 129 6 6
134 130 6 6
135 124 6 6
135 123 6 6
136 130 6 6
136 133 6 6
137 134 6 6
137 123 6 6
138 126 6 6
138 129 6 6
139 138 6 6
139 129 6 6
120 129 6 6
120 125 6 6
121 124 6 6
121 129 6 6
142 141 7 7
142 140 7 7
143 141 7 7
143 140 7 7
144 140 7 7
144 142 7 7
145 142 7 7
145 141 7 7
146 143 7 7
146 141 7 7
147 143 7 7
147 145 7 7
148 143 7 7
148 144 7 7
149 148 7 7
149 141 7 7
150 144 7 7
150 149 7 7
151 143 7 7
151 144 7 7
152 141 7 7
152 143 7 7
153 148 7 7
153 141 7 7
154 152 7 7
154 149 7 7
155 140 7 7
155 149 7 7
156 142 7 7
156 148 7 7
157 143 7 7
157 142 7 7
158 157 7 7
158 144 7 7
159 157 7 7
159 147 7 7
140 153 7 7
140 149 7 7
141 148 7 7
141 151 7 7
162 161 8 8
162 160 8 8
163 161 8 8
163 160 8 8
164 161 8 8
164 160 8 8
165 163 8 8
165 162 8 8
166 165 8 8
166 162 8 8
167 162 8 8
167 163 8 8
168 166 8 8
168 165 8 8
169 162 8 8
169 167 8 8
170 167 8 8
170 160 8 8
171 170 8 8
171 163 8 8
172 161 8 8
172 162 8 8
173 167 8 8
173 166 8 8
174 168 8 8
174 172 8 8
175 172 8 8
175 170 8 8
176 171 8 8
176 166 8 8
177 160 8 8
177 169 8 8
178 172 8 8
178 164 8 8
179 173 8 8
179 170 8 8
160 168 8 8
160 171 8 8
161 166 8 8
161 171 8 8
182 181 9 9
182 180 9 9
183 181 9 9
183 180 9 9
184 180 9 9
184 182 9 9
185 181 9 9
185 184 9 9
186 183 9 9
186 185 9 9
187 184 9 9
187 183 9 9
188 181 9 9
188 180 9 9
189 187 9 9
189 186 9 9
190 188 9 9
190 181 9 9
191 190 9 9
191 188 9 9
192 184 9 9
192 186 9 9
193 185 9 9
193 188 9 9
194 180 9 9
194 183 9 9
195 187 9 9
195 188 9 9
196 188 9 9
196 181 9 9
197 180 9 9
197 186 9 9
198 197 9 9
198 185 9 9
199 188 9 9
199 182 9 9
180 186 9 9
180 192 9 9
181 199 9 9
181 194 9 9
202 201 10 10
202 200 10 10
203 202 10 10
203 201 10 10
204 201 10 10
204 202 10 10
205 201 10 10
205 202 10 10
206 200 10 10
206 203 10 10
207 206 10 10
207 204 10 10
208 201 10 10
208 203 10 10
209 201 10 10
209 205 10 10
210 208 10 10
210 207 10 10
211 208 10 10
211 202 10 10
212 206 10 10
212 205 10 10
213 202 10 10
213 204 10 10
214 213 10 10
214 205 10 10
215 213 10 10
215 209 10 10
216 214 10 10
216 208 10 10
217 212 10 10
217 216 10 10
218 215 10 10
218 203 10 10
219 212 10 10
219 218 10 10
200 214 10 10
200 219 10 10
201 215 10 10
201 216 10 10
222 220 11 11
222 221 11 11
223 221 11 11
223 222 11 11
224 220 11 11
224 221 11 11
225 224 11 11
225 221 11 11
226 225 11 11
226 223 11 11
227 225 11 11
227 223 11 11
228 224 11 11
228 220 11 11
229 226 11 11
229 228 11 11
230 223 11 11
230 229 11 11
231 220 11 11
231 228 11 11
232 224 11 11
232 220 11 11
233 232 11 11
233 224 11 11
234 232 11 11
234 226 11 11
235 226 11 11
235 222 11 11
236 227 11 11
236 235 11 11
237 231 11 11
237 235 11 11
238 227 11 11
238 224 11 11
239 226 11 11
239 230 11 11
220 227 11 11
220 238 11 11
221 238 11 11
221 233 11 11
242 240 12 12
242 241 12 12
243 242 12 12
243 241 12 12
244 243 12 12
244 241 12 12
245 241 12 12
245 240 12 12
246 245 12 12
246 240 12 12
247 242 12 12
247 244 12 12
248 242 12 12
248 246 12 12
249 247 12 12
249 244 12 12
250 247 12 12
250 245 12 12
251 247 12 12
251 250 12 12
252 249 12 12
252 240 12 12
253 242 12 12
253 245 12 12
254 253 12 12
254 243 12 12
255 242 12 12
255 252 12 12
256 248 12 12
256 241 12 12
257 254 12 12
257 256 12 12
258 243 12 12
258 256 12 12
259 246 12 12
259 252 12 12
240 251 12 12
240 250 12 12
241 257 12 12
241 246 12 12
262 261 13 13
262 260 13 13
263 262 13 13
263 260 13 13
264 261 13 13
264 262 13 13
265 261 13 13
265 264 13 13
266 262 13 13
266 264 13 13
267 262 13 13
267 260 13 13
268 264 13 13
268 260 13 13
269 267 13 13
269 262 13 13
270 262 13 13
270 269 13 13
271 262 13 13
271 264 13 13
272 260 13 13
272 261 13 13
273 264 13 13
273 267 13 13
274 263 13 13
274 270 13 13
275 270 13 13
275 271 13 13
276 273 13 13
276 275 13 13
277 273 13 13
277 268 13 13
278 268 13 13
278 262 13 13
279 275 13 13
279 268 13 13
260 279 13 13
260 270 13 13
261 279 13 13
261 269 13 13
282 280 14 14
282 281 14 14
283 281 14 14
283 280 14 14
284 280 14 14
284 282 14 14
285 281 14 14
285 284 14 14
286 284 14 14
286 283 14 14
287 282 14 14
287 285 14 14
288 280 14 14
288 286 14 14
289 286 14 14
289 288 14 14
290 280 14 14
290 281 14 14
291 280 14 14
291 281 14 14
292 289 14 14
292 287 14 14
293 281 14 14
293 290 14 14
294 286 14 14
294 280 14 14
295 291 14 14
295 294 14 14
296 294 14 14
296 292 14 14
297 280 14 14
297 285 14 14
298 291 14 14
298 297 14 14
299 286 14 14
299 297 14 14
280 292 14 14
280 287 14 14
281 295 14 14
281 292 14 14
302 300 15 15
302 301 15 15
303 302 15 15
303 300 15 15
304 301 15 15
304 300 15 15
305 304 15 15
305 300 15 15
306 304 15 15
306 305 15 15
307 301 15 15
307 302 15 15
308 303 15 15
308 302 15 15
309 305 15 15
309 300 15 15
310 301 15 15
310 305 15 15
311 305 15 15
311 301 15 15
312 301 15 15
312 304 15 15
313 309 15 15
313 304 15 15
314 309 15 15
314 304 15 15
315 309 15 15
315 304 15 15
316 304 15 15
316 309 15 15
317 316 15 15
317 304 15 15
318 309 15 15
318 314 15 15
319 314 15 15
319 317 15 15
300 315 15 15
300 306 15 15
301 306 15 15
301 308 15 15
52 26 2 1
50 16 2 0
76 55 3 2
71 3 3 0
91 47 4 2
86 19 4 0
105 31 5 1
115 18 5 0
137 4 6 0
129 20 6 1
140 116 7 5
149 129 7 6
163 128 8 6
166 89 8 4
184 141 9 7
189 121 9 6
205 48 10 2
215 70 10 3
223 4 11 0
230 110 11 5
240 6 12 0
257 163 12 8
269 173 13 8
263 74 13 3
287 166 14 8
293 152 14 7
311 161 15 8
318 8 15 0
0 174 0 8
19 149 0 7
35 195 1 9
33 303 1 15
