swNum = 320
edgeNum = 672

0 0
1 0
2 0
3 0
4 0
5 0
6 0
7 0
8 0
9 0
10 0
11 0
12 0
13 0
14 0
15 0
16 0
17 0
18 0
19 0
20 1
21 1
22 1
23 1
24 1
25 1
26 1
27 1
28 1
29 1
30 1
31 1
32 1
33 1
34 1
35 1
36 1
37 1
38 1
39 1
40 2
41 2
42 2
43 2
44 2
45 2
46 2
47 2
48 2
49 2
50 2
51 2
52 2
53 2
54 2
55 2
56 2
57 2
58 2
59 2
60 3
61 3
62 3
63 3
64 3
65 3
66 3
67 3
68 3
69 3
70 3
71 3
72 3
73 3
74 3
75 3
76 3
77 3
78 3
79 3
80 4
81 4
82 4
83 4
84 4
85 4
86 4
87 4
88 4
89 4
90 4
91 4
92 4
93 4
94 4
95 4
96 4
97 4
98 4
99 4
100 5
101 5
102 5
103 5
104 5
105 5
106 5
107 5
108 5
109 5
110 5
111 5
112 5
113 5
114 5
115 5
116 5
117 5
118 5
119 5
120 6
121 6
122 6
123 6
124 6
125 6
126 6
127 6
128 6
129 6
130 6
131 6
132 6
133 6
134 6
135 6
136 6
137 6
138 6
139 6
140 7
141 7
142 7
143 7
144 7
145 7
146 7
147 7
148 7
149 7
150 7
151 7
152 7
153 7
154 7
155 7
156 7
157 7
158 7
159 7
160 8
161 8
162 8
163 8
164 8
165 8
166 8
167 8
168 8
169 8
170 8
171 8
172 8
173 8
174 8
175 8
176 8
177 8
178 8
179 8
180 9
181 9
182 9
183 9
184 9
185 9
186 9
187 9
188 9
189 9
190 9
191 9
192 9
193 9
194 9
195 9
196 9
197 9
198 9
199 9
200 10
201 10
202 10
203 10
204 10
205 10
206 10
207 10
208 10
209 10
210 10
211 10
212 10
213 10
214 10
215 10
216 10
217 10
218 10
219 10
220 11
221 11
222 11
223 11
224 11
225 11
226 11
227 11
228 11
229 11
230 11
231 11
232 11
233 11
234 11
235 11
236 11
237 11
238 11
239 11
240 12
241 12
242 12
243 12
244 12
245 12
246 12
247 12
248 12
249 12
250 12
251 12
252 12
253 12
254 12
255 12
256 12
257 12
258 12
259 12
260 13
261 13
262 13
263 13
264 13
265 13
266 13
267 13
268 13
269 13
270 13
271 13
272 13
273 13
274 13
275 13
276 13
277 13
278 13
279 13
280 14
281 14
282 14
283 14
284 14
285 14
286 14
287 14
288 14
289 14
290 14
291 14
292 14
293 14
294 14
295 14
296 14
297 14
298 14
299 14
300 15
301 15
302 15
303 15
304 15
305 15
306 15
307 15
308 15
309 15
310 15
311 15
312 15
313 15
314 15
315 15
316 15
317 15
318 15
319 15

2 1 0 0
2 0 0 0
3 1 0 0
3 0 0 0
4 3 0 0
4 0 0 0
5 2 0 0
5 0 0 0
6 1 0 0
6 2 0 0
7 3 0 0
7 1 0 0
8 1 0 0
8 5 0 0
9 6 0 0
9 5 0 0
10 0 0 0
10 8 0 0
11 5 0 0
11 6 0 0
12 2 0 0
12 9 0 0
13 4 0 0
13 6 0 0
14 6 0 0
14 5 0 0
15 0 0 0
15 9 0 0
16 5 0 0
16 8 0 0
17 1 0 0
17 10 0 0
18 8 0 0
18 10 0 0
19 17 0 0
19 12 0 0
0 9 0 0
0 19 0 0
1 5 0 0
1 10 0 0
22 21 1 1
22 20 1 1
23 20 1 1
23 22 1 1
24 23 1 1
24 21 1 1
25 20 1 1
25 23 1 1
26 22 1 1
26 21 1 1
27 25 1 1
27 24 1 1
28 27 1 1
28 23 1 1
29 26 1 1
29 22 1 1
30 27 1 1
30 28 1 1
31 21 1 1
31 20 1 1
32 28 1 1
32 27 1 1
33 21 1 1
33 27 1 1
34 24 1 1
34 25 1 1
35 23 1 1
35 31 1 1
36 35 1 1
36 31 1 1
37 36 1 1
37 28 1 1
38 26 1 1
38 27 1 1
39 28 1 1
39 27 1 1
20 35 1 1
20 28 1 1
21 38 1 1
21 39 1 1
42 40 2 2
42 41 2 2
43 41 2 2
43 42 2 2
44 40 2 2
44 41 2 2
45 40 2 2
45 44 2 2
46 44 2 2
46 40 2 2
47 40 2 2
47 43 2 2
48 47 2 2
48 42 2 2
49 45 2 2
49 42 2 2
50 40 2 2
50 42 2 2
51 43 2 2
51 45 2 2
52 47 2 2
52 49 2 2
53 51 2 2
53 47 2 2
54 49 2 2
54 41 2 2
55 51 2 2
55 46 2 2
56 50 2 2
56 47 2 2
57 47 2 2
57 55 2 2
58 48 2 2
58 53 2 2
59 54 2 2
59 42 2 2
40 58 2 2
40 48 2 2
41 49 2 2
41 52 2 2
62 60 3 3
62 61 3 3
63 61 3 3
63 60 3 3
64 61 3 3
64 63 3 3
65 63 3 3
65 64 3 3
66 64 3 3
66 62 3 3
67 62 3 3
67 60 3 3
68 61 3 3
68 62 3 3
69 62 3 3
69 63 3 3
70 69 3 3
70 64 3 3
71 70 3 3
71 67 3 3
72 68 3 3
72 66 3 3
73 68 3 3
73 69 3 3
74 65 3 3
74 63 3 3
75 60 3 3
75 64 3 3
76 75 3 3
76 71 3 3
77 70 3 3
77 61 3 3
78 65 3 3
78 74 3 3
79 71 3 3
79 62 3 3
60 70 3 3
60 74 3 3
61 69 3 3
61 75 3 3
82 81 4 4
82 80 4 4
83 81 4 4
83 82 4 4
84 81 4 4
84 83 4 4
85 81 4 4
85 83 4 4
86 82 4 4
86 83 4 4
87 82 4 4
87 83 4 4
88 82 4 4
88 81 4 4
89 83 4 4
89 82 4 4
90 88 4 4
90 80 4 4
91 87 4 4
91 86 4 4
92 84 4 4
92 81 4 4
93 91 4 4
93 90 4 4
94 87 4 4
94 91 4 4
95 82 4 4
95 93 4 4
96 93 4 4
96 88 4 4
97 96 4 4
97 82 4 4
98 90 4 4
98 86 4 4
99 94 4 4
99 86 4 4
80 85 4 4
80 96 4 4
81 97 4 4
81 86 4 4
102 101 5 5
102 100 5 5
103 100 5 5
103 101 5 5
104 100 5 5
104 102 5 5
105 102 5 5
105 101 5 5
106 105 5 5
106 101 5 5
107 106 5 5
107 105 5 5
108 103 5 5
108 104 5 5
109 104 5 5
109 108 5 5
110 109 5 5
110 106 5 5
111 107 5 5
111 101 5 5
112 105 5 5
112 107 5 5
113 102 5 5
113 112 5 5
114 100 5 5
114 105 5 5
115 108 5 5
115 100 5 5
116 109 5 5
116 107 5 5
117 100 5 5
117 114 5 5
118 111 5 5
118 105 5 5
119 107 5 5
119 111 5 5
100 112 5 5
100 118 5 5
101 118 5 5
101 116 5 5
122 120 6 6
122 121 6 6
123 121 6 6
123 120 6 6
124 121 6 6
124 120 6 6
125 120 6 6
125 124 6 6
126 122 6 6
126 120 6 6
127 124 6 6
127 120 6 6
128 120 6 6
128 124 6 6
129 126 6 6
129 127 6 6
130 124 6 6
130 121 6 6
131 130 6 6
131 120 6 6
132 121 6 6
132 127 6 6
133 126 6 6
133 127 6 6
134 126 6 6
134 120 6 6
135 127 6 6
135 131 6 6
136 131 6 6
136 123 6 6
137 132 6 6
137 129 6 6
138 127 6 6
138 135 6 6
139 135 6 6
139 129 6 6
120 132 6 6
120 133 6 6
121 139 6 6
121 138 6 6
142 141 7 7
142 140 7 7
143 140 7 7
143 142 7 7
144 142 7 7
144 143 7 7
145 143 7 7
145 140 7 7
146 140 7 7
146 142 7 7
147 144 7 7
147 142 7 7
148 141 7 7
148 143 7 7
149 147 7 7
149 145 7 7
150 147 7 7
150 146 7 7
151 142 7 7
151 140 7 7
152 148 7 7
152 149 7 7
153 147 7 7
153 148 7 7
154 140 7 7
154 152 7 7
155 144 7 7
155 151 7 7
156 154 7 7
156 145 7 7
157 145 7 7
157 150 7 7
158 154 7 7
158 142 7 7
159 144 7 7
159 140 7 7
140 157 7 7
140 144 7 7
141 144 7 7
141 159 7 7
162 160 8 8
162 161 8 8
163 161 8 8
163 162 8 8
164 163 8 8
164 160 8 8
165 164 8 8
165 163 8 8
166 160 8 8
166 161 8 8
167 166 8 8
167 160 8 8
168 165 8 8
168 160 8 8
169 160 8 8
169 168 8 8
170 161 8 8
170 166 8 8
171 161 8 8
171 166 8 8
172 160 8 8
172 171 8 8
173 169 8 8
173 166 8 8
174 171 8 8
174 173 8 8
175 171 8 8
175 164 8 8
176 168 8 8
176 163 8 8
177 172 8 8
177 171 8 8
178 160 8 8
178 177 8 8
179 173 8 8
179 163 8 8
160 179 8 8
160 176 8 8
161 169 8 8
161 179 8 8
182 181 9 9
182 180 9 9
183 182 9 9
183 180 9 9
184 180 9 9
184 181 9 9
185 181 9 9
185 184 9 9
186 182 9 9
186 183 9 9
187 182 9 9
187 180 9 9
188 185 9 9
188 180 9 9
189 181 9 9
189 184 9 9
190 188 9 9
190 185 9 9
191 180 9 9
191 181 9 9
192 189 9 9
192 183 9 9
193 186 9 9
193 185 9 9
194 189 9 9
194 185 9 9
195 187 9 9
195 186 9 9
196 187 9 9
196 195 9 9
197 186 9 9
197 185 9 9
198 186 9 9
198 184 9 9
199 198 9 9
199 189 9 9
180 198 9 9
180 185 9 9
181 190 9 9
181 198 9 9
202 200 10 10
202 201 10 10
203 201 10 10
203 200 10 10
204 201 10 10
204 203 10 10
205 204 10 10
205 200 10 10
206 202 10 10
206 204 10 10
207 205 10 10
207 201 10 10
208 205 10 10
208 200 10 10
209 202 10 10
209 201 10 10
210 206 10 10
210 200 10 10
211 202 10 10
211 208 10 10
212 211 10 10
212 205 10 10
213 203 10 10
213 202 10 10
214 205 10 10
214 203 10 10
215 212 10 10
215 205 10 10
216 203 10 10
216 210 10 10
217 204 10 10
217 213 10 10
218 203 10 10
218 215 10 10
219 202 10 10
219 208 10 10
200 217 10 10
200 214 10 10
201 212 10 10
201 210 10 10
222 221 11 11
222 220 11 11
223 221 11 11
223 220 11 11
224 221 11 11
224 223 11 11
225 221 11 11
225 222 11 11
226 225 11 11
226 221 11 11
227 222 11 11
227 221 11 11
228 225 11 11
228 224 11 11
229 226 11 11
229 220 11 11
230 223 11 11
230 221 11 11
231 228 11 11
231 222 11 11
232 225 11 11
232 230 11 11
233 221 11 11
233 227 11 11
234 229 11 11
234 221 11 11
235 221 11 11
235 229 11 11
236 235 11 11
236 220 11 11
237 230 11 11
237 220 11 11
238 222 11 11
238 226 11 11
239 223 11 11
239 232 11 11
220 226 11 11
220 235 11 11
221 239 11 11
221 229 11 11
242 241 12 12
242 240 12 12
243 240 12 12
243 242 12 12
244 241 12 12
244 240 12 12
245 242 12 12
245 241 12 12
246 241 12 12
246 242 12 12
247 240 12 12
247 241 12 12
248 244 12 12
248 243 12 12
249 240 12 12
249 241 12 12
250 247 12 12
250 243 12 12
251 244 12 12
251 240 12 12
252 250 12 12
252 248 12 12
253 241 12 12
253 249 12 12
254 242 12 12
254 246 12 12
255 242 12 12
255 252 12 12
256 254 12 12
256 241 12 12
257 252 12 12
257 245 12 12
258 248 12 12
258 251 12 12
259 256 12 12
259 248 12 12
240 259 12 12
240 255 12 12
241 255 12 12
241 258 12 12
262 261 13 13
262 260 13 13
263 261 13 13
263 262 13 13
264 261 13 13
264 260 13 13
265 264 13 13
265 262 13 13
266 263 13 13
266 264 13 13
267 260 13 13
267 265 13 13
268 264 13 13
268 262 13 13
269 266 13 13
269 262 13 13
270 263 13 13
270 262 13 13
271 264 13 13
271 261 13 13
272 266 13 13
272 263 13 13
273 263 13 13
273 262 13 13
274 269 13 13
274 270 13 13
275 272 13 13
275 263 13 13
276 269 13 13
276 275 13 13
277 268 13 13
277 262 13 13
278 261 13 13
278 268 13 13
279 262 13 13
279 277 13 13
260 270 13 13
260 263 13 13
261 267 13 13
261 273 13 13
282 281 14 14
282 280 14 14
283 280 14 14
283 282 14 14
284 280 14 14
284 282 14 14
285 282 14 14
285 283 14 14
286 280 14 14
286 285 14 14
287 283 14 14
287 280 14 14
288 280 14 14
288 284 14 14
289 284 14 14
289 285 14 14
290 281 14 14
290 282 14 14
291 290 14 14
291 287 14 14
292 280 14 14
292 289 14 14
293 291 14 14
293 282 14 14
294 293 14 14
294 286 14 14
295 285 14 14
295 282 14 14
296 289 14 14
296 280 14 14
297 291 14 14
297 288 14 14
298 282 14 14
298 295 14 14
299 285 14 14
299 295 14 14
280 289 14 14
280 293 14 14
281 288 14 14
281 298 14 14
302 301 15 15
302 300 15 15
303 300 15 15
303 301 15 15
304 300 15 15
304 302 15 15
305 301 15 15
305 303 15 15
306 304 15 15
306 302 15 15
307 301 15 15
307 303 15 15
308 300 15 15
308 303 15 15
309 300 15 15
309 307 15 15
310 300 15 15
310 304 15 15
311 305 15 15
311 306 15 15
312 301 15 15
312 310 15 15
313 311 15 15
313 300 15 15
314 312 15 15
314 308 15 15
315 310 15 15
315 314 15 15
316 315 15 15
316 310 15 15
317 311 15 15
317 310 15 15
318 310 15 15
318 303 15 15
319 310 15 15
319 316 15 15
300 318 15 15
300 315 15 15
301 313 15 15
301 314 15 15
44 34 2 1
49 2 2 0
64 14 3 0
72 24 3 1
95 11 4 0
98 41 4 2
108 46 5 2
112 71 5 3
136 26 6 1
127 62 6 3
154 51 7 2
157 93 7 4
169 139 8 6
169 65 8 3
194 135 9 6
188 42 9 2
211 170 10 8
210 125 10 6
233 148 11 7
234 88 11 4
242 131 12 6
258 198 12 9
271 10 13 0
266 106 13 5
285 215 14 10
299 132 14 6
309 32 15 1
313 80 15 4
5 255 0 12
18 299 0 14
37 255 1 12
20 284 1 14
