swNum = 320
edgeNum = 672

0 0
1 0
2 0
3 0
4 0
5 0
6 0
7 0
8 0
9 0
10 0
11 0
12 0
13 0
14 0
15 0
16 0
17 0
18 0
19 0
20 1
21 1
22 1
23 1
24 1
25 1
26 1
27 1
28 1
29 1
30 1
31 1
32 1
33 1
34 1
35 1
36 1
37 1
38 1
39 1
40 2
41 2
42 2
43 2
44 2
45 2
46 2
47 2
48 2
49 2
50 2
51 2
52 2
53 2
54 2
55 2
56 2
57 2
58 2
59 2
60 3
61 3
62 3
63 3
64 3
65 3
66 3
67 3
68 3
69 3
70 3
71 3
72 3
73 3
74 3
75 3
76 3
77 3
78 3
79 3
80 4
81 4
82 4
83 4
84 4
85 4
86 4
87 4
88 4
89 4
90 4
91 4
92 4
93 4
94 4
95 4
96 4
97 4
98 4
99 4
100 5
101 5
102 5
103 5
104 5
105 5
106 5
107 5
108 5
109 5
110 5
111 5
112 5
113 5
114 5
115 5
116 5
117 5
118 5
119 5
120 6
121 6
122 6
123 6
124 6
125 6
126 6
127 6
128 6
129 6
130 6
131 6
132 6
133 6
134 6
135 6
136 6
137 6
138 6
139 6
140 7
141 7
142 7
143 7
144 7
145 7
146 7
147 7
148 7
149 7
150 7
151 7
152 7
153 7
154 7
155 7
156 7
157 7
158 7
159 7
160 8
161 8
162 8
163 8
164 8
165 8
166 8
167 8
168 8
169 8
170 8
171 8
172 8
173 8
174 8
175 8
176 8
177 8
178 8
179 8
180 9
181 9
182 9
183 9
184 9
185 9
186 9
187 9
188 9
189 9
190 9
191 9
192 9
193 9
194 9
195 9
196 9
197 9
198 9
199 9
200 10
201 10
202 10
203 10
204 10
205 10
206 10
207 10
208 10
209 10
210 10
211 10
212 10
213 10
214 10
215 10
216 10
217 10
218 10
219 10
220 11
221 11
222 11
223 11
224 11
225 11
226 11
227 11
228 11
229 11
230 11
231 11
232 11
233 11
234 11
235 11
236 11
237 11
238 11
239 11
240 12
241 12
242 12
243 12
244 12
245 12
246 12
247 12
248 12
249 12
250 12
251 12
252 12
253 12
254 12
255 12
256 12
257 12
258 12
259 12
260 13
261 13
262 13
263 13
264 13
265 13
266 13
267 13
268 13
269 13
270 13
271 13
272 13
273 13
274 13
275 13
276 13
277 13
278 13
279 13
280 14
281 14
282 14
283 14
284 14
285 14
286 14
287 14
288 14
289 14
290 14
291 14
292 14
293 14
294 14
295 14
296 14
297 14
298 14
299 14
300 15
301 15
302 15
303 15
304 15
305 15
306 15
307 15
308 15
309 15
310 15
311 15
312 15
313 15
314 15
315 15
316 15
317 15
318 15
319 15

2 1 0 0
2 0 0 0
3 0 0 0
3 1 0 0
4 2 0 0
4 3 0 0
5 0 0 0
5 4 0 0
6 1 0 0
6 5 0 0
7 2 0 0
7 0 0 0
8 7 0 0
8 1 0 0
9 3 0 0
9 5 0 0
10 6 0 0
10 9 0 0
11 8 0 0
11 5 0 0
12 9 0 0
12 3 0 0
13 11 0 0
13 7 0 0
14 12 0 0
14 4 0 0
15 8 0 0
15 7 0 0
16 9 0 0
16 5 0 0
17 2 0 0
17 15 0 0
18 0 0 0
18 16 0 0
19 3 0 0
19 7 0 0
0 11 0 0
0 16 0 0
1 17 0 0
1 13 0 0
22 21 1 1
22 20 1 1
23 22 1 1
23 21 1 1
24 22 1 1
24 23 1 1
25 22 1 1
25 24 1 1
26 21 1 1
26 22 1 1
27 20 1 1
27 21 1 1
28 24 1 1
28 25 1 1
29 23 1 1
29 28 1 1
30 27 1 1
30 25 1 1
31 21 1 1
31 24 1 1
32 31 1 1
32 30 1 1
33 24 1 1
33 25 1 1
34 32 1 1
34 20 1 1
35 28 1 1
35 32 1 1
36 26 1 1
36 31 1 1
37 22 1 1
37 33 1 1
38 37 1 1
38 29 1 1
39 31 1 1
39 23 1 1
20 29 1 1
20 24 1 1
21 30 1 1
21 25 1 1
42 41 2 2
42 40 2 2
43 41 2 2
43 40 2 2
44 40 2 2
44 42 2 2
45 44 2 2
45 40 2 2
46 40 2 2
46 41 2 2
47 45 2 2
47 40 2 2
48 45 2 2
48 47 2 2
49 45 2 2
49 46 2 2
50 48 2 2
50 47 2 2
51 49 2 2
51 47 2 2
52 45 2 2
52 46 2 2
53 47 2 2
53 48 2 2
54 47 2 2
54 48 2 2
55 48 2 2
55 53 2 2
56 54 2 2
56 41 2 2
57 56 2 2
57 41 2 2
58 43 2 2
58 51 2 2
59 48 2 2
59 52 2 2
40 53 2 2
40 56 2 2
41 55 2 2
41 48 2 2
62 61 3 3
62 60 3 3
63 60 3 3
63 62 3 3
64 63 3 3
64 60 3 3
65 60 3 3
65 62 3 3
66 64 3 3
66 60 3 3
67 63 3 3
67 66 3 3
68 61 3 3
68 63 3 3
69 61 3 3
69 60 3 3
70 64 3 3
70 60 3 3
71 68 3 3
71 69 3 3
72 70 3 3
72 67 3 3
73 61 3 3
73 72 3 3
74 60 3 3
74 73 3 3
75 70 3 3
75 68 3 3
76 61 3 3
76 63 3 3
77 68 3 3
77 76 3 3
78 61 3 3
78 68 3 3
79 65 3 3
79 66 3 3
60 79 3 3
60 67 3 3
61 75 3 3
61 79 3 3
82 80 4 4
82 81 4 4
83 80 4 4
83 82 4 4
84 83 4 4
84 80 4 4
85 83 4 4
85 81 4 4
86 82 4 4
86 85 4 4
87 81 4 4
87 83 4 4
88 80 4 4
88 82 4 4
89 88 4 4
89 81 4 4
90 88 4 4
90 89 4 4
91 85 4 4
91 80 4 4
92 91 4 4
92 84 4 4
93 81 4 4
93 87 4 4
94 84 4 4
94 85 4 4
95 82 4 4
95 80 4 4
96 89 4 4
96 93 4 4
97 82 4 4
97 88 4 4
98 94 4 4
98 89 4 4
99 87 4 4
99 83 4 4
80 97 4 4
80 85 4 4
81 83 4 4
81 92 4 4
102 101 5 5
102 100 5 5
103 100 5 5
103 102 5 5
104 100 5 5
104 101 5 5
105 103 5 5
105 101 5 5
106 100 5 5
106 105 5 5
107 103 5 5
107 100 5 5
108 105 5 5
108 100 5 5
109 100 5 5
109 106 5 5
110 109 5 5
110 103 5 5
111 108 5 5
111 103 5 5
112 110 5 5
112 101 5 5
113 110 5 5
113 101 5 5
114 103 5 5
114 112 5 5
115 100 5 5
115 112 5 5
116 102 5 5
116 101 5 5
117 103 5 5
117 108 5 5
118 115 5 5
118 100 5 5
119 118 5 5
119 117 5 5
100 113 5 5
100 112 5 5
101 117 5 5
101 115 5 5
122 121 6 6
122 120 6 6
123 121 6 6
123 122 6 6
124 121 6 6
124 123 6 6
125 124 6 6
125 122 6 6
126 122 6 6
126 123 6 6
127 122 6 6
127 121 6 6
128 123 6 6
128 126 6 6
129 127 6 6
129 121 6 6
130 124 6 6
130 129 6 6
131 125 6 6
131 126 6 6
132 126 6 6
132 130 6 6
133 130 6 6
133 131 6 6
134 126 6 6
134 133 6 6
135 123 6 6
135 132 6 6
136 120 6 6
136 129 6 6
137 130 6 6
137 122 6 6
138 123 6 6
138 121 6 6
139 126 6 6
139 122 6 6
120 127 6 6
120 137 6 6
121 128 6 6
121 136 6 6
142 140 7 7
142 141 7 7
143 140 7 7
143 142 7 7
144 140 7 7
144 142 7 7
145 144 7 7
145 143 7 7
146 140 7 7
146 142 7 7
147 143 7 7
147 146 7 7
148 140 7 7
148 143 7 7
149 140 7 7
149 141 7 7
150 147 7 7
150 145 7 7
151 146 7 7
151 148 7 7
152 149 7 7
152 150 7 7
153 150 7 7
153 142 7 7
154 148 7 7
154 149 7 7
155 147 7 7
155 154 7 7
156 140 7 7
156 151 7 7
157 154 7 7
157 152 7 7
158 146 7 7
158 141 7 7
159 141 7 7
159 158 7 7
140 151 7 7
140 155 7 7
141 147 7 7
141 145 7 7
162 161 8 8
162 160 8 8
163 162 8 8
163 160 8 8
164 163 8 8
164 160 8 8
165 163 8 8
165 160 8 8
166 162 8 8
166 163 8 8
167 160 8 8
167 165 8 8
168 164 8 8
168 165 8 8
169 167 8 8
169 165 8 8
170 161 8 8
170 169 8 8
171 162 8 8
171 160 8 8
172 165 8 8
172 169 8 8
173 160 8 8
173 166 8 8
174 160 8 8
174 170 8 8
175 165 8 8
175 166 8 8
176 163 8 8
176 165 8 8
177 163 8 8
177 162 8 8
178 173 8 8
178 174 8 8
179 171 8 8
179 164 8 8
160 172 8 8
160 178 8 8
161 167 8 8
161 168 8 8
182 181 9 9
182 180 9 9
183 181 9 9
183 180 9 9
184 181 9 9
184 180 9 9
185 184 9 9
185 183 9 9
186 183 9 9
186 184 9 9
187 186 9 9
187 182 9 9
188 181 9 9
188 182 9 9
189 186 9 9
189 188 9 9
190 184 9 9
190 185 9 9
191 184 9 9
191 186 9 9
192 180 9 9
192 184 9 9
193 185 9 9
193 184 9 9
194 180 9 9
194 192 9 9
195 192 9 9
195 186 9 9
196 185 9 9
196 182 9 9
197 191 9 9
197 180 9 9
198 180 9 9
198 197 9 9
199 190 9 9
199 186 9 9
180 189 9 9
180 193 9 9
181 195 9 9
181 189 9 9
202 200 10 10
202 201 10 10
203 201 10 10
203 202 10 10
204 202 10 10
204 200 10 10
205 204 10 10
205 202 10 10
206 203 10 10
206 201 10 10
207 205 10 10
207 204 10 10
208 201 10 10
208 207 10 10
209 202 10 10
209 201 10 10
210 209 10 10
210 203 10 10
211 200 10 10
211 202 10 10
212 211 10 10
212 201 10 10
213 200 10 10
213 206 10 10
214 212 10 10
214 200 10 10
215 211 10 10
215 208 10 10
216 215 10 10
216 204 10 10
217 213 10 10
217 216 10 10
218 213 10 10
218 201 10 10
219 210 10 10
219 207 10 10
200 207 10 10
200 206 10 10
201 210 10 10
201 217 10 10
222 220 11 11
222 221 11 11
223 221 11 11
223 220 11 11
224 222 11 11
224 220 11 11
225 222 11 11
225 220 11 11
226 221 11 11
226 220 11 11
227 225 11 11
227 222 11 11
228 220 11 11
228 224 11 11
229 223 11 11
229 221 11 11
230 220 11 11
230 224 11 11
231 220 11 11
231 226 11 11
232 230 11 11
232 227 11 11
233 228 11 11
233 220 11 11
234 223 11 11
234 228 11 11
235 223 11 11
235 232 11 11
236 235 11 11
236 233 11 11
237 232 11 11
237 221 11 11
238 234 11 11
238 221 11 11
239 235 11 11
239 233 11 11
220 239 11 11
220 236 11 11
221 224 11 11
221 225 11 11
242 240 12 12
242 241 12 12
243 242 12 12
243 240 12 12
244 241 12 12
244 242 12 12
245 240 12 12
245 244 12 12
246 242 12 12
246 243 12 12
247 244 12 12
247 245 12 12
248 247 12 12
248 241 12 12
249 245 12 12
249 242 12 12
250 245 12 12
250 240 12 12
251 247 12 12
251 242 12 12
252 244 12 12
252 247 12 12
253 248 12 12
253 244 12 12
254 252 12 12
254 243 12 12
255 247 12 12
255 245 12 12
256 248 12 12
256 247 12 12
257 243 12 12
257 246 12 12
258 247 12 12
258 242 12 12
259 241 12 12
259 250 12 12
240 249 12 12
240 244 12 12
241 251 12 12
241 256 12 12
262 260 13 13
262 261 13 13
263 261 13 13
263 260 13 13
264 261 13 13
264 263 13 13
265 262 13 13
265 264 13 13
266 260 13 13
266 262 13 13
267 260 13 13
267 264 13 13
268 261 13 13
268 260 13 13
269 267 13 13
269 260 13 13
270 264 13 13
270 266 13 13
271 267 13 13
271 260 13 13
272 263 13 13
272 261 13 13
273 272 13 13
273 261 13 13
274 267 13 13
274 273 13 13
275 263 13 13
275 270 13 13
276 274 13 13
276 275 13 13
277 260 13 13
277 267 13 13
278 277 13 13
278 272 13 13
279 260 13 13
279 275 13 13
260 275 13 13
260 272 13 13
261 267 13 13
261 275 13 13
282 280 14 14
282 281 14 14
283 280 14 14
283 281 14 14
284 281 14 14
284 280 14 14
285 284 14 14
285 283 14 14
286 281 14 14
286 280 14 14
287 283 14 14
287 281 14 14
288 280 14 14
288 282 14 14
289 280 14 14
289 287 14 14
290 289 14 14
290 284 14 14
291 281 14 14
291 280 14 14
292 290 14 14
292 291 14 14
293 285 14 14
293 284 14 14
294 284 14 14
294 287 14 14
295 285 14 14
295 288 14 14
296 280 14 14
296 284 14 14
297 282 14 14
297 286 14 14
298 287 14 14
298 286 14 14
299 293 14 14
299 287 14 14
280 295 14 14
280 297 14 14
281 292 14 14
281 293 14 14
302 300 15 15
302 301 15 15
303 302 15 15
303 300 15 15
304 302 15 15
304 301 15 15
305 303 15 15
305 300 15 15
306 305 15 15
306 301 15 15
307 302 15 15
307 306 15 15
308 305 15 15
308 303 15 15
309 308 15 15
309 307 15 15
310 306 15 15
310 305 15 15
311 301 15 15
311 308 15 15
312 307 15 15
312 305 15 15
313 300 15 15
313 308 15 15
314 311 15 15
314 306 15 15
315 303 15 15
315 313 15 15
316 309 15 15
316 303 15 15
317 314 15 15
317 312 15 15
318 305 15 15
318 306 15 15
319 304 15 15
319 306 15 15
300 308 15 15
300 314 15 15
301 319 15 15
301 303 15 15
45 6 2 0
46 21 2 1
74 39 3 1
77 3 3 0
90 11 4 0
95 73 4 3
108 55 5 2
115 2 5 0
121 21 6 1
135 108 6 5
148 65 7 3
156 26 7 1
174 154 8 7
167 112 8 5
181 124 9 6
189 51 9 2
219 104 10 5
213 134 10 6
231 135 11 6
227 191 11 9
243 30 12 1
243 181 12 9
262 111 13 5
267 130 13 6
285 247 14 12
284 235 14 11
312 20 15 1
319 109 15 5
18 262 0 13
18 186 0 9
33 99 1 4
39 112 1 5
