swNum = 320
edgeNum = 672

0 0
1 0
2 0
3 0
4 0
5 0
6 0
7 0
8 0
9 0
10 0
11 0
12 0
13 0
14 0
15 0
16 0
17 0
18 0
19 0
20 1
21 1
22 1
23 1
24 1
25 1
26 1
27 1
28 1
29 1
30 1
31 1
32 1
33 1
34 1
35 1
36 1
37 1
38 1
39 1
40 2
41 2
42 2
43 2
44 2
45 2
46 2
47 2
48 2
49 2
50 2
51 2
52 2
53 2
54 2
55 2
56 2
57 2
58 2
59 2
60 3
61 3
62 3
63 3
64 3
65 3
66 3
67 3
68 3
69 3
70 3
71 3
72 3
73 3
74 3
75 3
76 3
77 3
78 3
79 3
80 4
81 4
82 4
83 4
84 4
85 4
86 4
87 4
88 4
89 4
90 4
91 4
92 4
93 4
94 4
95 4
96 4
97 4
98 4
99 4
100 5
101 5
102 5
103 5
104 5
105 5
106 5
107 5
108 5
109 5
110 5
111 5
112 5
113 5
114 5
115 5
116 5
117 5
118 5
119 5
120 6
121 6
122 6
123 6
124 6
125 6
126 6
127 6
128 6
129 6
130 6
131 6
132 6
133 6
134 6
135 6
136 6
137 6
138 6
139 6
140 7
141 7
142 7
143 7
144 7
145 7
146 7
147 7
148 7
149 7
150 7
151 7
152 7
153 7
154 7
155 7
156 7
157 7
158 7
159 7
160 8
161 8
162 8
163 8
164 8
165 8
166 8
167 8
168 8
169 8
170 8
171 8
172 8
173 8
174 8
175 8
176 8
177 8
178 8
179 8
180 9
181 9
182 9
183 9
184 9
185 9
186 9
187 9
188 9
189 9
190 9
191 9
192 9
193 9
194 9
195 9
196 9
197 9
198 9
199 9
200 10
201 10
202 10
203 10
204 10
205 10
206 10
207 10
208 10
209 10
210 10
211 10
212 10
213 10
214 10
215 10
216 10
217 10
218 10
219 10
220 11
221 11
222 11
223 11
224 11
225 11
226 11
227 11
228 11
229 11
230 11
231 11
232 11
233 11
234 11
235 11
236 11
237 11
238 11
239 11
240 12
241 12
242 12
243 12
244 12
245 12
246 12
247 12
248 12
249 12
250 12
251 12
252 12
253 12
254 12
255 12
256 12
257 12
258 12
259 12
260 13
261 13
262 13
263 13
264 13
265 13
266 13
267 13
268 13
269 13
270 13
271 13
272 13
273 13
274 13
275 13
276 13
277 13
278 13
279 13
280 14
281 14
282 14
283 14
284 14
285 14
286 14
287 14
288 14
289 14
290 14
291 14
292 14
293 14
294 14
295 14
296 14
297 14
298 14
299 14
300 15
301 15
302 15
303 15
304 15
305 15
306 15
307 15
308 15
309 15
310 15
311 15
312 15
313 15
314 15
315 15
316 15
317 15
318 15
319 15

2 0 0 0
2 1 0 0
3 1 0 0
3 2 0 0
4 1 0 0
4 3 0 0
5 0 0 0
5 1 0 0
6 3 0 0
6 0 0 0
7 1 0 0
7 4 0 0
8 7 0 0
8 4 0 0
9 8 0 0
9 5 0 0
10 2 0 0
10 9 0 0
11 1 0 0
11 6 0 0
12 2 0 0
12 1 0 0
13 2 0 0
13 0 0 0
14 2 0 0
14 11 0 0
15 9 0 0
15 7 0 0
16 1 0 0
16 13 0 0
17 7 0 0
17 1 0 0
18 12 0 0
18 17 0 0
19 18 0 0
19 10 0 0
0 19 0 0
0 16 0 0
1 15 0 0
1 18 0 0
22 20 1 1
22 21 1 1
23 21 1 1
23 22 1 1
24 21 1 1
24 22 1 1
25 24 1 1
25 22 1 1
26 20 1 1
26 23 1 1
27 22 1 1
27 23 1 1
28 21 1 1
28 23 1 1
29 27 1 1
29 20 1 1
30 23 1 1
30 20 1 1
31 21 1 1
31 23 1 1
32 26 1 1
32 27 1 1
33 28 1 1
33 27 1 1
34 22 1 1
34 26 1 1
35 27 1 1
35 20 1 1
36 21 1 1
36 20 1 1
37 31 1 1
37 20 1 1
38 22 1 1
38 35 1 1
39 33 1 1
39 28 1 1
20 28 1 1
20 39 1 1
21 33 1 1
21 27 1 1
42 40 2 2
42 41 2 2
43 42 2 2
43 41 2 2
44 41 2 2
44 43 2 2
45 43 2 2
45 42 2 2
46 45 2 2
46 41 2 2
47 40 2 2
47 41 2 2
48 41 2 2
48 45 2 2
49 41 2 2
49 48 2 2
50 47 2 2
50 45 2 2
51 48 2 2
51 43 2 2
52 48 2 2
52 50 2 2
53 48 2 2
53 52 2 2
54 44 2 2
54 52 2 2
55 54 2 2
55 47 2 2
56 41 2 2
56 52 2 2
57 53 2 2
57 44 2 2
58 45 2 2
58 54 2 2
59 53 2 2
59 45 2 2
40 48 2 2
40 51 2 2
41 51 2 2
41 55 2 2
62 61 3 3
62 60 3 3
63 60 3 3
63 61 3 3
64 60 3 3
64 63 3 3
65 60 3 3
65 63 3 3
66 64 3 3
66 65 3 3
67 65 3 3
67 66 3 3
68 62 3 3
68 60 3 3
69 67 3 3
69 65 3 3
70 68 3 3
70 62 3 3
71 66 3 3
71 62 3 3
72 63 3 3
72 67 3 3
73 61 3 3
73 72 3 3
74 66 3 3
74 67 3 3
75 65 3 3
75 63 3 3
76 70 3 3
76 60 3 3
77 63 3 3
77 68 3 3
78 77 3 3
78 63 3 3
79 67 3 3
79 74 3 3
60 67 3 3
60 74 3 3
61 70 3 3
61 68 3 3
82 80 4 4
82 81 4 4
83 82 4 4
83 81 4 4
84 83 4 4
84 81 4 4
85 80 4 4
85 82 4 4
86 85 4 4
86 80 4 4
87 81 4 4
87 86 4 4
88 81 4 4
88 83 4 4
89 85 4 4
89 88 4 4
90 82 4 4
90 86 4 4
91 82 4 4
91 87 4 4
92 83 4 4
92 87 4 4
93 87 4 4
93 82 4 4
94 81 4 4
94 82 4 4
95 92 4 4
95 85 4 4
96 95 4 4
96 87 4 4
97 82 4 4
97 83 4 4
98 88 4 4
98 82 4 4
99 88 4 4
99 87 4 4
80 83 4 4
80 88 4 4
81 89 4 4
81 92 4 4
102 101 5 5
102 100 5 5
103 102 5 5
103 101 5 5
104 100 5 5
104 102 5 5
105 101 5 5
105 104 5 5
106 103 5 5
106 102 5 5
107 100 5 5
107 101 5 5
108 101 5 5
108 104 5 5
109 101 5 5
109 104 5 5
110 106 5 5
110 109 5 5
111 108 5 5
111 107 5 5
112 109 5 5
112 101 5 5
113 104 5 5
113 101 5 5
114 107 5 5
114 113 5 5
115 112 5 5
115 107 5 5
116 110 5 5
116 100 5 5
117 111 5 5
117 108 5 5
118 108 5 5
118 112 5 5
119 107 5 5
119 113 5 5
100 117 5 5
100 106 5 5
101 116 5 5
101 104 5 5
122 121 6 6
122 120 6 6
123 121 6 6
123 120 6 6
124 122 6 6
124 120 6 6
125 123 6 6
125 121 6 6
126 124 6 6
126 125 6 6
127 125 6 6
127 121 6 6
128 120 6 6
128 127 6 6
129 128 6 6
129 126 6 6
130 123 6 6
130 120 6 6
131 127 6 6
131 126 6 6
132 121 6 6
132 131 6 6
133 120 6 6
133 132 6 6
134 131 6 6
134 124 6 6
135 123 6 6
135 120 6 6
136 121 6 6
136 125 6 6
137 126 6 6
137 134 6 6
138 120 6 6
138 122 6 6
139 132 6 6
139 130 6 6
120 139 6 6
120 127 6 6
121 126 6 6
121 138 6 6
142 140 7 7
142 141 7 7
143 141 7 7
143 140 7 7
144 141 7 7
144 140 7 7
145 143 7 7
145 144 7 7
146 144 7 7
146 143 7 7
147 144 7 7
147 142 7 7
148 145 7 7
148 147 7 7
149 143 7 7
149 145 7 7
150 149 7 7
150 144 7 7
151 140 7 7
151 147 7 7
152 141 7 7
152 149 7 7
153 141 7 7
153 150 7 7
154 146 7 7
154 145 7 7
155 148 7 7
155 144 7 7
156 142 7 7
156 140 7 7
157 145 7 7
157 156 7 7
158 153 7 7
158 144 7 7
159 140 7 7
159 144 7 7
140 155 7 7
140 158 7 7
141 148 7 7
141 158 7 7
162 160 8 8
162 161 8 8
163 161 8 8
163 160 8 8
164 163 8 8
164 162 8 8
165 162 8 8
165 160 8 8
166 163 8 8
166 161 8 8
167 160 8 8
167 162 8 8
168 162 8 8
168 163 8 8
169 167 8 8
169 160 8 8
170 165 8 8
170 167 8 8
171 167 8 8
171 160 8 8
172 161 8 8
172 160 8 8
173 166 8 8
173 161 8 8
174 167 8 8
174 162 8 8
175 174 8 8
175 164 8 8
176 168 8 8
176 163 8 8
177 175 8 8
177 164 8 8
178 167 8 8
178 171 8 8
179 163 8 8
179 167 8 8
160 168 8 8
160 174 8 8
161 176 8 8
161 168 8 8
182 180 9 9
182 181 9 9
183 180 9 9
183 182 9 9
184 183 9 9
184 181 9 9
185 183 9 9
185 181 9 9
186 183 9 9
186 182 9 9
187 185 9 9
187 182 9 9
188 186 9 9
188 182 9 9
189 185 9 9
189 186 9 9
190 185 9 9
190 187 9 9
191 187 9 9
191 188 9 9
192 184 9 9
192 183 9 9
193 188 9 9
193 192 9 9
194 190 9 9
194 191 9 9
195 189 9 9
195 187 9 9
196 189 9 9
196 193 9 9
197 184 9 9
197 188 9 9
198 197 9 9
198 183 9 9
199 197 9 9
199 194 9 9
180 196 9 9
180 198 9 9
181 194 9 9
181 191 9 9
202 201 10 10
202 200 10 10
203 202 10 10
203 201 10 10
204 200 10 10
204 203 10 10
205 200 10 10
205 203 10 10
206 205 10 10
206 203 10 10
207 203 10 10
207 205 10 10
208 205 10 10
208 203 10 10
209 205 10 10
209 204 10 10
210 201 10 10
210 209 10 10
211 209 10 10
211 200 10 10
212 201 10 10
212 208 10 10
213 211 10 10
213 204 10 10
214 210 10 10
214 209 10 10
215 201 10 10
215 208 10 10
216 213 10 10
216 207 10 10
217 200 10 10
217 213 10 10
218 200 10 10
218 217 10 10
219 216 10 10
219 211 10 10
200 208 10 10
200 209 10 10
201 218 10 10
201 206 10 10
222 220 11 11
222 221 11 11
223 222 11 11
223 221 11 11
224 221 11 11
224 223 11 11
225 221 11 11
225 224 11 11
226 222 11 11
226 223 11 11
227 223 11 11
227 222 11 11
228 227 11 11
228 223 11 11
229 225 11 11
229 228 11 11
230 227 11 11
230 229 11 11
231 223 11 11
231 222 11 11
232 222 11 11
232 223 11 11
233 220 11 11
233 221 11 11
234 230 11 11
234 222 11 11
235 229 11 11
235 232 11 11
236 230 11 11
236 228 11 11
237 224 11 11
237 226 11 11
238 222 11 11
238 228 11 11
239 233 11 11
239 234 11 11
220 225 11 11
220 229 11 11
221 229 11 11
221 235 11 11
242 240 12 12
242 241 12 12
243 240 12 12
243 242 12 12
244 243 12 12
244 240 12 12
245 244 12 12
245 241 12 12
246 242 12 12
246 244 12 12
247 243 12 12
247 241 12 12
248 247 12 12
248 241 12 12
249 246 12 12
249 244 12 12
250 244 12 12
250 245 12 12
251 247 12 12
251 241 12 12
252 245 12 12
252 240 12 12
253 250 12 12
253 248 12 12
254 253 12 12
254 251 12 12
255 253 12 12
255 246 12 12
256 247 12 12
256 249 12 12
257 253 12 12
257 244 12 12
258 252 12 12
258 257 12 12
259 251 12 12
259 255 12 12
240 257 12 12
240 258 12 12
241 259 12 12
241 252 12 12
262 261 13 13
262 260 13 13
263 260 13 13
263 262 13 13
264 263 13 13
264 262 13 13
265 260 13 13
265 263 13 13
266 262 13 13
266 263 13 13
267 265 13 13
267 262 13 13
268 265 13 13
268 260 13 13
269 267 13 13
269 262 13 13
270 262 13 13
270 261 13 13
271 266 13 13
271 260 13 13
272 265 13 13
272 267 13 13
273 263 13 13
273 265 13 13
274 270 13 13
274 272 13 13
275 267 13 13
275 269 13 13
276 260 13 13
276 270 13 13
277 264 13 13
277 263 13 13
278 273 13 13
278 267 13 13
279 270 13 13
279 274 13 13
260 277 13 13
260 264 13 13
261 267 13 13
261 278 13 13
282 281 14 14
282 280 14 14
283 280 14 14
283 281 14 14
284 283 14 14
284 282 14 14
285 280 14 14
285 284 14 14
286 285 14 14
286 284 14 14
287 286 14 14
287 280 14 14
288 284 14 14
288 280 14 14
289 285 14 14
289 281 14 14
290 280 14 14
290 284 14 14
291 283 14 14
291 281 14 14
292 284 14 14
292 280 14 14
293 284 14 14
293 283 14 14
294 293 14 14
294 287 14 14
295 288 14 14
295 286 14 14
296 282 14 14
296 280 14 14
297 284 14 14
297 293 14 14
298 287 14 14
298 286 14 14
299 294 14 14
299 284 14 14
280 297 14 14
280 291 14 14
281 299 14 14
281 292 14 14
302 301 15 15
302 300 15 15
303 301 15 15
303 302 15 15
304 302 15 15
304 301 15 15
305 302 15 15
305 304 15 15
306 304 15 15
306 301 15 15
307 306 15 15
307 301 15 15
308 307 15 15
308 301 15 15
309 305 15 15
309 306 15 15
310 307 15 15
310 301 15 15
311 307 15 15
311 309 15 15
312 300 15 15
312 305 15 15
313 303 15 15
313 301 15 15
314 313 15 15
314 308 15 15
315 308 15 15
315 307 15 15
316 311 15 15
316 302 15 15
317 311 15 15
317 303 15 15
318 312 15 15
318 302 15 15
319 302 15 15
319 316 15 15
300 305 15 15
300 316 15 15
301 316 15 15
301 315 15 15
53 17 2 0
41 37 2 1
73 51 3 2
71 24 3 1
97 28 4 1
81 79 4 3
104 48 5 2
114 76 5 3
133 106 6 5
126 2 6 0
148 14 7 0
141 93 7 4
177 84 8 4
163 130 8 6
190 162 9 8
181 124 9 6
212 20 10 1
201 49 10 2
220 100 11 5
229 41 11 2
255 119 12 5
255 139 12 6
271 17 13 0
261 107 13 5
289 148 14 7
280 4 14 0
313 21 15 1
302 218 15 10
6 249 0 12
7 189 0 9
22 195 1 9
27 250 1 12
