swNum = 320
edgeNum = 672

0 0
1 0
2 0
3 0
4 0
5 0
6 0
7 0
8 0
9 0
10 0
11 0
12 0
13 0
14 0
15 0
16 0
17 0
18 0
19 0
20 1
21 1
22 1
23 1
24 1
25 1
26 1
27 1
28 1
29 1
30 1
31 1
32 1
33 1
34 1
35 1
36 1
37 1
38 1
39 1
40 2
41 2
42 2
43 2
44 2
45 2
46 2
47 2
48 2
49 2
50 2
51 2
52 2
53 2
54 2
55 2
56 2
57 2
58 2
59 2
60 3
61 3
62 3
63 3
64 3
65 3
66 3
67 3
68 3
69 3
70 3
71 3
72 3
73 3
74 3
75 3
76 3
77 3
78 3
79 3
80 4
81 4
82 4
83 4
84 4
85 4
86 4
87 4
88 4
89 4
90 4
91 4
92 4
93 4
94 4
95 4
96 4
97 4
98 4
99 4
100 5
101 5
102 5
103 5
104 5
105 5
106 5
107 5
108 5
109 5
110 5
111 5
112 5
113 5
114 5
115 5
116 5
117 5
118 5
119 5
120 6
121 6
122 6
123 6
124 6
125 6
126 6
127 6
128 6
129 6
130 6
131 6
132 6
133 6
134 6
135 6
136 6
137 6
138 6
139 6
140 7
141 7
142 7
143 7
144 7
145 7
146 7
147 7
148 7
149 7
150 7
151 7
152 7
153 7
154 7
155 7
156 7
157 7
158 7
159 7
160 8
161 8
162 8
163 8
164 8
165 8
166 8
167 8
168 8
169 8
170 8
171 8
172 8
173 8
174 8
175 8
176 8
177 8
178 8
179 8
180 9
181 9
182 9
183 9
184 9
185 9
186 9
187 9
188 9
189 9
190 9
191 9
192 9
193 9
194 9
195 9
196 9
197 9
198 9
199 9
200 10
201 10
202 10
203 10
204 10
205 10
206 10
207 10
208 10
209 10
210 10
211 10
212 10
213 10
214 10
215 10
216 10
217 10
218 10
219 10
220 11
221 11
222 11
223 11
224 11
225 11
226 11
227 11
228 11
229 11
230 11
231 11
232 11
233 11
234 11
235 11
236 11
237 11
238 11
239 11
240 12
241 12
242 12
243 12
244 12
245 12
246 12
247 12
248 12
249 12
250 12
251 12
252 12
253 12
254 12
255 12
256 12
257 12
258 12
259 12
260 13
261 13
262 13
263 13
264 13
265 13
266 13
267 13
268 13
269 13
270 13
271 13
272 13
273 13
274 13
275 13
276 13
277 13
278 13
279 13
280 14
281 14
282 14
283 14
284 14
285 14
286 14
287 14
288 14
289 14
290 14
291 14
292 14
293 14
294 14
295 14
296 14
297 14
298 14
299 14
300 15
301 15
302 15
303 15
304 15
305 15
306 15
307 15
308 15
309 15
310 15
311 15
312 15
313 15
314 15
315 15
316 15
317 15
318 15
319 15

2 1 0 0
2 0 0 0
3 1 0 0
3 2 0 0
4 3 0 0
4 2 0 0
5 2 0 0
5 3 0 0
6 0 0 0
6 3 0 0
7 1 0 0
7 4 0 0
8 2 0 0
8 7 0 0
9 3 0 0
9 6 0 0
10 5 0 0
10 7 0 0
11 4 0 0
11 3 0 0
12 8 0 0
12 4 0 0
13 12 0 0
13 4 0 0
14 4 0 0
14 9 0 0
15 1 0 0
15 3 0 0
16 15 0 0
16 0 0 0
17 5 0 0
17 11 0 0
18 3 0 0
18 1 0 0
19 8 0 0
19 10 0 0
0 19 0 0
0 15 0 0
1 9 0 0
1 4 0 0
22 21 1 1
22 20 1 1
23 20 1 1
23 21 1 1
24 22 1 1
24 20 1 1
25 23 1 1
25 20 1 1
26 24 1 1
26 21 1 1
27 23 1 1
27 26 1 1
28 26 1 1
28 22 1 1
29 20 1 1
29 27 1 1
30 27 1 1
30 23 1 1
31 25 1 1
31 27 1 1
32 20 1 1
32 30 1 1
33 21 1 1
33 32 1 1
34 20 1 1
34 31 1 1
35 22 1 1
35 26 1 1
36 33 1 1
36 20 1 1
37 33 1 1
37 36 1 1
38 28 1 1
38 21 1 1
39 23 1 1
39 29 1 1
20 27 1 1
20 28 1 1
21 35 1 1
21 39 1 1
42 41 2 2
42 40 2 2
43 42 2 2
43 40 2 2
44 42 2 2
44 40 2 2
45 43 2 2
45 44 2 2
46 45 2 2
46 44 2 2
47 46 2 2
47 42 2 2
48 46 2 2
48 44 2 2
49 42 2 2
49 41 2 2
50 42 2 2
50 41 2 2
51 49 2 2
51 42 2 2
52 51 2 2
52 44 2 2
53 52 2 2
53 49 2 2
54 42 2 2
54 52 2 2
55 48 2 2
55 42 2 2
56 42 2 2
56 44 2 2
57 56 2 2
57 53 2 2
58 56 2 2
58 43 2 2
59 55 2 2
59 48 2 2
40 59 2 2
40 55 2 2
41 45 2 2
41 57 2 2
62 60 3 3
62 61 3 3
63 62 3 3
63 61 3 3
64 63 3 3
64 62 3 3
65 62 3 3
65 63 3 3
66 62 3 3
66 63 3 3
67 62 3 3
67 63 3 3
68 62 3 3
68 67 3 3
69 60 3 3
69 62 3 3
70 69 3 3
70 66 3 3
71 67 3 3
71 66 3 3
72 60 3 3
72 61 3 3
73 63 3 3
73 69 3 3
74 61 3 3
74 68 3 3
75 64 3 3
75 66 3 3
76 71 3 3
76 66 3 3
77 73 3 3
77 76 3 3
78 68 3 3
78 71 3 3
79 71 3 3
79 67 3 3
60 68 3 3
60 70 3 3
61 70 3 3
61 68 3 3
82 80 4 4
82 81 4 4
83 81 4 4
83 80 4 4
84 81 4 4
84 80 4 4
85 82 4 4
85 80 4 4
86 85 4 4
86 84 4 4
87 85 4 4
87 84 4 4
88 85 4 4
88 80 4 4
89 82 4 4
89 86 4 4
90 84 4 4
90 85 4 4
91 87 4 4
91 88 4 4
92 80 4 4
92 84 4 4
93 89 4 4
93 91 4 4
94 87 4 4
94 91 4 4
95 82 4 4
95 93 4 4
96 91 4 4
96 82 4 4
97 96 4 4
97 95 4 4
98 85 4 4
98 89 4 4
99 98 4 4
99 88 4 4
80 86 4 4
80 99 4 4
81 98 4 4
81 87 4 4
102 101 5 5
102 100 5 5
103 102 5 5
103 101 5 5
104 102 5 5
104 100 5 5
105 103 5 5
105 104 5 5
106 105 5 5
106 103 5 5
107 103 5 5
107 104 5 5
108 106 5 5
108 101 5 5
109 102 5 5
109 100 5 5
110 108 5 5
110 109 5 5
111 107 5 5
111 100 5 5
112 110 5 5
112 104 5 5
113 104 5 5
113 102 5 5
114 108 5 5
114 109 5 5
115 102 5 5
115 107 5 5
116 100 5 5
116 104 5 5
117 100 5 5
117 104 5 5
118 108 5 5
118 100 5 5
119 104 5 5
119 105 5 5
100 115 5 5
100 105 5 5
101 109 5 5
101 111 5 5
122 121 6 6
122 120 6 6
123 122 6 6
123 121 6 6
124 122 6 6
124 121 6 6
125 121 6 6
125 122 6 6
126 123 6 6
126 125 6 6
127 125 6 6
127 121 6 6
128 125 6 6
128 121 6 6
129 123 6 6
129 124 6 6
130 125 6 6
130 122 6 6
131 123 6 6
131 125 6 6
132 129 6 6
132 130 6 6
133 127 6 6
133 131 6 6
134 131 6 6
134 120 6 6
135 131 6 6
135 124 6 6
136 126 6 6
136 121 6 6
137 131 6 6
137 123 6 6
138 129 6 6
138 126 6 6
139 138 6 6
139 135 6 6
120 128 6 6
120 139 6 6
121 126 6 6
121 133 6 6
142 141 7 7
142 140 7 7
143 140 7 7
143 141 7 7
144 140 7 7
144 142 7 7
145 141 7 7
145 144 7 7
146 145 7 7
146 141 7 7
147 142 7 7
147 143 7 7
148 143 7 7
148 141 7 7
149 140 7 7
149 148 7 7
150 144 7 7
150 145 7 7
151 150 7 7
151 146 7 7
152 150 7 7
152 146 7 7
153 146 7 7
153 142 7 7
154 141 7 7
154 140 7 7
155 153 7 7
155 147 7 7
156 140 7 7
156 143 7 7
157 143 7 7
157 155 7 7
158 157 7 7
158 153 7 7
159 154 7 7
159 150 7 7
140 158 7 7
140 153 7 7
141 144 7 7
141 152 7 7
162 160 8 8
162 161 8 8
163 161 8 8
163 160 8 8
164 161 8 8
164 162 8 8
165 162 8 8
165 163 8 8
166 161 8 8
166 165 8 8
167 163 8 8
167 160 8 8
168 163 8 8
168 167 8 8
169 168 8 8
169 165 8 8
170 160 8 8
170 165 8 8
171 167 8 8
171 164 8 8
172 171 8 8
172 162 8 8
173 162 8 8
173 169 8 8
174 160 8 8
174 167 8 8
175 170 8 8
175 163 8 8
176 172 8 8
176 160 8 8
177 176 8 8
177 160 8 8
178 163 8 8
178 171 8 8
179 163 8 8
179 178 8 8
160 168 8 8
160 164 8 8
161 172 8 8
161 175 8 8
182 181 9 9
182 180 9 9
183 181 9 9
183 180 9 9
184 181 9 9
184 183 9 9
185 181 9 9
185 182 9 9
186 181 9 9
186 183 9 9
187 182 9 9
187 181 9 9
188 183 9 9
188 187 9 9
189 183 9 9
189 184 9 9
190 189 9 9
190 183 9 9
191 181 9 9
191 190 9 9
192 190 9 9
192 191 9 9
193 192 9 9
193 188 9 9
194 182 9 9
194 181 9 9
195 194 9 9
195 185 9 9
196 191 9 9
196 188 9 9
197 195 9 9
197 192 9 9
198 188 9 9
198 189 9 9
199 185 9 9
199 183 9 9
180 194 9 9
180 186 9 9
181 198 9 9
181 193 9 9
202 201 10 10
202 200 10 10
203 200 10 10
203 202 10 10
204 202 10 10
204 203 10 10
205 202 10 10
205 203 10 10
206 200 10 10
206 205 10 10
207 204 10 10
207 200 10 10
208 203 10 10
208 206 10 10
209 208 10 10
209 200 10 10
210 204 10 10
210 209 10 10
211 201 10 10
211 209 10 10
212 203 10 10
212 211 10 10
213 209 10 10
213 208 10 10
214 208 10 10
214 213 10 10
215 204 10 10
215 203 10 10
216 200 10 10
216 207 10 10
217 200 10 10
217 205 10 10
218 203 10 10
218 216 10 10
219 214 10 10
219 208 10 10
200 213 10 10
200 214 10 10
201 216 10 10
201 219 10 10
222 220 11 11
222 221 11 11
223 220 11 11
223 222 11 11
224 220 11 11
224 222 11 11
225 220 11 11
225 223 11 11
226 225 11 11
226 222 11 11
227 221 11 11
227 224 11 11
228 222 11 11
228 226 11 11
229 222 11 11
229 220 11 11
230 226 11 11
230 228 11 11
231 227 11 11
231 230 11 11
232 220 11 11
232 225 11 11
233 222 11 11
233 232 11 11
234 223 11 11
234 222 11 11
235 231 11 11
235 227 11 11
236 226 11 11
236 235 11 11
237 220 11 11
237 224 11 11
238 231 11 11
238 228 11 11
239 232 11 11
239 233 11 11
220 227 11 11
220 239 11 11
221 229 11 11
221 234 11 11
242 241 12 12
242 240 12 12
243 240 12 12
243 241 12 12
244 240 12 12
244 241 12 12
245 244 12 12
245 240 12 12
246 241 12 12
246 243 12 12
247 245 12 12
247 240 12 12
248 247 12 12
248 240 12 12
249 241 12 12
249 243 12 12
250 241 12 12
250 249 12 12
251 250 12 12
251 242 12 12
252 250 12 12
252 249 12 12
253 252 12 12
253 241 12 12
254 240 12 12
254 253 12 12
255 241 12 12
255 254 12 12
256 241 12 12
256 246 12 12
257 244 12 12
257 255 12 12
258 254 12 12
258 250 12 12
259 251 12 12
259 247 12 12
240 252 12 12
240 246 12 12
241 258 12 12
241 254 12 12
262 261 13 13
262 260 13 13
263 260 13 13
263 261 13 13
264 261 13 13
264 262 13 13
265 260 13 13
265 264 13 13
266 265 13 13
266 261 13 13
267 263 13 13
267 266 13 13
268 267 13 13
268 263 13 13
269 262 13 13
269 260 13 13
270 269 13 13
270 267 13 13
271 262 13 13
271 263 13 13
272 266 13 13
272 271 13 13
273 266 13 13
273 268 13 13
274 264 13 13
274 260 13 13
275 268 13 13
275 272 13 13
276 264 13 13
276 265 13 13
277 260 13 13
277 265 13 13
278 262 13 13
278 266 13 13
279 278 13 13
279 265 13 13
260 267 13 13
260 273 13 13
261 277 13 13
261 267 13 13
282 280 14 14
282 281 14 14
283 280 14 14
283 281 14 14
284 281 14 14
284 282 14 14
285 283 14 14
285 281 14 14
286 282 14 14
286 280 14 14
287 280 14 14
287 284 14 14
288 285 14 14
288 280 14 14
289 281 14 14
289 288 14 14
290 285 14 14
290 286 14 14
291 288 14 14
291 287 14 14
292 282 14 14
292 286 14 14
293 285 14 14
293 280 14 14
294 293 14 14
294 280 14 14
295 286 14 14
295 285 14 14
296 291 14 14
296 293 14 14
297 287 14 14
297 285 14 14
298 283 14 14
298 288 14 14
299 284 14 14
299 289 14 14
280 295 14 14
280 292 14 14
281 287 14 14
281 298 14 14
302 301 15 15
302 300 15 15
303 302 15 15
303 301 15 15
304 301 15 15
304 303 15 15
305 300 15 15
305 304 15 15
306 302 15 15
306 301 15 15
307 305 15 15
307 306 15 15
308 306 15 15
308 301 15 15
309 304 15 15
309 305 15 15
310 308 15 15
310 306 15 15
311 308 15 15
311 310 15 15
312 302 15 15
312 305 15 15
313 304 15 15
313 306 15 15
314 304 15 15
314 302 15 15
315 307 15 15
315 311 15 15
316 310 15 15
316 308 15 15
317 309 15 15
317 305 15 15
318 305 15 15
318 307 15 15
319 302 15 15
319 308 15 15
300 303 15 15
300 312 15 15
301 315 15 15
301 314 15 15
53 21 2 1
58 6 2 0
65 46 3 2
72 22 3 1
81 44 4 2
92 68 4 3
109 52 5 2
107 62 5 3
121 73 6 3
131 83 6 4
156 124 7 6
152 52 7 2
172 62 8 3
160 47 8 2
185 72 9 3
186 82 9 4
219 157 10 7
209 110 10 5
225 9 11 0
232 57 11 2
254 208 12 10
250 79 12 3
263 242 13 12
265 62 13 3
293 37 14 1
295 11 14 0
301 37 15 1
311 236 15 11
3 245 0 12
13 85 0 4
31 117 1 5
25 146 1 7
