swNum = 320
edgeNum = 672

0 0
1 0
2 0
3 0
4 0
5 0
6 0
7 0
8 0
9 0
10 0
11 0
12 0
13 0
14 0
15 0
16 0
17 0
18 0
19 0
20 1
21 1
22 1
23 1
24 1
25 1
26 1
27 1
28 1
29 1
30 1
31 1
32 1
33 1
34 1
35 1
36 1
37 1
38 1
39 1
40 2
41 2
42 2
43 2
44 2
45 2
46 2
47 2
48 2
49 2
50 2
51 2
52 2
53 2
54 2
55 2
56 2
57 2
58 2
59 2
60 3
61 3
62 3
63 3
64 3
65 3
66 3
67 3
68 3
69 3
70 3
71 3
72 3
73 3
74 3
75 3
76 3
77 3
78 3
79 3
80 4
81 4
82 4
83 4
84 4
85 4
86 4
87 4
88 4
89 4
90 4
91 4
92 4
93 4
94 4
95 4
96 4
97 4
98 4
99 4
100 5
101 5
102 5
103 5
104 5
105 5
106 5
107 5
108 5
109 5
110 5
111 5
112 5
113 5
114 5
115 5
116 5
117 5
118 5
119 5
120 6
121 6
122 6
123 6
124 6
125 6
126 6
127 6
128 6
129 6
130 6
131 6
132 6
133 6
134 6
135 6
136 6
137 6
138 6
139 6
140 7
141 7
142 7
143 7
144 7
145 7
146 7
147 7
148 7
149 7
150 7
151 7
152 7
153 7
154 7
155 7
156 7
157 7
158 7
159 7
160 8
161 8
162 8
163 8
164 8
165 8
166 8
167 8
168 8
169 8
170 8
171 8
172 8
173 8
174 8
175 8
176 8
177 8
178 8
179 8
180 9
181 9
182 9
183 9
184 9
185 9
186 9
187 9
188 9
189 9
190 9
191 9
192 9
193 9
194 9
195 9
196 9
197 9
198 9
199 9
200 10
201 10
202 10
203 10
204 10
205 10
206 10
207 10
208 10
209 10
210 10
211 10
212 10
213 10
214 10
215 10
216 10
217 10
218 10
219 10
220 11
221 11
222 11
223 11
224 11
225 11
226 11
227 11
228 11
229 11
230 11
231 11
232 11
233 11
234 11
235 11
236 11
237 11
238 11
239 11
240 12
241 12
242 12
243 12
244 12
245 12
246 12
247 12
248 12
249 12
250 12
251 12
252 12
253 12
254 12
255 12
256 12
257 12
258 12
259 12
260 13
261 13
262 13
263 13
264 13
265 13
266 13
267 13
268 13
269 13
270 13
271 13
272 13
273 13
274 13
275 13
276 13
277 13
278 13
279 13
280 14
281 14
282 14
283 14
284 14
285 14
286 14
287 14
288 14
289 14
290 14
291 14
292 14
293 14
294 14
295 14
296 14
297 14
298 14
299 14
300 15
301 15
302 15
303 15
304 15
305 15
306 15
307 15
308 15
309 15
310 15
311 15
312 15
313 15
314 15
315 15
316 15
317 15
318 15
319 15

2 0 0 0
2 1 0 0
3 0 0 0
3 1 0 0
4 3 0 0
4 0 0 0
5 1 0 0
5 0 0 0
6 4 0 0
6 2 0 0
7 3 0 0
7 1 0 0
8 4 0 0
8 0 0 0
9 8 0 0
9 4 0 0
10 1 0 0
10 9 0 0
11 9 0 0
11 5 0 0
12 5 0 0
12 4 0 0
13 4 0 0
13 7 0 0
14 6 0 0
14 9 0 0
15 5 0 0
15 3 0 0
16 6 0 0
16 3 0 0
17 4 0 0
17 9 0 0
18 7 0 0
18 4 0 0
19 11 0 0
19 3 0 0
0 13 0 0
0 6 0 0
1 16 0 0
1 15 0 0
22 20 1 1
22 21 1 1
23 21 1 1
23 22 1 1
24 21 1 1
24 23 1 1
25 21 1 1
25 24 1 1
26 23 1 1
26 25 1 1
27 24 1 1
27 21 1 1
28 24 1 1
28 23 1 1
29 20 1 1
29 25 1 1
30 21 1 1
30 22 1 1
31 23 1 1
31 25 1 1
32 30 1 1
32 27 1 1
33 24 1 1
33 21 1 1
34 23 1 1
34 25 1 1
35 23 1 1
35 30 1 1
36 26 1 1
36 22 1 1
37 35 1 1
37 34 1 1
38 21 1 1
38 22 1 1
39 28 1 1
39 29 1 1
20 27 1 1
20 30 1 1
21 34 1 1
21 28 1 1
42 41 2 2
42 40 2 2
43 40 2 2
43 42 2 2
44 43 2 2
44 42 2 2
45 43 2 2
45 40 2 2
46 44 2 2
46 43 2 2
47 40 2 2
47 43 2 2
48 40 2 2
48 41 2 2
49 40 2 2
49 41 2 2
50 41 2 2
50 49 2 2
51 47 2 2
51 46 2 2
52 50 2 2
52 43 2 2
53 45 2 2
53 49 2 2
54 52 2 2
54 48 2 2
55 48 2 2
55 50 2 2
56 54 2 2
56 44 2 2
57 48 2 2
57 51 2 2
58 43 2 2
58 44 2 2
59 44 2 2
59 43 2 2
40 58 2 2
40 53 2 2
41 44 2 2
41 51 2 2
62 61 3 3
62 60 3 3
63 61 3 3
63 60 3 3
64 60 3 3
64 61 3 3
65 62 3 3
65 60 3 3
66 60 3 3
66 64 3 3
67 64 3 3
67 61 3 3
68 67 3 3
68 64 3 3
69 65 3 3
69 68 3 3
70 62 3 3
70 64 3 3
71 63 3 3
71 68 3 3
72 68 3 3
72 60 3 3
73 69 3 3
73 65 3 3
74 70 3 3
74 66 3 3
75 68 3 3
75 74 3 3
76 75 3 3
76 63 3 3
77 60 3 3
77 68 3 3
78 67 3 3
78 60 3 3
79 62 3 3
79 67 3 3
60 71 3 3
60 67 3 3
61 74 3 3
61 68 3 3
82 81 4 4
82 80 4 4
83 80 4 4
83 81 4 4
84 82 4 4
84 81 4 4
85 82 4 4
85 80 4 4
86 83 4 4
86 81 4 4
87 85 4 4
87 86 4 4
88 87 4 4
88 86 4 4
89 81 4 4
89 87 4 4
90 88 4 4
90 87 4 4
91 83 4 4
91 81 4 4
92 87 4 4
92 86 4 4
93 86 4 4
93 92 4 4
94 93 4 4
94 90 4 4
95 90 4 4
95 94 4 4
96 95 4 4
96 92 4 4
97 95 4 4
97 96 4 4
98 82 4 4
98 90 4 4
99 84 4 4
99 80 4 4
80 96 4 4
80 89 4 4
81 90 4 4
81 99 4 4
102 100 5 5
102 101 5 5
103 101 5 5
103 102 5 5
104 103 5 5
104 101 5 5
105 100 5 5
105 104 5 5
106 100 5 5
106 101 5 5
107 105 5 5
107 100 5 5
108 100 5 5
108 106 5 5
109 103 5 5
109 102 5 5
110 109 5 5
110 108 5 5
111 103 5 5
111 107 5 5
112 102 5 5
112 105 5 5
113 103 5 5
113 109 5 5
114 102 5 5
114 105 5 5
115 111 5 5
115 107 5 5
116 111 5 5
116 109 5 5
117 108 5 5
117 114 5 5
118 100 5 5
118 115 5 5
119 109 5 5
119 101 5 5
100 109 5 5
100 117 5 5
101 111 5 5
101 115 5 5
122 120 6 6
122 121 6 6
123 120 6 6
123 122 6 6
124 120 6 6
124 123 6 6
125 122 6 6
125 124 6 6
126 124 6 6
126 123 6 6
127 121 6 6
127 124 6 6
128 123 6 6
128 122 6 6
129 128 6 6
129 127 6 6
130 128 6 6
130 129 6 6
131 129 6 6
131 124 6 6
132 122 6 6
132 129 6 6
133 131 6 6
133 130 6 6
134 128 6 6
134 126 6 6
135 122 6 6
135 126 6 6
136 126 6 6
136 120 6 6
137 124 6 6
137 128 6 6
138 123 6 6
138 129 6 6
139 126 6 6
139 133 6 6
120 134 6 6
120 138 6 6
121 129 6 6
121 133 6 6
142 140 7 7
142 141 7 7
143 142 7 7
143 141 7 7
144 142 7 7
144 143 7 7
145 140 7 7
145 144 7 7
146 142 7 7
146 140 7 7
147 144 7 7
147 141 7 7
148 146 7 7
148 147 7 7
149 146 7 7
149 147 7 7
150 145 7 7
150 147 7 7
151 141 7 7
151 150 7 7
152 146 7 7
152 141 7 7
153 151 7 7
153 140 7 7
154 147 7 7
154 152 7 7
155 142 7 7
155 143 7 7
156 147 7 7
156 146 7 7
157 142 7 7
157 141 7 7
158 144 7 7
158 148 7 7
159 149 7 7
159 152 7 7
140 151 7 7
140 156 7 7
141 149 7 7
141 158 7 7
162 161 8 8
162 160 8 8
163 162 8 8
163 161 8 8
164 160 8 8
164 162 8 8
165 161 8 8
165 160 8 8
166 161 8 8
166 165 8 8
167 162 8 8
167 160 8 8
168 165 8 8
168 161 8 8
169 162 8 8
169 160 8 8
170 162 8 8
170 165 8 8
171 161 8 8
171 162 8 8
172 167 8 8
172 160 8 8
173 160 8 8
173 170 8 8
174 171 8 8
174 160 8 8
175 163 8 8
175 168 8 8
176 173 8 8
176 162 8 8
177 176 8 8
177 160 8 8
178 174 8 8
178 177 8 8
179 160 8 8
179 177 8 8
160 171 8 8
160 176 8 8
161 176 8 8
161 172 8 8
182 181 9 9
182 180 9 9
183 181 9 9
183 182 9 9
184 182 9 9
184 181 9 9
185 184 9 9
185 181 9 9
186 181 9 9
186 185 9 9
187 186 9 9
187 182 9 9
188 186 9 9
188 184 9 9
189 185 9 9
189 187 9 9
190 189 9 9
190 187 9 9
191 184 9 9
191 186 9 9
192 185 9 9
192 188 9 9
193 183 9 9
193 182 9 9
194 188 9 9
194 183 9 9
195 181 9 9
195 183 9 9
196 181 9 9
196 195 9 9
197 187 9 9
197 196 9 9
198 195 9 9
198 181 9 9
199 185 9 9
199 191 9 9
180 186 9 9
180 196 9 9
181 187 9 9
181 194 9 9
202 200 10 10
202 201 10 10
203 200 10 10
203 201 10 10
204 203 10 10
204 201 10 10
205 201 10 10
205 200 10 10
206 200 10 10
206 205 10 10
207 200 10 10
207 205 10 10
208 204 10 10
208 202 10 10
209 202 10 10
209 208 10 10
210 209 10 10
210 204 10 10
211 204 10 10
211 205 10 10
212 207 10 10
212 203 10 10
213 206 10 10
213 210 10 10
214 210 10 10
214 209 10 10
215 212 10 10
215 210 10 10
216 204 10 10
216 201 10 10
217 215 10 10
217 203 10 10
218 208 10 10
218 200 10 10
219 213 10 10
219 215 10 10
200 216 10 10
200 208 10 10
201 210 10 10
201 206 10 10
222 220 11 11
222 221 11 11
223 221 11 11
223 220 11 11
224 220 11 11
224 221 11 11
225 220 11 11
225 221 11 11
226 221 11 11
226 223 11 11
227 226 11 11
227 222 11 11
228 222 11 11
228 223 11 11
229 225 11 11
229 221 11 11
230 224 11 11
230 227 11 11
231 229 11 11
231 230 11 11
232 224 11 11
232 227 11 11
233 220 11 11
233 224 11 11
234 228 11 11
234 220 11 11
235 231 11 11
235 221 11 11
236 234 11 11
236 222 11 11
237 235 11 11
237 231 11 11
238 224 11 11
238 232 11 11
239 220 11 11
239 223 11 11
220 228 11 11
220 231 11 11
221 228 11 11
221 237 11 11
242 240 12 12
242 241 12 12
243 241 12 12
243 242 12 12
244 243 12 12
244 241 12 12
245 241 12 12
245 244 12 12
246 244 12 12
246 241 12 12
247 242 12 12
247 240 12 12
248 242 12 12
248 244 12 12
249 244 12 12
249 248 12 12
250 249 12 12
250 241 12 12
251 240 12 12
251 249 12 12
252 250 12 12
252 240 12 12
253 244 12 12
253 252 12 12
254 244 12 12
254 248 12 12
255 249 12 12
255 244 12 12
256 253 12 12
256 252 12 12
257 256 12 12
257 242 12 12
258 252 12 12
258 245 12 12
259 249 12 12
259 247 12 12
240 249 12 12
240 255 12 12
241 254 12 12
241 253 12 12
262 261 13 13
262 260 13 13
263 261 13 13
263 260 13 13
264 262 13 13
264 263 13 13
265 261 13 13
265 263 13 13
266 262 13 13
266 264 13 13
267 265 13 13
267 261 13 13
268 264 13 13
268 267 13 13
269 265 13 13
269 263 13 13
270 266 13 13
270 263 13 13
271 267 13 13
271 265 13 13
272 267 13 13
272 269 13 13
273 264 13 13
273 270 13 13
274 266 13 13
274 269 13 13
275 263 13 13
275 267 13 13
276 272 13 13
276 261 13 13
277 275 13 13
277 267 13 13
278 275 13 13
278 266 13 13
279 262 13 13
279 275 13 13
260 265 13 13
260 275 13 13
261 271 13 13
261 279 13 13
282 280 14 14
282 281 14 14
283 280 14 14
283 282 14 14
284 282 14 14
284 281 14 14
285 280 14 14
285 283 14 14
286 283 14 14
286 284 14 14
287 281 14 14
287 280 14 14
288 284 14 14
288 285 14 14
289 287 14 14
289 281 14 14
290 288 14 14
290 283 14 14
291 284 14 14
291 286 14 14
292 286 14 14
292 281 14 14
293 287 14 14
293 281 14 14
294 286 14 14
294 290 14 14
295 289 14 14
295 282 14 14
296 287 14 14
296 295 14 14
297 282 14 14
297 289 14 14
298 286 14 14
298 282 14 14
299 282 14 14
299 287 14 14
280 286 14 14
280 284 14 14
281 297 14 14
281 295 14 14
302 301 15 15
302 300 15 15
303 300 15 15
303 302 15 15
304 300 15 15
304 301 15 15
305 300 15 15
305 302 15 15
306 301 15 15
306 305 15 15
307 304 15 15
307 303 15 15
308 300 15 15
308 305 15 15
309 308 15 15
309 304 15 15
310 304 15 15
310 307 15 15
311 308 15 15
311 306 15 15
312 306 15 15
312 302 15 15
313 310 15 15
313 303 15 15
314 301 15 15
314 300 15 15
315 314 15 15
315 303 15 15
316 303 15 15
316 307 15 15
317 306 15 15
317 301 15 15
318 316 15 15
318 311 15 15
319 307 15 15
319 303 15 15
300 315 15 15
300 306 15 15
301 312 15 15
301 313 15 15
58 22 2 1
45 11 2 0
64 27 3 1
65 57 3 2
99 2 4 0
86 79 4 3
110 77 5 3
113 40 5 2
139 95 6 4
132 6 6 0
141 109 7 5
142 132 7 6
179 58 8 2
176 151 8 7
180 98 9 4
186 43 9 2
208 22 10 1
218 130 10 6
226 136 11 6
221 65 11 3
258 31 12 1
251 47 12 2
267 221 13 11
271 200 13 10
285 61 14 3
298 258 14 12
311 80 15 4
303 269 15 13
6 215 0 10
3 311 0 15
38 293 1 14
28 189 1 9
