swNum = 320
edgeNum = 672

0 0
1 0
2 0
3 0
4 0
5 0
6 0
7 0
8 0
9 0
10 0
11 0
12 0
13 0
14 0
15 0
16 0
17 0
18 0
19 0
20 1
21 1
22 1
23 1
24 1
25 1
26 1
27 1
28 1
29 1
30 1
31 1
32 1
33 1
34 1
35 1
36 1
37 1
38 1
39 1
40 2
41 2
42 2
43 2
44 2
45 2
46 2
47 2
48 2
49 2
50 2
51 2
52 2
53 2
54 2
55 2
56 2
57 2
58 2
59 2
60 3
61 3
62 3
63 3
64 3
65 3
66 3
67 3
68 3
69 3
70 3
71 3
72 3
73 3
74 3
75 3
76 3
77 3
78 3
79 3
80 4
81 4
82 4
83 4
84 4
85 4
86 4
87 4
88 4
89 4
90 4
91 4
92 4
93 4
94 4
95 4
96 4
97 4
98 4
99 4
100 5
101 5
102 5
103 5
104 5
105 5
106 5
107 5
108 5
109 5
110 5
111 5
112 5
113 5
114 5
115 5
116 5
117 5
118 5
119 5
120 6
121 6
122 6
123 6
124 6
125 6
126 6
127 6
128 6
129 6
130 6
131 6
132 6
133 6
134 6
135 6
136 6
137 6
138 6
139 6
140 7
141 7
142 7
143 7
144 7
145 7
146 7
147 7
148 7
149 7
150 7
151 7
152 7
153 7
154 7
155 7
156 7
157 7
158 7
159 7
160 8
161 8
162 8
163 8
164 8
165 8
166 8
167 8
168 8
169 8
170 8
171 8
172 8
173 8
174 8
175 8
176 8
177 8
178 8
179 8
180 9
181 9
182 9
183 9
184 9
185 9
186 9
187 9
188 9
189 9
190 9
191 9
192 9
193 9
194 9
195 9
196 9
197 9
198 9
199 9
200 10
201 10
202 10
203 10
204 10
205 10
206 10
207 10
208 10
209 10
210 10
211 10
212 10
213 10
214 10
215 10
216 10
217 10
218 10
219 10
220 11
221 11
222 11
223 11
224 11
225 11
226 11
227 11
228 11
229 11
230 11
231 11
232 11
233 11
234 11
235 11
236 11
237 11
238 11
239 11
240 12
241 12
242 12
243 12
244 12
245 12
246 12
247 12
248 12
249 12
250 12
251 12
252 12
253 12
254 12
255 12
256 12
257 12
258 12
259 12
260 13
261 13
262 13
263 13
264 13
265 13
266 13
267 13
268 13
269 13
270 13
271 13
272 13
273 13
274 13
275 13
276 13
277 13
278 13
279 13
280 14
281 14
282 14
283 14
284 14
285 14
286 14
287 14
288 14
289 14
290 14
291 14
292 14
293 14
294 14
295 14
296 14
297 14
298 14
299 14
300 15
301 15
302 15
303 15
304 15
305 15
306 15
307 15
308 15
309 15
310 15
311 15
312 15
313 15
314 15
315 15
316 15
317 15
318 15
319 15

2 0 0 0
2 1 0 0
3 2 0 0
3 0 0 0
4 3 0 0
4 1 0 0
5 0 0 0
5 2 0 0
6 0 0 0
6 3 0 0
7 6 0 0
7 0 0 0
8 5 0 0
8 6 0 0
9 4 0 0
9 1 0 0
10 6 0 0
10 8 0 0
11 5 0 0
11 8 0 0
12 11 0 0
12 10 0 0
13 1 0 0
13 12 0 0
14 10 0 0
14 5 0 0
15 5 0 0
15 11 0 0
16 14 0 0
16 5 0 0
17 8 0 0
17 16 0 0
18 12 0 0
18 16 0 0
19 2 0 0
19 5 0 0
0 8 0 0
0 19 0 0
1 19 0 0
1 15 0 0
22 21 1 1
22 20 1 1
23 22 1 1
23 21 1 1
24 21 1 1
24 20 1 1
25 20 1 1
25 24 1 1
26 24 1 1
26 25 1 1
27 20 1 1
27 24 1 1
28 24 1 1
28 20 1 1
29 20 1 1
29 22 1 1
30 22 1 1
30 20 1 1
31 23 1 1
31 29 1 1
32 28 1 1
32 21 1 1
33 22 1 1
33 26 1 1
34 20 1 1
34 23 1 1
35 33 1 1
35 21 1 1
36 27 1 1
36 33 1 1
37 25 1 1
37 27 1 1
38 21 1 1
38 37 1 1
39 38 1 1
39 29 1 1
20 26 1 1
20 37 1 1
21 27 1 1
21 34 1 1
42 41 2 2
42 40 2 2
43 42 2 2
43 41 2 2
44 43 2 2
44 40 2 2
45 44 2 2
45 42 2 2
46 43 2 2
46 44 2 2
47 41 2 2
47 46 2 2
48 43 2 2
48 41 2 2
49 48 2 2
49 40 2 2
50 41 2 2
50 46 2 2
51 43 2 2
51 50 2 2
52 49 2 2
52 41 2 2
53 51 2 2
53 47 2 2
54 43 2 2
54 46 2 2
55 42 2 2
55 41 2 2
56 50 2 2
56 49 2 2
57 44 2 2
57 46 2 2
58 46 2 2
58 49 2 2
59 48 2 2
59 57 2 2
40 58 2 2
40 48 2 2
41 56 2 2
41 58 2 2
62 61 3 3
62 60 3 3
63 62 3 3
63 61 3 3
64 61 3 3
64 62 3 3
65 63 3 3
65 60 3 3
66 65 3 3
66 63 3 3
67 66 3 3
67 60 3 3
68 67 3 3
68 63 3 3
69 66 3 3
69 67 3 3
70 63 3 3
70 61 3 3
71 70 3 3
71 62 3 3
72 71 3 3
72 62 3 3
73 69 3 3
73 70 3 3
74 65 3 3
74 70 3 3
75 70 3 3
75 64 3 3
76 71 3 3
76 72 3 3
77 71 3 3
77 68 3 3
78 74 3 3
78 65 3 3
79 67 3 3
79 60 3 3
60 77 3 3
60 72 3 3
61 67 3 3
61 65 3 3
82 81 4 4
82 80 4 4
83 81 4 4
83 80 4 4
84 80 4 4
84 82 4 4
85 80 4 4
85 84 4 4
86 80 4 4
86 85 4 4
87 82 4 4
87 81 4 4
88 81 4 4
88 82 4 4
89 82 4 4
89 88 4 4
90 87 4 4
90 89 4 4
91 82 4 4
91 90 4 4
92 82 4 4
92 87 4 4
93 92 4 4
93 82 4 4
94 83 4 4
94 90 4 4
95 92 4 4
95 81 4 4
96 87 4 4
96 90 4 4
97 90 4 4
97 81 4 4
98 85 4 4
98 86 4 4
99 87 4 4
99 98 4 4
80 99 4 4
80 90 4 4
81 84 4 4
81 89 4 4
102 101 5 5
102 100 5 5
103 100 5 5
103 101 5 5
104 100 5 5
104 101 5 5
105 100 5 5
105 104 5 5
106 101 5 5
106 104 5 5
107 101 5 5
107 102 5 5
108 107 5 5
108 106 5 5
109 104 5 5
109 100 5 5
110 108 5 5
110 107 5 5
111 100 5 5
111 106 5 5
112 109 5 5
112 106 5 5
113 107 5 5
113 100 5 5
114 107 5 5
114 112 5 5
115 105 5 5
115 109 5 5
116 100 5 5
116 108 5 5
117 111 5 5
117 116 5 5
118 100 5 5
118 111 5 5
119 116 5 5
119 109 5 5
100 106 5 5
100 117 5 5
101 112 5 5
101 113 5 5
122 121 6 6
122 120 6 6
123 122 6 6
123 120 6 6
124 122 6 6
124 120 6 6
125 121 6 6
125 124 6 6
126 120 6 6
126 124 6 6
127 122 6 6
127 120 6 6
128 124 6 6
128 121 6 6
129 123 6 6
129 127 6 6
130 121 6 6
130 126 6 6
131 123 6 6
131 126 6 6
132 122 6 6
132 126 6 6
133 123 6 6
133 124 6 6
134 129 6 6
134 122 6 6
135 121 6 6
135 132 6 6
136 131 6 6
136 133 6 6
137 127 6 6
137 124 6 6
138 121 6 6
138 132 6 6
139 136 6 6
139 128 6 6
120 131 6 6
120 135 6 6
121 139 6 6
121 134 6 6
142 140 7 7
142 141 7 7
143 142 7 7
143 140 7 7
144 141 7 7
144 143 7 7
145 143 7 7
145 140 7 7
146 141 7 7
146 144 7 7
147 140 7 7
147 143 7 7
148 145 7 7
148 142 7 7
149 146 7 7
149 143 7 7
150 145 7 7
150 141 7 7
151 147 7 7
151 141 7 7
152 147 7 7
152 151 7 7
153 149 7 7
153 146 7 7
154 148 7 7
154 150 7 7
155 144 7 7
155 154 7 7
156 142 7 7
156 145 7 7
157 142 7 7
157 147 7 7
158 155 7 7
158 154 7 7
159 147 7 7
159 143 7 7
140 159 7 7
140 149 7 7
141 143 7 7
141 158 7 7
162 160 8 8
162 161 8 8
163 160 8 8
163 162 8 8
164 161 8 8
164 162 8 8
165 164 8 8
165 163 8 8
166 165 8 8
166 163 8 8
167 161 8 8
167 164 8 8
168 160 8 8
168 162 8 8
169 167 8 8
169 164 8 8
170 167 8 8
170 164 8 8
171 161 8 8
171 168 8 8
172 165 8 8
172 162 8 8
173 172 8 8
173 170 8 8
174 171 8 8
174 172 8 8
175 163 8 8
175 165 8 8
176 161 8 8
176 167 8 8
177 174 8 8
177 170 8 8
178 165 8 8
178 164 8 8
179 175 8 8
179 164 8 8
160 164 8 8
160 171 8 8
161 177 8 8
161 170 8 8
182 180 9 9
182 181 9 9
183 180 9 9
183 181 9 9
184 180 9 9
184 183 9 9
185 182 9 9
185 181 9 9
186 184 9 9
186 180 9 9
187 182 9 9
187 184 9 9
188 186 9 9
188 181 9 9
189 185 9 9
189 187 9 9
190 183 9 9
190 185 9 9
191 182 9 9
191 185 9 9
192 182 9 9
192 185 9 9
193 190 9 9
193 185 9 9
194 183 9 9
194 193 9 9
195 193 9 9
195 194 9 9
196 186 9 9
196 188 9 9
197 186 9 9
197 184 9 9
198 185 9 9
198 191 9 9
199 190 9 9
199 181 9 9
180 192 9 9
180 199 9 9
181 189 9 9
181 193 9 9
202 201 10 10
202 200 10 10
203 200 10 10
203 201 10 10
204 203 10 10
204 202 10 10
205 203 10 10
205 200 10 10
206 205 10 10
206 204 10 10
207 206 10 10
207 200 10 10
208 205 10 10
208 207 10 10
209 207 10 10
209 201 10 10
210 203 10 10
210 209 10 10
211 207 10 10
211 206 10 10
212 204 10 10
212 200 10 10
213 200 10 10
213 210 10 10
214 211 10 10
214 201 10 10
215 213 10 10
215 206 10 10
216 212 10 10
216 215 10 10
217 202 10 10
217 200 10 10
218 204 10 10
218 202 10 10
219 207 10 10
219 201 10 10
200 206 10 10
200 216 10 10
201 210 10 10
201 204 10 10
222 221 11 11
222 220 11 11
223 221 11 11
223 222 11 11
224 221 11 11
224 223 11 11
225 220 11 11
225 221 11 11
226 222 11 11
226 220 11 11
227 224 11 11
227 226 11 11
228 221 11 11
228 227 11 11
229 224 11 11
229 227 11 11
230 220 11 11
230 224 11 11
231 230 11 11
231 224 11 11
232 230 11 11
232 226 11 11
233 228 11 11
233 221 11 11
234 229 11 11
234 224 11 11
235 223 11 11
235 228 11 11
236 232 11 11
236 229 11 11
237 234 11 11
237 227 11 11
238 230 11 11
238 220 11 11
239 228 11 11
239 232 11 11
220 235 11 11
220 228 11 11
221 236 11 11
221 235 11 11
242 241 12 12
242 240 12 12
243 242 12 12
243 241 12 12
244 243 12 12
244 242 12 12
245 244 12 12
245 241 12 12
246 244 12 12
246 243 12 12
247 240 12 12
247 241 12 12
248 240 12 12
248 244 12 12
249 242 12 12
249 240 12 12
250 241 12 12
250 240 12 12
251 245 12 12
251 244 12 12
252 240 12 12
252 245 12 12
253 247 12 12
253 240 12 12
254 252 12 12
254 241 12 12
255 244 12 12
255 248 12 12
256 240 12 12
256 250 12 12
257 255 12 12
257 241 12 12
258 242 12 12
258 249 12 12
259 254 12 12
259 258 12 12
240 255 12 12
240 245 12 12
241 256 12 12
241 258 12 12
262 260 13 13
262 261 13 13
263 262 13 13
263 260 13 13
264 260 13 13
264 261 13 13
265 263 13 13
265 261 13 13
266 262 13 13
266 264 13 13
267 266 13 13
267 264 13 13
268 261 13 13
268 260 13 13
269 265 13 13
269 264 13 13
270 267 13 13
270 268 13 13
271 262 13 13
271 265 13 13
272 267 13 13
272 268 13 13
273 265 13 13
273 271 13 13
274 264 13 13
274 262 13 13
275 273 13 13
275 274 13 13
276 262 13 13
276 266 13 13
277 273 13 13
277 261 13 13
278 269 13 13
278 277 13 13
279 261 13 13
279 267 13 13
260 279 13 13
260 278 13 13
261 275 13 13
261 269 13 13
282 280 14 14
282 281 14 14
283 282 14 14
283 280 14 14
284 281 14 14
284 282 14 14
285 283 14 14
285 281 14 14
286 284 14 14
286 280 14 14
287 284 14 14
287 285 14 14
288 285 14 14
288 282 14 14
289 282 14 14
289 284 14 14
290 289 14 14
290 286 14 14
291 285 14 14
291 289 14 14
292 286 14 14
292 281 14 14
293 286 14 14
293 289 14 14
294 286 14 14
294 291 14 14
295 292 14 14
295 291 14 14
296 295 14 14
296 284 14 14
297 284 14 14
297 285 14 14
298 289 14 14
298 287 14 14
299 282 14 14
299 281 14 14
280 291 14 14
280 292 14 14
281 291 14 14
281 293 14 14
302 301 15 15
302 300 15 15
303 300 15 15
303 302 15 15
304 301 15 15
304 303 15 15
305 300 15 15
305 302 15 15
306 304 15 15
306 302 15 15
307 302 15 15
307 305 15 15
308 301 15 15
308 302 15 15
309 304 15 15
309 308 15 15
310 305 15 15
310 303 15 15
311 305 15 15
311 300 15 15
312 309 15 15
312 301 15 15
313 306 15 15
313 309 15 15
314 305 15 15
314 309 15 15
315 309 15 15
315 313 15 15
316 310 15 15
316 315 15 15
317 303 15 15
317 301 15 15
318 304 15 15
318 306 15 15
319 315 15 15
319 318 15 15
300 312 15 15
300 310 15 15
301 316 15 15
301 318 15 15
51 32 2 1
42 13 2 0
79 45 3 2
68 30 3 1
88 30 4 1
87 42 4 2
113 89 5 4
102 23 5 1
130 116 6 5
126 4 6 0
150 113 7 5
151 49 7 2
169 112 8 5
165 136 8 6
186 29 9 1
191 104 9 5
210 153 10 7
201 138 10 6
239 197 11 9
230 133 11 6
258 130 12 6
249 106 12 5
273 22 13 1
277 228 13 11
282 10 14 0
298 109 14 5
318 213 15 10
308 228 15 11
12 110 0 5
14 72 0 3
26 149 1 7
24 281 1 14
