swNum = 320
edgeNum = 672

0 0
1 0
2 0
3 0
4 0
5 0
6 0
7 0
8 0
9 0
10 0
11 0
12 0
13 0
14 0
15 0
16 0
17 0
18 0
19 0
20 1
21 1
22 1
23 1
24 1
25 1
26 1
27 1
28 1
29 1
30 1
31 1
32 1
33 1
34 1
35 1
36 1
37 1
38 1
39 1
40 2
41 2
42 2
43 2
44 2
45 2
46 2
47 2
48 2
49 2
50 2
51 2
52 2
53 2
54 2
55 2
56 2
57 2
58 2
59 2
60 3
61 3
62 3
63 3
64 3
65 3
66 3
67 3
68 3
69 3
70 3
71 3
72 3
73 3
74 3
75 3
76 3
77 3
78 3
79 3
80 4
81 4
82 4
83 4
84 4
85 4
86 4
87 4
88 4
89 4
90 4
91 4
92 4
93 4
94 4
95 4
96 4
97 4
98 4
99 4
100 5
101 5
102 5
103 5
104 5
105 5
106 5
107 5
108 5
109 5
110 5
111 5
112 5
113 5
114 5
115 5
116 5
117 5
118 5
119 5
120 6
121 6
122 6
123 6
124 6
125 6
126 6
127 6
128 6
129 6
130 6
131 6
132 6
133 6
134 6
135 6
136 6
137 6
138 6
139 6
140 7
141 7
142 7
143 7
144 7
145 7
146 7
147 7
148 7
149 7
150 7
151 7
152 7
153 7
154 7
155 7
156 7
157 7
158 7
159 7
160 8
161 8
162 8
163 8
164 8
165 8
166 8
167 8
168 8
169 8
170 8
171 8
172 8
173 8
174 8
175 8
176 8
177 8
178 8
179 8
180 9
181 9
182 9
183 9
184 9
185 9
186 9
187 9
188 9
189 9
190 9
191 9
192 9
193 9
194 9
195 9
196 9
197 9
198 9
199 9
200 10
201 10
202 10
203 10
204 10
205 10
206 10
207 10
208 10
209 10
210 10
211 10
212 10
213 10
214 10
215 10
216 10
217 10
218 10
219 10
220 11
221 11
222 11
223 11
224 11
225 11
226 11
227 11
228 11
229 11
230 11
231 11
232 11
233 11
234 11
235 11
236 11
237 11
238 11
239 11
240 12
241 12
242 12
243 12
244 12
245 12
246 12
247 12
248 12
249 12
250 12
251 12
252 12
253 12
254 12
255 12
256 12
257 12
258 12
259 12
260 13
261 13
262 13
263 13
264 13
265 13
266 13
267 13
268 13
269 13
270 13
271 13
272 13
273 13
274 13
275 13
276 13
277 13
278 13
279 13
280 14
281 14
282 14
283 14
284 14
285 14
286 14
287 14
288 14
289 14
290 14
291 14
292 14
293 14
294 14
295 14
296 14
297 14
298 14
299 14
300 15
301 15
302 15
303 15
304 15
305 15
306 15
307 15
308 15
309 15
310 15
311 15
312 15
313 15
314 15
315 15
316 15
317 15
318 15
319 15

2 0 0 0
2 1 0 0
3 1 0 0
3 2 0 0
4 1 0 0
4 0 0 0
5 0 0 0
5 1 0 0
6 2 0 0
6 3 0 0
7 6 0 0
7 5 0 0
8 2 0 0
8 6 0 0
9 7 0 0
9 6 0 0
10 2 0 0
10 8 0 0
11 3 0 0
11 2 0 0
12 1 0 0
12 10 0 0
13 10 0 0
13 7 0 0
14 7 0 0
14 3 0 0
15 7 0 0
15 4 0 0
16 1 0 0
16 3 0 0
17 6 0 0
17 8 0 0
18 7 0 0
18 10 0 0
19 18 0 0
19 2 0 0
0 18 0 0
0 13 0 0
1 17 0 0
1 19 0 0
22 20 1 1
22 21 1 1
23 22 1 1
23 20 1 1
24 20 1 1
24 22 1 1
25 22 1 1
25 20 1 1
26 24 1 1
26 25 1 1
27 24 1 1
27 25 1 1
28 23 1 1
28 24 1 1
29 26 1 1
29 25 1 1
30 27 1 1
30 26 1 1
31 30 1 1
31 21 1 1
32 24 1 1
32 26 1 1
33 32 1 1
33 22 1 1
34 22 1 1
34 32 1 1
35 29 1 1
35 28 1 1
36 30 1 1
36 27 1 1
37 21 1 1
37 34 1 1
38 25 1 1
38 28 1 1
39 24 1 1
39 29 1 1
20 39 1 1
20 35 1 1
21 25 1 1
21 38 1 1
42 41 2 2
42 40 2 2
43 40 2 2
43 41 2 2
44 42 2 2
44 43 2 2
45 43 2 2
45 44 2 2
46 42 2 2
46 40 2 2
47 43 2 2
47 44 2 2
48 45 2 2
48 41 2 2
49 45 2 2
49 42 2 2
50 43 2 2
50 46 2 2
51 40 2 2
51 45 2 2
52 42 2 2
52 49 2 2
53 51 2 2
53 52 2 2
54 52 2 2
54 41 2 2
55 40 2 2
55 42 2 2
56 51 2 2
56 44 2 2
57 40 2 2
57 56 2 2
58 50 2 2
58 48 2 2
59 47 2 2
59 42 2 2
40 48 2 2
40 53 2 2
41 46 2 2
41 55 2 2
62 61 3 3
62 60 3 3
63 61 3 3
63 60 3 3
64 60 3 3
64 63 3 3
65 64 3 3
65 60 3 3
66 63 3 3
66 61 3 3
67 64 3 3
67 66 3 3
68 64 3 3
68 67 3 3
69 61 3 3
69 67 3 3
70 62 3 3
70 67 3 3
71 61 3 3
71 60 3 3
72 69 3 3
72 64 3 3
73 62 3 3
73 71 3 3
74 63 3 3
74 67 3 3
75 62 3 3
75 69 3 3
76 75 3 3
76 74 3 3
77 60 3 3
77 65 3 3
78 75 3 3
78 77 3 3
79 65 3 3
79 66 3 3
60 74 3 3
60 72 3 3
61 68 3 3
61 76 3 3
82 81 4 4
82 80 4 4
83 82 4 4
83 81 4 4
84 80 4 4
84 82 4 4
85 81 4 4
85 84 4 4
86 82 4 4
86 84 4 4
87 83 4 4
87 80 4 4
88 82 4 4
88 83 4 4
89 87 4 4
89 80 4 4
90 89 4 4
90 80 4 4
91 83 4 4
91 90 4 4
92 89 4 4
92 83 4 4
93 83 4 4
93 82 4 4
94 87 4 4
94 88 4 4
95 93 4 4
95 91 4 4
96 90 4 4
96 81 4 4
97 93 4 4
97 84 4 4
98 95 4 4
98 96 4 4
99 98 4 4
99 93 4 4
80 91 4 4
80 95 4 4
81 95 4 4
81 97 4 4
102 101 5 5
102 100 5 5
103 100 5 5
103 101 5 5
104 102 5 5
104 100 5 5
105 102 5 5
105 100 5 5
106 100 5 5
106 103 5 5
107 101 5 5
107 100 5 5
108 106 5 5
108 100 5 5
109 105 5 5
109 107 5 5
110 101 5 5
110 100 5 5
111 107 5 5
111 103 5 5
112 108 5 5
112 106 5 5
113 112 5 5
113 103 5 5
114 113 5 5
114 103 5 5
115 109 5 5
115 103 5 5
116 111 5 5
116 108 5 5
117 107 5 5
117 111 5 5
118 111 5 5
118 102 5 5
119 113 5 5
119 114 5 5
100 109 5 5
100 111 5 5
101 109 5 5
101 111 5 5
122 120 6 6
122 121 6 6
123 121 6 6
123 120 6 6
124 120 6 6
124 123 6 6
125 123 6 6
125 124 6 6
126 122 6 6
126 121 6 6
127 124 6 6
127 126 6 6
128 125 6 6
128 123 6 6
129 126 6 6
129 122 6 6
130 129 6 6
130 121 6 6
131 122 6 6
131 130 6 6
132 123 6 6
132 130 6 6
133 124 6 6
133 131 6 6
134 124 6 6
134 128 6 6
135 129 6 6
135 130 6 6
136 122 6 6
136 124 6 6
137 136 6 6
137 120 6 6
138 127 6 6
138 120 6 6
139 120 6 6
139 124 6 6
120 134 6 6
120 133 6 6
121 128 6 6
121 131 6 6
142 140 7 7
142 141 7 7
143 141 7 7
143 142 7 7
144 140 7 7
144 143 7 7
145 144 7 7
145 143 7 7
146 143 7 7
146 142 7 7
147 140 7 7
147 143 7 7
148 144 7 7
148 147 7 7
149 148 7 7
149 143 7 7
150 142 7 7
150 141 7 7
151 146 7 7
151 142 7 7
152 144 7 7
152 147 7 7
153 146 7 7
153 149 7 7
154 141 7 7
154 144 7 7
155 141 7 7
155 151 7 7
156 144 7 7
156 147 7 7
157 142 7 7
157 155 7 7
158 146 7 7
158 142 7 7
159 154 7 7
159 150 7 7
140 155 7 7
140 157 7 7
141 156 7 7
141 146 7 7
162 161 8 8
162 160 8 8
163 162 8 8
163 161 8 8
164 163 8 8
164 162 8 8
165 161 8 8
165 164 8 8
166 161 8 8
166 163 8 8
167 164 8 8
167 166 8 8
168 167 8 8
168 161 8 8
169 166 8 8
169 161 8 8
170 161 8 8
170 160 8 8
171 161 8 8
171 162 8 8
172 161 8 8
172 165 8 8
173 163 8 8
173 167 8 8
174 169 8 8
174 166 8 8
175 172 8 8
175 165 8 8
176 170 8 8
176 171 8 8
177 174 8 8
177 163 8 8
178 161 8 8
178 177 8 8
179 168 8 8
179 163 8 8
160 164 8 8
160 168 8 8
161 179 8 8
161 173 8 8
182 181 9 9
182 180 9 9
183 180 9 9
183 181 9 9
184 182 9 9
184 181 9 9
185 184 9 9
185 182 9 9
186 184 9 9
186 181 9 9
187 185 9 9
187 184 9 9
188 180 9 9
188 184 9 9
189 187 9 9
189 183 9 9
190 189 9 9
190 182 9 9
191 180 9 9
191 185 9 9
192 181 9 9
192 182 9 9
193 189 9 9
193 190 9 9
194 192 9 9
194 184 9 9
195 182 9 9
195 194 9 9
196 180 9 9
196 193 9 9
197 187 9 9
197 182 9 9
198 190 9 9
198 180 9 9
199 193 9 9
199 191 9 9
180 192 9 9
180 186 9 9
181 193 9 9
181 185 9 9
202 201 10 10
202 200 10 10
203 202 10 10
203 200 10 10
204 202 10 10
204 201 10 10
205 204 10 10
205 203 10 10
206 201 10 10
206 202 10 10
207 205 10 10
207 204 10 10
208 203 10 10
208 205 10 10
209 207 10 10
209 205 10 10
210 207 10 10
210 204 10 10
211 200 10 10
211 208 10 10
212 211 10 10
212 200 10 10
213 203 10 10
213 206 10 10
214 203 10 10
214 201 10 10
215 203 10 10
215 213 10 10
216 211 10 10
216 214 10 10
217 202 10 10
217 204 10 10
218 206 10 10
218 205 10 10
219 203 10 10
219 207 10 10
200 216 10 10
200 219 10 10
201 215 10 10
201 203 10 10
222 221 11 11
222 220 11 11
223 220 11 11
223 221 11 11
224 223 11 11
224 220 11 11
225 222 11 11
225 223 11 11
226 223 11 11
226 225 11 11
227 220 11 11
227 226 11 11
228 225 11 11
228 222 11 11
229 221 11 11
229 227 11 11
230 229 11 11
230 220 11 11
231 230 11 11
231 226 11 11
232 226 11 11
232 223 11 11
233 228 11 11
233 223 11 11
234 225 11 11
234 233 11 11
235 229 11 11
235 226 11 11
236 234 11 11
236 224 11 11
237 228 11 11
237 234 11 11
238 236 11 11
238 234 11 11
239 232 11 11
239 223 11 11
220 229 11 11
220 226 11 11
221 233 11 11
221 232 11 11
242 241 12 12
242 240 12 12
243 240 12 12
243 242 12 12
244 240 12 12
244 242 12 12
245 241 12 12
245 244 12 12
246 242 12 12
246 243 12 12
247 240 12 12
247 243 12 12
248 245 12 12
248 242 12 12
249 240 12 12
249 248 12 12
250 243 12 12
250 245 12 12
251 244 12 12
251 249 12 12
252 244 12 12
252 251 12 12
253 251 12 12
253 252 12 12
254 248 12 12
254 249 12 12
255 241 12 12
255 243 12 12
256 240 12 12
256 244 12 12
257 252 12 12
257 246 12 12
258 241 12 12
258 247 12 12
259 252 12 12
259 256 12 12
240 250 12 12
240 255 12 12
241 256 12 12
241 250 12 12
262 261 13 13
262 260 13 13
263 262 13 13
263 261 13 13
264 260 13 13
264 263 13 13
265 261 13 13
265 262 13 13
266 261 13 13
266 260 13 13
267 261 13 13
267 266 13 13
268 265 13 13
268 264 13 13
269 260 13 13
269 264 13 13
270 262 13 13
270 264 13 13
271 269 13 13
271 268 13 13
272 261 13 13
272 268 13 13
273 264 13 13
273 263 13 13
274 273 13 13
274 260 13 13
275 271 13 13
275 263 13 13
276 272 13 13
276 264 13 13
277 271 13 13
277 263 13 13
278 260 13 13
278 276 13 13
279 267 13 13
279 264 13 13
260 277 13 13
260 271 13 13
261 279 13 13
261 271 13 13
282 281 14 14
282 280 14 14
283 280 14 14
283 282 14 14
284 283 14 14
284 280 14 14
285 283 14 14
285 280 14 14
286 285 14 14
286 282 14 14
287 280 14 14
287 283 14 14
288 284 14 14
288 282 14 14
289 287 14 14
289 285 14 14
290 283 14 14
290 282 14 14
291 280 14 14
291 283 14 14
292 283 14 14
292 286 14 14
293 285 14 14
293 286 14 14
294 287 14 14
294 283 14 14
295 287 14 14
295 294 14 14
296 288 14 14
296 286 14 14
297 281 14 14
297 295 14 14
298 295 14 14
298 288 14 14
299 289 14 14
299 287 14 14
280 295 14 14
280 289 14 14
281 299 14 14
281 298 14 14
302 301 15 15
302 300 15 15
303 301 15 15
303 302 15 15
304 302 15 15
304 303 15 15
305 303 15 15
305 304 15 15
306 303 15 15
306 302 15 15
307 301 15 15
307 302 15 15
308 306 15 15
308 303 15 15
309 303 15 15
309 308 15 15
310 300 15 15
310 306 15 15
311 305 15 15
311 306 15 15
312 301 15 15
312 311 15 15
313 301 15 15
313 309 15 15
314 303 15 15
314 310 15 15
315 311 15 15
315 301 15 15
316 310 15 15
316 314 15 15
317 306 15 15
317 315 15 15
318 304 15 15
318 302 15 15
319 303 15 15
319 308 15 15
300 315 15 15
300 308 15 15
301 305 15 15
301 309 15 15
58 33 2 1
55 7 2 0
63 10 3 0
63 37 3 1
91 46 4 2
99 32 4 1
103 52 5 2
108 97 5 4
124 94 6 4
125 119 6 5
150 23 7 1
149 60 7 3
177 128 8 6
161 118 8 5
195 126 9 6
194 164 9 8
207 157 10 7
218 31 10 1
236 186 11 9
238 50 11 2
241 119 12 5
248 58 12 2
261 54 13 2
278 12 13 0
284 218 14 10
298 176 14 8
311 35 15 1
300 282 15 14
1 150 0 7
17 85 0 4
24 279 1 13
32 225 1 11
