swNum = 320
edgeNum = 672

0 0
1 0
2 0
3 0
4 0
5 0
6 0
7 0
8 0
9 0
10 0
11 0
12 0
13 0
14 0
15 0
16 0
17 0
18 0
19 0
20 1
21 1
22 1
23 1
24 1
25 1
26 1
27 1
28 1
29 1
30 1
31 1
32 1
33 1
34 1
35 1
36 1
37 1
38 1
39 1
40 2
41 2
42 2
43 2
44 2
45 2
46 2
47 2
48 2
49 2
50 2
51 2
52 2
53 2
54 2
55 2
56 2
57 2
58 2
59 2
60 3
61 3
62 3
63 3
64 3
65 3
66 3
67 3
68 3
69 3
70 3
71 3
72 3
73 3
74 3
75 3
76 3
77 3
78 3
79 3
80 4
81 4
82 4
83 4
84 4
85 4
86 4
87 4
88 4
89 4
90 4
91 4
92 4
93 4
94 4
95 4
96 4
97 4
98 4
99 4
100 5
101 5
102 5
103 5
104 5
105 5
106 5
107 5
108 5
109 5
110 5
111 5
112 5
113 5
114 5
115 5
116 5
117 5
118 5
119 5
120 6
121 6
122 6
123 6
124 6
125 6
126 6
127 6
128 6
129 6
130 6
131 6
132 6
133 6
134 6
135 6
136 6
137 6
138 6
139 6
140 7
141 7
142 7
143 7
144 7
145 7
146 7
147 7
148 7
149 7
150 7
151 7
152 7
153 7
154 7
155 7
156 7
157 7
158 7
159 7
160 8
161 8
162 8
163 8
164 8
165 8
166 8
167 8
168 8
169 8
170 8
171 8
172 8
173 8
174 8
175 8
176 8
177 8
178 8
179 8
180 9
181 9
182 9
183 9
184 9
185 9
186 9
187 9
188 9
189 9
190 9
191 9
192 9
193 9
194 9
195 9
196 9
197 9
198 9
199 9
200 10
201 10
202 10
203 10
204 10
205 10
206 10
207 10
208 10
209 10
210 10
211 10
212 10
213 10
214 10
215 10
216 10
217 10
218 10
219 10
220 11
221 11
222 11
223 11
224 11
225 11
226 11
227 11
228 11
229 11
230 11
231 11
232 11
233 11
234 11
235 11
236 11
237 11
238 11
239 11
240 12
241 12
242 12
243 12
244 12
245 12
246 12
247 12
248 12
249 12
250 12
251 12
252 12
253 12
254 12
255 12
256 12
257 12
258 12
259 12
260 13
261 13
262 13
263 13
264 13
265 13
266 13
267 13
268 13
269 13
270 13
271 13
272 13
273 13
274 13
275 13
276 13
277 13
278 13
279 13
280 14
281 14
282 14
283 14
284 14
285 14
286 14
287 14
288 14
289 14
290 14
291 14
292 14
293 14
294 14
295 14
296 14
297 14
298 14
299 14
300 15
301 15
302 15
303 15
304 15
305 15
306 15
307 15
308 15
309 15
310 15
311 15
312 15
313 15
314 15
315 15
316 15
317 15
318 15
319 15

2 0 0 0
2 1 0 0
3 0 0 0
3 2 0 0
4 1 0 0
4 3 0 0
5 4 0 0
5 1 0 0
6 4 0 0
6 1 0 0
7 6 0 0
7 2 0 0
8 6 0 0
8 4 0 0
9 3 0 0
9 8 0 0
10 6 0 0
10 4 0 0
11 9 0 0
11 0 0 0
12 11 0 0
12 8 0 0
13 11 0 0
13 0 0 0
14 4 0 0
14 13 0 0
15 12 0 0
15 0 0 0
16 6 0 0
16 11 0 0
17 1 0 0
17 15 0 0
18 11 0 0
18 9 0 0
19 16 0 0
19 11 0 0
0 8 0 0
0 4 0 0
1 18 0 0
1 19 0 0
22 21 1 1
22 20 1 1
23 22 1 1
23 21 1 1
24 21 1 1
24 23 1 1
25 20 1 1
25 24 1 1
26 23 1 1
26 24 1 1
27 25 1 1
27 21 1 1
28 26 1 1
28 25 1 1
29 21 1 1
29 20 1 1
30 28 1 1
30 21 1 1
31 29 1 1
31 28 1 1
32 20 1 1
32 23 1 1
33 31 1 1
33 25 1 1
34 25 1 1
34 31 1 1
35 30 1 1
35 27 1 1
36 25 1 1
36 28 1 1
37 29 1 1
37 35 1 1
38 25 1 1
38 27 1 1
39 29 1 1
39 36 1 1
20 31 1 1
20 24 1 1
21 34 1 1
21 31 1 1
42 40 2 2
42 41 2 2
43 42 2 2
43 40 2 2
44 40 2 2
44 43 2 2
45 41 2 2
45 42 2 2
46 45 2 2
46 44 2 2
47 44 2 2
47 40 2 2
48 45 2 2
48 40 2 2
49 46 2 2
49 48 2 2
50 42 2 2
50 49 2 2
51 44 2 2
51 40 2 2
52 45 2 2
52 42 2 2
53 44 2 2
53 49 2 2
54 48 2 2
54 50 2 2
55 53 2 2
55 47 2 2
56 40 2 2
56 51 2 2
57 46 2 2
57 40 2 2
58 41 2 2
58 43 2 2
59 44 2 2
59 47 2 2
40 46 2 2
40 52 2 2
41 49 2 2
41 48 2 2
62 60 3 3
62 61 3 3
63 60 3 3
63 61 3 3
64 62 3 3
64 61 3 3
65 64 3 3
65 62 3 3
66 62 3 3
66 64 3 3
67 66 3 3
67 61 3 3
68 60 3 3
68 63 3 3
69 61 3 3
69 60 3 3
70 62 3 3
70 67 3 3
71 70 3 3
71 65 3 3
72 65 3 3
72 64 3 3
73 68 3 3
73 70 3 3
74 65 3 3
74 71 3 3
75 71 3 3
75 62 3 3
76 60 3 3
76 69 3 3
77 74 3 3
77 62 3 3
78 76 3 3
78 64 3 3
79 78 3 3
79 65 3 3
60 67 3 3
60 74 3 3
61 73 3 3
61 75 3 3
82 80 4 4
82 81 4 4
83 82 4 4
83 81 4 4
84 82 4 4
84 83 4 4
85 80 4 4
85 82 4 4
86 85 4 4
86 82 4 4
87 86 4 4
87 85 4 4
88 80 4 4
88 86 4 4
89 88 4 4
89 80 4 4
90 86 4 4
90 89 4 4
91 82 4 4
91 89 4 4
92 89 4 4
92 80 4 4
93 84 4 4
93 92 4 4
94 86 4 4
94 88 4 4
95 81 4 4
95 84 4 4
96 80 4 4
96 95 4 4
97 89 4 4
97 95 4 4
98 96 4 4
98 81 4 4
99 89 4 4
99 92 4 4
80 97 4 4
80 90 4 4
81 86 4 4
81 93 4 4
102 101 5 5
102 100 5 5
103 100 5 5
103 102 5 5
104 103 5 5
104 100 5 5
105 100 5 5
105 104 5 5
106 100 5 5
106 101 5 5
107 103 5 5
107 106 5 5
108 102 5 5
108 100 5 5
109 100 5 5
109 104 5 5
110 106 5 5
110 101 5 5
111 105 5 5
111 101 5 5
112 110 5 5
112 100 5 5
113 112 5 5
113 106 5 5
114 100 5 5
114 106 5 5
115 114 5 5
115 109 5 5
116 114 5 5
116 115 5 5
117 114 5 5
117 116 5 5
118 101 5 5
118 113 5 5
119 117 5 5
119 101 5 5
100 113 5 5
100 110 5 5
101 115 5 5
101 113 5 5
122 120 6 6
122 121 6 6
123 120 6 6
123 121 6 6
124 122 6 6
124 120 6 6
125 122 6 6
125 124 6 6
126 123 6 6
126 120 6 6
127 120 6 6
127 126 6 6
128 125 6 6
128 123 6 6
129 123 6 6
129 125 6 6
130 124 6 6
130 122 6 6
131 127 6 6
131 128 6 6
132 121 6 6
132 123 6 6
133 122 6 6
133 125 6 6
134 130 6 6
134 124 6 6
135 134 6 6
135 127 6 6
136 135 6 6
136 124 6 6
137 132 6 6
137 121 6 6
138 135 6 6
138 132 6 6
139 128 6 6
139 137 6 6
120 137 6 6
120 133 6 6
121 139 6 6
121 133 6 6
142 140 7 7
142 141 7 7
143 142 7 7
143 140 7 7
144 140 7 7
144 143 7 7
145 140 7 7
145 141 7 7
146 144 7 7
146 143 7 7
147 140 7 7
147 144 7 7
148 141 7 7
148 140 7 7
149 143 7 7
149 147 7 7
150 144 7 7
150 140 7 7
151 146 7 7
151 150 7 7
152 151 7 7
152 143 7 7
153 147 7 7
153 148 7 7
154 142 7 7
154 149 7 7
155 150 7 7
155 146 7 7
156 149 7 7
156 141 7 7
157 153 7 7
157 141 7 7
158 154 7 7
158 148 7 7
159 143 7 7
159 140 7 7
140 152 7 7
140 157 7 7
141 143 7 7
141 147 7 7
162 161 8 8
162 160 8 8
163 162 8 8
163 161 8 8
164 163 8 8
164 162 8 8
165 163 8 8
165 160 8 8
166 161 8 8
166 163 8 8
167 160 8 8
167 166 8 8
168 160 8 8
168 167 8 8
169 160 8 8
169 167 8 8
170 163 8 8
170 164 8 8
171 168 8 8
171 169 8 8
172 161 8 8
172 166 8 8
173 160 8 8
173 165 8 8
174 173 8 8
174 165 8 8
175 161 8 8
175 167 8 8
176 170 8 8
176 163 8 8
177 173 8 8
177 160 8 8
178 175 8 8
178 176 8 8
179 178 8 8
179 164 8 8
160 163 8 8
160 176 8 8
161 171 8 8
161 168 8 8
182 180 9 9
182 181 9 9
183 181 9 9
183 182 9 9
184 183 9 9
184 181 9 9
185 181 9 9
185 184 9 9
186 183 9 9
186 180 9 9
187 183 9 9
187 186 9 9
188 186 9 9
188 183 9 9
189 184 9 9
189 188 9 9
190 187 9 9
190 189 9 9
191 181 9 9
191 183 9 9
192 184 9 9
192 191 9 9
193 187 9 9
193 191 9 9
194 189 9 9
194 183 9 9
195 193 9 9
195 192 9 9
196 181 9 9
196 186 9 9
197 194 9 9
197 180 9 9
198 185 9 9
198 188 9 9
199 181 9 9
199 183 9 9
180 193 9 9
180 187 9 9
181 186 9 9
181 189 9 9
202 201 10 10
202 200 10 10
203 201 10 10
203 202 10 10
204 202 10 10
204 203 10 10
205 202 10 10
205 204 10 10
206 203 10 10
206 204 10 10
207 205 10 10
207 204 10 10
208 201 10 10
208 207 10 10
209 204 10 10
209 205 10 10
210 204 10 10
210 205 10 10
211 207 10 10
211 203 10 10
212 200 10 10
212 202 10 10
213 205 10 10
213 206 10 10
214 211 10 10
214 210 10 10
215 202 10 10
215 203 10 10
216 205 10 10
216 204 10 10
217 211 10 10
217 212 10 10
218 203 10 10
218 213 10 10
219 206 10 10
219 214 10 10
200 209 10 10
200 215 10 10
201 219 10 10
201 207 10 10
222 220 11 11
222 221 11 11
223 221 11 11
223 220 11 11
224 220 11 11
224 221 11 11
225 224 11 11
225 223 11 11
226 223 11 11
226 220 11 11
227 223 11 11
227 226 11 11
228 220 11 11
228 222 11 11
229 223 11 11
229 227 11 11
230 228 11 11
230 222 11 11
231 221 11 11
231 220 11 11
232 226 11 11
232 227 11 11
233 220 11 11
233 222 11 11
234 222 11 11
234 220 11 11
235 229 11 11
235 226 11 11
236 224 11 11
236 228 11 11
237 231 11 11
237 233 11 11
238 228 11 11
238 231 11 11
239 224 11 11
239 225 11 11
220 230 11 11
220 236 11 11
221 226 11 11
221 235 11 11
242 240 12 12
242 241 12 12
243 240 12 12
243 242 12 12
244 240 12 12
244 243 12 12
245 240 12 12
245 241 12 12
246 243 12 12
246 240 12 12
247 240 12 12
247 243 12 12
248 240 12 12
248 242 12 12
249 241 12 12
249 242 12 12
250 246 12 12
250 240 12 12
251 247 12 12
251 244 12 12
252 249 12 12
252 241 12 12
253 245 12 12
253 240 12 12
254 242 12 12
254 253 12 12
255 244 12 12
255 243 12 12
256 251 12 12
256 246 12 12
257 249 12 12
257 251 12 12
258 255 12 12
258 254 12 12
259 254 12 12
259 250 12 12
240 256 12 12
240 257 12 12
241 244 12 12
241 253 12 12
262 260 13 13
262 261 13 13
263 262 13 13
263 261 13 13
264 261 13 13
264 262 13 13
265 261 13 13
265 260 13 13
266 261 13 13
266 262 13 13
267 262 13 13
267 261 13 13
268 266 13 13
268 260 13 13
269 260 13 13
269 265 13 13
270 266 13 13
270 260 13 13
271 267 13 13
271 265 13 13
272 266 13 13
272 270 13 13
273 261 13 13
273 272 13 13
274 273 13 13
274 271 13 13
275 270 13 13
275 272 13 13
276 272 13 13
276 271 13 13
277 271 13 13
277 260 13 13
278 267 13 13
278 262 13 13
279 271 13 13
279 269 13 13
260 266 13 13
260 267 13 13
261 269 13 13
261 271 13 13
282 281 14 14
282 280 14 14
283 282 14 14
283 280 14 14
284 280 14 14
284 282 14 14
285 283 14 14
285 282 14 14
286 281 14 14
286 280 14 14
287 282 14 14
287 286 14 14
288 282 14 14
288 287 14 14
289 281 14 14
289 287 14 14
290 286 14 14
290 289 14 14
291 280 14 14
291 285 14 14
292 289 14 14
292 281 14 14
293 282 14 14
293 290 14 14
294 287 14 14
294 293 14 14
295 289 14 14
295 292 14 14
296 286 14 14
296 284 14 14
297 295 14 14
297 285 14 14
298 281 14 14
298 287 14 14
299 290 14 14
299 298 14 14
280 294 14 14
280 287 14 14
281 288 14 14
281 284 14 14
302 300 15 15
302 301 15 15
303 301 15 15
303 302 15 15
304 300 15 15
304 302 15 15
305 301 15 15
305 304 15 15
306 301 15 15
306 305 15 15
307 302 15 15
307 300 15 15
308 306 15 15
308 303 15 15
309 303 15 15
309 301 15 15
310 305 15 15
310 308 15 15
311 310 15 15
311 301 15 15
312 310 15 15
312 307 15 15
313 302 15 15
313 303 15 15
314 301 15 15
314 312 15 15
315 304 15 15
315 309 15 15
316 311 15 15
316 303 15 15
317 314 15 15
317 311 15 15
318 310 15 15
318 302 15 15
319 306 15 15
319 305 15 15
300 303 15 15
300 317 15 15
301 318 15 15
301 317 15 15
50 23 2 1
53 4 2 0
65 0 3 0
73 33 3 1
85 66 4 3
80 13 4 0
118 75 5 3
118 17 5 0
127 95 6 4
123 114 6 5
148 84 7 4
140 3 7 0
168 150 8 7
163 19 8 0
180 169 9 8
186 154 9 7
217 76 10 3
206 142 10 7
226 150 11 7
239 100 11 5
249 139 12 6
241 194 12 9
275 63 13 3
268 203 13 10
293 40 14 2
280 147 14 7
318 40 15 2
310 295 15 14
12 126 0 6
0 211 0 10
33 268 1 13
24 232 1 11
