swNum = 320
edgeNum = 672

0 0
1 0
2 0
3 0
4 0
5 0
6 0
7 0
8 0
9 0
10 0
11 0
12 0
13 0
14 0
15 0
16 0
17 0
18 0
19 0
20 1
21 1
22 1
23 1
24 1
25 1
26 1
27 1
28 1
29 1
30 1
31 1
32 1
33 1
34 1
35 1
36 1
37 1
38 1
39 1
40 2
41 2
42 2
43 2
44 2
45 2
46 2
47 2
48 2
49 2
50 2
51 2
52 2
53 2
54 2
55 2
56 2
57 2
58 2
59 2
60 3
61 3
62 3
63 3
64 3
65 3
66 3
67 3
68 3
69 3
70 3
71 3
72 3
73 3
74 3
75 3
76 3
77 3
78 3
79 3
80 4
81 4
82 4
83 4
84 4
85 4
86 4
87 4
88 4
89 4
90 4
91 4
92 4
93 4
94 4
95 4
96 4
97 4
98 4
99 4
100 5
101 5
102 5
103 5
104 5
105 5
106 5
107 5
108 5
109 5
110 5
111 5
112 5
113 5
114 5
115 5
116 5
117 5
118 5
119 5
120 6
121 6
122 6
123 6
124 6
125 6
126 6
127 6
128 6
129 6
130 6
131 6
132 6
133 6
134 6
135 6
136 6
137 6
138 6
139 6
140 7
141 7
142 7
143 7
144 7
145 7
146 7
147 7
148 7
149 7
150 7
151 7
152 7
153 7
154 7
155 7
156 7
157 7
158 7
159 7
160 8
161 8
162 8
163 8
164 8
165 8
166 8
167 8
168 8
169 8
170 8
171 8
172 8
173 8
174 8
175 8
176 8
177 8
178 8
179 8
180 9
181 9
182 9
183 9
184 9
185 9
186 9
187 9
188 9
189 9
190 9
191 9
192 9
193 9
194 9
195 9
196 9
197 9
198 9
199 9
200 10
201 10
202 10
203 10
204 10
205 10
206 10
207 10
208 10
209 10
210 10
211 10
212 10
213 10
214 10
215 10
216 10
217 10
218 10
219 10
220 11
221 11
222 11
223 11
224 11
225 11
226 11
227 11
228 11
229 11
230 11
231 11
232 11
233 11
234 11
235 11
236 11
237 11
238 11
239 11
240 12
241 12
242 12
243 12
244 12
245 12
246 12
247 12
248 12
249 12
250 12
251 12
252 12
253 12
254 12
255 12
256 12
257 12
258 12
259 12
260 13
261 13
262 13
263 13
264 13
265 13
266 13
267 13
268 13
269 13
270 13
271 13
272 13
273 13
274 13
275 13
276 13
277 13
278 13
279 13
280 14
281 14
282 14
283 14
284 14
285 14
286 14
287 14
288 14
289 14
290 14
291 14
292 14
293 14
294 14
295 14
296 14
297 14
298 14
299 14
300 15
301 15
302 15
303 15
304 15
305 15
306 15
307 15
308 15
309 15
310 15
311 15
312 15
313 15
314 15
315 15
316 15
317 15
318 15
319 15

2 1 0 0
2 0 0 0
3 1 0 0
3 0 0 0
4 1 0 0
4 3 0 0
5 4 0 0
5 2 0 0
6 1 0 0
6 3 0 0
7 4 0 0
7 0 0 0
8 7 0 0
8 6 0 0
9 2 0 0
9 5 0 0
10 5 0 0
10 4 0 0
11 0 0 0
11 6 0 0
12 4 0 0
12 6 0 0
13 11 0 0
13 2 0 0
14 1 0 0
14 3 0 0
15 9 0 0
15 5 0 0
16 2 0 0
16 6 0 0
17 10 0 0
17 11 0 0
18 16 0 0
18 2 0 0
19 0 0 0
19 8 0 0
0 9 0 0
0 16 0 0
1 17 0 0
1 18 0 0
22 21 1 1
22 20 1 1
23 22 1 1
23 21 1 1
24 22 1 1
24 23 1 1
25 21 1 1
25 23 1 1
26 25 1 1
26 20 1 1
27 24 1 1
27 23 1 1
28 24 1 1
28 23 1 1
29 23 1 1
29 25 1 1
30 22 1 1
30 27 1 1
31 20 1 1
31 26 1 1
32 27 1 1
32 25 1 1
33 32 1 1
33 27 1 1
34 21 1 1
34 23 1 1
35 34 1 1
35 22 1 1
36 21 1 1
36 33 1 1
37 22 1 1
37 20 1 1
38 37 1 1
38 24 1 1
39 27 1 1
39 25 1 1
20 34 1 1
20 25 1 1
21 26 1 1
21 30 1 1
42 41 2 2
42 40 2 2
43 40 2 2
43 41 2 2
44 42 2 2
44 41 2 2
45 43 2 2
45 40 2 2
46 42 2 2
46 43 2 2
47 43 2 2
47 41 2 2
48 45 2 2
48 40 2 2
49 42 2 2
49 46 2 2
50 43 2 2
50 41 2 2
51 43 2 2
51 41 2 2
52 41 2 2
52 48 2 2
53 49 2 2
53 45 2 2
54 43 2 2
54 44 2 2
55 52 2 2
55 44 2 2
56 54 2 2
56 52 2 2
57 56 2 2
57 41 2 2
58 47 2 2
58 51 2 2
59 46 2 2
59 41 2 2
40 59 2 2
40 49 2 2
41 58 2 2
41 56 2 2
62 60 3 3
62 61 3 3
63 61 3 3
63 60 3 3
64 63 3 3
64 62 3 3
65 62 3 3
65 63 3 3
66 64 3 3
66 60 3 3
67 63 3 3
67 62 3 3
68 62 3 3
68 66 3 3
69 62 3 3
69 61 3 3
70 68 3 3
70 62 3 3
71 63 3 3
71 65 3 3
72 65 3 3
72 63 3 3
73 70 3 3
73 68 3 3
74 68 3 3
74 65 3 3
75 69 3 3
75 73 3 3
76 67 3 3
76 65 3 3
77 67 3 3
77 74 3 3
78 69 3 3
78 62 3 3
79 69 3 3
79 77 3 3
60 79 3 3
60 69 3 3
61 71 3 3
61 78 3 3
82 81 4 4
82 80 4 4
83 81 4 4
83 80 4 4
84 80 4 4
84 81 4 4
85 82 4 4
85 81 4 4
86 83 4 4
86 85 4 4
87 81 4 4
87 83 4 4
88 80 4 4
88 84 4 4
89 82 4 4
89 86 4 4
90 87 4 4
90 85 4 4
91 87 4 4
91 86 4 4
92 87 4 4
92 85 4 4
93 90 4 4
93 83 4 4
94 80 4 4
94 91 4 4
95 83 4 4
95 86 4 4
96 94 4 4
96 90 4 4
97 84 4 4
97 81 4 4
98 93 4 4
98 81 4 4
99 90 4 4
99 97 4 4
80 97 4 4
80 86 4 4
81 90 4 4
81 86 4 4
102 100 5 5
102 101 5 5
103 100 5 5
103 102 5 5
104 103 5 5
104 102 5 5
105 104 5 5
105 103 5 5
106 104 5 5
106 102 5 5
107 105 5 5
107 101 5 5
108 105 5 5
108 102 5 5
109 106 5 5
109 102 5 5
110 100 5 5
110 109 5 5
111 100 5 5
111 109 5 5
112 110 5 5
112 107 5 5
113 107 5 5
113 104 5 5
114 110 5 5
114 103 5 5
115 111 5 5
115 108 5 5
116 113 5 5
116 102 5 5
117 100 5 5
117 106 5 5
118 101 5 5
118 109 5 5
119 106 5 5
119 104 5 5
100 114 5 5
100 119 5 5
101 109 5 5
101 104 5 5
122 120 6 6
122 121 6 6
123 120 6 6
123 122 6 6
124 122 6 6
124 123 6 6
125 123 6 6
125 121 6 6
126 125 6 6
126 121 6 6
127 126 6 6
127 121 6 6
128 120 6 6
128 123 6 6
129 127 6 6
129 123 6 6
130 121 6 6
130 127 6 6
131 125 6 6
131 126 6 6
132 120 6 6
132 131 6 6
133 122 6 6
133 125 6 6
134 125 6 6
134 123 6 6
135 123 6 6
135 120 6 6
136 124 6 6
136 129 6 6
137 123 6 6
137 132 6 6
138 130 6 6
138 136 6 6
139 138 6 6
139 127 6 6
120 137 6 6
120 124 6 6
121 124 6 6
121 129 6 6
142 141 7 7
142 140 7 7
143 141 7 7
143 140 7 7
144 142 7 7
144 140 7 7
145 144 7 7
145 142 7 7
146 142 7 7
146 141 7 7
147 142 7 7
147 144 7 7
148 146 7 7
148 145 7 7
149 148 7 7
149 143 7 7
150 147 7 7
150 143 7 7
151 140 7 7
151 143 7 7
152 140 7 7
152 149 7 7
153 144 7 7
153 145 7 7
154 153 7 7
154 140 7 7
155 142 7 7
155 141 7 7
156 153 7 7
156 151 7 7
157 153 7 7
157 150 7 7
158 151 7 7
158 157 7 7
159 151 7 7
159 155 7 7
140 157 7 7
140 146 7 7
141 151 7 7
141 158 7 7
162 160 8 8
162 161 8 8
163 162 8 8
163 161 8 8
164 163 8 8
164 162 8 8
165 164 8 8
165 160 8 8
166 164 8 8
166 165 8 8
167 160 8 8
167 165 8 8
168 163 8 8
168 164 8 8
169 166 8 8
169 163 8 8
170 166 8 8
170 164 8 8
171 164 8 8
171 161 8 8
172 160 8 8
172 167 8 8
173 172 8 8
173 167 8 8
174 161 8 8
174 165 8 8
175 161 8 8
175 164 8 8
176 165 8 8
176 174 8 8
177 162 8 8
177 170 8 8
178 174 8 8
178 165 8 8
179 171 8 8
179 165 8 8
160 176 8 8
160 175 8 8
161 168 8 8
161 179 8 8
182 180 9 9
182 181 9 9
183 180 9 9
183 182 9 9
184 182 9 9
184 181 9 9
185 184 9 9
185 182 9 9
186 180 9 9
186 183 9 9
187 184 9 9
187 181 9 9
188 186 9 9
188 185 9 9
189 181 9 9
189 187 9 9
190 182 9 9
190 187 9 9
191 180 9 9
191 189 9 9
192 181 9 9
192 190 9 9
193 184 9 9
193 191 9 9
194 186 9 9
194 190 9 9
195 192 9 9
195 191 9 9
196 185 9 9
196 192 9 9
197 193 9 9
197 196 9 9
198 181 9 9
198 187 9 9
199 180 9 9
199 181 9 9
180 184 9 9
180 192 9 9
181 194 9 9
181 190 9 9
202 201 10 10
202 200 10 10
203 200 10 10
203 202 10 10
204 201 10 10
204 203 10 10
205 203 10 10
205 202 10 10
206 204 10 10
206 203 10 10
207 201 10 10
207 205 10 10
208 201 10 10
208 200 10 10
209 202 10 10
209 203 10 10
210 202 10 10
210 205 10 10
211 207 10 10
211 205 10 10
212 206 10 10
212 209 10 10
213 210 10 10
213 200 10 10
214 210 10 10
214 208 10 10
215 212 10 10
215 214 10 10
216 203 10 10
216 212 10 10
217 206 10 10
217 201 10 10
218 212 10 10
218 201 10 10
219 208 10 10
219 213 10 10
200 218 10 10
200 205 10 10
201 210 10 10
201 219 10 10
222 220 11 11
222 221 11 11
223 220 11 11
223 221 11 11
224 220 11 11
224 223 11 11
225 223 11 11
225 224 11 11
226 224 11 11
226 223 11 11
227 220 11 11
227 221 11 11
228 225 11 11
228 226 11 11
229 222 11 11
229 225 11 11
230 229 11 11
230 227 11 11
231 223 11 11
231 225 11 11
232 230 11 11
232 224 11 11
233 224 11 11
233 227 11 11
234 223 11 11
234 229 11 11
235 229 11 11
235 234 11 11
236 226 11 11
236 229 11 11
237 232 11 11
237 228 11 11
238 229 11 11
238 225 11 11
239 227 11 11
239 235 11 11
220 228 11 11
220 232 11 11
221 231 11 11
221 226 11 11
242 240 12 12
242 241 12 12
243 240 12 12
243 242 12 12
244 241 12 12
244 242 12 12
245 243 12 12
245 240 12 12
246 241 12 12
246 242 12 12
247 240 12 12
247 245 12 12
248 245 12 12
248 243 12 12
249 246 12 12
249 241 12 12
250 242 12 12
250 249 12 12
251 245 12 12
251 249 12 12
252 242 12 12
252 250 12 12
253 249 12 12
253 246 12 12
254 251 12 12
254 250 12 12
255 244 12 12
255 248 12 12
256 245 12 12
256 240 12 12
257 241 12 12
257 253 12 12
258 255 12 12
258 247 12 12
259 254 12 12
259 252 12 12
240 250 12 12
240 251 12 12
241 254 12 12
241 253 12 12
262 261 13 13
262 260 13 13
263 260 13 13
263 262 13 13
264 260 13 13
264 261 13 13
265 264 13 13
265 262 13 13
266 262 13 13
266 260 13 13
267 263 13 13
267 264 13 13
268 261 13 13
268 263 13 13
269 268 13 13
269 266 13 13
270 267 13 13
270 264 13 13
271 263 13 13
271 261 13 13
272 260 13 13
272 269 13 13
273 269 13 13
273 268 13 13
274 265 13 13
274 260 13 13
275 268 13 13
275 273 13 13
276 267 13 13
276 262 13 13
277 264 13 13
277 267 13 13
278 272 13 13
278 269 13 13
279 278 13 13
279 262 13 13
260 269 13 13
260 278 13 13
261 276 13 13
261 272 13 13
282 280 14 14
282 281 14 14
283 280 14 14
283 282 14 14
284 280 14 14
284 281 14 14
285 282 14 14
285 283 14 14
286 283 14 14
286 281 14 14
287 280 14 14
287 284 14 14
288 281 14 14
288 286 14 14
289 284 14 14
289 280 14 14
290 282 14 14
290 283 14 14
291 281 14 14
291 280 14 14
292 288 14 14
292 286 14 14
293 288 14 14
293 286 14 14
294 285 14 14
294 292 14 14
295 287 14 14
295 284 14 14
296 289 14 14
296 292 14 14
297 287 14 14
297 292 14 14
298 292 14 14
298 293 14 14
299 293 14 14
299 288 14 14
280 297 14 14
280 285 14 14
281 299 14 14
281 294 14 14
302 300 15 15
302 301 15 15
303 300 15 15
303 301 15 15
304 301 15 15
304 302 15 15
305 303 15 15
305 304 15 15
306 303 15 15
306 304 15 15
307 301 15 15
307 302 15 15
308 300 15 15
308 302 15 15
309 303 15 15
309 301 15 15
310 308 15 15
310 307 15 15
311 310 15 15
311 302 15 15
312 308 15 15
312 310 15 15
313 311 15 15
313 308 15 15
314 312 15 15
314 300 15 15
315 304 15 15
315 302 15 15
316 310 15 15
316 302 15 15
317 303 15 15
317 309 15 15
318 311 15 15
318 315 15 15
319 307 15 15
319 305 15 15
300 318 15 15
300 312 15 15
301 315 15 15
301 316 15 15
42 14 2 0
49 39 2 1
78 1 3 0
70 46 3 2
86 16 4 0
88 25 4 1
107 18 5 0
116 43 5 2
121 109 6 5
126 50 6 2
151 92 7 4
143 59 7 2
160 14 8 0
179 154 8 7
183 121 9 6
188 39 9 1
206 150 10 7
216 10 10 0
225 124 11 6
226 146 11 7
252 181 12 9
259 83 12 4
274 205 13 10
267 165 13 8
296 82 14 4
289 180 14 9
304 98 15 4
301 284 15 14
7 147 0 7
18 293 0 14
37 209 1 10
24 150 1 7
