swNum = 320
edgeNum = 672

0 0
1 0
2 0
3 0
4 0
5 0
6 0
7 0
8 0
9 0
10 0
11 0
12 0
13 0
14 0
15 0
16 0
17 0
18 0
19 0
20 1
21 1
22 1
23 1
24 1
25 1
26 1
27 1
28 1
29 1
30 1
31 1
32 1
33 1
34 1
35 1
36 1
37 1
38 1
39 1
40 2
41 2
42 2
43 2
44 2
45 2
46 2
47 2
48 2
49 2
50 2
51 2
52 2
53 2
54 2
55 2
56 2
57 2
58 2
59 2
60 3
61 3
62 3
63 3
64 3
65 3
66 3
67 3
68 3
69 3
70 3
71 3
72 3
73 3
74 3
75 3
76 3
77 3
78 3
79 3
80 4
81 4
82 4
83 4
84 4
85 4
86 4
87 4
88 4
89 4
90 4
91 4
92 4
93 4
94 4
95 4
96 4
97 4
98 4
99 4
100 5
101 5
102 5
103 5
104 5
105 5
106 5
107 5
108 5
109 5
110 5
111 5
112 5
113 5
114 5
115 5
116 5
117 5
118 5
119 5
120 6
121 6
122 6
123 6
124 6
125 6
126 6
127 6
128 6
129 6
130 6
131 6
132 6
133 6
134 6
135 6
136 6
137 6
138 6
139 6
140 7
141 7
142 7
143 7
144 7
145 7
146 7
147 7
148 7
149 7
150 7
151 7
152 7
153 7
154 7
155 7
156 7
157 7
158 7
159 7
160 8
161 8
162 8
163 8
164 8
165 8
166 8
167 8
168 8
169 8
170 8
171 8
172 8
173 8
174 8
175 8
176 8
177 8
178 8
179 8
180 9
181 9
182 9
183 9
184 9
185 9
186 9
187 9
188 9
189 9
190 9
191 9
192 9
193 9
194 9
195 9
196 9
197 9
198 9
199 9
200 10
201 10
202 10
203 10
204 10
205 10
206 10
207 10
208 10
209 10
210 10
211 10
212 10
213 10
214 10
215 10
216 10
217 10
218 10
219 10
220 11
221 11
222 11
223 11
224 11
225 11
226 11
227 11
228 11
229 11
230 11
231 11
232 11
233 11
234 11
235 11
236 11
237 11
238 11
239 11
240 12
241 12
242 12
243 12
244 12
245 12
246 12
247 12
248 12
249 12
250 12
251 12
252 12
253 12
254 12
255 12
256 12
257 12
258 12
259 12
260 13
261 13
262 13
263 13
264 13
265 13
266 13
267 13
268 13
269 13
270 13
271 13
272 13
273 13
274 13
275 13
276 13
277 13
278 13
279 13
280 14
281 14
282 14
283 14
284 14
285 14
286 14
287 14
288 14
289 14
290 14
291 14
292 14
293 14
294 14
295 14
296 14
297 14
298 14
299 14
300 15
301 15
302 15
303 15
304 15
305 15
306 15
307 15
308 15
309 15
310 15
311 15
312 15
313 15
314 15
315 15
316 15
317 15
318 15
319 15

2 0 0 0
2 1 0 0
3 0 0 0
3 1 0 0
4 3 0 0
4 0 0 0
5 4 0 0
5 0 0 0
6 3 0 0
6 1 0 0
7 3 0 0
7 1 0 0
8 2 0 0
8 5 0 0
9 8 0 0
9 1 0 0
10 3 0 0
10 7 0 0
11 3 0 0
11 1 0 0
12 4 0 0
12 3 0 0
13 3 0 0
13 5 0 0
14 10 0 0
14 7 0 0
15 7 0 0
15 9 0 0
16 9 0 0
16 8 0 0
17 3 0 0
17 2 0 0
18 15 0 0
18 8 0 0
19 16 0 0
19 14 0 0
0 14 0 0
0 18 0 0
1 14 0 0
1 5 0 0
22 20 1 1
22 21 1 1
23 22 1 1
23 21 1 1
24 22 1 1
24 23 1 1
25 22 1 1
25 23 1 1
26 21 1 1
26 24 1 1
27 22 1 1
27 23 1 1
28 27 1 1
28 22 1 1
29 26 1 1
29 24 1 1
30 28 1 1
30 26 1 1
31 21 1 1
31 22 1 1
32 23 1 1
32 24 1 1
33 32 1 1
33 23 1 1
34 31 1 1
34 27 1 1
35 25 1 1
35 23 1 1
36 35 1 1
36 25 1 1
37 27 1 1
37 24 1 1
38 29 1 1
38 28 1 1
39 23 1 1
39 35 1 1
20 31 1 1
20 23 1 1
21 37 1 1
21 34 1 1
42 41 2 2
42 40 2 2
43 42 2 2
43 40 2 2
44 42 2 2
44 43 2 2
45 43 2 2
45 44 2 2
46 43 2 2
46 44 2 2
47 41 2 2
47 46 2 2
48 47 2 2
48 42 2 2
49 47 2 2
49 46 2 2
50 41 2 2
50 45 2 2
51 50 2 2
51 41 2 2
52 45 2 2
52 46 2 2
53 41 2 2
53 51 2 2
54 49 2 2
54 52 2 2
55 47 2 2
55 45 2 2
56 46 2 2
56 43 2 2
57 51 2 2
57 50 2 2
58 55 2 2
58 54 2 2
59 58 2 2
59 43 2 2
40 54 2 2
40 56 2 2
41 44 2 2
41 48 2 2
62 60 3 3
62 61 3 3
63 62 3 3
63 60 3 3
64 61 3 3
64 63 3 3
65 62 3 3
65 64 3 3
66 61 3 3
66 62 3 3
67 63 3 3
67 66 3 3
68 64 3 3
68 63 3 3
69 62 3 3
69 67 3 3
70 62 3 3
70 61 3 3
71 61 3 3
71 63 3 3
72 63 3 3
72 60 3 3
73 72 3 3
73 60 3 3
74 67 3 3
74 62 3 3
75 72 3 3
75 71 3 3
76 72 3 3
76 75 3 3
77 69 3 3
77 64 3 3
78 77 3 3
78 61 3 3
79 66 3 3
79 68 3 3
60 74 3 3
60 68 3 3
61 75 3 3
61 68 3 3
82 81 4 4
82 80 4 4
83 81 4 4
83 80 4 4
84 82 4 4
84 80 4 4
85 84 4 4
85 80 4 4
86 84 4 4
86 82 4 4
87 83 4 4
87 82 4 4
88 87 4 4
88 83 4 4
89 88 4 4
89 86 4 4
90 80 4 4
90 82 4 4
91 85 4 4
91 89 4 4
92 90 4 4
92 82 4 4
93 85 4 4
93 91 4 4
94 85 4 4
94 92 4 4
95 83 4 4
95 88 4 4
96 89 4 4
96 82 4 4
97 94 4 4
97 91 4 4
98 92 4 4
98 90 4 4
99 80 4 4
99 95 4 4
80 97 4 4
80 89 4 4
81 87 4 4
81 90 4 4
102 101 5 5
102 100 5 5
103 100 5 5
103 101 5 5
104 103 5 5
104 101 5 5
105 100 5 5
105 103 5 5
106 104 5 5
106 102 5 5
107 100 5 5
107 101 5 5
108 106 5 5
108 105 5 5
109 103 5 5
109 108 5 5
110 101 5 5
110 107 5 5
111 101 5 5
111 102 5 5
112 109 5 5
112 103 5 5
113 106 5 5
113 110 5 5
114 112 5 5
114 101 5 5
115 108 5 5
115 113 5 5
116 110 5 5
116 107 5 5
117 114 5 5
117 111 5 5
118 106 5 5
118 104 5 5
119 103 5 5
119 115 5 5
100 112 5 5
100 116 5 5
101 112 5 5
101 119 5 5
122 120 6 6
122 121 6 6
123 121 6 6
123 120 6 6
124 121 6 6
124 123 6 6
125 123 6 6
125 120 6 6
126 125 6 6
126 122 6 6
127 125 6 6
127 123 6 6
128 124 6 6
128 125 6 6
129 124 6 6
129 123 6 6
130 120 6 6
130 129 6 6
131 127 6 6
131 122 6 6
132 128 6 6
132 127 6 6
133 127 6 6
133 122 6 6
134 127 6 6
134 133 6 6
135 120 6 6
135 133 6 6
136 131 6 6
136 132 6 6
137 126 6 6
137 132 6 6
138 132 6 6
138 133 6 6
139 132 6 6
139 133 6 6
120 127 6 6
120 136 6 6
121 138 6 6
121 132 6 6
142 140 7 7
142 141 7 7
143 140 7 7
143 141 7 7
144 143 7 7
144 140 7 7
145 141 7 7
145 143 7 7
146 141 7 7
146 145 7 7
147 142 7 7
147 145 7 7
148 145 7 7
148 140 7 7
149 145 7 7
149 148 7 7
150 146 7 7
150 147 7 7
151 142 7 7
151 140 7 7
152 140 7 7
152 143 7 7
153 150 7 7
153 141 7 7
154 141 7 7
154 143 7 7
155 146 7 7
155 152 7 7
156 142 7 7
156 148 7 7
157 141 7 7
157 156 7 7
158 140 7 7
158 142 7 7
159 140 7 7
159 153 7 7
140 146 7 7
140 155 7 7
141 144 7 7
141 148 7 7
162 160 8 8
162 161 8 8
163 160 8 8
163 162 8 8
164 161 8 8
164 162 8 8
165 160 8 8
165 164 8 8
166 160 8 8
166 165 8 8
167 164 8 8
167 162 8 8
168 166 8 8
168 165 8 8
169 163 8 8
169 168 8 8
170 167 8 8
170 164 8 8
171 166 8 8
171 161 8 8
172 171 8 8
172 162 8 8
173 169 8 8
173 160 8 8
174 169 8 8
174 160 8 8
175 170 8 8
175 162 8 8
176 161 8 8
176 170 8 8
177 161 8 8
177 173 8 8
178 163 8 8
178 170 8 8
179 165 8 8
179 162 8 8
160 167 8 8
160 164 8 8
161 179 8 8
161 166 8 8
182 181 9 9
182 180 9 9
183 181 9 9
183 182 9 9
184 180 9 9
184 181 9 9
185 183 9 9
185 182 9 9
186 180 9 9
186 183 9 9
187 182 9 9
187 183 9 9
188 187 9 9
188 180 9 9
189 188 9 9
189 180 9 9
190 180 9 9
190 182 9 9
191 190 9 9
191 184 9 9
192 186 9 9
192 184 9 9
193 190 9 9
193 191 9 9
194 182 9 9
194 189 9 9
195 180 9 9
195 189 9 9
196 181 9 9
196 194 9 9
197 183 9 9
197 185 9 9
198 186 9 9
198 196 9 9
199 195 9 9
199 188 9 9
180 187 9 9
180 199 9 9
181 189 9 9
181 192 9 9
202 200 10 10
202 201 10 10
203 202 10 10
203 200 10 10
204 200 10 10
204 201 10 10
205 204 10 10
205 203 10 10
206 200 10 10
206 205 10 10
207 202 10 10
207 203 10 10
208 200 10 10
208 204 10 10
209 201 10 10
209 204 10 10
210 201 10 10
210 205 10 10
211 200 10 10
211 203 10 10
212 211 10 10
212 203 10 10
213 201 10 10
213 202 10 10
214 204 10 10
214 201 10 10
215 203 10 10
215 207 10 10
216 210 10 10
216 215 10 10
217 215 10 10
217 202 10 10
218 213 10 10
218 214 10 10
219 207 10 10
219 212 10 10
200 210 10 10
200 219 10 10
201 208 10 10
201 216 10 10
222 221 11 11
222 220 11 11
223 222 11 11
223 221 11 11
224 221 11 11
224 222 11 11
225 224 11 11
225 223 11 11
226 222 11 11
226 223 11 11
227 223 11 11
227 226 11 11
228 227 11 11
228 222 11 11
229 220 11 11
229 221 11 11
230 228 11 11
230 229 11 11
231 225 11 11
231 230 11 11
232 228 11 11
232 226 11 11
233 228 11 11
233 223 11 11
234 223 11 11
234 233 11 11
235 228 11 11
235 221 11 11
236 231 11 11
236 235 11 11
237 235 11 11
237 234 11 11
238 233 11 11
238 231 11 11
239 226 11 11
239 228 11 11
220 224 11 11
220 231 11 11
221 234 11 11
221 230 11 11
242 240 12 12
242 241 12 12
243 242 12 12
243 241 12 12
244 240 12 12
244 241 12 12
245 242 12 12
245 241 12 12
246 245 12 12
246 240 12 12
247 245 12 12
247 243 12 12
248 245 12 12
248 242 12 12
249 241 12 12
249 248 12 12
250 249 12 12
250 244 12 12
251 245 12 12
251 250 12 12
252 250 12 12
252 240 12 12
253 247 12 12
253 251 12 12
254 248 12 12
254 242 12 12
255 249 12 12
255 245 12 12
256 240 12 12
256 245 12 12
257 249 12 12
257 248 12 12
258 252 12 12
258 247 12 12
259 258 12 12
259 245 12 12
240 243 12 12
240 251 12 12
241 251 12 12
241 255 12 12
262 261 13 13
262 260 13 13
263 260 13 13
263 261 13 13
264 263 13 13
264 262 13 13
265 264 13 13
265 262 13 13
266 265 13 13
266 262 13 13
267 261 13 13
267 262 13 13
268 263 13 13
268 264 13 13
269 265 13 13
269 267 13 13
270 266 13 13
270 267 13 13
271 263 13 13
271 268 13 13
272 269 13 13
272 266 13 13
273 265 13 13
273 270 13 13
274 272 13 13
274 261 13 13
275 267 13 13
275 274 13 13
276 267 13 13
276 266 13 13
277 266 13 13
277 271 13 13
278 272 13 13
278 275 13 13
279 266 13 13
279 268 13 13
260 271 13 13
260 279 13 13
261 264 13 13
261 273 13 13
282 280 14 14
282 281 14 14
283 280 14 14
283 282 14 14
284 280 14 14
284 281 14 14
285 284 14 14
285 281 14 14
286 283 14 14
286 282 14 14
287 280 14 14
287 285 14 14
288 285 14 14
288 280 14 14
289 280 14 14
289 281 14 14
290 286 14 14
290 284 14 14
291 285 14 14
291 288 14 14
292 291 14 14
292 281 14 14
293 285 14 14
293 287 14 14
294 291 14 14
294 293 14 14
295 282 14 14
295 288 14 14
296 285 14 14
296 293 14 14
297 283 14 14
297 293 14 14
298 287 14 14
298 292 14 14
299 285 14 14
299 291 14 14
280 292 14 14
280 286 14 14
281 294 14 14
281 290 14 14
302 300 15 15
302 301 15 15
303 301 15 15
303 302 15 15
304 301 15 15
304 302 15 15
305 301 15 15
305 302 15 15
306 301 15 15
306 303 15 15
307 302 15 15
307 304 15 15
308 303 15 15
308 304 15 15
309 304 15 15
309 306 15 15
310 301 15 15
310 306 15 15
311 302 15 15
311 300 15 15
312 306 15 15
312 309 15 15
313 308 15 15
313 302 15 15
314 305 15 15
314 312 15 15
315 314 15 15
315 300 15 15
316 305 15 15
316 308 15 15
317 312 15 15
317 304 15 15
318 302 15 15
318 313 15 15
319 303 15 15
319 301 15 15
300 307 15 15
300 304 15 15
301 314 15 15
301 307 15 15
44 10 2 0
41 37 2 1
67 14 3 0
73 33 3 1
86 76 4 3
87 3 4 0
114 95 5 4
107 55 5 2
123 101 6 5
128 20 6 1
155 124 7 6
159 91 7 4
162 98 8 4
162 137 8 6
183 165 9 8
196 134 9 6
218 59 10 2
212 172 10 8
229 98 11 4
237 110 11 5
247 194 12 9
255 200 12 10
267 29 13 1
275 189 13 9
284 267 14 13
285 243 14 12
308 156 15 7
312 230 15 11
0 119 0 5
3 198 0 9
27 105 1 5
37 145 1 7
