swNum = 320
edgeNum = 672

0 0
1 0
2 0
3 0
4 0
5 0
6 0
7 0
8 0
9 0
10 0
11 0
12 0
13 0
14 0
15 0
16 0
17 0
18 0
19 0
20 1
21 1
22 1
23 1
24 1
25 1
26 1
27 1
28 1
29 1
30 1
31 1
32 1
33 1
34 1
35 1
36 1
37 1
38 1
39 1
40 2
41 2
42 2
43 2
44 2
45 2
46 2
47 2
48 2
49 2
50 2
51 2
52 2
53 2
54 2
55 2
56 2
57 2
58 2
59 2
60 3
61 3
62 3
63 3
64 3
65 3
66 3
67 3
68 3
69 3
70 3
71 3
72 3
73 3
74 3
75 3
76 3
77 3
78 3
79 3
80 4
81 4
82 4
83 4
84 4
85 4
86 4
87 4
88 4
89 4
90 4
91 4
92 4
93 4
94 4
95 4
96 4
97 4
98 4
99 4
100 5
101 5
102 5
103 5
104 5
105 5
106 5
107 5
108 5
109 5
110 5
111 5
112 5
113 5
114 5
115 5
116 5
117 5
118 5
119 5
120 6
121 6
122 6
123 6
124 6
125 6
126 6
127 6
128 6
129 6
130 6
131 6
132 6
133 6
134 6
135 6
136 6
137 6
138 6
139 6
140 7
141 7
142 7
143 7
144 7
145 7
146 7
147 7
148 7
149 7
150 7
151 7
152 7
153 7
154 7
155 7
156 7
157 7
158 7
159 7
160 8
161 8
162 8
163 8
164 8
165 8
166 8
167 8
168 8
169 8
170 8
171 8
172 8
173 8
174 8
175 8
176 8
177 8
178 8
179 8
180 9
181 9
182 9
183 9
184 9
185 9
186 9
187 9
188 9
189 9
190 9
191 9
192 9
193 9
194 9
195 9
196 9
197 9
198 9
199 9
200 10
201 10
202 10
203 10
204 10
205 10
206 10
207 10
208 10
209 10
210 10
211 10
212 10
213 10
214 10
215 10
216 10
217 10
218 10
219 10
220 11
221 11
222 11
223 11
224 11
225 11
226 11
227 11
228 11
229 11
230 11
231 11
232 11
233 11
234 11
235 11
236 11
237 11
238 11
239 11
240 12
241 12
242 12
243 12
244 12
245 12
246 12
247 12
248 12
249 12
250 12
251 12
252 12
253 12
254 12
255 12
256 12
257 12
258 12
259 12
260 13
261 13
262 13
263 13
264 13
265 13
266 13
267 13
268 13
269 13
270 13
271 13
272 13
273 13
274 13
275 13
276 13
277 13
278 13
279 13
280 14
281 14
282 14
283 14
284 14
285 14
286 14
287 14
288 14
289 14
290 14
291 14
292 14
293 14
294 14
295 14
296 14
297 14
298 14
299 14
300 15
301 15
302 15
303 15
304 15
305 15
306 15
307 15
308 15
309 15
310 15
311 15
312 15
313 15
314 15
315 15
316 15
317 15
318 15
319 15

2 0 0 0
2 1 0 0
3 0 0 0
3 1 0 0
4 0 0 0
4 1 0 0
5 4 0 0
5 2 0 0
6 3 0 0
6 2 0 0
7 2 0 0
7 1 0 0
8 4 0 0
8 0 0 0
9 8 0 0
9 0 0 0
10 6 0 0
10 4 0 0
11 9 0 0
11 2 0 0
12 11 0 0
12 10 0 0
13 3 0 0
13 10 0 0
14 11 0 0
14 7 0 0
15 5 0 0
15 14 0 0
16 3 0 0
16 10 0 0
17 1 0 0
17 14 0 0
18 11 0 0
18 13 0 0
19 6 0 0
19 10 0 0
0 6 0 0
0 15 0 0
1 19 0 0
1 10 0 0
22 21 1 1
22 20 1 1
23 20 1 1
23 22 1 1
24 23 1 1
24 21 1 1
25 20 1 1
25 22 1 1
26 23 1 1
26 24 1 1
27 25 1 1
27 22 1 1
28 20 1 1
28 24 1 1
29 25 1 1
29 27 1 1
30 20 1 1
30 24 1 1
31 29 1 1
31 25 1 1
32 21 1 1
32 22 1 1
33 26 1 1
33 24 1 1
34 33 1 1
34 23 1 1
35 29 1 1
35 23 1 1
36 31 1 1
36 28 1 1
37 31 1 1
37 35 1 1
38 27 1 1
38 20 1 1
39 28 1 1
39 24 1 1
20 29 1 1
20 34 1 1
21 39 1 1
21 27 1 1
42 40 2 2
42 41 2 2
43 42 2 2
43 40 2 2
44 40 2 2
44 41 2 2
45 41 2 2
45 42 2 2
46 43 2 2
46 44 2 2
47 46 2 2
47 42 2 2
48 47 2 2
48 45 2 2
49 41 2 2
49 44 2 2
50 48 2 2
50 44 2 2
51 40 2 2
51 49 2 2
52 44 2 2
52 49 2 2
53 40 2 2
53 44 2 2
54 40 2 2
54 48 2 2
55 51 2 2
55 41 2 2
56 51 2 2
56 55 2 2
57 51 2 2
57 49 2 2
58 48 2 2
58 46 2 2
59 52 2 2
59 40 2 2
40 48 2 2
40 49 2 2
41 56 2 2
41 46 2 2
62 61 3 3
62 60 3 3
63 61 3 3
63 62 3 3
64 61 3 3
64 62 3 3
65 60 3 3
65 63 3 3
66 65 3 3
66 63 3 3
67 64 3 3
67 66 3 3
68 63 3 3
68 61 3 3
69 62 3 3
69 60 3 3
70 65 3 3
70 60 3 3
71 62 3 3
71 69 3 3
72 66 3 3
72 63 3 3
73 72 3 3
73 63 3 3
74 73 3 3
74 61 3 3
75 62 3 3
75 66 3 3
76 65 3 3
76 74 3 3
77 70 3 3
77 63 3 3
78 77 3 3
78 66 3 3
79 65 3 3
79 72 3 3
60 74 3 3
60 78 3 3
61 76 3 3
61 73 3 3
82 81 4 4
82 80 4 4
83 82 4 4
83 80 4 4
84 80 4 4
84 83 4 4
85 84 4 4
85 80 4 4
86 85 4 4
86 84 4 4
87 83 4 4
87 82 4 4
88 87 4 4
88 82 4 4
89 82 4 4
89 80 4 4
90 82 4 4
90 85 4 4
91 84 4 4
91 80 4 4
92 83 4 4
92 91 4 4
93 91 4 4
93 88 4 4
94 91 4 4
94 87 4 4
95 94 4 4
95 81 4 4
96 94 4 4
96 80 4 4
97 92 4 4
97 95 4 4
98 94 4 4
98 91 4 4
99 94 4 4
99 97 4 4
80 93 4 4
80 99 4 4
81 83 4 4
81 98 4 4
102 100 5 5
102 101 5 5
103 101 5 5
103 102 5 5
104 103 5 5
104 102 5 5
105 102 5 5
105 104 5 5
106 100 5 5
106 104 5 5
107 101 5 5
107 104 5 5
108 107 5 5
108 104 5 5
109 101 5 5
109 108 5 5
110 100 5 5
110 104 5 5
111 109 5 5
111 100 5 5
112 109 5 5
112 110 5 5
113 108 5 5
113 103 5 5
114 109 5 5
114 112 5 5
115 113 5 5
115 105 5 5
116 105 5 5
116 107 5 5
117 109 5 5
117 112 5 5
118 103 5 5
118 102 5 5
119 112 5 5
119 101 5 5
100 107 5 5
100 105 5 5
101 117 5 5
101 108 5 5
122 120 6 6
122 121 6 6
123 122 6 6
123 121 6 6
124 120 6 6
124 122 6 6
125 123 6 6
125 120 6 6
126 121 6 6
126 123 6 6
127 122 6 6
127 123 6 6
128 125 6 6
128 122 6 6
129 120 6 6
129 126 6 6
130 126 6 6
130 128 6 6
131 125 6 6
131 126 6 6
132 126 6 6
132 127 6 6
133 128 6 6
133 123 6 6
134 129 6 6
134 131 6 6
135 126 6 6
135 131 6 6
136 120 6 6
136 133 6 6
137 127 6 6
137 128 6 6
138 120 6 6
138 123 6 6
139 126 6 6
139 125 6 6
120 139 6 6
120 127 6 6
121 130 6 6
121 124 6 6
142 141 7 7
142 140 7 7
143 142 7 7
143 141 7 7
144 140 7 7
144 141 7 7
145 141 7 7
145 143 7 7
146 142 7 7
146 144 7 7
147 142 7 7
147 141 7 7
148 141 7 7
148 144 7 7
149 146 7 7
149 140 7 7
150 149 7 7
150 145 7 7
151 141 7 7
151 145 7 7
152 149 7 7
152 145 7 7
153 150 7 7
153 142 7 7
154 150 7 7
154 149 7 7
155 145 7 7
155 141 7 7
156 146 7 7
156 144 7 7
157 145 7 7
157 152 7 7
158 142 7 7
158 147 7 7
159 144 7 7
159 158 7 7
140 153 7 7
140 159 7 7
141 149 7 7
141 158 7 7
162 160 8 8
162 161 8 8
163 160 8 8
163 161 8 8
164 161 8 8
164 163 8 8
165 164 8 8
165 162 8 8
166 161 8 8
166 165 8 8
167 162 8 8
167 161 8 8
168 163 8 8
168 164 8 8
169 160 8 8
169 162 8 8
170 166 8 8
170 161 8 8
171 166 8 8
171 169 8 8
172 162 8 8
172 165 8 8
173 163 8 8
173 167 8 8
174 173 8 8
174 163 8 8
175 160 8 8
175 169 8 8
176 172 8 8
176 175 8 8
177 173 8 8
177 161 8 8
178 166 8 8
178 164 8 8
179 177 8 8
179 165 8 8
160 165 8 8
160 172 8 8
161 179 8 8
161 178 8 8
182 180 9 9
182 181 9 9
183 181 9 9
183 182 9 9
184 180 9 9
184 182 9 9
185 181 9 9
185 180 9 9
186 183 9 9
186 180 9 9
187 186 9 9
187 181 9 9
188 185 9 9
188 182 9 9
189 181 9 9
189 186 9 9
190 180 9 9
190 188 9 9
191 188 9 9
191 187 9 9
192 184 9 9
192 183 9 9
193 190 9 9
193 187 9 9
194 188 9 9
194 190 9 9
195 180 9 9
195 184 9 9
196 183 9 9
196 184 9 9
197 194 9 9
197 185 9 9
198 194 9 9
198 190 9 9
199 195 9 9
199 185 9 9
180 197 9 9
180 198 9 9
181 188 9 9
181 198 9 9
202 201 10 10
202 200 10 10
203 200 10 10
203 202 10 10
204 201 10 10
204 203 10 10
205 201 10 10
205 204 10 10
206 203 10 10
206 200 10 10
207 200 10 10
207 205 10 10
208 205 10 10
208 201 10 10
209 202 10 10
209 201 10 10
210 208 10 10
210 200 10 10
211 201 10 10
211 207 10 10
212 205 10 10
212 207 10 10
213 201 10 10
213 211 10 10
214 209 10 10
214 211 10 10
215 209 10 10
215 205 10 10
216 211 10 10
216 201 10 10
217 214 10 10
217 215 10 10
218 201 10 10
218 216 10 10
219 214 10 10
219 213 10 10
200 214 10 10
200 219 10 10
201 219 10 10
201 210 10 10
222 221 11 11
222 220 11 11
223 220 11 11
223 221 11 11
224 221 11 11
224 222 11 11
225 221 11 11
225 220 11 11
226 225 11 11
226 221 11 11
227 225 11 11
227 221 11 11
228 226 11 11
228 225 11 11
229 225 11 11
229 227 11 11
230 224 11 11
230 229 11 11
231 220 11 11
231 223 11 11
232 223 11 11
232 229 11 11
233 227 11 11
233 232 11 11
234 226 11 11
234 222 11 11
235 229 11 11
235 233 11 11
236 234 11 11
236 231 11 11
237 233 11 11
237 228 11 11
238 225 11 11
238 236 11 11
239 221 11 11
239 237 11 11
220 239 11 11
220 228 11 11
221 234 11 11
221 231 11 11
242 241 12 12
242 240 12 12
243 242 12 12
243 240 12 12
244 242 12 12
244 240 12 12
245 242 12 12
245 240 12 12
246 244 12 12
246 245 12 12
247 243 12 12
247 245 12 12
248 243 12 12
248 241 12 12
249 247 12 12
249 245 12 12
250 241 12 12
250 240 12 12
251 249 12 12
251 247 12 12
252 249 12 12
252 244 12 12
253 247 12 12
253 245 12 12
254 247 12 12
254 244 12 12
255 242 12 12
255 243 12 12
256 255 12 12
256 253 12 12
257 254 12 12
257 250 12 12
258 257 12 12
258 254 12 12
259 249 12 12
259 256 12 12
240 249 12 12
240 251 12 12
241 256 12 12
241 255 12 12
262 260 13 13
262 261 13 13
263 260 13 13
263 261 13 13
264 261 13 13
264 262 13 13
265 262 13 13
265 260 13 13
266 265 13 13
266 262 13 13
267 262 13 13
267 265 13 13
268 262 13 13
268 265 13 13
269 260 13 13
269 262 13 13
270 267 13 13
270 264 13 13
271 265 13 13
271 270 13 13
272 271 13 13
272 263 13 13
273 272 13 13
273 267 13 13
274 261 13 13
274 267 13 13
275 269 13 13
275 261 13 13
276 267 13 13
276 270 13 13
277 264 13 13
277 275 13 13
278 263 13 13
278 267 13 13
279 266 13 13
279 278 13 13
260 275 13 13
260 279 13 13
261 269 13 13
261 265 13 13
282 280 14 14
282 281 14 14
283 281 14 14
283 280 14 14
284 280 14 14
284 282 14 14
285 284 14 14
285 282 14 14
286 283 14 14
286 281 14 14
287 284 14 14
287 285 14 14
288 287 14 14
288 284 14 14
289 285 14 14
289 283 14 14
290 285 14 14
290 283 14 14
291 284 14 14
291 282 14 14
292 285 14 14
292 287 14 14
293 287 14 14
293 285 14 14
294 281 14 14
294 280 14 14
295 291 14 14
295 283 14 14
296 285 14 14
296 286 14 14
297 293 14 14
297 295 14 14
298 284 14 14
298 285 14 14
299 293 14 14
299 286 14 14
280 286 14 14
280 299 14 14
281 296 14 14
281 287 14 14
302 300 15 15
302 301 15 15
303 300 15 15
303 301 15 15
304 303 15 15
304 302 15 15
305 300 15 15
305 303 15 15
306 302 15 15
306 303 15 15
307 300 15 15
307 301 15 15
308 305 15 15
308 303 15 15
309 305 15 15
309 306 15 15
310 304 15 15
310 300 15 15
311 305 15 15
311 308 15 15
312 303 15 15
312 311 15 15
313 306 15 15
313 300 15 15
314 312 15 15
314 307 15 15
315 308 15 15
315 314 15 15
316 303 15 15
316 308 15 15
317 300 15 15
317 316 15 15
318 312 15 15
318 307 15 15
319 308 15 15
319 310 15 15
300 304 15 15
300 311 15 15
301 318 15 15
301 317 15 15
53 23 2 1
44 8 2 0
65 35 3 1
75 49 3 2
95 67 4 3
85 34 4 1
107 13 5 0
117 73 5 3
120 82 6 4
122 2 6 0
141 61 7 3
148 0 7 0
163 111 8 5
176 137 8 6
196 42 9 2
197 159 9 7
207 60 10 3
210 173 10 8
227 66 11 3
226 35 11 1
253 63 12 3
242 234 12 11
261 242 13 12
269 131 13 6
286 236 14 11
293 278 14 13
304 71 15 3
307 129 15 6
4 306 0 15
19 261 0 13
25 149 1 7
29 160 1 8
