swNum = 320
edgeNum = 672

0 0
1 0
2 0
3 0
4 0
5 0
6 0
7 0
8 0
9 0
10 0
11 0
12 0
13 0
14 0
15 0
16 0
17 0
18 0
19 0
20 1
21 1
22 1
23 1
24 1
25 1
26 1
27 1
28 1
29 1
30 1
31 1
32 1
33 1
34 1
35 1
36 1
37 1
38 1
39 1
40 2
41 2
42 2
43 2
44 2
45 2
46 2
47 2
48 2
49 2
50 2
51 2
52 2
53 2
54 2
55 2
56 2
57 2
58 2
59 2
60 3
61 3
62 3
63 3
64 3
65 3
66 3
67 3
68 3
69 3
70 3
71 3
72 3
73 3
74 3
75 3
76 3
77 3
78 3
79 3
80 4
81 4
82 4
83 4
84 4
85 4
86 4
87 4
88 4
89 4
90 4
91 4
92 4
93 4
94 4
95 4
96 4
97 4
98 4
99 4
100 5
101 5
102 5
103 5
104 5
105 5
106 5
107 5
108 5
109 5
110 5
111 5
112 5
113 5
114 5
115 5
116 5
117 5
118 5
119 5
120 6
121 6
122 6
123 6
124 6
125 6
126 6
127 6
128 6
129 6
130 6
131 6
132 6
133 6
134 6
135 6
136 6
137 6
138 6
139 6
140 7
141 7
142 7
143 7
144 7
145 7
146 7
147 7
148 7
149 7
150 7
151 7
152 7
153 7
154 7
155 7
156 7
157 7
158 7
159 7
160 8
161 8
162 8
163 8
164 8
165 8
166 8
167 8
168 8
169 8
170 8
171 8
172 8
173 8
174 8
175 8
176 8
177 8
178 8
179 8
180 9
181 9
182 9
183 9
184 9
185 9
186 9
187 9
188 9
189 9
190 9
191 9
192 9
193 9
194 9
195 9
196 9
197 9
198 9
199 9
200 10
201 10
202 10
203 10
204 10
205 10
206 10
207 10
208 10
209 10
210 10
211 10
212 10
213 10
214 10
215 10
216 10
217 10
218 10
219 10
220 11
221 11
222 11
223 11
224 11
225 11
226 11
227 11
228 11
229 11
230 11
231 11
232 11
233 11
234 11
235 11
236 11
237 11
238 11
239 11
240 12
241 12
242 12
243 12
244 12
245 12
246 12
247 12
248 12
249 12
250 12
251 12
252 12
253 12
254 12
255 12
256 12
257 12
258 12
259 12
260 13
261 13
262 13
263 13
264 13
265 13
266 13
267 13
268 13
269 13
270 13
271 13
272 13
273 13
274 13
275 13
276 13
277 13
278 13
279 13
280 14
281 14
282 14
283 14
284 14
285 14
286 14
287 14
288 14
289 14
290 14
291 14
292 14
293 14
294 14
295 14
296 14
297 14
298 14
299 14
300 15
301 15
302 15
303 15
304 15
305 15
306 15
307 15
308 15
309 15
310 15
311 15
312 15
313 15
314 15
315 15
316 15
317 15
318 15
319 15

2 1 0 0
2 0 0 0
3 1 0 0
3 0 0 0
4 3 0 0
4 1 0 0
5 1 0 0
5 0 0 0
6 3 0 0
6 4 0 0
7 4 0 0
7 6 0 0
8 1 0 0
8 5 0 0
9 0 0 0
9 5 0 0
10 3 0 0
10 2 0 0
11 4 0 0
11 10 0 0
12 2 0 0
12 9 0 0
13 2 0 0
13 5 0 0
14 10 0 0
14 2 0 0
15 6 0 0
15 0 0 0
16 10 0 0
16 8 0 0
17 1 0 0
17 14 0 0
18 5 0 0
18 2 0 0
19 14 0 0
19 13 0 0
0 17 0 0
0 12 0 0
1 12 0 0
1 18 0 0
22 21 1 1
22 20 1 1
23 21 1 1
23 22 1 1
24 22 1 1
24 20 1 1
25 20 1 1
25 22 1 1
26 22 1 1
26 24 1 1
27 24 1 1
27 21 1 1
28 21 1 1
28 22 1 1
29 26 1 1
29 24 1 1
30 28 1 1
30 26 1 1
31 22 1 1
31 23 1 1
32 20 1 1
32 27 1 1
33 28 1 1
33 23 1 1
34 22 1 1
34 31 1 1
35 26 1 1
35 28 1 1
36 29 1 1
36 22 1 1
37 35 1 1
37 34 1 1
38 29 1 1
38 34 1 1
39 24 1 1
39 22 1 1
20 39 1 1
20 23 1 1
21 33 1 1
21 36 1 1
42 40 2 2
42 41 2 2
43 42 2 2
43 41 2 2
44 40 2 2
44 41 2 2
45 40 2 2
45 41 2 2
46 45 2 2
46 42 2 2
47 45 2 2
47 41 2 2
48 40 2 2
48 43 2 2
49 46 2 2
49 44 2 2
50 43 2 2
50 40 2 2
51 46 2 2
51 41 2 2
52 48 2 2
52 51 2 2
53 41 2 2
53 40 2 2
54 47 2 2
54 41 2 2
55 49 2 2
55 50 2 2
56 47 2 2
56 51 2 2
57 48 2 2
57 56 2 2
58 51 2 2
58 46 2 2
59 43 2 2
59 57 2 2
40 52 2 2
40 57 2 2
41 56 2 2
41 49 2 2
62 61 3 3
62 60 3 3
63 61 3 3
63 62 3 3
64 60 3 3
64 63 3 3
65 63 3 3
65 64 3 3
66 63 3 3
66 65 3 3
67 65 3 3
67 63 3 3
68 67 3 3
68 65 3 3
69 60 3 3
69 68 3 3
70 67 3 3
70 69 3 3
71 69 3 3
71 68 3 3
72 64 3 3
72 68 3 3
73 63 3 3
73 69 3 3
74 63 3 3
74 61 3 3
75 64 3 3
75 69 3 3
76 66 3 3
76 67 3 3
77 66 3 3
77 62 3 3
78 65 3 3
78 76 3 3
79 61 3 3
79 66 3 3
60 63 3 3
60 70 3 3
61 65 3 3
61 68 3 3
82 80 4 4
82 81 4 4
83 80 4 4
83 82 4 4
84 82 4 4
84 83 4 4
85 84 4 4
85 80 4 4
86 82 4 4
86 80 4 4
87 81 4 4
87 84 4 4
88 87 4 4
88 86 4 4
89 87 4 4
89 84 4 4
90 86 4 4
90 80 4 4
91 88 4 4
91 81 4 4
92 84 4 4
92 83 4 4
93 87 4 4
93 85 4 4
94 89 4 4
94 81 4 4
95 92 4 4
95 93 4 4
96 85 4 4
96 88 4 4
97 95 4 4
97 81 4 4
98 89 4 4
98 81 4 4
99 91 4 4
99 85 4 4
80 88 4 4
80 89 4 4
81 96 4 4
81 84 4 4
102 100 5 5
102 101 5 5
103 101 5 5
103 100 5 5
104 101 5 5
104 102 5 5
105 103 5 5
105 102 5 5
106 103 5 5
106 104 5 5
107 100 5 5
107 104 5 5
108 106 5 5
108 100 5 5
109 103 5 5
109 107 5 5
110 109 5 5
110 106 5 5
111 109 5 5
111 103 5 5
112 100 5 5
112 102 5 5
113 100 5 5
113 112 5 5
114 108 5 5
114 102 5 5
115 101 5 5
115 108 5 5
116 110 5 5
116 102 5 5
117 103 5 5
117 112 5 5
118 115 5 5
118 108 5 5
119 102 5 5
119 107 5 5
100 115 5 5
100 119 5 5
101 118 5 5
101 111 5 5
122 120 6 6
122 121 6 6
123 120 6 6
123 121 6 6
124 123 6 6
124 120 6 6
125 122 6 6
125 120 6 6
126 121 6 6
126 125 6 6
127 124 6 6
127 123 6 6
128 121 6 6
128 126 6 6
129 123 6 6
129 121 6 6
130 123 6 6
130 129 6 6
131 121 6 6
131 127 6 6
132 129 6 6
132 122 6 6
133 127 6 6
133 123 6 6
134 123 6 6
134 125 6 6
135 128 6 6
135 123 6 6
136 127 6 6
136 126 6 6
137 134 6 6
137 132 6 6
138 132 6 6
138 126 6 6
139 129 6 6
139 120 6 6
120 127 6 6
120 128 6 6
121 132 6 6
121 134 6 6
142 140 7 7
142 141 7 7
143 141 7 7
143 142 7 7
144 142 7 7
144 143 7 7
145 142 7 7
145 140 7 7
146 145 7 7
146 144 7 7
147 145 7 7
147 144 7 7
148 143 7 7
148 146 7 7
149 148 7 7
149 142 7 7
150 144 7 7
150 142 7 7
151 149 7 7
151 147 7 7
152 142 7 7
152 145 7 7
153 152 7 7
153 145 7 7
154 144 7 7
154 146 7 7
155 142 7 7
155 146 7 7
156 147 7 7
156 142 7 7
157 148 7 7
157 153 7 7
158 140 7 7
158 146 7 7
159 146 7 7
159 154 7 7
140 146 7 7
140 147 7 7
141 156 7 7
141 147 7 7
162 161 8 8
162 160 8 8
163 162 8 8
163 161 8 8
164 161 8 8
164 160 8 8
165 164 8 8
165 160 8 8
166 160 8 8
166 165 8 8
167 161 8 8
167 162 8 8
168 162 8 8
168 166 8 8
169 160 8 8
169 163 8 8
170 166 8 8
170 160 8 8
171 168 8 8
171 162 8 8
172 162 8 8
172 168 8 8
173 161 8 8
173 167 8 8
174 162 8 8
174 170 8 8
175 161 8 8
175 174 8 8
176 164 8 8
176 165 8 8
177 175 8 8
177 162 8 8
178 170 8 8
178 165 8 8
179 168 8 8
179 165 8 8
160 177 8 8
160 178 8 8
161 177 8 8
161 176 8 8
182 181 9 9
182 180 9 9
183 180 9 9
183 182 9 9
184 181 9 9
184 180 9 9
185 181 9 9
185 180 9 9
186 181 9 9
186 185 9 9
187 186 9 9
187 183 9 9
188 180 9 9
188 187 9 9
189 184 9 9
189 181 9 9
190 181 9 9
190 189 9 9
191 188 9 9
191 186 9 9
192 190 9 9
192 188 9 9
193 184 9 9
193 192 9 9
194 180 9 9
194 181 9 9
195 191 9 9
195 181 9 9
196 194 9 9
196 192 9 9
197 185 9 9
197 190 9 9
198 181 9 9
198 189 9 9
199 189 9 9
199 186 9 9
180 186 9 9
180 196 9 9
181 197 9 9
181 196 9 9
202 201 10 10
202 200 10 10
203 200 10 10
203 202 10 10
204 201 10 10
204 203 10 10
205 200 10 10
205 203 10 10
206 203 10 10
206 201 10 10
207 201 10 10
207 204 10 10
208 206 10 10
208 204 10 10
209 201 10 10
209 208 10 10
210 205 10 10
210 200 10 10
211 203 10 10
211 210 10 10
212 202 10 10
212 205 10 10
213 207 10 10
213 204 10 10
214 204 10 10
214 212 10 10
215 207 10 10
215 203 10 10
216 205 10 10
216 214 10 10
217 215 10 10
217 207 10 10
218 203 10 10
218 205 10 10
219 206 10 10
219 202 10 10
200 213 10 10
200 218 10 10
201 213 10 10
201 203 10 10
222 221 11 11
222 220 11 11
223 220 11 11
223 221 11 11
224 221 11 11
224 222 11 11
225 220 11 11
225 223 11 11
226 224 11 11
226 223 11 11
227 221 11 11
227 225 11 11
228 223 11 11
228 220 11 11
229 226 11 11
229 221 11 11
230 223 11 11
230 229 11 11
231 223 11 11
231 230 11 11
232 224 11 11
232 222 11 11
233 225 11 11
233 231 11 11
234 233 11 11
234 226 11 11
235 229 11 11
235 234 11 11
236 222 11 11
236 225 11 11
237 220 11 11
237 231 11 11
238 223 11 11
238 227 11 11
239 237 11 11
239 226 11 11
220 239 11 11
220 229 11 11
221 235 11 11
221 233 11 11
242 241 12 12
242 240 12 12
243 241 12 12
243 240 12 12
244 243 12 12
244 241 12 12
245 243 12 12
245 240 12 12
246 242 12 12
246 245 12 12
247 240 12 12
247 241 12 12
248 240 12 12
248 242 12 12
249 245 12 12
249 246 12 12
250 248 12 12
250 245 12 12
251 248 12 12
251 249 12 12
252 241 12 12
252 245 12 12
253 243 12 12
253 242 12 12
254 251 12 12
254 244 12 12
255 241 12 12
255 246 12 12
256 240 12 12
256 251 12 12
257 246 12 12
257 240 12 12
258 254 12 12
258 246 12 12
259 246 12 12
259 256 12 12
240 246 12 12
240 259 12 12
241 259 12 12
241 245 12 12
262 261 13 13
262 260 13 13
263 261 13 13
263 260 13 13
264 261 13 13
264 263 13 13
265 263 13 13
265 261 13 13
266 264 13 13
266 260 13 13
267 264 13 13
267 261 13 13
268 261 13 13
268 262 13 13
269 268 13 13
269 263 13 13
270 265 13 13
270 267 13 13
271 269 13 13
271 262 13 13
272 261 13 13
272 263 13 13
273 261 13 13
273 270 13 13
274 270 13 13
274 262 13 13
275 273 13 13
275 274 13 13
276 269 13 13
276 266 13 13
277 263 13 13
277 264 13 13
278 261 13 13
278 275 13 13
279 262 13 13
279 276 13 13
260 274 13 13
260 277 13 13
261 276 13 13
261 277 13 13
282 281 14 14
282 280 14 14
283 282 14 14
283 281 14 14
284 280 14 14
284 282 14 14
285 283 14 14
285 281 14 14
286 282 14 14
286 283 14 14
287 281 14 14
287 284 14 14
288 285 14 14
288 287 14 14
289 288 14 14
289 282 14 14
290 283 14 14
290 286 14 14
291 287 14 14
291 283 14 14
292 282 14 14
292 281 14 14
293 291 14 14
293 290 14 14
294 290 14 14
294 285 14 14
295 293 14 14
295 289 14 14
296 282 14 14
296 288 14 14
297 295 14 14
297 280 14 14
298 281 14 14
298 283 14 14
299 297 14 14
299 285 14 14
280 296 14 14
280 299 14 14
281 294 14 14
281 289 14 14
302 301 15 15
302 300 15 15
303 302 15 15
303 300 15 15
304 302 15 15
304 303 15 15
305 303 15 15
305 301 15 15
306 303 15 15
306 301 15 15
307 304 15 15
307 306 15 15
308 305 15 15
308 304 15 15
309 303 15 15
309 301 15 15
310 303 15 15
310 308 15 15
311 305 15 15
311 304 15 15
312 311 15 15
312 300 15 15
313 304 15 15
313 300 15 15
314 305 15 15
314 301 15 15
315 309 15 15
315 303 15 15
316 306 15 15
316 304 15 15
317 308 15 15
317 316 15 15
318 316 15 15
318 317 15 15
319 300 15 15
319 316 15 15
300 305 15 15
300 310 15 15
301 318 15 15
301 307 15 15
49 29 2 1
55 13 2 0
75 13 3 0
79 46 3 2
95 3 4 0
91 78 4 3
105 96 5 4
118 40 5 2
122 84 6 4
137 24 6 1
154 48 7 2
147 98 7 4
166 97 8 4
178 47 8 2
180 142 9 7
193 66 9 3
205 123 10 6
216 40 10 2
223 7 11 0
220 66 11 3
252 164 12 8
254 87 12 4
260 259 13 12
271 206 13 10
293 263 14 13
289 192 14 9
305 138 15 6
314 260 15 13
15 185 0 9
11 140 0 7
37 317 1 15
24 177 1 8
