swNum = 320
edgeNum = 672

0 0
1 0
2 0
3 0
4 0
5 0
6 0
7 0
8 0
9 0
10 0
11 0
12 0
13 0
14 0
15 0
16 0
17 0
18 0
19 0
20 1
21 1
22 1
23 1
24 1
25 1
26 1
27 1
28 1
29 1
30 1
31 1
32 1
33 1
34 1
35 1
36 1
37 1
38 1
39 1
40 2
41 2
42 2
43 2
44 2
45 2
46 2
47 2
48 2
49 2
50 2
51 2
52 2
53 2
54 2
55 2
56 2
57 2
58 2
59 2
60 3
61 3
62 3
63 3
64 3
65 3
66 3
67 3
68 3
69 3
70 3
71 3
72 3
73 3
74 3
75 3
76 3
77 3
78 3
79 3
80 4
81 4
82 4
83 4
84 4
85 4
86 4
87 4
88 4
89 4
90 4
91 4
92 4
93 4
94 4
95 4
96 4
97 4
98 4
99 4
100 5
101 5
102 5
103 5
104 5
105 5
106 5
107 5
108 5
109 5
110 5
111 5
112 5
113 5
114 5
115 5
116 5
117 5
118 5
119 5
120 6
121 6
122 6
123 6
124 6
125 6
126 6
127 6
128 6
129 6
130 6
131 6
132 6
133 6
134 6
135 6
136 6
137 6
138 6
139 6
140 7
141 7
142 7
143 7
144 7
145 7
146 7
147 7
148 7
149 7
150 7
151 7
152 7
153 7
154 7
155 7
156 7
157 7
158 7
159 7
160 8
161 8
162 8
163 8
164 8
165 8
166 8
167 8
168 8
169 8
170 8
171 8
172 8
173 8
174 8
175 8
176 8
177 8
178 8
179 8
180 9
181 9
182 9
183 9
184 9
185 9
186 9
187 9
188 9
189 9
190 9
191 9
192 9
193 9
194 9
195 9
196 9
197 9
198 9
199 9
200 10
201 10
202 10
203 10
204 10
205 10
206 10
207 10
208 10
209 10
210 10
211 10
212 10
213 10
214 10
215 10
216 10
217 10
218 10
219 10
220 11
221 11
222 11
223 11
224 11
225 11
226 11
227 11
228 11
229 11
230 11
231 11
232 11
233 11
234 11
235 11
236 11
237 11
238 11
239 11
240 12
241 12
242 12
243 12
244 12
245 12
246 12
247 12
248 12
249 12
250 12
251 12
252 12
253 12
254 12
255 12
256 12
257 12
258 12
259 12
260 13
261 13
262 13
263 13
264 13
265 13
266 13
267 13
268 13
269 13
270 13
271 13
272 13
273 13
274 13
275 13
276 13
277 13
278 13
279 13
280 14
281 14
282 14
283 14
284 14
285 14
286 14
287 14
288 14
289 14
290 14
291 14
292 14
293 14
294 14
295 14
296 14
297 14
298 14
299 14
300 15
301 15
302 15
303 15
304 15
305 15
306 15
307 15
308 15
309 15
310 15
311 15
312 15
313 15
314 15
315 15
316 15
317 15
318 15
319 15

2 0 0 0
2 1 0 0
3 0 0 0
3 1 0 0
4 0 0 0
4 1 0 0
5 0 0 0
5 3 0 0
6 4 0 0
6 2 0 0
7 4 0 0
7 5 0 0
8 1 0 0
8 5 0 0
9 8 0 0
9 0 0 0
10 9 0 0
10 6 0 0
11 7 0 0
11 6 0 0
12 5 0 0
12 6 0 0
13 11 0 0
13 6 0 0
14 7 0 0
14 4 0 0
15 11 0 0
15 10 0 0
16 2 0 0
16 13 0 0
17 11 0 0
17 8 0 0
18 1 0 0
18 5 0 0
19 7 0 0
19 12 0 0
0 18 0 0
0 15 0 0
1 5 0 0
1 17 0 0
22 21 1 1
22 20 1 1
23 20 1 1
23 22 1 1
24 21 1 1
24 23 1 1
25 21 1 1
25 22 1 1
26 22 1 1
26 23 1 1
27 21 1 1
27 26 1 1
28 21 1 1
28 24 1 1
29 28 1 1
29 24 1 1
30 29 1 1
30 24 1 1
31 27 1 1
31 28 1 1
32 25 1 1
32 24 1 1
33 25 1 1
33 26 1 1
34 22 1 1
34 20 1 1
35 33 1 1
35 34 1 1
36 35 1 1
36 22 1 1
37 28 1 1
37 32 1 1
38 25 1 1
38 23 1 1
39 30 1 1
39 29 1 1
20 28 1 1
20 31 1 1
21 31 1 1
21 30 1 1
42 40 2 2
42 41 2 2
43 42 2 2
43 40 2 2
44 43 2 2
44 40 2 2
45 43 2 2
45 42 2 2
46 41 2 2
46 42 2 2
47 42 2 2
47 43 2 2
48 41 2 2
48 43 2 2
49 40 2 2
49 43 2 2
50 42 2 2
50 49 2 2
51 41 2 2
51 45 2 2
52 40 2 2
52 44 2 2
53 45 2 2
53 50 2 2
54 51 2 2
54 46 2 2
55 42 2 2
55 53 2 2
56 45 2 2
56 47 2 2
57 42 2 2
57 46 2 2
58 47 2 2
58 40 2 2
59 44 2 2
59 53 2 2
40 46 2 2
40 48 2 2
41 53 2 2
41 54 2 2
62 60 3 3
62 61 3 3
63 62 3 3
63 61 3 3
64 60 3 3
64 62 3 3
65 63 3 3
65 62 3 3
66 63 3 3
66 62 3 3
67 61 3 3
67 63 3 3
68 63 3 3
68 60 3 3
69 63 3 3
69 66 3 3
70 67 3 3
70 62 3 3
71 69 3 3
71 67 3 3
72 61 3 3
72 67 3 3
73 69 3 3
73 66 3 3
74 68 3 3
74 65 3 3
75 66 3 3
75 71 3 3
76 61 3 3
76 67 3 3
77 63 3 3
77 61 3 3
78 77 3 3
78 63 3 3
79 67 3 3
79 60 3 3
60 73 3 3
60 66 3 3
61 74 3 3
61 73 3 3
82 81 4 4
82 80 4 4
83 82 4 4
83 80 4 4
84 80 4 4
84 81 4 4
85 81 4 4
85 82 4 4
86 85 4 4
86 80 4 4
87 86 4 4
87 83 4 4
88 86 4 4
88 83 4 4
89 84 4 4
89 87 4 4
90 89 4 4
90 86 4 4
91 87 4 4
91 85 4 4
92 86 4 4
92 80 4 4
93 89 4 4
93 80 4 4
94 81 4 4
94 86 4 4
95 88 4 4
95 83 4 4
96 86 4 4
96 84 4 4
97 80 4 4
97 88 4 4
98 81 4 4
98 82 4 4
99 80 4 4
99 84 4 4
80 90 4 4
80 96 4 4
81 86 4 4
81 90 4 4
102 101 5 5
102 100 5 5
103 102 5 5
103 100 5 5
104 102 5 5
104 103 5 5
105 104 5 5
105 102 5 5
106 103 5 5
106 105 5 5
107 100 5 5
107 106 5 5
108 106 5 5
108 101 5 5
109 106 5 5
109 102 5 5
110 109 5 5
110 107 5 5
111 108 5 5
111 102 5 5
112 102 5 5
112 100 5 5
113 106 5 5
113 110 5 5
114 106 5 5
114 113 5 5
115 105 5 5
115 112 5 5
116 102 5 5
116 114 5 5
117 114 5 5
117 110 5 5
118 100 5 5
118 117 5 5
119 115 5 5
119 101 5 5
100 110 5 5
100 106 5 5
101 113 5 5
101 116 5 5
122 120 6 6
122 121 6 6
123 121 6 6
123 122 6 6
124 121 6 6
124 123 6 6
125 123 6 6
125 124 6 6
126 124 6 6
126 121 6 6
127 124 6 6
127 126 6 6
128 124 6 6
128 125 6 6
129 128 6 6
129 125 6 6
130 122 6 6
130 124 6 6
131 129 6 6
131 121 6 6
132 123 6 6
132 129 6 6
133 132 6 6
133 121 6 6
134 126 6 6
134 131 6 6
135 130 6 6
135 125 6 6
136 123 6 6
136 122 6 6
137 135 6 6
137 125 6 6
138 135 6 6
138 132 6 6
139 127 6 6
139 132 6 6
120 127 6 6
120 136 6 6
121 127 6 6
121 130 6 6
142 141 7 7
142 140 7 7
143 140 7 7
143 141 7 7
144 140 7 7
144 143 7 7
145 140 7 7
145 141 7 7
146 140 7 7
146 144 7 7
147 145 7 7
147 140 7 7
148 140 7 7
148 147 7 7
149 144 7 7
149 145 7 7
150 140 7 7
150 144 7 7
151 150 7 7
151 149 7 7
152 150 7 7
152 140 7 7
153 146 7 7
153 140 7 7
154 149 7 7
154 150 7 7
155 145 7 7
155 152 7 7
156 151 7 7
156 148 7 7
157 150 7 7
157 144 7 7
158 142 7 7
158 147 7 7
159 151 7 7
159 154 7 7
140 159 7 7
140 151 7 7
141 159 7 7
141 153 7 7
162 160 8 8
162 161 8 8
163 160 8 8
163 161 8 8
164 163 8 8
164 160 8 8
165 163 8 8
165 160 8 8
166 163 8 8
166 164 8 8
167 161 8 8
167 162 8 8
168 161 8 8
168 167 8 8
169 160 8 8
169 163 8 8
170 169 8 8
170 164 8 8
171 166 8 8
171 162 8 8
172 171 8 8
172 167 8 8
173 166 8 8
173 164 8 8
174 167 8 8
174 171 8 8
175 171 8 8
175 170 8 8
176 168 8 8
176 169 8 8
177 167 8 8
177 176 8 8
178 160 8 8
178 168 8 8
179 162 8 8
179 165 8 8
160 172 8 8
160 174 8 8
161 165 8 8
161 172 8 8
182 180 9 9
182 181 9 9
183 180 9 9
183 181 9 9
184 182 9 9
184 181 9 9
185 180 9 9
185 182 9 9
186 181 9 9
186 185 9 9
187 182 9 9
187 185 9 9
188 181 9 9
188 183 9 9
189 183 9 9
189 188 9 9
190 182 9 9
190 181 9 9
191 181 9 9
191 180 9 9
192 181 9 9
192 190 9 9
193 192 9 9
193 189 9 9
194 189 9 9
194 193 9 9
195 191 9 9
195 190 9 9
196 192 9 9
196 189 9 9
197 183 9 9
197 196 9 9
198 189 9 9
198 196 9 9
199 198 9 9
199 191 9 9
180 196 9 9
180 184 9 9
181 195 9 9
181 197 9 9
202 201 10 10
202 200 10 10
203 202 10 10
203 200 10 10
204 201 10 10
204 202 10 10
205 204 10 10
205 202 10 10
206 201 10 10
206 203 10 10
207 201 10 10
207 205 10 10
208 202 10 10
208 206 10 10
209 205 10 10
209 207 10 10
210 202 10 10
210 207 10 10
211 210 10 10
211 209 10 10
212 201 10 10
212 200 10 10
213 210 10 10
213 212 10 10
214 206 10 10
214 205 10 10
215 209 10 10
215 205 10 10
216 211 10 10
216 206 10 10
217 215 10 10
217 207 10 10
218 206 10 10
218 207 10 10
219 210 10 10
219 207 10 10
200 208 10 10
200 219 10 10
201 203 10 10
201 219 10 10
222 221 11 11
222 220 11 11
223 221 11 11
223 222 11 11
224 222 11 11
224 223 11 11
225 221 11 11
225 224 11 11
226 221 11 11
226 225 11 11
227 226 11 11
227 221 11 11
228 226 11 11
228 224 11 11
229 220 11 11
229 222 11 11
230 220 11 11
230 229 11 11
231 230 11 11
231 224 11 11
232 224 11 11
232 228 11 11
233 221 11 11
233 223 11 11
234 229 11 11
234 220 11 11
235 230 11 11
235 227 11 11
236 222 11 11
236 221 11 11
237 227 11 11
237 231 11 11
238 224 11 11
238 228 11 11
239 234 11 11
239 236 11 11
220 226 11 11
220 236 11 11
221 231 11 11
221 232 11 11
242 240 12 12
242 241 12 12
243 240 12 12
243 242 12 12
244 242 12 12
244 240 12 12
245 240 12 12
245 244 12 12
246 245 12 12
246 242 12 12
247 243 12 12
247 242 12 12
248 243 12 12
248 245 12 12
249 247 12 12
249 242 12 12
250 243 12 12
250 242 12 12
251 249 12 12
251 241 12 12
252 251 12 12
252 241 12 12
253 252 12 12
253 245 12 12
254 250 12 12
254 243 12 12
255 250 12 12
255 240 12 12
256 244 12 12
256 247 12 12
257 243 12 12
257 247 12 12
258 249 12 12
258 242 12 12
259 241 12 12
259 244 12 12
240 258 12 12
240 252 12 12
241 250 12 12
241 244 12 12
262 260 13 13
262 261 13 13
263 260 13 13
263 262 13 13
264 260 13 13
264 263 13 13
265 260 13 13
265 261 13 13
266 261 13 13
266 263 13 13
267 264 13 13
267 261 13 13
268 265 13 13
268 260 13 13
269 260 13 13
269 264 13 13
270 263 13 13
270 260 13 13
271 263 13 13
271 261 13 13
272 261 13 13
272 264 13 13
273 263 13 13
273 269 13 13
274 261 13 13
274 272 13 13
275 268 13 13
275 260 13 13
276 264 13 13
276 261 13 13
277 263 13 13
277 270 13 13
278 267 13 13
278 266 13 13
279 262 13 13
279 277 13 13
260 266 13 13
260 277 13 13
261 273 13 13
261 269 13 13
282 280 14 14
282 281 14 14
283 282 14 14
283 281 14 14
284 283 14 14
284 281 14 14
285 283 14 14
285 284 14 14
286 280 14 14
286 281 14 14
287 281 14 14
287 280 14 14
288 280 14 14
288 282 14 14
289 285 14 14
289 282 14 14
290 285 14 14
290 282 14 14
291 289 14 14
291 280 14 14
292 288 14 14
292 281 14 14
293 281 14 14
293 286 14 14
294 281 14 14
294 293 14 14
295 282 14 14
295 283 14 14
296 286 14 14
296 294 14 14
297 280 14 14
297 294 14 14
298 285 14 14
298 281 14 14
299 291 14 14
299 289 14 14
280 296 14 14
280 294 14 14
281 288 14 14
281 297 14 14
302 301 15 15
302 300 15 15
303 300 15 15
303 302 15 15
304 301 15 15
304 300 15 15
305 300 15 15
305 301 15 15
306 302 15 15
306 303 15 15
307 304 15 15
307 301 15 15
308 303 15 15
308 305 15 15
309 301 15 15
309 302 15 15
310 302 15 15
310 305 15 15
311 300 15 15
311 306 15 15
312 308 15 15
312 306 15 15
313 301 15 15
313 307 15 15
314 307 15 15
314 304 15 15
315 310 15 15
315 301 15 15
316 313 15 15
316 309 15 15
317 309 15 15
317 301 15 15
318 304 15 15
318 316 15 15
319 312 15 15
319 317 15 15
300 319 15 15
300 315 15 15
301 318 15 15
301 306 15 15
42 24 2 1
46 15 2 0
74 21 3 1
62 0 3 0
87 59 4 2
82 38 4 1
113 98 5 4
115 52 5 2
137 44 6 2
133 80 6 4
155 138 7 6
144 45 7 2
161 133 8 6
166 154 8 7
192 10 9 0
185 73 9 3
218 168 10 8
211 157 10 7
223 25 11 1
220 163 11 8
256 137 12 6
244 102 12 5
263 32 13 1
274 126 13 6
280 142 14 7
285 34 14 1
313 159 15 7
313 225 15 11
16 261 0 13
9 211 0 10
37 217 1 10
24 186 1 9
