swNum = 320
edgeNum = 672

0 0
1 0
2 0
3 0
4 0
5 0
6 0
7 0
8 0
9 0
10 0
11 0
12 0
13 0
14 0
15 0
16 0
17 0
18 0
19 0
20 1
21 1
22 1
23 1
24 1
25 1
26 1
27 1
28 1
29 1
30 1
31 1
32 1
33 1
34 1
35 1
36 1
37 1
38 1
39 1
40 2
41 2
42 2
43 2
44 2
45 2
46 2
47 2
48 2
49 2
50 2
51 2
52 2
53 2
54 2
55 2
56 2
57 2
58 2
59 2
60 3
61 3
62 3
63 3
64 3
65 3
66 3
67 3
68 3
69 3
70 3
71 3
72 3
73 3
74 3
75 3
76 3
77 3
78 3
79 3
80 4
81 4
82 4
83 4
84 4
85 4
86 4
87 4
88 4
89 4
90 4
91 4
92 4
93 4
94 4
95 4
96 4
97 4
98 4
99 4
100 5
101 5
102 5
103 5
104 5
105 5
106 5
107 5
108 5
109 5
110 5
111 5
112 5
113 5
114 5
115 5
116 5
117 5
118 5
119 5
120 6
121 6
122 6
123 6
124 6
125 6
126 6
127 6
128 6
129 6
130 6
131 6
132 6
133 6
134 6
135 6
136 6
137 6
138 6
139 6
140 7
141 7
142 7
143 7
144 7
145 7
146 7
147 7
148 7
149 7
150 7
151 7
152 7
153 7
154 7
155 7
156 7
157 7
158 7
159 7
160 8
161 8
162 8
163 8
164 8
165 8
166 8
167 8
168 8
169 8
170 8
171 8
172 8
173 8
174 8
175 8
176 8
177 8
178 8
179 8
180 9
181 9
182 9
183 9
184 9
185 9
186 9
187 9
188 9
189 9
190 9
191 9
192 9
193 9
194 9
195 9
196 9
197 9
198 9
199 9
200 10
201 10
202 10
203 10
204 10
205 10
206 10
207 10
208 10
209 10
210 10
211 10
212 10
213 10
214 10
215 10
216 10
217 10
218 10
219 10
220 11
221 11
222 11
223 11
224 11
225 11
226 11
227 11
228 11
229 11
230 11
231 11
232 11
233 11
234 11
235 11
236 11
237 11
238 11
239 11
240 12
241 12
242 12
243 12
244 12
245 12
246 12
247 12
248 12
249 12
250 12
251 12
252 12
253 12
254 12
255 12
256 12
257 12
258 12
259 12
260 13
261 13
262 13
263 13
264 13
265 13
266 13
267 13
268 13
269 13
270 13
271 13
272 13
273 13
274 13
275 13
276 13
277 13
278 13
279 13
280 14
281 14
282 14
283 14
284 14
285 14
286 14
287 14
288 14
289 14
290 14
291 14
292 14
293 14
294 14
295 14
296 14
297 14
298 14
299 14
300 15
301 15
302 15
303 15
304 15
305 15
306 15
307 15
308 15
309 15
310 15
311 15
312 15
313 15
314 15
315 15
316 15
317 15
318 15
319 15

2 1 0 0
2 0 0 0
3 1 0 0
3 2 0 0
4 0 0 0
4 3 0 0
5 4 0 0
5 1 0 0
6 5 0 0
6 2 0 0
7 4 0 0
7 0 0 0
8 6 0 0
8 5 0 0
9 5 0 0
9 2 0 0
10 9 0 0
10 8 0 0
11 10 0 0
11 8 0 0
12 5 0 0
12 1 0 0
13 6 0 0
13 3 0 0
14 8 0 0
14 0 0 0
15 13 0 0
15 11 0 0
16 1 0 0
16 0 0 0
17 2 0 0
17 4 0 0
18 16 0 0
18 13 0 0
19 7 0 0
19 16 0 0
0 19 0 0
0 11 0 0
1 19 0 0
1 15 0 0
22 20 1 1
22 21 1 1
23 20 1 1
23 21 1 1
24 23 1 1
24 22 1 1
25 24 1 1
25 20 1 1
26 23 1 1
26 25 1 1
27 21 1 1
27 25 1 1
28 21 1 1
28 24 1 1
29 21 1 1
29 22 1 1
30 28 1 1
30 25 1 1
31 27 1 1
31 30 1 1
32 28 1 1
32 27 1 1
33 22 1 1
33 26 1 1
34 21 1 1
34 32 1 1
35 32 1 1
35 31 1 1
36 28 1 1
36 31 1 1
37 24 1 1
37 32 1 1
38 24 1 1
38 27 1 1
39 29 1 1
39 28 1 1
20 36 1 1
20 35 1 1
21 30 1 1
21 35 1 1
42 41 2 2
42 40 2 2
43 40 2 2
43 41 2 2
44 43 2 2
44 40 2 2
45 43 2 2
45 42 2 2
46 45 2 2
46 42 2 2
47 41 2 2
47 45 2 2
48 42 2 2
48 47 2 2
49 42 2 2
49 48 2 2
50 43 2 2
50 45 2 2
51 40 2 2
51 46 2 2
52 51 2 2
52 44 2 2
53 49 2 2
53 40 2 2
54 48 2 2
54 50 2 2
55 45 2 2
55 49 2 2
56 51 2 2
56 44 2 2
57 56 2 2
57 45 2 2
58 51 2 2
58 56 2 2
59 55 2 2
59 52 2 2
40 49 2 2
40 54 2 2
41 49 2 2
41 55 2 2
62 60 3 3
62 61 3 3
63 61 3 3
63 62 3 3
64 63 3 3
64 62 3 3
65 62 3 3
65 64 3 3
66 61 3 3
66 60 3 3
67 62 3 3
67 64 3 3
68 67 3 3
68 66 3 3
69 67 3 3
69 62 3 3
70 60 3 3
70 67 3 3
71 60 3 3
71 66 3 3
72 68 3 3
72 70 3 3
73 61 3 3
73 60 3 3
74 64 3 3
74 68 3 3
75 70 3 3
75 74 3 3
76 72 3 3
76 68 3 3
77 69 3 3
77 72 3 3
78 67 3 3
78 64 3 3
79 69 3 3
79 73 3 3
60 75 3 3
60 67 3 3
61 64 3 3
61 76 3 3
82 80 4 4
82 81 4 4
83 82 4 4
83 81 4 4
84 81 4 4
84 80 4 4
85 82 4 4
85 84 4 4
86 85 4 4
86 84 4 4
87 85 4 4
87 86 4 4
88 86 4 4
88 81 4 4
89 80 4 4
89 81 4 4
90 87 4 4
90 82 4 4
91 80 4 4
91 90 4 4
92 81 4 4
92 87 4 4
93 91 4 4
93 92 4 4
94 85 4 4
94 93 4 4
95 93 4 4
95 89 4 4
96 88 4 4
96 82 4 4
97 91 4 4
97 88 4 4
98 97 4 4
98 81 4 4
99 87 4 4
99 92 4 4
80 98 4 4
80 97 4 4
81 91 4 4
81 97 4 4
102 101 5 5
102 100 5 5
103 100 5 5
103 101 5 5
104 103 5 5
104 101 5 5
105 102 5 5
105 100 5 5
106 101 5 5
106 105 5 5
107 102 5 5
107 101 5 5
108 103 5 5
108 100 5 5
109 103 5 5
109 106 5 5
110 100 5 5
110 108 5 5
111 100 5 5
111 103 5 5
112 100 5 5
112 105 5 5
113 106 5 5
113 100 5 5
114 104 5 5
114 113 5 5
115 108 5 5
115 101 5 5
116 106 5 5
116 102 5 5
117 108 5 5
117 116 5 5
118 107 5 5
118 102 5 5
119 107 5 5
119 118 5 5
100 109 5 5
100 118 5 5
101 105 5 5
101 113 5 5
122 120 6 6
122 121 6 6
123 122 6 6
123 121 6 6
124 120 6 6
124 123 6 6
125 121 6 6
125 123 6 6
126 124 6 6
126 125 6 6
127 121 6 6
127 123 6 6
128 126 6 6
128 121 6 6
129 120 6 6
129 124 6 6
130 123 6 6
130 120 6 6
131 120 6 6
131 124 6 6
132 121 6 6
132 120 6 6
133 132 6 6
133 121 6 6
134 133 6 6
134 120 6 6
135 123 6 6
135 131 6 6
136 129 6 6
136 124 6 6
137 120 6 6
137 126 6 6
138 135 6 6
138 128 6 6
139 136 6 6
139 124 6 6
120 139 6 6
120 138 6 6
121 136 6 6
121 134 6 6
142 141 7 7
142 140 7 7
143 140 7 7
143 141 7 7
144 140 7 7
144 141 7 7
145 143 7 7
145 142 7 7
146 145 7 7
146 141 7 7
147 144 7 7
147 141 7 7
148 147 7 7
148 142 7 7
149 148 7 7
149 142 7 7
150 142 7 7
150 140 7 7
151 146 7 7
151 143 7 7
152 141 7 7
152 149 7 7
153 143 7 7
153 142 7 7
154 142 7 7
154 143 7 7
155 154 7 7
155 152 7 7
156 142 7 7
156 155 7 7
157 154 7 7
157 153 7 7
158 144 7 7
158 153 7 7
159 151 7 7
159 147 7 7
140 153 7 7
140 147 7 7
141 150 7 7
141 159 7 7
162 161 8 8
162 160 8 8
163 162 8 8
163 161 8 8
164 163 8 8
164 160 8 8
165 161 8 8
165 160 8 8
166 163 8 8
166 160 8 8
167 161 8 8
167 166 8 8
168 162 8 8
168 166 8 8
169 168 8 8
169 163 8 8
170 164 8 8
170 167 8 8
171 165 8 8
171 169 8 8
172 162 8 8
172 171 8 8
173 170 8 8
173 160 8 8
174 169 8 8
174 164 8 8
175 170 8 8
175 161 8 8
176 175 8 8
176 160 8 8
177 175 8 8
177 169 8 8
178 174 8 8
178 166 8 8
179 165 8 8
179 171 8 8
160 175 8 8
160 179 8 8
161 171 8 8
161 176 8 8
182 180 9 9
182 181 9 9
183 180 9 9
183 182 9 9
184 183 9 9
184 182 9 9
185 183 9 9
185 181 9 9
186 185 9 9
186 181 9 9
187 186 9 9
187 180 9 9
188 186 9 9
188 182 9 9
189 182 9 9
189 187 9 9
190 183 9 9
190 184 9 9
191 183 9 9
191 189 9 9
192 185 9 9
192 187 9 9
193 188 9 9
193 182 9 9
194 181 9 9
194 188 9 9
195 188 9 9
195 189 9 9
196 193 9 9
196 181 9 9
197 181 9 9
197 190 9 9
198 192 9 9
198 186 9 9
199 190 9 9
199 183 9 9
180 188 9 9
180 196 9 9
181 193 9 9
181 198 9 9
202 201 10 10
202 200 10 10
203 202 10 10
203 200 10 10
204 203 10 10
204 200 10 10
205 200 10 10
205 204 10 10
206 200 10 10
206 204 10 10
207 203 10 10
207 200 10 10
208 200 10 10
208 202 10 10
209 200 10 10
209 205 10 10
210 205 10 10
210 200 10 10
211 201 10 10
211 205 10 10
212 205 10 10
212 210 10 10
213 212 10 10
213 207 10 10
214 201 10 10
214 200 10 10
215 210 10 10
215 205 10 10
216 200 10 10
216 205 10 10
217 204 10 10
217 211 10 10
218 215 10 10
218 217 10 10
219 212 10 10
219 216 10 10
200 217 10 10
200 212 10 10
201 215 10 10
201 216 10 10
222 221 11 11
222 220 11 11
223 222 11 11
223 221 11 11
224 221 11 11
224 222 11 11
225 223 11 11
225 220 11 11
226 225 11 11
226 222 11 11
227 225 11 11
227 226 11 11
228 222 11 11
228 226 11 11
229 228 11 11
229 226 11 11
230 221 11 11
230 224 11 11
231 220 11 11
231 225 11 11
232 220 11 11
232 229 11 11
233 224 11 11
233 228 11 11
234 232 11 11
234 225 11 11
235 227 11 11
235 232 11 11
236 224 11 11
236 227 11 11
237 224 11 11
237 231 11 11
238 226 11 11
238 228 11 11
239 222 11 11
239 233 11 11
220 227 11 11
220 236 11 11
221 237 11 11
221 235 11 11
242 241 12 12
242 240 12 12
243 240 12 12
243 241 12 12
244 243 12 12
244 242 12 12
245 243 12 12
245 240 12 12
246 241 12 12
246 242 12 12
247 243 12 12
247 244 12 12
248 240 12 12
248 241 12 12
249 241 12 12
249 240 12 12
250 242 12 12
250 246 12 12
251 248 12 12
251 242 12 12
252 242 12 12
252 246 12 12
253 248 12 12
253 251 12 12
254 251 12 12
254 248 12 12
255 240 12 12
255 243 12 12
256 243 12 12
256 241 12 12
257 242 12 12
257 254 12 12
258 240 12 12
258 244 12 12
259 247 12 12
259 256 12 12
240 256 12 12
240 247 12 12
241 252 12 12
241 258 12 12
262 261 13 13
262 260 13 13
263 261 13 13
263 262 13 13
264 262 13 13
264 261 13 13
265 262 13 13
265 260 13 13
266 260 13 13
266 262 13 13
267 260 13 13
267 263 13 13
268 260 13 13
268 267 13 13
269 267 13 13
269 260 13 13
270 268 13 13
270 266 13 13
271 270 13 13
271 266 13 13
272 264 13 13
272 261 13 13
273 271 13 13
273 266 13 13
274 261 13 13
274 271 13 13
275 261 13 13
275 264 13 13
276 264 13 13
276 273 13 13
277 269 13 13
277 267 13 13
278 266 13 13
278 272 13 13
279 275 13 13
279 271 13 13
260 279 13 13
260 273 13 13
261 269 13 13
261 279 13 13
282 280 14 14
282 281 14 14
283 281 14 14
283 282 14 14
284 283 14 14
284 282 14 14
285 281 14 14
285 282 14 14
286 285 14 14
286 284 14 14
287 286 14 14
287 283 14 14
288 287 14 14
288 283 14 14
289 281 14 14
289 282 14 14
290 284 14 14
290 288 14 14
291 287 14 14
291 286 14 14
292 285 14 14
292 287 14 14
293 280 14 14
293 289 14 14
294 283 14 14
294 291 14 14
295 289 14 14
295 282 14 14
296 282 14 14
296 280 14 14
297 293 14 14
297 282 14 14
298 293 14 14
298 291 14 14
299 282 14 14
299 287 14 14
280 297 14 14
280 286 14 14
281 296 14 14
281 297 14 14
302 301 15 15
302 300 15 15
303 302 15 15
303 300 15 15
304 303 15 15
304 300 15 15
305 304 15 15
305 300 15 15
306 300 15 15
306 305 15 15
307 304 15 15
307 303 15 15
308 305 15 15
308 302 15 15
309 302 15 15
309 307 15 15
310 301 15 15
310 305 15 15
311 309 15 15
311 306 15 15
312 310 15 15
312 303 15 15
313 305 15 15
313 303 15 15
314 302 15 15
314 310 15 15
315 313 15 15
315 304 15 15
316 309 15 15
316 312 15 15
317 304 15 15
317 311 15 15
318 305 15 15
318 304 15 15
319 302 15 15
319 308 15 15
300 313 15 15
300 308 15 15
301 315 15 15
301 311 15 15
58 34 2 1
53 15 2 0
62 19 3 0
67 46 3 2
84 62 4 3
97 2 4 0
101 5 5 0
119 41 5 2
124 103 6 5
125 95 6 4
154 32 7 1
156 97 7 4
160 1 8 0
177 103 8 5
194 14 9 0
181 173 9 8
216 178 10 8
218 155 10 7
229 52 11 2
236 180 11 9
251 153 12 7
257 46 12 2
266 24 13 1
263 129 13 6
284 208 14 10
288 13 14 0
305 245 15 12
307 191 15 9
5 158 0 7
19 312 0 15
25 107 1 5
26 136 1 6
