swNum = 320
edgeNum = 672

0 0
1 0
2 0
3 0
4 0
5 0
6 0
7 0
8 0
9 0
10 0
11 0
12 0
13 0
14 0
15 0
16 0
17 0
18 0
19 0
20 1
21 1
22 1
23 1
24 1
25 1
26 1
27 1
28 1
29 1
30 1
31 1
32 1
33 1
34 1
35 1
36 1
37 1
38 1
39 1
40 2
41 2
42 2
43 2
44 2
45 2
46 2
47 2
48 2
49 2
50 2
51 2
52 2
53 2
54 2
55 2
56 2
57 2
58 2
59 2
60 3
61 3
62 3
63 3
64 3
65 3
66 3
67 3
68 3
69 3
70 3
71 3
72 3
73 3
74 3
75 3
76 3
77 3
78 3
79 3
80 4
81 4
82 4
83 4
84 4
85 4
86 4
87 4
88 4
89 4
90 4
91 4
92 4
93 4
94 4
95 4
96 4
97 4
98 4
99 4
100 5
101 5
102 5
103 5
104 5
105 5
106 5
107 5
108 5
109 5
110 5
111 5
112 5
113 5
114 5
115 5
116 5
117 5
118 5
119 5
120 6
121 6
122 6
123 6
124 6
125 6
126 6
127 6
128 6
129 6
130 6
131 6
132 6
133 6
134 6
135 6
136 6
137 6
138 6
139 6
140 7
141 7
142 7
143 7
144 7
145 7
146 7
147 7
148 7
149 7
150 7
151 7
152 7
153 7
154 7
155 7
156 7
157 7
158 7
159 7
160 8
161 8
162 8
163 8
164 8
165 8
166 8
167 8
168 8
169 8
170 8
171 8
172 8
173 8
174 8
175 8
176 8
177 8
178 8
179 8
180 9
181 9
182 9
183 9
184 9
185 9
186 9
187 9
188 9
189 9
190 9
191 9
192 9
193 9
194 9
195 9
196 9
197 9
198 9
199 9
200 10
201 10
202 10
203 10
204 10
205 10
206 10
207 10
208 10
209 10
210 10
211 10
212 10
213 10
214 10
215 10
216 10
217 10
218 10
219 10
220 11
221 11
222 11
223 11
224 11
225 11
226 11
227 11
228 11
229 11
230 11
231 11
232 11
233 11
234 11
235 11
236 11
237 11
238 11
239 11
240 12
241 12
242 12
243 12
244 12
245 12
246 12
247 12
248 12
249 12
250 12
251 12
252 12
253 12
254 12
255 12
256 12
257 12
258 12
259 12
260 13
261 13
262 13
263 13
264 13
265 13
266 13
267 13
268 13
269 13
270 13
271 13
272 13
273 13
274 13
275 13
276 13
277 13
278 13
279 13
280 14
281 14
282 14
283 14
284 14
285 14
286 14
287 14
288 14
289 14
290 14
291 14
292 14
293 14
294 14
295 14
296 14
297 14
298 14
299 14
300 15
301 15
302 15
303 15
304 15
305 15
306 15
307 15
308 15
309 15
310 15
311 15
312 15
313 15
314 15
315 15
316 15
317 15
318 15
319 15

2 1 0 0
2 0 0 0
3 0 0 0
3 1 0 0
4 1 0 0
4 0 0 0
5 4 0 0
5 0 0 0
6 0 0 0
6 3 0 0
7 3 0 0
7 6 0 0
8 0 0 0
8 1 0 0
9 5 0 0
9 4 0 0
10 0 0 0
10 6 0 0
11 7 0 0
11 10 0 0
12 2 0 0
12 3 0 0
13 1 0 0
13 4 0 0
14 2 0 0
14 9 0 0
15 1 0 0
15 12 0 0
16 12 0 0
16 11 0 0
17 5 0 0
17 1 0 0
18 4 0 0
18 12 0 0
19 6 0 0
19 3 0 0
0 12 0 0
0 11 0 0
1 18 0 0
1 9 0 0
22 21 1 1
22 20 1 1
23 21 1 1
23 22 1 1
24 22 1 1
24 21 1 1
25 21 1 1
25 24 1 1
26 25 1 1
26 24 1 1
27 20 1 1
27 24 1 1
28 25 1 1
28 26 1 1
29 21 1 1
29 24 1 1
30 24 1 1
30 21 1 1
31 28 1 1
31 25 1 1
32 29 1 1
32 23 1 1
33 20 1 1
33 26 1 1
34 27 1 1
34 20 1 1
35 20 1 1
35 28 1 1
36 20 1 1
36 31 1 1
37 36 1 1
37 25 1 1
38 27 1 1
38 36 1 1
39 24 1 1
39 34 1 1
20 31 1 1
20 23 1 1
21 39 1 1
21 33 1 1
42 40 2 2
42 41 2 2
43 42 2 2
43 40 2 2
44 43 2 2
44 40 2 2
45 41 2 2
45 43 2 2
46 45 2 2
46 42 2 2
47 41 2 2
47 42 2 2
48 41 2 2
48 40 2 2
49 46 2 2
49 42 2 2
50 46 2 2
50 42 2 2
51 45 2 2
51 50 2 2
52 50 2 2
52 43 2 2
53 48 2 2
53 47 2 2
54 44 2 2
54 40 2 2
55 53 2 2
55 47 2 2
56 48 2 2
56 47 2 2
57 41 2 2
57 48 2 2
58 40 2 2
58 46 2 2
59 49 2 2
59 52 2 2
40 49 2 2
40 50 2 2
41 59 2 2
41 56 2 2
62 60 3 3
62 61 3 3
63 61 3 3
63 60 3 3
64 62 3 3
64 60 3 3
65 60 3 3
65 63 3 3
66 63 3 3
66 62 3 3
67 61 3 3
67 66 3 3
68 67 3 3
68 66 3 3
69 65 3 3
69 67 3 3
70 68 3 3
70 66 3 3
71 69 3 3
71 64 3 3
72 70 3 3
72 61 3 3
73 63 3 3
73 65 3 3
74 65 3 3
74 69 3 3
75 67 3 3
75 69 3 3
76 65 3 3
76 70 3 3
77 60 3 3
77 67 3 3
78 75 3 3
78 76 3 3
79 60 3 3
79 74 3 3
60 74 3 3
60 76 3 3
61 73 3 3
61 78 3 3
82 81 4 4
82 80 4 4
83 80 4 4
83 82 4 4
84 82 4 4
84 83 4 4
85 84 4 4
85 81 4 4
86 80 4 4
86 83 4 4
87 85 4 4
87 80 4 4
88 87 4 4
88 81 4 4
89 80 4 4
89 81 4 4
90 85 4 4
90 86 4 4
91 86 4 4
91 80 4 4
92 83 4 4
92 88 4 4
93 92 4 4
93 89 4 4
94 86 4 4
94 83 4 4
95 83 4 4
95 93 4 4
96 85 4 4
96 90 4 4
97 90 4 4
97 94 4 4
98 87 4 4
98 97 4 4
99 80 4 4
99 94 4 4
80 93 4 4
80 98 4 4
81 94 4 4
81 97 4 4
102 101 5 5
102 100 5 5
103 100 5 5
103 101 5 5
104 101 5 5
104 103 5 5
105 104 5 5
105 101 5 5
106 103 5 5
106 101 5 5
107 103 5 5
107 105 5 5
108 100 5 5
108 105 5 5
109 107 5 5
109 108 5 5
110 105 5 5
110 104 5 5
111 106 5 5
111 105 5 5
112 101 5 5
112 106 5 5
113 108 5 5
113 107 5 5
114 112 5 5
114 108 5 5
115 111 5 5
115 101 5 5
116 115 5 5
116 108 5 5
117 111 5 5
117 112 5 5
118 104 5 5
118 108 5 5
119 101 5 5
119 104 5 5
100 114 5 5
100 118 5 5
101 109 5 5
101 117 5 5
122 120 6 6
122 121 6 6
123 122 6 6
123 121 6 6
124 121 6 6
124 120 6 6
125 123 6 6
125 124 6 6
126 123 6 6
126 125 6 6
127 122 6 6
127 123 6 6
128 124 6 6
128 123 6 6
129 123 6 6
129 121 6 6
130 127 6 6
130 126 6 6
131 123 6 6
131 130 6 6
132 128 6 6
132 127 6 6
133 132 6 6
133 123 6 6
134 127 6 6
134 130 6 6
135 123 6 6
135 128 6 6
136 127 6 6
136 125 6 6
137 127 6 6
137 128 6 6
138 121 6 6
138 131 6 6
139 138 6 6
139 134 6 6
120 126 6 6
120 128 6 6
121 126 6 6
121 133 6 6
142 140 7 7
142 141 7 7
143 141 7 7
143 140 7 7
144 143 7 7
144 140 7 7
145 142 7 7
145 140 7 7
146 142 7 7
146 140 7 7
147 144 7 7
147 142 7 7
148 140 7 7
148 142 7 7
149 143 7 7
149 141 7 7
150 145 7 7
150 142 7 7
151 143 7 7
151 140 7 7
152 140 7 7
152 149 7 7
153 144 7 7
153 152 7 7
154 149 7 7
154 151 7 7
155 152 7 7
155 140 7 7
156 141 7 7
156 151 7 7
157 155 7 7
157 142 7 7
158 154 7 7
158 144 7 7
159 140 7 7
159 148 7 7
140 156 7 7
140 157 7 7
141 150 7 7
141 155 7 7
162 161 8 8
162 160 8 8
163 161 8 8
163 162 8 8
164 160 8 8
164 161 8 8
165 160 8 8
165 163 8 8
166 162 8 8
166 165 8 8
167 161 8 8
167 160 8 8
168 167 8 8
168 163 8 8
169 164 8 8
169 165 8 8
170 164 8 8
170 167 8 8
171 163 8 8
171 168 8 8
172 170 8 8
172 167 8 8
173 164 8 8
173 167 8 8
174 166 8 8
174 170 8 8
175 170 8 8
175 173 8 8
176 167 8 8
176 170 8 8
177 170 8 8
177 172 8 8
178 177 8 8
178 174 8 8
179 163 8 8
179 162 8 8
160 173 8 8
160 169 8 8
161 179 8 8
161 173 8 8
182 181 9 9
182 180 9 9
183 181 9 9
183 182 9 9
184 181 9 9
184 182 9 9
185 183 9 9
185 184 9 9
186 183 9 9
186 182 9 9
187 183 9 9
187 180 9 9
188 181 9 9
188 180 9 9
189 187 9 9
189 185 9 9
190 186 9 9
190 184 9 9
191 187 9 9
191 181 9 9
192 183 9 9
192 182 9 9
193 181 9 9
193 192 9 9
194 189 9 9
194 192 9 9
195 190 9 9
195 182 9 9
196 192 9 9
196 194 9 9
197 195 9 9
197 184 9 9
198 183 9 9
198 194 9 9
199 189 9 9
199 186 9 9
180 183 9 9
180 196 9 9
181 197 9 9
181 187 9 9
202 200 10 10
202 201 10 10
203 200 10 10
203 202 10 10
204 200 10 10
204 203 10 10
205 202 10 10
205 204 10 10
206 205 10 10
206 201 10 10
207 203 10 10
207 201 10 10
208 203 10 10
208 204 10 10
209 203 10 10
209 200 10 10
210 201 10 10
210 209 10 10
211 202 10 10
211 207 10 10
212 211 10 10
212 208 10 10
213 200 10 10
213 202 10 10
214 202 10 10
214 208 10 10
215 212 10 10
215 207 10 10
216 201 10 10
216 211 10 10
217 203 10 10
217 204 10 10
218 201 10 10
218 209 10 10
219 214 10 10
219 205 10 10
200 218 10 10
200 210 10 10
201 208 10 10
201 211 10 10
222 221 11 11
222 220 11 11
223 221 11 11
223 220 11 11
224 221 11 11
224 220 11 11
225 220 11 11
225 222 11 11
226 224 11 11
226 223 11 11
227 225 11 11
227 220 11 11
228 223 11 11
228 226 11 11
229 224 11 11
229 226 11 11
230 224 11 11
230 223 11 11
231 228 11 11
231 220 11 11
232 228 11 11
232 221 11 11
233 222 11 11
233 226 11 11
234 225 11 11
234 232 11 11
235 230 11 11
235 227 11 11
236 226 11 11
236 235 11 11
237 225 11 11
237 221 11 11
238 229 11 11
238 235 11 11
239 228 11 11
239 236 11 11
220 234 11 11
220 229 11 11
221 230 11 11
221 234 11 11
242 241 12 12
242 240 12 12
243 240 12 12
243 241 12 12
244 242 12 12
244 243 12 12
245 244 12 12
245 242 12 12
246 240 12 12
246 245 12 12
247 241 12 12
247 243 12 12
248 245 12 12
248 240 12 12
249 247 12 12
249 240 12 12
250 244 12 12
250 240 12 12
251 244 12 12
251 241 12 12
252 245 12 12
252 248 12 12
253 241 12 12
253 250 12 12
254 248 12 12
254 240 12 12
255 245 12 12
255 242 12 12
256 247 12 12
256 249 12 12
257 250 12 12
257 245 12 12
258 247 12 12
258 256 12 12
259 251 12 12
259 242 12 12
240 245 12 12
240 258 12 12
241 259 12 12
241 245 12 12
262 261 13 13
262 260 13 13
263 262 13 13
263 260 13 13
264 260 13 13
264 261 13 13
265 260 13 13
265 262 13 13
266 265 13 13
266 262 13 13
267 266 13 13
267 263 13 13
268 262 13 13
268 260 13 13
269 268 13 13
269 262 13 13
270 266 13 13
270 267 13 13
271 268 13 13
271 262 13 13
272 264 13 13
272 267 13 13
273 269 13 13
273 266 13 13
274 273 13 13
274 271 13 13
275 270 13 13
275 268 13 13
276 266 13 13
276 263 13 13
277 260 13 13
277 264 13 13
278 271 13 13
278 260 13 13
279 265 13 13
279 278 13 13
260 266 13 13
260 279 13 13
261 275 13 13
261 278 13 13
282 280 14 14
282 281 14 14
283 280 14 14
283 281 14 14
284 282 14 14
284 283 14 14
285 284 14 14
285 283 14 14
286 282 14 14
286 283 14 14
287 280 14 14
287 285 14 14
288 280 14 14
288 282 14 14
289 284 14 14
289 283 14 14
290 281 14 14
290 285 14 14
291 285 14 14
291 288 14 14
292 287 14 14
292 289 14 14
293 280 14 14
293 283 14 14
294 283 14 14
294 291 14 14
295 283 14 14
295 288 14 14
296 289 14 14
296 292 14 14
297 291 14 14
297 296 14 14
298 293 14 14
298 287 14 14
299 288 14 14
299 284 14 14
280 286 14 14
280 289 14 14
281 287 14 14
281 298 14 14
302 300 15 15
302 301 15 15
303 300 15 15
303 302 15 15
304 301 15 15
304 302 15 15
305 302 15 15
305 301 15 15
306 302 15 15
306 301 15 15
307 302 15 15
307 305 15 15
308 301 15 15
308 304 15 15
309 307 15 15
309 300 15 15
310 300 15 15
310 307 15 15
311 301 15 15
311 307 15 15
312 308 15 15
312 302 15 15
313 306 15 15
313 301 15 15
314 303 15 15
314 307 15 15
315 305 15 15
315 302 15 15
316 303 15 15
316 300 15 15
317 311 15 15
317 309 15 15
318 309 15 15
318 302 15 15
319 318 15 15
319 313 15 15
300 311 15 15
300 314 15 15
301 309 15 15
301 310 15 15
42 36 2 1
56 7 2 0
77 14 3 0
60 25 3 1
98 33 4 1
89 15 4 0
113 27 5 1
106 84 5 4
132 64 6 3
121 18 6 0
148 82 7 4
152 43 7 2
175 30 8 1
174 104 8 5
183 105 9 5
186 53 9 2
203 92 10 4
215 25 10 1
229 39 11 1
234 69 11 3
247 162 12 8
250 113 12 5
272 60 13 3
262 18 13 0
289 64 14 3
282 89 14 4
307 201 15 10
311 86 15 4
11 252 0 12
7 159 0 7
38 266 1 13
36 313 1 15
