swNum = 320
edgeNum = 672

0 0
1 0
2 0
3 0
4 0
5 0
6 0
7 0
8 0
9 0
10 0
11 0
12 0
13 0
14 0
15 0
16 0
17 0
18 0
19 0
20 1
21 1
22 1
23 1
24 1
25 1
26 1
27 1
28 1
29 1
30 1
31 1
32 1
33 1
34 1
35 1
36 1
37 1
38 1
39 1
40 2
41 2
42 2
43 2
44 2
45 2
46 2
47 2
48 2
49 2
50 2
51 2
52 2
53 2
54 2
55 2
56 2
57 2
58 2
59 2
60 3
61 3
62 3
63 3
64 3
65 3
66 3
67 3
68 3
69 3
70 3
71 3
72 3
73 3
74 3
75 3
76 3
77 3
78 3
79 3
80 4
81 4
82 4
83 4
84 4
85 4
86 4
87 4
88 4
89 4
90 4
91 4
92 4
93 4
94 4
95 4
96 4
97 4
98 4
99 4
100 5
101 5
102 5
103 5
104 5
105 5
106 5
107 5
108 5
109 5
110 5
111 5
112 5
113 5
114 5
115 5
116 5
117 5
118 5
119 5
120 6
121 6
122 6
123 6
124 6
125 6
126 6
127 6
128 6
129 6
130 6
131 6
132 6
133 6
134 6
135 6
136 6
137 6
138 6
139 6
140 7
141 7
142 7
143 7
144 7
145 7
146 7
147 7
148 7
149 7
150 7
151 7
152 7
153 7
154 7
155 7
156 7
157 7
158 7
159 7
160 8
161 8
162 8
163 8
164 8
165 8
166 8
167 8
168 8
169 8
170 8
171 8
172 8
173 8
174 8
175 8
176 8
177 8
178 8
179 8
180 9
181 9
182 9
183 9
184 9
185 9
186 9
187 9
188 9
189 9
190 9
191 9
192 9
193 9
194 9
195 9
196 9
197 9
198 9
199 9
200 10
201 10
202 10
203 10
204 10
205 10
206 10
207 10
208 10
209 10
210 10
211 10
212 10
213 10
214 10
215 10
216 10
217 10
218 10
219 10
220 11
221 11
222 11
223 11
224 11
225 11
226 11
227 11
228 11
229 11
230 11
231 11
232 11
233 11
234 11
235 11
236 11
237 11
238 11
239 11
240 12
241 12
242 12
243 12
244 12
245 12
246 12
247 12
248 12
249 12
250 12
251 12
252 12
253 12
254 12
255 12
256 12
257 12
258 12
259 12
260 13
261 13
262 13
263 13
264 13
265 13
266 13
267 13
268 13
269 13
270 13
271 13
272 13
273 13
274 13
275 13
276 13
277 13
278 13
279 13
280 14
281 14
282 14
283 14
284 14
285 14
286 14
287 14
288 14
289 14
290 14
291 14
292 14
293 14
294 14
295 14
296 14
297 14
298 14
299 14
300 15
301 15
302 15
303 15
304 15
305 15
306 15
307 15
308 15
309 15
310 15
311 15
312 15
313 15
314 15
315 15
316 15
317 15
318 15
319 15

2 1 0 0
2 0 0 0
3 2 0 0
3 0 0 0
4 2 0 0
4 1 0 0
5 4 0 0
5 2 0 0
6 1 0 0
6 3 0 0
7 5 0 0
7 4 0 0
8 5 0 0
8 2 0 0
9 7 0 0
9 5 0 0
10 0 0 0
10 3 0 0
11 3 0 0
11 9 0 0
12 7 0 0
12 3 0 0
13 9 0 0
13 6 0 0
14 10 0 0
14 13 0 0
15 7 0 0
15 9 0 0
16 11 0 0
16 15 0 0
17 1 0 0
17 4 0 0
18 10 0 0
18 5 0 0
19 17 0 0
19 7 0 0
0 14 0 0
0 6 0 0
1 19 0 0
1 15 0 0
22 21 1 1
22 20 1 1
23 20 1 1
23 21 1 1
24 21 1 1
24 22 1 1
25 21 1 1
25 20 1 1
26 22 1 1
26 20 1 1
27 26 1 1
27 25 1 1
28 27 1 1
28 20 1 1
29 23 1 1
29 26 1 1
30 26 1 1
30 23 1 1
31 26 1 1
31 27 1 1
32 27 1 1
32 20 1 1
33 25 1 1
33 20 1 1
34 23 1 1
34 30 1 1
35 30 1 1
35 25 1 1
36 31 1 1
36 32 1 1
37 35 1 1
37 20 1 1
38 27 1 1
38 28 1 1
39 22 1 1
39 37 1 1
20 31 1 1
20 34 1 1
21 33 1 1
21 35 1 1
42 41 2 2
42 40 2 2
43 41 2 2
43 42 2 2
44 43 2 2
44 42 2 2
45 41 2 2
45 43 2 2
46 40 2 2
46 41 2 2
47 43 2 2
47 42 2 2
48 45 2 2
48 40 2 2
49 43 2 2
49 46 2 2
50 40 2 2
50 49 2 2
51 50 2 2
51 42 2 2
52 48 2 2
52 47 2 2
53 52 2 2
53 47 2 2
54 46 2 2
54 44 2 2
55 48 2 2
55 52 2 2
56 54 2 2
56 45 2 2
57 47 2 2
57 40 2 2
58 46 2 2
58 49 2 2
59 49 2 2
59 40 2 2
40 55 2 2
40 45 2 2
41 58 2 2
41 51 2 2
62 60 3 3
62 61 3 3
63 61 3 3
63 62 3 3
64 61 3 3
64 63 3 3
65 60 3 3
65 62 3 3
66 63 3 3
66 61 3 3
67 61 3 3
67 64 3 3
68 60 3 3
68 63 3 3
69 65 3 3
69 64 3 3
70 69 3 3
70 65 3 3
71 61 3 3
71 64 3 3
72 70 3 3
72 71 3 3
73 67 3 3
73 65 3 3
74 60 3 3
74 73 3 3
75 63 3 3
75 62 3 3
76 68 3 3
76 66 3 3
77 60 3 3
77 73 3 3
78 73 3 3
78 65 3 3
79 68 3 3
79 60 3 3
60 72 3 3
60 64 3 3
61 69 3 3
61 75 3 3
82 81 4 4
82 80 4 4
83 80 4 4
83 81 4 4
84 81 4 4
84 80 4 4
85 84 4 4
85 80 4 4
86 81 4 4
86 83 4 4
87 85 4 4
87 82 4 4
88 81 4 4
88 85 4 4
89 88 4 4
89 87 4 4
90 88 4 4
90 82 4 4
91 86 4 4
91 83 4 4
92 80 4 4
92 87 4 4
93 85 4 4
93 89 4 4
94 90 4 4
94 88 4 4
95 91 4 4
95 94 4 4
96 94 4 4
96 90 4 4
97 91 4 4
97 94 4 4
98 87 4 4
98 97 4 4
99 93 4 4
99 96 4 4
80 99 4 4
80 86 4 4
81 97 4 4
81 91 4 4
102 101 5 5
102 100 5 5
103 102 5 5
103 101 5 5
104 103 5 5
104 101 5 5
105 102 5 5
105 100 5 5
106 104 5 5
106 102 5 5
107 102 5 5
107 104 5 5
108 100 5 5
108 102 5 5
109 104 5 5
109 101 5 5
110 104 5 5
110 102 5 5
111 109 5 5
111 102 5 5
112 104 5 5
112 100 5 5
113 112 5 5
113 110 5 5
114 102 5 5
114 108 5 5
115 109 5 5
115 101 5 5
116 110 5 5
116 113 5 5
117 111 5 5
117 102 5 5
118 110 5 5
118 108 5 5
119 102 5 5
119 118 5 5
100 117 5 5
100 109 5 5
101 110 5 5
101 117 5 5
122 120 6 6
122 121 6 6
123 121 6 6
123 122 6 6
124 121 6 6
124 120 6 6
125 123 6 6
125 122 6 6
126 120 6 6
126 123 6 6
127 124 6 6
127 123 6 6
128 120 6 6
128 121 6 6
129 128 6 6
129 125 6 6
130 125 6 6
130 126 6 6
131 120 6 6
131 129 6 6
132 123 6 6
132 130 6 6
133 123 6 6
133 126 6 6
134 124 6 6
134 132 6 6
135 132 6 6
135 133 6 6
136 131 6 6
136 123 6 6
137 124 6 6
137 134 6 6
138 124 6 6
138 120 6 6
139 124 6 6
139 136 6 6
120 129 6 6
120 134 6 6
121 138 6 6
121 135 6 6
142 140 7 7
142 141 7 7
143 142 7 7
143 141 7 7
144 143 7 7
144 141 7 7
145 142 7 7
145 140 7 7
146 143 7 7
146 144 7 7
147 145 7 7
147 141 7 7
148 141 7 7
148 145 7 7
149 146 7 7
149 141 7 7
150 142 7 7
150 149 7 7
151 145 7 7
151 144 7 7
152 142 7 7
152 143 7 7
153 152 7 7
153 147 7 7
154 146 7 7
154 149 7 7
155 152 7 7
155 143 7 7
156 150 7 7
156 143 7 7
157 156 7 7
157 154 7 7
158 148 7 7
158 141 7 7
159 149 7 7
159 148 7 7
140 151 7 7
140 148 7 7
141 154 7 7
141 151 7 7
162 160 8 8
162 161 8 8
163 160 8 8
163 162 8 8
164 161 8 8
164 162 8 8
165 163 8 8
165 164 8 8
166 160 8 8
166 163 8 8
167 161 8 8
167 163 8 8
168 165 8 8
168 166 8 8
169 168 8 8
169 162 8 8
170 161 8 8
170 166 8 8
171 168 8 8
171 165 8 8
172 161 8 8
172 169 8 8
173 161 8 8
173 166 8 8
174 164 8 8
174 168 8 8
175 166 8 8
175 174 8 8
176 164 8 8
176 160 8 8
177 167 8 8
177 173 8 8
178 164 8 8
178 173 8 8
179 175 8 8
179 171 8 8
160 179 8 8
160 164 8 8
161 176 8 8
161 174 8 8
182 181 9 9
182 180 9 9
183 182 9 9
183 180 9 9
184 181 9 9
184 183 9 9
185 184 9 9
185 183 9 9
186 182 9 9
186 183 9 9
187 182 9 9
187 184 9 9
188 185 9 9
188 182 9 9
189 182 9 9
189 186 9 9
190 187 9 9
190 186 9 9
191 186 9 9
191 187 9 9
192 188 9 9
192 184 9 9
193 182 9 9
193 188 9 9
194 180 9 9
194 181 9 9
195 180 9 9
195 189 9 9
196 188 9 9
196 194 9 9
197 186 9 9
197 195 9 9
198 180 9 9
198 185 9 9
199 189 9 9
199 187 9 9
180 191 9 9
180 190 9 9
181 199 9 9
181 195 9 9
202 201 10 10
202 200 10 10
203 202 10 10
203 201 10 10
204 200 10 10
204 201 10 10
205 202 10 10
205 203 10 10
206 202 10 10
206 200 10 10
207 202 10 10
207 204 10 10
208 206 10 10
208 202 10 10
209 208 10 10
209 200 10 10
210 203 10 10
210 202 10 10
211 204 10 10
211 210 10 10
212 205 10 10
212 206 10 10
213 209 10 10
213 206 10 10
214 210 10 10
214 207 10 10
215 204 10 10
215 207 10 10
216 206 10 10
216 212 10 10
217 212 10 10
217 205 10 10
218 213 10 10
218 209 10 10
219 206 10 10
219 207 10 10
200 211 10 10
200 219 10 10
201 215 10 10
201 206 10 10
222 221 11 11
222 220 11 11
223 220 11 11
223 222 11 11
224 221 11 11
224 222 11 11
225 222 11 11
225 224 11 11
226 224 11 11
226 220 11 11
227 220 11 11
227 222 11 11
228 224 11 11
228 222 11 11
229 226 11 11
229 228 11 11
230 226 11 11
230 225 11 11
231 221 11 11
231 230 11 11
232 228 11 11
232 224 11 11
233 232 11 11
233 228 11 11
234 231 11 11
234 222 11 11
235 229 11 11
235 225 11 11
236 232 11 11
236 228 11 11
237 231 11 11
237 220 11 11
238 225 11 11
238 222 11 11
239 229 11 11
239 225 11 11
220 230 11 11
220 225 11 11
221 229 11 11
221 225 11 11
242 240 12 12
242 241 12 12
243 240 12 12
243 242 12 12
244 242 12 12
244 243 12 12
245 241 12 12
245 240 12 12
246 245 12 12
246 242 12 12
247 241 12 12
247 246 12 12
248 242 12 12
248 244 12 12
249 247 12 12
249 240 12 12
250 248 12 12
250 243 12 12
251 244 12 12
251 241 12 12
252 247 12 12
252 246 12 12
253 249 12 12
253 252 12 12
254 253 12 12
254 247 12 12
255 241 12 12
255 243 12 12
256 248 12 12
256 253 12 12
257 240 12 12
257 255 12 12
258 253 12 12
258 244 12 12
259 247 12 12
259 240 12 12
240 255 12 12
240 256 12 12
241 252 12 12
241 250 12 12
262 260 13 13
262 261 13 13
263 261 13 13
263 262 13 13
264 260 13 13
264 262 13 13
265 262 13 13
265 260 13 13
266 262 13 13
266 263 13 13
267 266 13 13
267 262 13 13
268 260 13 13
268 264 13 13
269 264 13 13
269 261 13 13
270 269 13 13
270 262 13 13
271 265 13 13
271 267 13 13
272 270 13 13
272 260 13 13
273 267 13 13
273 265 13 13
274 269 13 13
274 268 13 13
275 273 13 13
275 267 13 13
276 264 13 13
276 265 13 13
277 272 13 13
277 262 13 13
278 275 13 13
278 263 13 13
279 278 13 13
279 273 13 13
260 270 13 13
260 269 13 13
261 266 13 13
261 272 13 13
282 280 14 14
282 281 14 14
283 282 14 14
283 280 14 14
284 282 14 14
284 283 14 14
285 284 14 14
285 281 14 14
286 281 14 14
286 285 14 14
287 283 14 14
287 280 14 14
288 281 14 14
288 280 14 14
289 280 14 14
289 285 14 14
290 287 14 14
290 284 14 14
291 290 14 14
291 283 14 14
292 289 14 14
292 287 14 14
293 282 14 14
293 284 14 14
294 281 14 14
294 285 14 14
295 292 14 14
295 290 14 14
296 293 14 14
296 295 14 14
297 294 14 14
297 287 14 14
298 297 14 14
298 294 14 14
299 287 14 14
299 293 14 14
280 292 14 14
280 285 14 14
281 296 14 14
281 289 14 14
302 300 15 15
302 301 15 15
303 301 15 15
303 300 15 15
304 300 15 15
304 303 15 15
305 300 15 15
305 301 15 15
306 301 15 15
306 304 15 15
307 300 15 15
307 301 15 15
308 307 15 15
308 301 15 15
309 300 15 15
309 302 15 15
310 306 15 15
310 307 15 15
311 307 15 15
311 309 15 15
312 308 15 15
312 310 15 15
313 301 15 15
313 311 15 15
314 310 15 15
314 313 15 15
315 305 15 15
315 302 15 15
316 308 15 15
316 312 15 15
317 306 15 15
317 303 15 15
318 311 15 15
318 317 15 15
319 308 15 15
319 305 15 15
300 315 15 15
300 306 15 15
301 317 15 15
301 314 15 15
41 1 2 0
54 33 2 1
77 27 3 1
71 41 3 2
99 43 4 2
96 22 4 1
108 26 5 1
110 75 5 3
131 97 6 4
132 51 6 2
155 97 7 4
148 130 7 6
178 32 8 1
177 68 8 3
184 89 9 4
197 74 9 3
202 191 10 9
212 136 10 6
239 219 11 10
236 127 11 6
253 223 12 11
257 97 12 4
267 258 13 12
279 85 13 4
295 205 14 10
294 245 14 12
301 170 15 8
319 257 15 12
2 263 0 13
12 168 0 8
25 218 1 10
36 311 1 15
