swNum = 320
edgeNum = 672

0 0
1 0
2 0
3 0
4 0
5 0
6 0
7 0
8 0
9 0
10 0
11 0
12 0
13 0
14 0
15 0
16 0
17 0
18 0
19 0
20 1
21 1
22 1
23 1
24 1
25 1
26 1
27 1
28 1
29 1
30 1
31 1
32 1
33 1
34 1
35 1
36 1
37 1
38 1
39 1
40 2
41 2
42 2
43 2
44 2
45 2
46 2
47 2
48 2
49 2
50 2
51 2
52 2
53 2
54 2
55 2
56 2
57 2
58 2
59 2
60 3
61 3
62 3
63 3
64 3
65 3
66 3
67 3
68 3
69 3
70 3
71 3
72 3
73 3
74 3
75 3
76 3
77 3
78 3
79 3
80 4
81 4
82 4
83 4
84 4
85 4
86 4
87 4
88 4
89 4
90 4
91 4
92 4
93 4
94 4
95 4
96 4
97 4
98 4
99 4
100 5
101 5
102 5
103 5
104 5
105 5
106 5
107 5
108 5
109 5
110 5
111 5
112 5
113 5
114 5
115 5
116 5
117 5
118 5
119 5
120 6
121 6
122 6
123 6
124 6
125 6
126 6
127 6
128 6
129 6
130 6
131 6
132 6
133 6
134 6
135 6
136 6
137 6
138 6
139 6
140 7
141 7
142 7
143 7
144 7
145 7
146 7
147 7
148 7
149 7
150 7
151 7
152 7
153 7
154 7
155 7
156 7
157 7
158 7
159 7
160 8
161 8
162 8
163 8
164 8
165 8
166 8
167 8
168 8
169 8
170 8
171 8
172 8
173 8
174 8
175 8
176 8
177 8
178 8
179 8
180 9
181 9
182 9
183 9
184 9
185 9
186 9
187 9
188 9
189 9
190 9
191 9
192 9
193 9
194 9
195 9
196 9
197 9
198 9
199 9
200 10
201 10
202 10
203 10
204 10
205 10
206 10
207 10
208 10
209 10
210 10
211 10
212 10
213 10
214 10
215 10
216 10
217 10
218 10
219 10
220 11
221 11
222 11
223 11
224 11
225 11
226 11
227 11
228 11
229 11
230 11
231 11
232 11
233 11
234 11
235 11
236 11
237 11
238 11
239 11
240 12
241 12
242 12
243 12
244 12
245 12
246 12
247 12
248 12
249 12
250 12
251 12
252 12
253 12
254 12
255 12
256 12
257 12
258 12
259 12
260 13
261 13
262 13
263 13
264 13
265 13
266 13
267 13
268 13
269 13
270 13
271 13
272 13
273 13
274 13
275 13
276 13
277 13
278 13
279 13
280 14
281 14
282 14
283 14
284 14
285 14
286 14
287 14
288 14
289 14
290 14
291 14
292 14
293 14
294 14
295 14
296 14
297 14
298 14
299 14
300 15
301 15
302 15
303 15
304 15
305 15
306 15
307 15
308 15
309 15
310 15
311 15
312 15
313 15
314 15
315 15
316 15
317 15
318 15
319 15

2 0 0 0
2 1 0 0
3 2 0 0
3 0 0 0
4 1 0 0
4 3 0 0
5 4 0 0
5 0 0 0
6 2 0 0
6 0 0 0
7 1 0 0
7 3 0 0
8 0 0 0
8 3 0 0
9 7 0 0
9 8 0 0
10 0 0 0
10 3 0 0
11 7 0 0
11 6 0 0
12 6 0 0
12 10 0 0
13 3 0 0
13 7 0 0
14 3 0 0
14 7 0 0
15 1 0 0
15 11 0 0
16 15 0 0
16 9 0 0
17 6 0 0
17 16 0 0
18 7 0 0
18 13 0 0
19 1 0 0
19 15 0 0
0 17 0 0
0 15 0 0
1 17 0 0
1 9 0 0
22 20 1 1
22 21 1 1
23 21 1 1
23 20 1 1
24 20 1 1
24 22 1 1
25 21 1 1
25 22 1 1
26 23 1 1
26 21 1 1
27 23 1 1
27 21 1 1
28 23 1 1
28 22 1 1
29 23 1 1
29 21 1 1
30 23 1 1
30 24 1 1
31 26 1 1
31 25 1 1
32 22 1 1
32 28 1 1
33 28 1 1
33 23 1 1
34 28 1 1
34 22 1 1
35 32 1 1
35 23 1 1
36 33 1 1
36 20 1 1
37 34 1 1
37 20 1 1
38 20 1 1
38 36 1 1
39 31 1 1
39 36 1 1
20 39 1 1
20 33 1 1
21 38 1 1
21 30 1 1
42 40 2 2
42 41 2 2
43 40 2 2
43 41 2 2
44 41 2 2
44 43 2 2
45 40 2 2
45 43 2 2
46 42 2 2
46 40 2 2
47 41 2 2
47 40 2 2
48 40 2 2
48 43 2 2
49 43 2 2
49 44 2 2
50 47 2 2
50 41 2 2
51 44 2 2
51 41 2 2
52 42 2 2
52 48 2 2
53 50 2 2
53 42 2 2
54 53 2 2
54 46 2 2
55 40 2 2
55 43 2 2
56 55 2 2
56 44 2 2
57 54 2 2
57 45 2 2
58 49 2 2
58 55 2 2
59 40 2 2
59 56 2 2
40 53 2 2
40 51 2 2
41 57 2 2
41 46 2 2
62 61 3 3
62 60 3 3
63 62 3 3
63 61 3 3
64 61 3 3
64 60 3 3
65 62 3 3
65 60 3 3
66 60 3 3
66 64 3 3
67 66 3 3
67 65 3 3
68 60 3 3
68 66 3 3
69 62 3 3
69 65 3 3
70 63 3 3
70 67 3 3
71 67 3 3
71 64 3 3
72 65 3 3
72 62 3 3
73 61 3 3
73 68 3 3
74 71 3 3
74 65 3 3
75 60 3 3
75 68 3 3
76 64 3 3
76 61 3 3
77 66 3 3
77 60 3 3
78 62 3 3
78 65 3 3
79 75 3 3
79 72 3 3
60 72 3 3
60 70 3 3
61 75 3 3
61 72 3 3
82 80 4 4
82 81 4 4
83 80 4 4
83 82 4 4
84 83 4 4
84 82 4 4
85 80 4 4
85 84 4 4
86 83 4 4
86 80 4 4
87 82 4 4
87 83 4 4
88 87 4 4
88 83 4 4
89 85 4 4
89 88 4 4
90 86 4 4
90 80 4 4
91 80 4 4
91 83 4 4
92 84 4 4
92 80 4 4
93 88 4 4
93 85 4 4
94 87 4 4
94 82 4 4
95 92 4 4
95 93 4 4
96 86 4 4
96 92 4 4
97 93 4 4
97 91 4 4
98 83 4 4
98 82 4 4
99 93 4 4
99 94 4 4
80 98 4 4
80 93 4 4
81 83 4 4
81 95 4 4
102 101 5 5
102 100 5 5
103 101 5 5
103 102 5 5
104 102 5 5
104 101 5 5
105 103 5 5
105 101 5 5
106 104 5 5
106 105 5 5
107 106 5 5
107 104 5 5
108 106 5 5
108 101 5 5
109 108 5 5
109 106 5 5
110 109 5 5
110 107 5 5
111 106 5 5
111 108 5 5
112 110 5 5
112 101 5 5
113 100 5 5
113 109 5 5
114 109 5 5
114 105 5 5
115 111 5 5
115 114 5 5
116 105 5 5
116 109 5 5
117 103 5 5
117 115 5 5
118 115 5 5
118 106 5 5
119 106 5 5
119 105 5 5
100 106 5 5
100 119 5 5
101 114 5 5
101 113 5 5
122 121 6 6
122 120 6 6
123 121 6 6
123 120 6 6
124 123 6 6
124 120 6 6
125 121 6 6
125 123 6 6
126 124 6 6
126 120 6 6
127 124 6 6
127 123 6 6
128 125 6 6
128 122 6 6
129 126 6 6
129 124 6 6
130 122 6 6
130 125 6 6
131 121 6 6
131 130 6 6
132 124 6 6
132 130 6 6
133 121 6 6
133 125 6 6
134 125 6 6
134 129 6 6
135 122 6 6
135 133 6 6
136 133 6 6
136 132 6 6
137 130 6 6
137 128 6 6
138 131 6 6
138 124 6 6
139 129 6 6
139 131 6 6
120 138 6 6
120 135 6 6
121 130 6 6
121 139 6 6
142 140 7 7
142 141 7 7
143 140 7 7
143 142 7 7
144 143 7 7
144 142 7 7
145 142 7 7
145 144 7 7
146 145 7 7
146 141 7 7
147 140 7 7
147 146 7 7
148 145 7 7
148 147 7 7
149 144 7 7
149 140 7 7
150 140 7 7
150 145 7 7
151 146 7 7
151 145 7 7
152 144 7 7
152 151 7 7
153 142 7 7
153 140 7 7
154 148 7 7
154 142 7 7
155 140 7 7
155 144 7 7
156 149 7 7
156 154 7 7
157 152 7 7
157 142 7 7
158 145 7 7
158 156 7 7
159 151 7 7
159 156 7 7
140 154 7 7
140 157 7 7
141 147 7 7
141 157 7 7
162 160 8 8
162 161 8 8
163 162 8 8
163 161 8 8
164 162 8 8
164 160 8 8
165 160 8 8
165 162 8 8
166 164 8 8
166 162 8 8
167 160 8 8
167 161 8 8
168 160 8 8
168 161 8 8
169 166 8 8
169 162 8 8
170 169 8 8
170 166 8 8
171 163 8 8
171 165 8 8
172 163 8 8
172 164 8 8
173 172 8 8
173 167 8 8
174 166 8 8
174 162 8 8
175 173 8 8
175 162 8 8
176 162 8 8
176 172 8 8
177 164 8 8
177 176 8 8
178 175 8 8
178 163 8 8
179 173 8 8
179 171 8 8
160 172 8 8
160 176 8 8
161 164 8 8
161 169 8 8
182 181 9 9
182 180 9 9
183 180 9 9
183 182 9 9
184 181 9 9
184 180 9 9
185 184 9 9
185 180 9 9
186 185 9 9
186 183 9 9
187 180 9 9
187 186 9 9
188 182 9 9
188 181 9 9
189 188 9 9
189 186 9 9
190 186 9 9
190 184 9 9
191 188 9 9
191 184 9 9
192 187 9 9
192 186 9 9
193 192 9 9
193 190 9 9
194 181 9 9
194 185 9 9
195 182 9 9
195 184 9 9
196 184 9 9
196 181 9 9
197 191 9 9
197 190 9 9
198 197 9 9
198 185 9 9
199 192 9 9
199 184 9 9
180 194 9 9
180 186 9 9
181 193 9 9
181 183 9 9
202 201 10 10
202 200 10 10
203 200 10 10
203 201 10 10
204 202 10 10
204 201 10 10
205 204 10 10
205 200 10 10
206 203 10 10
206 205 10 10
207 202 10 10
207 204 10 10
208 207 10 10
208 201 10 10
209 208 10 10
209 202 10 10
210 202 10 10
210 209 10 10
211 210 10 10
211 200 10 10
212 207 10 10
212 204 10 10
213 208 10 10
213 209 10 10
214 203 10 10
214 202 10 10
215 208 10 10
215 202 10 10
216 207 10 10
216 210 10 10
217 215 10 10
217 216 10 10
218 200 10 10
218 209 10 10
219 210 10 10
219 205 10 10
200 209 10 10
200 208 10 10
201 205 10 10
201 211 10 10
222 221 11 11
222 220 11 11
223 220 11 11
223 222 11 11
224 220 11 11
224 223 11 11
225 222 11 11
225 224 11 11
226 220 11 11
226 224 11 11
227 224 11 11
227 225 11 11
228 224 11 11
228 227 11 11
229 227 11 11
229 220 11 11
230 227 11 11
230 224 11 11
231 222 11 11
231 225 11 11
232 230 11 11
232 224 11 11
233 227 11 11
233 224 11 11
234 227 11 11
234 226 11 11
235 232 11 11
235 226 11 11
236 235 11 11
236 228 11 11
237 228 11 11
237 223 11 11
238 221 11 11
238 230 11 11
239 234 11 11
239 235 11 11
220 230 11 11
220 233 11 11
221 237 11 11
221 226 11 11
242 240 12 12
242 241 12 12
243 240 12 12
243 242 12 12
244 242 12 12
244 241 12 12
245 243 12 12
245 240 12 12
246 244 12 12
246 242 12 12
247 246 12 12
247 241 12 12
248 243 12 12
248 242 12 12
249 245 12 12
249 248 12 12
250 241 12 12
250 248 12 12
251 244 12 12
251 248 12 12
252 246 12 12
252 249 12 12
253 249 12 12
253 242 12 12
254 246 12 12
254 247 12 12
255 243 12 12
255 245 12 12
256 243 12 12
256 253 12 12
257 254 12 12
257 252 12 12
258 249 12 12
258 245 12 12
259 254 12 12
259 253 12 12
240 249 12 12
240 259 12 12
241 251 12 12
241 259 12 12
262 260 13 13
262 261 13 13
263 262 13 13
263 260 13 13
264 261 13 13
264 260 13 13
265 263 13 13
265 262 13 13
266 263 13 13
266 262 13 13
267 261 13 13
267 264 13 13
268 266 13 13
268 263 13 13
269 265 13 13
269 266 13 13
270 262 13 13
270 265 13 13
271 267 13 13
271 261 13 13
272 263 13 13
272 270 13 13
273 264 13 13
273 272 13 13
274 272 13 13
274 261 13 13
275 273 13 13
275 271 13 13
276 265 13 13
276 271 13 13
277 267 13 13
277 276 13 13
278 276 13 13
278 269 13 13
279 261 13 13
279 267 13 13
260 272 13 13
260 267 13 13
261 275 13 13
261 277 13 13
282 280 14 14
282 281 14 14
283 280 14 14
283 282 14 14
284 280 14 14
284 283 14 14
285 281 14 14
285 280 14 14
286 284 14 14
286 283 14 14
287 281 14 14
287 285 14 14
288 280 14 14
288 284 14 14
289 280 14 14
289 288 14 14
290 285 14 14
290 280 14 14
291 288 14 14
291 280 14 14
292 285 14 14
292 290 14 14
293 281 14 14
293 284 14 14
294 284 14 14
294 286 14 14
295 286 14 14
295 292 14 14
296 295 14 14
296 292 14 14
297 291 14 14
297 296 14 14
298 294 14 14
298 281 14 14
299 296 14 14
299 294 14 14
280 295 14 14
280 294 14 14
281 294 14 14
281 292 14 14
302 301 15 15
302 300 15 15
303 301 15 15
303 300 15 15
304 303 15 15
304 302 15 15
305 302 15 15
305 300 15 15
306 305 15 15
306 301 15 15
307 301 15 15
307 302 15 15
308 305 15 15
308 300 15 15
309 300 15 15
309 301 15 15
310 300 15 15
310 301 15 15
311 307 15 15
311 308 15 15
312 305 15 15
312 309 15 15
313 301 15 15
313 307 15 15
314 302 15 15
314 309 15 15
315 306 15 15
315 312 15 15
316 309 15 15
316 304 15 15
317 303 15 15
317 314 15 15
318 317 15 15
318 309 15 15
319 306 15 15
319 315 15 15
300 314 15 15
300 316 15 15
301 311 15 15
301 314 15 15
46 17 2 0
49 39 2 1
71 12 3 0
76 50 3 2
90 68 4 3
88 5 4 0
104 59 5 2
109 88 5 4
123 0 6 0
126 35 6 1
144 4 7 0
154 92 7 4
170 35 8 1
164 107 8 5
192 13 9 0
189 42 9 2
205 85 10 4
203 149 10 7
229 207 11 10
224 145 11 7
245 152 12 7
242 99 12 4
277 169 13 8
261 258 13 12
283 175 14 8
298 27 14 1
311 15 15 0
300 250 15 12
13 287 0 14
11 104 0 5
39 230 1 11
25 75 1 3
