swNum = 320
edgeNum = 672

0 0
1 0
2 0
3 0
4 0
5 0
6 0
7 0
8 0
9 0
10 0
11 0
12 0
13 0
14 0
15 0
16 0
17 0
18 0
19 0
20 1
21 1
22 1
23 1
24 1
25 1
26 1
27 1
28 1
29 1
30 1
31 1
32 1
33 1
34 1
35 1
36 1
37 1
38 1
39 1
40 2
41 2
42 2
43 2
44 2
45 2
46 2
47 2
48 2
49 2
50 2
51 2
52 2
53 2
54 2
55 2
56 2
57 2
58 2
59 2
60 3
61 3
62 3
63 3
64 3
65 3
66 3
67 3
68 3
69 3
70 3
71 3
72 3
73 3
74 3
75 3
76 3
77 3
78 3
79 3
80 4
81 4
82 4
83 4
84 4
85 4
86 4
87 4
88 4
89 4
90 4
91 4
92 4
93 4
94 4
95 4
96 4
97 4
98 4
99 4
100 5
101 5
102 5
103 5
104 5
105 5
106 5
107 5
108 5
109 5
110 5
111 5
112 5
113 5
114 5
115 5
116 5
117 5
118 5
119 5
120 6
121 6
122 6
123 6
124 6
125 6
126 6
127 6
128 6
129 6
130 6
131 6
132 6
133 6
134 6
135 6
136 6
137 6
138 6
139 6
140 7
141 7
142 7
143 7
144 7
145 7
146 7
147 7
148 7
149 7
150 7
151 7
152 7
153 7
154 7
155 7
156 7
157 7
158 7
159 7
160 8
161 8
162 8
163 8
164 8
165 8
166 8
167 8
168 8
169 8
170 8
171 8
172 8
173 8
174 8
175 8
176 8
177 8
178 8
179 8
180 9
181 9
182 9
183 9
184 9
185 9
186 9
187 9
188 9
189 9
190 9
191 9
192 9
193 9
194 9
195 9
196 9
197 9
198 9
199 9
200 10
201 10
202 10
203 10
204 10
205 10
206 10
207 10
208 10
209 10
210 10
211 10
212 10
213 10
214 10
215 10
216 10
217 10
218 10
219 10
220 11
221 11
222 11
223 11
224 11
225 11
226 11
227 11
228 11
229 11
230 11
231 11
232 11
233 11
234 11
235 11
236 11
237 11
238 11
239 11
240 12
241 12
242 12
243 12
244 12
245 12
246 12
247 12
248 12
249 12
250 12
251 12
252 12
253 12
254 12
255 12
256 12
257 12
258 12
259 12
260 13
261 13
262 13
263 13
264 13
265 13
266 13
267 13
268 13
269 13
270 13
271 13
272 13
273 13
274 13
275 13
276 13
277 13
278 13
279 13
280 14
281 14
282 14
283 14
284 14
285 14
286 14
287 14
288 14
289 14
290 14
291 14
292 14
293 14
294 14
295 14
296 14
297 14
298 14
299 14
300 15
301 15
302 15
303 15
304 15
305 15
306 15
307 15
308 15
309 15
310 15
311 15
312 15
313 15
314 15
315 15
316 15
317 15
318 15
319 15

2 1 0 0
2 0 0 0
3 1 0 0
3 0 0 0
4 1 0 0
4 3 0 0
5 1 0 0
5 0 0 0
6 0 0 0
6 1 0 0
7 1 0 0
7 4 0 0
8 0 0 0
8 2 0 0
9 3 0 0
9 6 0 0
10 2 0 0
10 9 0 0
11 8 0 0
11 5 0 0
12 7 0 0
12 0 0 0
13 5 0 0
13 7 0 0
14 13 0 0
14 9 0 0
15 6 0 0
15 0 0 0
16 5 0 0
16 15 0 0
17 15 0 0
17 14 0 0
18 0 0 0
18 16 0 0
19 10 0 0
19 12 0 0
0 16 0 0
0 9 0 0
1 19 0 0
1 14 0 0
22 21 1 1
22 20 1 1
23 22 1 1
23 20 1 1
24 23 1 1
24 20 1 1
25 22 1 1
25 23 1 1
26 22 1 1
26 21 1 1
27 26 1 1
27 21 1 1
28 25 1 1
28 26 1 1
29 20 1 1
29 24 1 1
30 21 1 1
30 26 1 1
31 30 1 1
31 23 1 1
32 27 1 1
32 21 1 1
33 20 1 1
33 23 1 1
34 24 1 1
34 23 1 1
35 28 1 1
35 25 1 1
36 29 1 1
36 26 1 1
37 31 1 1
37 24 1 1
38 29 1 1
38 35 1 1
39 34 1 1
39 28 1 1
20 39 1 1
20 35 1 1
21 29 1 1
21 36 1 1
42 41 2 2
42 40 2 2
43 41 2 2
43 42 2 2
44 43 2 2
44 42 2 2
45 40 2 2
45 43 2 2
46 41 2 2
46 40 2 2
47 43 2 2
47 44 2 2
48 40 2 2
48 43 2 2
49 42 2 2
49 48 2 2
50 44 2 2
50 43 2 2
51 40 2 2
51 48 2 2
52 46 2 2
52 40 2 2
53 51 2 2
53 48 2 2
54 46 2 2
54 52 2 2
55 51 2 2
55 43 2 2
56 51 2 2
56 45 2 2
57 54 2 2
57 48 2 2
58 46 2 2
58 54 2 2
59 56 2 2
59 40 2 2
40 43 2 2
40 47 2 2
41 44 2 2
41 50 2 2
62 60 3 3
62 61 3 3
63 61 3 3
63 62 3 3
64 62 3 3
64 61 3 3
65 63 3 3
65 64 3 3
66 61 3 3
66 65 3 3
67 61 3 3
67 62 3 3
68 62 3 3
68 66 3 3
69 63 3 3
69 66 3 3
70 67 3 3
70 60 3 3
71 69 3 3
71 63 3 3
72 67 3 3
72 66 3 3
73 65 3 3
73 63 3 3
74 65 3 3
74 72 3 3
75 67 3 3
75 64 3 3
76 65 3 3
76 71 3 3
77 69 3 3
77 70 3 3
78 77 3 3
78 76 3 3
79 75 3 3
79 73 3 3
60 74 3 3
60 76 3 3
61 72 3 3
61 78 3 3
82 81 4 4
82 80 4 4
83 80 4 4
83 82 4 4
84 82 4 4
84 81 4 4
85 80 4 4
85 82 4 4
86 81 4 4
86 85 4 4
87 84 4 4
87 81 4 4
88 87 4 4
88 86 4 4
89 87 4 4
89 88 4 4
90 86 4 4
90 81 4 4
91 86 4 4
91 83 4 4
92 84 4 4
92 90 4 4
93 83 4 4
93 80 4 4
94 82 4 4
94 91 4 4
95 88 4 4
95 81 4 4
96 86 4 4
96 81 4 4
97 90 4 4
97 81 4 4
98 81 4 4
98 85 4 4
99 95 4 4
99 80 4 4
80 86 4 4
80 91 4 4
81 93 4 4
81 83 4 4
102 100 5 5
102 101 5 5
103 100 5 5
103 102 5 5
104 100 5 5
104 102 5 5
105 101 5 5
105 102 5 5
106 102 5 5
106 105 5 5
107 105 5 5
107 102 5 5
108 101 5 5
108 105 5 5
109 102 5 5
109 106 5 5
110 103 5 5
110 109 5 5
111 100 5 5
111 104 5 5
112 109 5 5
112 108 5 5
113 100 5 5
113 103 5 5
114 102 5 5
114 101 5 5
115 109 5 5
115 106 5 5
116 105 5 5
116 115 5 5
117 109 5 5
117 112 5 5
118 105 5 5
118 114 5 5
119 118 5 5
119 106 5 5
100 110 5 5
100 117 5 5
101 118 5 5
101 109 5 5
122 121 6 6
122 120 6 6
123 120 6 6
123 122 6 6
124 122 6 6
124 120 6 6
125 120 6 6
125 124 6 6
126 125 6 6
126 122 6 6
127 125 6 6
127 126 6 6
128 124 6 6
128 123 6 6
129 127 6 6
129 123 6 6
130 127 6 6
130 124 6 6
131 124 6 6
131 130 6 6
132 121 6 6
132 128 6 6
133 120 6 6
133 126 6 6
134 121 6 6
134 125 6 6
135 127 6 6
135 122 6 6
136 121 6 6
136 134 6 6
137 132 6 6
137 120 6 6
138 135 6 6
138 137 6 6
139 122 6 6
139 127 6 6
120 134 6 6
120 131 6 6
121 125 6 6
121 123 6 6
142 141 7 7
142 140 7 7
143 140 7 7
143 142 7 7
144 141 7 7
144 142 7 7
145 144 7 7
145 141 7 7
146 143 7 7
146 141 7 7
147 146 7 7
147 143 7 7
148 143 7 7
148 147 7 7
149 147 7 7
149 145 7 7
150 149 7 7
150 145 7 7
151 145 7 7
151 146 7 7
152 149 7 7
152 140 7 7
153 151 7 7
153 142 7 7
154 147 7 7
154 140 7 7
155 141 7 7
155 144 7 7
156 147 7 7
156 142 7 7
157 141 7 7
157 146 7 7
158 154 7 7
158 155 7 7
159 155 7 7
159 145 7 7
140 147 7 7
140 158 7 7
141 154 7 7
141 151 7 7
162 160 8 8
162 161 8 8
163 162 8 8
163 160 8 8
164 161 8 8
164 162 8 8
165 163 8 8
165 164 8 8
166 165 8 8
166 161 8 8
167 166 8 8
167 160 8 8
168 162 8 8
168 160 8 8
169 164 8 8
169 165 8 8
170 161 8 8
170 167 8 8
171 166 8 8
171 167 8 8
172 166 8 8
172 171 8 8
173 167 8 8
173 169 8 8
174 163 8 8
174 172 8 8
175 162 8 8
175 166 8 8
176 169 8 8
176 171 8 8
177 171 8 8
177 160 8 8
178 168 8 8
178 163 8 8
179 174 8 8
179 161 8 8
160 166 8 8
160 178 8 8
161 177 8 8
161 171 8 8
182 181 9 9
182 180 9 9
183 181 9 9
183 182 9 9
184 183 9 9
184 180 9 9
185 184 9 9
185 180 9 9
186 184 9 9
186 182 9 9
187 182 9 9
187 181 9 9
188 186 9 9
188 180 9 9
189 181 9 9
189 184 9 9
190 188 9 9
190 186 9 9
191 185 9 9
191 188 9 9
192 188 9 9
192 182 9 9
193 192 9 9
193 186 9 9
194 180 9 9
194 188 9 9
195 181 9 9
195 193 9 9
196 192 9 9
196 184 9 9
197 181 9 9
197 183 9 9
198 186 9 9
198 197 9 9
199 188 9 9
199 180 9 9
180 189 9 9
180 195 9 9
181 188 9 9
181 186 9 9
202 201 10 10
202 200 10 10
203 200 10 10
203 201 10 10
204 202 10 10
204 203 10 10
205 201 10 10
205 203 10 10
206 204 10 10
206 200 10 10
207 205 10 10
207 204 10 10
208 201 10 10
208 203 10 10
209 205 10 10
209 202 10 10
210 209 10 10
210 208 10 10
211 210 10 10
211 203 10 10
212 202 10 10
212 206 10 10
213 208 10 10
213 211 10 10
214 208 10 10
214 207 10 10
215 210 10 10
215 200 10 10
216 206 10 10
216 200 10 10
217 207 10 10
217 210 10 10
218 200 10 10
218 208 10 10
219 206 10 10
219 202 10 10
200 207 10 10
200 208 10 10
201 217 10 10
201 207 10 10
222 221 11 11
222 220 11 11
223 220 11 11
223 221 11 11
224 222 11 11
224 221 11 11
225 224 11 11
225 223 11 11
226 225 11 11
226 220 11 11
227 224 11 11
227 220 11 11
228 221 11 11
228 222 11 11
229 223 11 11
229 222 11 11
230 227 11 11
230 223 11 11
231 224 11 11
231 225 11 11
232 227 11 11
232 221 11 11
233 229 11 11
233 221 11 11
234 220 11 11
234 231 11 11
235 227 11 11
235 229 11 11
236 223 11 11
236 225 11 11
237 226 11 11
237 227 11 11
238 223 11 11
238 230 11 11
239 234 11 11
239 220 11 11
220 235 11 11
220 231 11 11
221 227 11 11
221 229 11 11
242 240 12 12
242 241 12 12
243 242 12 12
243 240 12 12
244 243 12 12
244 240 12 12
245 244 12 12
245 241 12 12
246 241 12 12
246 244 12 12
247 243 12 12
247 240 12 12
248 242 12 12
248 241 12 12
249 244 12 12
249 240 12 12
250 248 12 12
250 241 12 12
251 244 12 12
251 243 12 12
252 251 12 12
252 249 12 12
253 247 12 12
253 244 12 12
254 251 12 12
254 240 12 12
255 253 12 12
255 247 12 12
256 249 12 12
256 247 12 12
257 252 12 12
257 241 12 12
258 251 12 12
258 242 12 12
259 257 12 12
259 252 12 12
240 245 12 12
240 253 12 12
241 251 12 12
241 254 12 12
262 261 13 13
262 260 13 13
263 262 13 13
263 261 13 13
264 262 13 13
264 260 13 13
265 262 13 13
265 260 13 13
266 260 13 13
266 262 13 13
267 261 13 13
267 260 13 13
268 266 13 13
268 265 13 13
269 261 13 13
269 260 13 13
270 260 13 13
270 267 13 13
271 263 13 13
271 264 13 13
272 265 13 13
272 260 13 13
273 261 13 13
273 264 13 13
274 271 13 13
274 273 13 13
275 273 13 13
275 262 13 13
276 272 13 13
276 263 13 13
277 276 13 13
277 263 13 13
278 260 13 13
278 269 13 13
279 261 13 13
279 276 13 13
260 273 13 13
260 276 13 13
261 275 13 13
261 266 13 13
282 281 14 14
282 280 14 14
283 280 14 14
283 281 14 14
284 283 14 14
284 280 14 14
285 284 14 14
285 281 14 14
286 284 14 14
286 281 14 14
287 280 14 14
287 282 14 14
288 286 14 14
288 283 14 14
289 285 14 14
289 283 14 14
290 282 14 14
290 289 14 14
291 281 14 14
291 288 14 14
292 286 14 14
292 288 14 14
293 283 14 14
293 281 14 14
294 292 14 14
294 284 14 14
295 287 14 14
295 293 14 14
296 294 14 14
296 282 14 14
297 284 14 14
297 283 14 14
298 285 14 14
298 291 14 14
299 287 14 14
299 294 14 14
280 299 14 14
280 290 14 14
281 287 14 14
281 294 14 14
302 300 15 15
302 301 15 15
303 300 15 15
303 301 15 15
304 301 15 15
304 303 15 15
305 300 15 15
305 301 15 15
306 303 15 15
306 300 15 15
307 305 15 15
307 300 15 15
308 301 15 15
308 300 15 15
309 306 15 15
309 303 15 15
310 301 15 15
310 300 15 15
311 309 15 15
311 306 15 15
312 305 15 15
312 302 15 15
313 300 15 15
313 311 15 15
314 301 15 15
314 313 15 15
315 300 15 15
315 309 15 15
316 300 15 15
316 313 15 15
317 307 15 15
317 301 15 15
318 309 15 15
318 312 15 15
319 315 15 15
319 305 15 15
300 311 15 15
300 304 15 15
301 309 15 15
301 319 15 15
56 18 2 0
56 38 2 1
77 10 3 0
75 28 3 1
99 75 4 3
81 23 4 1
106 93 5 4
114 49 5 2
123 102 6 5
134 40 6 2
154 43 7 2
141 23 7 1
162 96 8 4
170 75 8 3
181 63 9 3
192 27 9 1
206 33 10 1
208 3 10 0
220 104 11 5
224 38 11 1
244 220 12 11
251 56 12 2
266 45 13 2
275 84 13 4
282 212 14 10
288 134 14 6
307 88 15 4
315 118 15 5
14 188 0 9
19 276 0 13
39 289 1 14
33 273 1 13
