swNum = 320
edgeNum = 672

0 0
1 0
2 0
3 0
4 0
5 0
6 0
7 0
8 0
9 0
10 0
11 0
12 0
13 0
14 0
15 0
16 0
17 0
18 0
19 0
20 1
21 1
22 1
23 1
24 1
25 1
26 1
27 1
28 1
29 1
30 1
31 1
32 1
33 1
34 1
35 1
36 1
37 1
38 1
39 1
40 2
41 2
42 2
43 2
44 2
45 2
46 2
47 2
48 2
49 2
50 2
51 2
52 2
53 2
54 2
55 2
56 2
57 2
58 2
59 2
60 3
61 3
62 3
63 3
64 3
65 3
66 3
67 3
68 3
69 3
70 3
71 3
72 3
73 3
74 3
75 3
76 3
77 3
78 3
79 3
80 4
81 4
82 4
83 4
84 4
85 4
86 4
87 4
88 4
89 4
90 4
91 4
92 4
93 4
94 4
95 4
96 4
97 4
98 4
99 4
100 5
101 5
102 5
103 5
104 5
105 5
106 5
107 5
108 5
109 5
110 5
111 5
112 5
113 5
114 5
115 5
116 5
117 5
118 5
119 5
120 6
121 6
122 6
123 6
124 6
125 6
126 6
127 6
128 6
129 6
130 6
131 6
132 6
133 6
134 6
135 6
136 6
137 6
138 6
139 6
140 7
141 7
142 7
143 7
144 7
145 7
146 7
147 7
148 7
149 7
150 7
151 7
152 7
153 7
154 7
155 7
156 7
157 7
158 7
159 7
160 8
161 8
162 8
163 8
164 8
165 8
166 8
167 8
168 8
169 8
170 8
171 8
172 8
173 8
174 8
175 8
176 8
177 8
178 8
179 8
180 9
181 9
182 9
183 9
184 9
185 9
186 9
187 9
188 9
189 9
190 9
191 9
192 9
193 9
194 9
195 9
196 9
197 9
198 9
199 9
200 10
201 10
202 10
203 10
204 10
205 10
206 10
207 10
208 10
209 10
210 10
211 10
212 10
213 10
214 10
215 10
216 10
217 10
218 10
219 10
220 11
221 11
222 11
223 11
224 11
225 11
226 11
227 11
228 11
229 11
230 11
231 11
232 11
233 11
234 11
235 11
236 11
237 11
238 11
239 11
240 12
241 12
242 12
243 12
244 12
245 12
246 12
247 12
248 12
249 12
250 12
251 12
252 12
253 12
254 12
255 12
256 12
257 12
258 12
259 12
260 13
261 13
262 13
263 13
264 13
265 13
266 13
267 13
268 13
269 13
270 13
271 13
272 13
273 13
274 13
275 13
276 13
277 13
278 13
279 13
280 14
281 14
282 14
283 14
284 14
285 14
286 14
287 14
288 14
289 14
290 14
291 14
292 14
293 14
294 14
295 14
296 14
297 14
298 14
299 14
300 15
301 15
302 15
303 15
304 15
305 15
306 15
307 15
308 15
309 15
310 15
311 15
312 15
313 15
314 15
315 15
316 15
317 15
318 15
319 15

2 1 0 0
2 0 0 0
3 1 0 0
3 0 0 0
4 2 0 0
4 0 0 0
5 4 0 0
5 0 0 0
6 5 0 0
6 4 0 0
7 1 0 0
7 5 0 0
8 5 0 0
8 7 0 0
9 1 0 0
9 8 0 0
10 9 0 0
10 7 0 0
11 3 0 0
11 2 0 0
12 8 0 0
12 9 0 0
13 7 0 0
13 8 0 0
14 13 0 0
14 11 0 0
15 11 0 0
15 2 0 0
16 6 0 0
16 4 0 0
17 12 0 0
17 3 0 0
18 6 0 0
18 3 0 0
19 8 0 0
19 7 0 0
0 19 0 0
0 11 0 0
1 15 0 0
1 17 0 0
22 21 1 1
22 20 1 1
23 21 1 1
23 20 1 1
24 21 1 1
24 20 1 1
25 21 1 1
25 20 1 1
26 20 1 1
26 25 1 1
27 23 1 1
27 22 1 1
28 24 1 1
28 27 1 1
29 22 1 1
29 27 1 1
30 27 1 1
30 21 1 1
31 21 1 1
31 26 1 1
32 21 1 1
32 31 1 1
33 26 1 1
33 31 1 1
34 25 1 1
34 21 1 1
35 27 1 1
35 25 1 1
36 28 1 1
36 32 1 1
37 21 1 1
37 35 1 1
38 23 1 1
38 22 1 1
39 35 1 1
39 27 1 1
20 31 1 1
20 30 1 1
21 33 1 1
21 36 1 1
42 40 2 2
42 41 2 2
43 40 2 2
43 41 2 2
44 40 2 2
44 41 2 2
45 42 2 2
45 40 2 2
46 45 2 2
46 40 2 2
47 43 2 2
47 41 2 2
48 42 2 2
48 43 2 2
49 40 2 2
49 45 2 2
50 40 2 2
50 47 2 2
51 49 2 2
51 47 2 2
52 50 2 2
52 48 2 2
53 47 2 2
53 40 2 2
54 48 2 2
54 43 2 2
55 52 2 2
55 54 2 2
56 54 2 2
56 52 2 2
57 49 2 2
57 54 2 2
58 53 2 2
58 40 2 2
59 49 2 2
59 50 2 2
40 57 2 2
40 56 2 2
41 48 2 2
41 50 2 2
62 60 3 3
62 61 3 3
63 62 3 3
63 60 3 3
64 61 3 3
64 60 3 3
65 64 3 3
65 61 3 3
66 64 3 3
66 62 3 3
67 62 3 3
67 61 3 3
68 62 3 3
68 60 3 3
69 60 3 3
69 61 3 3
70 60 3 3
70 69 3 3
71 62 3 3
71 69 3 3
72 64 3 3
72 65 3 3
73 63 3 3
73 69 3 3
74 73 3 3
74 70 3 3
75 68 3 3
75 74 3 3
76 75 3 3
76 63 3 3
77 70 3 3
77 72 3 3
78 70 3 3
78 62 3 3
79 67 3 3
79 64 3 3
60 73 3 3
60 78 3 3
61 66 3 3
61 78 3 3
82 80 4 4
82 81 4 4
83 82 4 4
83 81 4 4
84 82 4 4
84 83 4 4
85 82 4 4
85 83 4 4
86 85 4 4
86 82 4 4
87 80 4 4
87 82 4 4
88 83 4 4
88 86 4 4
89 82 4 4
89 85 4 4
90 85 4 4
90 81 4 4
91 85 4 4
91 86 4 4
92 83 4 4
92 87 4 4
93 87 4 4
93 92 4 4
94 91 4 4
94 81 4 4
95 90 4 4
95 88 4 4
96 90 4 4
96 81 4 4
97 95 4 4
97 85 4 4
98 94 4 4
98 82 4 4
99 97 4 4
99 81 4 4
80 95 4 4
80 85 4 4
81 86 4 4
81 85 4 4
102 101 5 5
102 100 5 5
103 101 5 5
103 102 5 5
104 101 5 5
104 103 5 5
105 101 5 5
105 104 5 5
106 105 5 5
106 100 5 5
107 101 5 5
107 102 5 5
108 100 5 5
108 106 5 5
109 106 5 5
109 105 5 5
110 105 5 5
110 108 5 5
111 100 5 5
111 107 5 5
112 105 5 5
112 100 5 5
113 104 5 5
113 106 5 5
114 106 5 5
114 103 5 5
115 102 5 5
115 113 5 5
116 114 5 5
116 102 5 5
117 115 5 5
117 107 5 5
118 111 5 5
118 107 5 5
119 117 5 5
119 100 5 5
100 105 5 5
100 107 5 5
101 116 5 5
101 114 5 5
122 121 6 6
122 120 6 6
123 121 6 6
123 122 6 6
124 123 6 6
124 122 6 6
125 121 6 6
125 123 6 6
126 123 6 6
126 125 6 6
127 123 6 6
127 124 6 6
128 123 6 6
128 126 6 6
129 124 6 6
129 125 6 6
130 129 6 6
130 120 6 6
131 128 6 6
131 122 6 6
132 128 6 6
132 120 6 6
133 120 6 6
133 124 6 6
134 132 6 6
134 126 6 6
135 134 6 6
135 122 6 6
136 128 6 6
136 135 6 6
137 127 6 6
137 124 6 6
138 128 6 6
138 131 6 6
139 131 6 6
139 134 6 6
120 129 6 6
120 125 6 6
121 136 6 6
121 134 6 6
142 141 7 7
142 140 7 7
143 140 7 7
143 142 7 7
144 140 7 7
144 143 7 7
145 142 7 7
145 143 7 7
146 144 7 7
146 143 7 7
147 140 7 7
147 145 7 7
148 144 7 7
148 147 7 7
149 146 7 7
149 140 7 7
150 141 7 7
150 144 7 7
151 150 7 7
151 147 7 7
152 149 7 7
152 141 7 7
153 144 7 7
153 142 7 7
154 152 7 7
154 153 7 7
155 154 7 7
155 142 7 7
156 148 7 7
156 154 7 7
157 153 7 7
157 151 7 7
158 156 7 7
158 154 7 7
159 145 7 7
159 158 7 7
140 155 7 7
140 151 7 7
141 145 7 7
141 159 7 7
162 161 8 8
162 160 8 8
163 160 8 8
163 161 8 8
164 161 8 8
164 162 8 8
165 164 8 8
165 163 8 8
166 163 8 8
166 160 8 8
167 166 8 8
167 161 8 8
168 163 8 8
168 167 8 8
169 168 8 8
169 165 8 8
170 164 8 8
170 165 8 8
171 165 8 8
171 170 8 8
172 164 8 8
172 171 8 8
173 169 8 8
173 166 8 8
174 167 8 8
174 171 8 8
175 166 8 8
175 170 8 8
176 163 8 8
176 172 8 8
177 168 8 8
177 162 8 8
178 170 8 8
178 177 8 8
179 172 8 8
179 166 8 8
160 179 8 8
160 176 8 8
161 179 8 8
161 172 8 8
182 180 9 9
182 181 9 9
183 182 9 9
183 180 9 9
184 182 9 9
184 181 9 9
185 180 9 9
185 183 9 9
186 183 9 9
186 185 9 9
187 183 9 9
187 185 9 9
188 182 9 9
188 183 9 9
189 186 9 9
189 180 9 9
190 187 9 9
190 181 9 9
191 190 9 9
191 188 9 9
192 185 9 9
192 186 9 9
193 184 9 9
193 186 9 9
194 185 9 9
194 181 9 9
195 184 9 9
195 182 9 9
196 182 9 9
196 190 9 9
197 183 9 9
197 189 9 9
198 180 9 9
198 184 9 9
199 192 9 9
199 186 9 9
180 186 9 9
180 184 9 9
181 189 9 9
181 187 9 9
202 200 10 10
202 201 10 10
203 200 10 10
203 201 10 10
204 203 10 10
204 202 10 10
205 203 10 10
205 202 10 10
206 201 10 10
206 205 10 10
207 202 10 10
207 205 10 10
208 202 10 10
208 204 10 10
209 202 10 10
209 204 10 10
210 206 10 10
210 202 10 10
211 203 10 10
211 204 10 10
212 205 10 10
212 209 10 10
213 208 10 10
213 207 10 10
214 207 10 10
214 211 10 10
215 211 10 10
215 200 10 10
216 210 10 10
216 207 10 10
217 206 10 10
217 211 10 10
218 209 10 10
218 202 10 10
219 205 10 10
219 202 10 10
200 214 10 10
200 213 10 10
201 204 10 10
201 208 10 10
222 220 11 11
222 221 11 11
223 221 11 11
223 220 11 11
224 223 11 11
224 222 11 11
225 224 11 11
225 221 11 11
226 222 11 11
226 221 11 11
227 224 11 11
227 223 11 11
228 222 11 11
228 221 11 11
229 221 11 11
229 227 11 11
230 228 11 11
230 221 11 11
231 220 11 11
231 228 11 11
232 227 11 11
232 231 11 11
233 229 11 11
233 232 11 11
234 221 11 11
234 224 11 11
235 222 11 11
235 224 11 11
236 223 11 11
236 233 11 11
237 230 11 11
237 221 11 11
238 233 11 11
238 229 11 11
239 236 11 11
239 235 11 11
220 226 11 11
220 232 11 11
221 231 11 11
221 232 11 11
242 241 12 12
242 240 12 12
243 241 12 12
243 240 12 12
244 242 12 12
244 241 12 12
245 240 12 12
245 241 12 12
246 240 12 12
246 243 12 12
247 242 12 12
247 245 12 12
248 241 12 12
248 240 12 12
249 242 12 12
249 243 12 12
250 247 12 12
250 241 12 12
251 246 12 12
251 247 12 12
252 250 12 12
252 241 12 12
253 243 12 12
253 245 12 12
254 248 12 12
254 244 12 12
255 245 12 12
255 241 12 12
256 240 12 12
256 250 12 12
257 240 12 12
257 252 12 12
258 243 12 12
258 245 12 12
259 250 12 12
259 251 12 12
240 255 12 12
240 259 12 12
241 253 12 12
241 254 12 12
262 261 13 13
262 260 13 13
263 261 13 13
263 262 13 13
264 263 13 13
264 262 13 13
265 260 13 13
265 264 13 13
266 265 13 13
266 263 13 13
267 264 13 13
267 265 13 13
268 266 13 13
268 267 13 13
269 263 13 13
269 265 13 13
270 265 13 13
270 269 13 13
271 264 13 13
271 261 13 13
272 263 13 13
272 267 13 13
273 265 13 13
273 266 13 13
274 272 13 13
274 266 13 13
275 272 13 13
275 269 13 13
276 275 13 13
276 266 13 13
277 266 13 13
277 276 13 13
278 275 13 13
278 261 13 13
279 266 13 13
279 267 13 13
260 278 13 13
260 269 13 13
261 268 13 13
261 265 13 13
282 280 14 14
282 281 14 14
283 280 14 14
283 281 14 14
284 281 14 14
284 283 14 14
285 281 14 14
285 284 14 14
286 282 14 14
286 283 14 14
287 281 14 14
287 284 14 14
288 285 14 14
288 281 14 14
289 283 14 14
289 282 14 14
290 283 14 14
290 280 14 14
291 284 14 14
291 281 14 14
292 285 14 14
292 281 14 14
293 289 14 14
293 283 14 14
294 291 14 14
294 282 14 14
295 284 14 14
295 287 14 14
296 286 14 14
296 285 14 14
297 281 14 14
297 280 14 14
298 287 14 14
298 292 14 14
299 296 14 14
299 292 14 14
280 292 14 14
280 295 14 14
281 299 14 14
281 296 14 14
302 300 15 15
302 301 15 15
303 301 15 15
303 302 15 15
304 301 15 15
304 302 15 15
305 303 15 15
305 304 15 15
306 304 15 15
306 302 15 15
307 305 15 15
307 301 15 15
308 301 15 15
308 303 15 15
309 307 15 15
309 304 15 15
310 302 15 15
310 306 15 15
311 302 15 15
311 306 15 15
312 304 15 15
312 311 15 15
313 308 15 15
313 302 15 15
314 304 15 15
314 313 15 15
315 301 15 15
315 304 15 15
316 302 15 15
316 314 15 15
317 310 15 15
317 314 15 15
318 311 15 15
318 317 15 15
319 302 15 15
319 301 15 15
300 312 15 15
300 316 15 15
301 317 15 15
301 310 15 15
45 12 2 0
44 36 2 1
76 56 3 2
67 16 3 0
81 12 4 0
82 61 4 3
117 27 5 1
110 52 5 2
126 90 6 4
120 67 6 3
157 60 7 3
141 86 7 4
169 156 8 7
164 138 8 6
193 7 9 0
190 157 9 7
202 166 10 8
200 21 10 1
228 2 11 0
226 145 11 7
242 23 12 1
257 195 12 9
260 186 13 9
263 112 13 5
284 64 14 3
296 80 14 4
313 266 15 13
307 44 15 2
4 128 0 6
16 258 0 12
20 237 1 11
34 76 1 3
