swNum = 320
edgeNum = 672

0 0
1 0
2 0
3 0
4 0
5 0
6 0
7 0
8 0
9 0
10 0
11 0
12 0
13 0
14 0
15 0
16 0
17 0
18 0
19 0
20 1
21 1
22 1
23 1
24 1
25 1
26 1
27 1
28 1
29 1
30 1
31 1
32 1
33 1
34 1
35 1
36 1
37 1
38 1
39 1
40 2
41 2
42 2
43 2
44 2
45 2
46 2
47 2
48 2
49 2
50 2
51 2
52 2
53 2
54 2
55 2
56 2
57 2
58 2
59 2
60 3
61 3
62 3
63 3
64 3
65 3
66 3
67 3
68 3
69 3
70 3
71 3
72 3
73 3
74 3
75 3
76 3
77 3
78 3
79 3
80 4
81 4
82 4
83 4
84 4
85 4
86 4
87 4
88 4
89 4
90 4
91 4
92 4
93 4
94 4
95 4
96 4
97 4
98 4
99 4
100 5
101 5
102 5
103 5
104 5
105 5
106 5
107 5
108 5
109 5
110 5
111 5
112 5
113 5
114 5
115 5
116 5
117 5
118 5
119 5
120 6
121 6
122 6
123 6
124 6
125 6
126 6
127 6
128 6
129 6
130 6
131 6
132 6
133 6
134 6
135 6
136 6
137 6
138 6
139 6
140 7
141 7
142 7
143 7
144 7
145 7
146 7
147 7
148 7
149 7
150 7
151 7
152 7
153 7
154 7
155 7
156 7
157 7
158 7
159 7
160 8
161 8
162 8
163 8
164 8
165 8
166 8
167 8
168 8
169 8
170 8
171 8
172 8
173 8
174 8
175 8
176 8
177 8
178 8
179 8
180 9
181 9
182 9
183 9
184 9
185 9
186 9
187 9
188 9
189 9
190 9
191 9
192 9
193 9
194 9
195 9
196 9
197 9
198 9
199 9
200 10
201 10
202 10
203 10
204 10
205 10
206 10
207 10
208 10
209 10
210 10
211 10
212 10
213 10
214 10
215 10
216 10
217 10
218 10
219 10
220 11
221 11
222 11
223 11
224 11
225 11
226 11
227 11
228 11
229 11
230 11
231 11
232 11
233 11
234 11
235 11
236 11
237 11
238 11
239 11
240 12
241 12
242 12
243 12
244 12
245 12
246 12
247 12
248 12
249 12
250 12
251 12
252 12
253 12
254 12
255 12
256 12
257 12
258 12
259 12
260 13
261 13
262 13
263 13
264 13
265 13
266 13
267 13
268 13
269 13
270 13
271 13
272 13
273 13
274 13
275 13
276 13
277 13
278 13
279 13
280 14
281 14
282 14
283 14
284 14
285 14
286 14
287 14
288 14
289 14
290 14
291 14
292 14
293 14
294 14
295 14
296 14
297 14
298 14
299 14
300 15
301 15
302 15
303 15
304 15
305 15
306 15
307 15
308 15
309 15
310 15
311 15
312 15
313 15
314 15
315 15
316 15
317 15
318 15
319 15

2 0 0 0
2 1 0 0
3 0 0 0
3 2 0 0
4 2 0 0
4 1 0 0
5 3 0 0
5 2 0 0
6 5 0 0
6 2 0 0
7 5 0 0
7 2 0 0
8 7 0 0
8 0 0 0
9 4 0 0
9 7 0 0
10 7 0 0
10 4 0 0
11 1 0 0
11 0 0 0
12 4 0 0
12 9 0 0
13 5 0 0
13 1 0 0
14 2 0 0
14 5 0 0
15 12 0 0
15 4 0 0
16 12 0 0
16 10 0 0
17 2 0 0
17 7 0 0
18 10 0 0
18 5 0 0
19 1 0 0
19 11 0 0
0 6 0 0
0 18 0 0
1 10 0 0
1 17 0 0
22 21 1 1
22 20 1 1
23 20 1 1
23 22 1 1
24 20 1 1
24 22 1 1
25 23 1 1
25 24 1 1
26 25 1 1
26 22 1 1
27 25 1 1
27 20 1 1
28 26 1 1
28 23 1 1
29 21 1 1
29 27 1 1
30 24 1 1
30 29 1 1
31 30 1 1
31 22 1 1
32 20 1 1
32 23 1 1
33 27 1 1
33 26 1 1
34 29 1 1
34 22 1 1
35 25 1 1
35 31 1 1
36 21 1 1
36 29 1 1
37 31 1 1
37 32 1 1
38 21 1 1
38 22 1 1
39 34 1 1
39 33 1 1
20 29 1 1
20 25 1 1
21 27 1 1
21 34 1 1
42 40 2 2
42 41 2 2
43 42 2 2
43 40 2 2
44 42 2 2
44 43 2 2
45 43 2 2
45 44 2 2
46 40 2 2
46 44 2 2
47 43 2 2
47 42 2 2
48 45 2 2
48 42 2 2
49 46 2 2
49 43 2 2
50 45 2 2
50 44 2 2
51 42 2 2
51 40 2 2
52 41 2 2
52 47 2 2
53 43 2 2
53 44 2 2
54 51 2 2
54 41 2 2
55 51 2 2
55 48 2 2
56 40 2 2
56 52 2 2
57 43 2 2
57 46 2 2
58 49 2 2
58 44 2 2
59 46 2 2
59 45 2 2
40 55 2 2
40 52 2 2
41 58 2 2
41 51 2 2
62 60 3 3
62 61 3 3
63 61 3 3
63 62 3 3
64 62 3 3
64 60 3 3
65 61 3 3
65 60 3 3
66 65 3 3
66 64 3 3
67 63 3 3
67 61 3 3
68 63 3 3
68 62 3 3
69 62 3 3
69 66 3 3
70 66 3 3
70 60 3 3
71 68 3 3
71 64 3 3
72 67 3 3
72 71 3 3
73 63 3 3
73 64 3 3
74 73 3 3
74 69 3 3
75 65 3 3
75 62 3 3
76 68 3 3
76 71 3 3
77 69 3 3
77 62 3 3
78 62 3 3
78 73 3 3
79 76 3 3
79 67 3 3
60 79 3 3
60 71 3 3
61 69 3 3
61 64 3 3
82 81 4 4
82 80 4 4
83 80 4 4
83 82 4 4
84 80 4 4
84 83 4 4
85 84 4 4
85 80 4 4
86 80 4 4
86 82 4 4
87 83 4 4
87 80 4 4
88 80 4 4
88 87 4 4
89 84 4 4
89 85 4 4
90 88 4 4
90 86 4 4
91 80 4 4
91 85 4 4
92 82 4 4
92 89 4 4
93 84 4 4
93 85 4 4
94 91 4 4
94 84 4 4
95 83 4 4
95 80 4 4
96 91 4 4
96 88 4 4
97 90 4 4
97 91 4 4
98 94 4 4
98 93 4 4
99 82 4 4
99 97 4 4
80 92 4 4
80 97 4 4
81 94 4 4
81 97 4 4
102 100 5 5
102 101 5 5
103 101 5 5
103 100 5 5
104 100 5 5
104 103 5 5
105 100 5 5
105 102 5 5
106 104 5 5
106 103 5 5
107 104 5 5
107 101 5 5
108 102 5 5
108 105 5 5
109 107 5 5
109 102 5 5
110 105 5 5
110 100 5 5
111 100 5 5
111 106 5 5
112 109 5 5
112 107 5 5
113 103 5 5
113 112 5 5
114 104 5 5
114 110 5 5
115 107 5 5
115 114 5 5
116 110 5 5
116 107 5 5
117 100 5 5
117 106 5 5
118 110 5 5
118 104 5 5
119 104 5 5
119 108 5 5
100 113 5 5
100 112 5 5
101 118 5 5
101 110 5 5
122 120 6 6
122 121 6 6
123 121 6 6
123 120 6 6
124 123 6 6
124 121 6 6
125 123 6 6
125 121 6 6
126 125 6 6
126 121 6 6
127 123 6 6
127 125 6 6
128 127 6 6
128 125 6 6
129 126 6 6
129 121 6 6
130 122 6 6
130 124 6 6
131 124 6 6
131 125 6 6
132 124 6 6
132 121 6 6
133 120 6 6
133 124 6 6
134 125 6 6
134 133 6 6
135 125 6 6
135 123 6 6
136 127 6 6
136 132 6 6
137 136 6 6
137 123 6 6
138 129 6 6
138 137 6 6
139 126 6 6
139 123 6 6
120 130 6 6
120 134 6 6
121 135 6 6
121 138 6 6
142 140 7 7
142 141 7 7
143 140 7 7
143 142 7 7
144 141 7 7
144 142 7 7
145 141 7 7
145 144 7 7
146 141 7 7
146 145 7 7
147 140 7 7
147 145 7 7
148 145 7 7
148 140 7 7
149 145 7 7
149 140 7 7
150 148 7 7
150 142 7 7
151 147 7 7
151 146 7 7
152 147 7 7
152 150 7 7
153 145 7 7
153 140 7 7
154 143 7 7
154 152 7 7
155 149 7 7
155 145 7 7
156 154 7 7
156 142 7 7
157 156 7 7
157 153 7 7
158 144 7 7
158 143 7 7
159 154 7 7
159 143 7 7
140 157 7 7
140 158 7 7
141 157 7 7
141 151 7 7
162 161 8 8
162 160 8 8
163 160 8 8
163 162 8 8
164 160 8 8
164 162 8 8
165 161 8 8
165 162 8 8
166 165 8 8
166 160 8 8
167 165 8 8
167 163 8 8
168 166 8 8
168 160 8 8
169 168 8 8
169 162 8 8
170 163 8 8
170 160 8 8
171 163 8 8
171 169 8 8
172 163 8 8
172 170 8 8
173 172 8 8
173 169 8 8
174 170 8 8
174 171 8 8
175 164 8 8
175 174 8 8
176 161 8 8
176 172 8 8
177 167 8 8
177 173 8 8
178 160 8 8
178 174 8 8
179 172 8 8
179 170 8 8
160 175 8 8
160 172 8 8
161 173 8 8
161 163 8 8
182 181 9 9
182 180 9 9
183 181 9 9
183 180 9 9
184 183 9 9
184 180 9 9
185 180 9 9
185 183 9 9
186 181 9 9
186 184 9 9
187 185 9 9
187 183 9 9
188 181 9 9
188 182 9 9
189 181 9 9
189 185 9 9
190 184 9 9
190 188 9 9
191 180 9 9
191 182 9 9
192 185 9 9
192 183 9 9
193 181 9 9
193 186 9 9
194 192 9 9
194 190 9 9
195 183 9 9
195 192 9 9
196 192 9 9
196 180 9 9
197 185 9 9
197 193 9 9
198 180 9 9
198 185 9 9
199 190 9 9
199 194 9 9
180 194 9 9
180 195 9 9
181 197 9 9
181 184 9 9
202 200 10 10
202 201 10 10
203 200 10 10
203 201 10 10
204 203 10 10
204 201 10 10
205 200 10 10
205 204 10 10
206 202 10 10
206 205 10 10
207 205 10 10
207 206 10 10
208 207 10 10
208 204 10 10
209 206 10 10
209 200 10 10
210 202 10 10
210 203 10 10
211 210 10 10
211 204 10 10
212 203 10 10
212 205 10 10
213 211 10 10
213 210 10 10
214 211 10 10
214 204 10 10
215 212 10 10
215 211 10 10
216 206 10 10
216 200 10 10
217 206 10 10
217 215 10 10
218 214 10 10
218 215 10 10
219 203 10 10
219 216 10 10
200 208 10 10
200 211 10 10
201 212 10 10
201 211 10 10
222 220 11 11
222 221 11 11
223 220 11 11
223 222 11 11
224 220 11 11
224 223 11 11
225 222 11 11
225 221 11 11
226 223 11 11
226 222 11 11
227 226 11 11
227 223 11 11
228 220 11 11
228 224 11 11
229 220 11 11
229 221 11 11
230 229 11 11
230 228 11 11
231 225 11 11
231 226 11 11
232 226 11 11
232 230 11 11
233 229 11 11
233 230 11 11
234 232 11 11
234 226 11 11
235 229 11 11
235 220 11 11
236 233 11 11
236 222 11 11
237 222 11 11
237 231 11 11
238 234 11 11
238 233 11 11
239 232 11 11
239 237 11 11
220 232 11 11
220 239 11 11
221 238 11 11
221 235 11 11
242 241 12 12
242 240 12 12
243 242 12 12
243 241 12 12
244 242 12 12
244 243 12 12
245 242 12 12
245 244 12 12
246 240 12 12
246 241 12 12
247 244 12 12
247 246 12 12
248 243 12 12
248 245 12 12
249 245 12 12
249 243 12 12
250 240 12 12
250 242 12 12
251 240 12 12
251 245 12 12
252 245 12 12
252 249 12 12
253 248 12 12
253 252 12 12
254 241 12 12
254 242 12 12
255 252 12 12
255 251 12 12
256 241 12 12
256 246 12 12
257 248 12 12
257 245 12 12
258 252 12 12
258 253 12 12
259 242 12 12
259 244 12 12
240 243 12 12
240 256 12 12
241 258 12 12
241 244 12 12
262 260 13 13
262 261 13 13
263 262 13 13
263 261 13 13
264 260 13 13
264 261 13 13
265 262 13 13
265 263 13 13
266 262 13 13
266 263 13 13
267 260 13 13
267 261 13 13
268 263 13 13
268 262 13 13
269 262 13 13
269 261 13 13
270 267 13 13
270 262 13 13
271 270 13 13
271 262 13 13
272 269 13 13
272 262 13 13
273 265 13 13
273 268 13 13
274 263 13 13
274 273 13 13
275 268 13 13
275 273 13 13
276 267 13 13
276 266 13 13
277 262 13 13
277 273 13 13
278 261 13 13
278 267 13 13
279 267 13 13
279 276 13 13
260 266 13 13
260 271 13 13
261 268 13 13
261 275 13 13
282 281 14 14
282 280 14 14
283 281 14 14
283 280 14 14
284 282 14 14
284 280 14 14
285 281 14 14
285 282 14 14
286 283 14 14
286 281 14 14
287 284 14 14
287 280 14 14
288 285 14 14
288 282 14 14
289 283 14 14
289 286 14 14
290 285 14 14
290 282 14 14
291 283 14 14
291 281 14 14
292 280 14 14
292 284 14 14
293 282 14 14
293 284 14 14
294 288 14 14
294 285 14 14
295 284 14 14
295 282 14 14
296 292 14 14
296 294 14 14
297 288 14 14
297 290 14 14
298 296 14 14
298 288 14 14
299 291 14 14
299 294 14 14
280 289 14 14
280 296 14 14
281 297 14 14
281 284 14 14
302 301 15 15
302 300 15 15
303 301 15 15
303 302 15 15
304 300 15 15
304 303 15 15
305 302 15 15
305 304 15 15
306 300 15 15
306 304 15 15
307 300 15 15
307 303 15 15
308 306 15 15
308 307 15 15
309 308 15 15
309 307 15 15
310 304 15 15
310 306 15 15
311 305 15 15
311 301 15 15
312 307 15 15
312 311 15 15
313 306 15 15
313 311 15 15
314 303 15 15
314 306 15 15
315 302 15 15
315 303 15 15
316 310 15 15
316 311 15 15
317 314 15 15
317 316 15 15
318 313 15 15
318 310 15 15
319 305 15 15
319 300 15 15
300 308 15 15
300 310 15 15
301 307 15 15
301 313 15 15
59 6 2 0
57 25 2 1
72 5 3 0
78 33 3 1
86 10 4 0
97 41 4 2
119 84 5 4
116 17 5 0
125 27 6 1
127 67 6 3
156 79 7 3
151 12 7 0
178 54 8 2
176 135 8 6
191 151 9 7
190 59 9 2
205 121 10 6
206 37 10 1
221 144 11 7
230 202 11 10
256 2 12 0
256 150 12 7
275 136 13 6
267 67 13 3
282 61 14 3
296 216 14 10
304 112 15 5
314 227 15 11
13 313 0 15
0 193 0 9
25 225 1 11
38 260 1 13
