swNum = 320
edgeNum = 672

0 0
1 0
2 0
3 0
4 0
5 0
6 0
7 0
8 0
9 0
10 0
11 0
12 0
13 0
14 0
15 0
16 0
17 0
18 0
19 0
20 1
21 1
22 1
23 1
24 1
25 1
26 1
27 1
28 1
29 1
30 1
31 1
32 1
33 1
34 1
35 1
36 1
37 1
38 1
39 1
40 2
41 2
42 2
43 2
44 2
45 2
46 2
47 2
48 2
49 2
50 2
51 2
52 2
53 2
54 2
55 2
56 2
57 2
58 2
59 2
60 3
61 3
62 3
63 3
64 3
65 3
66 3
67 3
68 3
69 3
70 3
71 3
72 3
73 3
74 3
75 3
76 3
77 3
78 3
79 3
80 4
81 4
82 4
83 4
84 4
85 4
86 4
87 4
88 4
89 4
90 4
91 4
92 4
93 4
94 4
95 4
96 4
97 4
98 4
99 4
100 5
101 5
102 5
103 5
104 5
105 5
106 5
107 5
108 5
109 5
110 5
111 5
112 5
113 5
114 5
115 5
116 5
117 5
118 5
119 5
120 6
121 6
122 6
123 6
124 6
125 6
126 6
127 6
128 6
129 6
130 6
131 6
132 6
133 6
134 6
135 6
136 6
137 6
138 6
139 6
140 7
141 7
142 7
143 7
144 7
145 7
146 7
147 7
148 7
149 7
150 7
151 7
152 7
153 7
154 7
155 7
156 7
157 7
158 7
159 7
160 8
161 8
162 8
163 8
164 8
165 8
166 8
167 8
168 8
169 8
170 8
171 8
172 8
173 8
174 8
175 8
176 8
177 8
178 8
179 8
180 9
181 9
182 9
183 9
184 9
185 9
186 9
187 9
188 9
189 9
190 9
191 9
192 9
193 9
194 9
195 9
196 9
197 9
198 9
199 9
200 10
201 10
202 10
203 10
204 10
205 10
206 10
207 10
208 10
209 10
210 10
211 10
212 10
213 10
214 10
215 10
216 10
217 10
218 10
219 10
220 11
221 11
222 11
223 11
224 11
225 11
226 11
227 11
228 11
229 11
230 11
231 11
232 11
233 11
234 11
235 11
236 11
237 11
238 11
239 11
240 12
241 12
242 12
243 12
244 12
245 12
246 12
247 12
248 12
249 12
250 12
251 12
252 12
253 12
254 12
255 12
256 12
257 12
258 12
259 12
260 13
261 13
262 13
263 13
264 13
265 13
266 13
267 13
268 13
269 13
270 13
271 13
272 13
273 13
274 13
275 13
276 13
277 13
278 13
279 13
280 14
281 14
282 14
283 14
284 14
285 14
286 14
287 14
288 14
289 14
290 14
291 14
292 14
293 14
294 14
295 14
296 14
297 14
298 14
299 14
300 15
301 15
302 15
303 15
304 15
305 15
306 15
307 15
308 15
309 15
310 15
311 15
312 15
313 15
314 15
315 15
316 15
317 15
318 15
319 15

2 0 0 0
2 1 0 0
3 0 0 0
3 2 0 0
4 0 0 0
4 1 0 0
5 2 0 0
5 3 0 0
6 0 0 0
6 2 0 0
7 1 0 0
7 6 0 0
8 0 0 0
8 7 0 0
9 2 0 0
9 0 0 0
10 6 0 0
10 5 0 0
11 2 0 0
11 0 0 0
12 7 0 0
12 8 0 0
13 10 0 0
13 5 0 0
14 6 0 0
14 5 0 0
15 12 0 0
15 6 0 0
16 15 0 0
16 5 0 0
17 11 0 0
17 1 0 0
18 14 0 0
18 1 0 0
19 9 0 0
19 7 0 0
0 12 0 0
0 7 0 0
1 13 0 0
1 10 0 0
22 21 1 1
22 20 1 1
23 21 1 1
23 20 1 1
24 22 1 1
24 23 1 1
25 20 1 1
25 24 1 1
26 23 1 1
26 22 1 1
27 25 1 1
27 20 1 1
28 20 1 1
28 25 1 1
29 25 1 1
29 26 1 1
30 22 1 1
30 21 1 1
31 26 1 1
31 30 1 1
32 22 1 1
32 30 1 1
33 30 1 1
33 31 1 1
34 23 1 1
34 30 1 1
35 33 1 1
35 34 1 1
36 29 1 1
36 20 1 1
37 25 1 1
37 21 1 1
38 29 1 1
38 25 1 1
39 24 1 1
39 25 1 1
20 31 1 1
20 29 1 1
21 26 1 1
21 33 1 1
42 41 2 2
42 40 2 2
43 40 2 2
43 41 2 2
44 42 2 2
44 41 2 2
45 43 2 2
45 44 2 2
46 40 2 2
46 41 2 2
47 46 2 2
47 42 2 2
48 45 2 2
48 40 2 2
49 46 2 2
49 41 2 2
50 44 2 2
50 42 2 2
51 40 2 2
51 45 2 2
52 45 2 2
52 40 2 2
53 44 2 2
53 52 2 2
54 47 2 2
54 45 2 2
55 42 2 2
55 48 2 2
56 45 2 2
56 53 2 2
57 53 2 2
57 42 2 2
58 51 2 2
58 54 2 2
59 47 2 2
59 43 2 2
40 54 2 2
40 50 2 2
41 50 2 2
41 57 2 2
62 61 3 3
62 60 3 3
63 62 3 3
63 61 3 3
64 61 3 3
64 63 3 3
65 61 3 3
65 62 3 3
66 61 3 3
66 63 3 3
67 60 3 3
67 66 3 3
68 64 3 3
68 60 3 3
69 66 3 3
69 67 3 3
70 66 3 3
70 63 3 3
71 62 3 3
71 69 3 3
72 69 3 3
72 65 3 3
73 67 3 3
73 71 3 3
74 63 3 3
74 72 3 3
75 63 3 3
75 65 3 3
76 66 3 3
76 72 3 3
77 66 3 3
77 62 3 3
78 62 3 3
78 72 3 3
79 72 3 3
79 69 3 3
60 73 3 3
60 70 3 3
61 68 3 3
61 70 3 3
82 80 4 4
82 81 4 4
83 82 4 4
83 81 4 4
84 80 4 4
84 82 4 4
85 84 4 4
85 80 4 4
86 81 4 4
86 84 4 4
87 86 4 4
87 83 4 4
88 80 4 4
88 87 4 4
89 85 4 4
89 84 4 4
90 88 4 4
90 87 4 4
91 89 4 4
91 84 4 4
92 89 4 4
92 83 4 4
93 85 4 4
93 92 4 4
94 92 4 4
94 81 4 4
95 87 4 4
95 83 4 4
96 94 4 4
96 90 4 4
97 89 4 4
97 84 4 4
98 86 4 4
98 85 4 4
99 91 4 4
99 86 4 4
80 96 4 4
80 97 4 4
81 90 4 4
81 98 4 4
102 100 5 5
102 101 5 5
103 101 5 5
103 100 5 5
104 103 5 5
104 101 5 5
105 100 5 5
105 104 5 5
106 103 5 5
106 105 5 5
107 100 5 5
107 103 5 5
108 102 5 5
108 105 5 5
109 106 5 5
109 100 5 5
110 106 5 5
110 107 5 5
111 100 5 5
111 106 5 5
112 106 5 5
112 100 5 5
113 111 5 5
113 109 5 5
114 112 5 5
114 105 5 5
115 109 5 5
115 101 5 5
116 106 5 5
116 105 5 5
117 103 5 5
117 116 5 5
118 108 5 5
118 111 5 5
119 107 5 5
119 102 5 5
100 106 5 5
100 117 5 5
101 113 5 5
101 107 5 5
122 121 6 6
122 120 6 6
123 121 6 6
123 122 6 6
124 122 6 6
124 120 6 6
125 120 6 6
125 121 6 6
126 125 6 6
126 123 6 6
127 122 6 6
127 123 6 6
128 122 6 6
128 125 6 6
129 127 6 6
129 125 6 6
130 125 6 6
130 126 6 6
131 120 6 6
131 129 6 6
132 126 6 6
132 127 6 6
133 126 6 6
133 128 6 6
134 133 6 6
134 122 6 6
135 134 6 6
135 123 6 6
136 135 6 6
136 133 6 6
137 128 6 6
137 121 6 6
138 134 6 6
138 128 6 6
139 131 6 6
139 138 6 6
120 126 6 6
120 130 6 6
121 128 6 6
121 130 6 6
142 140 7 7
142 141 7 7
143 140 7 7
143 142 7 7
144 143 7 7
144 140 7 7
145 144 7 7
145 143 7 7
146 145 7 7
146 143 7 7
147 144 7 7
147 146 7 7
148 141 7 7
148 140 7 7
149 144 7 7
149 147 7 7
150 144 7 7
150 149 7 7
151 143 7 7
151 148 7 7
152 151 7 7
152 140 7 7
153 140 7 7
153 149 7 7
154 148 7 7
154 140 7 7
155 152 7 7
155 141 7 7
156 141 7 7
156 143 7 7
157 144 7 7
157 154 7 7
158 156 7 7
158 147 7 7
159 157 7 7
159 150 7 7
140 158 7 7
140 156 7 7
141 150 7 7
141 159 7 7
162 160 8 8
162 161 8 8
163 162 8 8
163 160 8 8
164 162 8 8
164 160 8 8
165 164 8 8
165 162 8 8
166 164 8 8
166 165 8 8
167 166 8 8
167 162 8 8
168 166 8 8
168 160 8 8
169 166 8 8
169 162 8 8
170 164 8 8
170 160 8 8
171 163 8 8
171 160 8 8
172 165 8 8
172 167 8 8
173 168 8 8
173 170 8 8
174 165 8 8
174 167 8 8
175 168 8 8
175 163 8 8
176 166 8 8
176 163 8 8
177 168 8 8
177 164 8 8
178 173 8 8
178 170 8 8
179 171 8 8
179 176 8 8
160 178 8 8
160 173 8 8
161 173 8 8
161 177 8 8
182 180 9 9
182 181 9 9
183 180 9 9
183 181 9 9
184 180 9 9
184 183 9 9
185 182 9 9
185 183 9 9
186 183 9 9
186 180 9 9
187 185 9 9
187 183 9 9
188 183 9 9
188 187 9 9
189 186 9 9
189 181 9 9
190 184 9 9
190 186 9 9
191 180 9 9
191 183 9 9
192 183 9 9
192 181 9 9
193 180 9 9
193 182 9 9
194 191 9 9
194 189 9 9
195 189 9 9
195 188 9 9
196 184 9 9
196 194 9 9
197 196 9 9
197 185 9 9
198 181 9 9
198 183 9 9
199 184 9 9
199 186 9 9
180 199 9 9
180 194 9 9
181 195 9 9
181 184 9 9
202 200 10 10
202 201 10 10
203 202 10 10
203 200 10 10
204 202 10 10
204 203 10 10
205 203 10 10
205 201 10 10
206 201 10 10
206 202 10 10
207 204 10 10
207 203 10 10
208 206 10 10
208 201 10 10
209 204 10 10
209 203 10 10
210 202 10 10
210 208 10 10
211 200 10 10
211 202 10 10
212 203 10 10
212 202 10 10
213 209 10 10
213 212 10 10
214 202 10 10
214 208 10 10
215 200 10 10
215 206 10 10
216 201 10 10
216 203 10 10
217 216 10 10
217 204 10 10
218 206 10 10
218 214 10 10
219 213 10 10
219 204 10 10
200 217 10 10
200 205 10 10
201 215 10 10
201 211 10 10
222 221 11 11
222 220 11 11
223 221 11 11
223 220 11 11
224 222 11 11
224 223 11 11
225 223 11 11
225 221 11 11
226 221 11 11
226 225 11 11
227 224 11 11
227 223 11 11
228 225 11 11
228 226 11 11
229 224 11 11
229 226 11 11
230 224 11 11
230 222 11 11
231 222 11 11
231 221 11 11
232 231 11 11
232 225 11 11
233 230 11 11
233 224 11 11
234 229 11 11
234 230 11 11
235 234 11 11
235 232 11 11
236 233 11 11
236 220 11 11
237 220 11 11
237 226 11 11
238 222 11 11
238 221 11 11
239 220 11 11
239 225 11 11
220 229 11 11
220 235 11 11
221 224 11 11
221 227 11 11
242 241 12 12
242 240 12 12
243 241 12 12
243 240 12 12
244 242 12 12
244 243 12 12
245 240 12 12
245 243 12 12
246 244 12 12
246 242 12 12
247 240 12 12
247 245 12 12
248 242 12 12
248 244 12 12
249 241 12 12
249 248 12 12
250 247 12 12
250 249 12 12
251 246 12 12
251 245 12 12
252 241 12 12
252 247 12 12
253 241 12 12
253 250 12 12
254 253 12 12
254 243 12 12
255 241 12 12
255 250 12 12
256 248 12 12
256 243 12 12
257 251 12 12
257 253 12 12
258 244 12 12
258 251 12 12
259 251 12 12
259 241 12 12
240 252 12 12
240 256 12 12
241 247 12 12
241 254 12 12
262 260 13 13
262 261 13 13
263 260 13 13
263 261 13 13
264 262 13 13
264 260 13 13
265 264 13 13
265 261 13 13
266 260 13 13
266 263 13 13
267 265 13 13
267 261 13 13
268 261 13 13
268 262 13 13
269 263 13 13
269 268 13 13
270 265 13 13
270 269 13 13
271 270 13 13
271 263 13 13
272 269 13 13
272 265 13 13
273 263 13 13
273 261 13 13
274 266 13 13
274 272 13 13
275 269 13 13
275 272 13 13
276 269 13 13
276 273 13 13
277 267 13 13
277 274 13 13
278 268 13 13
278 261 13 13
279 272 13 13
279 261 13 13
260 273 13 13
260 279 13 13
261 264 13 13
261 272 13 13
282 281 14 14
282 280 14 14
283 282 14 14
283 281 14 14
284 281 14 14
284 280 14 14
285 280 14 14
285 282 14 14
286 280 14 14
286 281 14 14
287 281 14 14
287 284 14 14
288 286 14 14
288 283 14 14
289 280 14 14
289 282 14 14
290 285 14 14
290 289 14 14
291 288 14 14
291 281 14 14
292 290 14 14
292 288 14 14
293 290 14 14
293 286 14 14
294 283 14 14
294 289 14 14
295 280 14 14
295 294 14 14
296 290 14 14
296 286 14 14
297 283 14 14
297 284 14 14
298 291 14 14
298 281 14 14
299 294 14 14
299 289 14 14
280 294 14 14
280 293 14 14
281 288 14 14
281 285 14 14
302 300 15 15
302 301 15 15
303 302 15 15
303 300 15 15
304 301 15 15
304 302 15 15
305 304 15 15
305 300 15 15
306 305 15 15
306 304 15 15
307 301 15 15
307 300 15 15
308 305 15 15
308 304 15 15
309 301 15 15
309 305 15 15
310 303 15 15
310 309 15 15
311 302 15 15
311 303 15 15
312 305 15 15
312 308 15 15
313 312 15 15
313 305 15 15
314 304 15 15
314 305 15 15
315 303 15 15
315 300 15 15
316 309 15 15
316 308 15 15
317 316 15 15
317 300 15 15
318 308 15 15
318 316 15 15
319 303 15 15
319 305 15 15
300 308 15 15
300 309 15 15
301 305 15 15
301 315 15 15
45 39 2 1
53 12 2 0
69 19 3 0
78 32 3 1
82 66 4 3
89 30 4 1
105 45 5 2
106 75 5 3
120 39 6 1
130 70 6 3
141 42 7 2
143 139 7 6
168 54 8 2
178 144 8 7
193 28 9 1
194 107 9 5
218 110 10 5
218 197 10 9
224 99 11 4
239 120 11 6
242 64 12 3
242 96 12 4
268 99 13 4
276 200 13 10
291 250 14 12
281 91 14 4
319 242 15 12
300 299 15 14
12 231 0 11
17 306 0 15
28 314 1 15
32 108 1 5
