swNum = 320
edgeNum = 672

0 0
1 0
2 0
3 0
4 0
5 0
6 0
7 0
8 0
9 0
10 0
11 0
12 0
13 0
14 0
15 0
16 0
17 0
18 0
19 0
20 1
21 1
22 1
23 1
24 1
25 1
26 1
27 1
28 1
29 1
30 1
31 1
32 1
33 1
34 1
35 1
36 1
37 1
38 1
39 1
40 2
41 2
42 2
43 2
44 2
45 2
46 2
47 2
48 2
49 2
50 2
51 2
52 2
53 2
54 2
55 2
56 2
57 2
58 2
59 2
60 3
61 3
62 3
63 3
64 3
65 3
66 3
67 3
68 3
69 3
70 3
71 3
72 3
73 3
74 3
75 3
76 3
77 3
78 3
79 3
80 4
81 4
82 4
83 4
84 4
85 4
86 4
87 4
88 4
89 4
90 4
91 4
92 4
93 4
94 4
95 4
96 4
97 4
98 4
99 4
100 5
101 5
102 5
103 5
104 5
105 5
106 5
107 5
108 5
109 5
110 5
111 5
112 5
113 5
114 5
115 5
116 5
117 5
118 5
119 5
120 6
121 6
122 6
123 6
124 6
125 6
126 6
127 6
128 6
129 6
130 6
131 6
132 6
133 6
134 6
135 6
136 6
137 6
138 6
139 6
140 7
141 7
142 7
143 7
144 7
145 7
146 7
147 7
148 7
149 7
150 7
151 7
152 7
153 7
154 7
155 7
156 7
157 7
158 7
159 7
160 8
161 8
162 8
163 8
164 8
165 8
166 8
167 8
168 8
169 8
170 8
171 8
172 8
173 8
174 8
175 8
176 8
177 8
178 8
179 8
180 9
181 9
182 9
183 9
184 9
185 9
186 9
187 9
188 9
189 9
190 9
191 9
192 9
193 9
194 9
195 9
196 9
197 9
198 9
199 9
200 10
201 10
202 10
203 10
204 10
205 10
206 10
207 10
208 10
209 10
210 10
211 10
212 10
213 10
214 10
215 10
216 10
217 10
218 10
219 10
220 11
221 11
222 11
223 11
224 11
225 11
226 11
227 11
228 11
229 11
230 11
231 11
232 11
233 11
234 11
235 11
236 11
237 11
238 11
239 11
240 12
241 12
242 12
243 12
244 12
245 12
246 12
247 12
248 12
249 12
250 12
251 12
252 12
253 12
254 12
255 12
256 12
257 12
258 12
259 12
260 13
261 13
262 13
263 13
264 13
265 13
266 13
267 13
268 13
269 13
270 13
271 13
272 13
273 13
274 13
275 13
276 13
277 13
278 13
279 13
280 14
281 14
282 14
283 14
284 14
285 14
286 14
287 14
288 14
289 14
290 14
291 14
292 14
293 14
294 14
295 14
296 14
297 14
298 14
299 14
300 15
301 15
302 15
303 15
304 15
305 15
306 15
307 15
308 15
309 15
310 15
311 15
312 15
313 15
314 15
315 15
316 15
317 15
318 15
319 15

2 1 0 0
2 0 0 0
3 1 0 0
3 0 0 0
4 0 0 0
4 1 0 0
5 0 0 0
5 2 0 0
6 1 0 0
6 5 0 0
7 1 0 0
7 4 0 0
8 0 0 0
8 3 0 0
9 1 0 0
9 4 0 0
10 1 0 0
10 7 0 0
11 5 0 0
11 1 0 0
12 10 0 0
12 11 0 0
13 6 0 0
13 7 0 0
14 6 0 0
14 10 0 0
15 12 0 0
15 9 0 0
16 9 0 0
16 14 0 0
17 14 0 0
17 2 0 0
18 11 0 0
18 13 0 0
19 8 0 0
19 18 0 0
0 17 0 0
0 9 0 0
1 15 0 0
1 5 0 0
22 20 1 1
22 21 1 1
23 22 1 1
23 20 1 1
24 23 1 1
24 22 1 1
25 23 1 1
25 24 1 1
26 25 1 1
26 20 1 1
27 26 1 1
27 22 1 1
28 27 1 1
28 26 1 1
29 27 1 1
29 22 1 1
30 23 1 1
30 27 1 1
31 29 1 1
31 26 1 1
32 24 1 1
32 20 1 1
33 27 1 1
33 25 1 1
34 23 1 1
34 29 1 1
35 24 1 1
35 34 1 1
36 32 1 1
36 23 1 1
37 32 1 1
37 22 1 1
38 26 1 1
38 23 1 1
39 26 1 1
39 36 1 1
20 34 1 1
20 36 1 1
21 31 1 1
21 32 1 1
42 40 2 2
42 41 2 2
43 41 2 2
43 40 2 2
44 41 2 2
44 43 2 2
45 44 2 2
45 43 2 2
46 43 2 2
46 40 2 2
47 44 2 2
47 42 2 2
48 47 2 2
48 46 2 2
49 41 2 2
49 43 2 2
50 41 2 2
50 44 2 2
51 40 2 2
51 43 2 2
52 41 2 2
52 42 2 2
53 41 2 2
53 48 2 2
54 47 2 2
54 42 2 2
55 51 2 2
55 40 2 2
56 46 2 2
56 49 2 2
57 52 2 2
57 42 2 2
58 42 2 2
58 56 2 2
59 43 2 2
59 55 2 2
40 56 2 2
40 49 2 2
41 47 2 2
41 58 2 2
62 60 3 3
62 61 3 3
63 60 3 3
63 61 3 3
64 63 3 3
64 60 3 3
65 61 3 3
65 63 3 3
66 64 3 3
66 63 3 3
67 60 3 3
67 61 3 3
68 64 3 3
68 67 3 3
69 66 3 3
69 67 3 3
70 65 3 3
70 62 3 3
71 60 3 3
71 70 3 3
72 71 3 3
72 69 3 3
73 63 3 3
73 64 3 3
74 71 3 3
74 60 3 3
75 64 3 3
75 68 3 3
76 68 3 3
76 67 3 3
77 71 3 3
77 67 3 3
78 73 3 3
78 63 3 3
79 78 3 3
79 65 3 3
60 70 3 3
60 76 3 3
61 72 3 3
61 71 3 3
82 80 4 4
82 81 4 4
83 80 4 4
83 81 4 4
84 80 4 4
84 82 4 4
85 84 4 4
85 83 4 4
86 85 4 4
86 84 4 4
87 81 4 4
87 85 4 4
88 82 4 4
88 80 4 4
89 82 4 4
89 84 4 4
90 84 4 4
90 81 4 4
91 90 4 4
91 85 4 4
92 89 4 4
92 86 4 4
93 89 4 4
93 80 4 4
94 89 4 4
94 86 4 4
95 93 4 4
95 80 4 4
96 80 4 4
96 84 4 4
97 94 4 4
97 95 4 4
98 90 4 4
98 92 4 4
99 98 4 4
99 81 4 4
80 94 4 4
80 98 4 4
81 85 4 4
81 95 4 4
102 100 5 5
102 101 5 5
103 101 5 5
103 100 5 5
104 100 5 5
104 101 5 5
105 101 5 5
105 103 5 5
106 101 5 5
106 105 5 5
107 105 5 5
107 102 5 5
108 107 5 5
108 102 5 5
109 104 5 5
109 101 5 5
110 104 5 5
110 103 5 5
111 102 5 5
111 106 5 5
112 111 5 5
112 101 5 5
113 103 5 5
113 100 5 5
114 104 5 5
114 113 5 5
115 108 5 5
115 112 5 5
116 114 5 5
116 104 5 5
117 115 5 5
117 105 5 5
118 107 5 5
118 100 5 5
119 116 5 5
119 113 5 5
100 109 5 5
100 106 5 5
101 114 5 5
101 118 5 5
122 121 6 6
122 120 6 6
123 122 6 6
123 121 6 6
124 122 6 6
124 121 6 6
125 124 6 6
125 123 6 6
126 122 6 6
126 123 6 6
127 125 6 6
127 123 6 6
128 127 6 6
128 126 6 6
129 120 6 6
129 128 6 6
130 125 6 6
130 123 6 6
131 124 6 6
131 125 6 6
132 128 6 6
132 131 6 6
133 131 6 6
133 132 6 6
134 125 6 6
134 133 6 6
135 133 6 6
135 131 6 6
136 133 6 6
136 122 6 6
137 126 6 6
137 125 6 6
138 121 6 6
138 137 6 6
139 131 6 6
139 126 6 6
120 136 6 6
120 128 6 6
121 130 6 6
121 137 6 6
142 140 7 7
142 141 7 7
143 141 7 7
143 142 7 7
144 142 7 7
144 143 7 7
145 142 7 7
145 144 7 7
146 145 7 7
146 143 7 7
147 143 7 7
147 144 7 7
148 143 7 7
148 140 7 7
149 142 7 7
149 145 7 7
150 143 7 7
150 145 7 7
151 145 7 7
151 149 7 7
152 145 7 7
152 142 7 7
153 152 7 7
153 140 7 7
154 150 7 7
154 143 7 7
155 146 7 7
155 140 7 7
156 151 7 7
156 141 7 7
157 150 7 7
157 151 7 7
158 152 7 7
158 143 7 7
159 141 7 7
159 150 7 7
140 158 7 7
140 149 7 7
141 157 7 7
141 154 7 7
162 161 8 8
162 160 8 8
163 160 8 8
163 162 8 8
164 162 8 8
164 160 8 8
165 164 8 8
165 162 8 8
166 165 8 8
166 161 8 8
167 164 8 8
167 165 8 8
168 163 8 8
168 166 8 8
169 164 8 8
169 163 8 8
170 166 8 8
170 168 8 8
171 163 8 8
171 166 8 8
172 169 8 8
172 165 8 8
173 162 8 8
173 160 8 8
174 171 8 8
174 170 8 8
175 161 8 8
175 162 8 8
176 162 8 8
176 163 8 8
177 165 8 8
177 163 8 8
178 162 8 8
178 161 8 8
179 171 8 8
179 164 8 8
160 170 8 8
160 179 8 8
161 173 8 8
161 171 8 8
182 181 9 9
182 180 9 9
183 181 9 9
183 180 9 9
184 183 9 9
184 182 9 9
185 180 9 9
185 182 9 9
186 185 9 9
186 180 9 9
187 184 9 9
187 186 9 9
188 184 9 9
188 185 9 9
189 186 9 9
189 180 9 9
190 185 9 9
190 184 9 9
191 185 9 9
191 187 9 9
192 180 9 9
192 190 9 9
193 181 9 9
193 184 9 9
194 183 9 9
194 185 9 9
195 189 9 9
195 192 9 9
196 191 9 9
196 188 9 9
197 186 9 9
197 196 9 9
198 184 9 9
198 188 9 9
199 180 9 9
199 194 9 9
180 187 9 9
180 195 9 9
181 188 9 9
181 196 9 9
202 200 10 10
202 201 10 10
203 200 10 10
203 202 10 10
204 202 10 10
204 201 10 10
205 202 10 10
205 203 10 10
206 205 10 10
206 202 10 10
207 203 10 10
207 200 10 10
208 200 10 10
208 202 10 10
209 206 10 10
209 201 10 10
210 209 10 10
210 206 10 10
211 205 10 10
211 202 10 10
212 209 10 10
212 207 10 10
213 209 10 10
213 202 10 10
214 208 10 10
214 212 10 10
215 209 10 10
215 205 10 10
216 203 10 10
216 214 10 10
217 201 10 10
217 212 10 10
218 202 10 10
218 206 10 10
219 214 10 10
219 201 10 10
200 216 10 10
200 206 10 10
201 211 10 10
201 218 10 10
222 220 11 11
222 221 11 11
223 220 11 11
223 221 11 11
224 221 11 11
224 220 11 11
225 220 11 11
225 222 11 11
226 222 11 11
226 224 11 11
227 222 11 11
227 221 11 11
228 224 11 11
228 220 11 11
229 226 11 11
229 223 11 11
230 226 11 11
230 222 11 11
231 220 11 11
231 224 11 11
232 228 11 11
232 223 11 11
233 222 11 11
233 225 11 11
234 230 11 11
234 228 11 11
235 234 11 11
235 221 11 11
236 223 11 11
236 221 11 11
237 221 11 11
237 231 11 11
238 227 11 11
238 226 11 11
239 230 11 11
239 234 11 11
220 236 11 11
220 237 11 11
221 229 11 11
221 231 11 11
242 241 12 12
242 240 12 12
243 240 12 12
243 242 12 12
244 243 12 12
244 241 12 12
245 240 12 12
245 244 12 12
246 242 12 12
246 240 12 12
247 245 12 12
247 240 12 12
248 242 12 12
248 241 12 12
249 242 12 12
249 245 12 12
250 244 12 12
250 245 12 12
251 244 12 12
251 245 12 12
252 248 12 12
252 251 12 12
253 246 12 12
253 240 12 12
254 246 12 12
254 244 12 12
255 251 12 12
255 253 12 12
256 243 12 12
256 241 12 12
257 255 12 12
257 248 12 12
258 245 12 12
258 249 12 12
259 248 12 12
259 256 12 12
240 250 12 12
240 255 12 12
241 245 12 12
241 250 12 12
262 261 13 13
262 260 13 13
263 262 13 13
263 261 13 13
264 261 13 13
264 262 13 13
265 264 13 13
265 260 13 13
266 264 13 13
266 263 13 13
267 266 13 13
267 265 13 13
268 261 13 13
268 263 13 13
269 260 13 13
269 267 13 13
270 263 13 13
270 264 13 13
271 260 13 13
271 262 13 13
272 265 13 13
272 267 13 13
273 272 13 13
273 260 13 13
274 267 13 13
274 268 13 13
275 268 13 13
275 267 13 13
276 272 13 13
276 263 13 13
277 262 13 13
277 264 13 13
278 276 13 13
278 264 13 13
279 265 13 13
279 272 13 13
260 272 13 13
260 270 13 13
261 272 13 13
261 279 13 13
282 280 14 14
282 281 14 14
283 280 14 14
283 281 14 14
284 281 14 14
284 283 14 14
285 281 14 14
285 280 14 14
286 285 14 14
286 281 14 14
287 283 14 14
287 280 14 14
288 282 14 14
288 280 14 14
289 284 14 14
289 283 14 14
290 282 14 14
290 288 14 14
291 282 14 14
291 286 14 14
292 280 14 14
292 285 14 14
293 288 14 14
293 283 14 14
294 287 14 14
294 288 14 14
295 288 14 14
295 286 14 14
296 280 14 14
296 287 14 14
297 282 14 14
297 295 14 14
298 290 14 14
298 291 14 14
299 287 14 14
299 284 14 14
280 291 14 14
280 299 14 14
281 289 14 14
281 292 14 14
302 301 15 15
302 300 15 15
303 300 15 15
303 302 15 15
304 303 15 15
304 300 15 15
305 302 15 15
305 300 15 15
306 305 15 15
306 302 15 15
307 306 15 15
307 302 15 15
308 306 15 15
308 302 15 15
309 301 15 15
309 306 15 15
310 305 15 15
310 302 15 15
311 303 15 15
311 306 15 15
312 306 15 15
312 302 15 15
313 301 15 15
313 304 15 15
314 304 15 15
314 311 15 15
315 302 15 15
315 303 15 15
316 304 15 15
316 300 15 15
317 300 15 15
317 309 15 15
318 315 15 15
318 308 15 15
319 302 15 15
319 310 15 15
300 309 15 15
300 306 15 15
301 310 15 15
301 318 15 15
42 29 2 1
48 2 2 0
76 41 3 2
69 22 3 1
96 51 4 2
97 74 4 3
102 94 5 4
108 60 5 3
138 100 6 5
138 81 6 4
143 77 7 3
157 0 7 0
165 41 8 2
171 66 8 3
197 11 9 0
190 123 9 6
210 88 10 4
204 123 10 6
228 217 11 10
230 14 11 0
247 113 12 5
245 12 12 0
269 36 13 1
261 104 13 5
293 257 14 12
292 73 14 3
310 270 15 13
300 53 15 2
14 69 0 3
2 273 0 13
25 317 1 15
33 124 1 6
