swNum = 320
edgeNum = 672

0 0
1 0
2 0
3 0
4 0
5 0
6 0
7 0
8 0
9 0
10 0
11 0
12 0
13 0
14 0
15 0
16 0
17 0
18 0
19 0
20 1
21 1
22 1
23 1
24 1
25 1
26 1
27 1
28 1
29 1
30 1
31 1
32 1
33 1
34 1
35 1
36 1
37 1
38 1
39 1
40 2
41 2
42 2
43 2
44 2
45 2
46 2
47 2
48 2
49 2
50 2
51 2
52 2
53 2
54 2
55 2
56 2
57 2
58 2
59 2
60 3
61 3
62 3
63 3
64 3
65 3
66 3
67 3
68 3
69 3
70 3
71 3
72 3
73 3
74 3
75 3
76 3
77 3
78 3
79 3
80 4
81 4
82 4
83 4
84 4
85 4
86 4
87 4
88 4
89 4
90 4
91 4
92 4
93 4
94 4
95 4
96 4
97 4
98 4
99 4
100 5
101 5
102 5
103 5
104 5
105 5
106 5
107 5
108 5
109 5
110 5
111 5
112 5
113 5
114 5
115 5
116 5
117 5
118 5
119 5
120 6
121 6
122 6
123 6
124 6
125 6
126 6
127 6
128 6
129 6
130 6
131 6
132 6
133 6
134 6
135 6
136 6
137 6
138 6
139 6
140 7
141 7
142 7
143 7
144 7
145 7
146 7
147 7
148 7
149 7
150 7
151 7
152 7
153 7
154 7
155 7
156 7
157 7
158 7
159 7
160 8
161 8
162 8
163 8
164 8
165 8
166 8
167 8
168 8
169 8
170 8
171 8
172 8
173 8
174 8
175 8
176 8
177 8
178 8
179 8
180 9
181 9
182 9
183 9
184 9
185 9
186 9
187 9
188 9
189 9
190 9
191 9
192 9
193 9
194 9
195 9
196 9
197 9
198 9
199 9
200 10
201 10
202 10
203 10
204 10
205 10
206 10
207 10
208 10
209 10
210 10
211 10
212 10
213 10
214 10
215 10
216 10
217 10
218 10
219 10
220 11
221 11
222 11
223 11
224 11
225 11
226 11
227 11
228 11
229 11
230 11
231 11
232 11
233 11
234 11
235 11
236 11
237 11
238 11
239 11
240 12
241 12
242 12
243 12
244 12
245 12
246 12
247 12
248 12
249 12
250 12
251 12
252 12
253 12
254 12
255 12
256 12
257 12
258 12
259 12
260 13
261 13
262 13
263 13
264 13
265 13
266 13
267 13
268 13
269 13
270 13
271 13
272 13
273 13
274 13
275 13
276 13
277 13
278 13
279 13
280 14
281 14
282 14
283 14
284 14
285 14
286 14
287 14
288 14
289 14
290 14
291 14
292 14
293 14
294 14
295 14
296 14
297 14
298 14
299 14
300 15
301 15
302 15
303 15
304 15
305 15
306 15
307 15
308 15
309 15
310 15
311 15
312 15
313 15
314 15
315 15
316 15
317 15
318 15
319 15

2 0 0 0
2 1 0 0
3 0 0 0
3 2 0 0
4 3 0 0
4 1 0 0
5 1 0 0
5 4 0 0
6 4 0 0
6 1 0 0
7 6 0 0
7 2 0 0
8 6 0 0
8 3 0 0
9 6 0 0
9 1 0 0
10 7 0 0
10 8 0 0
11 7 0 0
11 2 0 0
12 11 0 0
12 1 0 0
13 11 0 0
13 12 0 0
14 4 0 0
14 6 0 0
15 5 0 0
15 13 0 0
16 13 0 0
16 2 0 0
17 10 0 0
17 13 0 0
18 13 0 0
18 0 0 0
19 12 0 0
19 0 0 0
0 17 0 0
0 5 0 0
1 8 0 0
1 18 0 0
22 20 1 1
22 21 1 1
23 22 1 1
23 20 1 1
24 20 1 1
24 22 1 1
25 22 1 1
25 24 1 1
26 23 1 1
26 25 1 1
27 25 1 1
27 22 1 1
28 20 1 1
28 21 1 1
29 27 1 1
29 25 1 1
30 25 1 1
30 22 1 1
31 21 1 1
31 22 1 1
32 29 1 1
32 21 1 1
33 30 1 1
33 25 1 1
34 23 1 1
34 20 1 1
35 27 1 1
35 24 1 1
36 23 1 1
36 35 1 1
37 24 1 1
37 27 1 1
38 31 1 1
38 20 1 1
39 33 1 1
39 27 1 1
20 36 1 1
20 31 1 1
21 33 1 1
21 38 1 1
42 41 2 2
42 40 2 2
43 42 2 2
43 41 2 2
44 41 2 2
44 40 2 2
45 41 2 2
45 43 2 2
46 45 2 2
46 44 2 2
47 41 2 2
47 44 2 2
48 40 2 2
48 44 2 2
49 40 2 2
49 46 2 2
50 49 2 2
50 48 2 2
51 49 2 2
51 44 2 2
52 49 2 2
52 46 2 2
53 47 2 2
53 40 2 2
54 50 2 2
54 44 2 2
55 42 2 2
55 52 2 2
56 51 2 2
56 48 2 2
57 53 2 2
57 45 2 2
58 55 2 2
58 42 2 2
59 45 2 2
59 57 2 2
40 51 2 2
40 47 2 2
41 56 2 2
41 53 2 2
62 61 3 3
62 60 3 3
63 61 3 3
63 62 3 3
64 61 3 3
64 63 3 3
65 62 3 3
65 63 3 3
66 65 3 3
66 62 3 3
67 65 3 3
67 62 3 3
68 67 3 3
68 63 3 3
69 61 3 3
69 67 3 3
70 66 3 3
70 65 3 3
71 67 3 3
71 65 3 3
72 64 3 3
72 61 3 3
73 63 3 3
73 72 3 3
74 68 3 3
74 60 3 3
75 73 3 3
75 66 3 3
76 70 3 3
76 69 3 3
77 73 3 3
77 76 3 3
78 62 3 3
78 66 3 3
79 73 3 3
79 72 3 3
60 71 3 3
60 76 3 3
61 68 3 3
61 75 3 3
82 81 4 4
82 80 4 4
83 81 4 4
83 80 4 4
84 81 4 4
84 83 4 4
85 84 4 4
85 80 4 4
86 80 4 4
86 82 4 4
87 82 4 4
87 85 4 4
88 83 4 4
88 81 4 4
89 80 4 4
89 87 4 4
90 87 4 4
90 82 4 4
91 80 4 4
91 82 4 4
92 81 4 4
92 89 4 4
93 80 4 4
93 85 4 4
94 81 4 4
94 87 4 4
95 88 4 4
95 84 4 4
96 89 4 4
96 91 4 4
97 88 4 4
97 80 4 4
98 90 4 4
98 96 4 4
99 94 4 4
99 83 4 4
80 94 4 4
80 98 4 4
81 99 4 4
81 98 4 4
102 100 5 5
102 101 5 5
103 101 5 5
103 102 5 5
104 103 5 5
104 100 5 5
105 104 5 5
105 101 5 5
106 101 5 5
106 103 5 5
107 103 5 5
107 104 5 5
108 101 5 5
108 102 5 5
109 105 5 5
109 107 5 5
110 104 5 5
110 103 5 5
111 101 5 5
111 105 5 5
112 100 5 5
112 109 5 5
113 100 5 5
113 110 5 5
114 108 5 5
114 102 5 5
115 111 5 5
115 106 5 5
116 105 5 5
116 102 5 5
117 116 5 5
117 113 5 5
118 102 5 5
118 115 5 5
119 101 5 5
119 100 5 5
100 116 5 5
100 117 5 5
101 116 5 5
101 114 5 5
122 120 6 6
122 121 6 6
123 121 6 6
123 120 6 6
124 121 6 6
124 122 6 6
125 121 6 6
125 120 6 6
126 121 6 6
126 123 6 6
127 126 6 6
127 123 6 6
128 125 6 6
128 120 6 6
129 127 6 6
129 122 6 6
130 125 6 6
130 128 6 6
131 125 6 6
131 120 6 6
132 128 6 6
132 121 6 6
133 121 6 6
133 123 6 6
134 127 6 6
134 121 6 6
135 120 6 6
135 127 6 6
136 134 6 6
136 133 6 6
137 125 6 6
137 131 6 6
138 129 6 6
138 124 6 6
139 137 6 6
139 128 6 6
120 124 6 6
120 136 6 6
121 137 6 6
121 135 6 6
142 141 7 7
142 140 7 7
143 142 7 7
143 140 7 7
144 143 7 7
144 142 7 7
145 142 7 7
145 143 7 7
146 143 7 7
146 144 7 7
147 144 7 7
147 142 7 7
148 146 7 7
148 144 7 7
149 146 7 7
149 144 7 7
150 144 7 7
150 145 7 7
151 148 7 7
151 144 7 7
152 146 7 7
152 145 7 7
153 140 7 7
153 148 7 7
154 152 7 7
154 145 7 7
155 141 7 7
155 154 7 7
156 153 7 7
156 155 7 7
157 146 7 7
157 151 7 7
158 157 7 7
158 142 7 7
159 144 7 7
159 148 7 7
140 156 7 7
140 159 7 7
141 143 7 7
141 147 7 7
162 160 8 8
162 161 8 8
163 162 8 8
163 161 8 8
164 162 8 8
164 161 8 8
165 164 8 8
165 161 8 8
166 161 8 8
166 164 8 8
167 166 8 8
167 164 8 8
168 161 8 8
168 162 8 8
169 164 8 8
169 168 8 8
170 169 8 8
170 162 8 8
171 167 8 8
171 164 8 8
172 166 8 8
172 161 8 8
173 165 8 8
173 167 8 8
174 160 8 8
174 163 8 8
175 169 8 8
175 161 8 8
176 166 8 8
176 163 8 8
177 161 8 8
177 160 8 8
178 173 8 8
178 174 8 8
179 170 8 8
179 161 8 8
160 175 8 8
160 163 8 8
161 167 8 8
161 176 8 8
182 181 9 9
182 180 9 9
183 181 9 9
183 182 9 9
184 181 9 9
184 183 9 9
185 181 9 9
185 183 9 9
186 185 9 9
186 180 9 9
187 182 9 9
187 184 9 9
188 183 9 9
188 181 9 9
189 184 9 9
189 182 9 9
190 183 9 9
190 181 9 9
191 190 9 9
191 183 9 9
192 190 9 9
192 189 9 9
193 189 9 9
193 183 9 9
194 182 9 9
194 190 9 9
195 184 9 9
195 185 9 9
196 186 9 9
196 193 9 9
197 181 9 9
197 185 9 9
198 194 9 9
198 196 9 9
199 186 9 9
199 196 9 9
180 193 9 9
180 185 9 9
181 186 9 9
181 192 9 9
202 200 10 10
202 201 10 10
203 201 10 10
203 202 10 10
204 201 10 10
204 202 10 10
205 202 10 10
205 200 10 10
206 204 10 10
206 205 10 10
207 200 10 10
207 203 10 10
208 201 10 10
208 203 10 10
209 203 10 10
209 200 10 10
210 202 10 10
210 205 10 10
211 202 10 10
211 209 10 10
212 201 10 10
212 203 10 10
213 205 10 10
213 209 10 10
214 205 10 10
214 200 10 10
215 214 10 10
215 203 10 10
216 204 10 10
216 213 10 10
217 209 10 10
217 202 10 10
218 209 10 10
218 213 10 10
219 215 10 10
219 206 10 10
200 206 10 10
200 216 10 10
201 218 10 10
201 209 10 10
222 220 11 11
222 221 11 11
223 220 11 11
223 222 11 11
224 221 11 11
224 223 11 11
225 224 11 11
225 223 11 11
226 225 11 11
226 223 11 11
227 220 11 11
227 221 11 11
228 226 11 11
228 222 11 11
229 226 11 11
229 221 11 11
230 227 11 11
230 221 11 11
231 226 11 11
231 224 11 11
232 231 11 11
232 224 11 11
233 221 11 11
233 229 11 11
234 226 11 11
234 220 11 11
235 225 11 11
235 222 11 11
236 232 11 11
236 222 11 11
237 231 11 11
237 228 11 11
238 225 11 11
238 234 11 11
239 233 11 11
239 225 11 11
220 237 11 11
220 231 11 11
221 226 11 11
221 235 11 11
242 241 12 12
242 240 12 12
243 240 12 12
243 241 12 12
244 242 12 12
244 241 12 12
245 240 12 12
245 244 12 12
246 243 12 12
246 241 12 12
247 244 12 12
247 240 12 12
248 246 12 12
248 241 12 12
249 241 12 12
249 244 12 12
250 245 12 12
250 246 12 12
251 245 12 12
251 244 12 12
252 241 12 12
252 247 12 12
253 249 12 12
253 247 12 12
254 241 12 12
254 244 12 12
255 251 12 12
255 246 12 12
256 253 12 12
256 249 12 12
257 243 12 12
257 250 12 12
258 253 12 12
258 244 12 12
259 249 12 12
259 244 12 12
240 259 12 12
240 252 12 12
241 259 12 12
241 247 12 12
262 261 13 13
262 260 13 13
263 261 13 13
263 260 13 13
264 263 13 13
264 261 13 13
265 262 13 13
265 260 13 13
266 265 13 13
266 262 13 13
267 266 13 13
267 260 13 13
268 265 13 13
268 267 13 13
269 260 13 13
269 265 13 13
270 261 13 13
270 266 13 13
271 266 13 13
271 261 13 13
272 260 13 13
272 264 13 13
273 260 13 13
273 266 13 13
274 270 13 13
274 261 13 13
275 270 13 13
275 267 13 13
276 261 13 13
276 268 13 13
277 270 13 13
277 273 13 13
278 277 13 13
278 275 13 13
279 267 13 13
279 278 13 13
260 268 13 13
260 278 13 13
261 266 13 13
261 272 13 13
282 281 14 14
282 280 14 14
283 282 14 14
283 281 14 14
284 283 14 14
284 280 14 14
285 284 14 14
285 280 14 14
286 283 14 14
286 280 14 14
287 285 14 14
287 284 14 14
288 285 14 14
288 283 14 14
289 285 14 14
289 282 14 14
290 283 14 14
290 288 14 14
291 286 14 14
291 290 14 14
292 286 14 14
292 288 14 14
293 291 14 14
293 289 14 14
294 291 14 14
294 280 14 14
295 289 14 14
295 294 14 14
296 286 14 14
296 295 14 14
297 290 14 14
297 286 14 14
298 295 14 14
298 282 14 14
299 297 14 14
299 283 14 14
280 298 14 14
280 291 14 14
281 286 14 14
281 285 14 14
302 300 15 15
302 301 15 15
303 300 15 15
303 301 15 15
304 300 15 15
304 303 15 15
305 301 15 15
305 302 15 15
306 305 15 15
306 303 15 15
307 306 15 15
307 304 15 15
308 300 15 15
308 304 15 15
309 308 15 15
309 300 15 15
310 300 15 15
310 307 15 15
311 307 15 15
311 300 15 15
312 310 15 15
312 300 15 15
313 309 15 15
313 312 15 15
314 309 15 15
314 307 15 15
315 309 15 15
315 303 15 15
316 300 15 15
316 305 15 15
317 302 15 15
317 312 15 15
318 302 15 15
318 306 15 15
319 316 15 15
319 300 15 15
300 314 15 15
300 317 15 15
301 318 15 15
301 317 15 15
52 39 2 1
43 14 2 0
63 53 3 2
73 10 3 0
94 1 4 0
80 22 4 1
110 37 5 1
108 55 5 2
126 59 6 2
131 62 6 3
149 5 7 0
149 34 7 1
175 102 8 5
160 58 8 2
187 54 9 2
191 125 9 6
209 147 10 7
211 169 10 8
221 3 11 0
231 139 11 6
240 121 12 6
255 178 12 8
265 96 13 4
271 16 13 0
293 119 14 5
294 204 14 10
306 248 15 12
302 18 15 0
12 287 0 14
1 174 0 8
34 166 1 8
27 219 1 10
