swNum = 320
edgeNum = 672

0 0
1 0
2 0
3 0
4 0
5 0
6 0
7 0
8 0
9 0
10 0
11 0
12 0
13 0
14 0
15 0
16 0
17 0
18 0
19 0
20 1
21 1
22 1
23 1
24 1
25 1
26 1
27 1
28 1
29 1
30 1
31 1
32 1
33 1
34 1
35 1
36 1
37 1
38 1
39 1
40 2
41 2
42 2
43 2
44 2
45 2
46 2
47 2
48 2
49 2
50 2
51 2
52 2
53 2
54 2
55 2
56 2
57 2
58 2
59 2
60 3
61 3
62 3
63 3
64 3
65 3
66 3
67 3
68 3
69 3
70 3
71 3
72 3
73 3
74 3
75 3
76 3
77 3
78 3
79 3
80 4
81 4
82 4
83 4
84 4
85 4
86 4
87 4
88 4
89 4
90 4
91 4
92 4
93 4
94 4
95 4
96 4
97 4
98 4
99 4
100 5
101 5
102 5
103 5
104 5
105 5
106 5
107 5
108 5
109 5
110 5
111 5
112 5
113 5
114 5
115 5
116 5
117 5
118 5
119 5
120 6
121 6
122 6
123 6
124 6
125 6
126 6
127 6
128 6
129 6
130 6
131 6
132 6
133 6
134 6
135 6
136 6
137 6
138 6
139 6
140 7
141 7
142 7
143 7
144 7
145 7
146 7
147 7
148 7
149 7
150 7
151 7
152 7
153 7
154 7
155 7
156 7
157 7
158 7
159 7
160 8
161 8
162 8
163 8
164 8
165 8
166 8
167 8
168 8
169 8
170 8
171 8
172 8
173 8
174 8
175 8
176 8
177 8
178 8
179 8
180 9
181 9
182 9
183 9
184 9
185 9
186 9
187 9
188 9
189 9
190 9
191 9
192 9
193 9
194 9
195 9
196 9
197 9
198 9
199 9
200 10
201 10
202 10
203 10
204 10
205 10
206 10
207 10
208 10
209 10
210 10
211 10
212 10
213 10
214 10
215 10
216 10
217 10
218 10
219 10
220 11
221 11
222 11
223 11
224 11
225 11
226 11
227 11
228 11
229 11
230 11
231 11
232 11
233 11
234 11
235 11
236 11
237 11
238 11
239 11
240 12
241 12
242 12
243 12
244 12
245 12
246 12
247 12
248 12
249 12
250 12
251 12
252 12
253 12
254 12
255 12
256 12
257 12
258 12
259 12
260 13
261 13
262 13
263 13
264 13
265 13
266 13
267 13
268 13
269 13
270 13
271 13
272 13
273 13
274 13
275 13
276 13
277 13
278 13
279 13
280 14
281 14
282 14
283 14
284 14
285 14
286 14
287 14
288 14
289 14
290 14
291 14
292 14
293 14
294 14
295 14
296 14
297 14
298 14
299 14
300 15
301 15
302 15
303 15
304 15
305 15
306 15
307 15
308 15
309 15
310 15
311 15
312 15
313 15
314 15
315 15
316 15
317 15
318 15
319 15

2 0 0 0
2 1 0 0
3 1 0 0
3 2 0 0
4 2 0 0
4 0 0 0
5 2 0 0
5 4 0 0
6 0 0 0
6 4 0 0
7 3 0 0
7 4 0 0
8 1 0 0
8 6 0 0
9 6 0 0
9 2 0 0
10 7 0 0
10 3 0 0
11 6 0 0
11 7 0 0
12 1 0 0
12 6 0 0
13 0 0 0
13 2 0 0
14 0 0 0
14 13 0 0
15 6 0 0
15 7 0 0
16 5 0 0
16 10 0 0
17 10 0 0
17 11 0 0
18 17 0 0
18 15 0 0
19 4 0 0
19 12 0 0
0 11 0 0
0 16 0 0
1 6 0 0
1 19 0 0
22 20 1 1
22 21 1 1
23 21 1 1
23 20 1 1
24 23 1 1
24 21 1 1
25 21 1 1
25 24 1 1
26 24 1 1
26 21 1 1
27 25 1 1
27 22 1 1
28 20 1 1
28 26 1 1
29 24 1 1
29 20 1 1
30 28 1 1
30 23 1 1
31 27 1 1
31 28 1 1
32 30 1 1
32 28 1 1
33 24 1 1
33 29 1 1
34 27 1 1
34 25 1 1
35 21 1 1
35 26 1 1
36 31 1 1
36 35 1 1
37 35 1 1
37 33 1 1
38 21 1 1
38 34 1 1
39 32 1 1
39 35 1 1
20 37 1 1
20 33 1 1
21 28 1 1
21 34 1 1
42 40 2 2
42 41 2 2
43 40 2 2
43 42 2 2
44 40 2 2
44 42 2 2
45 44 2 2
45 42 2 2
46 40 2 2
46 41 2 2
47 45 2 2
47 44 2 2
48 41 2 2
48 46 2 2
49 46 2 2
49 45 2 2
50 43 2 2
50 48 2 2
51 48 2 2
51 42 2 2
52 40 2 2
52 44 2 2
53 43 2 2
53 49 2 2
54 49 2 2
54 48 2 2
55 42 2 2
55 47 2 2
56 49 2 2
56 43 2 2
57 47 2 2
57 54 2 2
58 46 2 2
58 51 2 2
59 50 2 2
59 46 2 2
40 50 2 2
40 48 2 2
41 50 2 2
41 58 2 2
62 60 3 3
62 61 3 3
63 60 3 3
63 61 3 3
64 62 3 3
64 63 3 3
65 61 3 3
65 62 3 3
66 63 3 3
66 62 3 3
67 63 3 3
67 60 3 3
68 64 3 3
68 63 3 3
69 64 3 3
69 66 3 3
70 63 3 3
70 65 3 3
71 62 3 3
71 63 3 3
72 68 3 3
72 62 3 3
73 72 3 3
73 68 3 3
74 63 3 3
74 66 3 3
75 63 3 3
75 60 3 3
76 72 3 3
76 68 3 3
77 70 3 3
77 66 3 3
78 75 3 3
78 77 3 3
79 75 3 3
79 63 3 3
60 74 3 3
60 71 3 3
61 67 3 3
61 71 3 3
82 81 4 4
82 80 4 4
83 82 4 4
83 81 4 4
84 81 4 4
84 80 4 4
85 82 4 4
85 81 4 4
86 81 4 4
86 82 4 4
87 81 4 4
87 86 4 4
88 80 4 4
88 85 4 4
89 86 4 4
89 81 4 4
90 83 4 4
90 89 4 4
91 82 4 4
91 89 4 4
92 87 4 4
92 81 4 4
93 90 4 4
93 91 4 4
94 82 4 4
94 85 4 4
95 93 4 4
95 81 4 4
96 87 4 4
96 83 4 4
97 83 4 4
97 94 4 4
98 84 4 4
98 83 4 4
99 94 4 4
99 91 4 4
80 93 4 4
80 85 4 4
81 93 4 4
81 90 4 4
102 100 5 5
102 101 5 5
103 102 5 5
103 101 5 5
104 100 5 5
104 103 5 5
105 101 5 5
105 102 5 5
106 101 5 5
106 104 5 5
107 100 5 5
107 104 5 5
108 102 5 5
108 105 5 5
109 101 5 5
109 105 5 5
110 109 5 5
110 106 5 5
111 100 5 5
111 107 5 5
112 107 5 5
112 103 5 5
113 110 5 5
113 101 5 5
114 111 5 5
114 104 5 5
115 104 5 5
115 108 5 5
116 112 5 5
116 110 5 5
117 100 5 5
117 104 5 5
118 100 5 5
118 102 5 5
119 118 5 5
119 116 5 5
100 115 5 5
100 114 5 5
101 116 5 5
101 110 5 5
122 121 6 6
122 120 6 6
123 121 6 6
123 120 6 6
124 121 6 6
124 122 6 6
125 124 6 6
125 120 6 6
126 124 6 6
126 125 6 6
127 122 6 6
127 124 6 6
128 126 6 6
128 124 6 6
129 126 6 6
129 122 6 6
130 120 6 6
130 123 6 6
131 128 6 6
131 126 6 6
132 128 6 6
132 124 6 6
133 124 6 6
133 125 6 6
134 128 6 6
134 133 6 6
135 132 6 6
135 125 6 6
136 135 6 6
136 130 6 6
137 130 6 6
137 136 6 6
138 136 6 6
138 129 6 6
139 121 6 6
139 120 6 6
120 136 6 6
120 126 6 6
121 131 6 6
121 129 6 6
142 141 7 7
142 140 7 7
143 141 7 7
143 142 7 7
144 142 7 7
144 141 7 7
145 143 7 7
145 144 7 7
146 140 7 7
146 145 7 7
147 145 7 7
147 142 7 7
148 142 7 7
148 144 7 7
149 145 7 7
149 142 7 7
150 146 7 7
150 142 7 7
151 145 7 7
151 146 7 7
152 140 7 7
152 141 7 7
153 150 7 7
153 144 7 7
154 149 7 7
154 144 7 7
155 148 7 7
155 153 7 7
156 151 7 7
156 143 7 7
157 140 7 7
157 151 7 7
158 141 7 7
158 143 7 7
159 149 7 7
159 152 7 7
140 144 7 7
140 150 7 7
141 151 7 7
141 154 7 7
162 160 8 8
162 161 8 8
163 161 8 8
163 160 8 8
164 162 8 8
164 160 8 8
165 162 8 8
165 163 8 8
166 163 8 8
166 165 8 8
167 164 8 8
167 160 8 8
168 162 8 8
168 163 8 8
169 164 8 8
169 167 8 8
170 161 8 8
170 162 8 8
171 169 8 8
171 167 8 8
172 165 8 8
172 170 8 8
173 165 8 8
173 160 8 8
174 167 8 8
174 168 8 8
175 165 8 8
175 173 8 8
176 161 8 8
176 163 8 8
177 173 8 8
177 163 8 8
178 174 8 8
178 167 8 8
179 171 8 8
179 178 8 8
160 165 8 8
160 175 8 8
161 166 8 8
161 173 8 8
182 181 9 9
182 180 9 9
183 180 9 9
183 181 9 9
184 181 9 9
184 182 9 9
185 180 9 9
185 183 9 9
186 184 9 9
186 182 9 9
187 182 9 9
187 181 9 9
188 180 9 9
188 184 9 9
189 184 9 9
189 187 9 9
190 181 9 9
190 180 9 9
191 189 9 9
191 180 9 9
192 185 9 9
192 180 9 9
193 183 9 9
193 185 9 9
194 191 9 9
194 189 9 9
195 187 9 9
195 182 9 9
196 193 9 9
196 195 9 9
197 194 9 9
197 191 9 9
198 183 9 9
198 195 9 9
199 188 9 9
199 189 9 9
180 199 9 9
180 196 9 9
181 193 9 9
181 188 9 9
202 201 10 10
202 200 10 10
203 201 10 10
203 200 10 10
204 201 10 10
204 200 10 10
205 204 10 10
205 202 10 10
206 201 10 10
206 200 10 10
207 200 10 10
207 204 10 10
208 201 10 10
208 202 10 10
209 202 10 10
209 206 10 10
210 202 10 10
210 203 10 10
211 202 10 10
211 206 10 10
212 209 10 10
212 200 10 10
213 200 10 10
213 211 10 10
214 213 10 10
214 209 10 10
215 212 10 10
215 204 10 10
216 203 10 10
216 204 10 10
217 200 10 10
217 215 10 10
218 204 10 10
218 209 10 10
219 217 10 10
219 203 10 10
200 211 10 10
200 208 10 10
201 213 10 10
201 218 10 10
222 220 11 11
222 221 11 11
223 220 11 11
223 222 11 11
224 222 11 11
224 221 11 11
225 223 11 11
225 224 11 11
226 220 11 11
226 222 11 11
227 220 11 11
227 225 11 11
228 225 11 11
228 222 11 11
229 227 11 11
229 223 11 11
230 220 11 11
230 221 11 11
231 226 11 11
231 225 11 11
232 225 11 11
232 227 11 11
233 224 11 11
233 226 11 11
234 231 11 11
234 230 11 11
235 234 11 11
235 226 11 11
236 230 11 11
236 226 11 11
237 234 11 11
237 222 11 11
238 228 11 11
238 224 11 11
239 234 11 11
239 229 11 11
220 232 11 11
220 239 11 11
221 229 11 11
221 228 11 11
242 241 12 12
242 240 12 12
243 240 12 12
243 242 12 12
244 241 12 12
244 242 12 12
245 241 12 12
245 243 12 12
246 243 12 12
246 240 12 12
247 246 12 12
247 244 12 12
248 246 12 12
248 240 12 12
249 242 12 12
249 244 12 12
250 244 12 12
250 240 12 12
251 242 12 12
251 250 12 12
252 248 12 12
252 246 12 12
253 250 12 12
253 245 12 12
254 242 12 12
254 251 12 12
255 247 12 12
255 245 12 12
256 242 12 12
256 252 12 12
257 249 12 12
257 251 12 12
258 256 12 12
258 247 12 12
259 252 12 12
259 245 12 12
240 247 12 12
240 245 12 12
241 250 12 12
241 254 12 12
262 261 13 13
262 260 13 13
263 261 13 13
263 262 13 13
264 260 13 13
264 262 13 13
265 262 13 13
265 263 13 13
266 261 13 13
266 260 13 13
267 263 13 13
267 260 13 13
268 262 13 13
268 260 13 13
269 268 13 13
269 262 13 13
270 263 13 13
270 261 13 13
271 262 13 13
271 270 13 13
272 264 13 13
272 266 13 13
273 269 13 13
273 271 13 13
274 262 13 13
274 272 13 13
275 272 13 13
275 271 13 13
276 264 13 13
276 274 13 13
277 262 13 13
277 267 13 13
278 266 13 13
278 270 13 13
279 264 13 13
279 274 13 13
260 271 13 13
260 270 13 13
261 267 13 13
261 277 13 13
282 280 14 14
282 281 14 14
283 281 14 14
283 282 14 14
284 281 14 14
284 282 14 14
285 280 14 14
285 282 14 14
286 285 14 14
286 281 14 14
287 285 14 14
287 284 14 14
288 280 14 14
288 283 14 14
289 283 14 14
289 280 14 14
290 280 14 14
290 283 14 14
291 288 14 14
291 282 14 14
292 289 14 14
292 283 14 14
293 281 14 14
293 282 14 14
294 292 14 14
294 291 14 14
295 284 14 14
295 287 14 14
296 289 14 14
296 284 14 14
297 281 14 14
297 287 14 14
298 293 14 14
298 282 14 14
299 284 14 14
299 285 14 14
280 294 14 14
280 296 14 14
281 285 14 14
281 296 14 14
302 301 15 15
302 300 15 15
303 302 15 15
303 300 15 15
304 301 15 15
304 303 15 15
305 301 15 15
305 304 15 15
306 300 15 15
306 304 15 15
307 301 15 15
307 305 15 15
308 307 15 15
308 305 15 15
309 301 15 15
309 307 15 15
310 305 15 15
310 309 15 15
311 310 15 15
311 301 15 15
312 308 15 15
312 302 15 15
313 306 15 15
313 302 15 15
314 307 15 15
314 313 15 15
315 313 15 15
315 300 15 15
316 305 15 15
316 304 15 15
317 305 15 15
317 314 15 15
318 300 15 15
318 313 15 15
319 317 15 15
319 302 15 15
300 316 15 15
300 307 15 15
301 306 15 15
301 317 15 15
48 5 2 0
51 20 2 1
60 34 3 1
72 44 3 2
96 39 4 1
95 78 4 3
117 74 5 3
110 32 5 1
129 103 6 5
131 79 6 3
143 57 7 2
153 80 7 4
169 29 8 1
168 1 8 0
194 73 9 3
198 92 9 4
201 49 10 2
216 145 10 7
226 57 11 2
234 197 11 9
247 83 12 4
251 182 12 9
261 30 13 1
265 173 13 8
291 103 14 5
282 88 14 4
305 125 15 6
307 98 15 4
17 300 0 15
19 212 0 10
39 245 1 12
35 131 1 6
