swNum = 320
edgeNum = 672

0 0
1 0
2 0
3 0
4 0
5 0
6 0
7 0
8 0
9 0
10 0
11 0
12 0
13 0
14 0
15 0
16 0
17 0
18 0
19 0
20 1
21 1
22 1
23 1
24 1
25 1
26 1
27 1
28 1
29 1
30 1
31 1
32 1
33 1
34 1
35 1
36 1
37 1
38 1
39 1
40 2
41 2
42 2
43 2
44 2
45 2
46 2
47 2
48 2
49 2
50 2
51 2
52 2
53 2
54 2
55 2
56 2
57 2
58 2
59 2
60 3
61 3
62 3
63 3
64 3
65 3
66 3
67 3
68 3
69 3
70 3
71 3
72 3
73 3
74 3
75 3
76 3
77 3
78 3
79 3
80 4
81 4
82 4
83 4
84 4
85 4
86 4
87 4
88 4
89 4
90 4
91 4
92 4
93 4
94 4
95 4
96 4
97 4
98 4
99 4
100 5
101 5
102 5
103 5
104 5
105 5
106 5
107 5
108 5
109 5
110 5
111 5
112 5
113 5
114 5
115 5
116 5
117 5
118 5
119 5
120 6
121 6
122 6
123 6
124 6
125 6
126 6
127 6
128 6
129 6
130 6
131 6
132 6
133 6
134 6
135 6
136 6
137 6
138 6
139 6
140 7
141 7
142 7
143 7
144 7
145 7
146 7
147 7
148 7
149 7
150 7
151 7
152 7
153 7
154 7
155 7
156 7
157 7
158 7
159 7
160 8
161 8
162 8
163 8
164 8
165 8
166 8
167 8
168 8
169 8
170 8
171 8
172 8
173 8
174 8
175 8
176 8
177 8
178 8
179 8
180 9
181 9
182 9
183 9
184 9
185 9
186 9
187 9
188 9
189 9
190 9
191 9
192 9
193 9
194 9
195 9
196 9
197 9
198 9
199 9
200 10
201 10
202 10
203 10
204 10
205 10
206 10
207 10
208 10
209 10
210 10
211 10
212 10
213 10
214 10
215 10
216 10
217 10
218 10
219 10
220 11
221 11
222 11
223 11
224 11
225 11
226 11
227 11
228 11
229 11
230 11
231 11
232 11
233 11
234 11
235 11
236 11
237 11
238 11
239 11
240 12
241 12
242 12
243 12
244 12
245 12
246 12
247 12
248 12
249 12
250 12
251 12
252 12
253 12
254 12
255 12
256 12
257 12
258 12
259 12
260 13
261 13
262 13
263 13
264 13
265 13
266 13
267 13
268 13
269 13
270 13
271 13
272 13
273 13
274 13
275 13
276 13
277 13
278 13
279 13
280 14
281 14
282 14
283 14
284 14
285 14
286 14
287 14
288 14
289 14
290 14
291 14
292 14
293 14
294 14
295 14
296 14
297 14
298 14
299 14
300 15
301 15
302 15
303 15
304 15
305 15
306 15
307 15
308 15
309 15
310 15
311 15
312 15
313 15
314 15
315 15
316 15
317 15
318 15
319 15

2 1 0 0
2 0 0 0
3 2 0 0
3 0 0 0
4 2 0 0
4 0 0 0
5 0 0 0
5 2 0 0
6 2 0 0
6 5 0 0
7 3 0 0
7 6 0 0
8 5 0 0
8 1 0 0
9 5 0 0
9 6 0 0
10 1 0 0
10 9 0 0
11 7 0 0
11 9 0 0
12 10 0 0
12 5 0 0
13 2 0 0
13 5 0 0
14 6 0 0
14 3 0 0
15 8 0 0
15 9 0 0
16 4 0 0
16 10 0 0
17 9 0 0
17 16 0 0
18 8 0 0
18 7 0 0
19 9 0 0
19 0 0 0
0 9 0 0
0 18 0 0
1 12 0 0
1 14 0 0
22 20 1 1
22 21 1 1
23 22 1 1
23 21 1 1
24 22 1 1
24 21 1 1
25 23 1 1
25 22 1 1
26 22 1 1
26 20 1 1
27 21 1 1
27 22 1 1
28 21 1 1
28 27 1 1
29 22 1 1
29 20 1 1
30 26 1 1
30 27 1 1
31 20 1 1
31 25 1 1
32 29 1 1
32 21 1 1
33 21 1 1
33 20 1 1
34 25 1 1
34 22 1 1
35 31 1 1
35 29 1 1
36 27 1 1
36 25 1 1
37 23 1 1
37 35 1 1
38 35 1 1
38 32 1 1
39 28 1 1
39 38 1 1
20 37 1 1
20 23 1 1
21 35 1 1
21 38 1 1
42 41 2 2
42 40 2 2
43 41 2 2
43 40 2 2
44 40 2 2
44 42 2 2
45 42 2 2
45 40 2 2
46 44 2 2
46 45 2 2
47 40 2 2
47 46 2 2
48 46 2 2
48 40 2 2
49 44 2 2
49 45 2 2
50 40 2 2
50 47 2 2
51 41 2 2
51 49 2 2
52 50 2 2
52 46 2 2
53 46 2 2
53 49 2 2
54 48 2 2
54 49 2 2
55 41 2 2
55 48 2 2
56 50 2 2
56 54 2 2
57 56 2 2
57 54 2 2
58 52 2 2
58 54 2 2
59 43 2 2
59 41 2 2
40 57 2 2
40 56 2 2
41 54 2 2
41 45 2 2
62 61 3 3
62 60 3 3
63 60 3 3
63 62 3 3
64 61 3 3
64 60 3 3
65 60 3 3
65 64 3 3
66 62 3 3
66 60 3 3
67 63 3 3
67 66 3 3
68 65 3 3
68 60 3 3
69 62 3 3
69 64 3 3
70 66 3 3
70 67 3 3
71 65 3 3
71 61 3 3
72 61 3 3
72 66 3 3
73 66 3 3
73 67 3 3
74 62 3 3
74 64 3 3
75 69 3 3
75 64 3 3
76 68 3 3
76 74 3 3
77 74 3 3
77 73 3 3
78 69 3 3
78 63 3 3
79 70 3 3
79 75 3 3
60 71 3 3
60 76 3 3
61 75 3 3
61 69 3 3
82 81 4 4
82 80 4 4
83 81 4 4
83 80 4 4
84 80 4 4
84 82 4 4
85 80 4 4
85 81 4 4
86 81 4 4
86 85 4 4
87 81 4 4
87 83 4 4
88 81 4 4
88 83 4 4
89 86 4 4
89 81 4 4
90 81 4 4
90 89 4 4
91 85 4 4
91 81 4 4
92 88 4 4
92 80 4 4
93 84 4 4
93 90 4 4
94 84 4 4
94 83 4 4
95 91 4 4
95 85 4 4
96 81 4 4
96 88 4 4
97 88 4 4
97 86 4 4
98 94 4 4
98 90 4 4
99 89 4 4
99 91 4 4
80 99 4 4
80 90 4 4
81 98 4 4
81 99 4 4
102 101 5 5
102 100 5 5
103 100 5 5
103 101 5 5
104 102 5 5
104 100 5 5
105 100 5 5
105 103 5 5
106 104 5 5
106 103 5 5
107 106 5 5
107 104 5 5
108 101 5 5
108 102 5 5
109 105 5 5
109 100 5 5
110 100 5 5
110 105 5 5
111 110 5 5
111 109 5 5
112 106 5 5
112 100 5 5
113 104 5 5
113 106 5 5
114 107 5 5
114 102 5 5
115 112 5 5
115 103 5 5
116 108 5 5
116 107 5 5
117 112 5 5
117 113 5 5
118 102 5 5
118 104 5 5
119 112 5 5
119 114 5 5
100 111 5 5
100 118 5 5
101 109 5 5
101 111 5 5
122 121 6 6
122 120 6 6
123 122 6 6
123 120 6 6
124 123 6 6
124 120 6 6
125 122 6 6
125 123 6 6
126 125 6 6
126 121 6 6
127 120 6 6
127 124 6 6
128 122 6 6
128 126 6 6
129 127 6 6
129 123 6 6
130 120 6 6
130 128 6 6
131 120 6 6
131 128 6 6
132 123 6 6
132 124 6 6
133 126 6 6
133 127 6 6
134 132 6 6
134 125 6 6
135 126 6 6
135 125 6 6
136 127 6 6
136 132 6 6
137 127 6 6
137 131 6 6
138 127 6 6
138 125 6 6
139 127 6 6
139 124 6 6
120 137 6 6
120 126 6 6
121 128 6 6
121 133 6 6
142 141 7 7
142 140 7 7
143 142 7 7
143 141 7 7
144 143 7 7
144 141 7 7
145 143 7 7
145 144 7 7
146 145 7 7
146 141 7 7
147 141 7 7
147 142 7 7
148 140 7 7
148 144 7 7
149 147 7 7
149 140 7 7
150 142 7 7
150 140 7 7
151 141 7 7
151 144 7 7
152 150 7 7
152 151 7 7
153 143 7 7
153 142 7 7
154 143 7 7
154 147 7 7
155 154 7 7
155 153 7 7
156 155 7 7
156 150 7 7
157 146 7 7
157 153 7 7
158 142 7 7
158 149 7 7
159 153 7 7
159 154 7 7
140 143 7 7
140 144 7 7
141 152 7 7
141 158 7 7
162 160 8 8
162 161 8 8
163 162 8 8
163 161 8 8
164 161 8 8
164 163 8 8
165 163 8 8
165 161 8 8
166 163 8 8
166 165 8 8
167 164 8 8
167 163 8 8
168 166 8 8
168 164 8 8
169 163 8 8
169 166 8 8
170 169 8 8
170 164 8 8
171 163 8 8
171 167 8 8
172 167 8 8
172 162 8 8
173 161 8 8
173 163 8 8
174 172 8 8
174 167 8 8
175 172 8 8
175 174 8 8
176 166 8 8
176 164 8 8
177 170 8 8
177 164 8 8
178 162 8 8
178 175 8 8
179 163 8 8
179 174 8 8
160 169 8 8
160 166 8 8
161 170 8 8
161 174 8 8
182 180 9 9
182 181 9 9
183 180 9 9
183 181 9 9
184 182 9 9
184 181 9 9
185 181 9 9
185 184 9 9
186 184 9 9
186 183 9 9
187 186 9 9
187 183 9 9
188 186 9 9
188 185 9 9
189 185 9 9
189 188 9 9
190 188 9 9
190 186 9 9
191 181 9 9
191 185 9 9
192 189 9 9
192 188 9 9
193 192 9 9
193 187 9 9
194 184 9 9
194 190 9 9
195 180 9 9
195 187 9 9
196 195 9 9
196 194 9 9
197 181 9 9
197 189 9 9
198 191 9 9
198 192 9 9
199 197 9 9
199 192 9 9
180 194 9 9
180 187 9 9
181 194 9 9
181 190 9 9
202 201 10 10
202 200 10 10
203 201 10 10
203 202 10 10
204 201 10 10
204 203 10 10
205 201 10 10
205 203 10 10
206 203 10 10
206 204 10 10
207 202 10 10
207 205 10 10
208 200 10 10
208 207 10 10
209 204 10 10
209 207 10 10
210 207 10 10
210 203 10 10
211 200 10 10
211 210 10 10
212 211 10 10
212 203 10 10
213 201 10 10
213 205 10 10
214 201 10 10
214 210 10 10
215 203 10 10
215 211 10 10
216 205 10 10
216 212 10 10
217 216 10 10
217 208 10 10
218 211 10 10
218 203 10 10
219 200 10 10
219 211 10 10
200 216 10 10
200 210 10 10
201 219 10 10
201 207 10 10
222 221 11 11
222 220 11 11
223 221 11 11
223 220 11 11
224 222 11 11
224 220 11 11
225 223 11 11
225 224 11 11
226 224 11 11
226 225 11 11
227 221 11 11
227 220 11 11
228 227 11 11
228 226 11 11
229 222 11 11
229 227 11 11
230 220 11 11
230 222 11 11
231 221 11 11
231 228 11 11
232 221 11 11
232 223 11 11
233 223 11 11
233 227 11 11
234 226 11 11
234 233 11 11
235 234 11 11
235 233 11 11
236 231 11 11
236 227 11 11
237 234 11 11
237 222 11 11
238 225 11 11
238 226 11 11
239 233 11 11
239 228 11 11
220 228 11 11
220 237 11 11
221 236 11 11
221 230 11 11
242 240 12 12
242 241 12 12
243 242 12 12
243 240 12 12
244 240 12 12
244 243 12 12
245 240 12 12
245 242 12 12
246 244 12 12
246 241 12 12
247 242 12 12
247 245 12 12
248 246 12 12
248 247 12 12
249 244 12 12
249 243 12 12
250 245 12 12
250 249 12 12
251 248 12 12
251 245 12 12
252 249 12 12
252 240 12 12
253 240 12 12
253 246 12 12
254 246 12 12
254 243 12 12
255 248 12 12
255 244 12 12
256 247 12 12
256 240 12 12
257 250 12 12
257 244 12 12
258 253 12 12
258 248 12 12
259 248 12 12
259 247 12 12
240 247 12 12
240 254 12 12
241 254 12 12
241 253 12 12
262 261 13 13
262 260 13 13
263 261 13 13
263 262 13 13
264 262 13 13
264 263 13 13
265 260 13 13
265 264 13 13
266 264 13 13
266 262 13 13
267 261 13 13
267 264 13 13
268 263 13 13
268 262 13 13
269 267 13 13
269 261 13 13
270 263 13 13
270 261 13 13
271 266 13 13
271 263 13 13
272 264 13 13
272 268 13 13
273 262 13 13
273 260 13 13
274 260 13 13
274 263 13 13
275 261 13 13
275 268 13 13
276 265 13 13
276 260 13 13
277 275 13 13
277 267 13 13
278 270 13 13
278 275 13 13
279 271 13 13
279 264 13 13
260 270 13 13
260 278 13 13
261 276 13 13
261 271 13 13
282 280 14 14
282 281 14 14
283 281 14 14
283 280 14 14
284 283 14 14
284 281 14 14
285 283 14 14
285 281 14 14
286 281 14 14
286 280 14 14
287 285 14 14
287 283 14 14
288 285 14 14
288 281 14 14
289 283 14 14
289 287 14 14
290 287 14 14
290 285 14 14
291 281 14 14
291 286 14 14
292 281 14 14
292 291 14 14
293 287 14 14
293 291 14 14
294 287 14 14
294 292 14 14
295 289 14 14
295 284 14 14
296 280 14 14
296 292 14 14
297 293 14 14
297 291 14 14
298 285 14 14
298 289 14 14
299 290 14 14
299 280 14 14
280 297 14 14
280 294 14 14
281 295 14 14
281 296 14 14
302 300 15 15
302 301 15 15
303 301 15 15
303 300 15 15
304 302 15 15
304 301 15 15
305 301 15 15
305 302 15 15
306 303 15 15
306 302 15 15
307 302 15 15
307 301 15 15
308 307 15 15
308 305 15 15
309 308 15 15
309 302 15 15
310 308 15 15
310 307 15 15
311 304 15 15
311 306 15 15
312 301 15 15
312 309 15 15
313 306 15 15
313 300 15 15
314 303 15 15
314 302 15 15
315 303 15 15
315 314 15 15
316 304 15 15
316 306 15 15
317 305 15 15
317 309 15 15
318 304 15 15
318 309 15 15
319 318 15 15
319 315 15 15
300 307 15 15
300 316 15 15
301 319 15 15
301 318 15 15
58 31 2 1
53 3 2 0
69 27 3 1
76 47 3 2
97 54 4 2
82 28 4 1
109 68 5 3
118 32 5 1
125 103 6 5
138 79 6 3
159 43 7 2
145 15 7 0
170 16 8 0
160 93 8 4
182 56 9 2
189 126 9 6
208 14 10 0
208 134 10 6
232 152 11 7
232 191 11 9
246 81 12 4
258 77 12 3
268 149 13 7
265 54 13 2
298 30 14 1
296 7 14 0
305 230 15 11
316 1 15 0
12 129 0 6
17 228 0 11
36 122 1 6
21 140 1 7
