swNum = 320
edgeNum = 672

0 0
1 0
2 0
3 0
4 0
5 0
6 0
7 0
8 0
9 0
10 0
11 0
12 0
13 0
14 0
15 0
16 0
17 0
18 0
19 0
20 1
21 1
22 1
23 1
24 1
25 1
26 1
27 1
28 1
29 1
30 1
31 1
32 1
33 1
34 1
35 1
36 1
37 1
38 1
39 1
40 2
41 2
42 2
43 2
44 2
45 2
46 2
47 2
48 2
49 2
50 2
51 2
52 2
53 2
54 2
55 2
56 2
57 2
58 2
59 2
60 3
61 3
62 3
63 3
64 3
65 3
66 3
67 3
68 3
69 3
70 3
71 3
72 3
73 3
74 3
75 3
76 3
77 3
78 3
79 3
80 4
81 4
82 4
83 4
84 4
85 4
86 4
87 4
88 4
89 4
90 4
91 4
92 4
93 4
94 4
95 4
96 4
97 4
98 4
99 4
100 5
101 5
102 5
103 5
104 5
105 5
106 5
107 5
108 5
109 5
110 5
111 5
112 5
113 5
114 5
115 5
116 5
117 5
118 5
119 5
120 6
121 6
122 6
123 6
124 6
125 6
126 6
127 6
128 6
129 6
130 6
131 6
132 6
133 6
134 6
135 6
136 6
137 6
138 6
139 6
140 7
141 7
142 7
143 7
144 7
145 7
146 7
147 7
148 7
149 7
150 7
151 7
152 7
153 7
154 7
155 7
156 7
157 7
158 7
159 7
160 8
161 8
162 8
163 8
164 8
165 8
166 8
167 8
168 8
169 8
170 8
171 8
172 8
173 8
174 8
175 8
176 8
177 8
178 8
179 8
180 9
181 9
182 9
183 9
184 9
185 9
186 9
187 9
188 9
189 9
190 9
191 9
192 9
193 9
194 9
195 9
196 9
197 9
198 9
199 9
200 10
201 10
202 10
203 10
204 10
205 10
206 10
207 10
208 10
209 10
210 10
211 10
212 10
213 10
214 10
215 10
216 10
217 10
218 10
219 10
220 11
221 11
222 11
223 11
224 11
225 11
226 11
227 11
228 11
229 11
230 11
231 11
232 11
233 11
234 11
235 11
236 11
237 11
238 11
239 11
240 12
241 12
242 12
243 12
244 12
245 12
246 12
247 12
248 12
249 12
250 12
251 12
252 12
253 12
254 12
255 12
256 12
257 12
258 12
259 12
260 13
261 13
262 13
263 13
264 13
265 13
266 13
267 13
268 13
269 13
270 13
271 13
272 13
273 13
274 13
275 13
276 13
277 13
278 13
279 13
280 14
281 14
282 14
283 14
284 14
285 14
286 14
287 14
288 14
289 14
290 14
291 14
292 14
293 14
294 14
295 14
296 14
297 14
298 14
299 14
300 15
301 15
302 15
303 15
304 15
305 15
306 15
307 15
308 15
309 15
310 15
311 15
312 15
313 15
314 15
315 15
316 15
317 15
318 15
319 15

2 1 0 0
2 0 0 0
3 0 0 0
3 1 0 0
4 2 0 0
4 3 0 0
5 1 0 0
5 0 0 0
6 5 0 0
6 3 0 0
7 5 0 0
7 6 0 0
8 4 0 0
8 7 0 0
9 8 0 0
9 2 0 0
10 6 0 0
10 1 0 0
11 6 0 0
11 7 0 0
12 1 0 0
12 3 0 0
13 4 0 0
13 7 0 0
14 2 0 0
14 13 0 0
15 2 0 0
15 14 0 0
16 12 0 0
16 11 0 0
17 11 0 0
17 12 0 0
18 13 0 0
18 11 0 0
19 1 0 0
19 9 0 0
0 10 0 0
0 16 0 0
1 11 0 0
1 18 0 0
22 20 1 1
22 21 1 1
23 22 1 1
23 20 1 1
24 20 1 1
24 21 1 1
25 20 1 1
25 23 1 1
26 23 1 1
26 20 1 1
27 21 1 1
27 24 1 1
28 23 1 1
28 22 1 1
29 28 1 1
29 27 1 1
30 28 1 1
30 21 1 1
31 29 1 1
31 26 1 1
32 30 1 1
32 22 1 1
33 20 1 1
33 24 1 1
34 24 1 1
34 22 1 1
35 24 1 1
35 25 1 1
36 31 1 1
36 27 1 1
37 23 1 1
37 35 1 1
38 25 1 1
38 36 1 1
39 23 1 1
39 26 1 1
20 32 1 1
20 31 1 1
21 38 1 1
21 26 1 1
42 41 2 2
42 40 2 2
43 40 2 2
43 42 2 2
44 41 2 2
44 42 2 2
45 44 2 2
45 41 2 2
46 45 2 2
46 41 2 2
47 43 2 2
47 41 2 2
48 45 2 2
48 42 2 2
49 47 2 2
49 42 2 2
50 45 2 2
50 46 2 2
51 40 2 2
51 43 2 2
52 47 2 2
52 50 2 2
53 49 2 2
53 41 2 2
54 44 2 2
54 47 2 2
55 40 2 2
55 53 2 2
56 46 2 2
56 53 2 2
57 44 2 2
57 56 2 2
58 49 2 2
58 44 2 2
59 40 2 2
59 41 2 2
40 49 2 2
40 52 2 2
41 43 2 2
41 49 2 2
62 60 3 3
62 61 3 3
63 60 3 3
63 62 3 3
64 61 3 3
64 62 3 3
65 61 3 3
65 60 3 3
66 60 3 3
66 63 3 3
67 62 3 3
67 65 3 3
68 60 3 3
68 67 3 3
69 67 3 3
69 68 3 3
70 67 3 3
70 68 3 3
71 65 3 3
71 60 3 3
72 69 3 3
72 66 3 3
73 61 3 3
73 65 3 3
74 70 3 3
74 72 3 3
75 69 3 3
75 71 3 3
76 63 3 3
76 70 3 3
77 63 3 3
77 68 3 3
78 64 3 3
78 66 3 3
79 74 3 3
79 77 3 3
60 72 3 3
60 70 3 3
61 63 3 3
61 72 3 3
82 81 4 4
82 80 4 4
83 81 4 4
83 80 4 4
84 82 4 4
84 81 4 4
85 84 4 4
85 82 4 4
86 82 4 4
86 80 4 4
87 83 4 4
87 85 4 4
88 87 4 4
88 83 4 4
89 86 4 4
89 88 4 4
90 88 4 4
90 80 4 4
91 84 4 4
91 90 4 4
92 88 4 4
92 89 4 4
93 80 4 4
93 88 4 4
94 86 4 4
94 82 4 4
95 81 4 4
95 82 4 4
96 88 4 4
96 93 4 4
97 83 4 4
97 80 4 4
98 88 4 4
98 90 4 4
99 90 4 4
99 93 4 4
80 95 4 4
80 87 4 4
81 91 4 4
81 88 4 4
102 101 5 5
102 100 5 5
103 101 5 5
103 102 5 5
104 103 5 5
104 102 5 5
105 104 5 5
105 101 5 5
106 104 5 5
106 105 5 5
107 100 5 5
107 101 5 5
108 103 5 5
108 105 5 5
109 103 5 5
109 108 5 5
110 108 5 5
110 105 5 5
111 105 5 5
111 103 5 5
112 105 5 5
112 101 5 5
113 106 5 5
113 102 5 5
114 103 5 5
114 113 5 5
115 112 5 5
115 110 5 5
116 105 5 5
116 103 5 5
117 101 5 5
117 102 5 5
118 112 5 5
118 117 5 5
119 100 5 5
119 108 5 5
100 111 5 5
100 113 5 5
101 113 5 5
101 115 5 5
122 120 6 6
122 121 6 6
123 122 6 6
123 120 6 6
124 123 6 6
124 121 6 6
125 123 6 6
125 122 6 6
126 121 6 6
126 123 6 6
127 122 6 6
127 123 6 6
128 126 6 6
128 125 6 6
129 128 6 6
129 124 6 6
130 125 6 6
130 129 6 6
131 122 6 6
131 129 6 6
132 131 6 6
132 120 6 6
133 126 6 6
133 128 6 6
134 130 6 6
134 129 6 6
135 121 6 6
135 125 6 6
136 135 6 6
136 128 6 6
137 136 6 6
137 135 6 6
138 129 6 6
138 136 6 6
139 129 6 6
139 134 6 6
120 136 6 6
120 124 6 6
121 139 6 6
121 136 6 6
142 140 7 7
142 141 7 7
143 141 7 7
143 140 7 7
144 142 7 7
144 143 7 7
145 143 7 7
145 142 7 7
146 140 7 7
146 142 7 7
147 140 7 7
147 143 7 7
148 142 7 7
148 145 7 7
149 145 7 7
149 148 7 7
150 143 7 7
150 149 7 7
151 142 7 7
151 140 7 7
152 145 7 7
152 146 7 7
153 152 7 7
153 143 7 7
154 144 7 7
154 141 7 7
155 152 7 7
155 146 7 7
156 150 7 7
156 145 7 7
157 152 7 7
157 142 7 7
158 141 7 7
158 156 7 7
159 145 7 7
159 156 7 7
140 152 7 7
140 153 7 7
141 151 7 7
141 152 7 7
162 160 8 8
162 161 8 8
163 160 8 8
163 161 8 8
164 163 8 8
164 162 8 8
165 161 8 8
165 164 8 8
166 164 8 8
166 163 8 8
167 162 8 8
167 163 8 8
168 161 8 8
168 160 8 8
169 160 8 8
169 168 8 8
170 168 8 8
170 161 8 8
171 170 8 8
171 165 8 8
172 171 8 8
172 161 8 8
173 171 8 8
173 161 8 8
174 167 8 8
174 163 8 8
175 171 8 8
175 172 8 8
176 172 8 8
176 174 8 8
177 173 8 8
177 171 8 8
178 169 8 8
178 160 8 8
179 168 8 8
179 176 8 8
160 170 8 8
160 175 8 8
161 176 8 8
161 178 8 8
182 180 9 9
182 181 9 9
183 181 9 9
183 180 9 9
184 180 9 9
184 183 9 9
185 181 9 9
185 180 9 9
186 185 9 9
186 180 9 9
187 183 9 9
187 184 9 9
188 184 9 9
188 186 9 9
189 183 9 9
189 180 9 9
190 182 9 9
190 185 9 9
191 187 9 9
191 188 9 9
192 189 9 9
192 182 9 9
193 191 9 9
193 186 9 9
194 186 9 9
194 187 9 9
195 180 9 9
195 192 9 9
196 194 9 9
196 193 9 9
197 189 9 9
197 186 9 9
198 182 9 9
198 189 9 9
199 187 9 9
199 184 9 9
180 187 9 9
180 191 9 9
181 189 9 9
181 199 9 9
202 201 10 10
202 200 10 10
203 200 10 10
203 201 10 10
204 200 10 10
204 203 10 10
205 204 10 10
205 203 10 10
206 204 10 10
206 200 10 10
207 201 10 10
207 202 10 10
208 204 10 10
208 205 10 10
209 205 10 10
209 208 10 10
210 202 10 10
210 200 10 10
211 209 10 10
211 202 10 10
212 211 10 10
212 206 10 10
213 212 10 10
213 201 10 10
214 212 10 10
214 213 10 10
215 204 10 10
215 206 10 10
216 215 10 10
216 213 10 10
217 213 10 10
217 206 10 10
218 210 10 10
218 212 10 10
219 204 10 10
219 215 10 10
200 208 10 10
200 209 10 10
201 206 10 10
201 211 10 10
222 220 11 11
222 221 11 11
223 221 11 11
223 222 11 11
224 220 11 11
224 222 11 11
225 223 11 11
225 221 11 11
226 221 11 11
226 223 11 11
227 221 11 11
227 223 11 11
228 223 11 11
228 227 11 11
229 222 11 11
229 228 11 11
230 223 11 11
230 221 11 11
231 220 11 11
231 227 11 11
232 229 11 11
232 223 11 11
233 229 11 11
233 222 11 11
234 221 11 11
234 220 11 11
235 233 11 11
235 221 11 11
236 229 11 11
236 231 11 11
237 234 11 11
237 232 11 11
238 231 11 11
238 220 11 11
239 222 11 11
239 231 11 11
220 223 11 11
220 237 11 11
221 231 11 11
221 238 11 11
242 240 12 12
242 241 12 12
243 241 12 12
243 242 12 12
244 241 12 12
244 243 12 12
245 244 12 12
245 241 12 12
246 240 12 12
246 241 12 12
247 246 12 12
247 243 12 12
248 242 12 12
248 246 12 12
249 245 12 12
249 242 12 12
250 245 12 12
250 242 12 12
251 240 12 12
251 241 12 12
252 241 12 12
252 251 12 12
253 242 12 12
253 240 12 12
254 243 12 12
254 252 12 12
255 243 12 12
255 251 12 12
256 249 12 12
256 251 12 12
257 254 12 12
257 242 12 12
258 251 12 12
258 256 12 12
259 242 12 12
259 248 12 12
240 247 12 12
240 255 12 12
241 255 12 12
241 248 12 12
262 261 13 13
262 260 13 13
263 261 13 13
263 262 13 13
264 261 13 13
264 260 13 13
265 261 13 13
265 263 13 13
266 260 13 13
266 261 13 13
267 262 13 13
267 264 13 13
268 263 13 13
268 262 13 13
269 263 13 13
269 265 13 13
270 261 13 13
270 269 13 13
271 268 13 13
271 269 13 13
272 260 13 13
272 261 13 13
273 269 13 13
273 265 13 13
274 273 13 13
274 270 13 13
275 273 13 13
275 261 13 13
276 263 13 13
276 270 13 13
277 273 13 13
277 271 13 13
278 265 13 13
278 262 13 13
279 263 13 13
279 260 13 13
260 263 13 13
260 269 13 13
261 271 13 13
261 274 13 13
282 280 14 14
282 281 14 14
283 280 14 14
283 282 14 14
284 281 14 14
284 280 14 14
285 284 14 14
285 283 14 14
286 282 14 14
286 284 14 14
287 284 14 14
287 280 14 14
288 280 14 14
288 286 14 14
289 283 14 14
289 288 14 14
290 287 14 14
290 284 14 14
291 286 14 14
291 288 14 14
292 283 14 14
292 291 14 14
293 281 14 14
293 286 14 14
294 290 14 14
294 286 14 14
295 281 14 14
295 284 14 14
296 283 14 14
296 282 14 14
297 296 14 14
297 295 14 14
298 296 14 14
298 290 14 14
299 298 14 14
299 290 14 14
280 299 14 14
280 289 14 14
281 286 14 14
281 297 14 14
302 300 15 15
302 301 15 15
303 300 15 15
303 301 15 15
304 303 15 15
304 300 15 15
305 300 15 15
305 302 15 15
306 305 15 15
306 304 15 15
307 304 15 15
307 301 15 15
308 301 15 15
308 300 15 15
309 308 15 15
309 302 15 15
310 307 15 15
310 306 15 15
311 309 15 15
311 305 15 15
312 302 15 15
312 309 15 15
313 310 15 15
313 303 15 15
314 306 15 15
314 308 15 15
315 312 15 15
315 311 15 15
316 314 15 15
316 308 15 15
317 311 15 15
317 307 15 15
318 312 15 15
318 315 15 15
319 309 15 15
319 317 15 15
300 312 15 15
300 309 15 15
301 314 15 15
301 316 15 15
47 13 2 0
45 31 2 1
60 58 3 2
69 10 3 0
99 65 4 3
92 1 4 0
107 89 5 4
101 61 5 3
135 71 6 3
128 16 6 0
140 81 7 4
148 117 7 5
169 115 8 5
169 147 8 7
186 43 9 2
190 83 9 4
207 62 10 3
210 99 10 4
234 155 11 7
237 10 11 0
248 200 12 10
247 74 12 3
271 182 13 9
277 239 13 11
298 189 14 9
292 22 14 1
307 244 15 12
311 216 15 10
6 218 0 10
6 282 0 14
28 300 1 15
39 224 1 11
