swNum = 320
edgeNum = 672

0 0
1 0
2 0
3 0
4 0
5 0
6 0
7 0
8 0
9 0
10 0
11 0
12 0
13 0
14 0
15 0
16 0
17 0
18 0
19 0
20 1
21 1
22 1
23 1
24 1
25 1
26 1
27 1
28 1
29 1
30 1
31 1
32 1
33 1
34 1
35 1
36 1
37 1
38 1
39 1
40 2
41 2
42 2
43 2
44 2
45 2
46 2
47 2
48 2
49 2
50 2
51 2
52 2
53 2
54 2
55 2
56 2
57 2
58 2
59 2
60 3
61 3
62 3
63 3
64 3
65 3
66 3
67 3
68 3
69 3
70 3
71 3
72 3
73 3
74 3
75 3
76 3
77 3
78 3
79 3
80 4
81 4
82 4
83 4
84 4
85 4
86 4
87 4
88 4
89 4
90 4
91 4
92 4
93 4
94 4
95 4
96 4
97 4
98 4
99 4
100 5
101 5
102 5
103 5
104 5
105 5
106 5
107 5
108 5
109 5
110 5
111 5
112 5
113 5
114 5
115 5
116 5
117 5
118 5
119 5
120 6
121 6
122 6
123 6
124 6
125 6
126 6
127 6
128 6
129 6
130 6
131 6
132 6
133 6
134 6
135 6
136 6
137 6
138 6
139 6
140 7
141 7
142 7
143 7
144 7
145 7
146 7
147 7
148 7
149 7
150 7
151 7
152 7
153 7
154 7
155 7
156 7
157 7
158 7
159 7
160 8
161 8
162 8
163 8
164 8
165 8
166 8
167 8
168 8
169 8
170 8
171 8
172 8
173 8
174 8
175 8
176 8
177 8
178 8
179 8
180 9
181 9
182 9
183 9
184 9
185 9
186 9
187 9
188 9
189 9
190 9
191 9
192 9
193 9
194 9
195 9
196 9
197 9
198 9
199 9
200 10
201 10
202 10
203 10
204 10
205 10
206 10
207 10
208 10
209 10
210 10
211 10
212 10
213 10
214 10
215 10
216 10
217 10
218 10
219 10
220 11
221 11
222 11
223 11
224 11
225 11
226 11
227 11
228 11
229 11
230 11
231 11
232 11
233 11
234 11
235 11
236 11
237 11
238 11
239 11
240 12
241 12
242 12
243 12
244 12
245 12
246 12
247 12
248 12
249 12
250 12
251 12
252 12
253 12
254 12
255 12
256 12
257 12
258 12
259 12
260 13
261 13
262 13
263 13
264 13
265 13
266 13
267 13
268 13
269 13
270 13
271 13
272 13
273 13
274 13
275 13
276 13
277 13
278 13
279 13
280 14
281 14
282 14
283 14
284 14
285 14
286 14
287 14
288 14
289 14
290 14
291 14
292 14
293 14
294 14
295 14
296 14
297 14
298 14
299 14
300 15
301 15
302 15
303 15
304 15
305 15
306 15
307 15
308 15
309 15
310 15
311 15
312 15
313 15
314 15
315 15
316 15
317 15
318 15
319 15

2 1 0 0
2 0 0 0
3 2 0 0
3 1 0 0
4 2 0 0
4 0 0 0
5 2 0 0
5 3 0 0
6 2 0 0
6 5 0 0
7 2 0 0
7 0 0 0
8 6 0 0
8 1 0 0
9 6 0 0
9 4 0 0
10 4 0 0
10 2 0 0
11 4 0 0
11 10 0 0
12 4 0 0
12 2 0 0
13 9 0 0
13 6 0 0
14 9 0 0
14 11 0 0
15 10 0 0
15 0 0 0
16 13 0 0
16 2 0 0
17 11 0 0
17 6 0 0
18 14 0 0
18 4 0 0
19 17 0 0
19 4 0 0
0 16 0 0
0 3 0 0
1 18 0 0
1 15 0 0
22 20 1 1
22 21 1 1
23 22 1 1
23 20 1 1
24 23 1 1
24 22 1 1
25 20 1 1
25 21 1 1
26 21 1 1
26 20 1 1
27 22 1 1
27 23 1 1
28 26 1 1
28 25 1 1
29 23 1 1
29 21 1 1
30 23 1 1
30 25 1 1
31 22 1 1
31 20 1 1
32 28 1 1
32 31 1 1
33 32 1 1
33 20 1 1
34 28 1 1
34 25 1 1
35 22 1 1
35 25 1 1
36 22 1 1
36 31 1 1
37 25 1 1
37 32 1 1
38 22 1 1
38 20 1 1
39 20 1 1
39 28 1 1
20 37 1 1
20 35 1 1
21 28 1 1
21 30 1 1
42 41 2 2
42 40 2 2
43 40 2 2
43 42 2 2
44 42 2 2
44 41 2 2
45 43 2 2
45 40 2 2
46 41 2 2
46 43 2 2
47 40 2 2
47 46 2 2
48 44 2 2
48 41 2 2
49 44 2 2
49 40 2 2
50 48 2 2
50 43 2 2
51 42 2 2
51 43 2 2
52 47 2 2
52 46 2 2
53 51 2 2
53 44 2 2
54 45 2 2
54 52 2 2
55 46 2 2
55 45 2 2
56 44 2 2
56 50 2 2
57 51 2 2
57 48 2 2
58 51 2 2
58 43 2 2
59 54 2 2
59 42 2 2
40 44 2 2
40 55 2 2
41 43 2 2
41 57 2 2
62 60 3 3
62 61 3 3
63 60 3 3
63 62 3 3
64 63 3 3
64 60 3 3
65 63 3 3
65 61 3 3
66 62 3 3
66 63 3 3
67 62 3 3
67 64 3 3
68 63 3 3
68 62 3 3
69 67 3 3
69 65 3 3
70 63 3 3
70 60 3 3
71 65 3 3
71 66 3 3
72 68 3 3
72 62 3 3
73 61 3 3
73 70 3 3
74 70 3 3
74 73 3 3
75 61 3 3
75 68 3 3
76 63 3 3
76 74 3 3
77 71 3 3
77 65 3 3
78 64 3 3
78 70 3 3
79 67 3 3
79 70 3 3
60 68 3 3
60 72 3 3
61 78 3 3
61 69 3 3
82 80 4 4
82 81 4 4
83 80 4 4
83 81 4 4
84 80 4 4
84 82 4 4
85 82 4 4
85 81 4 4
86 84 4 4
86 81 4 4
87 86 4 4
87 85 4 4
88 83 4 4
88 82 4 4
89 85 4 4
89 86 4 4
90 80 4 4
90 87 4 4
91 85 4 4
91 81 4 4
92 86 4 4
92 85 4 4
93 86 4 4
93 87 4 4
94 90 4 4
94 92 4 4
95 94 4 4
95 90 4 4
96 85 4 4
96 91 4 4
97 95 4 4
97 84 4 4
98 87 4 4
98 83 4 4
99 81 4 4
99 98 4 4
80 97 4 4
80 94 4 4
81 98 4 4
81 93 4 4
102 100 5 5
102 101 5 5
103 102 5 5
103 100 5 5
104 100 5 5
104 101 5 5
105 103 5 5
105 100 5 5
106 104 5 5
106 102 5 5
107 104 5 5
107 103 5 5
108 105 5 5
108 103 5 5
109 102 5 5
109 100 5 5
110 107 5 5
110 106 5 5
111 106 5 5
111 108 5 5
112 108 5 5
112 111 5 5
113 111 5 5
113 107 5 5
114 108 5 5
114 101 5 5
115 113 5 5
115 100 5 5
116 101 5 5
116 102 5 5
117 106 5 5
117 105 5 5
118 113 5 5
118 117 5 5
119 108 5 5
119 110 5 5
100 107 5 5
100 112 5 5
101 103 5 5
101 106 5 5
122 120 6 6
122 121 6 6
123 120 6 6
123 121 6 6
124 122 6 6
124 123 6 6
125 120 6 6
125 123 6 6
126 122 6 6
126 123 6 6
127 121 6 6
127 125 6 6
128 123 6 6
128 125 6 6
129 125 6 6
129 126 6 6
130 123 6 6
130 128 6 6
131 124 6 6
131 125 6 6
132 131 6 6
132 128 6 6
133 124 6 6
133 120 6 6
134 120 6 6
134 132 6 6
135 134 6 6
135 124 6 6
136 120 6 6
136 135 6 6
137 129 6 6
137 127 6 6
138 125 6 6
138 123 6 6
139 133 6 6
139 121 6 6
120 124 6 6
120 135 6 6
121 129 6 6
121 132 6 6
142 140 7 7
142 141 7 7
143 140 7 7
143 141 7 7
144 142 7 7
144 143 7 7
145 140 7 7
145 144 7 7
146 145 7 7
146 140 7 7
147 142 7 7
147 145 7 7
148 140 7 7
148 146 7 7
149 140 7 7
149 147 7 7
150 141 7 7
150 148 7 7
151 147 7 7
151 149 7 7
152 146 7 7
152 143 7 7
153 149 7 7
153 143 7 7
154 140 7 7
154 141 7 7
155 147 7 7
155 141 7 7
156 149 7 7
156 147 7 7
157 142 7 7
157 145 7 7
158 151 7 7
158 155 7 7
159 152 7 7
159 149 7 7
140 158 7 7
140 156 7 7
141 148 7 7
141 152 7 7
162 161 8 8
162 160 8 8
163 162 8 8
163 161 8 8
164 161 8 8
164 160 8 8
165 160 8 8
165 164 8 8
166 162 8 8
166 163 8 8
167 166 8 8
167 162 8 8
168 161 8 8
168 165 8 8
169 161 8 8
169 162 8 8
170 166 8 8
170 163 8 8
171 162 8 8
171 164 8 8
172 170 8 8
172 171 8 8
173 172 8 8
173 166 8 8
174 170 8 8
174 172 8 8
175 167 8 8
175 169 8 8
176 168 8 8
176 163 8 8
177 174 8 8
177 162 8 8
178 169 8 8
178 175 8 8
179 161 8 8
179 171 8 8
160 179 8 8
160 173 8 8
161 178 8 8
161 171 8 8
182 181 9 9
182 180 9 9
183 181 9 9
183 180 9 9
184 181 9 9
184 182 9 9
185 184 9 9
185 183 9 9
186 181 9 9
186 180 9 9
187 182 9 9
187 181 9 9
188 185 9 9
188 183 9 9
189 186 9 9
189 181 9 9
190 184 9 9
190 186 9 9
191 186 9 9
191 183 9 9
192 181 9 9
192 182 9 9
193 192 9 9
193 189 9 9
194 191 9 9
194 183 9 9
195 187 9 9
195 194 9 9
196 188 9 9
196 190 9 9
197 194 9 9
197 183 9 9
198 189 9 9
198 194 9 9
199 185 9 9
199 184 9 9
180 189 9 9
180 184 9 9
181 193 9 9
181 197 9 9
202 201 10 10
202 200 10 10
203 201 10 10
203 202 10 10
204 202 10 10
204 203 10 10
205 201 10 10
205 203 10 10
206 203 10 10
206 202 10 10
207 203 10 10
207 200 10 10
208 200 10 10
208 201 10 10
209 203 10 10
209 206 10 10
210 203 10 10
210 209 10 10
211 202 10 10
211 204 10 10
212 202 10 10
212 208 10 10
213 205 10 10
213 211 10 10
214 213 10 10
214 204 10 10
215 212 10 10
215 208 10 10
216 211 10 10
216 215 10 10
217 209 10 10
217 215 10 10
218 206 10 10
218 216 10 10
219 218 10 10
219 215 10 10
200 215 10 10
200 217 10 10
201 218 10 10
201 212 10 10
222 221 11 11
222 220 11 11
223 222 11 11
223 220 11 11
224 223 11 11
224 220 11 11
225 221 11 11
225 222 11 11
226 220 11 11
226 222 11 11
227 226 11 11
227 220 11 11
228 222 11 11
228 225 11 11
229 224 11 11
229 220 11 11
230 229 11 11
230 225 11 11
231 220 11 11
231 227 11 11
232 228 11 11
232 231 11 11
233 230 11 11
233 228 11 11
234 231 11 11
234 225 11 11
235 230 11 11
235 229 11 11
236 220 11 11
236 222 11 11
237 233 11 11
237 226 11 11
238 221 11 11
238 230 11 11
239 230 11 11
239 238 11 11
220 225 11 11
220 237 11 11
221 227 11 11
221 234 11 11
242 241 12 12
242 240 12 12
243 240 12 12
243 241 12 12
244 240 12 12
244 243 12 12
245 242 12 12
245 241 12 12
246 241 12 12
246 244 12 12
247 241 12 12
247 244 12 12
248 241 12 12
248 240 12 12
249 246 12 12
249 240 12 12
250 240 12 12
250 243 12 12
251 247 12 12
251 246 12 12
252 247 12 12
252 245 12 12
253 242 12 12
253 248 12 12
254 248 12 12
254 246 12 12
255 243 12 12
255 241 12 12
256 253 12 12
256 240 12 12
257 250 12 12
257 256 12 12
258 255 12 12
258 240 12 12
259 241 12 12
259 254 12 12
240 259 12 12
240 251 12 12
241 251 12 12
241 244 12 12
262 261 13 13
262 260 13 13
263 262 13 13
263 260 13 13
264 263 13 13
264 261 13 13
265 260 13 13
265 263 13 13
266 261 13 13
266 262 13 13
267 265 13 13
267 263 13 13
268 264 13 13
268 260 13 13
269 261 13 13
269 266 13 13
270 266 13 13
270 264 13 13
271 266 13 13
271 269 13 13
272 260 13 13
272 262 13 13
273 264 13 13
273 266 13 13
274 268 13 13
274 272 13 13
275 261 13 13
275 271 13 13
276 261 13 13
276 269 13 13
277 260 13 13
277 275 13 13
278 263 13 13
278 276 13 13
279 278 13 13
279 272 13 13
260 266 13 13
260 276 13 13
261 273 13 13
261 278 13 13
282 280 14 14
282 281 14 14
283 280 14 14
283 282 14 14
284 281 14 14
284 280 14 14
285 281 14 14
285 282 14 14
286 280 14 14
286 283 14 14
287 283 14 14
287 285 14 14
288 284 14 14
288 282 14 14
289 288 14 14
289 285 14 14
290 285 14 14
290 281 14 14
291 287 14 14
291 289 14 14
292 289 14 14
292 291 14 14
293 281 14 14
293 287 14 14
294 286 14 14
294 292 14 14
295 294 14 14
295 282 14 14
296 292 14 14
296 291 14 14
297 290 14 14
297 287 14 14
298 280 14 14
298 295 14 14
299 284 14 14
299 283 14 14
280 299 14 14
280 292 14 14
281 287 14 14
281 297 14 14
302 301 15 15
302 300 15 15
303 300 15 15
303 302 15 15
304 300 15 15
304 302 15 15
305 300 15 15
305 302 15 15
306 304 15 15
306 301 15 15
307 300 15 15
307 301 15 15
308 303 15 15
308 302 15 15
309 300 15 15
309 304 15 15
310 304 15 15
310 303 15 15
311 304 15 15
311 306 15 15
312 311 15 15
312 303 15 15
313 300 15 15
313 307 15 15
314 307 15 15
314 311 15 15
315 300 15 15
315 310 15 15
316 301 15 15
316 312 15 15
317 310 15 15
317 302 15 15
318 303 15 15
318 300 15 15
319 318 15 15
319 304 15 15
300 310 15 15
300 312 15 15
301 310 15 15
301 313 15 15
40 24 2 1
52 13 2 0
68 10 3 0
68 23 3 1
94 3 4 0
99 58 4 2
102 63 5 3
117 88 5 4
125 62 6 3
134 3 6 0
144 127 7 6
155 3 7 0
173 2 8 0
172 154 8 7
199 17 9 0
188 175 9 8
218 19 10 0
211 148 10 7
239 154 11 7
223 69 11 3
254 158 12 7
244 131 12 6
272 178 13 8
276 92 13 4
285 85 14 4
288 0 14 0
304 72 15 3
300 59 15 2
7 246 0 12
7 103 0 5
28 225 1 11
30 298 1 14
