swNum = 320
edgeNum = 672

0 0
1 0
2 0
3 0
4 0
5 0
6 0
7 0
8 0
9 0
10 0
11 0
12 0
13 0
14 0
15 0
16 0
17 0
18 0
19 0
20 1
21 1
22 1
23 1
24 1
25 1
26 1
27 1
28 1
29 1
30 1
31 1
32 1
33 1
34 1
35 1
36 1
37 1
38 1
39 1
40 2
41 2
42 2
43 2
44 2
45 2
46 2
47 2
48 2
49 2
50 2
51 2
52 2
53 2
54 2
55 2
56 2
57 2
58 2
59 2
60 3
61 3
62 3
63 3
64 3
65 3
66 3
67 3
68 3
69 3
70 3
71 3
72 3
73 3
74 3
75 3
76 3
77 3
78 3
79 3
80 4
81 4
82 4
83 4
84 4
85 4
86 4
87 4
88 4
89 4
90 4
91 4
92 4
93 4
94 4
95 4
96 4
97 4
98 4
99 4
100 5
101 5
102 5
103 5
104 5
105 5
106 5
107 5
108 5
109 5
110 5
111 5
112 5
113 5
114 5
115 5
116 5
117 5
118 5
119 5
120 6
121 6
122 6
123 6
124 6
125 6
126 6
127 6
128 6
129 6
130 6
131 6
132 6
133 6
134 6
135 6
136 6
137 6
138 6
139 6
140 7
141 7
142 7
143 7
144 7
145 7
146 7
147 7
148 7
149 7
150 7
151 7
152 7
153 7
154 7
155 7
156 7
157 7
158 7
159 7
160 8
161 8
162 8
163 8
164 8
165 8
166 8
167 8
168 8
169 8
170 8
171 8
172 8
173 8
174 8
175 8
176 8
177 8
178 8
179 8
180 9
181 9
182 9
183 9
184 9
185 9
186 9
187 9
188 9
189 9
190 9
191 9
192 9
193 9
194 9
195 9
196 9
197 9
198 9
199 9
200 10
201 10
202 10
203 10
204 10
205 10
206 10
207 10
208 10
209 10
210 10
211 10
212 10
213 10
214 10
215 10
216 10
217 10
218 10
219 10
220 11
221 11
222 11
223 11
224 11
225 11
226 11
227 11
228 11
229 11
230 11
231 11
232 11
233 11
234 11
235 11
236 11
237 11
238 11
239 11
240 12
241 12
242 12
243 12
244 12
245 12
246 12
247 12
248 12
249 12
250 12
251 12
252 12
253 12
254 12
255 12
256 12
257 12
258 12
259 12
260 13
261 13
262 13
263 13
264 13
265 13
266 13
267 13
268 13
269 13
270 13
271 13
272 13
273 13
274 13
275 13
276 13
277 13
278 13
279 13
280 14
281 14
282 14
283 14
284 14
285 14
286 14
287 14
288 14
289 14
290 14
291 14
292 14
293 14
294 14
295 14
296 14
297 14
298 14
299 14
300 15
301 15
302 15
303 15
304 15
305 15
306 15
307 15
308 15
309 15
310 15
311 15
312 15
313 15
314 15
315 15
316 15
317 15
318 15
319 15

2 1 0 0
2 0 0 0
3 0 0 0
3 2 0 0
4 1 0 0
4 0 0 0
5 1 0 0
5 2 0 0
6 5 0 0
6 3 0 0
7 4 0 0
7 0 0 0
8 0 0 0
8 6 0 0
9 2 0 0
9 1 0 0
10 9 0 0
10 8 0 0
11 4 0 0
11 0 0 0
12 8 0 0
12 0 0 0
13 5 0 0
13 1 0 0
14 4 0 0
14 2 0 0
15 0 0 0
15 3 0 0
16 14 0 0
16 5 0 0
17 2 0 0
17 4 0 0
18 11 0 0
18 1 0 0
19 9 0 0
19 18 0 0
0 14 0 0
0 6 0 0
1 11 0 0
1 16 0 0
22 21 1 1
22 20 1 1
23 21 1 1
23 22 1 1
24 23 1 1
24 20 1 1
25 22 1 1
25 23 1 1
26 21 1 1
26 20 1 1
27 26 1 1
27 24 1 1
28 23 1 1
28 27 1 1
29 22 1 1
29 21 1 1
30 29 1 1
30 20 1 1
31 30 1 1
31 23 1 1
32 25 1 1
32 29 1 1
33 26 1 1
33 32 1 1
34 31 1 1
34 24 1 1
35 24 1 1
35 23 1 1
36 32 1 1
36 29 1 1
37 33 1 1
37 26 1 1
38 21 1 1
38 28 1 1
39 31 1 1
39 23 1 1
20 33 1 1
20 39 1 1
21 35 1 1
21 27 1 1
42 40 2 2
42 41 2 2
43 41 2 2
43 40 2 2
44 43 2 2
44 40 2 2
45 41 2 2
45 43 2 2
46 45 2 2
46 42 2 2
47 44 2 2
47 45 2 2
48 45 2 2
48 47 2 2
49 47 2 2
49 40 2 2
50 42 2 2
50 40 2 2
51 48 2 2
51 40 2 2
52 42 2 2
52 50 2 2
53 40 2 2
53 50 2 2
54 43 2 2
54 49 2 2
55 49 2 2
55 46 2 2
56 44 2 2
56 55 2 2
57 43 2 2
57 52 2 2
58 50 2 2
58 42 2 2
59 45 2 2
59 57 2 2
40 54 2 2
40 55 2 2
41 46 2 2
41 59 2 2
62 60 3 3
62 61 3 3
63 60 3 3
63 61 3 3
64 63 3 3
64 60 3 3
65 61 3 3
65 64 3 3
66 61 3 3
66 65 3 3
67 66 3 3
67 62 3 3
68 64 3 3
68 63 3 3
69 62 3 3
69 67 3 3
70 62 3 3
70 69 3 3
71 65 3 3
71 66 3 3
72 71 3 3
72 68 3 3
73 62 3 3
73 60 3 3
74 70 3 3
74 68 3 3
75 69 3 3
75 68 3 3
76 74 3 3
76 64 3 3
77 60 3 3
77 66 3 3
78 76 3 3
78 60 3 3
79 74 3 3
79 69 3 3
60 67 3 3
60 68 3 3
61 76 3 3
61 71 3 3
82 81 4 4
82 80 4 4
83 80 4 4
83 82 4 4
84 82 4 4
84 81 4 4
85 80 4 4
85 84 4 4
86 85 4 4
86 84 4 4
87 81 4 4
87 84 4 4
88 86 4 4
88 80 4 4
89 86 4 4
89 82 4 4
90 83 4 4
90 88 4 4
91 86 4 4
91 89 4 4
92 81 4 4
92 88 4 4
93 87 4 4
93 90 4 4
94 81 4 4
94 92 4 4
95 86 4 4
95 88 4 4
96 86 4 4
96 82 4 4
97 92 4 4
97 85 4 4
98 82 4 4
98 90 4 4
99 97 4 4
99 81 4 4
80 93 4 4
80 92 4 4
81 89 4 4
81 83 4 4
102 101 5 5
102 100 5 5
103 100 5 5
103 101 5 5
104 102 5 5
104 103 5 5
105 101 5 5
105 102 5 5
106 102 5 5
106 104 5 5
107 102 5 5
107 106 5 5
108 105 5 5
108 101 5 5
109 102 5 5
109 105 5 5
110 106 5 5
110 108 5 5
111 100 5 5
111 108 5 5
112 103 5 5
112 102 5 5
113 111 5 5
113 100 5 5
114 104 5 5
114 102 5 5
115 108 5 5
115 111 5 5
116 115 5 5
116 107 5 5
117 111 5 5
117 115 5 5
118 113 5 5
118 107 5 5
119 118 5 5
119 109 5 5
100 119 5 5
100 117 5 5
101 109 5 5
101 114 5 5
122 121 6 6
122 120 6 6
123 122 6 6
123 121 6 6
124 120 6 6
124 123 6 6
125 124 6 6
125 123 6 6
126 121 6 6
126 125 6 6
127 126 6 6
127 121 6 6
128 125 6 6
128 126 6 6
129 125 6 6
129 128 6 6
130 124 6 6
130 129 6 6
131 130 6 6
131 125 6 6
132 123 6 6
132 124 6 6
133 130 6 6
133 128 6 6
134 132 6 6
134 126 6 6
135 134 6 6
135 131 6 6
136 130 6 6
136 126 6 6
137 130 6 6
137 132 6 6
138 120 6 6
138 130 6 6
139 120 6 6
139 137 6 6
120 130 6 6
120 132 6 6
121 138 6 6
121 139 6 6
142 140 7 7
142 141 7 7
143 142 7 7
143 140 7 7
144 142 7 7
144 141 7 7
145 142 7 7
145 141 7 7
146 145 7 7
146 143 7 7
147 145 7 7
147 146 7 7
148 146 7 7
148 142 7 7
149 142 7 7
149 145 7 7
150 146 7 7
150 143 7 7
151 147 7 7
151 144 7 7
152 142 7 7
152 140 7 7
153 140 7 7
153 149 7 7
154 143 7 7
154 150 7 7
155 141 7 7
155 148 7 7
156 151 7 7
156 154 7 7
157 148 7 7
157 146 7 7
158 145 7 7
158 148 7 7
159 147 7 7
159 148 7 7
140 144 7 7
140 150 7 7
141 146 7 7
141 152 7 7
162 160 8 8
162 161 8 8
163 162 8 8
163 160 8 8
164 161 8 8
164 162 8 8
165 164 8 8
165 161 8 8
166 160 8 8
166 165 8 8
167 163 8 8
167 162 8 8
168 161 8 8
168 163 8 8
169 162 8 8
169 168 8 8
170 162 8 8
170 165 8 8
171 169 8 8
171 164 8 8
172 166 8 8
172 170 8 8
173 171 8 8
173 160 8 8
174 164 8 8
174 169 8 8
175 170 8 8
175 165 8 8
176 160 8 8
176 173 8 8
177 168 8 8
177 166 8 8
178 160 8 8
178 171 8 8
179 168 8 8
179 177 8 8
160 168 8 8
160 177 8 8
161 163 8 8
161 170 8 8
182 180 9 9
182 181 9 9
183 180 9 9
183 182 9 9
184 180 9 9
184 183 9 9
185 184 9 9
185 182 9 9
186 185 9 9
186 184 9 9
187 180 9 9
187 185 9 9
188 183 9 9
188 185 9 9
189 188 9 9
189 184 9 9
190 188 9 9
190 180 9 9
191 180 9 9
191 188 9 9
192 180 9 9
192 190 9 9
193 188 9 9
193 181 9 9
194 182 9 9
194 181 9 9
195 180 9 9
195 186 9 9
196 195 9 9
196 182 9 9
197 196 9 9
197 190 9 9
198 192 9 9
198 195 9 9
199 180 9 9
199 191 9 9
180 197 9 9
180 198 9 9
181 184 9 9
181 196 9 9
202 201 10 10
202 200 10 10
203 200 10 10
203 202 10 10
204 201 10 10
204 202 10 10
205 200 10 10
205 201 10 10
206 205 10 10
206 201 10 10
207 201 10 10
207 202 10 10
208 206 10 10
208 202 10 10
209 200 10 10
209 208 10 10
210 207 10 10
210 201 10 10
211 204 10 10
211 208 10 10
212 207 10 10
212 204 10 10
213 200 10 10
213 204 10 10
214 209 10 10
214 213 10 10
215 211 10 10
215 207 10 10
216 205 10 10
216 208 10 10
217 202 10 10
217 211 10 10
218 210 10 10
218 201 10 10
219 213 10 10
219 201 10 10
200 217 10 10
200 208 10 10
201 212 10 10
201 216 10 10
222 220 11 11
222 221 11 11
223 221 11 11
223 220 11 11
224 223 11 11
224 220 11 11
225 220 11 11
225 222 11 11
226 223 11 11
226 222 11 11
227 222 11 11
227 220 11 11
228 223 11 11
228 220 11 11
229 227 11 11
229 222 11 11
230 220 11 11
230 222 11 11
231 222 11 11
231 220 11 11
232 225 11 11
232 230 11 11
233 221 11 11
233 223 11 11
234 220 11 11
234 225 11 11
235 226 11 11
235 222 11 11
236 220 11 11
236 227 11 11
237 232 11 11
237 227 11 11
238 224 11 11
238 232 11 11
239 228 11 11
239 229 11 11
220 237 11 11
220 232 11 11
221 227 11 11
221 226 11 11
242 240 12 12
242 241 12 12
243 242 12 12
243 240 12 12
244 242 12 12
244 241 12 12
245 244 12 12
245 242 12 12
246 242 12 12
246 243 12 12
247 241 12 12
247 242 12 12
248 244 12 12
248 241 12 12
249 244 12 12
249 246 12 12
250 246 12 12
250 245 12 12
251 250 12 12
251 246 12 12
252 250 12 12
252 251 12 12
253 250 12 12
253 245 12 12
254 240 12 12
254 243 12 12
255 242 12 12
255 252 12 12
256 249 12 12
256 244 12 12
257 245 12 12
257 250 12 12
258 249 12 12
258 251 12 12
259 254 12 12
259 252 12 12
240 257 12 12
240 259 12 12
241 254 12 12
241 252 12 12
262 261 13 13
262 260 13 13
263 260 13 13
263 262 13 13
264 263 13 13
264 262 13 13
265 261 13 13
265 262 13 13
266 265 13 13
266 261 13 13
267 264 13 13
267 262 13 13
268 260 13 13
268 266 13 13
269 267 13 13
269 262 13 13
270 265 13 13
270 261 13 13
271 267 13 13
271 260 13 13
272 265 13 13
272 261 13 13
273 265 13 13
273 261 13 13
274 267 13 13
274 262 13 13
275 266 13 13
275 272 13 13
276 266 13 13
276 270 13 13
277 265 13 13
277 264 13 13
278 262 13 13
278 270 13 13
279 262 13 13
279 270 13 13
260 272 13 13
260 274 13 13
261 277 13 13
261 276 13 13
282 280 14 14
282 281 14 14
283 280 14 14
283 281 14 14
284 282 14 14
284 281 14 14
285 280 14 14
285 282 14 14
286 284 14 14
286 281 14 14
287 281 14 14
287 283 14 14
288 285 14 14
288 282 14 14
289 282 14 14
289 287 14 14
290 281 14 14
290 289 14 14
291 290 14 14
291 289 14 14
292 287 14 14
292 291 14 14
293 283 14 14
293 281 14 14
294 287 14 14
294 289 14 14
295 280 14 14
295 288 14 14
296 282 14 14
296 285 14 14
297 284 14 14
297 280 14 14
298 289 14 14
298 283 14 14
299 289 14 14
299 293 14 14
280 287 14 14
280 299 14 14
281 298 14 14
281 295 14 14
302 300 15 15
302 301 15 15
303 300 15 15
303 301 15 15
304 303 15 15
304 302 15 15
305 303 15 15
305 301 15 15
306 303 15 15
306 305 15 15
307 300 15 15
307 303 15 15
308 301 15 15
308 302 15 15
309 303 15 15
309 306 15 15
310 307 15 15
310 304 15 15
311 303 15 15
311 302 15 15
312 304 15 15
312 305 15 15
313 312 15 15
313 308 15 15
314 306 15 15
314 303 15 15
315 305 15 15
315 301 15 15
316 300 15 15
316 302 15 15
317 305 15 15
317 303 15 15
318 309 15 15
318 307 15 15
319 313 15 15
319 317 15 15
300 305 15 15
300 310 15 15
301 304 15 15
301 311 15 15
44 21 2 1
40 5 2 0
64 50 3 2
79 23 3 1
91 49 4 2
89 5 4 0
110 12 5 0
115 70 5 3
139 61 6 3
121 41 6 2
143 2 7 0
151 37 7 1
168 99 8 4
166 25 8 1
194 142 9 7
185 173 9 8
218 155 10 7
210 8 10 0
238 106 11 5
221 144 11 7
250 175 12 8
244 189 12 9
260 73 13 3
267 233 13 11
285 104 14 5
297 254 14 12
314 162 15 8
301 15 15 0
3 233 0 11
9 247 0 12
31 239 1 11
26 117 1 5
