swNum = 320
edgeNum = 672

0 0
1 0
2 0
3 0
4 0
5 0
6 0
7 0
8 0
9 0
10 0
11 0
12 0
13 0
14 0
15 0
16 0
17 0
18 0
19 0
20 1
21 1
22 1
23 1
24 1
25 1
26 1
27 1
28 1
29 1
30 1
31 1
32 1
33 1
34 1
35 1
36 1
37 1
38 1
39 1
40 2
41 2
42 2
43 2
44 2
45 2
46 2
47 2
48 2
49 2
50 2
51 2
52 2
53 2
54 2
55 2
56 2
57 2
58 2
59 2
60 3
61 3
62 3
63 3
64 3
65 3
66 3
67 3
68 3
69 3
70 3
71 3
72 3
73 3
74 3
75 3
76 3
77 3
78 3
79 3
80 4
81 4
82 4
83 4
84 4
85 4
86 4
87 4
88 4
89 4
90 4
91 4
92 4
93 4
94 4
95 4
96 4
97 4
98 4
99 4
100 5
101 5
102 5
103 5
104 5
105 5
106 5
107 5
108 5
109 5
110 5
111 5
112 5
113 5
114 5
115 5
116 5
117 5
118 5
119 5
120 6
121 6
122 6
123 6
124 6
125 6
126 6
127 6
128 6
129 6
130 6
131 6
132 6
133 6
134 6
135 6
136 6
137 6
138 6
139 6
140 7
141 7
142 7
143 7
144 7
145 7
146 7
147 7
148 7
149 7
150 7
151 7
152 7
153 7
154 7
155 7
156 7
157 7
158 7
159 7
160 8
161 8
162 8
163 8
164 8
165 8
166 8
167 8
168 8
169 8
170 8
171 8
172 8
173 8
174 8
175 8
176 8
177 8
178 8
179 8
180 9
181 9
182 9
183 9
184 9
185 9
186 9
187 9
188 9
189 9
190 9
191 9
192 9
193 9
194 9
195 9
196 9
197 9
198 9
199 9
200 10
201 10
202 10
203 10
204 10
205 10
206 10
207 10
208 10
209 10
210 10
211 10
212 10
213 10
214 10
215 10
216 10
217 10
218 10
219 10
220 11
221 11
222 11
223 11
224 11
225 11
226 11
227 11
228 11
229 11
230 11
231 11
232 11
233 11
234 11
235 11
236 11
237 11
238 11
239 11
240 12
241 12
242 12
243 12
244 12
245 12
246 12
247 12
248 12
249 12
250 12
251 12
252 12
253 12
254 12
255 12
256 12
257 12
258 12
259 12
260 13
261 13
262 13
263 13
264 13
265 13
266 13
267 13
268 13
269 13
270 13
271 13
272 13
273 13
274 13
275 13
276 13
277 13
278 13
279 13
280 14
281 14
282 14
283 14
284 14
285 14
286 14
287 14
288 14
289 14
290 14
291 14
292 14
293 14
294 14
295 14
296 14
297 14
298 14
299 14
300 15
301 15
302 15
303 15
304 15
305 15
306 15
307 15
308 15
309 15
310 15
311 15
312 15
313 15
314 15
315 15
316 15
317 15
318 15
319 15

2 1 0 0
2 0 0 0
3 0 0 0
3 2 0 0
4 1 0 0
4 0 0 0
5 4 0 0
5 0 0 0
6 4 0 0
6 0 0 0
7 5 0 0
7 1 0 0
8 2 0 0
8 7 0 0
9 1 0 0
9 4 0 0
10 1 0 0
10 5 0 0
11 9 0 0
11 8 0 0
12 2 0 0
12 5 0 0
13 12 0 0
13 3 0 0
14 3 0 0
14 6 0 0
15 12 0 0
15 13 0 0
16 14 0 0
16 11 0 0
17 11 0 0
17 16 0 0
18 2 0 0
18 13 0 0
19 14 0 0
19 16 0 0
0 10 0 0
0 11 0 0
1 5 0 0
1 11 0 0
22 20 1 1
22 21 1 1
23 21 1 1
23 20 1 1
24 23 1 1
24 21 1 1
25 21 1 1
25 20 1 1
26 20 1 1
26 24 1 1
27 21 1 1
27 23 1 1
28 26 1 1
28 25 1 1
29 22 1 1
29 28 1 1
30 29 1 1
30 28 1 1
31 21 1 1
31 25 1 1
32 29 1 1
32 28 1 1
33 24 1 1
33 26 1 1
34 30 1 1
34 20 1 1
35 21 1 1
35 29 1 1
36 31 1 1
36 22 1 1
37 26 1 1
37 25 1 1
38 30 1 1
38 23 1 1
39 37 1 1
39 24 1 1
20 32 1 1
20 29 1 1
21 32 1 1
21 39 1 1
42 41 2 2
42 40 2 2
43 40 2 2
43 41 2 2
44 40 2 2
44 41 2 2
45 44 2 2
45 41 2 2
46 42 2 2
46 44 2 2
47 41 2 2
47 43 2 2
48 42 2 2
48 41 2 2
49 47 2 2
49 44 2 2
50 48 2 2
50 44 2 2
51 42 2 2
51 41 2 2
52 43 2 2
52 45 2 2
53 43 2 2
53 45 2 2
54 42 2 2
54 48 2 2
55 48 2 2
55 46 2 2
56 50 2 2
56 48 2 2
57 48 2 2
57 40 2 2
58 48 2 2
58 51 2 2
59 41 2 2
59 53 2 2
40 56 2 2
40 52 2 2
41 53 2 2
41 56 2 2
62 60 3 3
62 61 3 3
63 60 3 3
63 62 3 3
64 62 3 3
64 61 3 3
65 64 3 3
65 60 3 3
66 60 3 3
66 65 3 3
67 61 3 3
67 63 3 3
68 60 3 3
68 62 3 3
69 64 3 3
69 67 3 3
70 68 3 3
70 62 3 3
71 65 3 3
71 63 3 3
72 66 3 3
72 60 3 3
73 69 3 3
73 71 3 3
74 73 3 3
74 62 3 3
75 63 3 3
75 67 3 3
76 67 3 3
76 62 3 3
77 76 3 3
77 62 3 3
78 76 3 3
78 66 3 3
79 75 3 3
79 63 3 3
60 78 3 3
60 77 3 3
61 73 3 3
61 74 3 3
82 81 4 4
82 80 4 4
83 82 4 4
83 81 4 4
84 81 4 4
84 80 4 4
85 82 4 4
85 81 4 4
86 83 4 4
86 84 4 4
87 82 4 4
87 85 4 4
88 82 4 4
88 87 4 4
89 86 4 4
89 81 4 4
90 84 4 4
90 82 4 4
91 82 4 4
91 86 4 4
92 90 4 4
92 82 4 4
93 81 4 4
93 80 4 4
94 80 4 4
94 85 4 4
95 80 4 4
95 82 4 4
96 88 4 4
96 91 4 4
97 96 4 4
97 92 4 4
98 95 4 4
98 84 4 4
99 81 4 4
99 86 4 4
80 89 4 4
80 92 4 4
81 94 4 4
81 88 4 4
102 101 5 5
102 100 5 5
103 100 5 5
103 101 5 5
104 102 5 5
104 100 5 5
105 101 5 5
105 102 5 5
106 100 5 5
106 101 5 5
107 102 5 5
107 100 5 5
108 101 5 5
108 103 5 5
109 105 5 5
109 107 5 5
110 101 5 5
110 102 5 5
111 109 5 5
111 110 5 5
112 107 5 5
112 110 5 5
113 105 5 5
113 104 5 5
114 113 5 5
114 108 5 5
115 111 5 5
115 114 5 5
116 105 5 5
116 103 5 5
117 108 5 5
117 105 5 5
118 116 5 5
118 115 5 5
119 112 5 5
119 110 5 5
100 110 5 5
100 116 5 5
101 117 5 5
101 112 5 5
122 121 6 6
122 120 6 6
123 122 6 6
123 121 6 6
124 123 6 6
124 120 6 6
125 124 6 6
125 120 6 6
126 123 6 6
126 122 6 6
127 123 6 6
127 124 6 6
128 121 6 6
128 124 6 6
129 125 6 6
129 124 6 6
130 123 6 6
130 121 6 6
131 126 6 6
131 130 6 6
132 124 6 6
132 125 6 6
133 125 6 6
133 124 6 6
134 122 6 6
134 125 6 6
135 122 6 6
135 134 6 6
136 132 6 6
136 126 6 6
137 123 6 6
137 135 6 6
138 127 6 6
138 136 6 6
139 136 6 6
139 130 6 6
120 127 6 6
120 129 6 6
121 129 6 6
121 134 6 6
142 141 7 7
142 140 7 7
143 142 7 7
143 141 7 7
144 140 7 7
144 141 7 7
145 144 7 7
145 141 7 7
146 143 7 7
146 140 7 7
147 144 7 7
147 141 7 7
148 142 7 7
148 141 7 7
149 141 7 7
149 147 7 7
150 144 7 7
150 145 7 7
151 143 7 7
151 142 7 7
152 147 7 7
152 142 7 7
153 140 7 7
153 143 7 7
154 145 7 7
154 144 7 7
155 140 7 7
155 145 7 7
156 150 7 7
156 142 7 7
157 143 7 7
157 149 7 7
158 153 7 7
158 150 7 7
159 155 7 7
159 153 7 7
140 147 7 7
140 157 7 7
141 151 7 7
141 154 7 7
162 160 8 8
162 161 8 8
163 160 8 8
163 162 8 8
164 163 8 8
164 160 8 8
165 162 8 8
165 164 8 8
166 163 8 8
166 160 8 8
167 160 8 8
167 164 8 8
168 167 8 8
168 161 8 8
169 164 8 8
169 165 8 8
170 166 8 8
170 160 8 8
171 163 8 8
171 168 8 8
172 168 8 8
172 164 8 8
173 166 8 8
173 162 8 8
174 170 8 8
174 160 8 8
175 168 8 8
175 174 8 8
176 169 8 8
176 161 8 8
177 162 8 8
177 172 8 8
178 172 8 8
178 162 8 8
179 171 8 8
179 170 8 8
160 173 8 8
160 165 8 8
161 177 8 8
161 174 8 8
182 181 9 9
182 180 9 9
183 180 9 9
183 182 9 9
184 181 9 9
184 183 9 9
185 182 9 9
185 180 9 9
186 183 9 9
186 181 9 9
187 185 9 9
187 180 9 9
188 184 9 9
188 182 9 9
189 186 9 9
189 180 9 9
190 185 9 9
190 180 9 9
191 185 9 9
191 190 9 9
192 185 9 9
192 191 9 9
193 181 9 9
193 192 9 9
194 187 9 9
194 191 9 9
195 181 9 9
195 194 9 9
196 189 9 9
196 181 9 9
197 196 9 9
197 190 9 9
198 195 9 9
198 194 9 9
199 185 9 9
199 191 9 9
180 195 9 9
180 198 9 9
181 185 9 9
181 189 9 9
202 201 10 10
202 200 10 10
203 202 10 10
203 200 10 10
204 201 10 10
204 203 10 10
205 204 10 10
205 200 10 10
206 203 10 10
206 200 10 10
207 206 10 10
207 202 10 10
208 202 10 10
208 201 10 10
209 205 10 10
209 208 10 10
210 201 10 10
210 203 10 10
211 206 10 10
211 204 10 10
212 203 10 10
212 207 10 10
213 205 10 10
213 212 10 10
214 200 10 10
214 207 10 10
215 200 10 10
215 211 10 10
216 206 10 10
216 204 10 10
217 211 10 10
217 213 10 10
218 204 10 10
218 207 10 10
219 203 10 10
219 215 10 10
200 217 10 10
200 204 10 10
201 203 10 10
201 218 10 10
222 220 11 11
222 221 11 11
223 221 11 11
223 220 11 11
224 223 11 11
224 222 11 11
225 221 11 11
225 224 11 11
226 223 11 11
226 225 11 11
227 220 11 11
227 225 11 11
228 227 11 11
228 225 11 11
229 222 11 11
229 220 11 11
230 221 11 11
230 223 11 11
231 225 11 11
231 228 11 11
232 230 11 11
232 224 11 11
233 231 11 11
233 229 11 11
234 225 11 11
234 227 11 11
235 233 11 11
235 225 11 11
236 220 11 11
236 226 11 11
237 236 11 11
237 227 11 11
238 220 11 11
238 225 11 11
239 228 11 11
239 226 11 11
220 237 11 11
220 235 11 11
221 235 11 11
221 228 11 11
242 240 12 12
242 241 12 12
243 240 12 12
243 241 12 12
244 242 12 12
244 240 12 12
245 243 12 12
245 242 12 12
246 244 12 12
246 243 12 12
247 243 12 12
247 241 12 12
248 247 12 12
248 242 12 12
249 244 12 12
249 246 12 12
250 244 12 12
250 240 12 12
251 242 12 12
251 247 12 12
252 246 12 12
252 249 12 12
253 244 12 12
253 246 12 12
254 242 12 12
254 244 12 12
255 252 12 12
255 244 12 12
256 240 12 12
256 241 12 12
257 240 12 12
257 250 12 12
258 251 12 12
258 242 12 12
259 253 12 12
259 247 12 12
240 255 12 12
240 246 12 12
241 258 12 12
241 254 12 12
262 260 13 13
262 261 13 13
263 260 13 13
263 262 13 13
264 262 13 13
264 261 13 13
265 260 13 13
265 263 13 13
266 262 13 13
266 261 13 13
267 264 13 13
267 262 13 13
268 266 13 13
268 267 13 13
269 261 13 13
269 262 13 13
270 268 13 13
270 269 13 13
271 265 13 13
271 260 13 13
272 270 13 13
272 269 13 13
273 262 13 13
273 261 13 13
274 273 13 13
274 264 13 13
275 271 13 13
275 261 13 13
276 264 13 13
276 266 13 13
277 265 13 13
277 263 13 13
278 272 13 13
278 269 13 13
279 262 13 13
279 265 13 13
260 279 13 13
260 269 13 13
261 265 13 13
261 263 13 13
282 280 14 14
282 281 14 14
283 280 14 14
283 282 14 14
284 280 14 14
284 282 14 14
285 283 14 14
285 281 14 14
286 281 14 14
286 282 14 14
287 283 14 14
287 282 14 14
288 286 14 14
288 281 14 14
289 280 14 14
289 282 14 14
290 280 14 14
290 284 14 14
291 282 14 14
291 283 14 14
292 284 14 14
292 290 14 14
293 292 14 14
293 284 14 14
294 288 14 14
294 289 14 14
295 292 14 14
295 289 14 14
296 291 14 14
296 281 14 14
297 288 14 14
297 294 14 14
298 287 14 14
298 280 14 14
299 280 14 14
299 298 14 14
280 292 14 14
280 285 14 14
281 297 14 14
281 298 14 14
302 300 15 15
302 301 15 15
303 300 15 15
303 302 15 15
304 301 15 15
304 303 15 15
305 302 15 15
305 303 15 15
306 300 15 15
306 301 15 15
307 305 15 15
307 304 15 15
308 300 15 15
308 305 15 15
309 305 15 15
309 302 15 15
310 301 15 15
310 303 15 15
311 300 15 15
311 306 15 15
312 303 15 15
312 308 15 15
313 309 15 15
313 304 15 15
314 311 15 15
314 301 15 15
315 311 15 15
315 305 15 15
316 304 15 15
316 305 15 15
317 304 15 15
317 301 15 15
318 309 15 15
318 317 15 15
319 316 15 15
319 303 15 15
300 312 15 15
300 314 15 15
301 313 15 15
301 316 15 15
41 15 2 0
53 21 2 1
60 51 3 2
61 4 3 0
96 63 4 3
90 45 4 2
119 20 5 1
119 52 5 2
138 71 6 3
126 92 6 4
148 54 7 2
157 17 7 0
161 36 8 1
166 58 8 2
194 153 9 7
181 110 9 5
212 155 10 7
214 183 10 9
239 213 11 10
235 142 11 7
246 7 12 0
252 197 12 9
264 150 13 7
265 189 13 9
297 162 14 8
287 47 14 2
305 95 15 4
307 259 15 12
12 165 0 8
1 187 0 9
22 129 1 6
37 280 1 14
