swNum = 320
edgeNum = 672

0 0
1 0
2 0
3 0
4 0
5 0
6 0
7 0
8 0
9 0
10 0
11 0
12 0
13 0
14 0
15 0
16 0
17 0
18 0
19 0
20 1
21 1
22 1
23 1
24 1
25 1
26 1
27 1
28 1
29 1
30 1
31 1
32 1
33 1
34 1
35 1
36 1
37 1
38 1
39 1
40 2
41 2
42 2
43 2
44 2
45 2
46 2
47 2
48 2
49 2
50 2
51 2
52 2
53 2
54 2
55 2
56 2
57 2
58 2
59 2
60 3
61 3
62 3
63 3
64 3
65 3
66 3
67 3
68 3
69 3
70 3
71 3
72 3
73 3
74 3
75 3
76 3
77 3
78 3
79 3
80 4
81 4
82 4
83 4
84 4
85 4
86 4
87 4
88 4
89 4
90 4
91 4
92 4
93 4
94 4
95 4
96 4
97 4
98 4
99 4
100 5
101 5
102 5
103 5
104 5
105 5
106 5
107 5
108 5
109 5
110 5
111 5
112 5
113 5
114 5
115 5
116 5
117 5
118 5
119 5
120 6
121 6
122 6
123 6
124 6
125 6
126 6
127 6
128 6
129 6
130 6
131 6
132 6
133 6
134 6
135 6
136 6
137 6
138 6
139 6
140 7
141 7
142 7
143 7
144 7
145 7
146 7
147 7
148 7
149 7
150 7
151 7
152 7
153 7
154 7
155 7
156 7
157 7
158 7
159 7
160 8
161 8
162 8
163 8
164 8
165 8
166 8
167 8
168 8
169 8
170 8
171 8
172 8
173 8
174 8
175 8
176 8
177 8
178 8
179 8
180 9
181 9
182 9
183 9
184 9
185 9
186 9
187 9
188 9
189 9
190 9
191 9
192 9
193 9
194 9
195 9
196 9
197 9
198 9
199 9
200 10
201 10
202 10
203 10
204 10
205 10
206 10
207 10
208 10
209 10
210 10
211 10
212 10
213 10
214 10
215 10
216 10
217 10
218 10
219 10
220 11
221 11
222 11
223 11
224 11
225 11
226 11
227 11
228 11
229 11
230 11
231 11
232 11
233 11
234 11
235 11
236 11
237 11
238 11
239 11
240 12
241 12
242 12
243 12
244 12
245 12
246 12
247 12
248 12
249 12
250 12
251 12
252 12
253 12
254 12
255 12
256 12
257 12
258 12
259 12
260 13
261 13
262 13
263 13
264 13
265 13
266 13
267 13
268 13
269 13
270 13
271 13
272 13
273 13
274 13
275 13
276 13
277 13
278 13
279 13
280 14
281 14
282 14
283 14
284 14
285 14
286 14
287 14
288 14
289 14
290 14
291 14
292 14
293 14
294 14
295 14
296 14
297 14
298 14
299 14
300 15
301 15
302 15
303 15
304 15
305 15
306 15
307 15
308 15
309 15
310 15
311 15
312 15
313 15
314 15
315 15
316 15
317 15
318 15
319 15

2 1 0 0
2 0 0 0
3 2 0 0
3 0 0 0
4 2 0 0
4 1 0 0
5 1 0 0
5 4 0 0
6 3 0 0
6 5 0 0
7 3 0 0
7 1 0 0
8 6 0 0
8 1 0 0
9 0 0 0
9 3 0 0
10 1 0 0
10 6 0 0
11 6 0 0
11 4 0 0
12 7 0 0
12 11 0 0
13 7 0 0
13 12 0 0
14 9 0 0
14 4 0 0
15 9 0 0
15 7 0 0
16 6 0 0
16 4 0 0
17 13 0 0
17 15 0 0
18 6 0 0
18 17 0 0
19 17 0 0
19 13 0 0
0 13 0 0
0 15 0 0
1 18 0 0
1 17 0 0
22 20 1 1
22 21 1 1
23 21 1 1
23 22 1 1
24 23 1 1
24 21 1 1
25 22 1 1
25 23 1 1
26 22 1 1
26 24 1 1
27 21 1 1
27 26 1 1
28 27 1 1
28 21 1 1
29 22 1 1
29 25 1 1
30 26 1 1
30 21 1 1
31 24 1 1
31 23 1 1
32 25 1 1
32 22 1 1
33 24 1 1
33 26 1 1
34 28 1 1
34 30 1 1
35 25 1 1
35 32 1 1
36 30 1 1
36 22 1 1
37 22 1 1
37 26 1 1
38 21 1 1
38 27 1 1
39 21 1 1
39 30 1 1
20 23 1 1
20 32 1 1
21 31 1 1
21 26 1 1
42 40 2 2
42 41 2 2
43 42 2 2
43 40 2 2
44 41 2 2
44 42 2 2
45 44 2 2
45 42 2 2
46 41 2 2
46 42 2 2
47 43 2 2
47 40 2 2
48 43 2 2
48 46 2 2
49 46 2 2
49 41 2 2
50 40 2 2
50 48 2 2
51 41 2 2
51 49 2 2
52 50 2 2
52 49 2 2
53 40 2 2
53 47 2 2
54 48 2 2
54 47 2 2
55 44 2 2
55 54 2 2
56 45 2 2
56 42 2 2
57 42 2 2
57 48 2 2
58 45 2 2
58 56 2 2
59 48 2 2
59 51 2 2
40 59 2 2
40 52 2 2
41 52 2 2
41 50 2 2
62 60 3 3
62 61 3 3
63 61 3 3
63 60 3 3
64 62 3 3
64 60 3 3
65 64 3 3
65 60 3 3
66 60 3 3
66 61 3 3
67 65 3 3
67 62 3 3
68 66 3 3
68 60 3 3
69 64 3 3
69 60 3 3
70 65 3 3
70 66 3 3
71 62 3 3
71 68 3 3
72 70 3 3
72 61 3 3
73 71 3 3
73 69 3 3
74 65 3 3
74 71 3 3
75 61 3 3
75 63 3 3
76 75 3 3
76 72 3 3
77 71 3 3
77 68 3 3
78 71 3 3
78 63 3 3
79 61 3 3
79 66 3 3
60 72 3 3
60 77 3 3
61 71 3 3
61 64 3 3
82 80 4 4
82 81 4 4
83 80 4 4
83 82 4 4
84 82 4 4
84 80 4 4
85 84 4 4
85 81 4 4
86 81 4 4
86 85 4 4
87 83 4 4
87 81 4 4
88 84 4 4
88 87 4 4
89 87 4 4
89 86 4 4
90 85 4 4
90 82 4 4
91 86 4 4
91 87 4 4
92 80 4 4
92 84 4 4
93 84 4 4
93 86 4 4
94 90 4 4
94 84 4 4
95 89 4 4
95 81 4 4
96 82 4 4
96 81 4 4
97 85 4 4
97 84 4 4
98 87 4 4
98 94 4 4
99 85 4 4
99 91 4 4
80 91 4 4
80 85 4 4
81 97 4 4
81 93 4 4
102 100 5 5
102 101 5 5
103 102 5 5
103 100 5 5
104 101 5 5
104 103 5 5
105 102 5 5
105 100 5 5
106 104 5 5
106 102 5 5
107 100 5 5
107 106 5 5
108 103 5 5
108 105 5 5
109 105 5 5
109 103 5 5
110 101 5 5
110 104 5 5
111 100 5 5
111 101 5 5
112 111 5 5
112 104 5 5
113 110 5 5
113 108 5 5
114 107 5 5
114 113 5 5
115 103 5 5
115 106 5 5
116 111 5 5
116 109 5 5
117 101 5 5
117 113 5 5
118 107 5 5
118 111 5 5
119 104 5 5
119 111 5 5
100 108 5 5
100 110 5 5
101 106 5 5
101 114 5 5
122 120 6 6
122 121 6 6
123 120 6 6
123 122 6 6
124 120 6 6
124 122 6 6
125 120 6 6
125 121 6 6
126 120 6 6
126 122 6 6
127 120 6 6
127 125 6 6
128 125 6 6
128 127 6 6
129 127 6 6
129 126 6 6
130 125 6 6
130 126 6 6
131 122 6 6
131 129 6 6
132 129 6 6
132 123 6 6
133 126 6 6
133 123 6 6
134 126 6 6
134 133 6 6
135 122 6 6
135 120 6 6
136 135 6 6
136 121 6 6
137 128 6 6
137 126 6 6
138 132 6 6
138 126 6 6
139 125 6 6
139 128 6 6
120 136 6 6
120 134 6 6
121 126 6 6
121 132 6 6
142 140 7 7
142 141 7 7
143 141 7 7
143 140 7 7
144 143 7 7
144 142 7 7
145 144 7 7
145 143 7 7
146 144 7 7
146 140 7 7
147 144 7 7
147 142 7 7
148 140 7 7
148 147 7 7
149 148 7 7
149 144 7 7
150 146 7 7
150 145 7 7
151 140 7 7
151 147 7 7
152 150 7 7
152 140 7 7
153 152 7 7
153 141 7 7
154 150 7 7
154 141 7 7
155 153 7 7
155 150 7 7
156 149 7 7
156 144 7 7
157 153 7 7
157 146 7 7
158 152 7 7
158 151 7 7
159 149 7 7
159 144 7 7
140 147 7 7
140 150 7 7
141 150 7 7
141 144 7 7
162 161 8 8
162 160 8 8
163 161 8 8
163 160 8 8
164 163 8 8
164 160 8 8
165 160 8 8
165 163 8 8
166 162 8 8
166 163 8 8
167 165 8 8
167 160 8 8
168 167 8 8
168 163 8 8
169 167 8 8
169 163 8 8
170 167 8 8
170 163 8 8
171 164 8 8
171 167 8 8
172 168 8 8
172 170 8 8
173 163 8 8
173 171 8 8
174 162 8 8
174 173 8 8
175 160 8 8
175 163 8 8
176 174 8 8
176 164 8 8
177 161 8 8
177 169 8 8
178 175 8 8
178 172 8 8
179 178 8 8
179 164 8 8
160 172 8 8
160 178 8 8
161 176 8 8
161 165 8 8
182 181 9 9
182 180 9 9
183 180 9 9
183 182 9 9
184 181 9 9
184 180 9 9
185 181 9 9
185 184 9 9
186 180 9 9
186 181 9 9
187 184 9 9
187 180 9 9
188 185 9 9
188 183 9 9
189 188 9 9
189 187 9 9
190 180 9 9
190 183 9 9
191 185 9 9
191 187 9 9
192 181 9 9
192 188 9 9
193 192 9 9
193 188 9 9
194 183 9 9
194 187 9 9
195 193 9 9
195 192 9 9
196 195 9 9
196 183 9 9
197 182 9 9
197 186 9 9
198 187 9 9
198 197 9 9
199 183 9 9
199 182 9 9
180 195 9 9
180 192 9 9
181 190 9 9
181 199 9 9
202 200 10 10
202 201 10 10
203 201 10 10
203 202 10 10
204 203 10 10
204 202 10 10
205 203 10 10
205 201 10 10
206 205 10 10
206 203 10 10
207 206 10 10
207 203 10 10
208 204 10 10
208 206 10 10
209 206 10 10
209 200 10 10
210 209 10 10
210 203 10 10
211 203 10 10
211 204 10 10
212 200 10 10
212 203 10 10
213 203 10 10
213 201 10 10
214 212 10 10
214 207 10 10
215 206 10 10
215 201 10 10
216 209 10 10
216 210 10 10
217 210 10 10
217 200 10 10
218 213 10 10
218 209 10 10
219 214 10 10
219 208 10 10
200 211 10 10
200 215 10 10
201 207 10 10
201 217 10 10
222 220 11 11
222 221 11 11
223 222 11 11
223 220 11 11
224 223 11 11
224 221 11 11
225 220 11 11
225 223 11 11
226 224 11 11
226 220 11 11
227 221 11 11
227 226 11 11
228 222 11 11
228 226 11 11
229 224 11 11
229 220 11 11
230 227 11 11
230 223 11 11
231 222 11 11
231 230 11 11
232 221 11 11
232 220 11 11
233 222 11 11
233 232 11 11
234 231 11 11
234 229 11 11
235 222 11 11
235 229 11 11
236 229 11 11
236 224 11 11
237 226 11 11
237 228 11 11
238 232 11 11
238 230 11 11
239 226 11 11
239 231 11 11
220 235 11 11
220 230 11 11
221 226 11 11
221 238 11 11
242 241 12 12
242 240 12 12
243 242 12 12
243 241 12 12
244 240 12 12
244 242 12 12
245 241 12 12
245 244 12 12
246 240 12 12
246 245 12 12
247 243 12 12
247 245 12 12
248 241 12 12
248 244 12 12
249 245 12 12
249 247 12 12
250 243 12 12
250 249 12 12
251 248 12 12
251 242 12 12
252 244 12 12
252 245 12 12
253 242 12 12
253 252 12 12
254 249 12 12
254 250 12 12
255 244 12 12
255 249 12 12
256 253 12 12
256 251 12 12
257 242 12 12
257 250 12 12
258 241 12 12
258 246 12 12
259 255 12 12
259 256 12 12
240 247 12 12
240 251 12 12
241 252 12 12
241 259 12 12
262 261 13 13
262 260 13 13
263 262 13 13
263 261 13 13
264 261 13 13
264 263 13 13
265 263 13 13
265 264 13 13
266 265 13 13
266 264 13 13
267 262 13 13
267 263 13 13
268 261 13 13
268 266 13 13
269 267 13 13
269 261 13 13
270 261 13 13
270 265 13 13
271 260 13 13
271 261 13 13
272 267 13 13
272 264 13 13
273 268 13 13
273 271 13 13
274 273 13 13
274 271 13 13
275 264 13 13
275 267 13 13
276 264 13 13
276 261 13 13
277 273 13 13
277 262 13 13
278 277 13 13
278 265 13 13
279 265 13 13
279 266 13 13
260 268 13 13
260 276 13 13
261 273 13 13
261 279 13 13
282 281 14 14
282 280 14 14
283 280 14 14
283 282 14 14
284 281 14 14
284 282 14 14
285 282 14 14
285 284 14 14
286 280 14 14
286 282 14 14
287 283 14 14
287 284 14 14
288 284 14 14
288 280 14 14
289 282 14 14
289 284 14 14
290 288 14 14
290 286 14 14
291 289 14 14
291 280 14 14
292 282 14 14
292 284 14 14
293 286 14 14
293 290 14 14
294 283 14 14
294 290 14 14
295 292 14 14
295 293 14 14
296 289 14 14
296 294 14 14
297 287 14 14
297 294 14 14
298 294 14 14
298 284 14 14
299 294 14 14
299 284 14 14
280 299 14 14
280 298 14 14
281 291 14 14
281 289 14 14
302 301 15 15
302 300 15 15
303 301 15 15
303 302 15 15
304 302 15 15
304 300 15 15
305 302 15 15
305 301 15 15
306 300 15 15
306 302 15 15
307 300 15 15
307 303 15 15
308 307 15 15
308 305 15 15
309 301 15 15
309 304 15 15
310 301 15 15
310 304 15 15
311 301 15 15
311 304 15 15
312 306 15 15
312 302 15 15
313 310 15 15
313 305 15 15
314 312 15 15
314 303 15 15
315 312 15 15
315 302 15 15
316 306 15 15
316 307 15 15
317 307 15 15
317 303 15 15
318 302 15 15
318 315 15 15
319 309 15 15
319 302 15 15
300 303 15 15
300 312 15 15
301 306 15 15
301 315 15 15
42 16 2 0
45 25 2 1
77 30 3 1
61 46 3 2
84 29 4 1
94 74 4 3
116 57 5 2
112 30 5 1
132 15 6 0
128 103 6 5
142 51 7 2
144 88 7 4
166 94 8 4
179 101 8 5
184 49 9 2
198 142 9 7
213 94 10 4
216 175 10 8
220 20 11 1
220 204 11 10
244 179 12 8
255 181 12 9
261 172 13 8
263 32 13 1
288 148 14 7
288 273 14 13
318 85 15 4
319 160 15 8
16 182 0 9
11 201 0 10
39 191 1 9
24 245 1 12
