swNum = 320
edgeNum = 672

0 0
1 0
2 0
3 0
4 0
5 0
6 0
7 0
8 0
9 0
10 0
11 0
12 0
13 0
14 0
15 0
16 0
17 0
18 0
19 0
20 1
21 1
22 1
23 1
24 1
25 1
26 1
27 1
28 1
29 1
30 1
31 1
32 1
33 1
34 1
35 1
36 1
37 1
38 1
39 1
40 2
41 2
42 2
43 2
44 2
45 2
46 2
47 2
48 2
49 2
50 2
51 2
52 2
53 2
54 2
55 2
56 2
57 2
58 2
59 2
60 3
61 3
62 3
63 3
64 3
65 3
66 3
67 3
68 3
69 3
70 3
71 3
72 3
73 3
74 3
75 3
76 3
77 3
78 3
79 3
80 4
81 4
82 4
83 4
84 4
85 4
86 4
87 4
88 4
89 4
90 4
91 4
92 4
93 4
94 4
95 4
96 4
97 4
98 4
99 4
100 5
101 5
102 5
103 5
104 5
105 5
106 5
107 5
108 5
109 5
110 5
111 5
112 5
113 5
114 5
115 5
116 5
117 5
118 5
119 5
120 6
121 6
122 6
123 6
124 6
125 6
126 6
127 6
128 6
129 6
130 6
131 6
132 6
133 6
134 6
135 6
136 6
137 6
138 6
139 6
140 7
141 7
142 7
143 7
144 7
145 7
146 7
147 7
148 7
149 7
150 7
151 7
152 7
153 7
154 7
155 7
156 7
157 7
158 7
159 7
160 8
161 8
162 8
163 8
164 8
165 8
166 8
167 8
168 8
169 8
170 8
171 8
172 8
173 8
174 8
175 8
176 8
177 8
178 8
179 8
180 9
181 9
182 9
183 9
184 9
185 9
186 9
187 9
188 9
189 9
190 9
191 9
192 9
193 9
194 9
195 9
196 9
197 9
198 9
199 9
200 10
201 10
202 10
203 10
204 10
205 10
206 10
207 10
208 10
209 10
210 10
211 10
212 10
213 10
214 10
215 10
216 10
217 10
218 10
219 10
220 11
221 11
222 11
223 11
224 11
225 11
226 11
227 11
228 11
229 11
230 11
231 11
232 11
233 11
234 11
235 11
236 11
237 11
238 11
239 11
240 12
241 12
242 12
243 12
244 12
245 12
246 12
247 12
248 12
249 12
250 12
251 12
252 12
253 12
254 12
255 12
256 12
257 12
258 12
259 12
260 13
261 13
262 13
263 13
264 13
265 13
266 13
267 13
268 13
269 13
270 13
271 13
272 13
273 13
274 13
275 13
276 13
277 13
278 13
279 13
280 14
281 14
282 14
283 14
284 14
285 14
286 14
287 14
288 14
289 14
290 14
291 14
292 14
293 14
294 14
295 14
296 14
297 14
298 14
299 14
300 15
301 15
302 15
303 15
304 15
305 15
306 15
307 15
308 15
309 15
310 15
311 15
312 15
313 15
314 15
315 15
316 15
317 15
318 15
319 15

2 1 0 0
2 0 0 0
3 2 0 0
3 1 0 0
4 3 0 0
4 2 0 0
5 2 0 0
5 1 0 0
6 0 0 0
6 4 0 0
7 0 0 0
7 3 0 0
8 3 0 0
8 0 0 0
9 4 0 0
9 0 0 0
10 8 0 0
10 6 0 0
11 1 0 0
11 5 0 0
12 7 0 0
12 9 0 0
13 4 0 0
13 9 0 0
14 4 0 0
14 8 0 0
15 6 0 0
15 2 0 0
16 13 0 0
16 9 0 0
17 10 0 0
17 5 0 0
18 9 0 0
18 17 0 0
19 18 0 0
19 10 0 0
0 13 0 0
0 14 0 0
1 15 0 0
1 18 0 0
22 20 1 1
22 21 1 1
23 22 1 1
23 21 1 1
24 23 1 1
24 20 1 1
25 21 1 1
25 22 1 1
26 24 1 1
26 21 1 1
27 23 1 1
27 25 1 1
28 23 1 1
28 25 1 1
29 24 1 1
29 23 1 1
30 24 1 1
30 26 1 1
31 25 1 1
31 22 1 1
32 20 1 1
32 29 1 1
33 22 1 1
33 21 1 1
34 33 1 1
34 26 1 1
35 34 1 1
35 25 1 1
36 28 1 1
36 34 1 1
37 27 1 1
37 23 1 1
38 22 1 1
38 28 1 1
39 26 1 1
39 30 1 1
20 26 1 1
20 31 1 1
21 24 1 1
21 36 1 1
42 41 2 2
42 40 2 2
43 40 2 2
43 41 2 2
44 40 2 2
44 43 2 2
45 43 2 2
45 42 2 2
46 43 2 2
46 45 2 2
47 41 2 2
47 46 2 2
48 47 2 2
48 45 2 2
49 48 2 2
49 46 2 2
50 42 2 2
50 43 2 2
51 40 2 2
51 49 2 2
52 41 2 2
52 40 2 2
53 40 2 2
53 52 2 2
54 53 2 2
54 41 2 2
55 47 2 2
55 48 2 2
56 48 2 2
56 51 2 2
57 49 2 2
57 43 2 2
58 41 2 2
58 48 2 2
59 53 2 2
59 40 2 2
40 49 2 2
40 45 2 2
41 51 2 2
41 50 2 2
62 60 3 3
62 61 3 3
63 62 3 3
63 60 3 3
64 63 3 3
64 60 3 3
65 64 3 3
65 63 3 3
66 60 3 3
66 65 3 3
67 63 3 3
67 62 3 3
68 64 3 3
68 66 3 3
69 65 3 3
69 64 3 3
70 64 3 3
70 63 3 3
71 60 3 3
71 67 3 3
72 64 3 3
72 67 3 3
73 66 3 3
73 63 3 3
74 72 3 3
74 66 3 3
75 61 3 3
75 74 3 3
76 69 3 3
76 65 3 3
77 66 3 3
77 61 3 3
78 60 3 3
78 67 3 3
79 61 3 3
79 71 3 3
60 69 3 3
60 65 3 3
61 67 3 3
61 66 3 3
82 80 4 4
82 81 4 4
83 82 4 4
83 80 4 4
84 80 4 4
84 82 4 4
85 81 4 4
85 83 4 4
86 85 4 4
86 83 4 4
87 83 4 4
87 85 4 4
88 83 4 4
88 80 4 4
89 80 4 4
89 81 4 4
90 85 4 4
90 87 4 4
91 90 4 4
91 82 4 4
92 88 4 4
92 89 4 4
93 80 4 4
93 83 4 4
94 88 4 4
94 85 4 4
95 89 4 4
95 82 4 4
96 88 4 4
96 90 4 4
97 94 4 4
97 80 4 4
98 88 4 4
98 83 4 4
99 80 4 4
99 98 4 4
80 96 4 4
80 95 4 4
81 99 4 4
81 87 4 4
102 100 5 5
102 101 5 5
103 101 5 5
103 102 5 5
104 101 5 5
104 103 5 5
105 104 5 5
105 101 5 5
106 105 5 5
106 101 5 5
107 105 5 5
107 103 5 5
108 103 5 5
108 101 5 5
109 101 5 5
109 103 5 5
110 100 5 5
110 102 5 5
111 104 5 5
111 101 5 5
112 110 5 5
112 108 5 5
113 111 5 5
113 110 5 5
114 113 5 5
114 100 5 5
115 114 5 5
115 112 5 5
116 103 5 5
116 101 5 5
117 110 5 5
117 111 5 5
118 107 5 5
118 110 5 5
119 102 5 5
119 115 5 5
100 112 5 5
100 118 5 5
101 117 5 5
101 112 5 5
122 121 6 6
122 120 6 6
123 120 6 6
123 121 6 6
124 120 6 6
124 123 6 6
125 120 6 6
125 121 6 6
126 121 6 6
126 122 6 6
127 122 6 6
127 120 6 6
128 127 6 6
128 126 6 6
129 124 6 6
129 123 6 6
130 124 6 6
130 127 6 6
131 121 6 6
131 126 6 6
132 123 6 6
132 131 6 6
133 126 6 6
133 128 6 6
134 131 6 6
134 126 6 6
135 125 6 6
135 129 6 6
136 134 6 6
136 127 6 6
137 135 6 6
137 132 6 6
138 128 6 6
138 129 6 6
139 127 6 6
139 132 6 6
120 129 6 6
120 132 6 6
121 132 6 6
121 137 6 6
142 140 7 7
142 141 7 7
143 141 7 7
143 142 7 7
144 140 7 7
144 143 7 7
145 141 7 7
145 144 7 7
146 141 7 7
146 142 7 7
147 140 7 7
147 145 7 7
148 146 7 7
148 142 7 7
149 140 7 7
149 142 7 7
150 142 7 7
150 147 7 7
151 144 7 7
151 143 7 7
152 151 7 7
152 144 7 7
153 147 7 7
153 152 7 7
154 148 7 7
154 144 7 7
155 148 7 7
155 149 7 7
156 147 7 7
156 141 7 7
157 145 7 7
157 156 7 7
158 156 7 7
158 141 7 7
159 145 7 7
159 148 7 7
140 150 7 7
140 155 7 7
141 157 7 7
141 154 7 7
162 160 8 8
162 161 8 8
163 161 8 8
163 162 8 8
164 161 8 8
164 162 8 8
165 160 8 8
165 163 8 8
166 165 8 8
166 160 8 8
167 163 8 8
167 162 8 8
168 167 8 8
168 165 8 8
169 162 8 8
169 165 8 8
170 169 8 8
170 165 8 8
171 168 8 8
171 169 8 8
172 171 8 8
172 163 8 8
173 170 8 8
173 162 8 8
174 168 8 8
174 173 8 8
175 169 8 8
175 168 8 8
176 168 8 8
176 171 8 8
177 172 8 8
177 170 8 8
178 161 8 8
178 170 8 8
179 167 8 8
179 170 8 8
160 176 8 8
160 169 8 8
161 177 8 8
161 179 8 8
182 180 9 9
182 181 9 9
183 180 9 9
183 182 9 9
184 182 9 9
184 183 9 9
185 180 9 9
185 182 9 9
186 185 9 9
186 184 9 9
187 182 9 9
187 184 9 9
188 183 9 9
188 187 9 9
189 182 9 9
189 185 9 9
190 182 9 9
190 188 9 9
191 186 9 9
191 189 9 9
192 182 9 9
192 187 9 9
193 181 9 9
193 189 9 9
194 186 9 9
194 192 9 9
195 184 9 9
195 189 9 9
196 180 9 9
196 185 9 9
197 188 9 9
197 186 9 9
198 182 9 9
198 181 9 9
199 198 9 9
199 195 9 9
180 199 9 9
180 192 9 9
181 187 9 9
181 191 9 9
202 200 10 10
202 201 10 10
203 202 10 10
203 200 10 10
204 203 10 10
204 201 10 10
205 200 10 10
205 201 10 10
206 203 10 10
206 202 10 10
207 206 10 10
207 201 10 10
208 205 10 10
208 202 10 10
209 205 10 10
209 207 10 10
210 205 10 10
210 209 10 10
211 208 10 10
211 210 10 10
212 207 10 10
212 209 10 10
213 201 10 10
213 206 10 10
214 207 10 10
214 203 10 10
215 206 10 10
215 201 10 10
216 204 10 10
216 200 10 10
217 209 10 10
217 204 10 10
218 214 10 10
218 205 10 10
219 202 10 10
219 209 10 10
200 214 10 10
200 204 10 10
201 214 10 10
201 208 10 10
222 221 11 11
222 220 11 11
223 222 11 11
223 220 11 11
224 223 11 11
224 222 11 11
225 221 11 11
225 223 11 11
226 223 11 11
226 220 11 11
227 220 11 11
227 224 11 11
228 227 11 11
228 223 11 11
229 221 11 11
229 227 11 11
230 220 11 11
230 223 11 11
231 227 11 11
231 220 11 11
232 221 11 11
232 227 11 11
233 221 11 11
233 228 11 11
234 227 11 11
234 233 11 11
235 223 11 11
235 230 11 11
236 235 11 11
236 223 11 11
237 233 11 11
237 235 11 11
238 237 11 11
238 222 11 11
239 238 11 11
239 226 11 11
220 225 11 11
220 235 11 11
221 230 11 11
221 226 11 11
242 240 12 12
242 241 12 12
243 240 12 12
243 241 12 12
244 242 12 12
244 240 12 12
245 243 12 12
245 240 12 12
246 240 12 12
246 242 12 12
247 246 12 12
247 241 12 12
248 240 12 12
248 242 12 12
249 246 12 12
249 242 12 12
250 240 12 12
250 247 12 12
251 245 12 12
251 242 12 12
252 245 12 12
252 248 12 12
253 245 12 12
253 247 12 12
254 243 12 12
254 253 12 12
255 249 12 12
255 250 12 12
256 246 12 12
256 250 12 12
257 254 12 12
257 252 12 12
258 257 12 12
258 255 12 12
259 252 12 12
259 244 12 12
240 252 12 12
240 251 12 12
241 253 12 12
241 245 12 12
262 261 13 13
262 260 13 13
263 261 13 13
263 260 13 13
264 263 13 13
264 261 13 13
265 260 13 13
265 264 13 13
266 261 13 13
266 262 13 13
267 263 13 13
267 261 13 13
268 266 13 13
268 265 13 13
269 265 13 13
269 267 13 13
270 260 13 13
270 267 13 13
271 269 13 13
271 268 13 13
272 270 13 13
272 260 13 13
273 261 13 13
273 262 13 13
274 260 13 13
274 270 13 13
275 267 13 13
275 273 13 13
276 265 13 13
276 272 13 13
277 273 13 13
277 271 13 13
278 262 13 13
278 260 13 13
279 276 13 13
279 267 13 13
260 267 13 13
260 277 13 13
261 275 13 13
261 271 13 13
282 280 14 14
282 281 14 14
283 282 14 14
283 280 14 14
284 280 14 14
284 282 14 14
285 282 14 14
285 281 14 14
286 282 14 14
286 280 14 14
287 285 14 14
287 281 14 14
288 285 14 14
288 287 14 14
289 286 14 14
289 288 14 14
290 282 14 14
290 287 14 14
291 283 14 14
291 286 14 14
292 286 14 14
292 288 14 14
293 287 14 14
293 289 14 14
294 289 14 14
294 281 14 14
295 290 14 14
295 285 14 14
296 280 14 14
296 295 14 14
297 287 14 14
297 296 14 14
298 280 14 14
298 283 14 14
299 295 14 14
299 284 14 14
280 287 14 14
280 294 14 14
281 290 14 14
281 298 14 14
302 300 15 15
302 301 15 15
303 300 15 15
303 301 15 15
304 303 15 15
304 302 15 15
305 304 15 15
305 302 15 15
306 304 15 15
306 303 15 15
307 304 15 15
307 303 15 15
308 301 15 15
308 302 15 15
309 302 15 15
309 300 15 15
310 303 15 15
310 309 15 15
311 303 15 15
311 307 15 15
312 308 15 15
312 300 15 15
313 305 15 15
313 303 15 15
314 312 15 15
314 310 15 15
315 307 15 15
315 304 15 15
316 304 15 15
316 314 15 15
317 306 15 15
317 304 15 15
318 300 15 15
318 313 15 15
319 305 15 15
319 318 15 15
300 311 15 15
300 313 15 15
301 311 15 15
301 313 15 15
56 13 2 0
57 22 2 1
63 42 3 2
62 8 3 0
90 9 4 0
99 53 4 2
105 10 5 0
109 29 5 1
125 75 6 3
135 16 6 0
154 15 7 0
146 21 7 1
175 101 8 5
161 65 8 3
190 55 9 2
198 11 9 0
218 128 10 6
205 80 10 4
228 3 11 0
237 202 11 10
249 203 12 10
251 66 12 3
271 20 13 1
266 259 13 12
292 193 14 9
282 211 14 10
307 46 15 2
315 155 15 7
17 268 0 13
10 303 0 15
36 126 1 6
35 160 1 8
