swNum = 320
edgeNum = 672

0 0
1 0
2 0
3 0
4 0
5 0
6 0
7 0
8 0
9 0
10 0
11 0
12 0
13 0
14 0
15 0
16 0
17 0
18 0
19 0
20 1
21 1
22 1
23 1
24 1
25 1
26 1
27 1
28 1
29 1
30 1
31 1
32 1
33 1
34 1
35 1
36 1
37 1
38 1
39 1
40 2
41 2
42 2
43 2
44 2
45 2
46 2
47 2
48 2
49 2
50 2
51 2
52 2
53 2
54 2
55 2
56 2
57 2
58 2
59 2
60 3
61 3
62 3
63 3
64 3
65 3
66 3
67 3
68 3
69 3
70 3
71 3
72 3
73 3
74 3
75 3
76 3
77 3
78 3
79 3
80 4
81 4
82 4
83 4
84 4
85 4
86 4
87 4
88 4
89 4
90 4
91 4
92 4
93 4
94 4
95 4
96 4
97 4
98 4
99 4
100 5
101 5
102 5
103 5
104 5
105 5
106 5
107 5
108 5
109 5
110 5
111 5
112 5
113 5
114 5
115 5
116 5
117 5
118 5
119 5
120 6
121 6
122 6
123 6
124 6
125 6
126 6
127 6
128 6
129 6
130 6
131 6
132 6
133 6
134 6
135 6
136 6
137 6
138 6
139 6
140 7
141 7
142 7
143 7
144 7
145 7
146 7
147 7
148 7
149 7
150 7
151 7
152 7
153 7
154 7
155 7
156 7
157 7
158 7
159 7
160 8
161 8
162 8
163 8
164 8
165 8
166 8
167 8
168 8
169 8
170 8
171 8
172 8
173 8
174 8
175 8
176 8
177 8
178 8
179 8
180 9
181 9
182 9
183 9
184 9
185 9
186 9
187 9
188 9
189 9
190 9
191 9
192 9
193 9
194 9
195 9
196 9
197 9
198 9
199 9
200 10
201 10
202 10
203 10
204 10
205 10
206 10
207 10
208 10
209 10
210 10
211 10
212 10
213 10
214 10
215 10
216 10
217 10
218 10
219 10
220 11
221 11
222 11
223 11
224 11
225 11
226 11
227 11
228 11
229 11
230 11
231 11
232 11
233 11
234 11
235 11
236 11
237 11
238 11
239 11
240 12
241 12
242 12
243 12
244 12
245 12
246 12
247 12
248 12
249 12
250 12
251 12
252 12
253 12
254 12
255 12
256 12
257 12
258 12
259 12
260 13
261 13
262 13
263 13
264 13
265 13
266 13
267 13
268 13
269 13
270 13
271 13
272 13
273 13
274 13
275 13
276 13
277 13
278 13
279 13
280 14
281 14
282 14
283 14
284 14
285 14
286 14
287 14
288 14
289 14
290 14
291 14
292 14
293 14
294 14
295 14
296 14
297 14
298 14
299 14
300 15
301 15
302 15
303 15
304 15
305 15
306 15
307 15
308 15
309 15
310 15
311 15
312 15
313 15
314 15
315 15
316 15
317 15
318 15
319 15

2 1 0 0
2 0 0 0
3 0 0 0
3 1 0 0
4 1 0 0
4 2 0 0
5 1 0 0
5 4 0 0
6 4 0 0
6 1 0 0
7 2 0 0
7 5 0 0
8 4 0 0
8 6 0 0
9 1 0 0
9 3 0 0
10 1 0 0
10 8 0 0
11 1 0 0
11 7 0 0
12 4 0 0
12 8 0 0
13 6 0 0
13 11 0 0
14 4 0 0
14 7 0 0
15 14 0 0
15 8 0 0
16 4 0 0
16 7 0 0
17 4 0 0
17 13 0 0
18 0 0 0
18 13 0 0
19 15 0 0
19 10 0 0
0 11 0 0
0 9 0 0
1 7 0 0
1 8 0 0
22 20 1 1
22 21 1 1
23 21 1 1
23 22 1 1
24 23 1 1
24 21 1 1
25 23 1 1
25 21 1 1
26 25 1 1
26 21 1 1
27 23 1 1
27 26 1 1
28 24 1 1
28 20 1 1
29 26 1 1
29 27 1 1
30 23 1 1
30 20 1 1
31 29 1 1
31 22 1 1
32 20 1 1
32 23 1 1
33 32 1 1
33 31 1 1
34 30 1 1
34 23 1 1
35 28 1 1
35 29 1 1
36 35 1 1
36 34 1 1
37 24 1 1
37 23 1 1
38 33 1 1
38 31 1 1
39 20 1 1
39 29 1 1
20 31 1 1
20 27 1 1
21 32 1 1
21 35 1 1
42 41 2 2
42 40 2 2
43 42 2 2
43 40 2 2
44 43 2 2
44 42 2 2
45 40 2 2
45 42 2 2
46 45 2 2
46 40 2 2
47 40 2 2
47 44 2 2
48 40 2 2
48 44 2 2
49 46 2 2
49 47 2 2
50 43 2 2
50 45 2 2
51 41 2 2
51 50 2 2
52 50 2 2
52 51 2 2
53 47 2 2
53 49 2 2
54 44 2 2
54 52 2 2
55 50 2 2
55 47 2 2
56 48 2 2
56 40 2 2
57 46 2 2
57 55 2 2
58 43 2 2
58 52 2 2
59 52 2 2
59 51 2 2
40 58 2 2
40 57 2 2
41 50 2 2
41 59 2 2
62 60 3 3
62 61 3 3
63 60 3 3
63 61 3 3
64 63 3 3
64 62 3 3
65 62 3 3
65 60 3 3
66 62 3 3
66 60 3 3
67 64 3 3
67 61 3 3
68 60 3 3
68 65 3 3
69 68 3 3
69 66 3 3
70 69 3 3
70 68 3 3
71 64 3 3
71 63 3 3
72 64 3 3
72 66 3 3
73 65 3 3
73 63 3 3
74 67 3 3
74 62 3 3
75 64 3 3
75 63 3 3
76 70 3 3
76 72 3 3
77 73 3 3
77 62 3 3
78 71 3 3
78 77 3 3
79 78 3 3
79 60 3 3
60 72 3 3
60 73 3 3
61 73 3 3
61 78 3 3
82 81 4 4
82 80 4 4
83 81 4 4
83 80 4 4
84 82 4 4
84 83 4 4
85 80 4 4
85 81 4 4
86 80 4 4
86 85 4 4
87 86 4 4
87 85 4 4
88 82 4 4
88 84 4 4
89 81 4 4
89 85 4 4
90 80 4 4
90 88 4 4
91 85 4 4
91 81 4 4
92 84 4 4
92 91 4 4
93 80 4 4
93 82 4 4
94 80 4 4
94 87 4 4
95 80 4 4
95 88 4 4
96 83 4 4
96 94 4 4
97 95 4 4
97 84 4 4
98 90 4 4
98 82 4 4
99 94 4 4
99 93 4 4
80 88 4 4
80 87 4 4
81 87 4 4
81 90 4 4
102 100 5 5
102 101 5 5
103 101 5 5
103 100 5 5
104 100 5 5
104 103 5 5
105 103 5 5
105 100 5 5
106 102 5 5
106 101 5 5
107 105 5 5
107 100 5 5
108 106 5 5
108 101 5 5
109 102 5 5
109 108 5 5
110 108 5 5
110 103 5 5
111 101 5 5
111 104 5 5
112 101 5 5
112 102 5 5
113 112 5 5
113 101 5 5
114 102 5 5
114 112 5 5
115 103 5 5
115 107 5 5
116 110 5 5
116 101 5 5
117 112 5 5
117 109 5 5
118 114 5 5
118 112 5 5
119 105 5 5
119 117 5 5
100 117 5 5
100 115 5 5
101 115 5 5
101 107 5 5
122 121 6 6
122 120 6 6
123 122 6 6
123 121 6 6
124 123 6 6
124 121 6 6
125 122 6 6
125 124 6 6
126 121 6 6
126 122 6 6
127 120 6 6
127 121 6 6
128 123 6 6
128 126 6 6
129 124 6 6
129 123 6 6
130 126 6 6
130 121 6 6
131 129 6 6
131 121 6 6
132 121 6 6
132 124 6 6
133 126 6 6
133 131 6 6
134 122 6 6
134 132 6 6
135 134 6 6
135 122 6 6
136 131 6 6
136 130 6 6
137 124 6 6
137 126 6 6
138 128 6 6
138 126 6 6
139 125 6 6
139 126 6 6
120 128 6 6
120 137 6 6
121 125 6 6
121 136 6 6
142 140 7 7
142 141 7 7
143 141 7 7
143 142 7 7
144 142 7 7
144 141 7 7
145 141 7 7
145 142 7 7
146 145 7 7
146 143 7 7
147 141 7 7
147 146 7 7
148 147 7 7
148 143 7 7
149 148 7 7
149 146 7 7
150 145 7 7
150 147 7 7
151 149 7 7
151 143 7 7
152 151 7 7
152 144 7 7
153 149 7 7
153 151 7 7
154 153 7 7
154 152 7 7
155 144 7 7
155 150 7 7
156 145 7 7
156 141 7 7
157 155 7 7
157 154 7 7
158 147 7 7
158 145 7 7
159 152 7 7
159 157 7 7
140 146 7 7
140 143 7 7
141 151 7 7
141 146 7 7
162 161 8 8
162 160 8 8
163 162 8 8
163 161 8 8
164 162 8 8
164 161 8 8
165 160 8 8
165 163 8 8
166 165 8 8
166 164 8 8
167 166 8 8
167 163 8 8
168 164 8 8
168 167 8 8
169 165 8 8
169 166 8 8
170 163 8 8
170 166 8 8
171 162 8 8
171 160 8 8
172 161 8 8
172 165 8 8
173 161 8 8
173 166 8 8
174 170 8 8
174 169 8 8
175 165 8 8
175 173 8 8
176 168 8 8
176 170 8 8
177 174 8 8
177 164 8 8
178 176 8 8
178 177 8 8
179 165 8 8
179 178 8 8
160 173 8 8
160 176 8 8
161 167 8 8
161 174 8 8
182 181 9 9
182 180 9 9
183 180 9 9
183 181 9 9
184 183 9 9
184 180 9 9
185 180 9 9
185 183 9 9
186 181 9 9
186 180 9 9
187 183 9 9
187 185 9 9
188 180 9 9
188 184 9 9
189 185 9 9
189 187 9 9
190 182 9 9
190 180 9 9
191 188 9 9
191 186 9 9
192 186 9 9
192 188 9 9
193 182 9 9
193 190 9 9
194 187 9 9
194 185 9 9
195 180 9 9
195 187 9 9
196 183 9 9
196 185 9 9
197 183 9 9
197 188 9 9
198 186 9 9
198 197 9 9
199 198 9 9
199 185 9 9
180 199 9 9
180 187 9 9
181 190 9 9
181 195 9 9
202 200 10 10
202 201 10 10
203 201 10 10
203 202 10 10
204 202 10 10
204 200 10 10
205 204 10 10
205 202 10 10
206 205 10 10
206 202 10 10
207 201 10 10
207 203 10 10
208 207 10 10
208 200 10 10
209 204 10 10
209 205 10 10
210 205 10 10
210 204 10 10
211 207 10 10
211 202 10 10
212 202 10 10
212 205 10 10
213 211 10 10
213 206 10 10
214 208 10 10
214 200 10 10
215 202 10 10
215 211 10 10
216 205 10 10
216 202 10 10
217 209 10 10
217 210 10 10
218 215 10 10
218 200 10 10
219 215 10 10
219 202 10 10
200 205 10 10
200 215 10 10
201 212 10 10
201 218 10 10
222 221 11 11
222 220 11 11
223 222 11 11
223 220 11 11
224 220 11 11
224 223 11 11
225 223 11 11
225 220 11 11
226 221 11 11
226 220 11 11
227 223 11 11
227 222 11 11
228 224 11 11
228 227 11 11
229 221 11 11
229 222 11 11
230 225 11 11
230 227 11 11
231 229 11 11
231 228 11 11
232 221 11 11
232 226 11 11
233 232 11 11
233 221 11 11
234 227 11 11
234 221 11 11
235 224 11 11
235 229 11 11
236 228 11 11
236 222 11 11
237 223 11 11
237 233 11 11
238 233 11 11
238 228 11 11
239 233 11 11
239 235 11 11
220 233 11 11
220 235 11 11
221 227 11 11
221 228 11 11
242 241 12 12
242 240 12 12
243 240 12 12
243 241 12 12
244 241 12 12
244 240 12 12
245 242 12 12
245 244 12 12
246 245 12 12
246 241 12 12
247 241 12 12
247 246 12 12
248 247 12 12
248 245 12 12
249 248 12 12
249 242 12 12
250 244 12 12
250 249 12 12
251 241 12 12
251 245 12 12
252 244 12 12
252 251 12 12
253 241 12 12
253 250 12 12
254 240 12 12
254 251 12 12
255 248 12 12
255 244 12 12
256 251 12 12
256 245 12 12
257 240 12 12
257 242 12 12
258 251 12 12
258 246 12 12
259 243 12 12
259 257 12 12
240 256 12 12
240 245 12 12
241 254 12 12
241 252 12 12
262 260 13 13
262 261 13 13
263 262 13 13
263 261 13 13
264 262 13 13
264 263 13 13
265 262 13 13
265 263 13 13
266 261 13 13
266 260 13 13
267 262 13 13
267 261 13 13
268 267 13 13
268 264 13 13
269 261 13 13
269 267 13 13
270 265 13 13
270 261 13 13
271 264 13 13
271 269 13 13
272 260 13 13
272 271 13 13
273 270 13 13
273 263 13 13
274 261 13 13
274 269 13 13
275 263 13 13
275 265 13 13
276 270 13 13
276 260 13 13
277 261 13 13
277 273 13 13
278 263 13 13
278 274 13 13
279 266 13 13
279 267 13 13
260 275 13 13
260 268 13 13
261 273 13 13
261 265 13 13
282 281 14 14
282 280 14 14
283 280 14 14
283 282 14 14
284 280 14 14
284 283 14 14
285 284 14 14
285 280 14 14
286 285 14 14
286 280 14 14
287 281 14 14
287 285 14 14
288 286 14 14
288 284 14 14
289 280 14 14
289 285 14 14
290 289 14 14
290 287 14 14
291 289 14 14
291 280 14 14
292 283 14 14
292 281 14 14
293 292 14 14
293 284 14 14
294 290 14 14
294 284 14 14
295 287 14 14
295 281 14 14
296 291 14 14
296 283 14 14
297 280 14 14
297 284 14 14
298 290 14 14
298 291 14 14
299 281 14 14
299 292 14 14
280 299 14 14
280 293 14 14
281 293 14 14
281 286 14 14
302 301 15 15
302 300 15 15
303 301 15 15
303 302 15 15
304 302 15 15
304 300 15 15
305 302 15 15
305 303 15 15
306 303 15 15
306 304 15 15
307 306 15 15
307 303 15 15
308 306 15 15
308 305 15 15
309 300 15 15
309 301 15 15
310 302 15 15
310 308 15 15
311 308 15 15
311 301 15 15
312 308 15 15
312 306 15 15
313 309 15 15
313 312 15 15
314 305 15 15
314 304 15 15
315 309 15 15
315 300 15 15
316 312 15 15
316 306 15 15
317 304 15 15
317 311 15 15
318 311 15 15
318 309 15 15
319 308 15 15
319 313 15 15
300 311 15 15
300 319 15 15
301 308 15 15
301 315 15 15
54 33 2 1
57 4 2 0
64 35 3 1
76 3 3 0
83 0 4 0
88 62 4 3
103 34 5 1
113 50 5 2
136 119 6 5
135 12 6 0
143 24 7 1
144 69 7 3
179 105 8 5
170 67 8 3
188 68 9 3
185 23 9 1
218 69 10 3
217 135 10 6
237 85 11 4
230 161 11 8
253 170 12 8
251 9 12 0
260 130 13 6
269 155 13 7
291 129 14 6
291 15 14 0
314 64 15 3
301 268 15 13
0 238 0 11
3 169 0 8
20 171 1 8
39 124 1 6
