swNum = 320
edgeNum = 672

0 0
1 0
2 0
3 0
4 0
5 0
6 0
7 0
8 0
9 0
10 0
11 0
12 0
13 0
14 0
15 0
16 0
17 0
18 0
19 0
20 1
21 1
22 1
23 1
24 1
25 1
26 1
27 1
28 1
29 1
30 1
31 1
32 1
33 1
34 1
35 1
36 1
37 1
38 1
39 1
40 2
41 2
42 2
43 2
44 2
45 2
46 2
47 2
48 2
49 2
50 2
51 2
52 2
53 2
54 2
55 2
56 2
57 2
58 2
59 2
60 3
61 3
62 3
63 3
64 3
65 3
66 3
67 3
68 3
69 3
70 3
71 3
72 3
73 3
74 3
75 3
76 3
77 3
78 3
79 3
80 4
81 4
82 4
83 4
84 4
85 4
86 4
87 4
88 4
89 4
90 4
91 4
92 4
93 4
94 4
95 4
96 4
97 4
98 4
99 4
100 5
101 5
102 5
103 5
104 5
105 5
106 5
107 5
108 5
109 5
110 5
111 5
112 5
113 5
114 5
115 5
116 5
117 5
118 5
119 5
120 6
121 6
122 6
123 6
124 6
125 6
126 6
127 6
128 6
129 6
130 6
131 6
132 6
133 6
134 6
135 6
136 6
137 6
138 6
139 6
140 7
141 7
142 7
143 7
144 7
145 7
146 7
147 7
148 7
149 7
150 7
151 7
152 7
153 7
154 7
155 7
156 7
157 7
158 7
159 7
160 8
161 8
162 8
163 8
164 8
165 8
166 8
167 8
168 8
169 8
170 8
171 8
172 8
173 8
174 8
175 8
176 8
177 8
178 8
179 8
180 9
181 9
182 9
183 9
184 9
185 9
186 9
187 9
188 9
189 9
190 9
191 9
192 9
193 9
194 9
195 9
196 9
197 9
198 9
199 9
200 10
201 10
202 10
203 10
204 10
205 10
206 10
207 10
208 10
209 10
210 10
211 10
212 10
213 10
214 10
215 10
216 10
217 10
218 10
219 10
220 11
221 11
222 11
223 11
224 11
225 11
226 11
227 11
228 11
229 11
230 11
231 11
232 11
233 11
234 11
235 11
236 11
237 11
238 11
239 11
240 12
241 12
242 12
243 12
244 12
245 12
246 12
247 12
248 12
249 12
250 12
251 12
252 12
253 12
254 12
255 12
256 12
257 12
258 12
259 12
260 13
261 13
262 13
263 13
264 13
265 13
266 13
267 13
268 13
269 13
270 13
271 13
272 13
273 13
274 13
275 13
276 13
277 13
278 13
279 13
280 14
281 14
282 14
283 14
284 14
285 14
286 14
287 14
288 14
289 14
290 14
291 14
292 14
293 14
294 14
295 14
296 14
297 14
298 14
299 14
300 15
301 15
302 15
303 15
304 15
305 15
306 15
307 15
308 15
309 15
310 15
311 15
312 15
313 15
314 15
315 15
316 15
317 15
318 15
319 15

2 1 0 0
2 0 0 0
3 0 0 0
3 2 0 0
4 1 0 0
4 0 0 0
5 3 0 0
5 4 0 0
6 5 0 0
6 4 0 0
7 1 0 0
7 0 0 0
8 7 0 0
8 3 0 0
9 1 0 0
9 0 0 0
10 9 0 0
10 1 0 0
11 0 0 0
11 2 0 0
12 3 0 0
12 8 0 0
13 6 0 0
13 2 0 0
14 4 0 0
14 1 0 0
15 10 0 0
15 1 0 0
16 10 0 0
16 15 0 0
17 1 0 0
17 7 0 0
18 14 0 0
18 5 0 0
19 3 0 0
19 17 0 0
0 12 0 0
0 8 0 0
1 3 0 0
1 6 0 0
22 20 1 1
22 21 1 1
23 22 1 1
23 20 1 1
24 21 1 1
24 20 1 1
25 22 1 1
25 23 1 1
26 22 1 1
26 20 1 1
27 25 1 1
27 24 1 1
28 27 1 1
28 25 1 1
29 25 1 1
29 24 1 1
30 28 1 1
30 21 1 1
31 20 1 1
31 24 1 1
32 29 1 1
32 22 1 1
33 28 1 1
33 27 1 1
34 20 1 1
34 26 1 1
35 32 1 1
35 25 1 1
36 25 1 1
36 24 1 1
37 30 1 1
37 24 1 1
38 20 1 1
38 21 1 1
39 26 1 1
39 29 1 1
20 29 1 1
20 36 1 1
21 37 1 1
21 36 1 1
42 41 2 2
42 40 2 2
43 42 2 2
43 40 2 2
44 40 2 2
44 43 2 2
45 40 2 2
45 42 2 2
46 42 2 2
46 44 2 2
47 40 2 2
47 42 2 2
48 42 2 2
48 40 2 2
49 42 2 2
49 48 2 2
50 43 2 2
50 47 2 2
51 43 2 2
51 46 2 2
52 51 2 2
52 46 2 2
53 50 2 2
53 42 2 2
54 43 2 2
54 49 2 2
55 42 2 2
55 40 2 2
56 50 2 2
56 53 2 2
57 43 2 2
57 54 2 2
58 43 2 2
58 42 2 2
59 53 2 2
59 58 2 2
40 51 2 2
40 46 2 2
41 52 2 2
41 54 2 2
62 61 3 3
62 60 3 3
63 61 3 3
63 60 3 3
64 62 3 3
64 63 3 3
65 64 3 3
65 62 3 3
66 64 3 3
66 61 3 3
67 66 3 3
67 62 3 3
68 63 3 3
68 65 3 3
69 66 3 3
69 64 3 3
70 67 3 3
70 63 3 3
71 64 3 3
71 65 3 3
72 60 3 3
72 61 3 3
73 65 3 3
73 66 3 3
74 66 3 3
74 61 3 3
75 65 3 3
75 74 3 3
76 64 3 3
76 66 3 3
77 74 3 3
77 62 3 3
78 63 3 3
78 77 3 3
79 72 3 3
79 69 3 3
60 66 3 3
60 78 3 3
61 79 3 3
61 70 3 3
82 80 4 4
82 81 4 4
83 80 4 4
83 82 4 4
84 83 4 4
84 81 4 4
85 81 4 4
85 83 4 4
86 81 4 4
86 84 4 4
87 80 4 4
87 82 4 4
88 85 4 4
88 80 4 4
89 85 4 4
89 84 4 4
90 85 4 4
90 87 4 4
91 80 4 4
91 82 4 4
92 85 4 4
92 88 4 4
93 90 4 4
93 88 4 4
94 84 4 4
94 89 4 4
95 87 4 4
95 90 4 4
96 84 4 4
96 81 4 4
97 84 4 4
97 91 4 4
98 86 4 4
98 96 4 4
99 88 4 4
99 81 4 4
80 95 4 4
80 90 4 4
81 97 4 4
81 88 4 4
102 100 5 5
102 101 5 5
103 101 5 5
103 100 5 5
104 103 5 5
104 101 5 5
105 104 5 5
105 102 5 5
106 102 5 5
106 105 5 5
107 104 5 5
107 103 5 5
108 102 5 5
108 107 5 5
109 103 5 5
109 107 5 5
110 106 5 5
110 102 5 5
111 109 5 5
111 103 5 5
112 104 5 5
112 108 5 5
113 109 5 5
113 112 5 5
114 108 5 5
114 113 5 5
115 111 5 5
115 113 5 5
116 107 5 5
116 115 5 5
117 100 5 5
117 105 5 5
118 113 5 5
118 115 5 5
119 112 5 5
119 104 5 5
100 104 5 5
100 107 5 5
101 118 5 5
101 110 5 5
122 120 6 6
122 121 6 6
123 121 6 6
123 120 6 6
124 122 6 6
124 120 6 6
125 122 6 6
125 123 6 6
126 124 6 6
126 123 6 6
127 125 6 6
127 122 6 6
128 127 6 6
128 123 6 6
129 120 6 6
129 123 6 6
130 120 6 6
130 122 6 6
131 126 6 6
131 123 6 6
132 127 6 6
132 131 6 6
133 131 6 6
133 127 6 6
134 123 6 6
134 127 6 6
135 126 6 6
135 120 6 6
136 134 6 6
136 126 6 6
137 126 6 6
137 123 6 6
138 127 6 6
138 135 6 6
139 121 6 6
139 132 6 6
120 138 6 6
120 139 6 6
121 134 6 6
121 126 6 6
142 141 7 7
142 140 7 7
143 140 7 7
143 142 7 7
144 140 7 7
144 141 7 7
145 142 7 7
145 140 7 7
146 143 7 7
146 142 7 7
147 141 7 7
147 145 7 7
148 140 7 7
148 142 7 7
149 145 7 7
149 141 7 7
150 146 7 7
150 147 7 7
151 150 7 7
151 146 7 7
152 146 7 7
152 142 7 7
153 150 7 7
153 141 7 7
154 144 7 7
154 140 7 7
155 147 7 7
155 153 7 7
156 153 7 7
156 152 7 7
157 146 7 7
157 150 7 7
158 149 7 7
158 147 7 7
159 150 7 7
159 148 7 7
140 150 7 7
140 156 7 7
141 152 7 7
141 145 7 7
162 160 8 8
162 161 8 8
163 162 8 8
163 161 8 8
164 161 8 8
164 163 8 8
165 164 8 8
165 161 8 8
166 165 8 8
166 163 8 8
167 160 8 8
167 162 8 8
168 160 8 8
168 162 8 8
169 166 8 8
169 160 8 8
170 168 8 8
170 161 8 8
171 161 8 8
171 169 8 8
172 166 8 8
172 163 8 8
173 168 8 8
173 170 8 8
174 167 8 8
174 164 8 8
175 170 8 8
175 173 8 8
176 172 8 8
176 168 8 8
177 175 8 8
177 173 8 8
178 160 8 8
178 176 8 8
179 167 8 8
179 164 8 8
160 173 8 8
160 175 8 8
161 167 8 8
161 177 8 8
182 181 9 9
182 180 9 9
183 180 9 9
183 182 9 9
184 181 9 9
184 183 9 9
185 182 9 9
185 180 9 9
186 181 9 9
186 183 9 9
187 186 9 9
187 183 9 9
188 184 9 9
188 187 9 9
189 184 9 9
189 188 9 9
190 187 9 9
190 180 9 9
191 183 9 9
191 182 9 9
192 189 9 9
192 188 9 9
193 183 9 9
193 182 9 9
194 192 9 9
194 183 9 9
195 184 9 9
195 183 9 9
196 194 9 9
196 189 9 9
197 188 9 9
197 192 9 9
198 182 9 9
198 185 9 9
199 187 9 9
199 194 9 9
180 191 9 9
180 193 9 9
181 198 9 9
181 191 9 9
202 201 10 10
202 200 10 10
203 200 10 10
203 202 10 10
204 203 10 10
204 200 10 10
205 201 10 10
205 200 10 10
206 202 10 10
206 200 10 10
207 202 10 10
207 203 10 10
208 206 10 10
208 202 10 10
209 203 10 10
209 205 10 10
210 203 10 10
210 205 10 10
211 209 10 10
211 208 10 10
212 202 10 10
212 201 10 10
213 209 10 10
213 205 10 10
214 201 10 10
214 210 10 10
215 207 10 10
215 205 10 10
216 208 10 10
216 205 10 10
217 206 10 10
217 212 10 10
218 216 10 10
218 206 10 10
219 200 10 10
219 206 10 10
200 216 10 10
200 218 10 10
201 208 10 10
201 206 10 10
222 221 11 11
222 220 11 11
223 221 11 11
223 220 11 11
224 221 11 11
224 220 11 11
225 223 11 11
225 221 11 11
226 223 11 11
226 225 11 11
227 221 11 11
227 225 11 11
228 222 11 11
228 223 11 11
229 224 11 11
229 221 11 11
230 226 11 11
230 224 11 11
231 226 11 11
231 222 11 11
232 228 11 11
232 220 11 11
233 228 11 11
233 220 11 11
234 233 11 11
234 224 11 11
235 220 11 11
235 224 11 11
236 225 11 11
236 221 11 11
237 229 11 11
237 228 11 11
238 226 11 11
238 234 11 11
239 232 11 11
239 236 11 11
220 236 11 11
220 225 11 11
221 226 11 11
221 228 11 11
242 241 12 12
242 240 12 12
243 240 12 12
243 242 12 12
244 243 12 12
244 242 12 12
245 243 12 12
245 240 12 12
246 242 12 12
246 241 12 12
247 241 12 12
247 240 12 12
248 244 12 12
248 240 12 12
249 240 12 12
249 243 12 12
250 244 12 12
250 246 12 12
251 244 12 12
251 247 12 12
252 241 12 12
252 246 12 12
253 241 12 12
253 243 12 12
254 246 12 12
254 244 12 12
255 249 12 12
255 241 12 12
256 240 12 12
256 254 12 12
257 256 12 12
257 247 12 12
258 240 12 12
258 246 12 12
259 251 12 12
259 258 12 12
240 251 12 12
240 246 12 12
241 258 12 12
241 257 12 12
262 261 13 13
262 260 13 13
263 262 13 13
263 261 13 13
264 263 13 13
264 261 13 13
265 260 13 13
265 261 13 13
266 260 13 13
266 262 13 13
267 266 13 13
267 262 13 13
268 260 13 13
268 262 13 13
269 265 13 13
269 262 13 13
270 269 13 13
270 268 13 13
271 266 13 13
271 260 13 13
272 262 13 13
272 269 13 13
273 267 13 13
273 269 13 13
274 271 13 13
274 262 13 13
275 266 13 13
275 272 13 13
276 264 13 13
276 274 13 13
277 270 13 13
277 268 13 13
278 267 13 13
278 276 13 13
279 277 13 13
279 270 13 13
260 272 13 13
260 279 13 13
261 276 13 13
261 272 13 13
282 281 14 14
282 280 14 14
283 281 14 14
283 280 14 14
284 282 14 14
284 283 14 14
285 284 14 14
285 283 14 14
286 280 14 14
286 282 14 14
287 281 14 14
287 282 14 14
288 284 14 14
288 287 14 14
289 284 14 14
289 288 14 14
290 280 14 14
290 286 14 14
291 289 14 14
291 287 14 14
292 287 14 14
292 281 14 14
293 287 14 14
293 291 14 14
294 284 14 14
294 285 14 14
295 283 14 14
295 289 14 14
296 283 14 14
296 284 14 14
297 284 14 14
297 289 14 14
298 290 14 14
298 289 14 14
299 286 14 14
299 287 14 14
280 287 14 14
280 297 14 14
281 288 14 14
281 295 14 14
302 301 15 15
302 300 15 15
303 302 15 15
303 301 15 15
304 300 15 15
304 303 15 15
305 300 15 15
305 301 15 15
306 300 15 15
306 303 15 15
307 302 15 15
307 301 15 15
308 303 15 15
308 306 15 15
309 301 15 15
309 304 15 15
310 300 15 15
310 305 15 15
311 300 15 15
311 305 15 15
312 308 15 15
312 307 15 15
313 307 15 15
313 312 15 15
314 302 15 15
314 303 15 15
315 304 15 15
315 306 15 15
316 302 15 15
316 310 15 15
317 303 15 15
317 316 15 15
318 309 15 15
318 302 15 15
319 312 15 15
319 303 15 15
300 303 15 15
300 318 15 15
301 319 15 15
301 310 15 15
41 36 2 1
59 11 2 0
64 37 3 1
77 2 3 0
84 47 4 2
86 2 4 0
105 61 5 3
117 10 5 0
128 93 6 4
133 108 6 5
152 104 7 5
146 132 7 6
177 81 8 4
174 49 8 2
199 149 9 7
199 117 9 5
210 87 10 4
208 161 10 8
238 15 11 0
225 92 11 4
257 234 12 11
255 11 12 0
260 240 13 12
263 227 13 11
280 85 14 4
283 255 14 12
318 118 15 5
316 232 15 11
6 120 0 6
19 264 0 13
32 282 1 14
33 253 1 12
