swNum = 320
edgeNum = 672

0 0
1 0
2 0
3 0
4 0
5 0
6 0
7 0
8 0
9 0
10 0
11 0
12 0
13 0
14 0
15 0
16 0
17 0
18 0
19 0
20 1
21 1
22 1
23 1
24 1
25 1
26 1
27 1
28 1
29 1
30 1
31 1
32 1
33 1
34 1
35 1
36 1
37 1
38 1
39 1
40 2
41 2
42 2
43 2
44 2
45 2
46 2
47 2
48 2
49 2
50 2
51 2
52 2
53 2
54 2
55 2
56 2
57 2
58 2
59 2
60 3
61 3
62 3
63 3
64 3
65 3
66 3
67 3
68 3
69 3
70 3
71 3
72 3
73 3
74 3
75 3
76 3
77 3
78 3
79 3
80 4
81 4
82 4
83 4
84 4
85 4
86 4
87 4
88 4
89 4
90 4
91 4
92 4
93 4
94 4
95 4
96 4
97 4
98 4
99 4
100 5
101 5
102 5
103 5
104 5
105 5
106 5
107 5
108 5
109 5
110 5
111 5
112 5
113 5
114 5
115 5
116 5
117 5
118 5
119 5
120 6
121 6
122 6
123 6
124 6
125 6
126 6
127 6
128 6
129 6
130 6
131 6
132 6
133 6
134 6
135 6
136 6
137 6
138 6
139 6
140 7
141 7
142 7
143 7
144 7
145 7
146 7
147 7
148 7
149 7
150 7
151 7
152 7
153 7
154 7
155 7
156 7
157 7
158 7
159 7
160 8
161 8
162 8
163 8
164 8
165 8
166 8
167 8
168 8
169 8
170 8
171 8
172 8
173 8
174 8
175 8
176 8
177 8
178 8
179 8
180 9
181 9
182 9
183 9
184 9
185 9
186 9
187 9
188 9
189 9
190 9
191 9
192 9
193 9
194 9
195 9
196 9
197 9
198 9
199 9
200 10
201 10
202 10
203 10
204 10
205 10
206 10
207 10
208 10
209 10
210 10
211 10
212 10
213 10
214 10
215 10
216 10
217 10
218 10
219 10
220 11
221 11
222 11
223 11
224 11
225 11
226 11
227 11
228 11
229 11
230 11
231 11
232 11
233 11
234 11
235 11
236 11
237 11
238 11
239 11
240 12
241 12
242 12
243 12
244 12
245 12
246 12
247 12
248 12
249 12
250 12
251 12
252 12
253 12
254 12
255 12
256 12
257 12
258 12
259 12
260 13
261 13
262 13
263 13
264 13
265 13
266 13
267 13
268 13
269 13
270 13
271 13
272 13
273 13
274 13
275 13
276 13
277 13
278 13
279 13
280 14
281 14
282 14
283 14
284 14
285 14
286 14
287 14
288 14
289 14
290 14
291 14
292 14
293 14
294 14
295 14
296 14
297 14
298 14
299 14
300 15
301 15
302 15
303 15
304 15
305 15
306 15
307 15
308 15
309 15
310 15
311 15
312 15
313 15
314 15
315 15
316 15
317 15
318 15
319 15

2 1 0 0
2 0 0 0
3 0 0 0
3 2 0 0
4 2 0 0
4 1 0 0
5 1 0 0
5 2 0 0
6 3 0 0
6 2 0 0
7 1 0 0
7 6 0 0
8 1 0 0
8 3 0 0
9 7 0 0
9 4 0 0
10 5 0 0
10 9 0 0
11 2 0 0
11 7 0 0
12 10 0 0
12 3 0 0
13 4 0 0
13 12 0 0
14 2 0 0
14 5 0 0
15 4 0 0
15 6 0 0
16 14 0 0
16 7 0 0
17 7 0 0
17 14 0 0
18 17 0 0
18 2 0 0
19 4 0 0
19 17 0 0
0 18 0 0
0 4 0 0
1 17 0 0
1 16 0 0
22 21 1 1
22 20 1 1
23 20 1 1
23 22 1 1
24 23 1 1
24 20 1 1
25 23 1 1
25 21 1 1
26 21 1 1
26 20 1 1
27 22 1 1
27 20 1 1
28 20 1 1
28 22 1 1
29 24 1 1
29 20 1 1
30 26 1 1
30 25 1 1
31 23 1 1
31 26 1 1
32 21 1 1
32 22 1 1
33 21 1 1
33 20 1 1
34 33 1 1
34 23 1 1
35 29 1 1
35 34 1 1
36 22 1 1
36 26 1 1
37 33 1 1
37 30 1 1
38 28 1 1
38 23 1 1
39 25 1 1
39 31 1 1
20 39 1 1
20 38 1 1
21 38 1 1
21 34 1 1
42 41 2 2
42 40 2 2
43 41 2 2
43 40 2 2
44 41 2 2
44 42 2 2
45 42 2 2
45 41 2 2
46 45 2 2
46 42 2 2
47 41 2 2
47 40 2 2
48 43 2 2
48 46 2 2
49 42 2 2
49 47 2 2
50 44 2 2
50 48 2 2
51 43 2 2
51 42 2 2
52 48 2 2
52 43 2 2
53 44 2 2
53 50 2 2
54 43 2 2
54 41 2 2
55 40 2 2
55 42 2 2
56 41 2 2
56 43 2 2
57 51 2 2
57 46 2 2
58 48 2 2
58 57 2 2
59 49 2 2
59 57 2 2
40 45 2 2
40 48 2 2
41 58 2 2
41 49 2 2
62 61 3 3
62 60 3 3
63 61 3 3
63 62 3 3
64 62 3 3
64 61 3 3
65 62 3 3
65 61 3 3
66 62 3 3
66 61 3 3
67 62 3 3
67 66 3 3
68 62 3 3
68 60 3 3
69 62 3 3
69 67 3 3
70 66 3 3
70 65 3 3
71 68 3 3
71 67 3 3
72 69 3 3
72 64 3 3
73 63 3 3
73 70 3 3
74 62 3 3
74 60 3 3
75 72 3 3
75 64 3 3
76 63 3 3
76 70 3 3
77 64 3 3
77 74 3 3
78 69 3 3
78 60 3 3
79 67 3 3
79 61 3 3
60 69 3 3
60 67 3 3
61 69 3 3
61 76 3 3
82 80 4 4
82 81 4 4
83 80 4 4
83 82 4 4
84 81 4 4
84 83 4 4
85 84 4 4
85 80 4 4
86 82 4 4
86 85 4 4
87 80 4 4
87 85 4 4
88 80 4 4
88 85 4 4
89 86 4 4
89 88 4 4
90 83 4 4
90 85 4 4
91 83 4 4
91 86 4 4
92 88 4 4
92 85 4 4
93 82 4 4
93 91 4 4
94 85 4 4
94 82 4 4
95 93 4 4
95 90 4 4
96 85 4 4
96 80 4 4
97 95 4 4
97 96 4 4
98 88 4 4
98 84 4 4
99 98 4 4
99 93 4 4
80 95 4 4
80 93 4 4
81 95 4 4
81 92 4 4
102 100 5 5
102 101 5 5
103 100 5 5
103 102 5 5
104 100 5 5
104 102 5 5
105 102 5 5
105 101 5 5
106 102 5 5
106 100 5 5
107 102 5 5
107 106 5 5
108 107 5 5
108 101 5 5
109 105 5 5
109 104 5 5
110 100 5 5
110 107 5 5
111 104 5 5
111 107 5 5
112 104 5 5
112 100 5 5
113 107 5 5
113 102 5 5
114 102 5 5
114 101 5 5
115 103 5 5
115 110 5 5
116 101 5 5
116 106 5 5
117 101 5 5
117 115 5 5
118 107 5 5
118 112 5 5
119 108 5 5
119 109 5 5
100 116 5 5
100 118 5 5
101 106 5 5
101 110 5 5
122 120 6 6
122 121 6 6
123 122 6 6
123 120 6 6
124 123 6 6
124 121 6 6
125 124 6 6
125 120 6 6
126 125 6 6
126 121 6 6
127 124 6 6
127 125 6 6
128 124 6 6
128 125 6 6
129 126 6 6
129 122 6 6
130 120 6 6
130 128 6 6
131 123 6 6
131 129 6 6
132 127 6 6
132 123 6 6
133 127 6 6
133 132 6 6
134 125 6 6
134 131 6 6
135 122 6 6
135 127 6 6
136 124 6 6
136 129 6 6
137 127 6 6
137 122 6 6
138 136 6 6
138 125 6 6
139 131 6 6
139 125 6 6
120 133 6 6
120 135 6 6
121 134 6 6
121 137 6 6
142 141 7 7
142 140 7 7
143 140 7 7
143 141 7 7
144 140 7 7
144 142 7 7
145 143 7 7
145 142 7 7
146 142 7 7
146 141 7 7
147 141 7 7
147 144 7 7
148 142 7 7
148 143 7 7
149 141 7 7
149 148 7 7
150 148 7 7
150 145 7 7
151 145 7 7
151 141 7 7
152 140 7 7
152 143 7 7
153 147 7 7
153 152 7 7
154 140 7 7
154 148 7 7
155 153 7 7
155 145 7 7
156 151 7 7
156 155 7 7
157 156 7 7
157 151 7 7
158 146 7 7
158 143 7 7
159 142 7 7
159 156 7 7
140 159 7 7
140 150 7 7
141 157 7 7
141 156 7 7
162 161 8 8
162 160 8 8
163 161 8 8
163 160 8 8
164 161 8 8
164 160 8 8
165 162 8 8
165 161 8 8
166 164 8 8
166 162 8 8
167 164 8 8
167 162 8 8
168 164 8 8
168 161 8 8
169 168 8 8
169 162 8 8
170 166 8 8
170 161 8 8
171 161 8 8
171 165 8 8
172 166 8 8
172 171 8 8
173 171 8 8
173 163 8 8
174 163 8 8
174 167 8 8
175 174 8 8
175 171 8 8
176 168 8 8
176 171 8 8
177 164 8 8
177 166 8 8
178 173 8 8
178 172 8 8
179 173 8 8
179 166 8 8
160 170 8 8
160 172 8 8
161 166 8 8
161 173 8 8
182 180 9 9
182 181 9 9
183 181 9 9
183 180 9 9
184 180 9 9
184 182 9 9
185 181 9 9
185 183 9 9
186 185 9 9
186 181 9 9
187 186 9 9
187 183 9 9
188 185 9 9
188 181 9 9
189 185 9 9
189 181 9 9
190 185 9 9
190 180 9 9
191 188 9 9
191 183 9 9
192 187 9 9
192 183 9 9
193 192 9 9
193 187 9 9
194 182 9 9
194 187 9 9
195 194 9 9
195 187 9 9
196 193 9 9
196 191 9 9
197 180 9 9
197 195 9 9
198 183 9 9
198 192 9 9
199 189 9 9
199 186 9 9
180 191 9 9
180 186 9 9
181 192 9 9
181 191 9 9
202 200 10 10
202 201 10 10
203 201 10 10
203 200 10 10
204 202 10 10
204 203 10 10
205 200 10 10
205 203 10 10
206 203 10 10
206 201 10 10
207 202 10 10
207 204 10 10
208 204 10 10
208 200 10 10
209 208 10 10
209 206 10 10
210 200 10 10
210 209 10 10
211 200 10 10
211 203 10 10
212 200 10 10
212 205 10 10
213 200 10 10
213 202 10 10
214 200 10 10
214 205 10 10
215 210 10 10
215 206 10 10
216 214 10 10
216 206 10 10
217 214 10 10
217 211 10 10
218 207 10 10
218 210 10 10
219 208 10 10
219 202 10 10
200 209 10 10
200 218 10 10
201 214 10 10
201 213 10 10
222 220 11 11
222 221 11 11
223 221 11 11
223 220 11 11
224 220 11 11
224 222 11 11
225 223 11 11
225 221 11 11
226 222 11 11
226 224 11 11
227 222 11 11
227 224 11 11
228 224 11 11
228 221 11 11
229 224 11 11
229 227 11 11
230 223 11 11
230 221 11 11
231 227 11 11
231 230 11 11
232 229 11 11
232 227 11 11
233 228 11 11
233 226 11 11
234 221 11 11
234 230 11 11
235 221 11 11
235 234 11 11
236 223 11 11
236 225 11 11
237 223 11 11
237 232 11 11
238 223 11 11
238 234 11 11
239 226 11 11
239 229 11 11
220 228 11 11
220 234 11 11
221 236 11 11
221 227 11 11
242 241 12 12
242 240 12 12
243 241 12 12
243 240 12 12
244 242 12 12
244 243 12 12
245 240 12 12
245 243 12 12
246 240 12 12
246 243 12 12
247 240 12 12
247 245 12 12
248 243 12 12
248 242 12 12
249 244 12 12
249 247 12 12
250 249 12 12
250 241 12 12
251 247 12 12
251 241 12 12
252 250 12 12
252 249 12 12
253 247 12 12
253 240 12 12
254 246 12 12
254 240 12 12
255 244 12 12
255 243 12 12
256 251 12 12
256 241 12 12
257 253 12 12
257 241 12 12
258 249 12 12
258 245 12 12
259 246 12 12
259 240 12 12
240 252 12 12
240 244 12 12
241 254 12 12
241 245 12 12
262 261 13 13
262 260 13 13
263 261 13 13
263 262 13 13
264 262 13 13
264 260 13 13
265 264 13 13
265 261 13 13
266 262 13 13
266 263 13 13
267 261 13 13
267 262 13 13
268 266 13 13
268 262 13 13
269 263 13 13
269 264 13 13
270 265 13 13
270 263 13 13
271 260 13 13
271 264 13 13
272 264 13 13
272 267 13 13
273 270 13 13
273 269 13 13
274 261 13 13
274 260 13 13
275 272 13 13
275 269 13 13
276 271 13 13
276 262 13 13
277 271 13 13
277 268 13 13
278 273 13 13
278 265 13 13
279 260 13 13
279 266 13 13
260 276 13 13
260 275 13 13
261 278 13 13
261 275 13 13
282 281 14 14
282 280 14 14
283 282 14 14
283 280 14 14
284 283 14 14
284 280 14 14
285 281 14 14
285 282 14 14
286 281 14 14
286 285 14 14
287 283 14 14
287 281 14 14
288 281 14 14
288 284 14 14
289 288 14 14
289 283 14 14
290 282 14 14
290 281 14 14
291 281 14 14
291 288 14 14
292 283 14 14
292 284 14 14
293 288 14 14
293 285 14 14
294 283 14 14
294 293 14 14
295 294 14 14
295 292 14 14
296 289 14 14
296 284 14 14
297 286 14 14
297 281 14 14
298 286 14 14
298 291 14 14
299 282 14 14
299 287 14 14
280 287 14 14
280 294 14 14
281 293 14 14
281 294 14 14
302 300 15 15
302 301 15 15
303 301 15 15
303 300 15 15
304 300 15 15
304 301 15 15
305 300 15 15
305 303 15 15
306 305 15 15
306 300 15 15
307 302 15 15
307 304 15 15
308 300 15 15
308 301 15 15
309 307 15 15
309 300 15 15
310 307 15 15
310 300 15 15
311 302 15 15
311 309 15 15
312 310 15 15
312 311 15 15
313 308 15 15
313 305 15 15
314 304 15 15
314 310 15 15
315 312 15 15
315 300 15 15
316 311 15 15
316 312 15 15
317 311 15 15
317 310 15 15
318 308 15 15
318 309 15 15
319 316 15 15
319 315 15 15
300 307 15 15
300 312 15 15
301 305 15 15
301 311 15 15
50 20 2 1
54 17 2 0
79 45 3 2
65 2 3 0
80 31 4 1
89 68 4 3
105 38 5 1
100 97 5 4
125 31 6 1
138 112 6 5
142 60 7 3
146 12 7 0
175 144 8 7
179 2 8 0
182 71 9 3
190 37 9 1
200 173 10 8
201 112 10 5
237 68 11 3
236 26 11 1
258 157 12 7
259 189 12 9
275 106 13 5
276 231 13 11
298 27 14 1
286 156 14 7
311 104 15 5
306 275 15 13
13 287 0 14
2 193 0 9
29 274 1 13
38 259 1 12
