swNum = 320
edgeNum = 672

0 0
1 0
2 0
3 0
4 0
5 0
6 0
7 0
8 0
9 0
10 0
11 0
12 0
13 0
14 0
15 0
16 0
17 0
18 0
19 0
20 1
21 1
22 1
23 1
24 1
25 1
26 1
27 1
28 1
29 1
30 1
31 1
32 1
33 1
34 1
35 1
36 1
37 1
38 1
39 1
40 2
41 2
42 2
43 2
44 2
45 2
46 2
47 2
48 2
49 2
50 2
51 2
52 2
53 2
54 2
55 2
56 2
57 2
58 2
59 2
60 3
61 3
62 3
63 3
64 3
65 3
66 3
67 3
68 3
69 3
70 3
71 3
72 3
73 3
74 3
75 3
76 3
77 3
78 3
79 3
80 4
81 4
82 4
83 4
84 4
85 4
86 4
87 4
88 4
89 4
90 4
91 4
92 4
93 4
94 4
95 4
96 4
97 4
98 4
99 4
100 5
101 5
102 5
103 5
104 5
105 5
106 5
107 5
108 5
109 5
110 5
111 5
112 5
113 5
114 5
115 5
116 5
117 5
118 5
119 5
120 6
121 6
122 6
123 6
124 6
125 6
126 6
127 6
128 6
129 6
130 6
131 6
132 6
133 6
134 6
135 6
136 6
137 6
138 6
139 6
140 7
141 7
142 7
143 7
144 7
145 7
146 7
147 7
148 7
149 7
150 7
151 7
152 7
153 7
154 7
155 7
156 7
157 7
158 7
159 7
160 8
161 8
162 8
163 8
164 8
165 8
166 8
167 8
168 8
169 8
170 8
171 8
172 8
173 8
174 8
175 8
176 8
177 8
178 8
179 8
180 9
181 9
182 9
183 9
184 9
185 9
186 9
187 9
188 9
189 9
190 9
191 9
192 9
193 9
194 9
195 9
196 9
197 9
198 9
199 9
200 10
201 10
202 10
203 10
204 10
205 10
206 10
207 10
208 10
209 10
210 10
211 10
212 10
213 10
214 10
215 10
216 10
217 10
218 10
219 10
220 11
221 11
222 11
223 11
224 11
225 11
226 11
227 11
228 11
229 11
230 11
231 11
232 11
233 11
234 11
235 11
236 11
237 11
238 11
239 11
240 12
241 12
242 12
243 12
244 12
245 12
246 12
247 12
248 12
249 12
250 12
251 12
252 12
253 12
254 12
255 12
256 12
257 12
258 12
259 12
260 13
261 13
262 13
263 13
264 13
265 13
266 13
267 13
268 13
269 13
270 13
271 13
272 13
273 13
274 13
275 13
276 13
277 13
278 13
279 13
280 14
281 14
282 14
283 14
284 14
285 14
286 14
287 14
288 14
289 14
290 14
291 14
292 14
293 14
294 14
295 14
296 14
297 14
298 14
299 14
300 15
301 15
302 15
303 15
304 15
305 15
306 15
307 15
308 15
309 15
310 15
311 15
312 15
313 15
314 15
315 15
316 15
317 15
318 15
319 15

2 1 0 0
2 0 0 0
3 0 0 0
3 2 0 0
4 1 0 0
4 2 0 0
5 0 0 0
5 3 0 0
6 3 0 0
6 2 0 0
7 5 0 0
7 1 0 0
8 7 0 0
8 6 0 0
9 1 0 0
9 6 0 0
10 5 0 0
10 0 0 0
11 5 0 0
11 8 0 0
12 7 0 0
12 3 0 0
13 8 0 0
13 12 0 0
14 4 0 0
14 11 0 0
15 6 0 0
15 13 0 0
16 10 0 0
16 13 0 0
17 2 0 0
17 15 0 0
18 15 0 0
18 17 0 0
19 3 0 0
19 2 0 0
0 8 0 0
0 7 0 0
1 14 0 0
1 15 0 0
22 21 1 1
22 20 1 1
23 21 1 1
23 20 1 1
24 20 1 1
24 23 1 1
25 22 1 1
25 24 1 1
26 22 1 1
26 25 1 1
27 22 1 1
27 23 1 1
28 22 1 1
28 25 1 1
29 24 1 1
29 27 1 1
30 25 1 1
30 26 1 1
31 22 1 1
31 27 1 1
32 31 1 1
32 27 1 1
33 21 1 1
33 29 1 1
34 26 1 1
34 24 1 1
35 28 1 1
35 34 1 1
36 21 1 1
36 28 1 1
37 35 1 1
37 22 1 1
38 34 1 1
38 37 1 1
39 35 1 1
39 25 1 1
20 34 1 1
20 33 1 1
21 27 1 1
21 37 1 1
42 41 2 2
42 40 2 2
43 41 2 2
43 42 2 2
44 42 2 2
44 43 2 2
45 43 2 2
45 41 2 2
46 43 2 2
46 45 2 2
47 43 2 2
47 42 2 2
48 42 2 2
48 45 2 2
49 43 2 2
49 48 2 2
50 42 2 2
50 45 2 2
51 49 2 2
51 41 2 2
52 49 2 2
52 48 2 2
53 47 2 2
53 46 2 2
54 46 2 2
54 40 2 2
55 50 2 2
55 46 2 2
56 52 2 2
56 43 2 2
57 52 2 2
57 47 2 2
58 55 2 2
58 48 2 2
59 40 2 2
59 44 2 2
40 47 2 2
40 53 2 2
41 47 2 2
41 49 2 2
62 61 3 3
62 60 3 3
63 61 3 3
63 60 3 3
64 60 3 3
64 61 3 3
65 61 3 3
65 63 3 3
66 60 3 3
66 63 3 3
67 65 3 3
67 64 3 3
68 66 3 3
68 65 3 3
69 60 3 3
69 63 3 3
70 64 3 3
70 67 3 3
71 69 3 3
71 67 3 3
72 70 3 3
72 69 3 3
73 72 3 3
73 64 3 3
74 72 3 3
74 66 3 3
75 74 3 3
75 72 3 3
76 69 3 3
76 67 3 3
77 66 3 3
77 69 3 3
78 62 3 3
78 75 3 3
79 71 3 3
79 75 3 3
60 76 3 3
60 73 3 3
61 68 3 3
61 77 3 3
82 81 4 4
82 80 4 4
83 82 4 4
83 81 4 4
84 80 4 4
84 83 4 4
85 81 4 4
85 83 4 4
86 83 4 4
86 80 4 4
87 86 4 4
87 81 4 4
88 83 4 4
88 87 4 4
89 81 4 4
89 80 4 4
90 89 4 4
90 88 4 4
91 87 4 4
91 84 4 4
92 88 4 4
92 90 4 4
93 86 4 4
93 84 4 4
94 92 4 4
94 88 4 4
95 92 4 4
95 85 4 4
96 90 4 4
96 91 4 4
97 84 4 4
97 87 4 4
98 82 4 4
98 89 4 4
99 93 4 4
99 96 4 4
80 91 4 4
80 93 4 4
81 94 4 4
81 91 4 4
102 100 5 5
102 101 5 5
103 100 5 5
103 102 5 5
104 102 5 5
104 103 5 5
105 102 5 5
105 104 5 5
106 105 5 5
106 102 5 5
107 102 5 5
107 100 5 5
108 101 5 5
108 107 5 5
109 100 5 5
109 108 5 5
110 104 5 5
110 106 5 5
111 102 5 5
111 105 5 5
112 107 5 5
112 109 5 5
113 108 5 5
113 102 5 5
114 112 5 5
114 106 5 5
115 114 5 5
115 103 5 5
116 107 5 5
116 100 5 5
117 101 5 5
117 103 5 5
118 108 5 5
118 102 5 5
119 102 5 5
119 110 5 5
100 114 5 5
100 105 5 5
101 104 5 5
101 113 5 5
122 120 6 6
122 121 6 6
123 120 6 6
123 122 6 6
124 120 6 6
124 122 6 6
125 121 6 6
125 122 6 6
126 124 6 6
126 120 6 6
127 124 6 6
127 120 6 6
128 125 6 6
128 120 6 6
129 127 6 6
129 126 6 6
130 120 6 6
130 129 6 6
131 125 6 6
131 126 6 6
132 129 6 6
132 124 6 6
133 122 6 6
133 130 6 6
134 131 6 6
134 130 6 6
135 122 6 6
135 133 6 6
136 123 6 6
136 133 6 6
137 122 6 6
137 121 6 6
138 132 6 6
138 123 6 6
139 131 6 6
139 134 6 6
120 139 6 6
120 136 6 6
121 136 6 6
121 128 6 6
142 140 7 7
142 141 7 7
143 140 7 7
143 142 7 7
144 143 7 7
144 141 7 7
145 144 7 7
145 141 7 7
146 144 7 7
146 143 7 7
147 144 7 7
147 145 7 7
148 147 7 7
148 145 7 7
149 148 7 7
149 147 7 7
150 144 7 7
150 143 7 7
151 146 7 7
151 148 7 7
152 142 7 7
152 146 7 7
153 150 7 7
153 143 7 7
154 151 7 7
154 145 7 7
155 140 7 7
155 147 7 7
156 152 7 7
156 154 7 7
157 154 7 7
157 151 7 7
158 151 7 7
158 155 7 7
159 158 7 7
159 154 7 7
140 156 7 7
140 157 7 7
141 152 7 7
141 149 7 7
162 160 8 8
162 161 8 8
163 160 8 8
163 162 8 8
164 162 8 8
164 161 8 8
165 162 8 8
165 164 8 8
166 165 8 8
166 164 8 8
167 166 8 8
167 165 8 8
168 163 8 8
168 161 8 8
169 161 8 8
169 163 8 8
170 162 8 8
170 166 8 8
171 163 8 8
171 161 8 8
172 171 8 8
172 166 8 8
173 165 8 8
173 162 8 8
174 172 8 8
174 164 8 8
175 167 8 8
175 174 8 8
176 164 8 8
176 166 8 8
177 176 8 8
177 165 8 8
178 170 8 8
178 162 8 8
179 178 8 8
179 165 8 8
160 168 8 8
160 170 8 8
161 166 8 8
161 174 8 8
182 181 9 9
182 180 9 9
183 182 9 9
183 180 9 9
184 181 9 9
184 183 9 9
185 183 9 9
185 180 9 9
186 182 9 9
186 181 9 9
187 181 9 9
187 182 9 9
188 181 9 9
188 184 9 9
189 181 9 9
189 182 9 9
190 185 9 9
190 182 9 9
191 187 9 9
191 180 9 9
192 184 9 9
192 189 9 9
193 189 9 9
193 191 9 9
194 184 9 9
194 189 9 9
195 182 9 9
195 181 9 9
196 186 9 9
196 182 9 9
197 181 9 9
197 180 9 9
198 186 9 9
198 185 9 9
199 193 9 9
199 185 9 9
180 190 9 9
180 188 9 9
181 194 9 9
181 198 9 9
202 201 10 10
202 200 10 10
203 202 10 10
203 200 10 10
204 201 10 10
204 202 10 10
205 203 10 10
205 202 10 10
206 205 10 10
206 202 10 10
207 200 10 10
207 202 10 10
208 202 10 10
208 201 10 10
209 203 10 10
209 200 10 10
210 204 10 10
210 208 10 10
211 209 10 10
211 203 10 10
212 204 10 10
212 208 10 10
213 204 10 10
213 201 10 10
214 201 10 10
214 211 10 10
215 208 10 10
215 206 10 10
216 205 10 10
216 215 10 10
217 210 10 10
217 204 10 10
218 204 10 10
218 203 10 10
219 214 10 10
219 216 10 10
200 204 10 10
200 214 10 10
201 218 10 10
201 205 10 10
222 220 11 11
222 221 11 11
223 221 11 11
223 222 11 11
224 221 11 11
224 220 11 11
225 221 11 11
225 224 11 11
226 223 11 11
226 220 11 11
227 225 11 11
227 220 11 11
228 224 11 11
228 221 11 11
229 221 11 11
229 227 11 11
230 220 11 11
230 228 11 11
231 224 11 11
231 230 11 11
232 231 11 11
232 228 11 11
233 224 11 11
233 220 11 11
234 222 11 11
234 225 11 11
235 232 11 11
235 223 11 11
236 221 11 11
236 227 11 11
237 222 11 11
237 223 11 11
238 221 11 11
238 233 11 11
239 237 11 11
239 226 11 11
220 234 11 11
220 228 11 11
221 233 11 11
221 230 11 11
242 240 12 12
242 241 12 12
243 242 12 12
243 240 12 12
244 242 12 12
244 240 12 12
245 241 12 12
245 242 12 12
246 245 12 12
246 242 12 12
247 242 12 12
247 246 12 12
248 247 12 12
248 245 12 12
249 242 12 12
249 245 12 12
250 244 12 12
250 241 12 12
251 242 12 12
251 246 12 12
252 245 12 12
252 242 12 12
253 245 12 12
253 249 12 12
254 253 12 12
254 249 12 12
255 245 12 12
255 240 12 12
256 250 12 12
256 240 12 12
257 246 12 12
257 240 12 12
258 254 12 12
258 255 12 12
259 246 12 12
259 250 12 12
240 252 12 12
240 251 12 12
241 255 12 12
241 249 12 12
262 260 13 13
262 261 13 13
263 261 13 13
263 262 13 13
264 262 13 13
264 260 13 13
265 262 13 13
265 264 13 13
266 262 13 13
266 261 13 13
267 262 13 13
267 265 13 13
268 262 13 13
268 265 13 13
269 261 13 13
269 260 13 13
270 268 13 13
270 266 13 13
271 267 13 13
271 270 13 13
272 262 13 13
272 268 13 13
273 267 13 13
273 262 13 13
274 272 13 13
274 264 13 13
275 269 13 13
275 261 13 13
276 262 13 13
276 270 13 13
277 272 13 13
277 263 13 13
278 263 13 13
278 270 13 13
279 272 13 13
279 278 13 13
260 272 13 13
260 279 13 13
261 273 13 13
261 268 13 13
282 281 14 14
282 280 14 14
283 282 14 14
283 281 14 14
284 280 14 14
284 283 14 14
285 281 14 14
285 280 14 14
286 280 14 14
286 281 14 14
287 281 14 14
287 285 14 14
288 281 14 14
288 285 14 14
289 283 14 14
289 281 14 14
290 283 14 14
290 281 14 14
291 281 14 14
291 284 14 14
292 288 14 14
292 282 14 14
293 285 14 14
293 281 14 14
294 286 14 14
294 291 14 14
295 294 14 14
295 292 14 14
296 295 14 14
296 291 14 14
297 292 14 14
297 293 14 14
298 283 14 14
298 295 14 14
299 291 14 14
299 284 14 14
280 292 14 14
280 293 14 14
281 294 14 14
281 299 14 14
302 300 15 15
302 301 15 15
303 300 15 15
303 301 15 15
304 303 15 15
304 301 15 15
305 303 15 15
305 301 15 15
306 304 15 15
306 301 15 15
307 305 15 15
307 304 15 15
308 300 15 15
308 303 15 15
309 305 15 15
309 300 15 15
310 308 15 15
310 306 15 15
311 306 15 15
311 304 15 15
312 303 15 15
312 311 15 15
313 308 15 15
313 303 15 15
314 310 15 15
314 312 15 15
315 312 15 15
315 306 15 15
316 302 15 15
316 309 15 15
317 308 15 15
317 316 15 15
318 307 15 15
318 311 15 15
319 312 15 15
319 308 15 15
300 305 15 15
300 315 15 15
301 318 15 15
301 311 15 15
51 0 2 0
44 38 2 1
78 21 3 1
68 59 3 2
81 37 4 1
86 16 4 0
102 51 5 2
110 18 5 0
130 117 6 5
139 40 6 2
156 121 7 6
156 109 7 5
176 36 8 1
165 4 8 0
188 37 9 1
180 65 9 3
219 41 10 2
211 69 10 3
234 17 11 0
237 214 11 10
255 136 12 6
256 144 12 7
260 52 13 2
275 103 13 5
298 194 14 9
297 151 14 7
310 248 15 12
307 278 15 13
13 284 0 14
11 278 0 13
30 223 1 11
35 294 1 14
