swNum = 320
edgeNum = 672

0 0
1 0
2 0
3 0
4 0
5 0
6 0
7 0
8 0
9 0
10 0
11 0
12 0
13 0
14 0
15 0
16 0
17 0
18 0
19 0
20 1
21 1
22 1
23 1
24 1
25 1
26 1
27 1
28 1
29 1
30 1
31 1
32 1
33 1
34 1
35 1
36 1
37 1
38 1
39 1
40 2
41 2
42 2
43 2
44 2
45 2
46 2
47 2
48 2
49 2
50 2
51 2
52 2
53 2
54 2
55 2
56 2
57 2
58 2
59 2
60 3
61 3
62 3
63 3
64 3
65 3
66 3
67 3
68 3
69 3
70 3
71 3
72 3
73 3
74 3
75 3
76 3
77 3
78 3
79 3
80 4
81 4
82 4
83 4
84 4
85 4
86 4
87 4
88 4
89 4
90 4
91 4
92 4
93 4
94 4
95 4
96 4
97 4
98 4
99 4
100 5
101 5
102 5
103 5
104 5
105 5
106 5
107 5
108 5
109 5
110 5
111 5
112 5
113 5
114 5
115 5
116 5
117 5
118 5
119 5
120 6
121 6
122 6
123 6
124 6
125 6
126 6
127 6
128 6
129 6
130 6
131 6
132 6
133 6
134 6
135 6
136 6
137 6
138 6
139 6
140 7
141 7
142 7
143 7
144 7
145 7
146 7
147 7
148 7
149 7
150 7
151 7
152 7
153 7
154 7
155 7
156 7
157 7
158 7
159 7
160 8
161 8
162 8
163 8
164 8
165 8
166 8
167 8
168 8
169 8
170 8
171 8
172 8
173 8
174 8
175 8
176 8
177 8
178 8
179 8
180 9
181 9
182 9
183 9
184 9
185 9
186 9
187 9
188 9
189 9
190 9
191 9
192 9
193 9
194 9
195 9
196 9
197 9
198 9
199 9
200 10
201 10
202 10
203 10
204 10
205 10
206 10
207 10
208 10
209 10
210 10
211 10
212 10
213 10
214 10
215 10
216 10
217 10
218 10
219 10
220 11
221 11
222 11
223 11
224 11
225 11
226 11
227 11
228 11
229 11
230 11
231 11
232 11
233 11
234 11
235 11
236 11
237 11
238 11
239 11
240 12
241 12
242 12
243 12
244 12
245 12
246 12
247 12
248 12
249 12
250 12
251 12
252 12
253 12
254 12
255 12
256 12
257 12
258 12
259 12
260 13
261 13
262 13
263 13
264 13
265 13
266 13
267 13
268 13
269 13
270 13
271 13
272 13
273 13
274 13
275 13
276 13
277 13
278 13
279 13
280 14
281 14
282 14
283 14
284 14
285 14
286 14
287 14
288 14
289 14
290 14
291 14
292 14
293 14
294 14
295 14
296 14
297 14
298 14
299 14
300 15
301 15
302 15
303 15
304 15
305 15
306 15
307 15
308 15
309 15
310 15
311 15
312 15
313 15
314 15
315 15
316 15
317 15
318 15
319 15

2 1 0 0
2 0 0 0
3 1 0 0
3 2 0 0
4 0 0 0
4 1 0 0
5 2 0 0
5 1 0 0
6 0 0 0
6 3 0 0
7 4 0 0
7 2 0 0
8 7 0 0
8 6 0 0
9 6 0 0
9 8 0 0
10 1 0 0
10 3 0 0
11 6 0 0
11 0 0 0
12 10 0 0
12 3 0 0
13 9 0 0
13 11 0 0
14 4 0 0
14 13 0 0
15 9 0 0
15 8 0 0
16 11 0 0
16 1 0 0
17 11 0 0
17 7 0 0
18 15 0 0
18 16 0 0
19 6 0 0
19 4 0 0
0 14 0 0
0 9 0 0
1 9 0 0
1 17 0 0
22 21 1 1
22 20 1 1
23 20 1 1
23 22 1 1
24 22 1 1
24 20 1 1
25 23 1 1
25 20 1 1
26 25 1 1
26 20 1 1
27 21 1 1
27 24 1 1
28 20 1 1
28 22 1 1
29 26 1 1
29 27 1 1
30 24 1 1
30 22 1 1
31 29 1 1
31 30 1 1
32 23 1 1
32 27 1 1
33 21 1 1
33 32 1 1
34 31 1 1
34 27 1 1
35 20 1 1
35 33 1 1
36 33 1 1
36 27 1 1
37 32 1 1
37 33 1 1
38 21 1 1
38 32 1 1
39 36 1 1
39 21 1 1
20 39 1 1
20 27 1 1
21 29 1 1
21 34 1 1
42 40 2 2
42 41 2 2
43 41 2 2
43 40 2 2
44 43 2 2
44 41 2 2
45 40 2 2
45 43 2 2
46 44 2 2
46 43 2 2
47 45 2 2
47 44 2 2
48 41 2 2
48 43 2 2
49 41 2 2
49 46 2 2
50 48 2 2
50 44 2 2
51 49 2 2
51 47 2 2
52 43 2 2
52 50 2 2
53 49 2 2
53 51 2 2
54 53 2 2
54 44 2 2
55 51 2 2
55 46 2 2
56 49 2 2
56 42 2 2
57 54 2 2
57 40 2 2
58 57 2 2
58 54 2 2
59 54 2 2
59 48 2 2
40 56 2 2
40 48 2 2
41 58 2 2
41 50 2 2
62 60 3 3
62 61 3 3
63 61 3 3
63 62 3 3
64 63 3 3
64 60 3 3
65 63 3 3
65 62 3 3
66 64 3 3
66 61 3 3
67 65 3 3
67 64 3 3
68 63 3 3
68 61 3 3
69 60 3 3
69 62 3 3
70 64 3 3
70 66 3 3
71 63 3 3
71 67 3 3
72 61 3 3
72 63 3 3
73 68 3 3
73 63 3 3
74 61 3 3
74 66 3 3
75 69 3 3
75 63 3 3
76 70 3 3
76 60 3 3
77 65 3 3
77 69 3 3
78 62 3 3
78 77 3 3
79 69 3 3
79 62 3 3
60 77 3 3
60 75 3 3
61 65 3 3
61 73 3 3
82 81 4 4
82 80 4 4
83 81 4 4
83 82 4 4
84 83 4 4
84 82 4 4
85 84 4 4
85 80 4 4
86 82 4 4
86 85 4 4
87 86 4 4
87 84 4 4
88 87 4 4
88 84 4 4
89 86 4 4
89 81 4 4
90 83 4 4
90 80 4 4
91 89 4 4
91 87 4 4
92 88 4 4
92 90 4 4
93 90 4 4
93 92 4 4
94 85 4 4
94 83 4 4
95 86 4 4
95 94 4 4
96 84 4 4
96 81 4 4
97 83 4 4
97 93 4 4
98 97 4 4
98 93 4 4
99 92 4 4
99 85 4 4
80 84 4 4
80 95 4 4
81 95 4 4
81 94 4 4
102 101 5 5
102 100 5 5
103 102 5 5
103 100 5 5
104 101 5 5
104 103 5 5
105 104 5 5
105 102 5 5
106 104 5 5
106 101 5 5
107 102 5 5
107 105 5 5
108 106 5 5
108 101 5 5
109 105 5 5
109 101 5 5
110 105 5 5
110 100 5 5
111 107 5 5
111 110 5 5
112 111 5 5
112 101 5 5
113 104 5 5
113 106 5 5
114 107 5 5
114 111 5 5
115 102 5 5
115 104 5 5
116 103 5 5
116 115 5 5
117 105 5 5
117 103 5 5
118 110 5 5
118 111 5 5
119 111 5 5
119 102 5 5
100 108 5 5
100 111 5 5
101 107 5 5
101 119 5 5
122 120 6 6
122 121 6 6
123 122 6 6
123 120 6 6
124 123 6 6
124 122 6 6
125 121 6 6
125 122 6 6
126 121 6 6
126 125 6 6
127 120 6 6
127 123 6 6
128 127 6 6
128 120 6 6
129 121 6 6
129 123 6 6
130 129 6 6
130 123 6 6
131 120 6 6
131 128 6 6
132 124 6 6
132 127 6 6
133 121 6 6
133 122 6 6
134 125 6 6
134 121 6 6
135 123 6 6
135 121 6 6
136 134 6 6
136 125 6 6
137 123 6 6
137 129 6 6
138 131 6 6
138 125 6 6
139 123 6 6
139 135 6 6
120 135 6 6
120 129 6 6
121 128 6 6
121 138 6 6
142 141 7 7
142 140 7 7
143 141 7 7
143 140 7 7
144 142 7 7
144 143 7 7
145 142 7 7
145 144 7 7
146 145 7 7
146 141 7 7
147 142 7 7
147 146 7 7
148 144 7 7
148 141 7 7
149 143 7 7
149 141 7 7
150 145 7 7
150 142 7 7
151 142 7 7
151 148 7 7
152 149 7 7
152 151 7 7
153 146 7 7
153 143 7 7
154 144 7 7
154 151 7 7
155 148 7 7
155 154 7 7
156 146 7 7
156 147 7 7
157 150 7 7
157 141 7 7
158 147 7 7
158 154 7 7
159 146 7 7
159 154 7 7
140 152 7 7
140 150 7 7
141 158 7 7
141 159 7 7
162 161 8 8
162 160 8 8
163 160 8 8
163 162 8 8
164 160 8 8
164 162 8 8
165 161 8 8
165 163 8 8
166 160 8 8
166 165 8 8
167 163 8 8
167 160 8 8
168 167 8 8
168 164 8 8
169 160 8 8
169 167 8 8
170 160 8 8
170 166 8 8
171 161 8 8
171 162 8 8
172 167 8 8
172 165 8 8
173 169 8 8
173 170 8 8
174 165 8 8
174 167 8 8
175 161 8 8
175 165 8 8
176 167 8 8
176 160 8 8
177 167 8 8
177 170 8 8
178 176 8 8
178 172 8 8
179 172 8 8
179 167 8 8
160 174 8 8
160 177 8 8
161 164 8 8
161 172 8 8
182 180 9 9
182 181 9 9
183 181 9 9
183 182 9 9
184 180 9 9
184 182 9 9
185 182 9 9
185 181 9 9
186 185 9 9
186 181 9 9
187 181 9 9
187 183 9 9
188 181 9 9
188 184 9 9
189 187 9 9
189 181 9 9
190 188 9 9
190 182 9 9
191 187 9 9
191 186 9 9
192 187 9 9
192 188 9 9
193 190 9 9
193 180 9 9
194 187 9 9
194 188 9 9
195 187 9 9
195 189 9 9
196 183 9 9
196 193 9 9
197 181 9 9
197 184 9 9
198 195 9 9
198 189 9 9
199 184 9 9
199 186 9 9
180 195 9 9
180 183 9 9
181 194 9 9
181 198 9 9
202 201 10 10
202 200 10 10
203 200 10 10
203 202 10 10
204 202 10 10
204 203 10 10
205 201 10 10
205 204 10 10
206 202 10 10
206 205 10 10
207 206 10 10
207 202 10 10
208 202 10 10
208 203 10 10
209 202 10 10
209 204 10 10
210 207 10 10
210 204 10 10
211 205 10 10
211 202 10 10
212 207 10 10
212 210 10 10
213 201 10 10
213 208 10 10
214 201 10 10
214 213 10 10
215 201 10 10
215 212 10 10
216 212 10 10
216 214 10 10
217 211 10 10
217 206 10 10
218 201 10 10
218 214 10 10
219 208 10 10
219 200 10 10
200 208 10 10
200 215 10 10
201 219 10 10
201 211 10 10
222 220 11 11
222 221 11 11
223 220 11 11
223 222 11 11
224 223 11 11
224 220 11 11
225 223 11 11
225 220 11 11
226 220 11 11
226 222 11 11
227 225 11 11
227 223 11 11
228 222 11 11
228 223 11 11
229 225 11 11
229 221 11 11
230 222 11 11
230 223 11 11
231 225 11 11
231 222 11 11
232 227 11 11
232 223 11 11
233 227 11 11
233 228 11 11
234 229 11 11
234 220 11 11
235 223 11 11
235 234 11 11
236 226 11 11
236 222 11 11
237 220 11 11
237 222 11 11
238 224 11 11
238 230 11 11
239 231 11 11
239 224 11 11
220 228 11 11
220 233 11 11
221 238 11 11
221 235 11 11
242 241 12 12
242 240 12 12
243 242 12 12
243 241 12 12
244 243 12 12
244 240 12 12
245 243 12 12
245 244 12 12
246 242 12 12
246 241 12 12
247 246 12 12
247 241 12 12
248 243 12 12
248 240 12 12
249 247 12 12
249 245 12 12
250 246 12 12
250 242 12 12
251 242 12 12
251 247 12 12
252 246 12 12
252 240 12 12
253 251 12 12
253 240 12 12
254 241 12 12
254 246 12 12
255 242 12 12
255 253 12 12
256 255 12 12
256 249 12 12
257 242 12 12
257 252 12 12
258 253 12 12
258 243 12 12
259 242 12 12
259 241 12 12
240 251 12 12
240 243 12 12
241 255 12 12
241 252 12 12
262 261 13 13
262 260 13 13
263 260 13 13
263 261 13 13
264 262 13 13
264 263 13 13
265 263 13 13
265 264 13 13
266 260 13 13
266 264 13 13
267 260 13 13
267 262 13 13
268 263 13 13
268 265 13 13
269 266 13 13
269 268 13 13
270 269 13 13
270 266 13 13
271 269 13 13
271 261 13 13
272 262 13 13
272 270 13 13
273 263 13 13
273 262 13 13
274 270 13 13
274 264 13 13
275 264 13 13
275 274 13 13
276 267 13 13
276 272 13 13
277 269 13 13
277 276 13 13
278 261 13 13
278 266 13 13
279 270 13 13
279 260 13 13
260 270 13 13
260 271 13 13
261 272 13 13
261 277 13 13
282 281 14 14
282 280 14 14
283 281 14 14
283 282 14 14
284 281 14 14
284 282 14 14
285 283 14 14
285 281 14 14
286 282 14 14
286 280 14 14
287 283 14 14
287 285 14 14
288 284 14 14
288 280 14 14
289 280 14 14
289 288 14 14
290 281 14 14
290 287 14 14
291 289 14 14
291 282 14 14
292 286 14 14
292 289 14 14
293 288 14 14
293 280 14 14
294 289 14 14
294 292 14 14
295 290 14 14
295 293 14 14
296 291 14 14
296 285 14 14
297 291 14 14
297 288 14 14
298 297 14 14
298 288 14 14
299 282 14 14
299 285 14 14
280 297 14 14
280 292 14 14
281 289 14 14
281 299 14 14
302 300 15 15
302 301 15 15
303 300 15 15
303 301 15 15
304 302 15 15
304 303 15 15
305 304 15 15
305 300 15 15
306 305 15 15
306 300 15 15
307 300 15 15
307 301 15 15
308 300 15 15
308 301 15 15
309 303 15 15
309 308 15 15
310 306 15 15
310 308 15 15
311 300 15 15
311 307 15 15
312 307 15 15
312 310 15 15
313 303 15 15
313 308 15 15
314 301 15 15
314 313 15 15
315 312 15 15
315 300 15 15
316 309 15 15
316 301 15 15
317 311 15 15
317 305 15 15
318 309 15 15
318 302 15 15
319 303 15 15
319 310 15 15
300 312 15 15
300 318 15 15
301 315 15 15
301 311 15 15
44 30 2 1
56 18 2 0
72 19 3 0
69 51 3 2
86 59 4 2
82 22 4 1
119 13 5 0
108 43 5 2
129 112 6 5
123 68 6 3
142 62 7 3
153 55 7 2
176 87 8 4
161 129 8 6
198 111 9 5
198 14 9 0
211 161 10 8
202 1 10 0
238 153 11 7
236 39 11 1
253 103 12 5
248 203 12 10
265 234 13 11
262 103 13 5
292 191 14 9
285 254 14 12
315 273 15 13
309 179 15 8
18 154 0 7
2 278 0 13
20 279 1 13
23 154 1 7
