swNum = 320
edgeNum = 672

0 0
1 0
2 0
3 0
4 0
5 0
6 0
7 0
8 0
9 0
10 0
11 0
12 0
13 0
14 0
15 0
16 0
17 0
18 0
19 0
20 1
21 1
22 1
23 1
24 1
25 1
26 1
27 1
28 1
29 1
30 1
31 1
32 1
33 1
34 1
35 1
36 1
37 1
38 1
39 1
40 2
41 2
42 2
43 2
44 2
45 2
46 2
47 2
48 2
49 2
50 2
51 2
52 2
53 2
54 2
55 2
56 2
57 2
58 2
59 2
60 3
61 3
62 3
63 3
64 3
65 3
66 3
67 3
68 3
69 3
70 3
71 3
72 3
73 3
74 3
75 3
76 3
77 3
78 3
79 3
80 4
81 4
82 4
83 4
84 4
85 4
86 4
87 4
88 4
89 4
90 4
91 4
92 4
93 4
94 4
95 4
96 4
97 4
98 4
99 4
100 5
101 5
102 5
103 5
104 5
105 5
106 5
107 5
108 5
109 5
110 5
111 5
112 5
113 5
114 5
115 5
116 5
117 5
118 5
119 5
120 6
121 6
122 6
123 6
124 6
125 6
126 6
127 6
128 6
129 6
130 6
131 6
132 6
133 6
134 6
135 6
136 6
137 6
138 6
139 6
140 7
141 7
142 7
143 7
144 7
145 7
146 7
147 7
148 7
149 7
150 7
151 7
152 7
153 7
154 7
155 7
156 7
157 7
158 7
159 7
160 8
161 8
162 8
163 8
164 8
165 8
166 8
167 8
168 8
169 8
170 8
171 8
172 8
173 8
174 8
175 8
176 8
177 8
178 8
179 8
180 9
181 9
182 9
183 9
184 9
185 9
186 9
187 9
188 9
189 9
190 9
191 9
192 9
193 9
194 9
195 9
196 9
197 9
198 9
199 9
200 10
201 10
202 10
203 10
204 10
205 10
206 10
207 10
208 10
209 10
210 10
211 10
212 10
213 10
214 10
215 10
216 10
217 10
218 10
219 10
220 11
221 11
222 11
223 11
224 11
225 11
226 11
227 11
228 11
229 11
230 11
231 11
232 11
233 11
234 11
235 11
236 11
237 11
238 11
239 11
240 12
241 12
242 12
243 12
244 12
245 12
246 12
247 12
248 12
249 12
250 12
251 12
252 12
253 12
254 12
255 12
256 12
257 12
258 12
259 12
260 13
261 13
262 13
263 13
264 13
265 13
266 13
267 13
268 13
269 13
270 13
271 13
272 13
273 13
274 13
275 13
276 13
277 13
278 13
279 13
280 14
281 14
282 14
283 14
284 14
285 14
286 14
287 14
288 14
289 14
290 14
291 14
292 14
293 14
294 14
295 14
296 14
297 14
298 14
299 14
300 15
301 15
302 15
303 15
304 15
305 15
306 15
307 15
308 15
309 15
310 15
311 15
312 15
313 15
314 15
315 15
316 15
317 15
318 15
319 15

2 0 0 0
2 1 0 0
3 1 0 0
3 0 0 0
4 0 0 0
4 1 0 0
5 1 0 0
5 3 0 0
6 2 0 0
6 5 0 0
7 3 0 0
7 4 0 0
8 1 0 0
8 0 0 0
9 3 0 0
9 0 0 0
10 6 0 0
10 5 0 0
11 2 0 0
11 3 0 0
12 11 0 0
12 9 0 0
13 0 0 0
13 10 0 0
14 6 0 0
14 2 0 0
15 10 0 0
15 7 0 0
16 9 0 0
16 14 0 0
17 6 0 0
17 9 0 0
18 6 0 0
18 14 0 0
19 12 0 0
19 18 0 0
0 12 0 0
0 15 0 0
1 13 0 0
1 6 0 0
22 21 1 1
22 20 1 1
23 20 1 1
23 21 1 1
24 23 1 1
24 20 1 1
25 22 1 1
25 21 1 1
26 25 1 1
26 21 1 1
27 20 1 1
27 24 1 1
28 24 1 1
28 27 1 1
29 23 1 1
29 26 1 1
30 25 1 1
30 26 1 1
31 24 1 1
31 25 1 1
32 26 1 1
32 27 1 1
33 29 1 1
33 21 1 1
34 30 1 1
34 33 1 1
35 33 1 1
35 29 1 1
36 32 1 1
36 22 1 1
37 33 1 1
37 21 1 1
38 37 1 1
38 23 1 1
39 22 1 1
39 30 1 1
20 32 1 1
20 35 1 1
21 39 1 1
21 28 1 1
42 41 2 2
42 40 2 2
43 41 2 2
43 42 2 2
44 40 2 2
44 41 2 2
45 40 2 2
45 43 2 2
46 40 2 2
46 42 2 2
47 45 2 2
47 41 2 2
48 40 2 2
48 47 2 2
49 43 2 2
49 47 2 2
50 44 2 2
50 46 2 2
51 47 2 2
51 45 2 2
52 40 2 2
52 49 2 2
53 49 2 2
53 45 2 2
54 41 2 2
54 40 2 2
55 44 2 2
55 52 2 2
56 40 2 2
56 54 2 2
57 55 2 2
57 54 2 2
58 52 2 2
58 42 2 2
59 57 2 2
59 48 2 2
40 47 2 2
40 55 2 2
41 52 2 2
41 48 2 2
62 61 3 3
62 60 3 3
63 60 3 3
63 62 3 3
64 60 3 3
64 63 3 3
65 62 3 3
65 64 3 3
66 64 3 3
66 62 3 3
67 65 3 3
67 60 3 3
68 65 3 3
68 61 3 3
69 65 3 3
69 68 3 3
70 60 3 3
70 63 3 3
71 67 3 3
71 61 3 3
72 65 3 3
72 71 3 3
73 62 3 3
73 65 3 3
74 69 3 3
74 60 3 3
75 63 3 3
75 68 3 3
76 63 3 3
76 75 3 3
77 67 3 3
77 61 3 3
78 66 3 3
78 63 3 3
79 60 3 3
79 75 3 3
60 71 3 3
60 77 3 3
61 70 3 3
61 66 3 3
82 80 4 4
82 81 4 4
83 81 4 4
83 80 4 4
84 81 4 4
84 80 4 4
85 81 4 4
85 83 4 4
86 82 4 4
86 83 4 4
87 83 4 4
87 84 4 4
88 80 4 4
88 87 4 4
89 81 4 4
89 85 4 4
90 88 4 4
90 87 4 4
91 86 4 4
91 88 4 4
92 83 4 4
92 86 4 4
93 86 4 4
93 81 4 4
94 88 4 4
94 85 4 4
95 89 4 4
95 88 4 4
96 95 4 4
96 92 4 4
97 94 4 4
97 90 4 4
98 93 4 4
98 97 4 4
99 88 4 4
99 89 4 4
80 86 4 4
80 93 4 4
81 88 4 4
81 90 4 4
102 101 5 5
102 100 5 5
103 102 5 5
103 100 5 5
104 101 5 5
104 100 5 5
105 103 5 5
105 101 5 5
106 105 5 5
106 104 5 5
107 101 5 5
107 102 5 5
108 107 5 5
108 103 5 5
109 102 5 5
109 103 5 5
110 108 5 5
110 103 5 5
111 109 5 5
111 106 5 5
112 101 5 5
112 103 5 5
113 105 5 5
113 102 5 5
114 100 5 5
114 103 5 5
115 102 5 5
115 109 5 5
116 111 5 5
116 103 5 5
117 109 5 5
117 105 5 5
118 114 5 5
118 107 5 5
119 118 5 5
119 106 5 5
100 106 5 5
100 112 5 5
101 115 5 5
101 116 5 5
122 121 6 6
122 120 6 6
123 122 6 6
123 121 6 6
124 123 6 6
124 120 6 6
125 124 6 6
125 123 6 6
126 125 6 6
126 121 6 6
127 120 6 6
127 124 6 6
128 126 6 6
128 123 6 6
129 123 6 6
129 124 6 6
130 129 6 6
130 124 6 6
131 123 6 6
131 129 6 6
132 128 6 6
132 124 6 6
133 121 6 6
133 131 6 6
134 123 6 6
134 126 6 6
135 127 6 6
135 134 6 6
136 129 6 6
136 124 6 6
137 132 6 6
137 127 6 6
138 133 6 6
138 121 6 6
139 129 6 6
139 126 6 6
120 134 6 6
120 137 6 6
121 129 6 6
121 137 6 6
142 141 7 7
142 140 7 7
143 140 7 7
143 142 7 7
144 140 7 7
144 142 7 7
145 144 7 7
145 141 7 7
146 142 7 7
146 140 7 7
147 146 7 7
147 143 7 7
148 144 7 7
148 146 7 7
149 148 7 7
149 143 7 7
150 144 7 7
150 140 7 7
151 144 7 7
151 140 7 7
152 147 7 7
152 144 7 7
153 150 7 7
153 142 7 7
154 140 7 7
154 153 7 7
155 140 7 7
155 151 7 7
156 149 7 7
156 153 7 7
157 146 7 7
157 150 7 7
158 153 7 7
158 157 7 7
159 154 7 7
159 146 7 7
140 148 7 7
140 159 7 7
141 159 7 7
141 152 7 7
162 161 8 8
162 160 8 8
163 162 8 8
163 161 8 8
164 160 8 8
164 162 8 8
165 164 8 8
165 163 8 8
166 161 8 8
166 163 8 8
167 163 8 8
167 161 8 8
168 165 8 8
168 163 8 8
169 167 8 8
169 160 8 8
170 168 8 8
170 162 8 8
171 169 8 8
171 160 8 8
172 163 8 8
172 167 8 8
173 160 8 8
173 164 8 8
174 165 8 8
174 164 8 8
175 173 8 8
175 166 8 8
176 164 8 8
176 172 8 8
177 166 8 8
177 171 8 8
178 169 8 8
178 177 8 8
179 160 8 8
179 162 8 8
160 177 8 8
160 176 8 8
161 173 8 8
161 172 8 8
182 181 9 9
182 180 9 9
183 181 9 9
183 180 9 9
184 181 9 9
184 182 9 9
185 183 9 9
185 184 9 9
186 180 9 9
186 183 9 9
187 184 9 9
187 186 9 9
188 187 9 9
188 185 9 9
189 185 9 9
189 187 9 9
190 189 9 9
190 182 9 9
191 190 9 9
191 182 9 9
192 183 9 9
192 189 9 9
193 186 9 9
193 189 9 9
194 180 9 9
194 183 9 9
195 190 9 9
195 181 9 9
196 183 9 9
196 188 9 9
197 195 9 9
197 188 9 9
198 188 9 9
198 194 9 9
199 196 9 9
199 182 9 9
180 188 9 9
180 185 9 9
181 188 9 9
181 198 9 9
202 200 10 10
202 201 10 10
203 200 10 10
203 201 10 10
204 201 10 10
204 202 10 10
205 203 10 10
205 202 10 10
206 201 10 10
206 204 10 10
207 203 10 10
207 201 10 10
208 200 10 10
208 204 10 10
209 207 10 10
209 202 10 10
210 201 10 10
210 204 10 10
211 203 10 10
211 208 10 10
212 209 10 10
212 203 10 10
213 205 10 10
213 207 10 10
214 205 10 10
214 208 10 10
215 201 10 10
215 206 10 10
216 215 10 10
216 201 10 10
217 206 10 10
217 204 10 10
218 213 10 10
218 215 10 10
219 208 10 10
219 209 10 10
200 204 10 10
200 207 10 10
201 217 10 10
201 213 10 10
222 221 11 11
222 220 11 11
223 220 11 11
223 222 11 11
224 221 11 11
224 222 11 11
225 222 11 11
225 224 11 11
226 220 11 11
226 223 11 11
227 226 11 11
227 222 11 11
228 224 11 11
228 220 11 11
229 222 11 11
229 226 11 11
230 224 11 11
230 220 11 11
231 228 11 11
231 226 11 11
232 222 11 11
232 224 11 11
233 230 11 11
233 231 11 11
234 232 11 11
234 222 11 11
235 229 11 11
235 223 11 11
236 230 11 11
236 227 11 11
237 227 11 11
237 231 11 11
238 233 11 11
238 234 11 11
239 221 11 11
239 227 11 11
220 234 11 11
220 225 11 11
221 238 11 11
221 234 11 11
242 240 12 12
242 241 12 12
243 240 12 12
243 242 12 12
244 242 12 12
244 240 12 12
245 242 12 12
245 244 12 12
246 245 12 12
246 244 12 12
247 243 12 12
247 240 12 12
248 243 12 12
248 245 12 12
249 248 12 12
249 245 12 12
250 241 12 12
250 242 12 12
251 249 12 12
251 242 12 12
252 251 12 12
252 248 12 12
253 250 12 12
253 243 12 12
254 246 12 12
254 244 12 12
255 240 12 12
255 249 12 12
256 251 12 12
256 247 12 12
257 256 12 12
257 240 12 12
258 240 12 12
258 250 12 12
259 251 12 12
259 249 12 12
240 253 12 12
240 249 12 12
241 257 12 12
241 258 12 12
262 260 13 13
262 261 13 13
263 262 13 13
263 261 13 13
264 263 13 13
264 260 13 13
265 263 13 13
265 264 13 13
266 260 13 13
266 264 13 13
267 264 13 13
267 265 13 13
268 261 13 13
268 267 13 13
269 261 13 13
269 263 13 13
270 263 13 13
270 264 13 13
271 269 13 13
271 260 13 13
272 268 13 13
272 262 13 13
273 271 13 13
273 263 13 13
274 268 13 13
274 265 13 13
275 266 13 13
275 260 13 13
276 271 13 13
276 272 13 13
277 273 13 13
277 262 13 13
278 275 13 13
278 271 13 13
279 260 13 13
279 266 13 13
260 272 13 13
260 278 13 13
261 267 13 13
261 274 13 13
282 281 14 14
282 280 14 14
283 280 14 14
283 282 14 14
284 283 14 14
284 281 14 14
285 281 14 14
285 280 14 14
286 282 14 14
286 284 14 14
287 282 14 14
287 280 14 14
288 280 14 14
288 286 14 14
289 286 14 14
289 288 14 14
290 288 14 14
290 286 14 14
291 289 14 14
291 280 14 14
292 289 14 14
292 290 14 14
293 290 14 14
293 292 14 14
294 289 14 14
294 288 14 14
295 293 14 14
295 282 14 14
296 291 14 14
296 294 14 14
297 286 14 14
297 295 14 14
298 293 14 14
298 292 14 14
299 290 14 14
299 289 14 14
280 298 14 14
280 297 14 14
281 289 14 14
281 287 14 14
302 300 15 15
302 301 15 15
303 302 15 15
303 300 15 15
304 300 15 15
304 302 15 15
305 301 15 15
305 300 15 15
306 301 15 15
306 302 15 15
307 303 15 15
307 305 15 15
308 306 15 15
308 302 15 15
309 301 15 15
309 303 15 15
310 303 15 15
310 302 15 15
311 305 15 15
311 310 15 15
312 303 15 15
312 307 15 15
313 306 15 15
313 300 15 15
314 301 15 15
314 312 15 15
315 312 15 15
315 300 15 15
316 315 15 15
316 311 15 15
317 307 15 15
317 309 15 15
318 304 15 15
318 315 15 15
319 312 15 15
319 309 15 15
300 306 15 15
300 314 15 15
301 307 15 15
301 315 15 15
50 19 2 0
59 32 2 1
72 22 3 1
77 52 3 2
87 29 4 1
96 14 4 0
105 87 5 4
110 27 5 1
137 6 6 0
137 20 6 1
145 103 7 5
153 86 7 4
168 77 8 3
171 152 8 7
189 135 9 6
189 3 9 0
210 138 10 6
208 57 10 2
233 21 11 1
228 171 11 8
258 148 12 7
247 99 12 4
277 107 13 5
274 46 13 2
283 143 14 7
292 138 14 6
316 182 15 9
305 99 15 4
7 260 0 13
2 314 0 15
36 300 1 15
26 242 1 12
