swNum = 320
edgeNum = 672

0 0
1 0
2 0
3 0
4 0
5 0
6 0
7 0
8 0
9 0
10 0
11 0
12 0
13 0
14 0
15 0
16 0
17 0
18 0
19 0
20 1
21 1
22 1
23 1
24 1
25 1
26 1
27 1
28 1
29 1
30 1
31 1
32 1
33 1
34 1
35 1
36 1
37 1
38 1
39 1
40 2
41 2
42 2
43 2
44 2
45 2
46 2
47 2
48 2
49 2
50 2
51 2
52 2
53 2
54 2
55 2
56 2
57 2
58 2
59 2
60 3
61 3
62 3
63 3
64 3
65 3
66 3
67 3
68 3
69 3
70 3
71 3
72 3
73 3
74 3
75 3
76 3
77 3
78 3
79 3
80 4
81 4
82 4
83 4
84 4
85 4
86 4
87 4
88 4
89 4
90 4
91 4
92 4
93 4
94 4
95 4
96 4
97 4
98 4
99 4
100 5
101 5
102 5
103 5
104 5
105 5
106 5
107 5
108 5
109 5
110 5
111 5
112 5
113 5
114 5
115 5
116 5
117 5
118 5
119 5
120 6
121 6
122 6
123 6
124 6
125 6
126 6
127 6
128 6
129 6
130 6
131 6
132 6
133 6
134 6
135 6
136 6
137 6
138 6
139 6
140 7
141 7
142 7
143 7
144 7
145 7
146 7
147 7
148 7
149 7
150 7
151 7
152 7
153 7
154 7
155 7
156 7
157 7
158 7
159 7
160 8
161 8
162 8
163 8
164 8
165 8
166 8
167 8
168 8
169 8
170 8
171 8
172 8
173 8
174 8
175 8
176 8
177 8
178 8
179 8
180 9
181 9
182 9
183 9
184 9
185 9
186 9
187 9
188 9
189 9
190 9
191 9
192 9
193 9
194 9
195 9
196 9
197 9
198 9
199 9
200 10
201 10
202 10
203 10
204 10
205 10
206 10
207 10
208 10
209 10
210 10
211 10
212 10
213 10
214 10
215 10
216 10
217 10
218 10
219 10
220 11
221 11
222 11
223 11
224 11
225 11
226 11
227 11
228 11
229 11
230 11
231 11
232 11
233 11
234 11
235 11
236 11
237 11
238 11
239 11
240 12
241 12
242 12
243 12
244 12
245 12
246 12
247 12
248 12
249 12
250 12
251 12
252 12
253 12
254 12
255 12
256 12
257 12
258 12
259 12
260 13
261 13
262 13
263 13
264 13
265 13
266 13
267 13
268 13
269 13
270 13
271 13
272 13
273 13
274 13
275 13
276 13
277 13
278 13
279 13
280 14
281 14
282 14
283 14
284 14
285 14
286 14
287 14
288 14
289 14
290 14
291 14
292 14
293 14
294 14
295 14
296 14
297 14
298 14
299 14
300 15
301 15
302 15
303 15
304 15
305 15
306 15
307 15
308 15
309 15
310 15
311 15
312 15
313 15
314 15
315 15
316 15
317 15
318 15
319 15

2 1 0 0
2 0 0 0
3 1 0 0
3 2 0 0
4 2 0 0
4 3 0 0
5 4 0 0
5 1 0 0
6 0 0 0
6 1 0 0
7 3 0 0
7 1 0 0
8 2 0 0
8 4 0 0
9 6 0 0
9 4 0 0
10 7 0 0
10 2 0 0
11 5 0 0
11 9 0 0
12 10 0 0
12 11 0 0
13 9 0 0
13 11 0 0
14 6 0 0
14 7 0 0
15 12 0 0
15 14 0 0
16 2 0 0
16 12 0 0
17 0 0 0
17 3 0 0
18 11 0 0
18 4 0 0
19 0 0 0
19 5 0 0
0 13 0 0
0 14 0 0
1 13 0 0
1 4 0 0
22 20 1 1
22 21 1 1
23 21 1 1
23 20 1 1
24 21 1 1
24 20 1 1
25 20 1 1
25 24 1 1
26 22 1 1
26 24 1 1
27 24 1 1
27 25 1 1
28 20 1 1
28 27 1 1
29 21 1 1
29 24 1 1
30 27 1 1
30 20 1 1
31 25 1 1
31 20 1 1
32 26 1 1
32 21 1 1
33 29 1 1
33 20 1 1
34 21 1 1
34 30 1 1
35 25 1 1
35 31 1 1
36 29 1 1
36 27 1 1
37 32 1 1
37 24 1 1
38 32 1 1
38 24 1 1
39 27 1 1
39 35 1 1
20 39 1 1
20 34 1 1
21 36 1 1
21 38 1 1
42 40 2 2
42 41 2 2
43 41 2 2
43 40 2 2
44 42 2 2
44 40 2 2
45 40 2 2
45 41 2 2
46 40 2 2
46 42 2 2
47 40 2 2
47 46 2 2
48 43 2 2
48 40 2 2
49 45 2 2
49 46 2 2
50 44 2 2
50 48 2 2
51 40 2 2
51 44 2 2
52 49 2 2
52 51 2 2
53 47 2 2
53 44 2 2
54 50 2 2
54 48 2 2
55 41 2 2
55 50 2 2
56 46 2 2
56 44 2 2
57 48 2 2
57 42 2 2
58 45 2 2
58 49 2 2
59 56 2 2
59 40 2 2
40 52 2 2
40 56 2 2
41 53 2 2
41 49 2 2
62 60 3 3
62 61 3 3
63 60 3 3
63 62 3 3
64 63 3 3
64 62 3 3
65 61 3 3
65 64 3 3
66 65 3 3
66 64 3 3
67 63 3 3
67 64 3 3
68 64 3 3
68 63 3 3
69 64 3 3
69 62 3 3
70 61 3 3
70 67 3 3
71 70 3 3
71 67 3 3
72 69 3 3
72 62 3 3
73 64 3 3
73 70 3 3
74 69 3 3
74 72 3 3
75 63 3 3
75 73 3 3
76 64 3 3
76 75 3 3
77 67 3 3
77 76 3 3
78 73 3 3
78 76 3 3
79 74 3 3
79 71 3 3
60 79 3 3
60 73 3 3
61 78 3 3
61 68 3 3
82 80 4 4
82 81 4 4
83 81 4 4
83 82 4 4
84 80 4 4
84 82 4 4
85 82 4 4
85 83 4 4
86 82 4 4
86 83 4 4
87 86 4 4
87 83 4 4
88 84 4 4
88 85 4 4
89 84 4 4
89 82 4 4
90 84 4 4
90 85 4 4
91 82 4 4
91 84 4 4
92 81 4 4
92 85 4 4
93 83 4 4
93 88 4 4
94 86 4 4
94 89 4 4
95 84 4 4
95 83 4 4
96 94 4 4
96 89 4 4
97 95 4 4
97 82 4 4
98 90 4 4
98 95 4 4
99 98 4 4
99 89 4 4
80 97 4 4
80 99 4 4
81 88 4 4
81 87 4 4
102 101 5 5
102 100 5 5
103 101 5 5
103 102 5 5
104 103 5 5
104 100 5 5
105 100 5 5
105 102 5 5
106 101 5 5
106 104 5 5
107 105 5 5
107 101 5 5
108 107 5 5
108 100 5 5
109 101 5 5
109 104 5 5
110 103 5 5
110 104 5 5
111 109 5 5
111 110 5 5
112 106 5 5
112 111 5 5
113 103 5 5
113 104 5 5
114 107 5 5
114 103 5 5
115 106 5 5
115 114 5 5
116 109 5 5
116 111 5 5
117 114 5 5
117 111 5 5
118 105 5 5
118 106 5 5
119 114 5 5
119 101 5 5
100 111 5 5
100 118 5 5
101 112 5 5
101 110 5 5
122 120 6 6
122 121 6 6
123 122 6 6
123 120 6 6
124 122 6 6
124 120 6 6
125 123 6 6
125 122 6 6
126 125 6 6
126 122 6 6
127 122 6 6
127 123 6 6
128 122 6 6
128 127 6 6
129 123 6 6
129 128 6 6
130 120 6 6
130 123 6 6
131 122 6 6
131 123 6 6
132 121 6 6
132 128 6 6
133 131 6 6
133 130 6 6
134 133 6 6
134 132 6 6
135 130 6 6
135 125 6 6
136 131 6 6
136 124 6 6
137 127 6 6
137 130 6 6
138 120 6 6
138 133 6 6
139 132 6 6
139 136 6 6
120 134 6 6
120 127 6 6
121 129 6 6
121 139 6 6
142 140 7 7
142 141 7 7
143 141 7 7
143 140 7 7
144 140 7 7
144 141 7 7
145 141 7 7
145 140 7 7
146 144 7 7
146 142 7 7
147 142 7 7
147 143 7 7
148 140 7 7
148 147 7 7
149 145 7 7
149 140 7 7
150 145 7 7
150 142 7 7
151 145 7 7
151 141 7 7
152 149 7 7
152 142 7 7
153 140 7 7
153 145 7 7
154 144 7 7
154 147 7 7
155 149 7 7
155 146 7 7
156 154 7 7
156 145 7 7
157 155 7 7
157 146 7 7
158 141 7 7
158 144 7 7
159 153 7 7
159 146 7 7
140 151 7 7
140 155 7 7
141 156 7 7
141 155 7 7
162 161 8 8
162 160 8 8
163 160 8 8
163 161 8 8
164 161 8 8
164 160 8 8
165 161 8 8
165 163 8 8
166 160 8 8
166 165 8 8
167 160 8 8
167 163 8 8
168 167 8 8
168 166 8 8
169 163 8 8
169 160 8 8
170 166 8 8
170 163 8 8
171 168 8 8
171 167 8 8
172 164 8 8
172 160 8 8
173 170 8 8
173 160 8 8
174 172 8 8
174 164 8 8
175 168 8 8
175 164 8 8
176 172 8 8
176 174 8 8
177 165 8 8
177 172 8 8
178 170 8 8
178 165 8 8
179 162 8 8
179 176 8 8
160 168 8 8
160 171 8 8
161 169 8 8
161 171 8 8
182 180 9 9
182 181 9 9
183 180 9 9
183 182 9 9
184 182 9 9
184 180 9 9
185 180 9 9
185 183 9 9
186 180 9 9
186 185 9 9
187 180 9 9
187 182 9 9
188 182 9 9
188 185 9 9
189 184 9 9
189 185 9 9
190 189 9 9
190 188 9 9
191 184 9 9
191 183 9 9
192 182 9 9
192 181 9 9
193 187 9 9
193 182 9 9
194 187 9 9
194 193 9 9
195 187 9 9
195 180 9 9
196 184 9 9
196 187 9 9
197 191 9 9
197 188 9 9
198 190 9 9
198 181 9 9
199 188 9 9
199 186 9 9
180 196 9 9
180 198 9 9
181 194 9 9
181 195 9 9
202 201 10 10
202 200 10 10
203 202 10 10
203 200 10 10
204 203 10 10
204 200 10 10
205 200 10 10
205 204 10 10
206 202 10 10
206 203 10 10
207 200 10 10
207 206 10 10
208 205 10 10
208 202 10 10
209 203 10 10
209 202 10 10
210 206 10 10
210 209 10 10
211 205 10 10
211 200 10 10
212 208 10 10
212 211 10 10
213 212 10 10
213 201 10 10
214 203 10 10
214 208 10 10
215 204 10 10
215 205 10 10
216 201 10 10
216 202 10 10
217 204 10 10
217 216 10 10
218 215 10 10
218 217 10 10
219 214 10 10
219 211 10 10
200 218 10 10
200 219 10 10
201 218 10 10
201 208 10 10
222 220 11 11
222 221 11 11
223 221 11 11
223 222 11 11
224 221 11 11
224 222 11 11
225 222 11 11
225 224 11 11
226 225 11 11
226 224 11 11
227 222 11 11
227 225 11 11
228 220 11 11
228 223 11 11
229 223 11 11
229 221 11 11
230 227 11 11
230 225 11 11
231 225 11 11
231 230 11 11
232 228 11 11
232 227 11 11
233 221 11 11
233 224 11 11
234 224 11 11
234 221 11 11
235 221 11 11
235 234 11 11
236 226 11 11
236 229 11 11
237 222 11 11
237 228 11 11
238 227 11 11
238 226 11 11
239 236 11 11
239 237 11 11
220 232 11 11
220 225 11 11
221 236 11 11
221 237 11 11
242 240 12 12
242 241 12 12
243 242 12 12
243 240 12 12
244 243 12 12
244 242 12 12
245 241 12 12
245 244 12 12
246 242 12 12
246 240 12 12
247 240 12 12
247 241 12 12
248 242 12 12
248 244 12 12
249 247 12 12
249 245 12 12
250 242 12 12
250 243 12 12
251 243 12 12
251 242 12 12
252 247 12 12
252 249 12 12
253 247 12 12
253 246 12 12
254 251 12 12
254 250 12 12
255 240 12 12
255 249 12 12
256 248 12 12
256 242 12 12
257 241 12 12
257 245 12 12
258 248 12 12
258 255 12 12
259 248 12 12
259 258 12 12
240 259 12 12
240 250 12 12
241 259 12 12
241 254 12 12
262 261 13 13
262 260 13 13
263 262 13 13
263 260 13 13
264 261 13 13
264 260 13 13
265 261 13 13
265 263 13 13
266 260 13 13
266 263 13 13
267 265 13 13
267 260 13 13
268 261 13 13
268 265 13 13
269 268 13 13
269 266 13 13
270 262 13 13
270 263 13 13
271 267 13 13
271 270 13 13
272 268 13 13
272 262 13 13
273 271 13 13
273 264 13 13
274 267 13 13
274 265 13 13
275 263 13 13
275 271 13 13
276 273 13 13
276 268 13 13
277 269 13 13
277 260 13 13
278 273 13 13
278 262 13 13
279 260 13 13
279 271 13 13
260 269 13 13
260 271 13 13
261 272 13 13
261 278 13 13
282 281 14 14
282 280 14 14
283 282 14 14
283 281 14 14
284 280 14 14
284 281 14 14
285 280 14 14
285 284 14 14
286 282 14 14
286 283 14 14
287 281 14 14
287 284 14 14
288 284 14 14
288 285 14 14
289 286 14 14
289 283 14 14
290 287 14 14
290 286 14 14
291 289 14 14
291 280 14 14
292 283 14 14
292 280 14 14
293 290 14 14
293 281 14 14
294 287 14 14
294 285 14 14
295 288 14 14
295 285 14 14
296 288 14 14
296 295 14 14
297 287 14 14
297 293 14 14
298 283 14 14
298 280 14 14
299 294 14 14
299 288 14 14
280 286 14 14
280 293 14 14
281 286 14 14
281 294 14 14
302 300 15 15
302 301 15 15
303 301 15 15
303 300 15 15
304 303 15 15
304 300 15 15
305 303 15 15
305 301 15 15
306 301 15 15
306 302 15 15
307 304 15 15
307 303 15 15
308 303 15 15
308 304 15 15
309 302 15 15
309 305 15 15
310 303 15 15
310 308 15 15
311 300 15 15
311 307 15 15
312 309 15 15
312 303 15 15
313 312 15 15
313 302 15 15
314 300 15 15
314 303 15 15
315 300 15 15
315 310 15 15
316 303 15 15
316 306 15 15
317 316 15 15
317 314 15 15
318 301 15 15
318 310 15 15
319 305 15 15
319 315 15 15
300 313 15 15
300 307 15 15
301 309 15 15
301 310 15 15
59 28 2 1
58 15 2 0
79 20 3 1
79 55 3 2
96 59 4 2
89 25 4 1
103 58 5 2
111 9 5 0
122 99 6 4
120 77 6 3
157 40 7 2
144 127 7 6
170 93 8 4
163 103 8 5
191 4 9 0
186 117 9 5
215 120 10 6
203 17 10 0
225 48 11 2
220 211 11 10
258 10 12 0
252 207 12 10
277 121 13 6
273 211 13 10
295 50 14 2
296 201 14 10
314 234 15 11
312 52 15 2
3 89 0 4
12 150 0 7
26 205 1 10
20 111 1 5
