swNum = 320
edgeNum = 672

0 0
1 0
2 0
3 0
4 0
5 0
6 0
7 0
8 0
9 0
10 0
11 0
12 0
13 0
14 0
15 0
16 0
17 0
18 0
19 0
20 1
21 1
22 1
23 1
24 1
25 1
26 1
27 1
28 1
29 1
30 1
31 1
32 1
33 1
34 1
35 1
36 1
37 1
38 1
39 1
40 2
41 2
42 2
43 2
44 2
45 2
46 2
47 2
48 2
49 2
50 2
51 2
52 2
53 2
54 2
55 2
56 2
57 2
58 2
59 2
60 3
61 3
62 3
63 3
64 3
65 3
66 3
67 3
68 3
69 3
70 3
71 3
72 3
73 3
74 3
75 3
76 3
77 3
78 3
79 3
80 4
81 4
82 4
83 4
84 4
85 4
86 4
87 4
88 4
89 4
90 4
91 4
92 4
93 4
94 4
95 4
96 4
97 4
98 4
99 4
100 5
101 5
102 5
103 5
104 5
105 5
106 5
107 5
108 5
109 5
110 5
111 5
112 5
113 5
114 5
115 5
116 5
117 5
118 5
119 5
120 6
121 6
122 6
123 6
124 6
125 6
126 6
127 6
128 6
129 6
130 6
131 6
132 6
133 6
134 6
135 6
136 6
137 6
138 6
139 6
140 7
141 7
142 7
143 7
144 7
145 7
146 7
147 7
148 7
149 7
150 7
151 7
152 7
153 7
154 7
155 7
156 7
157 7
158 7
159 7
160 8
161 8
162 8
163 8
164 8
165 8
166 8
167 8
168 8
169 8
170 8
171 8
172 8
173 8
174 8
175 8
176 8
177 8
178 8
179 8
180 9
181 9
182 9
183 9
184 9
185 9
186 9
187 9
188 9
189 9
190 9
191 9
192 9
193 9
194 9
195 9
196 9
197 9
198 9
199 9
200 10
201 10
202 10
203 10
204 10
205 10
206 10
207 10
208 10
209 10
210 10
211 10
212 10
213 10
214 10
215 10
216 10
217 10
218 10
219 10
220 11
221 11
222 11
223 11
224 11
225 11
226 11
227 11
228 11
229 11
230 11
231 11
232 11
233 11
234 11
235 11
236 11
237 11
238 11
239 11
240 12
241 12
242 12
243 12
244 12
245 12
246 12
247 12
248 12
249 12
250 12
251 12
252 12
253 12
254 12
255 12
256 12
257 12
258 12
259 12
260 13
261 13
262 13
263 13
264 13
265 13
266 13
267 13
268 13
269 13
270 13
271 13
272 13
273 13
274 13
275 13
276 13
277 13
278 13
279 13
280 14
281 14
282 14
283 14
284 14
285 14
286 14
287 14
288 14
289 14
290 14
291 14
292 14
293 14
294 14
295 14
296 14
297 14
298 14
299 14
300 15
301 15
302 15
303 15
304 15
305 15
306 15
307 15
308 15
309 15
310 15
311 15
312 15
313 15
314 15
315 15
316 15
317 15
318 15
319 15

2 1 0 0
2 0 0 0
3 1 0 0
3 2 0 0
4 1 0 0
4 3 0 0
5 3 0 0
5 2 0 0
6 3 0 0
6 1 0 0
7 0 0 0
7 5 0 0
8 1 0 0
8 6 0 0
9 5 0 0
9 2 0 0
10 4 0 0
10 6 0 0
11 9 0 0
11 4 0 0
12 3 0 0
12 6 0 0
13 4 0 0
13 11 0 0
14 11 0 0
14 5 0 0
15 3 0 0
15 11 0 0
16 12 0 0
16 6 0 0
17 10 0 0
17 1 0 0
18 13 0 0
18 8 0 0
19 1 0 0
19 17 0 0
0 14 0 0
0 15 0 0
1 16 0 0
1 12 0 0
22 21 1 1
22 20 1 1
23 20 1 1
23 22 1 1
24 23 1 1
24 21 1 1
25 24 1 1
25 20 1 1
26 21 1 1
26 20 1 1
27 20 1 1
27 22 1 1
28 27 1 1
28 24 1 1
29 20 1 1
29 21 1 1
30 20 1 1
30 29 1 1
31 26 1 1
31 25 1 1
32 27 1 1
32 22 1 1
33 21 1 1
33 29 1 1
34 32 1 1
34 23 1 1
35 24 1 1
35 32 1 1
36 23 1 1
36 25 1 1
37 35 1 1
37 30 1 1
38 26 1 1
38 25 1 1
39 36 1 1
39 37 1 1
20 32 1 1
20 35 1 1
21 30 1 1
21 37 1 1
42 41 2 2
42 40 2 2
43 42 2 2
43 40 2 2
44 42 2 2
44 41 2 2
45 41 2 2
45 40 2 2
46 40 2 2
46 43 2 2
47 44 2 2
47 43 2 2
48 46 2 2
48 42 2 2
49 43 2 2
49 47 2 2
50 46 2 2
50 42 2 2
51 47 2 2
51 49 2 2
52 49 2 2
52 42 2 2
53 46 2 2
53 50 2 2
54 53 2 2
54 46 2 2
55 53 2 2
55 50 2 2
56 52 2 2
56 49 2 2
57 56 2 2
57 43 2 2
58 45 2 2
58 46 2 2
59 51 2 2
59 43 2 2
40 55 2 2
40 53 2 2
41 58 2 2
41 50 2 2
62 60 3 3
62 61 3 3
63 60 3 3
63 61 3 3
64 61 3 3
64 63 3 3
65 64 3 3
65 61 3 3
66 60 3 3
66 65 3 3
67 66 3 3
67 60 3 3
68 61 3 3
68 62 3 3
69 62 3 3
69 66 3 3
70 66 3 3
70 61 3 3
71 63 3 3
71 66 3 3
72 63 3 3
72 67 3 3
73 72 3 3
73 71 3 3
74 68 3 3
74 63 3 3
75 65 3 3
75 74 3 3
76 64 3 3
76 63 3 3
77 60 3 3
77 61 3 3
78 63 3 3
78 70 3 3
79 69 3 3
79 60 3 3
60 74 3 3
60 71 3 3
61 74 3 3
61 79 3 3
82 80 4 4
82 81 4 4
83 82 4 4
83 80 4 4
84 82 4 4
84 83 4 4
85 84 4 4
85 82 4 4
86 85 4 4
86 81 4 4
87 82 4 4
87 83 4 4
88 85 4 4
88 84 4 4
89 86 4 4
89 84 4 4
90 80 4 4
90 85 4 4
91 87 4 4
91 80 4 4
92 86 4 4
92 82 4 4
93 83 4 4
93 89 4 4
94 86 4 4
94 82 4 4
95 80 4 4
95 84 4 4
96 92 4 4
96 85 4 4
97 92 4 4
97 88 4 4
98 91 4 4
98 80 4 4
99 84 4 4
99 98 4 4
80 99 4 4
80 97 4 4
81 88 4 4
81 96 4 4
102 100 5 5
102 101 5 5
103 101 5 5
103 100 5 5
104 100 5 5
104 102 5 5
105 102 5 5
105 104 5 5
106 102 5 5
106 105 5 5
107 101 5 5
107 105 5 5
108 102 5 5
108 105 5 5
109 104 5 5
109 103 5 5
110 101 5 5
110 104 5 5
111 100 5 5
111 108 5 5
112 108 5 5
112 106 5 5
113 102 5 5
113 100 5 5
114 113 5 5
114 105 5 5
115 105 5 5
115 114 5 5
116 115 5 5
116 113 5 5
117 103 5 5
117 113 5 5
118 102 5 5
118 100 5 5
119 114 5 5
119 100 5 5
100 115 5 5
100 108 5 5
101 116 5 5
101 109 5 5
122 120 6 6
122 121 6 6
123 122 6 6
123 121 6 6
124 120 6 6
124 123 6 6
125 124 6 6
125 122 6 6
126 124 6 6
126 125 6 6
127 125 6 6
127 126 6 6
128 126 6 6
128 124 6 6
129 125 6 6
129 120 6 6
130 127 6 6
130 128 6 6
131 120 6 6
131 121 6 6
132 129 6 6
132 131 6 6
133 128 6 6
133 121 6 6
134 132 6 6
134 124 6 6
135 129 6 6
135 120 6 6
136 133 6 6
136 132 6 6
137 132 6 6
137 135 6 6
138 121 6 6
138 135 6 6
139 134 6 6
139 130 6 6
120 127 6 6
120 138 6 6
121 125 6 6
121 137 6 6
142 141 7 7
142 140 7 7
143 140 7 7
143 141 7 7
144 140 7 7
144 141 7 7
145 144 7 7
145 140 7 7
146 143 7 7
146 141 7 7
147 146 7 7
147 140 7 7
148 145 7 7
148 141 7 7
149 144 7 7
149 145 7 7
150 143 7 7
150 147 7 7
151 148 7 7
151 140 7 7
152 146 7 7
152 140 7 7
153 143 7 7
153 148 7 7
154 142 7 7
154 148 7 7
155 147 7 7
155 141 7 7
156 155 7 7
156 141 7 7
157 143 7 7
157 150 7 7
158 141 7 7
158 153 7 7
159 157 7 7
159 144 7 7
140 159 7 7
140 146 7 7
141 147 7 7
141 154 7 7
162 160 8 8
162 161 8 8
163 160 8 8
163 162 8 8
164 163 8 8
164 161 8 8
165 163 8 8
165 162 8 8
166 160 8 8
166 161 8 8
167 160 8 8
167 165 8 8
168 166 8 8
168 164 8 8
169 164 8 8
169 161 8 8
170 168 8 8
170 167 8 8
171 161 8 8
171 167 8 8
172 164 8 8
172 170 8 8
173 172 8 8
173 160 8 8
174 169 8 8
174 160 8 8
175 161 8 8
175 170 8 8
176 164 8 8
176 163 8 8
177 173 8 8
177 162 8 8
178 164 8 8
178 176 8 8
179 167 8 8
179 177 8 8
160 177 8 8
160 172 8 8
161 167 8 8
161 163 8 8
182 180 9 9
182 181 9 9
183 180 9 9
183 182 9 9
184 181 9 9
184 183 9 9
185 181 9 9
185 180 9 9
186 180 9 9
186 185 9 9
187 184 9 9
187 180 9 9
188 181 9 9
188 185 9 9
189 188 9 9
189 181 9 9
190 180 9 9
190 187 9 9
191 186 9 9
191 182 9 9
192 182 9 9
192 187 9 9
193 187 9 9
193 181 9 9
194 191 9 9
194 182 9 9
195 182 9 9
195 191 9 9
196 190 9 9
196 186 9 9
197 185 9 9
197 188 9 9
198 191 9 9
198 195 9 9
199 181 9 9
199 195 9 9
180 199 9 9
180 195 9 9
181 197 9 9
181 187 9 9
202 200 10 10
202 201 10 10
203 202 10 10
203 201 10 10
204 200 10 10
204 201 10 10
205 204 10 10
205 203 10 10
206 205 10 10
206 204 10 10
207 205 10 10
207 203 10 10
208 201 10 10
208 206 10 10
209 202 10 10
209 208 10 10
210 204 10 10
210 206 10 10
211 208 10 10
211 205 10 10
212 206 10 10
212 211 10 10
213 203 10 10
213 204 10 10
214 209 10 10
214 202 10 10
215 210 10 10
215 200 10 10
216 211 10 10
216 206 10 10
217 212 10 10
217 211 10 10
218 213 10 10
218 204 10 10
219 200 10 10
219 214 10 10
200 203 10 10
200 209 10 10
201 215 10 10
201 214 10 10
222 220 11 11
222 221 11 11
223 220 11 11
223 221 11 11
224 220 11 11
224 222 11 11
225 220 11 11
225 221 11 11
226 225 11 11
226 221 11 11
227 226 11 11
227 221 11 11
228 224 11 11
228 222 11 11
229 225 11 11
229 226 11 11
230 224 11 11
230 223 11 11
231 222 11 11
231 223 11 11
232 226 11 11
232 223 11 11
233 224 11 11
233 225 11 11
234 231 11 11
234 227 11 11
235 232 11 11
235 225 11 11
236 221 11 11
236 228 11 11
237 236 11 11
237 227 11 11
238 223 11 11
238 232 11 11
239 223 11 11
239 235 11 11
220 226 11 11
220 237 11 11
221 232 11 11
221 233 11 11
242 240 12 12
242 241 12 12
243 242 12 12
243 240 12 12
244 241 12 12
244 240 12 12
245 241 12 12
245 240 12 12
246 241 12 12
246 240 12 12
247 246 12 12
247 242 12 12
248 243 12 12
248 245 12 12
249 241 12 12
249 246 12 12
250 247 12 12
250 240 12 12
251 240 12 12
251 241 12 12
252 242 12 12
252 243 12 12
253 242 12 12
253 243 12 12
254 245 12 12
254 253 12 12
255 254 12 12
255 243 12 12
256 247 12 12
256 249 12 12
257 243 12 12
257 252 12 12
258 248 12 12
258 242 12 12
259 243 12 12
259 255 12 12
240 247 12 12
240 259 12 12
241 256 12 12
241 255 12 12
262 261 13 13
262 260 13 13
263 262 13 13
263 261 13 13
264 263 13 13
264 261 13 13
265 260 13 13
265 263 13 13
266 263 13 13
266 261 13 13
267 262 13 13
267 264 13 13
268 265 13 13
268 263 13 13
269 261 13 13
269 262 13 13
270 262 13 13
270 261 13 13
271 261 13 13
271 262 13 13
272 262 13 13
272 271 13 13
273 260 13 13
273 265 13 13
274 267 13 13
274 271 13 13
275 261 13 13
275 267 13 13
276 260 13 13
276 270 13 13
277 264 13 13
277 267 13 13
278 263 13 13
278 267 13 13
279 271 13 13
279 274 13 13
260 277 13 13
260 275 13 13
261 278 13 13
261 277 13 13
282 281 14 14
282 280 14 14
283 281 14 14
283 280 14 14
284 280 14 14
284 281 14 14
285 282 14 14
285 281 14 14
286 284 14 14
286 281 14 14
287 284 14 14
287 280 14 14
288 281 14 14
288 283 14 14
289 280 14 14
289 288 14 14
290 284 14 14
290 280 14 14
291 284 14 14
291 288 14 14
292 291 14 14
292 288 14 14
293 285 14 14
293 280 14 14
294 290 14 14
294 280 14 14
295 285 14 14
295 290 14 14
296 290 14 14
296 286 14 14
297 294 14 14
297 296 14 14
298 284 14 14
298 281 14 14
299 282 14 14
299 289 14 14
280 296 14 14
280 286 14 14
281 297 14 14
281 295 14 14
302 300 15 15
302 301 15 15
303 300 15 15
303 301 15 15
304 301 15 15
304 300 15 15
305 302 15 15
305 303 15 15
306 305 15 15
306 301 15 15
307 306 15 15
307 301 15 15
308 304 15 15
308 306 15 15
309 305 15 15
309 307 15 15
310 302 15 15
310 301 15 15
311 306 15 15
311 302 15 15
312 309 15 15
312 306 15 15
313 310 15 15
313 309 15 15
314 307 15 15
314 300 15 15
315 310 15 15
315 301 15 15
316 309 15 15
316 307 15 15
317 313 15 15
317 307 15 15
318 300 15 15
318 316 15 15
319 300 15 15
319 301 15 15
300 313 15 15
300 306 15 15
301 311 15 15
301 314 15 15
49 27 2 1
53 0 2 0
72 9 3 0
64 44 3 2
95 70 4 3
95 14 4 0
117 48 5 2
118 72 5 3
122 69 6 3
126 38 6 1
157 43 7 2
157 114 7 5
171 72 8 3
178 30 8 1
185 72 9 3
192 171 9 8
217 40 10 2
209 157 10 7
237 171 11 8
238 137 11 6
258 88 12 4
258 229 12 11
265 120 13 6
277 257 13 12
297 194 14 9
287 103 14 5
318 2 15 0
312 63 15 3
9 286 0 14
10 181 0 9
31 219 1 10
23 94 1 4
