swNum = 320
edgeNum = 672

0 0
1 0
2 0
3 0
4 0
5 0
6 0
7 0
8 0
9 0
10 0
11 0
12 0
13 0
14 0
15 0
16 0
17 0
18 0
19 0
20 1
21 1
22 1
23 1
24 1
25 1
26 1
27 1
28 1
29 1
30 1
31 1
32 1
33 1
34 1
35 1
36 1
37 1
38 1
39 1
40 2
41 2
42 2
43 2
44 2
45 2
46 2
47 2
48 2
49 2
50 2
51 2
52 2
53 2
54 2
55 2
56 2
57 2
58 2
59 2
60 3
61 3
62 3
63 3
64 3
65 3
66 3
67 3
68 3
69 3
70 3
71 3
72 3
73 3
74 3
75 3
76 3
77 3
78 3
79 3
80 4
81 4
82 4
83 4
84 4
85 4
86 4
87 4
88 4
89 4
90 4
91 4
92 4
93 4
94 4
95 4
96 4
97 4
98 4
99 4
100 5
101 5
102 5
103 5
104 5
105 5
106 5
107 5
108 5
109 5
110 5
111 5
112 5
113 5
114 5
115 5
116 5
117 5
118 5
119 5
120 6
121 6
122 6
123 6
124 6
125 6
126 6
127 6
128 6
129 6
130 6
131 6
132 6
133 6
134 6
135 6
136 6
137 6
138 6
139 6
140 7
141 7
142 7
143 7
144 7
145 7
146 7
147 7
148 7
149 7
150 7
151 7
152 7
153 7
154 7
155 7
156 7
157 7
158 7
159 7
160 8
161 8
162 8
163 8
164 8
165 8
166 8
167 8
168 8
169 8
170 8
171 8
172 8
173 8
174 8
175 8
176 8
177 8
178 8
179 8
180 9
181 9
182 9
183 9
184 9
185 9
186 9
187 9
188 9
189 9
190 9
191 9
192 9
193 9
194 9
195 9
196 9
197 9
198 9
199 9
200 10
201 10
202 10
203 10
204 10
205 10
206 10
207 10
208 10
209 10
210 10
211 10
212 10
213 10
214 10
215 10
216 10
217 10
218 10
219 10
220 11
221 11
222 11
223 11
224 11
225 11
226 11
227 11
228 11
229 11
230 11
231 11
232 11
233 11
234 11
235 11
236 11
237 11
238 11
239 11
240 12
241 12
242 12
243 12
244 12
245 12
246 12
247 12
248 12
249 12
250 12
251 12
252 12
253 12
254 12
255 12
256 12
257 12
258 12
259 12
260 13
261 13
262 13
263 13
264 13
265 13
266 13
267 13
268 13
269 13
270 13
271 13
272 13
273 13
274 13
275 13
276 13
277 13
278 13
279 13
280 14
281 14
282 14
283 14
284 14
285 14
286 14
287 14
288 14
289 14
290 14
291 14
292 14
293 14
294 14
295 14
296 14
297 14
298 14
299 14
300 15
301 15
302 15
303 15
304 15
305 15
306 15
307 15
308 15
309 15
310 15
311 15
312 15
313 15
314 15
315 15
316 15
317 15
318 15
319 15

2 0 0 0
2 1 0 0
3 2 0 0
3 1 0 0
4 3 0 0
4 2 0 0
5 4 0 0
5 1 0 0
6 2 0 0
6 3 0 0
7 1 0 0
7 4 0 0
8 6 0 0
8 2 0 0
9 5 0 0
9 6 0 0
10 7 0 0
10 5 0 0
11 7 0 0
11 4 0 0
12 2 0 0
12 1 0 0
13 10 0 0
13 12 0 0
14 11 0 0
14 4 0 0
15 12 0 0
15 2 0 0
16 12 0 0
16 7 0 0
17 6 0 0
17 11 0 0
18 12 0 0
18 6 0 0
19 15 0 0
19 8 0 0
0 6 0 0
0 14 0 0
1 16 0 0
1 10 0 0
22 20 1 1
22 21 1 1
23 22 1 1
23 21 1 1
24 20 1 1
24 21 1 1
25 23 1 1
25 20 1 1
26 25 1 1
26 21 1 1
27 26 1 1
27 22 1 1
28 26 1 1
28 24 1 1
29 20 1 1
29 25 1 1
30 25 1 1
30 20 1 1
31 22 1 1
31 29 1 1
32 31 1 1
32 27 1 1
33 29 1 1
33 25 1 1
34 20 1 1
34 32 1 1
35 29 1 1
35 26 1 1
36 32 1 1
36 26 1 1
37 28 1 1
37 26 1 1
38 34 1 1
38 22 1 1
39 32 1 1
39 22 1 1
20 23 1 1
20 36 1 1
21 35 1 1
21 27 1 1
42 40 2 2
42 41 2 2
43 41 2 2
43 42 2 2
44 41 2 2
44 43 2 2
45 43 2 2
45 42 2 2
46 43 2 2
46 41 2 2
47 44 2 2
47 46 2 2
48 45 2 2
48 47 2 2
49 40 2 2
49 45 2 2
50 44 2 2
50 46 2 2
51 43 2 2
51 44 2 2
52 51 2 2
52 45 2 2
53 48 2 2
53 43 2 2
54 43 2 2
54 41 2 2
55 52 2 2
55 51 2 2
56 55 2 2
56 53 2 2
57 48 2 2
57 52 2 2
58 47 2 2
58 42 2 2
59 52 2 2
59 43 2 2
40 45 2 2
40 43 2 2
41 47 2 2
41 52 2 2
62 60 3 3
62 61 3 3
63 62 3 3
63 60 3 3
64 61 3 3
64 63 3 3
65 63 3 3
65 62 3 3
66 60 3 3
66 62 3 3
67 61 3 3
67 66 3 3
68 60 3 3
68 66 3 3
69 64 3 3
69 61 3 3
70 68 3 3
70 60 3 3
71 67 3 3
71 68 3 3
72 63 3 3
72 67 3 3
73 66 3 3
73 67 3 3
74 62 3 3
74 66 3 3
75 62 3 3
75 69 3 3
76 61 3 3
76 62 3 3
77 75 3 3
77 76 3 3
78 68 3 3
78 77 3 3
79 63 3 3
79 62 3 3
60 69 3 3
60 74 3 3
61 65 3 3
61 71 3 3
82 81 4 4
82 80 4 4
83 80 4 4
83 82 4 4
84 80 4 4
84 82 4 4
85 81 4 4
85 80 4 4
86 82 4 4
86 84 4 4
87 84 4 4
87 83 4 4
88 83 4 4
88 84 4 4
89 85 4 4
89 81 4 4
90 87 4 4
90 86 4 4
91 82 4 4
91 86 4 4
92 90 4 4
92 91 4 4
93 81 4 4
93 85 4 4
94 89 4 4
94 93 4 4
95 81 4 4
95 90 4 4
96 90 4 4
96 95 4 4
97 90 4 4
97 87 4 4
98 80 4 4
98 84 4 4
99 88 4 4
99 84 4 4
80 97 4 4
80 89 4 4
81 86 4 4
81 97 4 4
102 101 5 5
102 100 5 5
103 100 5 5
103 101 5 5
104 101 5 5
104 100 5 5
105 104 5 5
105 102 5 5
106 104 5 5
106 105 5 5
107 105 5 5
107 106 5 5
108 104 5 5
108 107 5 5
109 103 5 5
109 106 5 5
110 101 5 5
110 109 5 5
111 110 5 5
111 106 5 5
112 101 5 5
112 106 5 5
113 102 5 5
113 107 5 5
114 111 5 5
114 113 5 5
115 100 5 5
115 110 5 5
116 111 5 5
116 104 5 5
117 105 5 5
117 116 5 5
118 113 5 5
118 109 5 5
119 117 5 5
119 104 5 5
100 107 5 5
100 108 5 5
101 115 5 5
101 106 5 5
122 121 6 6
122 120 6 6
123 121 6 6
123 120 6 6
124 122 6 6
124 123 6 6
125 122 6 6
125 121 6 6
126 124 6 6
126 122 6 6
127 124 6 6
127 122 6 6
128 120 6 6
128 121 6 6
129 122 6 6
129 128 6 6
130 127 6 6
130 128 6 6
131 127 6 6
131 122 6 6
132 120 6 6
132 124 6 6
133 125 6 6
133 132 6 6
134 123 6 6
134 129 6 6
135 120 6 6
135 128 6 6
136 127 6 6
136 120 6 6
137 129 6 6
137 121 6 6
138 135 6 6
138 124 6 6
139 124 6 6
139 134 6 6
120 125 6 6
120 139 6 6
121 131 6 6
121 135 6 6
142 140 7 7
142 141 7 7
143 140 7 7
143 142 7 7
144 140 7 7
144 141 7 7
145 142 7 7
145 144 7 7
146 140 7 7
146 142 7 7
147 140 7 7
147 145 7 7
148 143 7 7
148 147 7 7
149 140 7 7
149 144 7 7
150 143 7 7
150 148 7 7
151 141 7 7
151 150 7 7
152 142 7 7
152 146 7 7
153 141 7 7
153 145 7 7
154 142 7 7
154 153 7 7
155 148 7 7
155 154 7 7
156 150 7 7
156 141 7 7
157 147 7 7
157 140 7 7
158 146 7 7
158 141 7 7
159 154 7 7
159 140 7 7
140 155 7 7
140 156 7 7
141 157 7 7
141 159 7 7
162 160 8 8
162 161 8 8
163 160 8 8
163 162 8 8
164 160 8 8
164 161 8 8
165 160 8 8
165 164 8 8
166 160 8 8
166 165 8 8
167 162 8 8
167 163 8 8
168 160 8 8
168 162 8 8
169 163 8 8
169 167 8 8
170 169 8 8
170 167 8 8
171 166 8 8
171 163 8 8
172 165 8 8
172 160 8 8
173 166 8 8
173 161 8 8
174 165 8 8
174 164 8 8
175 168 8 8
175 163 8 8
176 173 8 8
176 160 8 8
177 176 8 8
177 166 8 8
178 163 8 8
178 167 8 8
179 171 8 8
179 174 8 8
160 174 8 8
160 177 8 8
161 166 8 8
161 177 8 8
182 181 9 9
182 180 9 9
183 182 9 9
183 180 9 9
184 180 9 9
184 181 9 9
185 180 9 9
185 184 9 9
186 185 9 9
186 180 9 9
187 183 9 9
187 184 9 9
188 180 9 9
188 186 9 9
189 186 9 9
189 182 9 9
190 187 9 9
190 182 9 9
191 188 9 9
191 186 9 9
192 185 9 9
192 184 9 9
193 187 9 9
193 188 9 9
194 189 9 9
194 185 9 9
195 185 9 9
195 188 9 9
196 181 9 9
196 185 9 9
197 196 9 9
197 183 9 9
198 189 9 9
198 194 9 9
199 185 9 9
199 197 9 9
180 190 9 9
180 198 9 9
181 183 9 9
181 186 9 9
202 201 10 10
202 200 10 10
203 200 10 10
203 201 10 10
204 200 10 10
204 203 10 10
205 202 10 10
205 200 10 10
206 201 10 10
206 202 10 10
207 200 10 10
207 203 10 10
208 206 10 10
208 202 10 10
209 205 10 10
209 202 10 10
210 201 10 10
210 202 10 10
211 207 10 10
211 203 10 10
212 210 10 10
212 200 10 10
213 202 10 10
213 209 10 10
214 208 10 10
214 204 10 10
215 210 10 10
215 201 10 10
216 212 10 10
216 204 10 10
217 216 10 10
217 206 10 10
218 213 10 10
218 208 10 10
219 206 10 10
219 202 10 10
200 219 10 10
200 215 10 10
201 208 10 10
201 213 10 10
222 221 11 11
222 220 11 11
223 222 11 11
223 221 11 11
224 221 11 11
224 223 11 11
225 220 11 11
225 223 11 11
226 220 11 11
226 222 11 11
227 225 11 11
227 222 11 11
228 220 11 11
228 225 11 11
229 221 11 11
229 227 11 11
230 226 11 11
230 223 11 11
231 223 11 11
231 222 11 11
232 223 11 11
232 220 11 11
233 228 11 11
233 222 11 11
234 225 11 11
234 227 11 11
235 229 11 11
235 224 11 11
236 225 11 11
236 235 11 11
237 231 11 11
237 224 11 11
238 230 11 11
238 225 11 11
239 221 11 11
239 220 11 11
220 233 11 11
220 230 11 11
221 227 11 11
221 235 11 11
242 240 12 12
242 241 12 12
243 240 12 12
243 242 12 12
244 240 12 12
244 243 12 12
245 242 12 12
245 241 12 12
246 240 12 12
246 244 12 12
247 246 12 12
247 240 12 12
248 242 12 12
248 240 12 12
249 242 12 12
249 240 12 12
250 243 12 12
250 245 12 12
251 249 12 12
251 245 12 12
252 244 12 12
252 241 12 12
253 251 12 12
253 246 12 12
254 242 12 12
254 246 12 12
255 249 12 12
255 250 12 12
256 250 12 12
256 255 12 12
257 247 12 12
257 253 12 12
258 251 12 12
258 245 12 12
259 254 12 12
259 241 12 12
240 250 12 12
240 259 12 12
241 255 12 12
241 258 12 12
262 260 13 13
262 261 13 13
263 261 13 13
263 260 13 13
264 261 13 13
264 262 13 13
265 264 13 13
265 261 13 13
266 261 13 13
266 263 13 13
267 262 13 13
267 261 13 13
268 265 13 13
268 261 13 13
269 268 13 13
269 262 13 13
270 265 13 13
270 267 13 13
271 263 13 13
271 270 13 13
272 261 13 13
272 269 13 13
273 269 13 13
273 272 13 13
274 272 13 13
274 267 13 13
275 270 13 13
275 271 13 13
276 273 13 13
276 261 13 13
277 272 13 13
277 276 13 13
278 267 13 13
278 261 13 13
279 270 13 13
279 278 13 13
260 273 13 13
260 269 13 13
261 277 13 13
261 270 13 13
282 281 14 14
282 280 14 14
283 280 14 14
283 282 14 14
284 282 14 14
284 283 14 14
285 283 14 14
285 280 14 14
286 283 14 14
286 280 14 14
287 282 14 14
287 283 14 14
288 286 14 14
288 283 14 14
289 287 14 14
289 282 14 14
290 287 14 14
290 281 14 14
291 282 14 14
291 287 14 14
292 285 14 14
292 284 14 14
293 284 14 14
293 281 14 14
294 288 14 14
294 282 14 14
295 285 14 14
295 293 14 14
296 280 14 14
296 289 14 14
297 287 14 14
297 282 14 14
298 297 14 14
298 296 14 14
299 287 14 14
299 282 14 14
280 294 14 14
280 297 14 14
281 289 14 14
281 287 14 14
302 301 15 15
302 300 15 15
303 300 15 15
303 301 15 15
304 302 15 15
304 300 15 15
305 301 15 15
305 304 15 15
306 303 15 15
306 300 15 15
307 301 15 15
307 302 15 15
308 304 15 15
308 306 15 15
309 305 15 15
309 304 15 15
310 303 15 15
310 304 15 15
311 304 15 15
311 303 15 15
312 300 15 15
312 309 15 15
313 306 15 15
313 307 15 15
314 303 15 15
314 306 15 15
315 314 15 15
315 303 15 15
316 310 15 15
316 307 15 15
317 309 15 15
317 316 15 15
318 314 15 15
318 311 15 15
319 302 15 15
319 310 15 15
300 308 15 15
300 319 15 15
301 312 15 15
301 310 15 15
46 35 2 1
54 8 2 0
61 51 3 2
72 10 3 0
93 70 4 3
96 12 4 0
105 76 5 3
117 18 5 0
131 5 6 0
128 62 6 3
159 118 7 5
159 10 7 0
172 7 8 0
170 129 8 6
194 138 9 6
183 58 9 2
208 183 10 9
219 16 10 0
226 104 11 5
230 0 11 0
247 1 12 0
259 162 12 8
274 135 13 6
262 230 13 11
289 30 14 1
281 55 14 2
305 130 15 6
317 244 15 12
12 190 0 9
9 311 0 15
25 236 1 11
23 69 1 3
