swNum = 320
edgeNum = 672

0 0
1 0
2 0
3 0
4 0
5 0
6 0
7 0
8 0
9 0
10 0
11 0
12 0
13 0
14 0
15 0
16 0
17 0
18 0
19 0
20 1
21 1
22 1
23 1
24 1
25 1
26 1
27 1
28 1
29 1
30 1
31 1
32 1
33 1
34 1
35 1
36 1
37 1
38 1
39 1
40 2
41 2
42 2
43 2
44 2
45 2
46 2
47 2
48 2
49 2
50 2
51 2
52 2
53 2
54 2
55 2
56 2
57 2
58 2
59 2
60 3
61 3
62 3
63 3
64 3
65 3
66 3
67 3
68 3
69 3
70 3
71 3
72 3
73 3
74 3
75 3
76 3
77 3
78 3
79 3
80 4
81 4
82 4
83 4
84 4
85 4
86 4
87 4
88 4
89 4
90 4
91 4
92 4
93 4
94 4
95 4
96 4
97 4
98 4
99 4
100 5
101 5
102 5
103 5
104 5
105 5
106 5
107 5
108 5
109 5
110 5
111 5
112 5
113 5
114 5
115 5
116 5
117 5
118 5
119 5
120 6
121 6
122 6
123 6
124 6
125 6
126 6
127 6
128 6
129 6
130 6
131 6
132 6
133 6
134 6
135 6
136 6
137 6
138 6
139 6
140 7
141 7
142 7
143 7
144 7
145 7
146 7
147 7
148 7
149 7
150 7
151 7
152 7
153 7
154 7
155 7
156 7
157 7
158 7
159 7
160 8
161 8
162 8
163 8
164 8
165 8
166 8
167 8
168 8
169 8
170 8
171 8
172 8
173 8
174 8
175 8
176 8
177 8
178 8
179 8
180 9
181 9
182 9
183 9
184 9
185 9
186 9
187 9
188 9
189 9
190 9
191 9
192 9
193 9
194 9
195 9
196 9
197 9
198 9
199 9
200 10
201 10
202 10
203 10
204 10
205 10
206 10
207 10
208 10
209 10
210 10
211 10
212 10
213 10
214 10
215 10
216 10
217 10
218 10
219 10
220 11
221 11
222 11
223 11
224 11
225 11
226 11
227 11
228 11
229 11
230 11
231 11
232 11
233 11
234 11
235 11
236 11
237 11
238 11
239 11
240 12
241 12
242 12
243 12
244 12
245 12
246 12
247 12
248 12
249 12
250 12
251 12
252 12
253 12
254 12
255 12
256 12
257 12
258 12
259 12
260 13
261 13
262 13
263 13
264 13
265 13
266 13
267 13
268 13
269 13
270 13
271 13
272 13
273 13
274 13
275 13
276 13
277 13
278 13
279 13
280 14
281 14
282 14
283 14
284 14
285 14
286 14
287 14
288 14
289 14
290 14
291 14
292 14
293 14
294 14
295 14
296 14
297 14
298 14
299 14
300 15
301 15
302 15
303 15
304 15
305 15
306 15
307 15
308 15
309 15
310 15
311 15
312 15
313 15
314 15
315 15
316 15
317 15
318 15
319 15

2 1 0 0
2 0 0 0
3 2 0 0
3 0 0 0
4 0 0 0
4 2 0 0
5 3 0 0
5 0 0 0
6 0 0 0
6 5 0 0
7 4 0 0
7 0 0 0
8 6 0 0
8 5 0 0
9 5 0 0
9 3 0 0
10 1 0 0
10 2 0 0
11 0 0 0
11 7 0 0
12 6 0 0
12 8 0 0
13 11 0 0
13 2 0 0
14 11 0 0
14 10 0 0
15 13 0 0
15 14 0 0
16 7 0 0
16 2 0 0
17 9 0 0
17 13 0 0
18 11 0 0
18 17 0 0
19 2 0 0
19 11 0 0
0 15 0 0
0 13 0 0
1 8 0 0
1 18 0 0
22 20 1 1
22 21 1 1
23 22 1 1
23 21 1 1
24 21 1 1
24 23 1 1
25 21 1 1
25 20 1 1
26 21 1 1
26 25 1 1
27 25 1 1
27 22 1 1
28 21 1 1
28 25 1 1
29 27 1 1
29 21 1 1
30 26 1 1
30 20 1 1
31 24 1 1
31 29 1 1
32 24 1 1
32 22 1 1
33 32 1 1
33 24 1 1
34 22 1 1
34 27 1 1
35 29 1 1
35 32 1 1
36 21 1 1
36 24 1 1
37 33 1 1
37 24 1 1
38 31 1 1
38 25 1 1
39 32 1 1
39 25 1 1
20 39 1 1
20 38 1 1
21 31 1 1
21 39 1 1
42 41 2 2
42 40 2 2
43 40 2 2
43 41 2 2
44 43 2 2
44 40 2 2
45 44 2 2
45 40 2 2
46 45 2 2
46 44 2 2
47 46 2 2
47 44 2 2
48 47 2 2
48 46 2 2
49 44 2 2
49 41 2 2
50 42 2 2
50 45 2 2
51 43 2 2
51 46 2 2
52 51 2 2
52 49 2 2
53 42 2 2
53 50 2 2
54 45 2 2
54 48 2 2
55 54 2 2
55 48 2 2
56 48 2 2
56 47 2 2
57 47 2 2
57 55 2 2
58 42 2 2
58 41 2 2
59 57 2 2
59 49 2 2
40 51 2 2
40 59 2 2
41 53 2 2
41 59 2 2
62 61 3 3
62 60 3 3
63 62 3 3
63 61 3 3
64 62 3 3
64 63 3 3
65 62 3 3
65 63 3 3
66 64 3 3
66 61 3 3
67 63 3 3
67 64 3 3
68 67 3 3
68 62 3 3
69 67 3 3
69 68 3 3
70 65 3 3
70 66 3 3
71 70 3 3
71 62 3 3
72 66 3 3
72 64 3 3
73 67 3 3
73 63 3 3
74 70 3 3
74 69 3 3
75 63 3 3
75 69 3 3
76 71 3 3
76 61 3 3
77 74 3 3
77 61 3 3
78 64 3 3
78 62 3 3
79 75 3 3
79 64 3 3
60 78 3 3
60 63 3 3
61 70 3 3
61 72 3 3
82 80 4 4
82 81 4 4
83 81 4 4
83 80 4 4
84 82 4 4
84 81 4 4
85 84 4 4
85 83 4 4
86 83 4 4
86 84 4 4
87 86 4 4
87 84 4 4
88 81 4 4
88 80 4 4
89 85 4 4
89 83 4 4
90 85 4 4
90 83 4 4
91 82 4 4
91 84 4 4
92 81 4 4
92 83 4 4
93 84 4 4
93 87 4 4
94 82 4 4
94 86 4 4
95 82 4 4
95 86 4 4
96 91 4 4
96 85 4 4
97 86 4 4
97 89 4 4
98 91 4 4
98 87 4 4
99 94 4 4
99 97 4 4
80 86 4 4
80 87 4 4
81 86 4 4
81 90 4 4
102 101 5 5
102 100 5 5
103 100 5 5
103 101 5 5
104 102 5 5
104 100 5 5
105 100 5 5
105 104 5 5
106 101 5 5
106 105 5 5
107 100 5 5
107 106 5 5
108 105 5 5
108 100 5 5
109 108 5 5
109 101 5 5
110 103 5 5
110 106 5 5
111 104 5 5
111 100 5 5
112 103 5 5
112 108 5 5
113 102 5 5
113 108 5 5
114 100 5 5
114 113 5 5
115 105 5 5
115 113 5 5
116 113 5 5
116 103 5 5
117 109 5 5
117 105 5 5
118 105 5 5
118 110 5 5
119 115 5 5
119 111 5 5
100 119 5 5
100 113 5 5
101 113 5 5
101 119 5 5
122 120 6 6
122 121 6 6
123 122 6 6
123 121 6 6
124 121 6 6
124 120 6 6
125 120 6 6
125 123 6 6
126 121 6 6
126 124 6 6
127 123 6 6
127 126 6 6
128 122 6 6
128 121 6 6
129 126 6 6
129 121 6 6
130 121 6 6
130 128 6 6
131 123 6 6
131 125 6 6
132 129 6 6
132 131 6 6
133 121 6 6
133 128 6 6
134 126 6 6
134 129 6 6
135 121 6 6
135 129 6 6
136 121 6 6
136 126 6 6
137 120 6 6
137 125 6 6
138 135 6 6
138 120 6 6
139 123 6 6
139 122 6 6
120 132 6 6
120 130 6 6
121 132 6 6
121 131 6 6
142 141 7 7
142 140 7 7
143 140 7 7
143 142 7 7
144 143 7 7
144 142 7 7
145 141 7 7
145 144 7 7
146 142 7 7
146 143 7 7
147 143 7 7
147 142 7 7
148 146 7 7
148 141 7 7
149 144 7 7
149 147 7 7
150 140 7 7
150 148 7 7
151 142 7 7
151 144 7 7
152 148 7 7
152 140 7 7
153 151 7 7
153 140 7 7
154 143 7 7
154 152 7 7
155 140 7 7
155 151 7 7
156 150 7 7
156 143 7 7
157 144 7 7
157 148 7 7
158 156 7 7
158 154 7 7
159 151 7 7
159 143 7 7
140 151 7 7
140 157 7 7
141 147 7 7
141 149 7 7
162 160 8 8
162 161 8 8
163 160 8 8
163 161 8 8
164 162 8 8
164 160 8 8
165 161 8 8
165 163 8 8
166 163 8 8
166 160 8 8
167 165 8 8
167 160 8 8
168 162 8 8
168 160 8 8
169 164 8 8
169 166 8 8
170 163 8 8
170 169 8 8
171 166 8 8
171 165 8 8
172 160 8 8
172 166 8 8
173 162 8 8
173 169 8 8
174 169 8 8
174 172 8 8
175 162 8 8
175 161 8 8
176 162 8 8
176 167 8 8
177 160 8 8
177 165 8 8
178 174 8 8
178 173 8 8
179 162 8 8
179 178 8 8
160 174 8 8
160 169 8 8
161 168 8 8
161 176 8 8
182 181 9 9
182 180 9 9
183 182 9 9
183 180 9 9
184 181 9 9
184 183 9 9
185 181 9 9
185 183 9 9
186 184 9 9
186 181 9 9
187 181 9 9
187 186 9 9
188 181 9 9
188 184 9 9
189 185 9 9
189 188 9 9
190 185 9 9
190 182 9 9
191 182 9 9
191 189 9 9
192 186 9 9
192 189 9 9
193 185 9 9
193 182 9 9
194 182 9 9
194 190 9 9
195 192 9 9
195 180 9 9
196 188 9 9
196 181 9 9
197 186 9 9
197 190 9 9
198 197 9 9
198 195 9 9
199 188 9 9
199 192 9 9
180 192 9 9
180 187 9 9
181 192 9 9
181 193 9 9
202 200 10 10
202 201 10 10
203 201 10 10
203 200 10 10
204 203 10 10
204 201 10 10
205 200 10 10
205 204 10 10
206 205 10 10
206 204 10 10
207 205 10 10
207 200 10 10
208 206 10 10
208 202 10 10
209 204 10 10
209 205 10 10
210 206 10 10
210 200 10 10
211 206 10 10
211 209 10 10
212 206 10 10
212 208 10 10
213 207 10 10
213 201 10 10
214 202 10 10
214 210 10 10
215 208 10 10
215 210 10 10
216 212 10 10
216 210 10 10
217 202 10 10
217 209 10 10
218 212 10 10
218 209 10 10
219 201 10 10
219 204 10 10
200 206 10 10
200 211 10 10
201 205 10 10
201 218 10 10
222 220 11 11
222 221 11 11
223 221 11 11
223 220 11 11
224 223 11 11
224 222 11 11
225 221 11 11
225 223 11 11
226 221 11 11
226 222 11 11
227 224 11 11
227 226 11 11
228 226 11 11
228 223 11 11
229 220 11 11
229 223 11 11
230 221 11 11
230 226 11 11
231 223 11 11
231 228 11 11
232 222 11 11
232 226 11 11
233 232 11 11
233 226 11 11
234 229 11 11
234 231 11 11
235 222 11 11
235 232 11 11
236 224 11 11
236 232 11 11
237 222 11 11
237 232 11 11
238 231 11 11
238 227 11 11
239 233 11 11
239 231 11 11
220 235 11 11
220 232 11 11
221 233 11 11
221 239 11 11
242 241 12 12
242 240 12 12
243 240 12 12
243 242 12 12
244 240 12 12
244 243 12 12
245 241 12 12
245 243 12 12
246 240 12 12
246 243 12 12
247 240 12 12
247 244 12 12
248 246 12 12
248 247 12 12
249 246 12 12
249 241 12 12
250 247 12 12
250 245 12 12
251 240 12 12
251 241 12 12
252 248 12 12
252 245 12 12
253 249 12 12
253 241 12 12
254 253 12 12
254 246 12 12
255 245 12 12
255 252 12 12
256 246 12 12
256 243 12 12
257 246 12 12
257 256 12 12
258 250 12 12
258 245 12 12
259 251 12 12
259 255 12 12
240 252 12 12
240 253 12 12
241 248 12 12
241 254 12 12
262 260 13 13
262 261 13 13
263 262 13 13
263 261 13 13
264 262 13 13
264 260 13 13
265 262 13 13
265 260 13 13
266 264 13 13
266 262 13 13
267 263 13 13
267 266 13 13
268 264 13 13
268 266 13 13
269 261 13 13
269 264 13 13
270 269 13 13
270 261 13 13
271 266 13 13
271 262 13 13
272 265 13 13
272 264 13 13
273 271 13 13
273 264 13 13
274 268 13 13
274 260 13 13
275 270 13 13
275 266 13 13
276 273 13 13
276 271 13 13
277 260 13 13
277 271 13 13
278 268 13 13
278 262 13 13
279 278 13 13
279 263 13 13
260 271 13 13
260 269 13 13
261 271 13 13
261 279 13 13
282 280 14 14
282 281 14 14
283 280 14 14
283 281 14 14
284 281 14 14
284 283 14 14
285 280 14 14
285 283 14 14
286 281 14 14
286 283 14 14
287 286 14 14
287 281 14 14
288 287 14 14
288 286 14 14
289 280 14 14
289 285 14 14
290 281 14 14
290 280 14 14
291 284 14 14
291 290 14 14
292 287 14 14
292 280 14 14
293 282 14 14
293 285 14 14
294 284 14 14
294 286 14 14
295 294 14 14
295 287 14 14
296 293 14 14
296 291 14 14
297 294 14 14
297 295 14 14
298 291 14 14
298 287 14 14
299 280 14 14
299 292 14 14
280 293 14 14
280 296 14 14
281 291 14 14
281 288 14 14
302 300 15 15
302 301 15 15
303 301 15 15
303 300 15 15
304 302 15 15
304 303 15 15
305 302 15 15
305 301 15 15
306 303 15 15
306 301 15 15
307 301 15 15
307 304 15 15
308 306 15 15
308 302 15 15
309 305 15 15
309 308 15 15
310 301 15 15
310 303 15 15
311 303 15 15
311 302 15 15
312 311 15 15
312 301 15 15
313 312 15 15
313 310 15 15
314 310 15 15
314 302 15 15
315 304 15 15
315 308 15 15
316 305 15 15
316 309 15 15
317 312 15 15
317 304 15 15
318 312 15 15
318 303 15 15
319 310 15 15
319 314 15 15
300 309 15 15
300 305 15 15
301 309 15 15
301 314 15 15
57 4 2 0
50 37 2 1
65 43 3 2
63 3 3 0
80 45 4 2
88 26 4 1
113 70 5 3
113 31 5 1
126 108 6 5
125 85 6 4
145 5 7 0
145 96 7 4
179 147 8 7
172 123 8 6
195 74 9 3
195 38 9 1
213 36 10 1
212 170 10 8
235 219 11 10
221 134 11 6
241 54 12 2
245 71 12 3
270 103 13 5
262 13 13 0
282 51 14 2
290 219 14 10
314 214 15 10
313 26 15 1
7 313 0 15
2 102 0 5
35 157 1 7
36 178 1 8
