swNum = 320
edgeNum = 672

0 0
1 0
2 0
3 0
4 0
5 0
6 0
7 0
8 0
9 0
10 0
11 0
12 0
13 0
14 0
15 0
16 0
17 0
18 0
19 0
20 1
21 1
22 1
23 1
24 1
25 1
26 1
27 1
28 1
29 1
30 1
31 1
32 1
33 1
34 1
35 1
36 1
37 1
38 1
39 1
40 2
41 2
42 2
43 2
44 2
45 2
46 2
47 2
48 2
49 2
50 2
51 2
52 2
53 2
54 2
55 2
56 2
57 2
58 2
59 2
60 3
61 3
62 3
63 3
64 3
65 3
66 3
67 3
68 3
69 3
70 3
71 3
72 3
73 3
74 3
75 3
76 3
77 3
78 3
79 3
80 4
81 4
82 4
83 4
84 4
85 4
86 4
87 4
88 4
89 4
90 4
91 4
92 4
93 4
94 4
95 4
96 4
97 4
98 4
99 4
100 5
101 5
102 5
103 5
104 5
105 5
106 5
107 5
108 5
109 5
110 5
111 5
112 5
113 5
114 5
115 5
116 5
117 5
118 5
119 5
120 6
121 6
122 6
123 6
124 6
125 6
126 6
127 6
128 6
129 6
130 6
131 6
132 6
133 6
134 6
135 6
136 6
137 6
138 6
139 6
140 7
141 7
142 7
143 7
144 7
145 7
146 7
147 7
148 7
149 7
150 7
151 7
152 7
153 7
154 7
155 7
156 7
157 7
158 7
159 7
160 8
161 8
162 8
163 8
164 8
165 8
166 8
167 8
168 8
169 8
170 8
171 8
172 8
173 8
174 8
175 8
176 8
177 8
178 8
179 8
180 9
181 9
182 9
183 9
184 9
185 9
186 9
187 9
188 9
189 9
190 9
191 9
192 9
193 9
194 9
195 9
196 9
197 9
198 9
199 9
200 10
201 10
202 10
203 10
204 10
205 10
206 10
207 10
208 10
209 10
210 10
211 10
212 10
213 10
214 10
215 10
216 10
217 10
218 10
219 10
220 11
221 11
222 11
223 11
224 11
225 11
226 11
227 11
228 11
229 11
230 11
231 11
232 11
233 11
234 11
235 11
236 11
237 11
238 11
239 11
240 12
241 12
242 12
243 12
244 12
245 12
246 12
247 12
248 12
249 12
250 12
251 12
252 12
253 12
254 12
255 12
256 12
257 12
258 12
259 12
260 13
261 13
262 13
263 13
264 13
265 13
266 13
267 13
268 13
269 13
270 13
271 13
272 13
273 13
274 13
275 13
276 13
277 13
278 13
279 13
280 14
281 14
282 14
283 14
284 14
285 14
286 14
287 14
288 14
289 14
290 14
291 14
292 14
293 14
294 14
295 14
296 14
297 14
298 14
299 14
300 15
301 15
302 15
303 15
304 15
305 15
306 15
307 15
308 15
309 15
310 15
311 15
312 15
313 15
314 15
315 15
316 15
317 15
318 15
319 15

2 0 0 0
2 1 0 0
3 2 0 0
3 1 0 0
4 2 0 0
4 1 0 0
5 3 0 0
5 2 0 0
6 0 0 0
6 2 0 0
7 2 0 0
7 1 0 0
8 4 0 0
8 5 0 0
9 7 0 0
9 0 0 0
10 5 0 0
10 8 0 0
11 3 0 0
11 5 0 0
12 5 0 0
12 9 0 0
13 5 0 0
13 11 0 0
14 8 0 0
14 3 0 0
15 9 0 0
15 7 0 0
16 13 0 0
16 10 0 0
17 2 0 0
17 16 0 0
18 13 0 0
18 0 0 0
19 3 0 0
19 12 0 0
0 3 0 0
0 17 0 0
1 16 0 0
1 6 0 0
22 21 1 1
22 20 1 1
23 21 1 1
23 22 1 1
24 23 1 1
24 20 1 1
25 20 1 1
25 24 1 1
26 22 1 1
26 23 1 1
27 24 1 1
27 20 1 1
28 22 1 1
28 26 1 1
29 20 1 1
29 25 1 1
30 24 1 1
30 29 1 1
31 25 1 1
31 22 1 1
32 23 1 1
32 24 1 1
33 21 1 1
33 26 1 1
34 31 1 1
34 25 1 1
35 28 1 1
35 33 1 1
36 21 1 1
36 26 1 1
37 27 1 1
37 26 1 1
38 30 1 1
38 25 1 1
39 26 1 1
39 32 1 1
20 33 1 1
20 30 1 1
21 29 1 1
21 30 1 1
42 40 2 2
42 41 2 2
43 40 2 2
43 41 2 2
44 41 2 2
44 43 2 2
45 40 2 2
45 44 2 2
46 40 2 2
46 43 2 2
47 41 2 2
47 42 2 2
48 41 2 2
48 47 2 2
49 41 2 2
49 47 2 2
50 45 2 2
50 46 2 2
51 48 2 2
51 50 2 2
52 50 2 2
52 42 2 2
53 48 2 2
53 44 2 2
54 50 2 2
54 40 2 2
55 47 2 2
55 42 2 2
56 43 2 2
56 41 2 2
57 51 2 2
57 52 2 2
58 45 2 2
58 44 2 2
59 45 2 2
59 43 2 2
40 48 2 2
40 52 2 2
41 45 2 2
41 55 2 2
62 60 3 3
62 61 3 3
63 61 3 3
63 60 3 3
64 62 3 3
64 60 3 3
65 64 3 3
65 62 3 3
66 60 3 3
66 61 3 3
67 66 3 3
67 61 3 3
68 62 3 3
68 63 3 3
69 62 3 3
69 61 3 3
70 68 3 3
70 64 3 3
71 67 3 3
71 66 3 3
72 63 3 3
72 71 3 3
73 64 3 3
73 68 3 3
74 62 3 3
74 73 3 3
75 69 3 3
75 62 3 3
76 74 3 3
76 75 3 3
77 71 3 3
77 63 3 3
78 61 3 3
78 71 3 3
79 65 3 3
79 69 3 3
60 74 3 3
60 75 3 3
61 71 3 3
61 79 3 3
82 81 4 4
82 80 4 4
83 80 4 4
83 81 4 4
84 81 4 4
84 80 4 4
85 81 4 4
85 82 4 4
86 84 4 4
86 85 4 4
87 81 4 4
87 82 4 4
88 86 4 4
88 81 4 4
89 81 4 4
89 84 4 4
90 82 4 4
90 84 4 4
91 83 4 4
91 84 4 4
92 88 4 4
92 84 4 4
93 91 4 4
93 92 4 4
94 88 4 4
94 80 4 4
95 86 4 4
95 94 4 4
96 90 4 4
96 95 4 4
97 87 4 4
97 95 4 4
98 93 4 4
98 89 4 4
99 81 4 4
99 96 4 4
80 99 4 4
80 98 4 4
81 90 4 4
81 86 4 4
102 101 5 5
102 100 5 5
103 101 5 5
103 102 5 5
104 100 5 5
104 102 5 5
105 103 5 5
105 100 5 5
106 102 5 5
106 105 5 5
107 101 5 5
107 104 5 5
108 103 5 5
108 100 5 5
109 104 5 5
109 101 5 5
110 103 5 5
110 108 5 5
111 105 5 5
111 100 5 5
112 105 5 5
112 100 5 5
113 111 5 5
113 102 5 5
114 113 5 5
114 108 5 5
115 109 5 5
115 105 5 5
116 113 5 5
116 114 5 5
117 111 5 5
117 108 5 5
118 107 5 5
118 116 5 5
119 100 5 5
119 115 5 5
100 109 5 5
100 113 5 5
101 117 5 5
101 106 5 5
122 120 6 6
122 121 6 6
123 122 6 6
123 120 6 6
124 123 6 6
124 120 6 6
125 120 6 6
125 122 6 6
126 124 6 6
126 123 6 6
127 125 6 6
127 122 6 6
128 126 6 6
128 122 6 6
129 126 6 6
129 127 6 6
130 120 6 6
130 126 6 6
131 120 6 6
131 128 6 6
132 124 6 6
132 126 6 6
133 125 6 6
133 123 6 6
134 125 6 6
134 122 6 6
135 121 6 6
135 123 6 6
136 135 6 6
136 121 6 6
137 134 6 6
137 127 6 6
138 132 6 6
138 136 6 6
139 125 6 6
139 123 6 6
120 126 6 6
120 138 6 6
121 131 6 6
121 128 6 6
142 140 7 7
142 141 7 7
143 142 7 7
143 141 7 7
144 141 7 7
144 142 7 7
145 140 7 7
145 143 7 7
146 145 7 7
146 140 7 7
147 141 7 7
147 145 7 7
148 146 7 7
148 140 7 7
149 146 7 7
149 148 7 7
150 141 7 7
150 143 7 7
151 145 7 7
151 148 7 7
152 149 7 7
152 148 7 7
153 150 7 7
153 144 7 7
154 147 7 7
154 149 7 7
155 151 7 7
155 154 7 7
156 150 7 7
156 147 7 7
157 156 7 7
157 147 7 7
158 149 7 7
158 157 7 7
159 145 7 7
159 158 7 7
140 154 7 7
140 151 7 7
141 158 7 7
141 153 7 7
162 161 8 8
162 160 8 8
163 162 8 8
163 160 8 8
164 162 8 8
164 161 8 8
165 160 8 8
165 161 8 8
166 161 8 8
166 160 8 8
167 166 8 8
167 160 8 8
168 167 8 8
168 160 8 8
169 168 8 8
169 162 8 8
170 169 8 8
170 163 8 8
171 160 8 8
171 169 8 8
172 160 8 8
172 171 8 8
173 172 8 8
173 169 8 8
174 173 8 8
174 167 8 8
175 170 8 8
175 168 8 8
176 162 8 8
176 164 8 8
177 161 8 8
177 162 8 8
178 163 8 8
178 169 8 8
179 168 8 8
179 171 8 8
160 176 8 8
160 169 8 8
161 175 8 8
161 168 8 8
182 181 9 9
182 180 9 9
183 180 9 9
183 182 9 9
184 182 9 9
184 180 9 9
185 182 9 9
185 180 9 9
186 184 9 9
186 180 9 9
187 184 9 9
187 182 9 9
188 186 9 9
188 182 9 9
189 181 9 9
189 186 9 9
190 184 9 9
190 180 9 9
191 189 9 9
191 185 9 9
192 188 9 9
192 186 9 9
193 189 9 9
193 184 9 9
194 187 9 9
194 191 9 9
195 191 9 9
195 187 9 9
196 192 9 9
196 186 9 9
197 182 9 9
197 193 9 9
198 195 9 9
198 196 9 9
199 196 9 9
199 182 9 9
180 198 9 9
180 194 9 9
181 184 9 9
181 194 9 9
202 200 10 10
202 201 10 10
203 202 10 10
203 200 10 10
204 202 10 10
204 203 10 10
205 202 10 10
205 201 10 10
206 204 10 10
206 202 10 10
207 201 10 10
207 203 10 10
208 204 10 10
208 203 10 10
209 203 10 10
209 202 10 10
210 203 10 10
210 208 10 10
211 201 10 10
211 210 10 10
212 203 10 10
212 206 10 10
213 206 10 10
213 211 10 10
214 202 10 10
214 205 10 10
215 205 10 10
215 201 10 10
216 201 10 10
216 213 10 10
217 200 10 10
217 204 10 10
218 201 10 10
218 200 10 10
219 216 10 10
219 201 10 10
200 219 10 10
200 210 10 10
201 210 10 10
201 213 10 10
222 220 11 11
222 221 11 11
223 222 11 11
223 220 11 11
224 220 11 11
224 223 11 11
225 224 11 11
225 220 11 11
226 222 11 11
226 225 11 11
227 222 11 11
227 220 11 11
228 227 11 11
228 226 11 11
229 227 11 11
229 221 11 11
230 220 11 11
230 222 11 11
231 224 11 11
231 225 11 11
232 230 11 11
232 221 11 11
233 220 11 11
233 222 11 11
234 224 11 11
234 232 11 11
235 234 11 11
235 223 11 11
236 233 11 11
236 228 11 11
237 226 11 11
237 221 11 11
238 236 11 11
238 227 11 11
239 233 11 11
239 225 11 11
220 239 11 11
220 238 11 11
221 225 11 11
221 236 11 11
242 241 12 12
242 240 12 12
243 241 12 12
243 240 12 12
244 240 12 12
244 242 12 12
245 240 12 12
245 241 12 12
246 241 12 12
246 240 12 12
247 246 12 12
247 245 12 12
248 246 12 12
248 240 12 12
249 247 12 12
249 242 12 12
250 240 12 12
250 243 12 12
251 246 12 12
251 250 12 12
252 245 12 12
252 243 12 12
253 247 12 12
253 245 12 12
254 243 12 12
254 245 12 12
255 242 12 12
255 251 12 12
256 254 12 12
256 249 12 12
257 256 12 12
257 254 12 12
258 256 12 12
258 249 12 12
259 246 12 12
259 249 12 12
240 255 12 12
240 252 12 12
241 256 12 12
241 248 12 12
262 261 13 13
262 260 13 13
263 261 13 13
263 262 13 13
264 262 13 13
264 260 13 13
265 263 13 13
265 262 13 13
266 265 13 13
266 260 13 13
267 260 13 13
267 266 13 13
268 260 13 13
268 263 13 13
269 265 13 13
269 268 13 13
270 268 13 13
270 266 13 13
271 267 13 13
271 262 13 13
272 269 13 13
272 262 13 13
273 265 13 13
273 271 13 13
274 269 13 13
274 265 13 13
275 264 13 13
275 270 13 13
276 274 13 13
276 263 13 13
277 275 13 13
277 265 13 13
278 274 13 13
278 264 13 13
279 273 13 13
279 263 13 13
260 270 13 13
260 274 13 13
261 279 13 13
261 265 13 13
282 281 14 14
282 280 14 14
283 282 14 14
283 281 14 14
284 282 14 14
284 280 14 14
285 284 14 14
285 281 14 14
286 283 14 14
286 280 14 14
287 280 14 14
287 284 14 14
288 280 14 14
288 284 14 14
289 284 14 14
289 285 14 14
290 282 14 14
290 281 14 14
291 280 14 14
291 283 14 14
292 282 14 14
292 284 14 14
293 283 14 14
293 282 14 14
294 292 14 14
294 284 14 14
295 286 14 14
295 289 14 14
296 289 14 14
296 283 14 14
297 290 14 14
297 291 14 14
298 287 14 14
298 289 14 14
299 286 14 14
299 294 14 14
280 289 14 14
280 285 14 14
281 286 14 14
281 293 14 14
302 301 15 15
302 300 15 15
303 301 15 15
303 302 15 15
304 302 15 15
304 300 15 15
305 301 15 15
305 303 15 15
306 303 15 15
306 301 15 15
307 304 15 15
307 305 15 15
308 301 15 15
308 305 15 15
309 300 15 15
309 303 15 15
310 304 15 15
310 303 15 15
311 304 15 15
311 302 15 15
312 302 15 15
312 300 15 15
313 309 15 15
313 306 15 15
314 304 15 15
314 310 15 15
315 311 15 15
315 314 15 15
316 303 15 15
316 313 15 15
317 315 15 15
317 308 15 15
318 311 15 15
318 317 15 15
319 305 15 15
319 304 15 15
300 314 15 15
300 319 15 15
301 309 15 15
301 313 15 15
42 7 2 0
57 31 2 1
67 52 3 2
64 24 3 1
98 31 4 1
91 8 4 0
111 4 5 0
107 59 5 2
129 110 6 5
121 52 6 2
143 4 7 0
154 114 7 5
177 16 8 0
172 93 8 4
181 154 9 7
186 86 9 4
200 177 10 8
200 115 10 5
231 204 11 10
224 28 11 1
242 185 12 9
246 171 12 8
262 163 13 8
269 184 13 9
292 142 14 7
294 207 14 10
300 174 15 8
305 253 15 12
0 279 0 13
11 214 0 10
33 219 1 10
32 284 1 14
