swNum = 320
edgeNum = 672

0 0
1 0
2 0
3 0
4 0
5 0
6 0
7 0
8 0
9 0
10 0
11 0
12 0
13 0
14 0
15 0
16 0
17 0
18 0
19 0
20 1
21 1
22 1
23 1
24 1
25 1
26 1
27 1
28 1
29 1
30 1
31 1
32 1
33 1
34 1
35 1
36 1
37 1
38 1
39 1
40 2
41 2
42 2
43 2
44 2
45 2
46 2
47 2
48 2
49 2
50 2
51 2
52 2
53 2
54 2
55 2
56 2
57 2
58 2
59 2
60 3
61 3
62 3
63 3
64 3
65 3
66 3
67 3
68 3
69 3
70 3
71 3
72 3
73 3
74 3
75 3
76 3
77 3
78 3
79 3
80 4
81 4
82 4
83 4
84 4
85 4
86 4
87 4
88 4
89 4
90 4
91 4
92 4
93 4
94 4
95 4
96 4
97 4
98 4
99 4
100 5
101 5
102 5
103 5
104 5
105 5
106 5
107 5
108 5
109 5
110 5
111 5
112 5
113 5
114 5
115 5
116 5
117 5
118 5
119 5
120 6
121 6
122 6
123 6
124 6
125 6
126 6
127 6
128 6
129 6
130 6
131 6
132 6
133 6
134 6
135 6
136 6
137 6
138 6
139 6
140 7
141 7
142 7
143 7
144 7
145 7
146 7
147 7
148 7
149 7
150 7
151 7
152 7
153 7
154 7
155 7
156 7
157 7
158 7
159 7
160 8
161 8
162 8
163 8
164 8
165 8
166 8
167 8
168 8
169 8
170 8
171 8
172 8
173 8
174 8
175 8
176 8
177 8
178 8
179 8
180 9
181 9
182 9
183 9
184 9
185 9
186 9
187 9
188 9
189 9
190 9
191 9
192 9
193 9
194 9
195 9
196 9
197 9
198 9
199 9
200 10
201 10
202 10
203 10
204 10
205 10
206 10
207 10
208 10
209 10
210 10
211 10
212 10
213 10
214 10
215 10
216 10
217 10
218 10
219 10
220 11
221 11
222 11
223 11
224 11
225 11
226 11
227 11
228 11
229 11
230 11
231 11
232 11
233 11
234 11
235 11
236 11
237 11
238 11
239 11
240 12
241 12
242 12
243 12
244 12
245 12
246 12
247 12
248 12
249 12
250 12
251 12
252 12
253 12
254 12
255 12
256 12
257 12
258 12
259 12
260 13
261 13
262 13
263 13
264 13
265 13
266 13
267 13
268 13
269 13
270 13
271 13
272 13
273 13
274 13
275 13
276 13
277 13
278 13
279 13
280 14
281 14
282 14
283 14
284 14
285 14
286 14
287 14
288 14
289 14
290 14
291 14
292 14
293 14
294 14
295 14
296 14
297 14
298 14
299 14
300 15
301 15
302 15
303 15
304 15
305 15
306 15
307 15
308 15
309 15
310 15
311 15
312 15
313 15
314 15
315 15
316 15
317 15
318 15
319 15

2 1 0 0
2 0 0 0
3 1 0 0
3 2 0 0
4 3 0 0
4 2 0 0
5 0 0 0
5 4 0 0
6 5 0 0
6 3 0 0
7 0 0 0
7 4 0 0
8 3 0 0
8 0 0 0
9 1 0 0
9 7 0 0
10 2 0 0
10 3 0 0
11 8 0 0
11 7 0 0
12 8 0 0
12 3 0 0
13 4 0 0
13 2 0 0
14 6 0 0
14 0 0 0
15 2 0 0
15 3 0 0
16 0 0 0
16 8 0 0
17 9 0 0
17 14 0 0
18 13 0 0
18 11 0 0
19 11 0 0
19 3 0 0
0 18 0 0
0 10 0 0
1 17 0 0
1 10 0 0
22 20 1 1
22 21 1 1
23 22 1 1
23 20 1 1
24 20 1 1
24 21 1 1
25 21 1 1
25 24 1 1
26 20 1 1
26 23 1 1
27 22 1 1
27 26 1 1
28 25 1 1
28 27 1 1
29 24 1 1
29 27 1 1
30 25 1 1
30 29 1 1
31 30 1 1
31 27 1 1
32 21 1 1
32 30 1 1
33 30 1 1
33 29 1 1
34 24 1 1
34 21 1 1
35 21 1 1
35 23 1 1
36 30 1 1
36 31 1 1
37 22 1 1
37 21 1 1
38 20 1 1
38 26 1 1
39 34 1 1
39 24 1 1
20 37 1 1
20 27 1 1
21 26 1 1
21 27 1 1
42 40 2 2
42 41 2 2
43 40 2 2
43 42 2 2
44 40 2 2
44 42 2 2
45 41 2 2
45 43 2 2
46 41 2 2
46 45 2 2
47 42 2 2
47 46 2 2
48 41 2 2
48 45 2 2
49 45 2 2
49 41 2 2
50 49 2 2
50 48 2 2
51 43 2 2
51 44 2 2
52 50 2 2
52 48 2 2
53 49 2 2
53 48 2 2
54 50 2 2
54 46 2 2
55 47 2 2
55 41 2 2
56 41 2 2
56 48 2 2
57 50 2 2
57 43 2 2
58 51 2 2
58 55 2 2
59 45 2 2
59 41 2 2
40 54 2 2
40 58 2 2
41 53 2 2
41 43 2 2
62 60 3 3
62 61 3 3
63 61 3 3
63 60 3 3
64 60 3 3
64 62 3 3
65 61 3 3
65 63 3 3
66 60 3 3
66 63 3 3
67 63 3 3
67 65 3 3
68 63 3 3
68 61 3 3
69 66 3 3
69 68 3 3
70 60 3 3
70 68 3 3
71 68 3 3
71 69 3 3
72 70 3 3
72 60 3 3
73 69 3 3
73 72 3 3
74 66 3 3
74 65 3 3
75 63 3 3
75 72 3 3
76 64 3 3
76 62 3 3
77 60 3 3
77 76 3 3
78 75 3 3
78 67 3 3
79 72 3 3
79 61 3 3
60 78 3 3
60 79 3 3
61 69 3 3
61 78 3 3
82 81 4 4
82 80 4 4
83 81 4 4
83 80 4 4
84 80 4 4
84 83 4 4
85 80 4 4
85 84 4 4
86 84 4 4
86 81 4 4
87 80 4 4
87 85 4 4
88 83 4 4
88 86 4 4
89 85 4 4
89 81 4 4
90 85 4 4
90 86 4 4
91 88 4 4
91 85 4 4
92 83 4 4
92 86 4 4
93 88 4 4
93 81 4 4
94 90 4 4
94 93 4 4
95 84 4 4
95 92 4 4
96 85 4 4
96 84 4 4
97 83 4 4
97 92 4 4
98 97 4 4
98 96 4 4
99 92 4 4
99 98 4 4
80 96 4 4
80 91 4 4
81 92 4 4
81 95 4 4
102 101 5 5
102 100 5 5
103 100 5 5
103 102 5 5
104 102 5 5
104 101 5 5
105 104 5 5
105 102 5 5
106 101 5 5
106 100 5 5
107 103 5 5
107 102 5 5
108 102 5 5
108 103 5 5
109 100 5 5
109 103 5 5
110 108 5 5
110 100 5 5
111 103 5 5
111 100 5 5
112 101 5 5
112 102 5 5
113 110 5 5
113 103 5 5
114 113 5 5
114 107 5 5
115 110 5 5
115 104 5 5
116 115 5 5
116 112 5 5
117 113 5 5
117 102 5 5
118 102 5 5
118 113 5 5
119 105 5 5
119 104 5 5
100 117 5 5
100 113 5 5
101 105 5 5
101 115 5 5
122 120 6 6
122 121 6 6
123 121 6 6
123 122 6 6
124 120 6 6
124 121 6 6
125 121 6 6
125 120 6 6
126 125 6 6
126 122 6 6
127 120 6 6
127 122 6 6
128 126 6 6
128 123 6 6
129 124 6 6
129 120 6 6
130 121 6 6
130 126 6 6
131 125 6 6
131 128 6 6
132 121 6 6
132 131 6 6
133 127 6 6
133 122 6 6
134 132 6 6
134 131 6 6
135 128 6 6
135 133 6 6
136 123 6 6
136 125 6 6
137 129 6 6
137 127 6 6
138 124 6 6
138 122 6 6
139 124 6 6
139 123 6 6
120 131 6 6
120 132 6 6
121 128 6 6
121 134 6 6
142 141 7 7
142 140 7 7
143 140 7 7
143 141 7 7
144 141 7 7
144 142 7 7
145 141 7 7
145 144 7 7
146 141 7 7
146 140 7 7
147 143 7 7
147 142 7 7
148 142 7 7
148 140 7 7
149 141 7 7
149 144 7 7
150 148 7 7
150 143 7 7
151 150 7 7
151 146 7 7
152 146 7 7
152 148 7 7
153 140 7 7
153 148 7 7
154 150 7 7
154 142 7 7
155 153 7 7
155 148 7 7
156 140 7 7
156 155 7 7
157 151 7 7
157 152 7 7
158 157 7 7
158 155 7 7
159 155 7 7
159 157 7 7
140 154 7 7
140 152 7 7
141 148 7 7
141 151 7 7
162 161 8 8
162 160 8 8
163 162 8 8
163 161 8 8
164 162 8 8
164 163 8 8
165 161 8 8
165 160 8 8
166 163 8 8
166 164 8 8
167 166 8 8
167 161 8 8
168 167 8 8
168 165 8 8
169 163 8 8
169 165 8 8
170 166 8 8
170 164 8 8
171 165 8 8
171 163 8 8
172 170 8 8
172 171 8 8
173 172 8 8
173 161 8 8
174 172 8 8
174 161 8 8
175 171 8 8
175 170 8 8
176 165 8 8
176 161 8 8
177 170 8 8
177 167 8 8
178 169 8 8
178 177 8 8
179 162 8 8
179 161 8 8
160 171 8 8
160 175 8 8
161 172 8 8
161 169 8 8
182 180 9 9
182 181 9 9
183 182 9 9
183 181 9 9
184 182 9 9
184 183 9 9
185 184 9 9
185 182 9 9
186 181 9 9
186 182 9 9
187 183 9 9
187 184 9 9
188 185 9 9
188 187 9 9
189 182 9 9
189 180 9 9
190 182 9 9
190 186 9 9
191 190 9 9
191 182 9 9
192 185 9 9
192 188 9 9
193 188 9 9
193 192 9 9
194 193 9 9
194 181 9 9
195 185 9 9
195 181 9 9
196 186 9 9
196 181 9 9
197 180 9 9
197 182 9 9
198 195 9 9
198 185 9 9
199 196 9 9
199 188 9 9
180 199 9 9
180 196 9 9
181 187 9 9
181 193 9 9
202 201 10 10
202 200 10 10
203 200 10 10
203 202 10 10
204 202 10 10
204 203 10 10
205 203 10 10
205 200 10 10
206 202 10 10
206 201 10 10
207 205 10 10
207 201 10 10
208 206 10 10
208 203 10 10
209 208 10 10
209 205 10 10
210 205 10 10
210 203 10 10
211 201 10 10
211 200 10 10
212 211 10 10
212 208 10 10
213 202 10 10
213 203 10 10
214 201 10 10
214 209 10 10
215 213 10 10
215 205 10 10
216 207 10 10
216 211 10 10
217 202 10 10
217 206 10 10
218 203 10 10
218 211 10 10
219 214 10 10
219 206 10 10
200 209 10 10
200 214 10 10
201 203 10 10
201 204 10 10
222 221 11 11
222 220 11 11
223 220 11 11
223 221 11 11
224 220 11 11
224 222 11 11
225 221 11 11
225 223 11 11
226 224 11 11
226 223 11 11
227 226 11 11
227 224 11 11
228 224 11 11
228 221 11 11
229 222 11 11
229 225 11 11
230 229 11 11
230 221 11 11
231 227 11 11
231 230 11 11
232 226 11 11
232 220 11 11
233 230 11 11
233 231 11 11
234 233 11 11
234 227 11 11
235 223 11 11
235 232 11 11
236 229 11 11
236 225 11 11
237 233 11 11
237 221 11 11
238 227 11 11
238 233 11 11
239 220 11 11
239 232 11 11
220 225 11 11
220 234 11 11
221 224 11 11
221 232 11 11
242 240 12 12
242 241 12 12
243 241 12 12
243 240 12 12
244 241 12 12
244 243 12 12
245 241 12 12
245 243 12 12
246 240 12 12
246 242 12 12
247 244 12 12
247 242 12 12
248 240 12 12
248 241 12 12
249 247 12 12
249 241 12 12
250 243 12 12
250 248 12 12
251 248 12 12
251 247 12 12
252 250 12 12
252 245 12 12
253 248 12 12
253 242 12 12
254 249 12 12
254 252 12 12
255 254 12 12
255 248 12 12
256 251 12 12
256 244 12 12
257 247 12 12
257 251 12 12
258 244 12 12
258 255 12 12
259 252 12 12
259 258 12 12
240 255 12 12
240 253 12 12
241 255 12 12
241 254 12 12
262 261 13 13
262 260 13 13
263 261 13 13
263 260 13 13
264 260 13 13
264 263 13 13
265 260 13 13
265 261 13 13
266 262 13 13
266 263 13 13
267 263 13 13
267 262 13 13
268 263 13 13
268 262 13 13
269 262 13 13
269 264 13 13
270 269 13 13
270 260 13 13
271 268 13 13
271 261 13 13
272 268 13 13
272 262 13 13
273 260 13 13
273 271 13 13
274 261 13 13
274 263 13 13
275 272 13 13
275 271 13 13
276 264 13 13
276 267 13 13
277 273 13 13
277 265 13 13
278 266 13 13
278 275 13 13
279 271 13 13
279 268 13 13
260 272 13 13
260 278 13 13
261 270 13 13
261 276 13 13
282 280 14 14
282 281 14 14
283 280 14 14
283 282 14 14
284 281 14 14
284 280 14 14
285 284 14 14
285 283 14 14
286 280 14 14
286 285 14 14
287 284 14 14
287 281 14 14
288 284 14 14
288 281 14 14
289 283 14 14
289 288 14 14
290 287 14 14
290 282 14 14
291 287 14 14
291 284 14 14
292 288 14 14
292 289 14 14
293 286 14 14
293 285 14 14
294 283 14 14
294 292 14 14
295 292 14 14
295 283 14 14
296 291 14 14
296 294 14 14
297 281 14 14
297 286 14 14
298 283 14 14
298 296 14 14
299 289 14 14
299 283 14 14
280 296 14 14
280 285 14 14
281 292 14 14
281 285 14 14
302 300 15 15
302 301 15 15
303 301 15 15
303 302 15 15
304 300 15 15
304 303 15 15
305 303 15 15
305 302 15 15
306 305 15 15
306 302 15 15
307 300 15 15
307 306 15 15
308 307 15 15
308 305 15 15
309 302 15 15
309 303 15 15
310 307 15 15
310 304 15 15
311 305 15 15
311 301 15 15
312 300 15 15
312 306 15 15
313 306 15 15
313 312 15 15
314 301 15 15
314 309 15 15
315 314 15 15
315 303 15 15
316 301 15 15
316 302 15 15
317 301 15 15
317 300 15 15
318 302 15 15
318 312 15 15
319 304 15 15
319 307 15 15
300 309 15 15
300 305 15 15
301 315 15 15
301 313 15 15
52 13 2 0
55 27 2 1
71 38 3 1
62 6 3 0
99 49 4 2
83 14 4 0
109 46 5 2
114 37 5 1
131 21 6 1
130 110 6 5
158 21 7 1
140 41 7 2
160 138 8 6
165 91 8 4
186 6 9 0
198 61 9 3
219 160 10 8
207 180 10 9
221 29 11 1
225 192 11 9
254 106 12 5
256 68 12 3
271 232 13 11
264 16 13 0
281 105 14 5
288 240 14 12
304 269 15 13
308 59 15 2
11 229 0 11
19 112 0 5
35 274 1 13
26 201 1 10
