swNum = 320
edgeNum = 672

0 0
1 0
2 0
3 0
4 0
5 0
6 0
7 0
8 0
9 0
10 0
11 0
12 0
13 0
14 0
15 0
16 0
17 0
18 0
19 0
20 1
21 1
22 1
23 1
24 1
25 1
26 1
27 1
28 1
29 1
30 1
31 1
32 1
33 1
34 1
35 1
36 1
37 1
38 1
39 1
40 2
41 2
42 2
43 2
44 2
45 2
46 2
47 2
48 2
49 2
50 2
51 2
52 2
53 2
54 2
55 2
56 2
57 2
58 2
59 2
60 3
61 3
62 3
63 3
64 3
65 3
66 3
67 3
68 3
69 3
70 3
71 3
72 3
73 3
74 3
75 3
76 3
77 3
78 3
79 3
80 4
81 4
82 4
83 4
84 4
85 4
86 4
87 4
88 4
89 4
90 4
91 4
92 4
93 4
94 4
95 4
96 4
97 4
98 4
99 4
100 5
101 5
102 5
103 5
104 5
105 5
106 5
107 5
108 5
109 5
110 5
111 5
112 5
113 5
114 5
115 5
116 5
117 5
118 5
119 5
120 6
121 6
122 6
123 6
124 6
125 6
126 6
127 6
128 6
129 6
130 6
131 6
132 6
133 6
134 6
135 6
136 6
137 6
138 6
139 6
140 7
141 7
142 7
143 7
144 7
145 7
146 7
147 7
148 7
149 7
150 7
151 7
152 7
153 7
154 7
155 7
156 7
157 7
158 7
159 7
160 8
161 8
162 8
163 8
164 8
165 8
166 8
167 8
168 8
169 8
170 8
171 8
172 8
173 8
174 8
175 8
176 8
177 8
178 8
179 8
180 9
181 9
182 9
183 9
184 9
185 9
186 9
187 9
188 9
189 9
190 9
191 9
192 9
193 9
194 9
195 9
196 9
197 9
198 9
199 9
200 10
201 10
202 10
203 10
204 10
205 10
206 10
207 10
208 10
209 10
210 10
211 10
212 10
213 10
214 10
215 10
216 10
217 10
218 10
219 10
220 11
221 11
222 11
223 11
224 11
225 11
226 11
227 11
228 11
229 11
230 11
231 11
232 11
233 11
234 11
235 11
236 11
237 11
238 11
239 11
240 12
241 12
242 12
243 12
244 12
245 12
246 12
247 12
248 12
249 12
250 12
251 12
252 12
253 12
254 12
255 12
256 12
257 12
258 12
259 12
260 13
261 13
262 13
263 13
264 13
265 13
266 13
267 13
268 13
269 13
270 13
271 13
272 13
273 13
274 13
275 13
276 13
277 13
278 13
279 13
280 14
281 14
282 14
283 14
284 14
285 14
286 14
287 14
288 14
289 14
290 14
291 14
292 14
293 14
294 14
295 14
296 14
297 14
298 14
299 14
300 15
301 15
302 15
303 15
304 15
305 15
306 15
307 15
308 15
309 15
310 15
311 15
312 15
313 15
314 15
315 15
316 15
317 15
318 15
319 15

2 1 0 0
2 0 0 0
3 0 0 0
3 1 0 0
4 3 0 0
4 1 0 0
5 1 0 0
5 0 0 0
6 4 0 0
6 3 0 0
7 5 0 0
7 4 0 0
8 5 0 0
8 2 0 0
9 2 0 0
9 5 0 0
10 3 0 0
10 1 0 0
11 4 0 0
11 1 0 0
12 4 0 0
12 6 0 0
13 9 0 0
13 1 0 0
14 12 0 0
14 3 0 0
15 9 0 0
15 11 0 0
16 11 0 0
16 14 0 0
17 6 0 0
17 13 0 0
18 0 0 0
18 2 0 0
19 2 0 0
19 9 0 0
0 14 0 0
0 17 0 0
1 16 0 0
1 15 0 0
22 21 1 1
22 20 1 1
23 22 1 1
23 20 1 1
24 22 1 1
24 20 1 1
25 22 1 1
25 20 1 1
26 20 1 1
26 23 1 1
27 25 1 1
27 20 1 1
28 23 1 1
28 25 1 1
29 20 1 1
29 25 1 1
30 24 1 1
30 28 1 1
31 25 1 1
31 29 1 1
32 29 1 1
32 24 1 1
33 29 1 1
33 31 1 1
34 29 1 1
34 26 1 1
35 25 1 1
35 20 1 1
36 28 1 1
36 26 1 1
37 29 1 1
37 32 1 1
38 30 1 1
38 33 1 1
39 23 1 1
39 36 1 1
20 33 1 1
20 39 1 1
21 29 1 1
21 38 1 1
42 40 2 2
42 41 2 2
43 41 2 2
43 40 2 2
44 42 2 2
44 43 2 2
45 42 2 2
45 40 2 2
46 40 2 2
46 45 2 2
47 43 2 2
47 44 2 2
48 41 2 2
48 45 2 2
49 44 2 2
49 45 2 2
50 47 2 2
50 43 2 2
51 46 2 2
51 44 2 2
52 44 2 2
52 42 2 2
53 48 2 2
53 51 2 2
54 53 2 2
54 42 2 2
55 41 2 2
55 48 2 2
56 51 2 2
56 40 2 2
57 44 2 2
57 43 2 2
58 43 2 2
58 57 2 2
59 54 2 2
59 43 2 2
40 51 2 2
40 44 2 2
41 45 2 2
41 58 2 2
62 60 3 3
62 61 3 3
63 60 3 3
63 62 3 3
64 61 3 3
64 60 3 3
65 61 3 3
65 64 3 3
66 62 3 3
66 61 3 3
67 60 3 3
67 62 3 3
68 64 3 3
68 62 3 3
69 63 3 3
69 60 3 3
70 62 3 3
70 61 3 3
71 67 3 3
71 62 3 3
72 65 3 3
72 68 3 3
73 66 3 3
73 72 3 3
74 66 3 3
74 71 3 3
75 64 3 3
75 66 3 3
76 64 3 3
76 74 3 3
77 64 3 3
77 60 3 3
78 62 3 3
78 61 3 3
79 71 3 3
79 74 3 3
60 73 3 3
60 74 3 3
61 68 3 3
61 72 3 3
82 80 4 4
82 81 4 4
83 80 4 4
83 82 4 4
84 80 4 4
84 81 4 4
85 84 4 4
85 81 4 4
86 81 4 4
86 84 4 4
87 82 4 4
87 83 4 4
88 80 4 4
88 84 4 4
89 83 4 4
89 82 4 4
90 82 4 4
90 89 4 4
91 88 4 4
91 80 4 4
92 80 4 4
92 89 4 4
93 81 4 4
93 88 4 4
94 85 4 4
94 93 4 4
95 86 4 4
95 87 4 4
96 83 4 4
96 87 4 4
97 83 4 4
97 93 4 4
98 94 4 4
98 96 4 4
99 83 4 4
99 80 4 4
80 89 4 4
80 94 4 4
81 94 4 4
81 97 4 4
102 101 5 5
102 100 5 5
103 101 5 5
103 102 5 5
104 102 5 5
104 103 5 5
105 103 5 5
105 101 5 5
106 104 5 5
106 103 5 5
107 106 5 5
107 102 5 5
108 106 5 5
108 100 5 5
109 102 5 5
109 107 5 5
110 106 5 5
110 102 5 5
111 101 5 5
111 107 5 5
112 106 5 5
112 109 5 5
113 104 5 5
113 100 5 5
114 104 5 5
114 111 5 5
115 101 5 5
115 102 5 5
116 102 5 5
116 100 5 5
117 104 5 5
117 116 5 5
118 115 5 5
118 117 5 5
119 110 5 5
119 113 5 5
100 107 5 5
100 104 5 5
101 109 5 5
101 104 5 5
122 121 6 6
122 120 6 6
123 122 6 6
123 120 6 6
124 120 6 6
124 123 6 6
125 122 6 6
125 120 6 6
126 122 6 6
126 120 6 6
127 120 6 6
127 123 6 6
128 120 6 6
128 127 6 6
129 123 6 6
129 124 6 6
130 125 6 6
130 127 6 6
131 120 6 6
131 129 6 6
132 123 6 6
132 127 6 6
133 124 6 6
133 128 6 6
134 130 6 6
134 122 6 6
135 128 6 6
135 122 6 6
136 135 6 6
136 132 6 6
137 135 6 6
137 128 6 6
138 137 6 6
138 133 6 6
139 127 6 6
139 121 6 6
120 138 6 6
120 132 6 6
121 129 6 6
121 132 6 6
142 141 7 7
142 140 7 7
143 141 7 7
143 140 7 7
144 141 7 7
144 140 7 7
145 140 7 7
145 144 7 7
146 143 7 7
146 144 7 7
147 146 7 7
147 140 7 7
148 140 7 7
148 143 7 7
149 140 7 7
149 146 7 7
150 143 7 7
150 146 7 7
151 140 7 7
151 149 7 7
152 148 7 7
152 144 7 7
153 147 7 7
153 141 7 7
154 152 7 7
154 144 7 7
155 152 7 7
155 147 7 7
156 142 7 7
156 153 7 7
157 146 7 7
157 155 7 7
158 143 7 7
158 155 7 7
159 153 7 7
159 155 7 7
140 158 7 7
140 150 7 7
141 158 7 7
141 156 7 7
162 160 8 8
162 161 8 8
163 160 8 8
163 162 8 8
164 161 8 8
164 162 8 8
165 164 8 8
165 162 8 8
166 161 8 8
166 164 8 8
167 165 8 8
167 164 8 8
168 160 8 8
168 164 8 8
169 161 8 8
169 168 8 8
170 168 8 8
170 165 8 8
171 162 8 8
171 160 8 8
172 161 8 8
172 160 8 8
173 160 8 8
173 168 8 8
174 169 8 8
174 164 8 8
175 164 8 8
175 167 8 8
176 160 8 8
176 168 8 8
177 171 8 8
177 176 8 8
178 162 8 8
178 169 8 8
179 175 8 8
179 161 8 8
160 170 8 8
160 179 8 8
161 163 8 8
161 168 8 8
182 180 9 9
182 181 9 9
183 181 9 9
183 182 9 9
184 181 9 9
184 183 9 9
185 182 9 9
185 181 9 9
186 180 9 9
186 185 9 9
187 184 9 9
187 185 9 9
188 182 9 9
188 181 9 9
189 182 9 9
189 185 9 9
190 181 9 9
190 187 9 9
191 180 9 9
191 185 9 9
192 180 9 9
192 191 9 9
193 187 9 9
193 191 9 9
194 181 9 9
194 185 9 9
195 192 9 9
195 181 9 9
196 190 9 9
196 187 9 9
197 193 9 9
197 189 9 9
198 180 9 9
198 183 9 9
199 193 9 9
199 184 9 9
180 188 9 9
180 183 9 9
181 187 9 9
181 193 9 9
202 200 10 10
202 201 10 10
203 200 10 10
203 202 10 10
204 200 10 10
204 202 10 10
205 201 10 10
205 204 10 10
206 202 10 10
206 205 10 10
207 203 10 10
207 200 10 10
208 200 10 10
208 202 10 10
209 200 10 10
209 207 10 10
210 206 10 10
210 201 10 10
211 209 10 10
211 206 10 10
212 209 10 10
212 211 10 10
213 207 10 10
213 202 10 10
214 207 10 10
214 206 10 10
215 212 10 10
215 211 10 10
216 205 10 10
216 209 10 10
217 216 10 10
217 207 10 10
218 212 10 10
218 204 10 10
219 202 10 10
219 217 10 10
200 218 10 10
200 211 10 10
201 206 10 10
201 207 10 10
222 220 11 11
222 221 11 11
223 221 11 11
223 220 11 11
224 222 11 11
224 221 11 11
225 223 11 11
225 221 11 11
226 225 11 11
226 220 11 11
227 220 11 11
227 221 11 11
228 220 11 11
228 221 11 11
229 228 11 11
229 221 11 11
230 221 11 11
230 229 11 11
231 220 11 11
231 228 11 11
232 222 11 11
232 220 11 11
233 224 11 11
233 220 11 11
234 231 11 11
234 232 11 11
235 232 11 11
235 221 11 11
236 223 11 11
236 233 11 11
237 232 11 11
237 233 11 11
238 224 11 11
238 222 11 11
239 238 11 11
239 236 11 11
220 225 11 11
220 237 11 11
221 239 11 11
221 231 11 11
242 240 12 12
242 241 12 12
243 242 12 12
243 240 12 12
244 243 12 12
244 242 12 12
245 241 12 12
245 243 12 12
246 241 12 12
246 240 12 12
247 245 12 12
247 241 12 12
248 243 12 12
248 247 12 12
249 247 12 12
249 242 12 12
250 243 12 12
250 241 12 12
251 242 12 12
251 248 12 12
252 244 12 12
252 245 12 12
253 246 12 12
253 252 12 12
254 243 12 12
254 248 12 12
255 248 12 12
255 253 12 12
256 244 12 12
256 247 12 12
257 253 12 12
257 242 12 12
258 256 12 12
258 254 12 12
259 258 12 12
259 250 12 12
240 247 12 12
240 256 12 12
241 253 12 12
241 256 12 12
262 260 13 13
262 261 13 13
263 260 13 13
263 262 13 13
264 261 13 13
264 263 13 13
265 261 13 13
265 264 13 13
266 262 13 13
266 265 13 13
267 265 13 13
267 260 13 13
268 265 13 13
268 260 13 13
269 260 13 13
269 262 13 13
270 261 13 13
270 268 13 13
271 268 13 13
271 262 13 13
272 265 13 13
272 263 13 13
273 262 13 13
273 269 13 13
274 270 13 13
274 269 13 13
275 271 13 13
275 263 13 13
276 265 13 13
276 275 13 13
277 265 13 13
277 276 13 13
278 260 13 13
278 275 13 13
279 276 13 13
279 263 13 13
260 266 13 13
260 264 13 13
261 266 13 13
261 276 13 13
282 280 14 14
282 281 14 14
283 281 14 14
283 282 14 14
284 281 14 14
284 283 14 14
285 284 14 14
285 281 14 14
286 282 14 14
286 280 14 14
287 283 14 14
287 282 14 14
288 281 14 14
288 284 14 14
289 285 14 14
289 288 14 14
290 288 14 14
290 281 14 14
291 289 14 14
291 281 14 14
292 291 14 14
292 290 14 14
293 291 14 14
293 282 14 14
294 282 14 14
294 291 14 14
295 289 14 14
295 293 14 14
296 283 14 14
296 280 14 14
297 286 14 14
297 282 14 14
298 294 14 14
298 288 14 14
299 295 14 14
299 288 14 14
280 294 14 14
280 297 14 14
281 298 14 14
281 295 14 14
302 301 15 15
302 300 15 15
303 301 15 15
303 300 15 15
304 300 15 15
304 302 15 15
305 302 15 15
305 303 15 15
306 304 15 15
306 300 15 15
307 300 15 15
307 302 15 15
308 301 15 15
308 302 15 15
309 302 15 15
309 307 15 15
310 302 15 15
310 307 15 15
311 301 15 15
311 303 15 15
312 305 15 15
312 307 15 15
313 311 15 15
313 309 15 15
314 304 15 15
314 310 15 15
315 300 15 15
315 309 15 15
316 307 15 15
316 300 15 15
317 316 15 15
317 314 15 15
318 302 15 15
318 317 15 15
319 316 15 15
319 305 15 15
300 318 15 15
300 308 15 15
301 319 15 15
301 315 15 15
45 20 2 1
51 1 2 0
65 39 3 1
74 2 3 0
96 50 4 2
99 4 4 0
100 72 5 3
103 9 5 0
135 100 6 5
129 34 6 1
151 5 7 0
144 135 7 6
175 52 8 2
173 133 8 6
195 158 9 7
197 63 9 3
216 58 10 2
200 169 10 8
231 90 11 4
232 55 11 2
255 35 12 1
248 120 12 6
261 150 13 7
279 130 13 6
297 96 14 4
299 146 14 7
309 177 15 8
308 124 15 6
7 190 0 9
16 249 0 12
39 145 1 7
22 196 1 9
