swNum = 320
edgeNum = 672

0 0
1 0
2 0
3 0
4 0
5 0
6 0
7 0
8 0
9 0
10 0
11 0
12 0
13 0
14 0
15 0
16 0
17 0
18 0
19 0
20 1
21 1
22 1
23 1
24 1
25 1
26 1
27 1
28 1
29 1
30 1
31 1
32 1
33 1
34 1
35 1
36 1
37 1
38 1
39 1
40 2
41 2
42 2
43 2
44 2
45 2
46 2
47 2
48 2
49 2
50 2
51 2
52 2
53 2
54 2
55 2
56 2
57 2
58 2
59 2
60 3
61 3
62 3
63 3
64 3
65 3
66 3
67 3
68 3
69 3
70 3
71 3
72 3
73 3
74 3
75 3
76 3
77 3
78 3
79 3
80 4
81 4
82 4
83 4
84 4
85 4
86 4
87 4
88 4
89 4
90 4
91 4
92 4
93 4
94 4
95 4
96 4
97 4
98 4
99 4
100 5
101 5
102 5
103 5
104 5
105 5
106 5
107 5
108 5
109 5
110 5
111 5
112 5
113 5
114 5
115 5
116 5
117 5
118 5
119 5
120 6
121 6
122 6
123 6
124 6
125 6
126 6
127 6
128 6
129 6
130 6
131 6
132 6
133 6
134 6
135 6
136 6
137 6
138 6
139 6
140 7
141 7
142 7
143 7
144 7
145 7
146 7
147 7
148 7
149 7
150 7
151 7
152 7
153 7
154 7
155 7
156 7
157 7
158 7
159 7
160 8
161 8
162 8
163 8
164 8
165 8
166 8
167 8
168 8
169 8
170 8
171 8
172 8
173 8
174 8
175 8
176 8
177 8
178 8
179 8
180 9
181 9
182 9
183 9
184 9
185 9
186 9
187 9
188 9
189 9
190 9
191 9
192 9
193 9
194 9
195 9
196 9
197 9
198 9
199 9
200 10
201 10
202 10
203 10
204 10
205 10
206 10
207 10
208 10
209 10
210 10
211 10
212 10
213 10
214 10
215 10
216 10
217 10
218 10
219 10
220 11
221 11
222 11
223 11
224 11
225 11
226 11
227 11
228 11
229 11
230 11
231 11
232 11
233 11
234 11
235 11
236 11
237 11
238 11
239 11
240 12
241 12
242 12
243 12
244 12
245 12
246 12
247 12
248 12
249 12
250 12
251 12
252 12
253 12
254 12
255 12
256 12
257 12
258 12
259 12
260 13
261 13
262 13
263 13
264 13
265 13
266 13
267 13
268 13
269 13
270 13
271 13
272 13
273 13
274 13
275 13
276 13
277 13
278 13
279 13
280 14
281 14
282 14
283 14
284 14
285 14
286 14
287 14
288 14
289 14
290 14
291 14
292 14
293 14
294 14
295 14
296 14
297 14
298 14
299 14
300 15
301 15
302 15
303 15
304 15
305 15
306 15
307 15
308 15
309 15
310 15
311 15
312 15
313 15
314 15
315 15
316 15
317 15
318 15
319 15

2 0 0 0
2 1 0 0
3 0 0 0
3 1 0 0
4 3 0 0
4 1 0 0
5 4 0 0
5 3 0 0
6 3 0 0
6 0 0 0
7 2 0 0
7 4 0 0
8 7 0 0
8 1 0 0
9 6 0 0
9 5 0 0
10 5 0 0
10 3 0 0
11 2 0 0
11 7 0 0
12 2 0 0
12 11 0 0
13 9 0 0
13 10 0 0
14 8 0 0
14 13 0 0
15 8 0 0
15 3 0 0
16 5 0 0
16 1 0 0
17 5 0 0
17 10 0 0
18 10 0 0
18 13 0 0
19 12 0 0
19 1 0 0
0 11 0 0
0 15 0 0
1 10 0 0
1 11 0 0
22 21 1 1
22 20 1 1
23 20 1 1
23 21 1 1
24 22 1 1
24 20 1 1
25 20 1 1
25 22 1 1
26 21 1 1
26 23 1 1
27 25 1 1
27 20 1 1
28 22 1 1
28 25 1 1
29 26 1 1
29 22 1 1
30 23 1 1
30 24 1 1
31 21 1 1
31 23 1 1
32 24 1 1
32 29 1 1
33 31 1 1
33 22 1 1
34 25 1 1
34 30 1 1
35 26 1 1
35 30 1 1
36 35 1 1
36 24 1 1
37 34 1 1
37 32 1 1
38 33 1 1
38 35 1 1
39 29 1 1
39 23 1 1
20 36 1 1
20 31 1 1
21 35 1 1
21 37 1 1
42 41 2 2
42 40 2 2
43 41 2 2
43 40 2 2
44 40 2 2
44 41 2 2
45 41 2 2
45 42 2 2
46 41 2 2
46 42 2 2
47 42 2 2
47 44 2 2
48 43 2 2
48 46 2 2
49 47 2 2
49 44 2 2
50 49 2 2
50 43 2 2
51 50 2 2
51 40 2 2
52 41 2 2
52 40 2 2
53 41 2 2
53 48 2 2
54 40 2 2
54 44 2 2
55 50 2 2
55 42 2 2
56 40 2 2
56 51 2 2
57 55 2 2
57 40 2 2
58 41 2 2
58 56 2 2
59 51 2 2
59 58 2 2
40 58 2 2
40 45 2 2
41 54 2 2
41 51 2 2
62 61 3 3
62 60 3 3
63 62 3 3
63 60 3 3
64 61 3 3
64 60 3 3
65 60 3 3
65 61 3 3
66 60 3 3
66 64 3 3
67 61 3 3
67 65 3 3
68 61 3 3
68 62 3 3
69 64 3 3
69 65 3 3
70 60 3 3
70 63 3 3
71 70 3 3
71 67 3 3
72 68 3 3
72 62 3 3
73 61 3 3
73 70 3 3
74 70 3 3
74 61 3 3
75 64 3 3
75 62 3 3
76 68 3 3
76 73 3 3
77 76 3 3
77 64 3 3
78 72 3 3
78 63 3 3
79 76 3 3
79 67 3 3
60 77 3 3
60 72 3 3
61 70 3 3
61 78 3 3
82 81 4 4
82 80 4 4
83 81 4 4
83 80 4 4
84 82 4 4
84 81 4 4
85 84 4 4
85 83 4 4
86 82 4 4
86 84 4 4
87 83 4 4
87 80 4 4
88 81 4 4
88 85 4 4
89 88 4 4
89 83 4 4
90 89 4 4
90 82 4 4
91 84 4 4
91 86 4 4
92 88 4 4
92 83 4 4
93 82 4 4
93 88 4 4
94 82 4 4
94 83 4 4
95 93 4 4
95 89 4 4
96 86 4 4
96 93 4 4
97 93 4 4
97 88 4 4
98 97 4 4
98 85 4 4
99 82 4 4
99 98 4 4
80 98 4 4
80 97 4 4
81 92 4 4
81 90 4 4
102 101 5 5
102 100 5 5
103 100 5 5
103 101 5 5
104 103 5 5
104 102 5 5
105 103 5 5
105 102 5 5
106 100 5 5
106 104 5 5
107 105 5 5
107 106 5 5
108 100 5 5
108 106 5 5
109 108 5 5
109 107 5 5
110 107 5 5
110 101 5 5
111 105 5 5
111 100 5 5
112 106 5 5
112 108 5 5
113 109 5 5
113 110 5 5
114 110 5 5
114 107 5 5
115 101 5 5
115 113 5 5
116 100 5 5
116 112 5 5
117 112 5 5
117 108 5 5
118 104 5 5
118 105 5 5
119 108 5 5
119 110 5 5
100 112 5 5
100 113 5 5
101 119 5 5
101 113 5 5
122 120 6 6
122 121 6 6
123 122 6 6
123 121 6 6
124 120 6 6
124 122 6 6
125 123 6 6
125 122 6 6
126 123 6 6
126 124 6 6
127 126 6 6
127 121 6 6
128 121 6 6
128 127 6 6
129 120 6 6
129 122 6 6
130 129 6 6
130 128 6 6
131 127 6 6
131 123 6 6
132 124 6 6
132 130 6 6
133 125 6 6
133 128 6 6
134 128 6 6
134 127 6 6
135 134 6 6
135 121 6 6
136 122 6 6
136 132 6 6
137 120 6 6
137 132 6 6
138 122 6 6
138 124 6 6
139 121 6 6
139 128 6 6
120 138 6 6
120 135 6 6
121 134 6 6
121 138 6 6
142 140 7 7
142 141 7 7
143 142 7 7
143 141 7 7
144 142 7 7
144 140 7 7
145 143 7 7
145 140 7 7
146 140 7 7
146 145 7 7
147 143 7 7
147 145 7 7
148 141 7 7
148 145 7 7
149 143 7 7
149 148 7 7
150 144 7 7
150 149 7 7
151 149 7 7
151 143 7 7
152 141 7 7
152 148 7 7
153 151 7 7
153 146 7 7
154 145 7 7
154 140 7 7
155 143 7 7
155 148 7 7
156 140 7 7
156 144 7 7
157 152 7 7
157 150 7 7
158 150 7 7
158 154 7 7
159 151 7 7
159 155 7 7
140 151 7 7
140 149 7 7
141 157 7 7
141 156 7 7
162 161 8 8
162 160 8 8
163 161 8 8
163 160 8 8
164 160 8 8
164 163 8 8
165 162 8 8
165 160 8 8
166 165 8 8
166 162 8 8
167 165 8 8
167 163 8 8
168 166 8 8
168 160 8 8
169 162 8 8
169 163 8 8
170 166 8 8
170 168 8 8
171 163 8 8
171 167 8 8
172 167 8 8
172 165 8 8
173 166 8 8
173 164 8 8
174 173 8 8
174 163 8 8
175 162 8 8
175 163 8 8
176 163 8 8
176 160 8 8
177 173 8 8
177 162 8 8
178 173 8 8
178 168 8 8
179 164 8 8
179 176 8 8
160 173 8 8
160 179 8 8
161 169 8 8
161 165 8 8
182 180 9 9
182 181 9 9
183 181 9 9
183 182 9 9
184 182 9 9
184 181 9 9
185 183 9 9
185 182 9 9
186 182 9 9
186 180 9 9
187 182 9 9
187 186 9 9
188 181 9 9
188 184 9 9
189 185 9 9
189 183 9 9
190 184 9 9
190 188 9 9
191 183 9 9
191 184 9 9
192 183 9 9
192 190 9 9
193 180 9 9
193 190 9 9
194 181 9 9
194 180 9 9
195 183 9 9
195 193 9 9
196 191 9 9
196 187 9 9
197 193 9 9
197 181 9 9
198 181 9 9
198 197 9 9
199 183 9 9
199 181 9 9
180 196 9 9
180 191 9 9
181 192 9 9
181 190 9 9
202 200 10 10
202 201 10 10
203 202 10 10
203 201 10 10
204 202 10 10
204 201 10 10
205 204 10 10
205 200 10 10
206 202 10 10
206 205 10 10
207 202 10 10
207 203 10 10
208 206 10 10
208 202 10 10
209 208 10 10
209 201 10 10
210 201 10 10
210 204 10 10
211 201 10 10
211 202 10 10
212 201 10 10
212 211 10 10
213 208 10 10
213 203 10 10
214 211 10 10
214 203 10 10
215 213 10 10
215 206 10 10
216 202 10 10
216 212 10 10
217 211 10 10
217 209 10 10
218 211 10 10
218 216 10 10
219 203 10 10
219 201 10 10
200 218 10 10
200 214 10 10
201 216 10 10
201 208 10 10
222 220 11 11
222 221 11 11
223 221 11 11
223 222 11 11
224 220 11 11
224 223 11 11
225 224 11 11
225 222 11 11
226 224 11 11
226 220 11 11
227 222 11 11
227 221 11 11
228 221 11 11
228 220 11 11
229 221 11 11
229 225 11 11
230 226 11 11
230 225 11 11
231 226 11 11
231 229 11 11
232 231 11 11
232 221 11 11
233 222 11 11
233 229 11 11
234 233 11 11
234 220 11 11
235 223 11 11
235 225 11 11
236 234 11 11
236 235 11 11
237 227 11 11
237 229 11 11
238 230 11 11
238 223 11 11
239 233 11 11
239 234 11 11
220 227 11 11
220 239 11 11
221 233 11 11
221 235 11 11
242 240 12 12
242 241 12 12
243 242 12 12
243 240 12 12
244 243 12 12
244 241 12 12
245 243 12 12
245 244 12 12
246 241 12 12
246 240 12 12
247 242 12 12
247 240 12 12
248 241 12 12
248 240 12 12
249 240 12 12
249 242 12 12
250 244 12 12
250 241 12 12
251 246 12 12
251 248 12 12
252 246 12 12
252 241 12 12
253 248 12 12
253 244 12 12
254 242 12 12
254 252 12 12
255 241 12 12
255 244 12 12
256 251 12 12
256 250 12 12
257 255 12 12
257 256 12 12
258 254 12 12
258 255 12 12
259 244 12 12
259 248 12 12
240 258 12 12
240 244 12 12
241 257 12 12
241 256 12 12
262 261 13 13
262 260 13 13
263 261 13 13
263 262 13 13
264 262 13 13
264 261 13 13
265 261 13 13
265 260 13 13
266 263 13 13
266 262 13 13
267 265 13 13
267 263 13 13
268 263 13 13
268 262 13 13
269 260 13 13
269 267 13 13
270 263 13 13
270 268 13 13
271 264 13 13
271 265 13 13
272 261 13 13
272 265 13 13
273 263 13 13
273 265 13 13
274 264 13 13
274 267 13 13
275 268 13 13
275 271 13 13
276 265 13 13
276 275 13 13
277 270 13 13
277 273 13 13
278 277 13 13
278 271 13 13
279 276 13 13
279 260 13 13
260 270 13 13
260 267 13 13
261 275 13 13
261 266 13 13
282 281 14 14
282 280 14 14
283 281 14 14
283 282 14 14
284 282 14 14
284 281 14 14
285 283 14 14
285 282 14 14
286 282 14 14
286 283 14 14
287 283 14 14
287 281 14 14
288 285 14 14
288 286 14 14
289 285 14 14
289 283 14 14
290 288 14 14
290 287 14 14
291 283 14 14
291 281 14 14
292 282 14 14
292 281 14 14
293 289 14 14
293 283 14 14
294 292 14 14
294 293 14 14
295 283 14 14
295 290 14 14
296 291 14 14
296 293 14 14
297 294 14 14
297 292 14 14
298 296 14 14
298 283 14 14
299 284 14 14
299 289 14 14
280 293 14 14
280 296 14 14
281 298 14 14
281 289 14 14
302 300 15 15
302 301 15 15
303 300 15 15
303 302 15 15
304 302 15 15
304 303 15 15
305 300 15 15
305 301 15 15
306 303 15 15
306 301 15 15
307 303 15 15
307 304 15 15
308 302 15 15
308 303 15 15
309 304 15 15
309 308 15 15
310 307 15 15
310 301 15 15
311 310 15 15
311 307 15 15
312 307 15 15
312 310 15 15
313 300 15 15
313 309 15 15
314 303 15 15
314 307 15 15
315 306 15 15
315 305 15 15
316 303 15 15
316 300 15 15
317 307 15 15
317 301 15 15
318 304 15 15
318 316 15 15
319 314 15 15
319 316 15 15
300 318 15 15
300 311 15 15
301 319 15 15
301 312 15 15
50 28 2 1
49 5 2 0
69 58 3 2
61 5 3 0
87 79 4 3
97 4 4 0
111 41 5 2
118 21 5 1
130 108 6 5
129 87 6 4
151 6 7 0
152 77 7 3
166 43 8 2
168 24 8 1
193 170 9 8
190 2 9 0
210 57 10 2
210 130 10 6
235 81 11 4
222 164 11 8
255 214 12 10
244 95 12 4
275 177 13 8
279 131 13 6
292 158 14 7
298 130 14 6
306 152 15 7
301 6 15 0
3 168 0 8
0 294 0 14
34 74 1 3
21 98 1 4
