swNum = 320
edgeNum = 672

0 0
1 0
2 0
3 0
4 0
5 0
6 0
7 0
8 0
9 0
10 0
11 0
12 0
13 0
14 0
15 0
16 0
17 0
18 0
19 0
20 1
21 1
22 1
23 1
24 1
25 1
26 1
27 1
28 1
29 1
30 1
31 1
32 1
33 1
34 1
35 1
36 1
37 1
38 1
39 1
40 2
41 2
42 2
43 2
44 2
45 2
46 2
47 2
48 2
49 2
50 2
51 2
52 2
53 2
54 2
55 2
56 2
57 2
58 2
59 2
60 3
61 3
62 3
63 3
64 3
65 3
66 3
67 3
68 3
69 3
70 3
71 3
72 3
73 3
74 3
75 3
76 3
77 3
78 3
79 3
80 4
81 4
82 4
83 4
84 4
85 4
86 4
87 4
88 4
89 4
90 4
91 4
92 4
93 4
94 4
95 4
96 4
97 4
98 4
99 4
100 5
101 5
102 5
103 5
104 5
105 5
106 5
107 5
108 5
109 5
110 5
111 5
112 5
113 5
114 5
115 5
116 5
117 5
118 5
119 5
120 6
121 6
122 6
123 6
124 6
125 6
126 6
127 6
128 6
129 6
130 6
131 6
132 6
133 6
134 6
135 6
136 6
137 6
138 6
139 6
140 7
141 7
142 7
143 7
144 7
145 7
146 7
147 7
148 7
149 7
150 7
151 7
152 7
153 7
154 7
155 7
156 7
157 7
158 7
159 7
160 8
161 8
162 8
163 8
164 8
165 8
166 8
167 8
168 8
169 8
170 8
171 8
172 8
173 8
174 8
175 8
176 8
177 8
178 8
179 8
180 9
181 9
182 9
183 9
184 9
185 9
186 9
187 9
188 9
189 9
190 9
191 9
192 9
193 9
194 9
195 9
196 9
197 9
198 9
199 9
200 10
201 10
202 10
203 10
204 10
205 10
206 10
207 10
208 10
209 10
210 10
211 10
212 10
213 10
214 10
215 10
216 10
217 10
218 10
219 10
220 11
221 11
222 11
223 11
224 11
225 11
226 11
227 11
228 11
229 11
230 11
231 11
232 11
233 11
234 11
235 11
236 11
237 11
238 11
239 11
240 12
241 12
242 12
243 12
244 12
245 12
246 12
247 12
248 12
249 12
250 12
251 12
252 12
253 12
254 12
255 12
256 12
257 12
258 12
259 12
260 13
261 13
262 13
263 13
264 13
265 13
266 13
267 13
268 13
269 13
270 13
271 13
272 13
273 13
274 13
275 13
276 13
277 13
278 13
279 13
280 14
281 14
282 14
283 14
284 14
285 14
286 14
287 14
288 14
289 14
290 14
291 14
292 14
293 14
294 14
295 14
296 14
297 14
298 14
299 14
300 15
301 15
302 15
303 15
304 15
305 15
306 15
307 15
308 15
309 15
310 15
311 15
312 15
313 15
314 15
315 15
316 15
317 15
318 15
319 15

2 1 0 0
2 0 0 0
3 0 0 0
3 1 0 0
4 3 0 0
4 1 0 0
5 3 0 0
5 1 0 0
6 4 0 0
6 0 0 0
7 3 0 0
7 1 0 0
8 3 0 0
8 5 0 0
9 4 0 0
9 3 0 0
10 2 0 0
10 0 0 0
11 8 0 0
11 9 0 0
12 5 0 0
12 4 0 0
13 9 0 0
13 8 0 0
14 8 0 0
14 4 0 0
15 9 0 0
15 7 0 0
16 1 0 0
16 11 0 0
17 13 0 0
17 15 0 0
18 8 0 0
18 11 0 0
19 0 0 0
19 16 0 0
0 5 0 0
0 4 0 0
1 17 0 0
1 9 0 0
22 20 1 1
22 21 1 1
23 20 1 1
23 22 1 1
24 23 1 1
24 21 1 1
25 23 1 1
25 22 1 1
26 22 1 1
26 25 1 1
27 25 1 1
27 23 1 1
28 23 1 1
28 25 1 1
29 22 1 1
29 20 1 1
30 23 1 1
30 25 1 1
31 25 1 1
31 29 1 1
32 30 1 1
32 31 1 1
33 28 1 1
33 22 1 1
34 23 1 1
34 26 1 1
35 29 1 1
35 22 1 1
36 20 1 1
36 21 1 1
37 32 1 1
37 33 1 1
38 20 1 1
38 24 1 1
39 28 1 1
39 24 1 1
20 34 1 1
20 39 1 1
21 29 1 1
21 38 1 1
42 41 2 2
42 40 2 2
43 41 2 2
43 42 2 2
44 41 2 2
44 42 2 2
45 41 2 2
45 43 2 2
46 41 2 2
46 40 2 2
47 45 2 2
47 40 2 2
48 46 2 2
48 40 2 2
49 42 2 2
49 48 2 2
50 40 2 2
50 45 2 2
51 40 2 2
51 45 2 2
52 49 2 2
52 40 2 2
53 43 2 2
53 40 2 2
54 43 2 2
54 47 2 2
55 49 2 2
55 47 2 2
56 52 2 2
56 53 2 2
57 42 2 2
57 50 2 2
58 57 2 2
58 51 2 2
59 40 2 2
59 52 2 2
40 55 2 2
40 49 2 2
41 50 2 2
41 54 2 2
62 60 3 3
62 61 3 3
63 62 3 3
63 61 3 3
64 61 3 3
64 60 3 3
65 62 3 3
65 64 3 3
66 62 3 3
66 64 3 3
67 61 3 3
67 60 3 3
68 66 3 3
68 62 3 3
69 64 3 3
69 63 3 3
70 65 3 3
70 66 3 3
71 66 3 3
71 65 3 3
72 62 3 3
72 66 3 3
73 62 3 3
73 65 3 3
74 64 3 3
74 65 3 3
75 69 3 3
75 71 3 3
76 69 3 3
76 66 3 3
77 63 3 3
77 74 3 3
78 70 3 3
78 71 3 3
79 75 3 3
79 71 3 3
60 70 3 3
60 72 3 3
61 78 3 3
61 71 3 3
82 80 4 4
82 81 4 4
83 82 4 4
83 80 4 4
84 83 4 4
84 81 4 4
85 81 4 4
85 83 4 4
86 84 4 4
86 82 4 4
87 81 4 4
87 84 4 4
88 82 4 4
88 85 4 4
89 83 4 4
89 84 4 4
90 85 4 4
90 84 4 4
91 90 4 4
91 82 4 4
92 80 4 4
92 90 4 4
93 92 4 4
93 82 4 4
94 88 4 4
94 82 4 4
95 93 4 4
95 85 4 4
96 80 4 4
96 88 4 4
97 88 4 4
97 86 4 4
98 93 4 4
98 87 4 4
99 98 4 4
99 94 4 4
80 85 4 4
80 90 4 4
81 83 4 4
81 89 4 4
102 100 5 5
102 101 5 5
103 101 5 5
103 102 5 5
104 102 5 5
104 101 5 5
105 103 5 5
105 102 5 5
106 105 5 5
106 102 5 5
107 100 5 5
107 102 5 5
108 101 5 5
108 103 5 5
109 106 5 5
109 108 5 5
110 107 5 5
110 101 5 5
111 106 5 5
111 103 5 5
112 100 5 5
112 111 5 5
113 111 5 5
113 107 5 5
114 111 5 5
114 112 5 5
115 100 5 5
115 109 5 5
116 113 5 5
116 112 5 5
117 112 5 5
117 114 5 5
118 105 5 5
118 108 5 5
119 103 5 5
119 118 5 5
100 114 5 5
100 119 5 5
101 105 5 5
101 106 5 5
122 120 6 6
122 121 6 6
123 122 6 6
123 121 6 6
124 120 6 6
124 121 6 6
125 123 6 6
125 121 6 6
126 123 6 6
126 120 6 6
127 120 6 6
127 124 6 6
128 121 6 6
128 120 6 6
129 123 6 6
129 121 6 6
130 123 6 6
130 129 6 6
131 129 6 6
131 128 6 6
132 126 6 6
132 128 6 6
133 128 6 6
133 122 6 6
134 133 6 6
134 132 6 6
135 125 6 6
135 124 6 6
136 128 6 6
136 133 6 6
137 124 6 6
137 135 6 6
138 121 6 6
138 120 6 6
139 126 6 6
139 131 6 6
120 139 6 6
120 134 6 6
121 126 6 6
121 130 6 6
142 141 7 7
142 140 7 7
143 140 7 7
143 142 7 7
144 140 7 7
144 142 7 7
145 142 7 7
145 140 7 7
146 144 7 7
146 143 7 7
147 140 7 7
147 145 7 7
148 143 7 7
148 144 7 7
149 140 7 7
149 142 7 7
150 141 7 7
150 145 7 7
151 140 7 7
151 146 7 7
152 150 7 7
152 151 7 7
153 147 7 7
153 142 7 7
154 149 7 7
154 144 7 7
155 146 7 7
155 154 7 7
156 148 7 7
156 140 7 7
157 150 7 7
157 155 7 7
158 149 7 7
158 145 7 7
159 152 7 7
159 147 7 7
140 155 7 7
140 146 7 7
141 158 7 7
141 143 7 7
162 160 8 8
162 161 8 8
163 162 8 8
163 160 8 8
164 161 8 8
164 162 8 8
165 161 8 8
165 162 8 8
166 160 8 8
166 163 8 8
167 160 8 8
167 166 8 8
168 164 8 8
168 162 8 8
169 161 8 8
169 168 8 8
170 160 8 8
170 164 8 8
171 162 8 8
171 164 8 8
172 170 8 8
172 169 8 8
173 170 8 8
173 161 8 8
174 172 8 8
174 164 8 8
175 171 8 8
175 174 8 8
176 161 8 8
176 165 8 8
177 170 8 8
177 168 8 8
178 170 8 8
178 174 8 8
179 162 8 8
179 175 8 8
160 171 8 8
160 175 8 8
161 172 8 8
161 177 8 8
182 181 9 9
182 180 9 9
183 182 9 9
183 181 9 9
184 181 9 9
184 183 9 9
185 184 9 9
185 181 9 9
186 182 9 9
186 183 9 9
187 184 9 9
187 182 9 9
188 180 9 9
188 183 9 9
189 187 9 9
189 183 9 9
190 183 9 9
190 187 9 9
191 188 9 9
191 189 9 9
192 187 9 9
192 189 9 9
193 186 9 9
193 192 9 9
194 189 9 9
194 184 9 9
195 187 9 9
195 184 9 9
196 195 9 9
196 188 9 9
197 186 9 9
197 181 9 9
198 180 9 9
198 194 9 9
199 185 9 9
199 181 9 9
180 199 9 9
180 192 9 9
181 190 9 9
181 186 9 9
202 201 10 10
202 200 10 10
203 200 10 10
203 202 10 10
204 200 10 10
204 201 10 10
205 203 10 10
205 202 10 10
206 202 10 10
206 204 10 10
207 200 10 10
207 204 10 10
208 207 10 10
208 202 10 10
209 200 10 10
209 203 10 10
210 204 10 10
210 208 10 10
211 200 10 10
211 206 10 10
212 203 10 10
212 207 10 10
213 209 10 10
213 211 10 10
214 212 10 10
214 206 10 10
215 205 10 10
215 201 10 10
216 211 10 10
216 212 10 10
217 208 10 10
217 214 10 10
218 214 10 10
218 201 10 10
219 214 10 10
219 211 10 10
200 212 10 10
200 210 10 10
201 208 10 10
201 203 10 10
222 221 11 11
222 220 11 11
223 220 11 11
223 221 11 11
224 223 11 11
224 221 11 11
225 221 11 11
225 223 11 11
226 220 11 11
226 223 11 11
227 225 11 11
227 222 11 11
228 226 11 11
228 221 11 11
229 220 11 11
229 222 11 11
230 220 11 11
230 224 11 11
231 227 11 11
231 225 11 11
232 220 11 11
232 230 11 11
233 226 11 11
233 224 11 11
234 224 11 11
234 230 11 11
235 225 11 11
235 233 11 11
236 233 11 11
236 224 11 11
237 235 11 11
237 232 11 11
238 230 11 11
238 237 11 11
239 225 11 11
239 235 11 11
220 233 11 11
220 228 11 11
221 227 11 11
221 238 11 11
242 240 12 12
242 241 12 12
243 241 12 12
243 242 12 12
244 243 12 12
244 242 12 12
245 243 12 12
245 244 12 12
246 240 12 12
246 241 12 12
247 241 12 12
247 246 12 12
248 247 12 12
248 244 12 12
249 242 12 12
249 243 12 12
250 242 12 12
250 249 12 12
251 245 12 12
251 243 12 12
252 248 12 12
252 240 12 12
253 250 12 12
253 252 12 12
254 246 12 12
254 241 12 12
255 242 12 12
255 250 12 12
256 246 12 12
256 245 12 12
257 254 12 12
257 247 12 12
258 250 12 12
258 255 12 12
259 243 12 12
259 252 12 12
240 256 12 12
240 257 12 12
241 256 12 12
241 257 12 12
262 261 13 13
262 260 13 13
263 262 13 13
263 260 13 13
264 260 13 13
264 261 13 13
265 264 13 13
265 260 13 13
266 261 13 13
266 262 13 13
267 263 13 13
267 260 13 13
268 261 13 13
268 267 13 13
269 266 13 13
269 267 13 13
270 262 13 13
270 260 13 13
271 270 13 13
271 260 13 13
272 261 13 13
272 271 13 13
273 261 13 13
273 264 13 13
274 271 13 13
274 261 13 13
275 271 13 13
275 260 13 13
276 265 13 13
276 269 13 13
277 268 13 13
277 271 13 13
278 268 13 13
278 273 13 13
279 271 13 13
279 270 13 13
260 269 13 13
260 276 13 13
261 267 13 13
261 276 13 13
282 281 14 14
282 280 14 14
283 281 14 14
283 280 14 14
284 282 14 14
284 283 14 14
285 284 14 14
285 283 14 14
286 281 14 14
286 280 14 14
287 281 14 14
287 282 14 14
288 281 14 14
288 280 14 14
289 280 14 14
289 286 14 14
290 282 14 14
290 287 14 14
291 282 14 14
291 284 14 14
292 288 14 14
292 289 14 14
293 288 14 14
293 282 14 14
294 290 14 14
294 291 14 14
295 293 14 14
295 284 14 14
296 294 14 14
296 290 14 14
297 285 14 14
297 295 14 14
298 296 14 14
298 282 14 14
299 298 14 14
299 287 14 14
280 296 14 14
280 290 14 14
281 284 14 14
281 293 14 14
302 300 15 15
302 301 15 15
303 301 15 15
303 300 15 15
304 302 15 15
304 300 15 15
305 304 15 15
305 301 15 15
306 302 15 15
306 305 15 15
307 305 15 15
307 300 15 15
308 300 15 15
308 307 15 15
309 303 15 15
309 306 15 15
310 303 15 15
310 305 15 15
311 304 15 15
311 300 15 15
312 300 15 15
312 302 15 15
313 309 15 15
313 312 15 15
314 308 15 15
314 302 15 15
315 313 15 15
315 308 15 15
316 309 15 15
316 305 15 15
317 303 15 15
317 302 15 15
318 314 15 15
318 306 15 15
319 313 15 15
319 311 15 15
300 306 15 15
300 318 15 15
301 317 15 15
301 308 15 15
44 11 2 0
57 20 2 1
62 47 3 2
63 10 3 0
80 46 4 2
87 31 4 1
101 89 5 4
108 35 5 1
122 6 6 0
136 59 6 2
155 34 7 1
155 15 7 0
177 78 8 3
172 116 8 5
193 49 9 2
192 89 9 4
206 176 10 8
209 101 10 5
221 112 11 5
229 48 11 2
249 138 12 6
245 28 12 1
263 165 13 8
266 220 13 11
282 234 14 11
297 41 14 2
303 81 15 4
310 182 15 9
14 98 0 4
15 318 0 15
38 315 1 15
22 137 1 6
