swNum = 320
edgeNum = 672

0 0
1 0
2 0
3 0
4 0
5 0
6 0
7 0
8 0
9 0
10 0
11 0
12 0
13 0
14 0
15 0
16 0
17 0
18 0
19 0
20 1
21 1
22 1
23 1
24 1
25 1
26 1
27 1
28 1
29 1
30 1
31 1
32 1
33 1
34 1
35 1
36 1
37 1
38 1
39 1
40 2
41 2
42 2
43 2
44 2
45 2
46 2
47 2
48 2
49 2
50 2
51 2
52 2
53 2
54 2
55 2
56 2
57 2
58 2
59 2
60 3
61 3
62 3
63 3
64 3
65 3
66 3
67 3
68 3
69 3
70 3
71 3
72 3
73 3
74 3
75 3
76 3
77 3
78 3
79 3
80 4
81 4
82 4
83 4
84 4
85 4
86 4
87 4
88 4
89 4
90 4
91 4
92 4
93 4
94 4
95 4
96 4
97 4
98 4
99 4
100 5
101 5
102 5
103 5
104 5
105 5
106 5
107 5
108 5
109 5
110 5
111 5
112 5
113 5
114 5
115 5
116 5
117 5
118 5
119 5
120 6
121 6
122 6
123 6
124 6
125 6
126 6
127 6
128 6
129 6
130 6
131 6
132 6
133 6
134 6
135 6
136 6
137 6
138 6
139 6
140 7
141 7
142 7
143 7
144 7
145 7
146 7
147 7
148 7
149 7
150 7
151 7
152 7
153 7
154 7
155 7
156 7
157 7
158 7
159 7
160 8
161 8
162 8
163 8
164 8
165 8
166 8
167 8
168 8
169 8
170 8
171 8
172 8
173 8
174 8
175 8
176 8
177 8
178 8
179 8
180 9
181 9
182 9
183 9
184 9
185 9
186 9
187 9
188 9
189 9
190 9
191 9
192 9
193 9
194 9
195 9
196 9
197 9
198 9
199 9
200 10
201 10
202 10
203 10
204 10
205 10
206 10
207 10
208 10
209 10
210 10
211 10
212 10
213 10
214 10
215 10
216 10
217 10
218 10
219 10
220 11
221 11
222 11
223 11
224 11
225 11
226 11
227 11
228 11
229 11
230 11
231 11
232 11
233 11
234 11
235 11
236 11
237 11
238 11
239 11
240 12
241 12
242 12
243 12
244 12
245 12
246 12
247 12
248 12
249 12
250 12
251 12
252 12
253 12
254 12
255 12
256 12
257 12
258 12
259 12
260 13
261 13
262 13
263 13
264 13
265 13
266 13
267 13
268 13
269 13
270 13
271 13
272 13
273 13
274 13
275 13
276 13
277 13
278 13
279 13
280 14
281 14
282 14
283 14
284 14
285 14
286 14
287 14
288 14
289 14
290 14
291 14
292 14
293 14
294 14
295 14
296 14
297 14
298 14
299 14
300 15
301 15
302 15
303 15
304 15
305 15
306 15
307 15
308 15
309 15
310 15
311 15
312 15
313 15
314 15
315 15
316 15
317 15
318 15
319 15

2 0 0 0
2 1 0 0
3 0 0 0
3 2 0 0
4 0 0 0
4 3 0 0
5 1 0 0
5 4 0 0
6 4 0 0
6 2 0 0
7 0 0 0
7 5 0 0
8 4 0 0
8 6 0 0
9 8 0 0
9 4 0 0
10 9 0 0
10 8 0 0
11 6 0 0
11 9 0 0
12 1 0 0
12 4 0 0
13 3 0 0
13 12 0 0
14 11 0 0
14 12 0 0
15 4 0 0
15 3 0 0
16 6 0 0
16 13 0 0
17 10 0 0
17 0 0 0
18 7 0 0
18 0 0 0
19 9 0 0
19 7 0 0
0 11 0 0
0 14 0 0
1 6 0 0
1 13 0 0
22 21 1 1
22 20 1 1
23 20 1 1
23 22 1 1
24 23 1 1
24 22 1 1
25 20 1 1
25 22 1 1
26 21 1 1
26 25 1 1
27 24 1 1
27 25 1 1
28 26 1 1
28 22 1 1
29 21 1 1
29 25 1 1
30 24 1 1
30 27 1 1
31 30 1 1
31 24 1 1
32 24 1 1
32 29 1 1
33 28 1 1
33 22 1 1
34 26 1 1
34 25 1 1
35 24 1 1
35 30 1 1
36 33 1 1
36 32 1 1
37 31 1 1
37 30 1 1
38 27 1 1
38 20 1 1
39 35 1 1
39 31 1 1
20 26 1 1
20 36 1 1
21 38 1 1
21 35 1 1
42 40 2 2
42 41 2 2
43 40 2 2
43 41 2 2
44 40 2 2
44 42 2 2
45 40 2 2
45 44 2 2
46 44 2 2
46 42 2 2
47 41 2 2
47 40 2 2
48 45 2 2
48 43 2 2
49 48 2 2
49 44 2 2
50 46 2 2
50 41 2 2
51 48 2 2
51 41 2 2
52 46 2 2
52 42 2 2
53 43 2 2
53 40 2 2
54 53 2 2
54 43 2 2
55 53 2 2
55 46 2 2
56 55 2 2
56 40 2 2
57 50 2 2
57 41 2 2
58 48 2 2
58 43 2 2
59 51 2 2
59 55 2 2
40 58 2 2
40 46 2 2
41 44 2 2
41 58 2 2
62 61 3 3
62 60 3 3
63 61 3 3
63 62 3 3
64 61 3 3
64 63 3 3
65 62 3 3
65 61 3 3
66 61 3 3
66 65 3 3
67 62 3 3
67 63 3 3
68 60 3 3
68 62 3 3
69 60 3 3
69 68 3 3
70 60 3 3
70 68 3 3
71 67 3 3
71 62 3 3
72 61 3 3
72 65 3 3
73 72 3 3
73 64 3 3
74 63 3 3
74 73 3 3
75 62 3 3
75 63 3 3
76 68 3 3
76 75 3 3
77 68 3 3
77 62 3 3
78 73 3 3
78 69 3 3
79 76 3 3
79 70 3 3
60 77 3 3
60 64 3 3
61 73 3 3
61 74 3 3
82 81 4 4
82 80 4 4
83 80 4 4
83 81 4 4
84 83 4 4
84 81 4 4
85 82 4 4
85 83 4 4
86 81 4 4
86 83 4 4
87 81 4 4
87 85 4 4
88 80 4 4
88 83 4 4
89 84 4 4
89 86 4 4
90 87 4 4
90 81 4 4
91 81 4 4
91 88 4 4
92 90 4 4
92 88 4 4
93 85 4 4
93 91 4 4
94 85 4 4
94 83 4 4
95 82 4 4
95 81 4 4
96 92 4 4
96 91 4 4
97 89 4 4
97 86 4 4
98 94 4 4
98 82 4 4
99 93 4 4
99 98 4 4
80 84 4 4
80 96 4 4
81 96 4 4
81 92 4 4
102 100 5 5
102 101 5 5
103 100 5 5
103 101 5 5
104 100 5 5
104 103 5 5
105 104 5 5
105 102 5 5
106 101 5 5
106 105 5 5
107 102 5 5
107 104 5 5
108 105 5 5
108 102 5 5
109 101 5 5
109 100 5 5
110 108 5 5
110 107 5 5
111 105 5 5
111 106 5 5
112 110 5 5
112 102 5 5
113 101 5 5
113 109 5 5
114 105 5 5
114 106 5 5
115 106 5 5
115 104 5 5
116 108 5 5
116 114 5 5
117 109 5 5
117 104 5 5
118 115 5 5
118 112 5 5
119 110 5 5
119 118 5 5
100 114 5 5
100 119 5 5
101 112 5 5
101 119 5 5
122 120 6 6
122 121 6 6
123 121 6 6
123 122 6 6
124 123 6 6
124 120 6 6
125 121 6 6
125 122 6 6
126 124 6 6
126 125 6 6
127 126 6 6
127 125 6 6
128 122 6 6
128 127 6 6
129 122 6 6
129 127 6 6
130 129 6 6
130 126 6 6
131 129 6 6
131 124 6 6
132 125 6 6
132 129 6 6
133 125 6 6
133 120 6 6
134 133 6 6
134 121 6 6
135 134 6 6
135 121 6 6
136 121 6 6
136 132 6 6
137 125 6 6
137 122 6 6
138 123 6 6
138 121 6 6
139 130 6 6
139 135 6 6
120 135 6 6
120 129 6 6
121 126 6 6
121 133 6 6
142 141 7 7
142 140 7 7
143 141 7 7
143 140 7 7
144 142 7 7
144 141 7 7
145 140 7 7
145 142 7 7
146 144 7 7
146 141 7 7
147 144 7 7
147 146 7 7
148 144 7 7
148 145 7 7
149 140 7 7
149 141 7 7
150 142 7 7
150 147 7 7
151 146 7 7
151 147 7 7
152 149 7 7
152 144 7 7
153 148 7 7
153 141 7 7
154 152 7 7
154 146 7 7
155 154 7 7
155 149 7 7
156 140 7 7
156 147 7 7
157 150 7 7
157 154 7 7
158 149 7 7
158 146 7 7
159 158 7 7
159 157 7 7
140 158 7 7
140 148 7 7
141 147 7 7
141 150 7 7
162 160 8 8
162 161 8 8
163 160 8 8
163 162 8 8
164 162 8 8
164 160 8 8
165 163 8 8
165 162 8 8
166 162 8 8
166 160 8 8
167 166 8 8
167 162 8 8
168 160 8 8
168 161 8 8
169 161 8 8
169 160 8 8
170 161 8 8
170 168 8 8
171 166 8 8
171 162 8 8
172 167 8 8
172 162 8 8
173 170 8 8
173 171 8 8
174 172 8 8
174 168 8 8
175 161 8 8
175 174 8 8
176 166 8 8
176 163 8 8
177 168 8 8
177 172 8 8
178 172 8 8
178 173 8 8
179 167 8 8
179 172 8 8
160 177 8 8
160 170 8 8
161 178 8 8
161 173 8 8
182 180 9 9
182 181 9 9
183 181 9 9
183 182 9 9
184 183 9 9
184 182 9 9
185 182 9 9
185 183 9 9
186 181 9 9
186 183 9 9
187 181 9 9
187 186 9 9
188 187 9 9
188 183 9 9
189 182 9 9
189 184 9 9
190 183 9 9
190 188 9 9
191 185 9 9
191 182 9 9
192 184 9 9
192 181 9 9
193 185 9 9
193 191 9 9
194 188 9 9
194 185 9 9
195 194 9 9
195 190 9 9
196 193 9 9
196 195 9 9
197 188 9 9
197 190 9 9
198 188 9 9
198 183 9 9
199 186 9 9
199 190 9 9
180 199 9 9
180 193 9 9
181 191 9 9
181 189 9 9
202 201 10 10
202 200 10 10
203 201 10 10
203 200 10 10
204 200 10 10
204 202 10 10
205 202 10 10
205 201 10 10
206 205 10 10
206 200 10 10
207 203 10 10
207 205 10 10
208 200 10 10
208 204 10 10
209 200 10 10
209 204 10 10
210 206 10 10
210 201 10 10
211 209 10 10
211 205 10 10
212 202 10 10
212 211 10 10
213 211 10 10
213 205 10 10
214 201 10 10
214 200 10 10
215 203 10 10
215 207 10 10
216 212 10 10
216 214 10 10
217 215 10 10
217 214 10 10
218 209 10 10
218 211 10 10
219 218 10 10
219 214 10 10
200 218 10 10
200 210 10 10
201 212 10 10
201 216 10 10
222 220 11 11
222 221 11 11
223 222 11 11
223 221 11 11
224 220 11 11
224 223 11 11
225 223 11 11
225 224 11 11
226 221 11 11
226 222 11 11
227 221 11 11
227 223 11 11
228 227 11 11
228 220 11 11
229 221 11 11
229 222 11 11
230 226 11 11
230 221 11 11
231 222 11 11
231 220 11 11
232 223 11 11
232 220 11 11
233 227 11 11
233 221 11 11
234 228 11 11
234 226 11 11
235 223 11 11
235 224 11 11
236 221 11 11
236 224 11 11
237 225 11 11
237 233 11 11
238 230 11 11
238 227 11 11
239 223 11 11
239 224 11 11
220 230 11 11
220 226 11 11
221 224 11 11
221 238 11 11
242 241 12 12
242 240 12 12
243 240 12 12
243 242 12 12
244 242 12 12
244 243 12 12
245 240 12 12
245 241 12 12
246 240 12 12
246 243 12 12
247 245 12 12
247 242 12 12
248 240 12 12
248 244 12 12
249 244 12 12
249 246 12 12
250 241 12 12
250 245 12 12
251 244 12 12
251 243 12 12
252 247 12 12
252 241 12 12
253 252 12 12
253 250 12 12
254 249 12 12
254 248 12 12
255 250 12 12
255 252 12 12
256 248 12 12
256 249 12 12
257 253 12 12
257 249 12 12
258 248 12 12
258 246 12 12
259 248 12 12
259 249 12 12
240 252 12 12
240 253 12 12
241 253 12 12
241 249 12 12
262 260 13 13
262 261 13 13
263 262 13 13
263 261 13 13
264 260 13 13
264 261 13 13
265 263 13 13
265 260 13 13
266 264 13 13
266 261 13 13
267 260 13 13
267 265 13 13
268 261 13 13
268 260 13 13
269 265 13 13
269 267 13 13
270 265 13 13
270 260 13 13
271 264 13 13
271 267 13 13
272 263 13 13
272 264 13 13
273 271 13 13
273 262 13 13
274 271 13 13
274 268 13 13
275 270 13 13
275 267 13 13
276 264 13 13
276 263 13 13
277 260 13 13
277 264 13 13
278 267 13 13
278 263 13 13
279 278 13 13
279 267 13 13
260 278 13 13
260 274 13 13
261 279 13 13
261 270 13 13
282 281 14 14
282 280 14 14
283 281 14 14
283 282 14 14
284 282 14 14
284 280 14 14
285 284 14 14
285 280 14 14
286 284 14 14
286 285 14 14
287 285 14 14
287 280 14 14
288 287 14 14
288 284 14 14
289 282 14 14
289 285 14 14
290 285 14 14
290 288 14 14
291 282 14 14
291 283 14 14
292 282 14 14
292 286 14 14
293 292 14 14
293 285 14 14
294 284 14 14
294 283 14 14
295 290 14 14
295 289 14 14
296 293 14 14
296 289 14 14
297 293 14 14
297 286 14 14
298 291 14 14
298 297 14 14
299 295 14 14
299 281 14 14
280 293 14 14
280 296 14 14
281 297 14 14
281 291 14 14
302 300 15 15
302 301 15 15
303 301 15 15
303 302 15 15
304 302 15 15
304 301 15 15
305 302 15 15
305 300 15 15
306 303 15 15
306 300 15 15
307 305 15 15
307 306 15 15
308 301 15 15
308 307 15 15
309 308 15 15
309 302 15 15
310 300 15 15
310 302 15 15
311 308 15 15
311 301 15 15
312 302 15 15
312 304 15 15
313 310 15 15
313 304 15 15
314 305 15 15
314 303 15 15
315 302 15 15
315 313 15 15
316 315 15 15
316 302 15 15
317 310 15 15
317 315 15 15
318 304 15 15
318 312 15 15
319 314 15 15
319 305 15 15
300 317 15 15
300 304 15 15
301 306 15 15
301 305 15 15
40 18 2 0
43 20 2 1
62 3 3 0
78 46 3 2
84 14 4 0
81 37 4 1
111 88 5 4
117 62 5 3
128 41 6 2
121 108 6 5
147 137 7 6
143 38 7 1
170 156 8 7
179 19 8 0
194 75 9 3
196 104 9 5
208 60 10 3
213 131 10 6
221 2 11 0
230 73 11 3
247 91 12 4
250 42 12 2
277 37 13 1
274 119 13 5
289 41 14 2
294 91 14 4
311 23 15 1
302 63 15 3
1 105 0 5
19 273 0 13
30 285 1 14
24 186 1 9
