swNum = 320
edgeNum = 672

0 0
1 0
2 0
3 0
4 0
5 0
6 0
7 0
8 0
9 0
10 0
11 0
12 0
13 0
14 0
15 0
16 0
17 0
18 0
19 0
20 1
21 1
22 1
23 1
24 1
25 1
26 1
27 1
28 1
29 1
30 1
31 1
32 1
33 1
34 1
35 1
36 1
37 1
38 1
39 1
40 2
41 2
42 2
43 2
44 2
45 2
46 2
47 2
48 2
49 2
50 2
51 2
52 2
53 2
54 2
55 2
56 2
57 2
58 2
59 2
60 3
61 3
62 3
63 3
64 3
65 3
66 3
67 3
68 3
69 3
70 3
71 3
72 3
73 3
74 3
75 3
76 3
77 3
78 3
79 3
80 4
81 4
82 4
83 4
84 4
85 4
86 4
87 4
88 4
89 4
90 4
91 4
92 4
93 4
94 4
95 4
96 4
97 4
98 4
99 4
100 5
101 5
102 5
103 5
104 5
105 5
106 5
107 5
108 5
109 5
110 5
111 5
112 5
113 5
114 5
115 5
116 5
117 5
118 5
119 5
120 6
121 6
122 6
123 6
124 6
125 6
126 6
127 6
128 6
129 6
130 6
131 6
132 6
133 6
134 6
135 6
136 6
137 6
138 6
139 6
140 7
141 7
142 7
143 7
144 7
145 7
146 7
147 7
148 7
149 7
150 7
151 7
152 7
153 7
154 7
155 7
156 7
157 7
158 7
159 7
160 8
161 8
162 8
163 8
164 8
165 8
166 8
167 8
168 8
169 8
170 8
171 8
172 8
173 8
174 8
175 8
176 8
177 8
178 8
179 8
180 9
181 9
182 9
183 9
184 9
185 9
186 9
187 9
188 9
189 9
190 9
191 9
192 9
193 9
194 9
195 9
196 9
197 9
198 9
199 9
200 10
201 10
202 10
203 10
204 10
205 10
206 10
207 10
208 10
209 10
210 10
211 10
212 10
213 10
214 10
215 10
216 10
217 10
218 10
219 10
220 11
221 11
222 11
223 11
224 11
225 11
226 11
227 11
228 11
229 11
230 11
231 11
232 11
233 11
234 11
235 11
236 11
237 11
238 11
239 11
240 12
241 12
242 12
243 12
244 12
245 12
246 12
247 12
248 12
249 12
250 12
251 12
252 12
253 12
254 12
255 12
256 12
257 12
258 12
259 12
260 13
261 13
262 13
263 13
264 13
265 13
266 13
267 13
268 13
269 13
270 13
271 13
272 13
273 13
274 13
275 13
276 13
277 13
278 13
279 13
280 14
281 14
282 14
283 14
284 14
285 14
286 14
287 14
288 14
289 14
290 14
291 14
292 14
293 14
294 14
295 14
296 14
297 14
298 14
299 14
300 15
301 15
302 15
303 15
304 15
305 15
306 15
307 15
308 15
309 15
310 15
311 15
312 15
313 15
314 15
315 15
316 15
317 15
318 15
319 15

2 0 0 0
2 1 0 0
3 0 0 0
3 2 0 0
4 3 0 0
4 0 0 0
5 3 0 0
5 0 0 0
6 4 0 0
6 1 0 0
7 3 0 0
7 1 0 0
8 5 0 0
8 4 0 0
9 8 0 0
9 4 0 0
10 2 0 0
10 6 0 0
11 6 0 0
11 9 0 0
12 6 0 0
12 4 0 0
13 12 0 0
13 4 0 0
14 6 0 0
14 9 0 0
15 14 0 0
15 3 0 0
16 5 0 0
16 8 0 0
17 16 0 0
17 14 0 0
18 6 0 0
18 16 0 0
19 11 0 0
19 14 0 0
0 16 0 0
0 8 0 0
1 18 0 0
1 5 0 0
22 21 1 1
22 20 1 1
23 22 1 1
23 20 1 1
24 23 1 1
24 20 1 1
25 23 1 1
25 24 1 1
26 24 1 1
26 25 1 1
27 20 1 1
27 22 1 1
28 20 1 1
28 25 1 1
29 25 1 1
29 20 1 1
30 29 1 1
30 27 1 1
31 25 1 1
31 20 1 1
32 26 1 1
32 28 1 1
33 29 1 1
33 32 1 1
34 32 1 1
34 24 1 1
35 31 1 1
35 29 1 1
36 35 1 1
36 23 1 1
37 35 1 1
37 27 1 1
38 33 1 1
38 27 1 1
39 30 1 1
39 25 1 1
20 34 1 1
20 33 1 1
21 36 1 1
21 28 1 1
42 40 2 2
42 41 2 2
43 41 2 2
43 40 2 2
44 40 2 2
44 42 2 2
45 41 2 2
45 42 2 2
46 44 2 2
46 40 2 2
47 45 2 2
47 44 2 2
48 42 2 2
48 45 2 2
49 44 2 2
49 42 2 2
50 46 2 2
50 49 2 2
51 48 2 2
51 50 2 2
52 42 2 2
52 45 2 2
53 47 2 2
53 48 2 2
54 42 2 2
54 52 2 2
55 40 2 2
55 54 2 2
56 53 2 2
56 45 2 2
57 41 2 2
57 44 2 2
58 44 2 2
58 42 2 2
59 58 2 2
59 54 2 2
40 54 2 2
40 49 2 2
41 55 2 2
41 51 2 2
62 60 3 3
62 61 3 3
63 61 3 3
63 60 3 3
64 62 3 3
64 63 3 3
65 60 3 3
65 61 3 3
66 63 3 3
66 65 3 3
67 66 3 3
67 65 3 3
68 67 3 3
68 65 3 3
69 64 3 3
69 67 3 3
70 61 3 3
70 68 3 3
71 65 3 3
71 64 3 3
72 66 3 3
72 64 3 3
73 69 3 3
73 66 3 3
74 69 3 3
74 66 3 3
75 65 3 3
75 66 3 3
76 66 3 3
76 67 3 3
77 60 3 3
77 71 3 3
78 67 3 3
78 65 3 3
79 65 3 3
79 73 3 3
60 68 3 3
60 79 3 3
61 79 3 3
61 77 3 3
82 80 4 4
82 81 4 4
83 82 4 4
83 81 4 4
84 80 4 4
84 83 4 4
85 82 4 4
85 83 4 4
86 85 4 4
86 84 4 4
87 86 4 4
87 83 4 4
88 81 4 4
88 82 4 4
89 83 4 4
89 88 4 4
90 85 4 4
90 83 4 4
91 81 4 4
91 82 4 4
92 80 4 4
92 83 4 4
93 92 4 4
93 89 4 4
94 85 4 4
94 90 4 4
95 84 4 4
95 85 4 4
96 94 4 4
96 89 4 4
97 82 4 4
97 87 4 4
98 91 4 4
98 81 4 4
99 89 4 4
99 92 4 4
80 87 4 4
80 86 4 4
81 90 4 4
81 89 4 4
102 100 5 5
102 101 5 5
103 101 5 5
103 100 5 5
104 100 5 5
104 101 5 5
105 100 5 5
105 101 5 5
106 105 5 5
106 103 5 5
107 102 5 5
107 106 5 5
108 105 5 5
108 103 5 5
109 100 5 5
109 104 5 5
110 105 5 5
110 106 5 5
111 109 5 5
111 104 5 5
112 103 5 5
112 101 5 5
113 103 5 5
113 101 5 5
114 108 5 5
114 113 5 5
115 112 5 5
115 105 5 5
116 103 5 5
116 110 5 5
117 109 5 5
117 111 5 5
118 108 5 5
118 101 5 5
119 106 5 5
119 114 5 5
100 106 5 5
100 107 5 5
101 114 5 5
101 116 5 5
122 121 6 6
122 120 6 6
123 122 6 6
123 120 6 6
124 121 6 6
124 123 6 6
125 121 6 6
125 123 6 6
126 120 6 6
126 124 6 6
127 122 6 6
127 124 6 6
128 120 6 6
128 126 6 6
129 123 6 6
129 121 6 6
130 124 6 6
130 121 6 6
131 129 6 6
131 123 6 6
132 122 6 6
132 121 6 6
133 124 6 6
133 125 6 6
134 131 6 6
134 120 6 6
135 120 6 6
135 125 6 6
136 128 6 6
136 131 6 6
137 129 6 6
137 135 6 6
138 122 6 6
138 123 6 6
139 128 6 6
139 129 6 6
120 139 6 6
120 136 6 6
121 139 6 6
121 138 6 6
142 141 7 7
142 140 7 7
143 142 7 7
143 141 7 7
144 143 7 7
144 140 7 7
145 140 7 7
145 142 7 7
146 140 7 7
146 141 7 7
147 144 7 7
147 141 7 7
148 147 7 7
148 140 7 7
149 141 7 7
149 140 7 7
150 140 7 7
150 144 7 7
151 141 7 7
151 145 7 7
152 140 7 7
152 146 7 7
153 152 7 7
153 147 7 7
154 149 7 7
154 143 7 7
155 140 7 7
155 144 7 7
156 142 7 7
156 140 7 7
157 146 7 7
157 148 7 7
158 151 7 7
158 145 7 7
159 153 7 7
159 156 7 7
140 157 7 7
140 153 7 7
141 154 7 7
141 150 7 7
162 161 8 8
162 160 8 8
163 161 8 8
163 162 8 8
164 162 8 8
164 161 8 8
165 163 8 8
165 161 8 8
166 161 8 8
166 160 8 8
167 163 8 8
167 165 8 8
168 164 8 8
168 166 8 8
169 166 8 8
169 162 8 8
170 164 8 8
170 167 8 8
171 163 8 8
171 161 8 8
172 170 8 8
172 162 8 8
173 166 8 8
173 164 8 8
174 163 8 8
174 168 8 8
175 173 8 8
175 169 8 8
176 169 8 8
176 170 8 8
177 176 8 8
177 164 8 8
178 168 8 8
178 162 8 8
179 171 8 8
179 166 8 8
160 177 8 8
160 168 8 8
161 168 8 8
161 179 8 8
182 180 9 9
182 181 9 9
183 181 9 9
183 180 9 9
184 180 9 9
184 183 9 9
185 183 9 9
185 184 9 9
186 181 9 9
186 182 9 9
187 180 9 9
187 182 9 9
188 187 9 9
188 182 9 9
189 183 9 9
189 181 9 9
190 186 9 9
190 182 9 9
191 187 9 9
191 181 9 9
192 186 9 9
192 187 9 9
193 181 9 9
193 189 9 9
194 191 9 9
194 187 9 9
195 180 9 9
195 190 9 9
196 192 9 9
196 184 9 9
197 194 9 9
197 184 9 9
198 190 9 9
198 182 9 9
199 180 9 9
199 186 9 9
180 185 9 9
180 188 9 9
181 198 9 9
181 187 9 9
202 200 10 10
202 201 10 10
203 200 10 10
203 202 10 10
204 202 10 10
204 200 10 10
205 200 10 10
205 202 10 10
206 204 10 10
206 205 10 10
207 205 10 10
207 201 10 10
208 203 10 10
208 205 10 10
209 205 10 10
209 206 10 10
210 207 10 10
210 201 10 10
211 203 10 10
211 209 10 10
212 211 10 10
212 202 10 10
213 211 10 10
213 210 10 10
214 211 10 10
214 207 10 10
215 204 10 10
215 205 10 10
216 204 10 10
216 213 10 10
217 209 10 10
217 211 10 10
218 212 10 10
218 213 10 10
219 215 10 10
219 212 10 10
200 215 10 10
200 211 10 10
201 218 10 10
201 219 10 10
222 220 11 11
222 221 11 11
223 222 11 11
223 221 11 11
224 222 11 11
224 220 11 11
225 222 11 11
225 223 11 11
226 221 11 11
226 224 11 11
227 226 11 11
227 225 11 11
228 221 11 11
228 222 11 11
229 223 11 11
229 226 11 11
230 229 11 11
230 223 11 11
231 225 11 11
231 224 11 11
232 227 11 11
232 226 11 11
233 232 11 11
233 231 11 11
234 231 11 11
234 233 11 11
235 234 11 11
235 220 11 11
236 226 11 11
236 231 11 11
237 220 11 11
237 233 11 11
238 222 11 11
238 229 11 11
239 238 11 11
239 230 11 11
220 225 11 11
220 227 11 11
221 230 11 11
221 235 11 11
242 240 12 12
242 241 12 12
243 240 12 12
243 241 12 12
244 242 12 12
244 243 12 12
245 240 12 12
245 242 12 12
246 242 12 12
246 241 12 12
247 242 12 12
247 244 12 12
248 247 12 12
248 242 12 12
249 242 12 12
249 246 12 12
250 243 12 12
250 245 12 12
251 247 12 12
251 249 12 12
252 246 12 12
252 242 12 12
253 250 12 12
253 252 12 12
254 248 12 12
254 243 12 12
255 245 12 12
255 249 12 12
256 251 12 12
256 254 12 12
257 256 12 12
257 248 12 12
258 249 12 12
258 242 12 12
259 246 12 12
259 243 12 12
240 257 12 12
240 244 12 12
241 249 12 12
241 252 12 12
262 260 13 13
262 261 13 13
263 260 13 13
263 261 13 13
264 262 13 13
264 261 13 13
265 261 13 13
265 262 13 13
266 262 13 13
266 261 13 13
267 263 13 13
267 260 13 13
268 263 13 13
268 264 13 13
269 260 13 13
269 262 13 13
270 260 13 13
270 262 13 13
271 270 13 13
271 262 13 13
272 261 13 13
272 263 13 13
273 263 13 13
273 265 13 13
274 272 13 13
274 266 13 13
275 272 13 13
275 268 13 13
276 262 13 13
276 272 13 13
277 267 13 13
277 262 13 13
278 264 13 13
278 262 13 13
279 272 13 13
279 273 13 13
260 271 13 13
260 278 13 13
261 273 13 13
261 275 13 13
282 281 14 14
282 280 14 14
283 280 14 14
283 281 14 14
284 283 14 14
284 281 14 14
285 282 14 14
285 283 14 14
286 283 14 14
286 281 14 14
287 284 14 14
287 283 14 14
288 280 14 14
288 283 14 14
289 285 14 14
289 284 14 14
290 281 14 14
290 289 14 14
291 280 14 14
291 289 14 14
292 282 14 14
292 286 14 14
293 283 14 14
293 291 14 14
294 285 14 14
294 281 14 14
295 284 14 14
295 289 14 14
296 292 14 14
296 280 14 14
297 289 14 14
297 286 14 14
298 293 14 14
298 283 14 14
299 297 14 14
299 296 14 14
280 298 14 14
280 290 14 14
281 288 14 14
281 298 14 14
302 301 15 15
302 300 15 15
303 302 15 15
303 300 15 15
304 301 15 15
304 303 15 15
305 302 15 15
305 301 15 15
306 302 15 15
306 301 15 15
307 306 15 15
307 305 15 15
308 307 15 15
308 303 15 15
309 300 15 15
309 308 15 15
310 304 15 15
310 300 15 15
311 310 15 15
311 305 15 15
312 305 15 15
312 308 15 15
313 300 15 15
313 312 15 15
314 300 15 15
314 305 15 15
315 305 15 15
315 313 15 15
316 312 15 15
316 305 15 15
317 315 15 15
317 312 15 15
318 314 15 15
318 315 15 15
319 306 15 15
319 311 15 15
300 307 15 15
300 305 15 15
301 310 15 15
301 309 15 15
48 4 2 0
56 29 2 1
74 26 3 1
74 19 3 0
91 63 4 3
87 59 4 2
104 63 5 3
108 39 5 1
120 62 6 3
127 116 6 5
157 70 7 3
150 127 7 6
170 135 8 6
165 20 8 1
186 72 9 3
185 80 9 4
201 50 10 2
217 63 10 3
223 71 11 3
220 35 11 1
243 193 12 9
242 74 12 3
274 175 13 8
260 79 13 3
288 156 14 7
292 52 14 2
300 191 15 9
313 116 15 5
10 221 0 11
2 151 0 7
21 149 1 7
24 282 1 14
