swNum = 320
edgeNum = 672

0 0
1 0
2 0
3 0
4 0
5 0
6 0
7 0
8 0
9 0
10 0
11 0
12 0
13 0
14 0
15 0
16 0
17 0
18 0
19 0
20 1
21 1
22 1
23 1
24 1
25 1
26 1
27 1
28 1
29 1
30 1
31 1
32 1
33 1
34 1
35 1
36 1
37 1
38 1
39 1
40 2
41 2
42 2
43 2
44 2
45 2
46 2
47 2
48 2
49 2
50 2
51 2
52 2
53 2
54 2
55 2
56 2
57 2
58 2
59 2
60 3
61 3
62 3
63 3
64 3
65 3
66 3
67 3
68 3
69 3
70 3
71 3
72 3
73 3
74 3
75 3
76 3
77 3
78 3
79 3
80 4
81 4
82 4
83 4
84 4
85 4
86 4
87 4
88 4
89 4
90 4
91 4
92 4
93 4
94 4
95 4
96 4
97 4
98 4
99 4
100 5
101 5
102 5
103 5
104 5
105 5
106 5
107 5
108 5
109 5
110 5
111 5
112 5
113 5
114 5
115 5
116 5
117 5
118 5
119 5
120 6
121 6
122 6
123 6
124 6
125 6
126 6
127 6
128 6
129 6
130 6
131 6
132 6
133 6
134 6
135 6
136 6
137 6
138 6
139 6
140 7
141 7
142 7
143 7
144 7
145 7
146 7
147 7
148 7
149 7
150 7
151 7
152 7
153 7
154 7
155 7
156 7
157 7
158 7
159 7
160 8
161 8
162 8
163 8
164 8
165 8
166 8
167 8
168 8
169 8
170 8
171 8
172 8
173 8
174 8
175 8
176 8
177 8
178 8
179 8
180 9
181 9
182 9
183 9
184 9
185 9
186 9
187 9
188 9
189 9
190 9
191 9
192 9
193 9
194 9
195 9
196 9
197 9
198 9
199 9
200 10
201 10
202 10
203 10
204 10
205 10
206 10
207 10
208 10
209 10
210 10
211 10
212 10
213 10
214 10
215 10
216 10
217 10
218 10
219 10
220 11
221 11
222 11
223 11
224 11
225 11
226 11
227 11
228 11
229 11
230 11
231 11
232 11
233 11
234 11
235 11
236 11
237 11
238 11
239 11
240 12
241 12
242 12
243 12
244 12
245 12
246 12
247 12
248 12
249 12
250 12
251 12
252 12
253 12
254 12
255 12
256 12
257 12
258 12
259 12
260 13
261 13
262 13
263 13
264 13
265 13
266 13
267 13
268 13
269 13
270 13
271 13
272 13
273 13
274 13
275 13
276 13
277 13
278 13
279 13
280 14
281 14
282 14
283 14
284 14
285 14
286 14
287 14
288 14
289 14
290 14
291 14
292 14
293 14
294 14
295 14
296 14
297 14
298 14
299 14
300 15
301 15
302 15
303 15
304 15
305 15
306 15
307 15
308 15
309 15
310 15
311 15
312 15
313 15
314 15
315 15
316 15
317 15
318 15
319 15

2 0 0 0
2 1 0 0
3 1 0 0
3 2 0 0
4 0 0 0
4 2 0 0
5 3 0 0
5 2 0 0
6 5 0 0
6 2 0 0
7 2 0 0
7 1 0 0
8 4 0 0
8 1 0 0
9 2 0 0
9 7 0 0
10 2 0 0
10 4 0 0
11 5 0 0
11 6 0 0
12 11 0 0
12 0 0 0
13 1 0 0
13 3 0 0
14 0 0 0
14 6 0 0
15 10 0 0
15 8 0 0
16 9 0 0
16 3 0 0
17 8 0 0
17 9 0 0
18 15 0 0
18 6 0 0
19 1 0 0
19 11 0 0
0 17 0 0
0 6 0 0
1 16 0 0
1 11 0 0
22 20 1 1
22 21 1 1
23 20 1 1
23 22 1 1
24 23 1 1
24 21 1 1
25 24 1 1
25 21 1 1
26 23 1 1
26 25 1 1
27 25 1 1
27 23 1 1
28 22 1 1
28 24 1 1
29 23 1 1
29 22 1 1
30 26 1 1
30 27 1 1
31 26 1 1
31 24 1 1
32 30 1 1
32 24 1 1
33 26 1 1
33 21 1 1
34 20 1 1
34 31 1 1
35 21 1 1
35 25 1 1
36 30 1 1
36 28 1 1
37 30 1 1
37 29 1 1
38 33 1 1
38 23 1 1
39 37 1 1
39 28 1 1
20 24 1 1
20 31 1 1
21 34 1 1
21 37 1 1
42 40 2 2
42 41 2 2
43 42 2 2
43 40 2 2
44 40 2 2
44 43 2 2
45 41 2 2
45 43 2 2
46 41 2 2
46 40 2 2
47 42 2 2
47 45 2 2
48 41 2 2
48 43 2 2
49 43 2 2
49 41 2 2
50 42 2 2
50 43 2 2
51 42 2 2
51 46 2 2
52 44 2 2
52 50 2 2
53 46 2 2
53 41 2 2
54 53 2 2
54 46 2 2
55 53 2 2
55 50 2 2
56 54 2 2
56 50 2 2
57 53 2 2
57 44 2 2
58 57 2 2
58 53 2 2
59 53 2 2
59 56 2 2
40 48 2 2
40 52 2 2
41 54 2 2
41 50 2 2
62 60 3 3
62 61 3 3
63 62 3 3
63 60 3 3
64 60 3 3
64 63 3 3
65 63 3 3
65 60 3 3
66 62 3 3
66 61 3 3
67 63 3 3
67 62 3 3
68 66 3 3
68 61 3 3
69 64 3 3
69 62 3 3
70 65 3 3
70 60 3 3
71 67 3 3
71 64 3 3
72 62 3 3
72 65 3 3
73 68 3 3
73 63 3 3
74 63 3 3
74 72 3 3
75 61 3 3
75 71 3 3
76 75 3 3
76 67 3 3
77 62 3 3
77 70 3 3
78 73 3 3
78 70 3 3
79 74 3 3
79 76 3 3
60 68 3 3
60 76 3 3
61 74 3 3
61 70 3 3
82 81 4 4
82 80 4 4
83 80 4 4
83 81 4 4
84 80 4 4
84 83 4 4
85 84 4 4
85 80 4 4
86 80 4 4
86 81 4 4
87 81 4 4
87 84 4 4
88 85 4 4
88 83 4 4
89 87 4 4
89 88 4 4
90 85 4 4
90 82 4 4
91 81 4 4
91 90 4 4
92 91 4 4
92 84 4 4
93 87 4 4
93 81 4 4
94 88 4 4
94 83 4 4
95 92 4 4
95 81 4 4
96 95 4 4
96 81 4 4
97 86 4 4
97 87 4 4
98 84 4 4
98 91 4 4
99 90 4 4
99 97 4 4
80 98 4 4
80 90 4 4
81 99 4 4
81 98 4 4
102 100 5 5
102 101 5 5
103 101 5 5
103 100 5 5
104 102 5 5
104 103 5 5
105 100 5 5
105 101 5 5
106 102 5 5
106 100 5 5
107 100 5 5
107 105 5 5
108 107 5 5
108 100 5 5
109 107 5 5
109 101 5 5
110 108 5 5
110 102 5 5
111 100 5 5
111 107 5 5
112 102 5 5
112 106 5 5
113 111 5 5
113 112 5 5
114 110 5 5
114 104 5 5
115 110 5 5
115 112 5 5
116 114 5 5
116 110 5 5
117 104 5 5
117 113 5 5
118 102 5 5
118 106 5 5
119 111 5 5
119 115 5 5
100 104 5 5
100 116 5 5
101 114 5 5
101 104 5 5
122 121 6 6
122 120 6 6
123 121 6 6
123 122 6 6
124 121 6 6
124 122 6 6
125 120 6 6
125 123 6 6
126 124 6 6
126 121 6 6
127 124 6 6
127 126 6 6
128 124 6 6
128 121 6 6
129 121 6 6
129 124 6 6
130 123 6 6
130 125 6 6
131 130 6 6
131 120 6 6
132 124 6 6
132 131 6 6
133 132 6 6
133 127 6 6
134 120 6 6
134 133 6 6
135 133 6 6
135 128 6 6
136 124 6 6
136 132 6 6
137 121 6 6
137 124 6 6
138 131 6 6
138 130 6 6
139 135 6 6
139 137 6 6
120 132 6 6
120 123 6 6
121 139 6 6
121 136 6 6
142 140 7 7
142 141 7 7
143 140 7 7
143 141 7 7
144 140 7 7
144 143 7 7
145 142 7 7
145 140 7 7
146 144 7 7
146 143 7 7
147 145 7 7
147 141 7 7
148 144 7 7
148 142 7 7
149 144 7 7
149 147 7 7
150 141 7 7
150 143 7 7
151 145 7 7
151 148 7 7
152 149 7 7
152 145 7 7
153 141 7 7
153 140 7 7
154 142 7 7
154 149 7 7
155 147 7 7
155 148 7 7
156 144 7 7
156 141 7 7
157 149 7 7
157 144 7 7
158 147 7 7
158 142 7 7
159 157 7 7
159 146 7 7
140 156 7 7
140 151 7 7
141 159 7 7
141 155 7 7
162 160 8 8
162 161 8 8
163 160 8 8
163 162 8 8
164 160 8 8
164 161 8 8
165 163 8 8
165 160 8 8
166 162 8 8
166 160 8 8
167 166 8 8
167 162 8 8
168 167 8 8
168 166 8 8
169 166 8 8
169 167 8 8
170 164 8 8
170 160 8 8
171 160 8 8
171 164 8 8
172 169 8 8
172 166 8 8
173 166 8 8
173 171 8 8
174 170 8 8
174 169 8 8
175 169 8 8
175 162 8 8
176 173 8 8
176 162 8 8
177 165 8 8
177 175 8 8
178 165 8 8
178 167 8 8
179 166 8 8
179 176 8 8
160 168 8 8
160 174 8 8
161 173 8 8
161 175 8 8
182 180 9 9
182 181 9 9
183 182 9 9
183 180 9 9
184 183 9 9
184 180 9 9
185 183 9 9
185 180 9 9
186 180 9 9
186 185 9 9
187 180 9 9
187 185 9 9
188 187 9 9
188 181 9 9
189 186 9 9
189 187 9 9
190 189 9 9
190 187 9 9
191 185 9 9
191 182 9 9
192 180 9 9
192 188 9 9
193 187 9 9
193 186 9 9
194 185 9 9
194 183 9 9
195 181 9 9
195 182 9 9
196 194 9 9
196 182 9 9
197 189 9 9
197 181 9 9
198 188 9 9
198 181 9 9
199 185 9 9
199 186 9 9
180 188 9 9
180 191 9 9
181 192 9 9
181 189 9 9
202 200 10 10
202 201 10 10
203 200 10 10
203 201 10 10
204 202 10 10
204 201 10 10
205 203 10 10
205 204 10 10
206 201 10 10
206 204 10 10
207 200 10 10
207 203 10 10
208 205 10 10
208 202 10 10
209 207 10 10
209 205 10 10
210 200 10 10
210 203 10 10
211 206 10 10
211 205 10 10
212 209 10 10
212 201 10 10
213 208 10 10
213 206 10 10
214 202 10 10
214 212 10 10
215 212 10 10
215 204 10 10
216 200 10 10
216 211 10 10
217 214 10 10
217 209 10 10
218 204 10 10
218 202 10 10
219 211 10 10
219 215 10 10
200 217 10 10
200 212 10 10
201 208 10 10
201 215 10 10
222 221 11 11
222 220 11 11
223 220 11 11
223 221 11 11
224 223 11 11
224 221 11 11
225 223 11 11
225 222 11 11
226 224 11 11
226 220 11 11
227 223 11 11
227 224 11 11
228 227 11 11
228 226 11 11
229 222 11 11
229 226 11 11
230 228 11 11
230 225 11 11
231 227 11 11
231 225 11 11
232 222 11 11
232 229 11 11
233 230 11 11
233 227 11 11
234 229 11 11
234 223 11 11
235 228 11 11
235 225 11 11
236 225 11 11
236 226 11 11
237 234 11 11
237 231 11 11
238 231 11 11
238 230 11 11
239 225 11 11
239 228 11 11
220 225 11 11
220 224 11 11
221 232 11 11
221 239 11 11
242 240 12 12
242 241 12 12
243 240 12 12
243 241 12 12
244 243 12 12
244 241 12 12
245 242 12 12
245 244 12 12
246 241 12 12
246 243 12 12
247 242 12 12
247 245 12 12
248 241 12 12
248 245 12 12
249 240 12 12
249 246 12 12
250 244 12 12
250 241 12 12
251 243 12 12
251 248 12 12
252 246 12 12
252 242 12 12
253 240 12 12
253 244 12 12
254 245 12 12
254 241 12 12
255 240 12 12
255 242 12 12
256 250 12 12
256 243 12 12
257 255 12 12
257 245 12 12
258 248 12 12
258 242 12 12
259 240 12 12
259 252 12 12
240 246 12 12
240 244 12 12
241 255 12 12
241 245 12 12
262 261 13 13
262 260 13 13
263 261 13 13
263 262 13 13
264 260 13 13
264 261 13 13
265 261 13 13
265 262 13 13
266 261 13 13
266 260 13 13
267 265 13 13
267 261 13 13
268 267 13 13
268 266 13 13
269 262 13 13
269 267 13 13
270 260 13 13
270 268 13 13
271 265 13 13
271 270 13 13
272 266 13 13
272 268 13 13
273 270 13 13
273 267 13 13
274 267 13 13
274 264 13 13
275 267 13 13
275 262 13 13
276 271 13 13
276 264 13 13
277 260 13 13
277 263 13 13
278 264 13 13
278 262 13 13
279 270 13 13
279 273 13 13
260 279 13 13
260 267 13 13
261 268 13 13
261 275 13 13
282 281 14 14
282 280 14 14
283 280 14 14
283 282 14 14
284 280 14 14
284 283 14 14
285 282 14 14
285 283 14 14
286 282 14 14
286 284 14 14
287 280 14 14
287 284 14 14
288 283 14 14
288 280 14 14
289 283 14 14
289 282 14 14
290 285 14 14
290 281 14 14
291 286 14 14
291 281 14 14
292 282 14 14
292 289 14 14
293 289 14 14
293 290 14 14
294 283 14 14
294 292 14 14
295 293 14 14
295 292 14 14
296 286 14 14
296 283 14 14
297 292 14 14
297 284 14 14
298 289 14 14
298 287 14 14
299 294 14 14
299 292 14 14
280 293 14 14
280 289 14 14
281 293 14 14
281 296 14 14
302 301 15 15
302 300 15 15
303 301 15 15
303 302 15 15
304 303 15 15
304 302 15 15
305 304 15 15
305 302 15 15
306 300 15 15
306 305 15 15
307 306 15 15
307 304 15 15
308 306 15 15
308 304 15 15
309 304 15 15
309 301 15 15
310 302 15 15
310 300 15 15
311 301 15 15
311 310 15 15
312 303 15 15
312 311 15 15
313 302 15 15
313 300 15 15
314 300 15 15
314 304 15 15
315 306 15 15
315 301 15 15
316 314 15 15
316 309 15 15
317 301 15 15
317 315 15 15
318 308 15 15
318 300 15 15
319 313 15 15
319 316 15 15
300 309 15 15
300 308 15 15
301 307 15 15
301 316 15 15
41 28 2 1
53 16 2 0
75 45 3 2
68 27 3 1
95 31 4 1
97 63 4 3
100 71 5 3
107 46 5 2
130 94 6 4
123 76 6 3
156 7 7 0
155 90 7 4
177 51 8 2
168 102 8 5
199 129 9 6
193 61 9 3
206 28 10 1
213 112 10 5
230 208 11 10
227 195 11 9
248 76 12 3
259 181 12 9
274 181 13 9
278 115 13 5
291 275 14 13
294 17 14 0
300 254 15 12
317 62 15 3
7 255 0 12
6 228 0 11
24 316 1 15
35 245 1 12
