swNum = 320
edgeNum = 672

0 0
1 0
2 0
3 0
4 0
5 0
6 0
7 0
8 0
9 0
10 0
11 0
12 0
13 0
14 0
15 0
16 0
17 0
18 0
19 0
20 1
21 1
22 1
23 1
24 1
25 1
26 1
27 1
28 1
29 1
30 1
31 1
32 1
33 1
34 1
35 1
36 1
37 1
38 1
39 1
40 2
41 2
42 2
43 2
44 2
45 2
46 2
47 2
48 2
49 2
50 2
51 2
52 2
53 2
54 2
55 2
56 2
57 2
58 2
59 2
60 3
61 3
62 3
63 3
64 3
65 3
66 3
67 3
68 3
69 3
70 3
71 3
72 3
73 3
74 3
75 3
76 3
77 3
78 3
79 3
80 4
81 4
82 4
83 4
84 4
85 4
86 4
87 4
88 4
89 4
90 4
91 4
92 4
93 4
94 4
95 4
96 4
97 4
98 4
99 4
100 5
101 5
102 5
103 5
104 5
105 5
106 5
107 5
108 5
109 5
110 5
111 5
112 5
113 5
114 5
115 5
116 5
117 5
118 5
119 5
120 6
121 6
122 6
123 6
124 6
125 6
126 6
127 6
128 6
129 6
130 6
131 6
132 6
133 6
134 6
135 6
136 6
137 6
138 6
139 6
140 7
141 7
142 7
143 7
144 7
145 7
146 7
147 7
148 7
149 7
150 7
151 7
152 7
153 7
154 7
155 7
156 7
157 7
158 7
159 7
160 8
161 8
162 8
163 8
164 8
165 8
166 8
167 8
168 8
169 8
170 8
171 8
172 8
173 8
174 8
175 8
176 8
177 8
178 8
179 8
180 9
181 9
182 9
183 9
184 9
185 9
186 9
187 9
188 9
189 9
190 9
191 9
192 9
193 9
194 9
195 9
196 9
197 9
198 9
199 9
200 10
201 10
202 10
203 10
204 10
205 10
206 10
207 10
208 10
209 10
210 10
211 10
212 10
213 10
214 10
215 10
216 10
217 10
218 10
219 10
220 11
221 11
222 11
223 11
224 11
225 11
226 11
227 11
228 11
229 11
230 11
231 11
232 11
233 11
234 11
235 11
236 11
237 11
238 11
239 11
240 12
241 12
242 12
243 12
244 12
245 12
246 12
247 12
248 12
249 12
250 12
251 12
252 12
253 12
254 12
255 12
256 12
257 12
258 12
259 12
260 13
261 13
262 13
263 13
264 13
265 13
266 13
267 13
268 13
269 13
270 13
271 13
272 13
273 13
274 13
275 13
276 13
277 13
278 13
279 13
280 14
281 14
282 14
283 14
284 14
285 14
286 14
287 14
288 14
289 14
290 14
291 14
292 14
293 14
294 14
295 14
296 14
297 14
298 14
299 14
300 15
301 15
302 15
303 15
304 15
305 15
306 15
307 15
308 15
309 15
310 15
311 15
312 15
313 15
314 15
315 15
316 15
317 15
318 15
319 15

2 1 0 0
2 0 0 0
3 2 0 0
3 0 0 0
4 2 0 0
4 1 0 0
5 3 0 0
5 1 0 0
6 3 0 0
6 2 0 0
7 1 0 0
7 3 0 0
8 7 0 0
8 3 0 0
9 3 0 0
9 8 0 0
10 5 0 0
10 2 0 0
11 2 0 0
11 6 0 0
12 3 0 0
12 8 0 0
13 9 0 0
13 12 0 0
14 5 0 0
14 6 0 0
15 10 0 0
15 0 0 0
16 6 0 0
16 7 0 0
17 9 0 0
17 11 0 0
18 6 0 0
18 4 0 0
19 5 0 0
19 6 0 0
0 13 0 0
0 12 0 0
1 11 0 0
1 19 0 0
22 21 1 1
22 20 1 1
23 21 1 1
23 22 1 1
24 23 1 1
24 21 1 1
25 24 1 1
25 22 1 1
26 23 1 1
26 20 1 1
27 22 1 1
27 25 1 1
28 24 1 1
28 26 1 1
29 25 1 1
29 22 1 1
30 24 1 1
30 21 1 1
31 28 1 1
31 30 1 1
32 20 1 1
32 28 1 1
33 27 1 1
33 25 1 1
34 33 1 1
34 23 1 1
35 31 1 1
35 32 1 1
36 35 1 1
36 22 1 1
37 26 1 1
37 35 1 1
38 22 1 1
38 36 1 1
39 20 1 1
39 30 1 1
20 25 1 1
20 37 1 1
21 33 1 1
21 38 1 1
42 41 2 2
42 40 2 2
43 40 2 2
43 42 2 2
44 43 2 2
44 41 2 2
45 41 2 2
45 40 2 2
46 42 2 2
46 43 2 2
47 46 2 2
47 44 2 2
48 43 2 2
48 44 2 2
49 46 2 2
49 45 2 2
50 41 2 2
50 46 2 2
51 46 2 2
51 44 2 2
52 49 2 2
52 47 2 2
53 42 2 2
53 43 2 2
54 40 2 2
54 45 2 2
55 46 2 2
55 44 2 2
56 47 2 2
56 53 2 2
57 49 2 2
57 44 2 2
58 48 2 2
58 50 2 2
59 43 2 2
59 48 2 2
40 59 2 2
40 50 2 2
41 54 2 2
41 57 2 2
62 61 3 3
62 60 3 3
63 61 3 3
63 60 3 3
64 60 3 3
64 63 3 3
65 62 3 3
65 63 3 3
66 64 3 3
66 63 3 3
67 65 3 3
67 61 3 3
68 65 3 3
68 67 3 3
69 63 3 3
69 61 3 3
70 65 3 3
70 64 3 3
71 60 3 3
71 67 3 3
72 64 3 3
72 63 3 3
73 71 3 3
73 61 3 3
74 72 3 3
74 70 3 3
75 70 3 3
75 60 3 3
76 70 3 3
76 72 3 3
77 63 3 3
77 72 3 3
78 63 3 3
78 64 3 3
79 69 3 3
79 61 3 3
60 65 3 3
60 67 3 3
61 71 3 3
61 76 3 3
82 81 4 4
82 80 4 4
83 80 4 4
83 81 4 4
84 83 4 4
84 80 4 4
85 80 4 4
85 81 4 4
86 85 4 4
86 82 4 4
87 82 4 4
87 85 4 4
88 87 4 4
88 81 4 4
89 80 4 4
89 84 4 4
90 85 4 4
90 87 4 4
91 80 4 4
91 85 4 4
92 84 4 4
92 88 4 4
93 90 4 4
93 80 4 4
94 90 4 4
94 82 4 4
95 82 4 4
95 93 4 4
96 82 4 4
96 93 4 4
97 93 4 4
97 86 4 4
98 90 4 4
98 96 4 4
99 95 4 4
99 98 4 4
80 96 4 4
80 98 4 4
81 94 4 4
81 90 4 4
102 100 5 5
102 101 5 5
103 102 5 5
103 100 5 5
104 100 5 5
104 102 5 5
105 100 5 5
105 102 5 5
106 100 5 5
106 104 5 5
107 105 5 5
107 102 5 5
108 101 5 5
108 105 5 5
109 108 5 5
109 105 5 5
110 108 5 5
110 109 5 5
111 102 5 5
111 103 5 5
112 101 5 5
112 107 5 5
113 110 5 5
113 102 5 5
114 109 5 5
114 100 5 5
115 114 5 5
115 109 5 5
116 111 5 5
116 101 5 5
117 105 5 5
117 111 5 5
118 110 5 5
118 109 5 5
119 111 5 5
119 118 5 5
100 113 5 5
100 109 5 5
101 107 5 5
101 111 5 5
122 120 6 6
122 121 6 6
123 120 6 6
123 121 6 6
124 121 6 6
124 123 6 6
125 122 6 6
125 123 6 6
126 123 6 6
126 124 6 6
127 123 6 6
127 120 6 6
128 126 6 6
128 120 6 6
129 120 6 6
129 128 6 6
130 129 6 6
130 127 6 6
131 128 6 6
131 129 6 6
132 129 6 6
132 120 6 6
133 125 6 6
133 126 6 6
134 132 6 6
134 121 6 6
135 124 6 6
135 120 6 6
136 123 6 6
136 124 6 6
137 124 6 6
137 128 6 6
138 122 6 6
138 129 6 6
139 137 6 6
139 129 6 6
120 130 6 6
120 126 6 6
121 136 6 6
121 126 6 6
142 140 7 7
142 141 7 7
143 140 7 7
143 141 7 7
144 143 7 7
144 141 7 7
145 142 7 7
145 143 7 7
146 140 7 7
146 145 7 7
147 144 7 7
147 145 7 7
148 143 7 7
148 147 7 7
149 141 7 7
149 145 7 7
150 140 7 7
150 147 7 7
151 149 7 7
151 140 7 7
152 146 7 7
152 150 7 7
153 143 7 7
153 141 7 7
154 143 7 7
154 140 7 7
155 152 7 7
155 147 7 7
156 140 7 7
156 146 7 7
157 155 7 7
157 141 7 7
158 143 7 7
158 141 7 7
159 140 7 7
159 152 7 7
140 144 7 7
140 152 7 7
141 150 7 7
141 154 7 7
162 160 8 8
162 161 8 8
163 160 8 8
163 162 8 8
164 163 8 8
164 161 8 8
165 161 8 8
165 162 8 8
166 164 8 8
166 163 8 8
167 160 8 8
167 162 8 8
168 164 8 8
168 160 8 8
169 167 8 8
169 162 8 8
170 168 8 8
170 160 8 8
171 167 8 8
171 165 8 8
172 163 8 8
172 168 8 8
173 161 8 8
173 168 8 8
174 160 8 8
174 168 8 8
175 172 8 8
175 164 8 8
176 169 8 8
176 171 8 8
177 172 8 8
177 168 8 8
178 161 8 8
178 165 8 8
179 173 8 8
179 164 8 8
160 177 8 8
160 176 8 8
161 175 8 8
161 168 8 8
182 180 9 9
182 181 9 9
183 182 9 9
183 181 9 9
184 180 9 9
184 183 9 9
185 184 9 9
185 181 9 9
186 181 9 9
186 183 9 9
187 185 9 9
187 183 9 9
188 183 9 9
188 184 9 9
189 186 9 9
189 182 9 9
190 180 9 9
190 184 9 9
191 189 9 9
191 185 9 9
192 182 9 9
192 184 9 9
193 189 9 9
193 185 9 9
194 181 9 9
194 189 9 9
195 181 9 9
195 186 9 9
196 193 9 9
196 191 9 9
197 181 9 9
197 185 9 9
198 191 9 9
198 181 9 9
199 194 9 9
199 195 9 9
180 186 9 9
180 188 9 9
181 190 9 9
181 189 9 9
202 200 10 10
202 201 10 10
203 202 10 10
203 200 10 10
204 202 10 10
204 203 10 10
205 204 10 10
205 202 10 10
206 201 10 10
206 205 10 10
207 203 10 10
207 206 10 10
208 206 10 10
208 200 10 10
209 202 10 10
209 203 10 10
210 204 10 10
210 203 10 10
211 203 10 10
211 210 10 10
212 210 10 10
212 201 10 10
213 200 10 10
213 209 10 10
214 213 10 10
214 208 10 10
215 211 10 10
215 213 10 10
216 215 10 10
216 212 10 10
217 212 10 10
217 216 10 10
218 203 10 10
218 216 10 10
219 205 10 10
219 201 10 10
200 214 10 10
200 207 10 10
201 205 10 10
201 203 10 10
222 221 11 11
222 220 11 11
223 221 11 11
223 220 11 11
224 222 11 11
224 220 11 11
225 220 11 11
225 224 11 11
226 220 11 11
226 225 11 11
227 220 11 11
227 224 11 11
228 220 11 11
228 223 11 11
229 226 11 11
229 221 11 11
230 228 11 11
230 223 11 11
231 228 11 11
231 226 11 11
232 220 11 11
232 226 11 11
233 223 11 11
233 225 11 11
234 232 11 11
234 222 11 11
235 226 11 11
235 234 11 11
236 228 11 11
236 226 11 11
237 226 11 11
237 235 11 11
238 226 11 11
238 232 11 11
239 222 11 11
239 225 11 11
220 236 11 11
220 229 11 11
221 239 11 11
221 237 11 11
242 240 12 12
242 241 12 12
243 242 12 12
243 240 12 12
244 243 12 12
244 240 12 12
245 244 12 12
245 240 12 12
246 241 12 12
246 240 12 12
247 240 12 12
247 246 12 12
248 241 12 12
248 244 12 12
249 240 12 12
249 244 12 12
250 240 12 12
250 244 12 12
251 250 12 12
251 242 12 12
252 247 12 12
252 243 12 12
253 249 12 12
253 244 12 12
254 249 12 12
254 250 12 12
255 245 12 12
255 254 12 12
256 249 12 12
256 253 12 12
257 251 12 12
257 246 12 12
258 251 12 12
258 241 12 12
259 246 12 12
259 255 12 12
240 248 12 12
240 255 12 12
241 250 12 12
241 255 12 12
262 261 13 13
262 260 13 13
263 261 13 13
263 262 13 13
264 263 13 13
264 262 13 13
265 263 13 13
265 264 13 13
266 260 13 13
266 265 13 13
267 265 13 13
267 262 13 13
268 263 13 13
268 264 13 13
269 265 13 13
269 267 13 13
270 262 13 13
270 268 13 13
271 265 13 13
271 267 13 13
272 267 13 13
272 271 13 13
273 266 13 13
273 262 13 13
274 271 13 13
274 265 13 13
275 269 13 13
275 265 13 13
276 271 13 13
276 264 13 13
277 270 13 13
277 265 13 13
278 266 13 13
278 264 13 13
279 264 13 13
279 267 13 13
260 278 13 13
260 270 13 13
261 278 13 13
261 264 13 13
282 280 14 14
282 281 14 14
283 281 14 14
283 282 14 14
284 283 14 14
284 282 14 14
285 282 14 14
285 280 14 14
286 281 14 14
286 280 14 14
287 282 14 14
287 281 14 14
288 281 14 14
288 284 14 14
289 281 14 14
289 285 14 14
290 288 14 14
290 285 14 14
291 284 14 14
291 285 14 14
292 290 14 14
292 285 14 14
293 291 14 14
293 283 14 14
294 289 14 14
294 293 14 14
295 294 14 14
295 288 14 14
296 281 14 14
296 280 14 14
297 288 14 14
297 286 14 14
298 297 14 14
298 282 14 14
299 290 14 14
299 282 14 14
280 297 14 14
280 295 14 14
281 290 14 14
281 291 14 14
302 300 15 15
302 301 15 15
303 300 15 15
303 301 15 15
304 301 15 15
304 303 15 15
305 303 15 15
305 302 15 15
306 302 15 15
306 303 15 15
307 306 15 15
307 302 15 15
308 300 15 15
308 301 15 15
309 304 15 15
309 303 15 15
310 305 15 15
310 309 15 15
311 310 15 15
311 306 15 15
312 303 15 15
312 310 15 15
313 304 15 15
313 310 15 15
314 310 15 15
314 306 15 15
315 306 15 15
315 312 15 15
316 313 15 15
316 301 15 15
317 307 15 15
317 303 15 15
318 309 15 15
318 317 15 15
319 303 15 15
319 300 15 15
300 311 15 15
300 305 15 15
301 313 15 15
301 310 15 15
47 28 2 1
58 9 2 0
60 28 3 1
72 16 3 0
99 8 4 0
96 20 4 1
110 45 5 2
115 8 5 0
126 116 6 5
135 45 6 2
152 87 7 4
156 75 7 3
160 31 8 1
162 69 8 3
185 107 9 5
198 170 9 8
200 28 10 1
203 129 10 6
238 154 11 7
232 83 11 4
241 229 12 11
249 105 12 5
275 166 13 8
272 204 13 10
285 98 14 4
296 52 14 2
305 136 15 6
306 252 15 12
6 130 0 6
11 187 0 9
24 297 1 14
37 257 1 12
