swNum = 320
edgeNum = 672

0 0
1 0
2 0
3 0
4 0
5 0
6 0
7 0
8 0
9 0
10 0
11 0
12 0
13 0
14 0
15 0
16 0
17 0
18 0
19 0
20 1
21 1
22 1
23 1
24 1
25 1
26 1
27 1
28 1
29 1
30 1
31 1
32 1
33 1
34 1
35 1
36 1
37 1
38 1
39 1
40 2
41 2
42 2
43 2
44 2
45 2
46 2
47 2
48 2
49 2
50 2
51 2
52 2
53 2
54 2
55 2
56 2
57 2
58 2
59 2
60 3
61 3
62 3
63 3
64 3
65 3
66 3
67 3
68 3
69 3
70 3
71 3
72 3
73 3
74 3
75 3
76 3
77 3
78 3
79 3
80 4
81 4
82 4
83 4
84 4
85 4
86 4
87 4
88 4
89 4
90 4
91 4
92 4
93 4
94 4
95 4
96 4
97 4
98 4
99 4
100 5
101 5
102 5
103 5
104 5
105 5
106 5
107 5
108 5
109 5
110 5
111 5
112 5
113 5
114 5
115 5
116 5
117 5
118 5
119 5
120 6
121 6
122 6
123 6
124 6
125 6
126 6
127 6
128 6
129 6
130 6
131 6
132 6
133 6
134 6
135 6
136 6
137 6
138 6
139 6
140 7
141 7
142 7
143 7
144 7
145 7
146 7
147 7
148 7
149 7
150 7
151 7
152 7
153 7
154 7
155 7
156 7
157 7
158 7
159 7
160 8
161 8
162 8
163 8
164 8
165 8
166 8
167 8
168 8
169 8
170 8
171 8
172 8
173 8
174 8
175 8
176 8
177 8
178 8
179 8
180 9
181 9
182 9
183 9
184 9
185 9
186 9
187 9
188 9
189 9
190 9
191 9
192 9
193 9
194 9
195 9
196 9
197 9
198 9
199 9
200 10
201 10
202 10
203 10
204 10
205 10
206 10
207 10
208 10
209 10
210 10
211 10
212 10
213 10
214 10
215 10
216 10
217 10
218 10
219 10
220 11
221 11
222 11
223 11
224 11
225 11
226 11
227 11
228 11
229 11
230 11
231 11
232 11
233 11
234 11
235 11
236 11
237 11
238 11
239 11
240 12
241 12
242 12
243 12
244 12
245 12
246 12
247 12
248 12
249 12
250 12
251 12
252 12
253 12
254 12
255 12
256 12
257 12
258 12
259 12
260 13
261 13
262 13
263 13
264 13
265 13
266 13
267 13
268 13
269 13
270 13
271 13
272 13
273 13
274 13
275 13
276 13
277 13
278 13
279 13
280 14
281 14
282 14
283 14
284 14
285 14
286 14
287 14
288 14
289 14
290 14
291 14
292 14
293 14
294 14
295 14
296 14
297 14
298 14
299 14
300 15
301 15
302 15
303 15
304 15
305 15
306 15
307 15
308 15
309 15
310 15
311 15
312 15
313 15
314 15
315 15
316 15
317 15
318 15
319 15

2 0 0 0
2 1 0 0
3 1 0 0
3 0 0 0
4 0 0 0
4 1 0 0
5 4 0 0
5 3 0 0
6 4 0 0
6 0 0 0
7 5 0 0
7 2 0 0
8 6 0 0
8 3 0 0
9 7 0 0
9 0 0 0
10 7 0 0
10 2 0 0
11 2 0 0
11 10 0 0
12 0 0 0
12 7 0 0
13 0 0 0
13 6 0 0
14 13 0 0
14 11 0 0
15 3 0 0
15 8 0 0
16 13 0 0
16 14 0 0
17 4 0 0
17 0 0 0
18 3 0 0
18 2 0 0
19 10 0 0
19 2 0 0
0 14 0 0
0 16 0 0
1 6 0 0
1 7 0 0
22 20 1 1
22 21 1 1
23 20 1 1
23 22 1 1
24 20 1 1
24 22 1 1
25 23 1 1
25 22 1 1
26 20 1 1
26 21 1 1
27 25 1 1
27 22 1 1
28 26 1 1
28 25 1 1
29 23 1 1
29 22 1 1
30 21 1 1
30 26 1 1
31 27 1 1
31 30 1 1
32 24 1 1
32 22 1 1
33 23 1 1
33 29 1 1
34 30 1 1
34 28 1 1
35 31 1 1
35 27 1 1
36 25 1 1
36 31 1 1
37 27 1 1
37 35 1 1
38 30 1 1
38 35 1 1
39 38 1 1
39 24 1 1
20 38 1 1
20 30 1 1
21 37 1 1
21 33 1 1
42 41 2 2
42 40 2 2
43 42 2 2
43 40 2 2
44 41 2 2
44 40 2 2
45 42 2 2
45 43 2 2
46 41 2 2
46 44 2 2
47 43 2 2
47 45 2 2
48 41 2 2
48 44 2 2
49 42 2 2
49 43 2 2
50 44 2 2
50 41 2 2
51 43 2 2
51 40 2 2
52 45 2 2
52 44 2 2
53 43 2 2
53 45 2 2
54 45 2 2
54 46 2 2
55 43 2 2
55 49 2 2
56 48 2 2
56 43 2 2
57 56 2 2
57 52 2 2
58 57 2 2
58 41 2 2
59 43 2 2
59 47 2 2
40 55 2 2
40 49 2 2
41 52 2 2
41 56 2 2
62 60 3 3
62 61 3 3
63 62 3 3
63 60 3 3
64 62 3 3
64 61 3 3
65 64 3 3
65 60 3 3
66 61 3 3
66 65 3 3
67 66 3 3
67 64 3 3
68 65 3 3
68 62 3 3
69 66 3 3
69 65 3 3
70 69 3 3
70 62 3 3
71 62 3 3
71 63 3 3
72 70 3 3
72 62 3 3
73 69 3 3
73 66 3 3
74 72 3 3
74 69 3 3
75 66 3 3
75 71 3 3
76 71 3 3
76 69 3 3
77 68 3 3
77 69 3 3
78 69 3 3
78 76 3 3
79 70 3 3
79 69 3 3
60 64 3 3
60 72 3 3
61 68 3 3
61 72 3 3
82 81 4 4
82 80 4 4
83 80 4 4
83 81 4 4
84 82 4 4
84 81 4 4
85 82 4 4
85 84 4 4
86 84 4 4
86 80 4 4
87 80 4 4
87 86 4 4
88 82 4 4
88 84 4 4
89 88 4 4
89 87 4 4
90 80 4 4
90 84 4 4
91 90 4 4
91 86 4 4
92 83 4 4
92 89 4 4
93 91 4 4
93 87 4 4
94 92 4 4
94 87 4 4
95 92 4 4
95 80 4 4
96 91 4 4
96 85 4 4
97 81 4 4
97 84 4 4
98 95 4 4
98 86 4 4
99 80 4 4
99 87 4 4
80 92 4 4
80 93 4 4
81 92 4 4
81 89 4 4
102 100 5 5
102 101 5 5
103 101 5 5
103 102 5 5
104 103 5 5
104 101 5 5
105 102 5 5
105 104 5 5
106 100 5 5
106 105 5 5
107 103 5 5
107 106 5 5
108 101 5 5
108 100 5 5
109 105 5 5
109 107 5 5
110 105 5 5
110 102 5 5
111 106 5 5
111 102 5 5
112 108 5 5
112 101 5 5
113 110 5 5
113 109 5 5
114 112 5 5
114 104 5 5
115 110 5 5
115 111 5 5
116 101 5 5
116 107 5 5
117 116 5 5
117 114 5 5
118 116 5 5
118 113 5 5
119 103 5 5
119 109 5 5
100 110 5 5
100 113 5 5
101 105 5 5
101 117 5 5
122 120 6 6
122 121 6 6
123 121 6 6
123 122 6 6
124 121 6 6
124 123 6 6
125 121 6 6
125 122 6 6
126 123 6 6
126 124 6 6
127 125 6 6
127 120 6 6
128 127 6 6
128 122 6 6
129 128 6 6
129 127 6 6
130 128 6 6
130 121 6 6
131 120 6 6
131 121 6 6
132 122 6 6
132 126 6 6
133 131 6 6
133 123 6 6
134 124 6 6
134 132 6 6
135 128 6 6
135 125 6 6
136 125 6 6
136 122 6 6
137 120 6 6
137 126 6 6
138 136 6 6
138 129 6 6
139 136 6 6
139 138 6 6
120 130 6 6
120 123 6 6
121 133 6 6
121 137 6 6
142 141 7 7
142 140 7 7
143 141 7 7
143 140 7 7
144 141 7 7
144 140 7 7
145 142 7 7
145 144 7 7
146 141 7 7
146 142 7 7
147 142 7 7
147 141 7 7
148 142 7 7
148 141 7 7
149 143 7 7
149 148 7 7
150 147 7 7
150 144 7 7
151 140 7 7
151 148 7 7
152 149 7 7
152 144 7 7
153 151 7 7
153 149 7 7
154 151 7 7
154 147 7 7
155 150 7 7
155 146 7 7
156 142 7 7
156 148 7 7
157 155 7 7
157 141 7 7
158 151 7 7
158 145 7 7
159 144 7 7
159 150 7 7
140 156 7 7
140 159 7 7
141 159 7 7
141 149 7 7
162 160 8 8
162 161 8 8
163 162 8 8
163 161 8 8
164 161 8 8
164 163 8 8
165 162 8 8
165 160 8 8
166 160 8 8
166 162 8 8
167 163 8 8
167 165 8 8
168 162 8 8
168 160 8 8
169 166 8 8
169 164 8 8
170 165 8 8
170 162 8 8
171 168 8 8
171 164 8 8
172 163 8 8
172 160 8 8
173 166 8 8
173 171 8 8
174 164 8 8
174 160 8 8
175 161 8 8
175 162 8 8
176 166 8 8
176 174 8 8
177 168 8 8
177 165 8 8
178 165 8 8
178 164 8 8
179 172 8 8
179 178 8 8
160 176 8 8
160 178 8 8
161 169 8 8
161 178 8 8
182 180 9 9
182 181 9 9
183 181 9 9
183 180 9 9
184 181 9 9
184 183 9 9
185 183 9 9
185 180 9 9
186 183 9 9
186 185 9 9
187 181 9 9
187 184 9 9
188 187 9 9
188 185 9 9
189 184 9 9
189 182 9 9
190 186 9 9
190 188 9 9
191 181 9 9
191 184 9 9
192 184 9 9
192 188 9 9
193 190 9 9
193 188 9 9
194 183 9 9
194 188 9 9
195 190 9 9
195 188 9 9
196 180 9 9
196 194 9 9
197 183 9 9
197 180 9 9
198 186 9 9
198 183 9 9
199 185 9 9
199 196 9 9
180 193 9 9
180 192 9 9
181 188 9 9
181 189 9 9
202 201 10 10
202 200 10 10
203 200 10 10
203 202 10 10
204 202 10 10
204 200 10 10
205 201 10 10
205 200 10 10
206 201 10 10
206 202 10 10
207 203 10 10
207 202 10 10
208 206 10 10
208 200 10 10
209 205 10 10
209 204 10 10
210 202 10 10
210 205 10 10
211 206 10 10
211 209 10 10
212 203 10 10
212 200 10 10
213 204 10 10
213 207 10 10
214 206 10 10
214 210 10 10
215 209 10 10
215 204 10 10
216 206 10 10
216 207 10 10
217 215 10 10
217 204 10 10
218 207 10 10
218 204 10 10
219 213 10 10
219 209 10 10
200 214 10 10
200 217 10 10
201 210 10 10
201 209 10 10
222 220 11 11
222 221 11 11
223 222 11 11
223 221 11 11
224 221 11 11
224 223 11 11
225 223 11 11
225 220 11 11
226 221 11 11
226 224 11 11
227 226 11 11
227 224 11 11
228 220 11 11
228 221 11 11
229 227 11 11
229 220 11 11
230 227 11 11
230 221 11 11
231 228 11 11
231 227 11 11
232 231 11 11
232 227 11 11
233 224 11 11
233 230 11 11
234 232 11 11
234 223 11 11
235 233 11 11
235 227 11 11
236 223 11 11
236 234 11 11
237 233 11 11
237 231 11 11
238 224 11 11
238 233 11 11
239 224 11 11
239 233 11 11
220 232 11 11
220 234 11 11
221 235 11 11
221 227 11 11
242 240 12 12
242 241 12 12
243 242 12 12
243 240 12 12
244 240 12 12
244 241 12 12
245 241 12 12
245 243 12 12
246 241 12 12
246 244 12 12
247 240 12 12
247 242 12 12
248 243 12 12
248 244 12 12
249 247 12 12
249 240 12 12
250 245 12 12
250 247 12 12
251 244 12 12
251 246 12 12
252 245 12 12
252 241 12 12
253 245 12 12
253 250 12 12
254 247 12 12
254 244 12 12
255 245 12 12
255 244 12 12
256 253 12 12
256 255 12 12
257 247 12 12
257 242 12 12
258 254 12 12
258 250 12 12
259 253 12 12
259 249 12 12
240 259 12 12
240 257 12 12
241 249 12 12
241 251 12 12
262 260 13 13
262 261 13 13
263 262 13 13
263 260 13 13
264 261 13 13
264 260 13 13
265 264 13 13
265 260 13 13
266 265 13 13
266 262 13 13
267 266 13 13
267 261 13 13
268 263 13 13
268 261 13 13
269 265 13 13
269 262 13 13
270 261 13 13
270 264 13 13
271 261 13 13
271 268 13 13
272 268 13 13
272 260 13 13
273 263 13 13
273 260 13 13
274 263 13 13
274 269 13 13
275 264 13 13
275 265 13 13
276 271 13 13
276 274 13 13
277 264 13 13
277 266 13 13
278 266 13 13
278 271 13 13
279 276 13 13
279 277 13 13
260 271 13 13
260 268 13 13
261 269 13 13
261 265 13 13
282 280 14 14
282 281 14 14
283 280 14 14
283 281 14 14
284 281 14 14
284 280 14 14
285 282 14 14
285 280 14 14
286 280 14 14
286 282 14 14
287 284 14 14
287 282 14 14
288 287 14 14
288 282 14 14
289 287 14 14
289 285 14 14
290 289 14 14
290 283 14 14
291 280 14 14
291 281 14 14
292 281 14 14
292 287 14 14
293 287 14 14
293 284 14 14
294 286 14 14
294 288 14 14
295 285 14 14
295 283 14 14
296 284 14 14
296 283 14 14
297 289 14 14
297 291 14 14
298 282 14 14
298 290 14 14
299 284 14 14
299 289 14 14
280 290 14 14
280 288 14 14
281 299 14 14
281 288 14 14
302 301 15 15
302 300 15 15
303 301 15 15
303 300 15 15
304 303 15 15
304 301 15 15
305 300 15 15
305 304 15 15
306 300 15 15
306 305 15 15
307 303 15 15
307 302 15 15
308 307 15 15
308 303 15 15
309 305 15 15
309 307 15 15
310 301 15 15
310 308 15 15
311 306 15 15
311 309 15 15
312 311 15 15
312 301 15 15
313 307 15 15
313 312 15 15
314 304 15 15
314 308 15 15
315 314 15 15
315 310 15 15
316 302 15 15
316 301 15 15
317 303 15 15
317 302 15 15
318 304 15 15
318 305 15 15
319 303 15 15
319 306 15 15
300 319 15 15
300 309 15 15
301 305 15 15
301 311 15 15
54 1 2 0
53 21 2 1
63 12 3 0
62 25 3 1
88 55 4 2
91 2 4 0
114 99 5 4
115 48 5 2
125 98 6 4
128 18 6 0
149 11 7 0
141 30 7 1
169 85 8 4
173 13 8 0
189 74 9 3
199 33 9 1
218 130 10 6
217 47 10 2
224 15 11 0
221 54 11 2
244 42 12 2
243 215 12 10
273 226 13 11
268 205 13 10
299 96 14 4
294 238 14 11
304 139 15 6
319 2 15 0
3 115 0 5
8 218 0 10
31 176 1 8
22 317 1 15
