swNum = 320
edgeNum = 672

0 0
1 0
2 0
3 0
4 0
5 0
6 0
7 0
8 0
9 0
10 0
11 0
12 0
13 0
14 0
15 0
16 0
17 0
18 0
19 0
20 1
21 1
22 1
23 1
24 1
25 1
26 1
27 1
28 1
29 1
30 1
31 1
32 1
33 1
34 1
35 1
36 1
37 1
38 1
39 1
40 2
41 2
42 2
43 2
44 2
45 2
46 2
47 2
48 2
49 2
50 2
51 2
52 2
53 2
54 2
55 2
56 2
57 2
58 2
59 2
60 3
61 3
62 3
63 3
64 3
65 3
66 3
67 3
68 3
69 3
70 3
71 3
72 3
73 3
74 3
75 3
76 3
77 3
78 3
79 3
80 4
81 4
82 4
83 4
84 4
85 4
86 4
87 4
88 4
89 4
90 4
91 4
92 4
93 4
94 4
95 4
96 4
97 4
98 4
99 4
100 5
101 5
102 5
103 5
104 5
105 5
106 5
107 5
108 5
109 5
110 5
111 5
112 5
113 5
114 5
115 5
116 5
117 5
118 5
119 5
120 6
121 6
122 6
123 6
124 6
125 6
126 6
127 6
128 6
129 6
130 6
131 6
132 6
133 6
134 6
135 6
136 6
137 6
138 6
139 6
140 7
141 7
142 7
143 7
144 7
145 7
146 7
147 7
148 7
149 7
150 7
151 7
152 7
153 7
154 7
155 7
156 7
157 7
158 7
159 7
160 8
161 8
162 8
163 8
164 8
165 8
166 8
167 8
168 8
169 8
170 8
171 8
172 8
173 8
174 8
175 8
176 8
177 8
178 8
179 8
180 9
181 9
182 9
183 9
184 9
185 9
186 9
187 9
188 9
189 9
190 9
191 9
192 9
193 9
194 9
195 9
196 9
197 9
198 9
199 9
200 10
201 10
202 10
203 10
204 10
205 10
206 10
207 10
208 10
209 10
210 10
211 10
212 10
213 10
214 10
215 10
216 10
217 10
218 10
219 10
220 11
221 11
222 11
223 11
224 11
225 11
226 11
227 11
228 11
229 11
230 11
231 11
232 11
233 11
234 11
235 11
236 11
237 11
238 11
239 11
240 12
241 12
242 12
243 12
244 12
245 12
246 12
247 12
248 12
249 12
250 12
251 12
252 12
253 12
254 12
255 12
256 12
257 12
258 12
259 12
260 13
261 13
262 13
263 13
264 13
265 13
266 13
267 13
268 13
269 13
270 13
271 13
272 13
273 13
274 13
275 13
276 13
277 13
278 13
279 13
280 14
281 14
282 14
283 14
284 14
285 14
286 14
287 14
288 14
289 14
290 14
291 14
292 14
293 14
294 14
295 14
296 14
297 14
298 14
299 14
300 15
301 15
302 15
303 15
304 15
305 15
306 15
307 15
308 15
309 15
310 15
311 15
312 15
313 15
314 15
315 15
316 15
317 15
318 15
319 15

2 1 0 0
2 0 0 0
3 0 0 0
3 2 0 0
4 0 0 0
4 1 0 0
5 3 0 0
5 4 0 0
6 3 0 0
6 0 0 0
7 1 0 0
7 3 0 0
8 7 0 0
8 4 0 0
9 0 0 0
9 4 0 0
10 0 0 0
10 5 0 0
11 1 0 0
11 0 0 0
12 0 0 0
12 11 0 0
13 11 0 0
13 10 0 0
14 3 0 0
14 13 0 0
15 11 0 0
15 13 0 0
16 4 0 0
16 12 0 0
17 8 0 0
17 7 0 0
18 16 0 0
18 0 0 0
19 9 0 0
19 13 0 0
0 13 0 0
0 15 0 0
1 18 0 0
1 5 0 0
22 20 1 1
22 21 1 1
23 21 1 1
23 22 1 1
24 20 1 1
24 23 1 1
25 23 1 1
25 20 1 1
26 20 1 1
26 22 1 1
27 25 1 1
27 23 1 1
28 24 1 1
28 27 1 1
29 25 1 1
29 26 1 1
30 21 1 1
30 25 1 1
31 23 1 1
31 27 1 1
32 20 1 1
32 22 1 1
33 26 1 1
33 23 1 1
34 20 1 1
34 26 1 1
35 32 1 1
35 30 1 1
36 25 1 1
36 26 1 1
37 34 1 1
37 30 1 1
38 32 1 1
38 31 1 1
39 24 1 1
39 35 1 1
20 39 1 1
20 31 1 1
21 39 1 1
21 37 1 1
42 40 2 2
42 41 2 2
43 40 2 2
43 42 2 2
44 42 2 2
44 41 2 2
45 43 2 2
45 40 2 2
46 43 2 2
46 45 2 2
47 42 2 2
47 41 2 2
48 41 2 2
48 45 2 2
49 46 2 2
49 43 2 2
50 47 2 2
50 43 2 2
51 44 2 2
51 50 2 2
52 48 2 2
52 46 2 2
53 47 2 2
53 46 2 2
54 45 2 2
54 42 2 2
55 48 2 2
55 46 2 2
56 49 2 2
56 41 2 2
57 46 2 2
57 43 2 2
58 56 2 2
58 44 2 2
59 58 2 2
59 44 2 2
40 46 2 2
40 47 2 2
41 55 2 2
41 59 2 2
62 61 3 3
62 60 3 3
63 61 3 3
63 62 3 3
64 62 3 3
64 63 3 3
65 60 3 3
65 63 3 3
66 63 3 3
66 65 3 3
67 62 3 3
67 65 3 3
68 66 3 3
68 67 3 3
69 63 3 3
69 64 3 3
70 61 3 3
70 68 3 3
71 60 3 3
71 66 3 3
72 62 3 3
72 66 3 3
73 67 3 3
73 62 3 3
74 62 3 3
74 65 3 3
75 65 3 3
75 66 3 3
76 72 3 3
76 65 3 3
77 61 3 3
77 73 3 3
78 62 3 3
78 61 3 3
79 64 3 3
79 71 3 3
60 70 3 3
60 67 3 3
61 68 3 3
61 73 3 3
82 80 4 4
82 81 4 4
83 81 4 4
83 82 4 4
84 82 4 4
84 81 4 4
85 83 4 4
85 81 4 4
86 85 4 4
86 80 4 4
87 80 4 4
87 83 4 4
88 80 4 4
88 85 4 4
89 83 4 4
89 87 4 4
90 85 4 4
90 81 4 4
91 89 4 4
91 87 4 4
92 91 4 4
92 82 4 4
93 92 4 4
93 87 4 4
94 85 4 4
94 86 4 4
95 94 4 4
95 84 4 4
96 81 4 4
96 88 4 4
97 89 4 4
97 87 4 4
98 83 4 4
98 91 4 4
99 88 4 4
99 80 4 4
80 83 4 4
80 95 4 4
81 95 4 4
81 87 4 4
102 101 5 5
102 100 5 5
103 101 5 5
103 100 5 5
104 102 5 5
104 101 5 5
105 100 5 5
105 104 5 5
106 105 5 5
106 101 5 5
107 100 5 5
107 102 5 5
108 107 5 5
108 104 5 5
109 101 5 5
109 102 5 5
110 104 5 5
110 103 5 5
111 107 5 5
111 110 5 5
112 110 5 5
112 100 5 5
113 105 5 5
113 102 5 5
114 109 5 5
114 105 5 5
115 105 5 5
115 108 5 5
116 106 5 5
116 103 5 5
117 100 5 5
117 106 5 5
118 116 5 5
118 105 5 5
119 110 5 5
119 107 5 5
100 118 5 5
100 110 5 5
101 107 5 5
101 105 5 5
122 121 6 6
122 120 6 6
123 122 6 6
123 120 6 6
124 120 6 6
124 122 6 6
125 123 6 6
125 124 6 6
126 124 6 6
126 125 6 6
127 123 6 6
127 125 6 6
128 122 6 6
128 121 6 6
129 121 6 6
129 126 6 6
130 127 6 6
130 121 6 6
131 121 6 6
131 125 6 6
132 127 6 6
132 130 6 6
133 123 6 6
133 127 6 6
134 133 6 6
134 128 6 6
135 132 6 6
135 131 6 6
136 121 6 6
136 131 6 6
137 128 6 6
137 126 6 6
138 136 6 6
138 122 6 6
139 120 6 6
139 130 6 6
120 135 6 6
120 128 6 6
121 135 6 6
121 134 6 6
142 140 7 7
142 141 7 7
143 140 7 7
143 142 7 7
144 141 7 7
144 140 7 7
145 141 7 7
145 140 7 7
146 145 7 7
146 143 7 7
147 144 7 7
147 141 7 7
148 142 7 7
148 144 7 7
149 142 7 7
149 143 7 7
150 148 7 7
150 149 7 7
151 148 7 7
151 141 7 7
152 145 7 7
152 148 7 7
153 142 7 7
153 148 7 7
154 143 7 7
154 148 7 7
155 147 7 7
155 150 7 7
156 141 7 7
156 149 7 7
157 150 7 7
157 154 7 7
158 144 7 7
158 150 7 7
159 157 7 7
159 153 7 7
140 148 7 7
140 152 7 7
141 149 7 7
141 152 7 7
162 160 8 8
162 161 8 8
163 162 8 8
163 161 8 8
164 163 8 8
164 160 8 8
165 160 8 8
165 162 8 8
166 163 8 8
166 165 8 8
167 165 8 8
167 162 8 8
168 166 8 8
168 167 8 8
169 160 8 8
169 161 8 8
170 167 8 8
170 161 8 8
171 160 8 8
171 162 8 8
172 170 8 8
172 168 8 8
173 165 8 8
173 163 8 8
174 160 8 8
174 169 8 8
175 162 8 8
175 163 8 8
176 173 8 8
176 171 8 8
177 164 8 8
177 175 8 8
178 168 8 8
178 163 8 8
179 178 8 8
179 160 8 8
160 177 8 8
160 176 8 8
161 178 8 8
161 165 8 8
182 180 9 9
182 181 9 9
183 182 9 9
183 180 9 9
184 182 9 9
184 183 9 9
185 180 9 9
185 181 9 9
186 180 9 9
186 185 9 9
187 180 9 9
187 185 9 9
188 180 9 9
188 181 9 9
189 188 9 9
189 185 9 9
190 189 9 9
190 186 9 9
191 183 9 9
191 188 9 9
192 180 9 9
192 189 9 9
193 184 9 9
193 185 9 9
194 186 9 9
194 185 9 9
195 191 9 9
195 192 9 9
196 191 9 9
196 190 9 9
197 195 9 9
197 183 9 9
198 194 9 9
198 188 9 9
199 189 9 9
199 185 9 9
180 184 9 9
180 189 9 9
181 194 9 9
181 193 9 9
202 201 10 10
202 200 10 10
203 201 10 10
203 200 10 10
204 202 10 10
204 201 10 10
205 202 10 10
205 201 10 10
206 202 10 10
206 201 10 10
207 206 10 10
207 205 10 10
208 204 10 10
208 200 10 10
209 201 10 10
209 202 10 10
210 202 10 10
210 206 10 10
211 205 10 10
211 201 10 10
212 209 10 10
212 202 10 10
213 204 10 10
213 201 10 10
214 209 10 10
214 210 10 10
215 205 10 10
215 203 10 10
216 215 10 10
216 203 10 10
217 211 10 10
217 215 10 10
218 202 10 10
218 212 10 10
219 201 10 10
219 217 10 10
200 211 10 10
200 213 10 10
201 207 10 10
201 210 10 10
222 221 11 11
222 220 11 11
223 220 11 11
223 221 11 11
224 222 11 11
224 223 11 11
225 224 11 11
225 220 11 11
226 223 11 11
226 224 11 11
227 222 11 11
227 225 11 11
228 221 11 11
228 227 11 11
229 227 11 11
229 225 11 11
230 222 11 11
230 220 11 11
231 224 11 11
231 227 11 11
232 223 11 11
232 230 11 11
233 220 11 11
233 225 11 11
234 223 11 11
234 233 11 11
235 228 11 11
235 227 11 11
236 225 11 11
236 220 11 11
237 227 11 11
237 225 11 11
238 226 11 11
238 224 11 11
239 220 11 11
239 236 11 11
220 227 11 11
220 232 11 11
221 226 11 11
221 235 11 11
242 240 12 12
242 241 12 12
243 240 12 12
243 241 12 12
244 241 12 12
244 242 12 12
245 244 12 12
245 242 12 12
246 241 12 12
246 240 12 12
247 245 12 12
247 242 12 12
248 246 12 12
248 242 12 12
249 241 12 12
249 245 12 12
250 246 12 12
250 247 12 12
251 242 12 12
251 240 12 12
252 242 12 12
252 243 12 12
253 252 12 12
253 241 12 12
254 252 12 12
254 246 12 12
255 252 12 12
255 254 12 12
256 251 12 12
256 252 12 12
257 255 12 12
257 244 12 12
258 247 12 12
258 250 12 12
259 250 12 12
259 245 12 12
240 252 12 12
240 253 12 12
241 252 12 12
241 257 12 12
262 260 13 13
262 261 13 13
263 262 13 13
263 261 13 13
264 260 13 13
264 263 13 13
265 262 13 13
265 263 13 13
266 263 13 13
266 261 13 13
267 264 13 13
267 265 13 13
268 267 13 13
268 261 13 13
269 261 13 13
269 260 13 13
270 267 13 13
270 266 13 13
271 270 13 13
271 261 13 13
272 261 13 13
272 265 13 13
273 266 13 13
273 265 13 13
274 271 13 13
274 262 13 13
275 260 13 13
275 270 13 13
276 275 13 13
276 274 13 13
277 275 13 13
277 269 13 13
278 266 13 13
278 276 13 13
279 262 13 13
279 277 13 13
260 274 13 13
260 276 13 13
261 270 13 13
261 277 13 13
282 281 14 14
282 280 14 14
283 281 14 14
283 282 14 14
284 280 14 14
284 281 14 14
285 280 14 14
285 283 14 14
286 285 14 14
286 282 14 14
287 285 14 14
287 286 14 14
288 282 14 14
288 281 14 14
289 284 14 14
289 285 14 14
290 284 14 14
290 288 14 14
291 287 14 14
291 285 14 14
292 280 14 14
292 285 14 14
293 287 14 14
293 289 14 14
294 286 14 14
294 290 14 14
295 286 14 14
295 284 14 14
296 292 14 14
296 286 14 14
297 290 14 14
297 288 14 14
298 295 14 14
298 296 14 14
299 289 14 14
299 284 14 14
280 289 14 14
280 283 14 14
281 298 14 14
281 285 14 14
302 300 15 15
302 301 15 15
303 300 15 15
303 301 15 15
304 302 15 15
304 300 15 15
305 302 15 15
305 303 15 15
306 305 15 15
306 300 15 15
307 305 15 15
307 304 15 15
308 305 15 15
308 304 15 15
309 304 15 15
309 302 15 15
310 301 15 15
310 307 15 15
311 310 15 15
311 303 15 15
312 309 15 15
312 300 15 15
313 309 15 15
313 300 15 15
314 302 15 15
314 304 15 15
315 312 15 15
315 311 15 15
316 305 15 15
316 306 15 15
317 300 15 15
317 315 15 15
318 312 15 15
318 315 15 15
319 314 15 15
319 304 15 15
300 305 15 15
300 308 15 15
301 318 15 15
301 307 15 15
43 6 2 0
51 21 2 1
62 0 3 0
75 20 3 1
89 0 4 0
84 27 4 1
117 39 5 1
115 87 5 4
124 101 6 5
136 68 6 3
147 47 7 2
156 73 7 3
169 78 8 3
175 46 8 2
194 40 9 2
186 179 9 8
219 103 10 5
204 77 10 3
238 60 11 3
220 211 11 10
241 147 12 7
257 61 12 3
274 179 13 8
263 196 13 9
291 274 14 13
280 46 14 2
310 51 15 2
310 216 15 10
5 149 0 7
4 257 0 12
28 141 1 7
35 238 1 11
