swNum = 320
edgeNum = 672

0 0
1 0
2 0
3 0
4 0
5 0
6 0
7 0
8 0
9 0
10 0
11 0
12 0
13 0
14 0
15 0
16 0
17 0
18 0
19 0
20 1
21 1
22 1
23 1
24 1
25 1
26 1
27 1
28 1
29 1
30 1
31 1
32 1
33 1
34 1
35 1
36 1
37 1
38 1
39 1
40 2
41 2
42 2
43 2
44 2
45 2
46 2
47 2
48 2
49 2
50 2
51 2
52 2
53 2
54 2
55 2
56 2
57 2
58 2
59 2
60 3
61 3
62 3
63 3
64 3
65 3
66 3
67 3
68 3
69 3
70 3
71 3
72 3
73 3
74 3
75 3
76 3
77 3
78 3
79 3
80 4
81 4
82 4
83 4
84 4
85 4
86 4
87 4
88 4
89 4
90 4
91 4
92 4
93 4
94 4
95 4
96 4
97 4
98 4
99 4
100 5
101 5
102 5
103 5
104 5
105 5
106 5
107 5
108 5
109 5
110 5
111 5
112 5
113 5
114 5
115 5
116 5
117 5
118 5
119 5
120 6
121 6
122 6
123 6
124 6
125 6
126 6
127 6
128 6
129 6
130 6
131 6
132 6
133 6
134 6
135 6
136 6
137 6
138 6
139 6
140 7
141 7
142 7
143 7
144 7
145 7
146 7
147 7
148 7
149 7
150 7
151 7
152 7
153 7
154 7
155 7
156 7
157 7
158 7
159 7
160 8
161 8
162 8
163 8
164 8
165 8
166 8
167 8
168 8
169 8
170 8
171 8
172 8
173 8
174 8
175 8
176 8
177 8
178 8
179 8
180 9
181 9
182 9
183 9
184 9
185 9
186 9
187 9
188 9
189 9
190 9
191 9
192 9
193 9
194 9
195 9
196 9
197 9
198 9
199 9
200 10
201 10
202 10
203 10
204 10
205 10
206 10
207 10
208 10
209 10
210 10
211 10
212 10
213 10
214 10
215 10
216 10
217 10
218 10
219 10
220 11
221 11
222 11
223 11
224 11
225 11
226 11
227 11
228 11
229 11
230 11
231 11
232 11
233 11
234 11
235 11
236 11
237 11
238 11
239 11
240 12
241 12
242 12
243 12
244 12
245 12
246 12
247 12
248 12
249 12
250 12
251 12
252 12
253 12
254 12
255 12
256 12
257 12
258 12
259 12
260 13
261 13
262 13
263 13
264 13
265 13
266 13
267 13
268 13
269 13
270 13
271 13
272 13
273 13
274 13
275 13
276 13
277 13
278 13
279 13
280 14
281 14
282 14
283 14
284 14
285 14
286 14
287 14
288 14
289 14
290 14
291 14
292 14
293 14
294 14
295 14
296 14
297 14
298 14
299 14
300 15
301 15
302 15
303 15
304 15
305 15
306 15
307 15
308 15
309 15
310 15
311 15
312 15
313 15
314 15
315 15
316 15
317 15
318 15
319 15

2 1 0 0
2 0 0 0
3 1 0 0
3 0 0 0
4 0 0 0
4 2 0 0
5 4 0 0
5 2 0 0
6 0 0 0
6 2 0 0
7 2 0 0
7 5 0 0
8 0 0 0
8 6 0 0
9 7 0 0
9 8 0 0
10 4 0 0
10 8 0 0
11 8 0 0
11 6 0 0
12 9 0 0
12 5 0 0
13 12 0 0
13 1 0 0
14 2 0 0
14 12 0 0
15 2 0 0
15 8 0 0
16 8 0 0
16 4 0 0
17 16 0 0
17 6 0 0
18 3 0 0
18 14 0 0
19 15 0 0
19 12 0 0
0 16 0 0
0 18 0 0
1 4 0 0
1 14 0 0
22 20 1 1
22 21 1 1
23 20 1 1
23 22 1 1
24 23 1 1
24 20 1 1
25 24 1 1
25 20 1 1
26 23 1 1
26 24 1 1
27 20 1 1
27 22 1 1
28 22 1 1
28 27 1 1
29 26 1 1
29 25 1 1
30 26 1 1
30 24 1 1
31 23 1 1
31 24 1 1
32 25 1 1
32 28 1 1
33 25 1 1
33 22 1 1
34 21 1 1
34 27 1 1
35 23 1 1
35 26 1 1
36 30 1 1
36 21 1 1
37 30 1 1
37 27 1 1
38 28 1 1
38 34 1 1
39 37 1 1
39 31 1 1
20 34 1 1
20 35 1 1
21 28 1 1
21 30 1 1
42 40 2 2
42 41 2 2
43 40 2 2
43 41 2 2
44 42 2 2
44 43 2 2
45 41 2 2
45 40 2 2
46 44 2 2
46 41 2 2
47 46 2 2
47 45 2 2
48 43 2 2
48 42 2 2
49 47 2 2
49 46 2 2
50 43 2 2
50 47 2 2
51 50 2 2
51 41 2 2
52 49 2 2
52 44 2 2
53 49 2 2
53 45 2 2
54 43 2 2
54 46 2 2
55 47 2 2
55 44 2 2
56 50 2 2
56 54 2 2
57 53 2 2
57 54 2 2
58 53 2 2
58 43 2 2
59 54 2 2
59 53 2 2
40 52 2 2
40 50 2 2
41 59 2 2
41 52 2 2
62 60 3 3
62 61 3 3
63 60 3 3
63 61 3 3
64 61 3 3
64 60 3 3
65 60 3 3
65 64 3 3
66 62 3 3
66 65 3 3
67 63 3 3
67 64 3 3
68 63 3 3
68 65 3 3
69 62 3 3
69 66 3 3
70 66 3 3
70 65 3 3
71 60 3 3
71 64 3 3
72 70 3 3
72 71 3 3
73 64 3 3
73 68 3 3
74 66 3 3
74 65 3 3
75 60 3 3
75 70 3 3
76 61 3 3
76 72 3 3
77 67 3 3
77 76 3 3
78 63 3 3
78 68 3 3
79 61 3 3
79 71 3 3
60 73 3 3
60 67 3 3
61 70 3 3
61 72 3 3
82 80 4 4
82 81 4 4
83 81 4 4
83 80 4 4
84 80 4 4
84 82 4 4
85 82 4 4
85 83 4 4
86 84 4 4
86 83 4 4
87 80 4 4
87 83 4 4
88 80 4 4
88 81 4 4
89 81 4 4
89 80 4 4
90 88 4 4
90 89 4 4
91 81 4 4
91 88 4 4
92 82 4 4
92 91 4 4
93 80 4 4
93 87 4 4
94 92 4 4
94 88 4 4
95 92 4 4
95 87 4 4
96 94 4 4
96 93 4 4
97 81 4 4
97 82 4 4
98 81 4 4
98 97 4 4
99 87 4 4
99 89 4 4
80 99 4 4
80 90 4 4
81 92 4 4
81 96 4 4
102 100 5 5
102 101 5 5
103 100 5 5
103 101 5 5
104 102 5 5
104 100 5 5
105 100 5 5
105 101 5 5
106 104 5 5
106 101 5 5
107 103 5 5
107 101 5 5
108 107 5 5
108 103 5 5
109 106 5 5
109 108 5 5
110 101 5 5
110 107 5 5
111 107 5 5
111 103 5 5
112 101 5 5
112 106 5 5
113 103 5 5
113 106 5 5
114 102 5 5
114 113 5 5
115 104 5 5
115 112 5 5
116 104 5 5
116 111 5 5
117 105 5 5
117 103 5 5
118 110 5 5
118 107 5 5
119 116 5 5
119 117 5 5
100 119 5 5
100 113 5 5
101 108 5 5
101 117 5 5
122 121 6 6
122 120 6 6
123 121 6 6
123 120 6 6
124 120 6 6
124 123 6 6
125 122 6 6
125 121 6 6
126 122 6 6
126 124 6 6
127 121 6 6
127 122 6 6
128 123 6 6
128 121 6 6
129 121 6 6
129 123 6 6
130 121 6 6
130 122 6 6
131 129 6 6
131 126 6 6
132 129 6 6
132 125 6 6
133 125 6 6
133 121 6 6
134 122 6 6
134 125 6 6
135 131 6 6
135 126 6 6
136 129 6 6
136 121 6 6
137 131 6 6
137 134 6 6
138 120 6 6
138 123 6 6
139 128 6 6
139 120 6 6
120 127 6 6
120 129 6 6
121 124 6 6
121 134 6 6
142 141 7 7
142 140 7 7
143 142 7 7
143 140 7 7
144 143 7 7
144 140 7 7
145 141 7 7
145 143 7 7
146 141 7 7
146 142 7 7
147 145 7 7
147 146 7 7
148 143 7 7
148 145 7 7
149 142 7 7
149 140 7 7
150 143 7 7
150 142 7 7
151 146 7 7
151 141 7 7
152 144 7 7
152 146 7 7
153 144 7 7
153 145 7 7
154 150 7 7
154 147 7 7
155 145 7 7
155 146 7 7
156 141 7 7
156 148 7 7
157 142 7 7
157 145 7 7
158 146 7 7
158 140 7 7
159 149 7 7
159 152 7 7
140 150 7 7
140 157 7 7
141 152 7 7
141 157 7 7
162 161 8 8
162 160 8 8
163 162 8 8
163 161 8 8
164 161 8 8
164 163 8 8
165 162 8 8
165 160 8 8
166 165 8 8
166 160 8 8
167 162 8 8
167 161 8 8
168 167 8 8
168 165 8 8
169 168 8 8
169 161 8 8
170 167 8 8
170 161 8 8
171 169 8 8
171 168 8 8
172 170 8 8
172 160 8 8
173 169 8 8
173 161 8 8
174 169 8 8
174 161 8 8
175 174 8 8
175 169 8 8
176 161 8 8
176 163 8 8
177 170 8 8
177 173 8 8
178 170 8 8
178 168 8 8
179 165 8 8
179 162 8 8
160 167 8 8
160 171 8 8
161 177 8 8
161 171 8 8
182 180 9 9
182 181 9 9
183 181 9 9
183 182 9 9
184 180 9 9
184 181 9 9
185 183 9 9
185 184 9 9
186 180 9 9
186 183 9 9
187 184 9 9
187 183 9 9
188 185 9 9
188 187 9 9
189 184 9 9
189 181 9 9
190 187 9 9
190 186 9 9
191 187 9 9
191 189 9 9
192 182 9 9
192 187 9 9
193 183 9 9
193 184 9 9
194 182 9 9
194 189 9 9
195 186 9 9
195 191 9 9
196 185 9 9
196 188 9 9
197 182 9 9
197 180 9 9
198 197 9 9
198 189 9 9
199 187 9 9
199 186 9 9
180 199 9 9
180 194 9 9
181 188 9 9
181 196 9 9
202 201 10 10
202 200 10 10
203 200 10 10
203 202 10 10
204 203 10 10
204 200 10 10
205 201 10 10
205 202 10 10
206 202 10 10
206 200 10 10
207 200 10 10
207 204 10 10
208 202 10 10
208 205 10 10
209 201 10 10
209 203 10 10
210 204 10 10
210 201 10 10
211 202 10 10
211 208 10 10
212 205 10 10
212 208 10 10
213 208 10 10
213 202 10 10
214 204 10 10
214 205 10 10
215 201 10 10
215 204 10 10
216 210 10 10
216 206 10 10
217 214 10 10
217 200 10 10
218 209 10 10
218 217 10 10
219 210 10 10
219 204 10 10
200 218 10 10
200 209 10 10
201 212 10 10
201 207 10 10
222 221 11 11
222 220 11 11
223 222 11 11
223 221 11 11
224 221 11 11
224 220 11 11
225 220 11 11
225 221 11 11
226 225 11 11
226 220 11 11
227 225 11 11
227 220 11 11
228 221 11 11
228 220 11 11
229 227 11 11
229 226 11 11
230 229 11 11
230 221 11 11
231 223 11 11
231 224 11 11
232 220 11 11
232 225 11 11
233 230 11 11
233 220 11 11
234 226 11 11
234 227 11 11
235 231 11 11
235 228 11 11
236 232 11 11
236 220 11 11
237 226 11 11
237 233 11 11
238 237 11 11
238 234 11 11
239 221 11 11
239 237 11 11
220 235 11 11
220 230 11 11
221 226 11 11
221 233 11 11
242 241 12 12
242 240 12 12
243 240 12 12
243 241 12 12
244 240 12 12
244 241 12 12
245 242 12 12
245 243 12 12
246 245 12 12
246 244 12 12
247 244 12 12
247 241 12 12
248 243 12 12
248 245 12 12
249 247 12 12
249 242 12 12
250 242 12 12
250 249 12 12
251 248 12 12
251 245 12 12
252 249 12 12
252 251 12 12
253 247 12 12
253 245 12 12
254 251 12 12
254 241 12 12
255 249 12 12
255 245 12 12
256 248 12 12
256 250 12 12
257 254 12 12
257 252 12 12
258 247 12 12
258 240 12 12
259 257 12 12
259 258 12 12
240 251 12 12
240 246 12 12
241 259 12 12
241 258 12 12
262 260 13 13
262 261 13 13
263 262 13 13
263 261 13 13
264 263 13 13
264 260 13 13
265 262 13 13
265 260 13 13
266 262 13 13
266 265 13 13
267 265 13 13
267 266 13 13
268 262 13 13
268 261 13 13
269 261 13 13
269 266 13 13
270 260 13 13
270 264 13 13
271 266 13 13
271 268 13 13
272 264 13 13
272 268 13 13
273 268 13 13
273 270 13 13
274 263 13 13
274 262 13 13
275 260 13 13
275 267 13 13
276 261 13 13
276 269 13 13
277 263 13 13
277 261 13 13
278 260 13 13
278 266 13 13
279 263 13 13
279 277 13 13
260 263 13 13
260 277 13 13
261 273 13 13
261 265 13 13
282 281 14 14
282 280 14 14
283 282 14 14
283 280 14 14
284 280 14 14
284 282 14 14
285 282 14 14
285 280 14 14
286 282 14 14
286 285 14 14
287 282 14 14
287 286 14 14
288 283 14 14
288 287 14 14
289 282 14 14
289 280 14 14
290 288 14 14
290 286 14 14
291 281 14 14
291 290 14 14
292 282 14 14
292 283 14 14
293 290 14 14
293 285 14 14
294 292 14 14
294 293 14 14
295 285 14 14
295 282 14 14
296 287 14 14
296 285 14 14
297 291 14 14
297 293 14 14
298 286 14 14
298 288 14 14
299 286 14 14
299 295 14 14
280 293 14 14
280 299 14 14
281 286 14 14
281 294 14 14
302 301 15 15
302 300 15 15
303 301 15 15
303 302 15 15
304 303 15 15
304 300 15 15
305 300 15 15
305 301 15 15
306 301 15 15
306 305 15 15
307 302 15 15
307 304 15 15
308 304 15 15
308 301 15 15
309 301 15 15
309 306 15 15
310 302 15 15
310 308 15 15
311 301 15 15
311 306 15 15
312 300 15 15
312 304 15 15
313 304 15 15
313 302 15 15
314 307 15 15
314 311 15 15
315 311 15 15
315 308 15 15
316 303 15 15
316 308 15 15
317 305 15 15
317 306 15 15
318 304 15 15
318 302 15 15
319 303 15 15
319 316 15 15
300 308 15 15
300 318 15 15
301 319 15 15
301 317 15 15
58 3 2 0
58 25 2 1
75 14 3 0
67 39 3 1
86 41 4 2
84 14 4 0
110 28 5 1
102 96 5 4
126 112 6 5
135 44 6 2
144 138 7 6
144 32 7 1
173 121 8 6
164 19 8 0
198 12 9 0
190 162 9 8
212 60 10 3
205 130 10 6
226 61 11 3
231 59 11 2
241 93 12 4
256 202 12 10
266 118 13 5
266 49 13 2
293 50 14 2
283 82 14 4
317 212 15 10
308 272 15 13
7 253 0 12
16 318 0 15
22 131 1 6
39 243 1 12
