swNum = 320
edgeNum = 672

0 0
1 0
2 0
3 0
4 0
5 0
6 0
7 0
8 0
9 0
10 0
11 0
12 0
13 0
14 0
15 0
16 0
17 0
18 0
19 0
20 1
21 1
22 1
23 1
24 1
25 1
26 1
27 1
28 1
29 1
30 1
31 1
32 1
33 1
34 1
35 1
36 1
37 1
38 1
39 1
40 2
41 2
42 2
43 2
44 2
45 2
46 2
47 2
48 2
49 2
50 2
51 2
52 2
53 2
54 2
55 2
56 2
57 2
58 2
59 2
60 3
61 3
62 3
63 3
64 3
65 3
66 3
67 3
68 3
69 3
70 3
71 3
72 3
73 3
74 3
75 3
76 3
77 3
78 3
79 3
80 4
81 4
82 4
83 4
84 4
85 4
86 4
87 4
88 4
89 4
90 4
91 4
92 4
93 4
94 4
95 4
96 4
97 4
98 4
99 4
100 5
101 5
102 5
103 5
104 5
105 5
106 5
107 5
108 5
109 5
110 5
111 5
112 5
113 5
114 5
115 5
116 5
117 5
118 5
119 5
120 6
121 6
122 6
123 6
124 6
125 6
126 6
127 6
128 6
129 6
130 6
131 6
132 6
133 6
134 6
135 6
136 6
137 6
138 6
139 6
140 7
141 7
142 7
143 7
144 7
145 7
146 7
147 7
148 7
149 7
150 7
151 7
152 7
153 7
154 7
155 7
156 7
157 7
158 7
159 7
160 8
161 8
162 8
163 8
164 8
165 8
166 8
167 8
168 8
169 8
170 8
171 8
172 8
173 8
174 8
175 8
176 8
177 8
178 8
179 8
180 9
181 9
182 9
183 9
184 9
185 9
186 9
187 9
188 9
189 9
190 9
191 9
192 9
193 9
194 9
195 9
196 9
197 9
198 9
199 9
200 10
201 10
202 10
203 10
204 10
205 10
206 10
207 10
208 10
209 10
210 10
211 10
212 10
213 10
214 10
215 10
216 10
217 10
218 10
219 10
220 11
221 11
222 11
223 11
224 11
225 11
226 11
227 11
228 11
229 11
230 11
231 11
232 11
233 11
234 11
235 11
236 11
237 11
238 11
239 11
240 12
241 12
242 12
243 12
244 12
245 12
246 12
247 12
248 12
249 12
250 12
251 12
252 12
253 12
254 12
255 12
256 12
257 12
258 12
259 12
260 13
261 13
262 13
263 13
264 13
265 13
266 13
267 13
268 13
269 13
270 13
271 13
272 13
273 13
274 13
275 13
276 13
277 13
278 13
279 13
280 14
281 14
282 14
283 14
284 14
285 14
286 14
287 14
288 14
289 14
290 14
291 14
292 14
293 14
294 14
295 14
296 14
297 14
298 14
299 14
300 15
301 15
302 15
303 15
304 15
305 15
306 15
307 15
308 15
309 15
310 15
311 15
312 15
313 15
314 15
315 15
316 15
317 15
318 15
319 15

2 0 0 0
2 1 0 0
3 2 0 0
3 1 0 0
4 3 0 0
4 1 0 0
5 4 0 0
5 2 0 0
6 3 0 0
6 5 0 0
7 0 0 0
7 2 0 0
8 3 0 0
8 6 0 0
9 1 0 0
9 7 0 0
10 6 0 0
10 1 0 0
11 10 0 0
11 2 0 0
12 6 0 0
12 7 0 0
13 10 0 0
13 3 0 0
14 8 0 0
14 4 0 0
15 2 0 0
15 3 0 0
16 1 0 0
16 14 0 0
17 13 0 0
17 9 0 0
18 12 0 0
18 16 0 0
19 17 0 0
19 13 0 0
0 18 0 0
0 10 0 0
1 14 0 0
1 11 0 0
22 21 1 1
22 20 1 1
23 22 1 1
23 21 1 1
24 23 1 1
24 22 1 1
25 24 1 1
25 21 1 1
26 23 1 1
26 24 1 1
27 26 1 1
27 20 1 1
28 24 1 1
28 21 1 1
29 26 1 1
29 23 1 1
30 25 1 1
30 23 1 1
31 23 1 1
31 21 1 1
32 30 1 1
32 27 1 1
33 31 1 1
33 32 1 1
34 24 1 1
34 21 1 1
35 23 1 1
35 26 1 1
36 24 1 1
36 35 1 1
37 28 1 1
37 26 1 1
38 26 1 1
38 20 1 1
39 30 1 1
39 28 1 1
20 36 1 1
20 39 1 1
21 36 1 1
21 24 1 1
42 40 2 2
42 41 2 2
43 41 2 2
43 42 2 2
44 42 2 2
44 40 2 2
45 40 2 2
45 43 2 2
46 40 2 2
46 44 2 2
47 45 2 2
47 40 2 2
48 41 2 2
48 42 2 2
49 48 2 2
49 41 2 2
50 44 2 2
50 40 2 2
51 49 2 2
51 47 2 2
52 51 2 2
52 46 2 2
53 44 2 2
53 48 2 2
54 48 2 2
54 43 2 2
55 45 2 2
55 52 2 2
56 47 2 2
56 48 2 2
57 48 2 2
57 47 2 2
58 47 2 2
58 43 2 2
59 48 2 2
59 45 2 2
40 53 2 2
40 43 2 2
41 58 2 2
41 52 2 2
62 61 3 3
62 60 3 3
63 62 3 3
63 60 3 3
64 61 3 3
64 62 3 3
65 61 3 3
65 60 3 3
66 63 3 3
66 64 3 3
67 61 3 3
67 63 3 3
68 64 3 3
68 62 3 3
69 64 3 3
69 67 3 3
70 61 3 3
70 60 3 3
71 66 3 3
71 65 3 3
72 71 3 3
72 61 3 3
73 62 3 3
73 64 3 3
74 66 3 3
74 70 3 3
75 66 3 3
75 67 3 3
76 68 3 3
76 66 3 3
77 63 3 3
77 72 3 3
78 68 3 3
78 61 3 3
79 74 3 3
79 61 3 3
60 74 3 3
60 78 3 3
61 66 3 3
61 76 3 3
82 81 4 4
82 80 4 4
83 81 4 4
83 82 4 4
84 81 4 4
84 80 4 4
85 84 4 4
85 82 4 4
86 82 4 4
86 83 4 4
87 81 4 4
87 80 4 4
88 80 4 4
88 85 4 4
89 80 4 4
89 87 4 4
90 80 4 4
90 86 4 4
91 80 4 4
91 81 4 4
92 82 4 4
92 87 4 4
93 81 4 4
93 83 4 4
94 85 4 4
94 92 4 4
95 94 4 4
95 83 4 4
96 93 4 4
96 81 4 4
97 81 4 4
97 95 4 4
98 85 4 4
98 88 4 4
99 84 4 4
99 98 4 4
80 83 4 4
80 86 4 4
81 85 4 4
81 95 4 4
102 100 5 5
102 101 5 5
103 101 5 5
103 102 5 5
104 103 5 5
104 102 5 5
105 103 5 5
105 104 5 5
106 104 5 5
106 102 5 5
107 106 5 5
107 101 5 5
108 100 5 5
108 101 5 5
109 103 5 5
109 100 5 5
110 100 5 5
110 101 5 5
111 108 5 5
111 106 5 5
112 104 5 5
112 106 5 5
113 107 5 5
113 108 5 5
114 111 5 5
114 100 5 5
115 105 5 5
115 110 5 5
116 111 5 5
116 108 5 5
117 102 5 5
117 107 5 5
118 107 5 5
118 116 5 5
119 108 5 5
119 116 5 5
100 113 5 5
100 111 5 5
101 112 5 5
101 117 5 5
122 120 6 6
122 121 6 6
123 122 6 6
123 120 6 6
124 122 6 6
124 121 6 6
125 120 6 6
125 121 6 6
126 122 6 6
126 125 6 6
127 124 6 6
127 126 6 6
128 124 6 6
128 127 6 6
129 126 6 6
129 127 6 6
130 127 6 6
130 120 6 6
131 120 6 6
131 124 6 6
132 121 6 6
132 128 6 6
133 121 6 6
133 131 6 6
134 131 6 6
134 133 6 6
135 133 6 6
135 129 6 6
136 122 6 6
136 132 6 6
137 134 6 6
137 126 6 6
138 122 6 6
138 136 6 6
139 120 6 6
139 138 6 6
120 135 6 6
120 138 6 6
121 126 6 6
121 136 6 6
142 141 7 7
142 140 7 7
143 141 7 7
143 142 7 7
144 140 7 7
144 141 7 7
145 141 7 7
145 140 7 7
146 141 7 7
146 140 7 7
147 144 7 7
147 140 7 7
148 143 7 7
148 144 7 7
149 145 7 7
149 140 7 7
150 140 7 7
150 141 7 7
151 145 7 7
151 140 7 7
152 147 7 7
152 144 7 7
153 150 7 7
153 141 7 7
154 145 7 7
154 148 7 7
155 148 7 7
155 149 7 7
156 154 7 7
156 152 7 7
157 144 7 7
157 142 7 7
158 146 7 7
158 151 7 7
159 144 7 7
159 147 7 7
140 152 7 7
140 155 7 7
141 147 7 7
141 158 7 7
162 160 8 8
162 161 8 8
163 162 8 8
163 160 8 8
164 161 8 8
164 162 8 8
165 163 8 8
165 161 8 8
166 164 8 8
166 161 8 8
167 163 8 8
167 165 8 8
168 162 8 8
168 165 8 8
169 161 8 8
169 163 8 8
170 163 8 8
170 162 8 8
171 168 8 8
171 161 8 8
172 163 8 8
172 168 8 8
173 165 8 8
173 167 8 8
174 167 8 8
174 173 8 8
175 165 8 8
175 169 8 8
176 164 8 8
176 161 8 8
177 172 8 8
177 173 8 8
178 170 8 8
178 162 8 8
179 178 8 8
179 170 8 8
160 178 8 8
160 164 8 8
161 178 8 8
161 174 8 8
182 181 9 9
182 180 9 9
183 182 9 9
183 181 9 9
184 183 9 9
184 180 9 9
185 180 9 9
185 184 9 9
186 180 9 9
186 185 9 9
187 181 9 9
187 182 9 9
188 185 9 9
188 183 9 9
189 186 9 9
189 188 9 9
190 183 9 9
190 182 9 9
191 181 9 9
191 182 9 9
192 181 9 9
192 189 9 9
193 186 9 9
193 181 9 9
194 190 9 9
194 187 9 9
195 193 9 9
195 181 9 9
196 192 9 9
196 193 9 9
197 190 9 9
197 196 9 9
198 184 9 9
198 191 9 9
199 194 9 9
199 195 9 9
180 192 9 9
180 196 9 9
181 184 9 9
181 190 9 9
202 200 10 10
202 201 10 10
203 201 10 10
203 202 10 10
204 200 10 10
204 201 10 10
205 200 10 10
205 202 10 10
206 204 10 10
206 201 10 10
207 201 10 10
207 204 10 10
208 203 10 10
208 201 10 10
209 200 10 10
209 204 10 10
210 202 10 10
210 207 10 10
211 206 10 10
211 204 10 10
212 206 10 10
212 204 10 10
213 206 10 10
213 205 10 10
214 207 10 10
214 210 10 10
215 209 10 10
215 207 10 10
216 205 10 10
216 206 10 10
217 205 10 10
217 204 10 10
218 205 10 10
218 217 10 10
219 210 10 10
219 213 10 10
200 215 10 10
200 213 10 10
201 214 10 10
201 217 10 10
222 220 11 11
222 221 11 11
223 222 11 11
223 220 11 11
224 220 11 11
224 223 11 11
225 222 11 11
225 224 11 11
226 224 11 11
226 225 11 11
227 220 11 11
227 221 11 11
228 225 11 11
228 226 11 11
229 224 11 11
229 225 11 11
230 228 11 11
230 225 11 11
231 229 11 11
231 230 11 11
232 222 11 11
232 229 11 11
233 231 11 11
233 222 11 11
234 230 11 11
234 227 11 11
235 231 11 11
235 232 11 11
236 228 11 11
236 231 11 11
237 232 11 11
237 235 11 11
238 222 11 11
238 227 11 11
239 228 11 11
239 220 11 11
220 226 11 11
220 229 11 11
221 233 11 11
221 231 11 11
242 241 12 12
242 240 12 12
243 241 12 12
243 240 12 12
244 241 12 12
244 242 12 12
245 241 12 12
245 242 12 12
246 244 12 12
246 240 12 12
247 240 12 12
247 245 12 12
248 240 12 12
248 245 12 12
249 246 12 12
249 247 12 12
250 240 12 12
250 241 12 12
251 247 12 12
251 245 12 12
252 241 12 12
252 249 12 12
253 249 12 12
253 250 12 12
254 253 12 12
254 244 12 12
255 250 12 12
255 244 12 12
256 249 12 12
256 254 12 12
257 241 12 12
257 245 12 12
258 257 12 12
258 246 12 12
259 255 12 12
259 247 12 12
240 249 12 12
240 253 12 12
241 247 12 12
241 248 12 12
262 260 13 13
262 261 13 13
263 262 13 13
263 261 13 13
264 262 13 13
264 263 13 13
265 264 13 13
265 261 13 13
266 263 13 13
266 260 13 13
267 265 13 13
267 262 13 13
268 265 13 13
268 260 13 13
269 263 13 13
269 266 13 13
270 261 13 13
270 268 13 13
271 262 13 13
271 264 13 13
272 261 13 13
272 268 13 13
273 262 13 13
273 263 13 13
274 262 13 13
274 273 13 13
275 261 13 13
275 270 13 13
276 264 13 13
276 265 13 13
277 273 13 13
277 274 13 13
278 261 13 13
278 260 13 13
279 267 13 13
279 265 13 13
260 267 13 13
260 275 13 13
261 268 13 13
261 266 13 13
282 280 14 14
282 281 14 14
283 281 14 14
283 282 14 14
284 283 14 14
284 281 14 14
285 281 14 14
285 282 14 14
286 281 14 14
286 283 14 14
287 281 14 14
287 282 14 14
288 280 14 14
288 282 14 14
289 281 14 14
289 287 14 14
290 282 14 14
290 283 14 14
291 288 14 14
291 280 14 14
292 280 14 14
292 282 14 14
293 287 14 14
293 283 14 14
294 285 14 14
294 286 14 14
295 291 14 14
295 288 14 14
296 290 14 14
296 284 14 14
297 296 14 14
297 282 14 14
298 286 14 14
298 296 14 14
299 298 14 14
299 283 14 14
280 286 14 14
280 289 14 14
281 290 14 14
281 293 14 14
302 300 15 15
302 301 15 15
303 302 15 15
303 300 15 15
304 303 15 15
304 300 15 15
305 303 15 15
305 304 15 15
306 304 15 15
306 303 15 15
307 301 15 15
307 300 15 15
308 303 15 15
308 305 15 15
309 308 15 15
309 305 15 15
310 305 15 15
310 303 15 15
311 310 15 15
311 306 15 15
312 303 15 15
312 302 15 15
313 306 15 15
313 301 15 15
314 310 15 15
314 313 15 15
315 310 15 15
315 312 15 15
316 304 15 15
316 311 15 15
317 312 15 15
317 315 15 15
318 303 15 15
318 309 15 15
319 307 15 15
319 301 15 15
300 315 15 15
300 319 15 15
301 304 15 15
301 303 15 15
43 9 2 0
43 39 2 1
67 24 3 1
79 10 3 0
84 19 4 0
81 21 4 1
108 81 5 4
100 16 5 0
139 29 6 1
121 71 6 3
150 59 7 2
158 35 7 1
168 92 8 4
170 103 8 5
187 59 9 2
187 152 9 7
212 112 10 5
219 12 10 0
225 218 11 10
232 88 11 4
258 165 12 8
248 102 12 5
266 19 13 0
278 76 13 3
284 95 14 4
287 235 14 11
300 283 15 14
311 50 15 2
4 120 0 6
3 223 0 11
20 309 1 15
26 178 1 8
