swNum = 320
edgeNum = 672

0 0
1 0
2 0
3 0
4 0
5 0
6 0
7 0
8 0
9 0
10 0
11 0
12 0
13 0
14 0
15 0
16 0
17 0
18 0
19 0
20 1
21 1
22 1
23 1
24 1
25 1
26 1
27 1
28 1
29 1
30 1
31 1
32 1
33 1
34 1
35 1
36 1
37 1
38 1
39 1
40 2
41 2
42 2
43 2
44 2
45 2
46 2
47 2
48 2
49 2
50 2
51 2
52 2
53 2
54 2
55 2
56 2
57 2
58 2
59 2
60 3
61 3
62 3
63 3
64 3
65 3
66 3
67 3
68 3
69 3
70 3
71 3
72 3
73 3
74 3
75 3
76 3
77 3
78 3
79 3
80 4
81 4
82 4
83 4
84 4
85 4
86 4
87 4
88 4
89 4
90 4
91 4
92 4
93 4
94 4
95 4
96 4
97 4
98 4
99 4
100 5
101 5
102 5
103 5
104 5
105 5
106 5
107 5
108 5
109 5
110 5
111 5
112 5
113 5
114 5
115 5
116 5
117 5
118 5
119 5
120 6
121 6
122 6
123 6
124 6
125 6
126 6
127 6
128 6
129 6
130 6
131 6
132 6
133 6
134 6
135 6
136 6
137 6
138 6
139 6
140 7
141 7
142 7
143 7
144 7
145 7
146 7
147 7
148 7
149 7
150 7
151 7
152 7
153 7
154 7
155 7
156 7
157 7
158 7
159 7
160 8
161 8
162 8
163 8
164 8
165 8
166 8
167 8
168 8
169 8
170 8
171 8
172 8
173 8
174 8
175 8
176 8
177 8
178 8
179 8
180 9
181 9
182 9
183 9
184 9
185 9
186 9
187 9
188 9
189 9
190 9
191 9
192 9
193 9
194 9
195 9
196 9
197 9
198 9
199 9
200 10
201 10
202 10
203 10
204 10
205 10
206 10
207 10
208 10
209 10
210 10
211 10
212 10
213 10
214 10
215 10
216 10
217 10
218 10
219 10
220 11
221 11
222 11
223 11
224 11
225 11
226 11
227 11
228 11
229 11
230 11
231 11
232 11
233 11
234 11
235 11
236 11
237 11
238 11
239 11
240 12
241 12
242 12
243 12
244 12
245 12
246 12
247 12
248 12
249 12
250 12
251 12
252 12
253 12
254 12
255 12
256 12
257 12
258 12
259 12
260 13
261 13
262 13
263 13
264 13
265 13
266 13
267 13
268 13
269 13
270 13
271 13
272 13
273 13
274 13
275 13
276 13
277 13
278 13
279 13
280 14
281 14
282 14
283 14
284 14
285 14
286 14
287 14
288 14
289 14
290 14
291 14
292 14
293 14
294 14
295 14
296 14
297 14
298 14
299 14
300 15
301 15
302 15
303 15
304 15
305 15
306 15
307 15
308 15
309 15
310 15
311 15
312 15
313 15
314 15
315 15
316 15
317 15
318 15
319 15

2 1 0 0
2 0 0 0
3 1 0 0
3 0 0 0
4 3 0 0
4 2 0 0
5 0 0 0
5 2 0 0
6 4 0 0
6 0 0 0
7 6 0 0
7 1 0 0
8 1 0 0
8 7 0 0
9 2 0 0
9 0 0 0
10 4 0 0
10 6 0 0
11 0 0 0
11 3 0 0
12 8 0 0
12 10 0 0
13 3 0 0
13 5 0 0
14 2 0 0
14 11 0 0
15 2 0 0
15 9 0 0
16 6 0 0
16 14 0 0
17 8 0 0
17 7 0 0
18 0 0 0
18 11 0 0
19 1 0 0
19 6 0 0
0 19 0 0
0 16 0 0
1 16 0 0
1 17 0 0
22 20 1 1
22 21 1 1
23 20 1 1
23 22 1 1
24 22 1 1
24 20 1 1
25 22 1 1
25 24 1 1
26 20 1 1
26 25 1 1
27 20 1 1
27 24 1 1
28 25 1 1
28 24 1 1
29 21 1 1
29 27 1 1
30 20 1 1
30 27 1 1
31 29 1 1
31 20 1 1
32 30 1 1
32 31 1 1
33 25 1 1
33 22 1 1
34 31 1 1
34 29 1 1
35 27 1 1
35 30 1 1
36 28 1 1
36 20 1 1
37 22 1 1
37 30 1 1
38 33 1 1
38 22 1 1
39 23 1 1
39 26 1 1
20 32 1 1
20 39 1 1
21 38 1 1
21 33 1 1
42 41 2 2
42 40 2 2
43 41 2 2
43 42 2 2
44 40 2 2
44 42 2 2
45 41 2 2
45 44 2 2
46 42 2 2
46 44 2 2
47 43 2 2
47 44 2 2
48 44 2 2
48 42 2 2
49 46 2 2
49 40 2 2
50 46 2 2
50 47 2 2
51 48 2 2
51 50 2 2
52 40 2 2
52 45 2 2
53 45 2 2
53 41 2 2
54 51 2 2
54 46 2 2
55 52 2 2
55 50 2 2
56 51 2 2
56 43 2 2
57 50 2 2
57 52 2 2
58 57 2 2
58 51 2 2
59 43 2 2
59 49 2 2
40 50 2 2
40 55 2 2
41 56 2 2
41 54 2 2
62 60 3 3
62 61 3 3
63 61 3 3
63 60 3 3
64 61 3 3
64 62 3 3
65 62 3 3
65 63 3 3
66 64 3 3
66 62 3 3
67 62 3 3
67 63 3 3
68 66 3 3
68 67 3 3
69 67 3 3
69 62 3 3
70 64 3 3
70 67 3 3
71 67 3 3
71 65 3 3
72 71 3 3
72 61 3 3
73 63 3 3
73 62 3 3
74 61 3 3
74 69 3 3
75 68 3 3
75 64 3 3
76 69 3 3
76 63 3 3
77 66 3 3
77 71 3 3
78 61 3 3
78 72 3 3
79 62 3 3
79 77 3 3
60 74 3 3
60 68 3 3
61 65 3 3
61 76 3 3
82 81 4 4
82 80 4 4
83 80 4 4
83 81 4 4
84 83 4 4
84 80 4 4
85 83 4 4
85 80 4 4
86 80 4 4
86 84 4 4
87 81 4 4
87 82 4 4
88 85 4 4
88 80 4 4
89 82 4 4
89 85 4 4
90 80 4 4
90 87 4 4
91 80 4 4
91 87 4 4
92 91 4 4
92 89 4 4
93 86 4 4
93 83 4 4
94 88 4 4
94 84 4 4
95 93 4 4
95 88 4 4
96 83 4 4
96 86 4 4
97 90 4 4
97 91 4 4
98 82 4 4
98 83 4 4
99 90 4 4
99 89 4 4
80 89 4 4
80 97 4 4
81 93 4 4
81 86 4 4
102 101 5 5
102 100 5 5
103 100 5 5
103 101 5 5
104 103 5 5
104 101 5 5
105 100 5 5
105 104 5 5
106 102 5 5
106 101 5 5
107 103 5 5
107 102 5 5
108 102 5 5
108 107 5 5
109 107 5 5
109 102 5 5
110 104 5 5
110 103 5 5
111 102 5 5
111 101 5 5
112 101 5 5
112 104 5 5
113 104 5 5
113 105 5 5
114 110 5 5
114 103 5 5
115 112 5 5
115 103 5 5
116 115 5 5
116 111 5 5
117 112 5 5
117 115 5 5
118 106 5 5
118 117 5 5
119 117 5 5
119 105 5 5
100 112 5 5
100 113 5 5
101 110 5 5
101 114 5 5
122 120 6 6
122 121 6 6
123 120 6 6
123 121 6 6
124 120 6 6
124 121 6 6
125 124 6 6
125 121 6 6
126 121 6 6
126 124 6 6
127 122 6 6
127 121 6 6
128 127 6 6
128 121 6 6
129 125 6 6
129 123 6 6
130 121 6 6
130 128 6 6
131 129 6 6
131 126 6 6
132 130 6 6
132 131 6 6
133 132 6 6
133 120 6 6
134 120 6 6
134 131 6 6
135 122 6 6
135 127 6 6
136 125 6 6
136 127 6 6
137 120 6 6
137 122 6 6
138 130 6 6
138 131 6 6
139 130 6 6
139 124 6 6
120 129 6 6
120 131 6 6
121 139 6 6
121 129 6 6
142 141 7 7
142 140 7 7
143 142 7 7
143 140 7 7
144 141 7 7
144 142 7 7
145 144 7 7
145 143 7 7
146 143 7 7
146 141 7 7
147 141 7 7
147 142 7 7
148 144 7 7
148 146 7 7
149 147 7 7
149 148 7 7
150 141 7 7
150 143 7 7
151 145 7 7
151 140 7 7
152 147 7 7
152 142 7 7
153 152 7 7
153 145 7 7
154 146 7 7
154 141 7 7
155 148 7 7
155 141 7 7
156 140 7 7
156 145 7 7
157 140 7 7
157 145 7 7
158 152 7 7
158 150 7 7
159 143 7 7
159 151 7 7
140 150 7 7
140 152 7 7
141 143 7 7
141 151 7 7
162 161 8 8
162 160 8 8
163 162 8 8
163 160 8 8
164 163 8 8
164 160 8 8
165 160 8 8
165 161 8 8
166 165 8 8
166 162 8 8
167 161 8 8
167 164 8 8
168 161 8 8
168 160 8 8
169 164 8 8
169 165 8 8
170 167 8 8
170 163 8 8
171 165 8 8
171 162 8 8
172 166 8 8
172 167 8 8
173 161 8 8
173 168 8 8
174 166 8 8
174 163 8 8
175 165 8 8
175 168 8 8
176 162 8 8
176 173 8 8
177 162 8 8
177 169 8 8
178 175 8 8
178 164 8 8
179 164 8 8
179 178 8 8
160 175 8 8
160 176 8 8
161 176 8 8
161 166 8 8
182 181 9 9
182 180 9 9
183 180 9 9
183 181 9 9
184 180 9 9
184 183 9 9
185 181 9 9
185 184 9 9
186 180 9 9
186 185 9 9
187 183 9 9
187 186 9 9
188 185 9 9
188 182 9 9
189 185 9 9
189 188 9 9
190 185 9 9
190 180 9 9
191 181 9 9
191 190 9 9
192 188 9 9
192 181 9 9
193 183 9 9
193 184 9 9
194 185 9 9
194 186 9 9
195 189 9 9
195 183 9 9
196 185 9 9
196 192 9 9
197 192 9 9
197 189 9 9
198 181 9 9
198 185 9 9
199 186 9 9
199 189 9 9
180 199 9 9
180 197 9 9
181 186 9 9
181 199 9 9
202 201 10 10
202 200 10 10
203 200 10 10
203 202 10 10
204 203 10 10
204 200 10 10
205 203 10 10
205 204 10 10
206 205 10 10
206 201 10 10
207 204 10 10
207 206 10 10
208 200 10 10
208 201 10 10
209 201 10 10
209 206 10 10
210 201 10 10
210 202 10 10
211 204 10 10
211 208 10 10
212 204 10 10
212 203 10 10
213 201 10 10
213 210 10 10
214 208 10 10
214 210 10 10
215 202 10 10
215 203 10 10
216 203 10 10
216 202 10 10
217 205 10 10
217 204 10 10
218 203 10 10
218 211 10 10
219 206 10 10
219 216 10 10
200 217 10 10
200 218 10 10
201 215 10 10
201 205 10 10
222 221 11 11
222 220 11 11
223 222 11 11
223 220 11 11
224 223 11 11
224 222 11 11
225 224 11 11
225 223 11 11
226 222 11 11
226 221 11 11
227 226 11 11
227 224 11 11
228 220 11 11
228 223 11 11
229 228 11 11
229 220 11 11
230 220 11 11
230 223 11 11
231 220 11 11
231 230 11 11
232 228 11 11
232 221 11 11
233 228 11 11
233 224 11 11
234 220 11 11
234 231 11 11
235 220 11 11
235 234 11 11
236 229 11 11
236 230 11 11
237 223 11 11
237 232 11 11
238 229 11 11
238 223 11 11
239 233 11 11
239 234 11 11
220 233 11 11
220 239 11 11
221 227 11 11
221 238 11 11
242 240 12 12
242 241 12 12
243 240 12 12
243 242 12 12
244 240 12 12
244 243 12 12
245 244 12 12
245 241 12 12
246 245 12 12
246 241 12 12
247 245 12 12
247 246 12 12
248 241 12 12
248 245 12 12
249 245 12 12
249 242 12 12
250 244 12 12
250 248 12 12
251 249 12 12
251 246 12 12
252 248 12 12
252 247 12 12
253 244 12 12
253 247 12 12
254 251 12 12
254 246 12 12
255 246 12 12
255 240 12 12
256 252 12 12
256 247 12 12
257 243 12 12
257 251 12 12
258 254 12 12
258 255 12 12
259 253 12 12
259 254 12 12
240 250 12 12
240 256 12 12
241 252 12 12
241 259 12 12
262 261 13 13
262 260 13 13
263 262 13 13
263 261 13 13
264 260 13 13
264 261 13 13
265 263 13 13
265 262 13 13
266 260 13 13
266 265 13 13
267 261 13 13
267 262 13 13
268 264 13 13
268 261 13 13
269 266 13 13
269 263 13 13
270 260 13 13
270 266 13 13
271 261 13 13
271 264 13 13
272 269 13 13
272 270 13 13
273 271 13 13
273 261 13 13
274 262 13 13
274 265 13 13
275 260 13 13
275 270 13 13
276 267 13 13
276 274 13 13
277 268 13 13
277 262 13 13
278 276 13 13
278 275 13 13
279 275 13 13
279 269 13 13
260 278 13 13
260 267 13 13
261 277 13 13
261 272 13 13
282 280 14 14
282 281 14 14
283 282 14 14
283 280 14 14
284 281 14 14
284 283 14 14
285 280 14 14
285 282 14 14
286 284 14 14
286 283 14 14
287 280 14 14
287 285 14 14
288 283 14 14
288 282 14 14
289 288 14 14
289 283 14 14
290 286 14 14
290 282 14 14
291 289 14 14
291 282 14 14
292 288 14 14
292 280 14 14
293 280 14 14
293 283 14 14
294 291 14 14
294 282 14 14
295 281 14 14
295 289 14 14
296 285 14 14
296 288 14 14
297 290 14 14
297 280 14 14
298 294 14 14
298 290 14 14
299 298 14 14
299 282 14 14
280 289 14 14
280 290 14 14
281 286 14 14
281 289 14 14
302 301 15 15
302 300 15 15
303 302 15 15
303 301 15 15
304 300 15 15
304 301 15 15
305 300 15 15
305 302 15 15
306 302 15 15
306 301 15 15
307 300 15 15
307 301 15 15
308 300 15 15
308 307 15 15
309 301 15 15
309 305 15 15
310 307 15 15
310 301 15 15
311 309 15 15
311 303 15 15
312 301 15 15
312 311 15 15
313 302 15 15
313 309 15 15
314 302 15 15
314 312 15 15
315 308 15 15
315 304 15 15
316 307 15 15
316 300 15 15
317 315 15 15
317 305 15 15
318 316 15 15
318 310 15 15
319 307 15 15
319 302 15 15
300 310 15 15
300 319 15 15
301 318 15 15
301 319 15 15
45 4 2 0
47 39 2 1
72 8 3 0
65 40 3 2
97 16 4 0
96 68 4 3
111 40 5 2
118 16 5 0
120 71 6 3
133 19 6 0
144 17 7 0
153 115 7 5
174 75 8 3
173 57 8 2
191 38 9 1
182 174 9 8
215 47 10 2
215 95 10 4
220 31 11 1
231 187 11 9
246 216 12 10
242 17 12 0
278 38 13 1
262 110 13 5
297 241 14 12
297 197 14 9
302 234 15 11
310 286 15 14
17 312 0 15
0 292 0 14
22 318 1 15
32 153 1 7
