swNum = 320
edgeNum = 672

0 0
1 0
2 0
3 0
4 0
5 0
6 0
7 0
8 0
9 0
10 0
11 0
12 0
13 0
14 0
15 0
16 0
17 0
18 0
19 0
20 1
21 1
22 1
23 1
24 1
25 1
26 1
27 1
28 1
29 1
30 1
31 1
32 1
33 1
34 1
35 1
36 1
37 1
38 1
39 1
40 2
41 2
42 2
43 2
44 2
45 2
46 2
47 2
48 2
49 2
50 2
51 2
52 2
53 2
54 2
55 2
56 2
57 2
58 2
59 2
60 3
61 3
62 3
63 3
64 3
65 3
66 3
67 3
68 3
69 3
70 3
71 3
72 3
73 3
74 3
75 3
76 3
77 3
78 3
79 3
80 4
81 4
82 4
83 4
84 4
85 4
86 4
87 4
88 4
89 4
90 4
91 4
92 4
93 4
94 4
95 4
96 4
97 4
98 4
99 4
100 5
101 5
102 5
103 5
104 5
105 5
106 5
107 5
108 5
109 5
110 5
111 5
112 5
113 5
114 5
115 5
116 5
117 5
118 5
119 5
120 6
121 6
122 6
123 6
124 6
125 6
126 6
127 6
128 6
129 6
130 6
131 6
132 6
133 6
134 6
135 6
136 6
137 6
138 6
139 6
140 7
141 7
142 7
143 7
144 7
145 7
146 7
147 7
148 7
149 7
150 7
151 7
152 7
153 7
154 7
155 7
156 7
157 7
158 7
159 7
160 8
161 8
162 8
163 8
164 8
165 8
166 8
167 8
168 8
169 8
170 8
171 8
172 8
173 8
174 8
175 8
176 8
177 8
178 8
179 8
180 9
181 9
182 9
183 9
184 9
185 9
186 9
187 9
188 9
189 9
190 9
191 9
192 9
193 9
194 9
195 9
196 9
197 9
198 9
199 9
200 10
201 10
202 10
203 10
204 10
205 10
206 10
207 10
208 10
209 10
210 10
211 10
212 10
213 10
214 10
215 10
216 10
217 10
218 10
219 10
220 11
221 11
222 11
223 11
224 11
225 11
226 11
227 11
228 11
229 11
230 11
231 11
232 11
233 11
234 11
235 11
236 11
237 11
238 11
239 11
240 12
241 12
242 12
243 12
244 12
245 12
246 12
247 12
248 12
249 12
250 12
251 12
252 12
253 12
254 12
255 12
256 12
257 12
258 12
259 12
260 13
261 13
262 13
263 13
264 13
265 13
266 13
267 13
268 13
269 13
270 13
271 13
272 13
273 13
274 13
275 13
276 13
277 13
278 13
279 13
280 14
281 14
282 14
283 14
284 14
285 14
286 14
287 14
288 14
289 14
290 14
291 14
292 14
293 14
294 14
295 14
296 14
297 14
298 14
299 14
300 15
301 15
302 15
303 15
304 15
305 15
306 15
307 15
308 15
309 15
310 15
311 15
312 15
313 15
314 15
315 15
316 15
317 15
318 15
319 15

2 0 0 0
2 1 0 0
3 1 0 0
3 0 0 0
4 2 0 0
4 1 0 0
5 3 0 0
5 0 0 0
6 5 0 0
6 1 0 0
7 4 0 0
7 0 0 0
8 5 0 0
8 4 0 0
9 4 0 0
9 1 0 0
10 3 0 0
10 8 0 0
11 0 0 0
11 7 0 0
12 7 0 0
12 9 0 0
13 0 0 0
13 10 0 0
14 9 0 0
14 1 0 0
15 6 0 0
15 4 0 0
16 2 0 0
16 12 0 0
17 9 0 0
17 6 0 0
18 17 0 0
18 1 0 0
19 11 0 0
19 10 0 0
0 19 0 0
0 8 0 0
1 13 0 0
1 15 0 0
22 20 1 1
22 21 1 1
23 22 1 1
23 21 1 1
24 22 1 1
24 21 1 1
25 20 1 1
25 21 1 1
26 24 1 1
26 20 1 1
27 24 1 1
27 21 1 1
28 24 1 1
28 21 1 1
29 28 1 1
29 20 1 1
30 28 1 1
30 20 1 1
31 23 1 1
31 28 1 1
32 25 1 1
32 29 1 1
33 28 1 1
33 21 1 1
34 30 1 1
34 27 1 1
35 23 1 1
35 30 1 1
36 27 1 1
36 25 1 1
37 33 1 1
37 25 1 1
38 29 1 1
38 34 1 1
39 31 1 1
39 37 1 1
20 27 1 1
20 38 1 1
21 38 1 1
21 39 1 1
42 40 2 2
42 41 2 2
43 41 2 2
43 40 2 2
44 42 2 2
44 41 2 2
45 42 2 2
45 40 2 2
46 40 2 2
46 45 2 2
47 40 2 2
47 44 2 2
48 40 2 2
48 41 2 2
49 47 2 2
49 40 2 2
50 43 2 2
50 40 2 2
51 44 2 2
51 49 2 2
52 49 2 2
52 45 2 2
53 49 2 2
53 46 2 2
54 40 2 2
54 44 2 2
55 42 2 2
55 51 2 2
56 45 2 2
56 44 2 2
57 45 2 2
57 53 2 2
58 43 2 2
58 57 2 2
59 40 2 2
59 43 2 2
40 52 2 2
40 51 2 2
41 52 2 2
41 47 2 2
62 61 3 3
62 60 3 3
63 62 3 3
63 61 3 3
64 63 3 3
64 62 3 3
65 62 3 3
65 64 3 3
66 65 3 3
66 63 3 3
67 62 3 3
67 64 3 3
68 66 3 3
68 65 3 3
69 64 3 3
69 62 3 3
70 67 3 3
70 62 3 3
71 70 3 3
71 61 3 3
72 62 3 3
72 66 3 3
73 61 3 3
73 70 3 3
74 73 3 3
74 71 3 3
75 65 3 3
75 68 3 3
76 62 3 3
76 61 3 3
77 60 3 3
77 67 3 3
78 77 3 3
78 61 3 3
79 62 3 3
79 76 3 3
60 69 3 3
60 65 3 3
61 77 3 3
61 74 3 3
82 81 4 4
82 80 4 4
83 82 4 4
83 81 4 4
84 82 4 4
84 80 4 4
85 82 4 4
85 81 4 4
86 85 4 4
86 82 4 4
87 85 4 4
87 81 4 4
88 82 4 4
88 86 4 4
89 87 4 4
89 86 4 4
90 84 4 4
90 81 4 4
91 88 4 4
91 85 4 4
92 89 4 4
92 82 4 4
93 92 4 4
93 89 4 4
94 87 4 4
94 83 4 4
95 83 4 4
95 88 4 4
96 83 4 4
96 84 4 4
97 94 4 4
97 83 4 4
98 82 4 4
98 91 4 4
99 94 4 4
99 82 4 4
80 94 4 4
80 98 4 4
81 93 4 4
81 97 4 4
102 100 5 5
102 101 5 5
103 100 5 5
103 102 5 5
104 101 5 5
104 102 5 5
105 104 5 5
105 100 5 5
106 105 5 5
106 101 5 5
107 100 5 5
107 101 5 5
108 103 5 5
108 105 5 5
109 102 5 5
109 104 5 5
110 102 5 5
110 109 5 5
111 105 5 5
111 110 5 5
112 100 5 5
112 104 5 5
113 104 5 5
113 100 5 5
114 107 5 5
114 112 5 5
115 112 5 5
115 104 5 5
116 102 5 5
116 108 5 5
117 116 5 5
117 100 5 5
118 101 5 5
118 111 5 5
119 115 5 5
119 104 5 5
100 118 5 5
100 114 5 5
101 117 5 5
101 110 5 5
122 121 6 6
122 120 6 6
123 121 6 6
123 120 6 6
124 120 6 6
124 121 6 6
125 124 6 6
125 121 6 6
126 125 6 6
126 122 6 6
127 121 6 6
127 123 6 6
128 120 6 6
128 123 6 6
129 123 6 6
129 125 6 6
130 121 6 6
130 125 6 6
131 124 6 6
131 130 6 6
132 121 6 6
132 122 6 6
133 127 6 6
133 123 6 6
134 127 6 6
134 123 6 6
135 121 6 6
135 132 6 6
136 121 6 6
136 135 6 6
137 134 6 6
137 132 6 6
138 129 6 6
138 124 6 6
139 135 6 6
139 122 6 6
120 136 6 6
120 137 6 6
121 133 6 6
121 126 6 6
142 140 7 7
142 141 7 7
143 142 7 7
143 141 7 7
144 140 7 7
144 141 7 7
145 143 7 7
145 142 7 7
146 141 7 7
146 144 7 7
147 143 7 7
147 146 7 7
148 145 7 7
148 140 7 7
149 144 7 7
149 143 7 7
150 140 7 7
150 145 7 7
151 145 7 7
151 140 7 7
152 144 7 7
152 147 7 7
153 151 7 7
153 140 7 7
154 140 7 7
154 145 7 7
155 147 7 7
155 152 7 7
156 143 7 7
156 150 7 7
157 156 7 7
157 153 7 7
158 146 7 7
158 142 7 7
159 146 7 7
159 140 7 7
140 147 7 7
140 145 7 7
141 159 7 7
141 158 7 7
162 160 8 8
162 161 8 8
163 160 8 8
163 161 8 8
164 160 8 8
164 161 8 8
165 160 8 8
165 164 8 8
166 160 8 8
166 161 8 8
167 166 8 8
167 164 8 8
168 160 8 8
168 161 8 8
169 168 8 8
169 162 8 8
170 163 8 8
170 165 8 8
171 160 8 8
171 161 8 8
172 167 8 8
172 160 8 8
173 169 8 8
173 165 8 8
174 164 8 8
174 172 8 8
175 171 8 8
175 166 8 8
176 167 8 8
176 173 8 8
177 174 8 8
177 172 8 8
178 173 8 8
178 171 8 8
179 168 8 8
179 176 8 8
160 174 8 8
160 167 8 8
161 165 8 8
161 175 8 8
182 180 9 9
182 181 9 9
183 182 9 9
183 180 9 9
184 183 9 9
184 180 9 9
185 181 9 9
185 183 9 9
186 181 9 9
186 184 9 9
187 181 9 9
187 185 9 9
188 180 9 9
188 185 9 9
189 185 9 9
189 184 9 9
190 187 9 9
190 180 9 9
191 183 9 9
191 180 9 9
192 191 9 9
192 190 9 9
193 182 9 9
193 184 9 9
194 184 9 9
194 190 9 9
195 184 9 9
195 182 9 9
196 194 9 9
196 195 9 9
197 186 9 9
197 192 9 9
198 180 9 9
198 190 9 9
199 193 9 9
199 186 9 9
180 194 9 9
180 196 9 9
181 198 9 9
181 192 9 9
202 200 10 10
202 201 10 10
203 202 10 10
203 200 10 10
204 200 10 10
204 203 10 10
205 204 10 10
205 202 10 10
206 203 10 10
206 202 10 10
207 202 10 10
207 203 10 10
208 200 10 10
208 206 10 10
209 204 10 10
209 202 10 10
210 207 10 10
210 203 10 10
211 207 10 10
211 210 10 10
212 209 10 10
212 202 10 10
213 200 10 10
213 206 10 10
214 213 10 10
214 202 10 10
215 203 10 10
215 214 10 10
216 212 10 10
216 210 10 10
217 205 10 10
217 209 10 10
218 201 10 10
218 205 10 10
219 211 10 10
219 206 10 10
200 219 10 10
200 206 10 10
201 206 10 10
201 213 10 10
222 221 11 11
222 220 11 11
223 221 11 11
223 222 11 11
224 220 11 11
224 223 11 11
225 224 11 11
225 221 11 11
226 225 11 11
226 223 11 11
227 224 11 11
227 226 11 11
228 227 11 11
228 223 11 11
229 222 11 11
229 225 11 11
230 225 11 11
230 220 11 11
231 229 11 11
231 221 11 11
232 223 11 11
232 224 11 11
233 220 11 11
233 231 11 11
234 229 11 11
234 233 11 11
235 224 11 11
235 229 11 11
236 233 11 11
236 234 11 11
237 220 11 11
237 221 11 11
238 233 11 11
238 227 11 11
239 221 11 11
239 222 11 11
220 234 11 11
220 223 11 11
221 232 11 11
221 229 11 11
242 240 12 12
242 241 12 12
243 240 12 12
243 242 12 12
244 241 12 12
244 242 12 12
245 241 12 12
245 243 12 12
246 241 12 12
246 245 12 12
247 241 12 12
247 242 12 12
248 241 12 12
248 243 12 12
249 243 12 12
249 242 12 12
250 248 12 12
250 246 12 12
251 242 12 12
251 243 12 12
252 245 12 12
252 241 12 12
253 241 12 12
253 242 12 12
254 242 12 12
254 243 12 12
255 247 12 12
255 245 12 12
256 254 12 12
256 242 12 12
257 255 12 12
257 245 12 12
258 240 12 12
258 244 12 12
259 248 12 12
259 253 12 12
240 249 12 12
240 256 12 12
241 259 12 12
241 250 12 12
262 261 13 13
262 260 13 13
263 260 13 13
263 261 13 13
264 263 13 13
264 261 13 13
265 262 13 13
265 264 13 13
266 263 13 13
266 265 13 13
267 263 13 13
267 264 13 13
268 266 13 13
268 264 13 13
269 264 13 13
269 267 13 13
270 266 13 13
270 265 13 13
271 263 13 13
271 267 13 13
272 262 13 13
272 266 13 13
273 265 13 13
273 270 13 13
274 264 13 13
274 268 13 13
275 263 13 13
275 271 13 13
276 263 13 13
276 267 13 13
277 265 13 13
277 261 13 13
278 264 13 13
278 266 13 13
279 271 13 13
279 269 13 13
260 277 13 13
260 272 13 13
261 268 13 13
261 270 13 13
282 280 14 14
282 281 14 14
283 280 14 14
283 281 14 14
284 282 14 14
284 281 14 14
285 281 14 14
285 283 14 14
286 283 14 14
286 282 14 14
287 281 14 14
287 285 14 14
288 285 14 14
288 283 14 14
289 288 14 14
289 284 14 14
290 287 14 14
290 288 14 14
291 281 14 14
291 288 14 14
292 291 14 14
292 287 14 14
293 288 14 14
293 290 14 14
294 288 14 14
294 291 14 14
295 293 14 14
295 283 14 14
296 282 14 14
296 287 14 14
297 290 14 14
297 288 14 14
298 281 14 14
298 295 14 14
299 296 14 14
299 282 14 14
280 298 14 14
280 289 14 14
281 295 14 14
281 297 14 14
302 300 15 15
302 301 15 15
303 300 15 15
303 301 15 15
304 303 15 15
304 301 15 15
305 302 15 15
305 303 15 15
306 304 15 15
306 303 15 15
307 301 15 15
307 304 15 15
308 303 15 15
308 304 15 15
309 303 15 15
309 302 15 15
310 307 15 15
310 306 15 15
311 304 15 15
311 300 15 15
312 310 15 15
312 301 15 15
313 311 15 15
313 309 15 15
314 310 15 15
314 301 15 15
315 301 15 15
315 307 15 15
316 300 15 15
316 308 15 15
317 316 15 15
317 314 15 15
318 307 15 15
318 315 15 15
319 315 15 15
319 310 15 15
300 307 15 15
300 315 15 15
301 317 15 15
301 318 15 15
57 25 2 1
52 16 2 0
70 9 3 0
70 32 3 1
91 46 4 2
83 3 4 0
103 75 5 3
111 43 5 2
135 82 6 4
125 69 6 3
157 54 7 2
155 128 7 6
161 116 8 5
173 19 8 0
185 73 9 3
183 172 9 8
208 143 10 7
215 21 10 1
229 176 11 8
222 11 11 0
252 35 12 1
258 81 12 4
261 15 13 0
262 177 13 8
294 131 14 6
292 42 14 2
318 1 15 0
311 54 15 2
0 256 0 12
18 137 0 6
32 159 1 7
25 172 1 8
