swNum = 320
edgeNum = 672

0 0
1 0
2 0
3 0
4 0
5 0
6 0
7 0
8 0
9 0
10 0
11 0
12 0
13 0
14 0
15 0
16 0
17 0
18 0
19 0
20 1
21 1
22 1
23 1
24 1
25 1
26 1
27 1
28 1
29 1
30 1
31 1
32 1
33 1
34 1
35 1
36 1
37 1
38 1
39 1
40 2
41 2
42 2
43 2
44 2
45 2
46 2
47 2
48 2
49 2
50 2
51 2
52 2
53 2
54 2
55 2
56 2
57 2
58 2
59 2
60 3
61 3
62 3
63 3
64 3
65 3
66 3
67 3
68 3
69 3
70 3
71 3
72 3
73 3
74 3
75 3
76 3
77 3
78 3
79 3
80 4
81 4
82 4
83 4
84 4
85 4
86 4
87 4
88 4
89 4
90 4
91 4
92 4
93 4
94 4
95 4
96 4
97 4
98 4
99 4
100 5
101 5
102 5
103 5
104 5
105 5
106 5
107 5
108 5
109 5
110 5
111 5
112 5
113 5
114 5
115 5
116 5
117 5
118 5
119 5
120 6
121 6
122 6
123 6
124 6
125 6
126 6
127 6
128 6
129 6
130 6
131 6
132 6
133 6
134 6
135 6
136 6
137 6
138 6
139 6
140 7
141 7
142 7
143 7
144 7
145 7
146 7
147 7
148 7
149 7
150 7
151 7
152 7
153 7
154 7
155 7
156 7
157 7
158 7
159 7
160 8
161 8
162 8
163 8
164 8
165 8
166 8
167 8
168 8
169 8
170 8
171 8
172 8
173 8
174 8
175 8
176 8
177 8
178 8
179 8
180 9
181 9
182 9
183 9
184 9
185 9
186 9
187 9
188 9
189 9
190 9
191 9
192 9
193 9
194 9
195 9
196 9
197 9
198 9
199 9
200 10
201 10
202 10
203 10
204 10
205 10
206 10
207 10
208 10
209 10
210 10
211 10
212 10
213 10
214 10
215 10
216 10
217 10
218 10
219 10
220 11
221 11
222 11
223 11
224 11
225 11
226 11
227 11
228 11
229 11
230 11
231 11
232 11
233 11
234 11
235 11
236 11
237 11
238 11
239 11
240 12
241 12
242 12
243 12
244 12
245 12
246 12
247 12
248 12
249 12
250 12
251 12
252 12
253 12
254 12
255 12
256 12
257 12
258 12
259 12
260 13
261 13
262 13
263 13
264 13
265 13
266 13
267 13
268 13
269 13
270 13
271 13
272 13
273 13
274 13
275 13
276 13
277 13
278 13
279 13
280 14
281 14
282 14
283 14
284 14
285 14
286 14
287 14
288 14
289 14
290 14
291 14
292 14
293 14
294 14
295 14
296 14
297 14
298 14
299 14
300 15
301 15
302 15
303 15
304 15
305 15
306 15
307 15
308 15
309 15
310 15
311 15
312 15
313 15
314 15
315 15
316 15
317 15
318 15
319 15

2 1 0 0
2 0 0 0
3 1 0 0
3 2 0 0
4 2 0 0
4 3 0 0
5 2 0 0
5 1 0 0
6 2 0 0
6 3 0 0
7 0 0 0
7 3 0 0
8 4 0 0
8 6 0 0
9 2 0 0
9 5 0 0
10 1 0 0
10 8 0 0
11 5 0 0
11 0 0 0
12 9 0 0
12 11 0 0
13 5 0 0
13 7 0 0
14 1 0 0
14 13 0 0
15 13 0 0
15 3 0 0
16 5 0 0
16 2 0 0
17 8 0 0
17 10 0 0
18 8 0 0
18 0 0 0
19 10 0 0
19 17 0 0
0 8 0 0
0 16 0 0
1 19 0 0
1 17 0 0
22 20 1 1
22 21 1 1
23 22 1 1
23 21 1 1
24 23 1 1
24 21 1 1
25 20 1 1
25 23 1 1
26 22 1 1
26 20 1 1
27 24 1 1
27 21 1 1
28 22 1 1
28 24 1 1
29 26 1 1
29 24 1 1
30 21 1 1
30 27 1 1
31 22 1 1
31 28 1 1
32 22 1 1
32 24 1 1
33 21 1 1
33 29 1 1
34 31 1 1
34 21 1 1
35 21 1 1
35 23 1 1
36 20 1 1
36 27 1 1
37 32 1 1
37 26 1 1
38 23 1 1
38 33 1 1
39 25 1 1
39 36 1 1
20 38 1 1
20 27 1 1
21 38 1 1
21 25 1 1
42 40 2 2
42 41 2 2
43 40 2 2
43 42 2 2
44 41 2 2
44 40 2 2
45 42 2 2
45 44 2 2
46 44 2 2
46 43 2 2
47 42 2 2
47 43 2 2
48 47 2 2
48 44 2 2
49 44 2 2
49 41 2 2
50 49 2 2
50 47 2 2
51 42 2 2
51 40 2 2
52 45 2 2
52 40 2 2
53 44 2 2
53 41 2 2
54 45 2 2
54 41 2 2
55 40 2 2
55 49 2 2
56 43 2 2
56 55 2 2
57 42 2 2
57 47 2 2
58 57 2 2
58 46 2 2
59 56 2 2
59 58 2 2
40 56 2 2
40 47 2 2
41 56 2 2
41 46 2 2
62 61 3 3
62 60 3 3
63 62 3 3
63 60 3 3
64 62 3 3
64 60 3 3
65 64 3 3
65 63 3 3
66 62 3 3
66 64 3 3
67 61 3 3
67 60 3 3
68 66 3 3
68 61 3 3
69 62 3 3
69 67 3 3
70 61 3 3
70 69 3 3
71 61 3 3
71 62 3 3
72 63 3 3
72 70 3 3
73 69 3 3
73 63 3 3
74 63 3 3
74 69 3 3
75 65 3 3
75 69 3 3
76 60 3 3
76 72 3 3
77 66 3 3
77 62 3 3
78 77 3 3
78 66 3 3
79 72 3 3
79 77 3 3
60 75 3 3
60 66 3 3
61 69 3 3
61 75 3 3
82 81 4 4
82 80 4 4
83 81 4 4
83 82 4 4
84 80 4 4
84 82 4 4
85 83 4 4
85 80 4 4
86 80 4 4
86 84 4 4
87 80 4 4
87 85 4 4
88 83 4 4
88 82 4 4
89 84 4 4
89 85 4 4
90 84 4 4
90 81 4 4
91 82 4 4
91 81 4 4
92 91 4 4
92 89 4 4
93 87 4 4
93 92 4 4
94 80 4 4
94 85 4 4
95 91 4 4
95 89 4 4
96 82 4 4
96 91 4 4
97 91 4 4
97 96 4 4
98 93 4 4
98 80 4 4
99 93 4 4
99 95 4 4
80 88 4 4
80 95 4 4
81 96 4 4
81 86 4 4
102 101 5 5
102 100 5 5
103 101 5 5
103 102 5 5
104 102 5 5
104 103 5 5
105 102 5 5
105 104 5 5
106 102 5 5
106 103 5 5
107 105 5 5
107 103 5 5
108 103 5 5
108 107 5 5
109 101 5 5
109 100 5 5
110 100 5 5
110 104 5 5
111 109 5 5
111 102 5 5
112 103 5 5
112 104 5 5
113 107 5 5
113 101 5 5
114 108 5 5
114 111 5 5
115 108 5 5
115 103 5 5
116 102 5 5
116 110 5 5
117 115 5 5
117 103 5 5
118 107 5 5
118 104 5 5
119 116 5 5
119 109 5 5
100 103 5 5
100 118 5 5
101 118 5 5
101 106 5 5
122 121 6 6
122 120 6 6
123 120 6 6
123 122 6 6
124 120 6 6
124 122 6 6
125 120 6 6
125 121 6 6
126 120 6 6
126 121 6 6
127 126 6 6
127 121 6 6
128 127 6 6
128 124 6 6
129 123 6 6
129 120 6 6
130 125 6 6
130 122 6 6
131 127 6 6
131 129 6 6
132 122 6 6
132 121 6 6
133 131 6 6
133 120 6 6
134 124 6 6
134 132 6 6
135 126 6 6
135 120 6 6
136 131 6 6
136 120 6 6
137 132 6 6
137 123 6 6
138 129 6 6
138 125 6 6
139 135 6 6
139 137 6 6
120 132 6 6
120 138 6 6
121 128 6 6
121 129 6 6
142 140 7 7
142 141 7 7
143 140 7 7
143 141 7 7
144 142 7 7
144 143 7 7
145 140 7 7
145 141 7 7
146 140 7 7
146 145 7 7
147 141 7 7
147 140 7 7
148 144 7 7
148 146 7 7
149 148 7 7
149 145 7 7
150 148 7 7
150 149 7 7
151 140 7 7
151 144 7 7
152 149 7 7
152 146 7 7
153 148 7 7
153 150 7 7
154 144 7 7
154 153 7 7
155 142 7 7
155 147 7 7
156 145 7 7
156 142 7 7
157 153 7 7
157 144 7 7
158 155 7 7
158 152 7 7
159 143 7 7
159 153 7 7
140 149 7 7
140 155 7 7
141 148 7 7
141 149 7 7
162 161 8 8
162 160 8 8
163 160 8 8
163 162 8 8
164 160 8 8
164 161 8 8
165 161 8 8
165 162 8 8
166 165 8 8
166 164 8 8
167 164 8 8
167 161 8 8
168 165 8 8
168 164 8 8
169 160 8 8
169 166 8 8
170 169 8 8
170 161 8 8
171 162 8 8
171 161 8 8
172 168 8 8
172 160 8 8
173 169 8 8
173 171 8 8
174 170 8 8
174 161 8 8
175 163 8 8
175 164 8 8
176 166 8 8
176 160 8 8
177 175 8 8
177 162 8 8
178 176 8 8
178 163 8 8
179 160 8 8
179 166 8 8
160 174 8 8
160 168 8 8
161 163 8 8
161 166 8 8
182 181 9 9
182 180 9 9
183 182 9 9
183 180 9 9
184 180 9 9
184 181 9 9
185 180 9 9
185 183 9 9
186 182 9 9
186 180 9 9
187 183 9 9
187 186 9 9
188 180 9 9
188 182 9 9
189 183 9 9
189 182 9 9
190 184 9 9
190 180 9 9
191 189 9 9
191 183 9 9
192 182 9 9
192 191 9 9
193 185 9 9
193 189 9 9
194 180 9 9
194 192 9 9
195 190 9 9
195 188 9 9
196 185 9 9
196 182 9 9
197 181 9 9
197 194 9 9
198 183 9 9
198 196 9 9
199 188 9 9
199 193 9 9
180 197 9 9
180 189 9 9
181 193 9 9
181 195 9 9
202 201 10 10
202 200 10 10
203 202 10 10
203 201 10 10
204 201 10 10
204 203 10 10
205 201 10 10
205 203 10 10
206 204 10 10
206 203 10 10
207 205 10 10
207 203 10 10
208 201 10 10
208 200 10 10
209 203 10 10
209 207 10 10
210 209 10 10
210 200 10 10
211 201 10 10
211 206 10 10
212 206 10 10
212 204 10 10
213 205 10 10
213 212 10 10
214 210 10 10
214 213 10 10
215 202 10 10
215 212 10 10
216 210 10 10
216 202 10 10
217 203 10 10
217 214 10 10
218 214 10 10
218 204 10 10
219 210 10 10
219 203 10 10
200 212 10 10
200 206 10 10
201 206 10 10
201 212 10 10
222 220 11 11
222 221 11 11
223 221 11 11
223 220 11 11
224 221 11 11
224 223 11 11
225 224 11 11
225 222 11 11
226 223 11 11
226 222 11 11
227 223 11 11
227 221 11 11
228 224 11 11
228 222 11 11
229 225 11 11
229 228 11 11
230 223 11 11
230 224 11 11
231 222 11 11
231 220 11 11
232 228 11 11
232 222 11 11
233 230 11 11
233 229 11 11
234 221 11 11
234 230 11 11
235 230 11 11
235 229 11 11
236 220 11 11
236 222 11 11
237 227 11 11
237 235 11 11
238 228 11 11
238 220 11 11
239 223 11 11
239 229 11 11
220 228 11 11
220 237 11 11
221 226 11 11
221 237 11 11
242 241 12 12
242 240 12 12
243 241 12 12
243 240 12 12
244 241 12 12
244 242 12 12
245 240 12 12
245 242 12 12
246 245 12 12
246 241 12 12
247 244 12 12
247 246 12 12
248 243 12 12
248 242 12 12
249 242 12 12
249 246 12 12
250 241 12 12
250 249 12 12
251 249 12 12
251 242 12 12
252 251 12 12
252 249 12 12
253 240 12 12
253 251 12 12
254 247 12 12
254 241 12 12
255 254 12 12
255 243 12 12
256 242 12 12
256 252 12 12
257 242 12 12
257 256 12 12
258 248 12 12
258 244 12 12
259 258 12 12
259 255 12 12
240 259 12 12
240 249 12 12
241 255 12 12
241 249 12 12
262 261 13 13
262 260 13 13
263 262 13 13
263 261 13 13
264 263 13 13
264 262 13 13
265 262 13 13
265 263 13 13
266 260 13 13
266 262 13 13
267 260 13 13
267 262 13 13
268 266 13 13
268 262 13 13
269 260 13 13
269 262 13 13
270 266 13 13
270 269 13 13
271 261 13 13
271 264 13 13
272 267 13 13
272 262 13 13
273 260 13 13
273 263 13 13
274 263 13 13
274 273 13 13
275 261 13 13
275 264 13 13
276 268 13 13
276 260 13 13
277 275 13 13
277 261 13 13
278 275 13 13
278 264 13 13
279 275 13 13
279 262 13 13
260 268 13 13
260 274 13 13
261 264 13 13
261 278 13 13
282 281 14 14
282 280 14 14
283 280 14 14
283 281 14 14
284 282 14 14
284 281 14 14
285 281 14 14
285 283 14 14
286 283 14 14
286 284 14 14
287 280 14 14
287 284 14 14
288 287 14 14
288 283 14 14
289 285 14 14
289 288 14 14
290 289 14 14
290 282 14 14
291 284 14 14
291 281 14 14
292 280 14 14
292 283 14 14
293 289 14 14
293 281 14 14
294 289 14 14
294 291 14 14
295 290 14 14
295 291 14 14
296 294 14 14
296 285 14 14
297 290 14 14
297 292 14 14
298 287 14 14
298 296 14 14
299 298 14 14
299 288 14 14
280 290 14 14
280 285 14 14
281 299 14 14
281 288 14 14
302 300 15 15
302 301 15 15
303 300 15 15
303 301 15 15
304 300 15 15
304 303 15 15
305 302 15 15
305 304 15 15
306 300 15 15
306 304 15 15
307 300 15 15
307 303 15 15
308 302 15 15
308 305 15 15
309 304 15 15
309 303 15 15
310 304 15 15
310 307 15 15
311 302 15 15
311 307 15 15
312 309 15 15
312 301 15 15
313 300 15 15
313 304 15 15
314 309 15 15
314 311 15 15
315 300 15 15
315 306 15 15
316 307 15 15
316 305 15 15
317 305 15 15
317 306 15 15
318 312 15 15
318 301 15 15
319 310 15 15
319 314 15 15
300 314 15 15
300 309 15 15
301 309 15 15
301 308 15 15
41 0 2 0
52 36 2 1
68 2 3 0
65 35 3 1
98 13 4 0
99 74 4 3
102 21 5 1
103 88 5 4
129 43 6 2
121 13 6 0
141 131 7 6
155 116 7 5
165 112 8 5
175 89 8 4
196 72 9 3
194 172 9 8
208 169 10 8
205 189 10 9
226 77 11 3
226 51 11 2
244 221 12 11
257 69 12 3
263 18 13 0
263 51 13 2
280 165 14 8
289 234 14 11
319 244 15 12
307 51 15 2
5 155 0 7
11 104 0 5
38 202 1 10
33 142 1 7
