swNum = 320
edgeNum = 672

0 0
1 0
2 0
3 0
4 0
5 0
6 0
7 0
8 0
9 0
10 0
11 0
12 0
13 0
14 0
15 0
16 0
17 0
18 0
19 0
20 1
21 1
22 1
23 1
24 1
25 1
26 1
27 1
28 1
29 1
30 1
31 1
32 1
33 1
34 1
35 1
36 1
37 1
38 1
39 1
40 2
41 2
42 2
43 2
44 2
45 2
46 2
47 2
48 2
49 2
50 2
51 2
52 2
53 2
54 2
55 2
56 2
57 2
58 2
59 2
60 3
61 3
62 3
63 3
64 3
65 3
66 3
67 3
68 3
69 3
70 3
71 3
72 3
73 3
74 3
75 3
76 3
77 3
78 3
79 3
80 4
81 4
82 4
83 4
84 4
85 4
86 4
87 4
88 4
89 4
90 4
91 4
92 4
93 4
94 4
95 4
96 4
97 4
98 4
99 4
100 5
101 5
102 5
103 5
104 5
105 5
106 5
107 5
108 5
109 5
110 5
111 5
112 5
113 5
114 5
115 5
116 5
117 5
118 5
119 5
120 6
121 6
122 6
123 6
124 6
125 6
126 6
127 6
128 6
129 6
130 6
131 6
132 6
133 6
134 6
135 6
136 6
137 6
138 6
139 6
140 7
141 7
142 7
143 7
144 7
145 7
146 7
147 7
148 7
149 7
150 7
151 7
152 7
153 7
154 7
155 7
156 7
157 7
158 7
159 7
160 8
161 8
162 8
163 8
164 8
165 8
166 8
167 8
168 8
169 8
170 8
171 8
172 8
173 8
174 8
175 8
176 8
177 8
178 8
179 8
180 9
181 9
182 9
183 9
184 9
185 9
186 9
187 9
188 9
189 9
190 9
191 9
192 9
193 9
194 9
195 9
196 9
197 9
198 9
199 9
200 10
201 10
202 10
203 10
204 10
205 10
206 10
207 10
208 10
209 10
210 10
211 10
212 10
213 10
214 10
215 10
216 10
217 10
218 10
219 10
220 11
221 11
222 11
223 11
224 11
225 11
226 11
227 11
228 11
229 11
230 11
231 11
232 11
233 11
234 11
235 11
236 11
237 11
238 11
239 11
240 12
241 12
242 12
243 12
244 12
245 12
246 12
247 12
248 12
249 12
250 12
251 12
252 12
253 12
254 12
255 12
256 12
257 12
258 12
259 12
260 13
261 13
262 13
263 13
264 13
265 13
266 13
267 13
268 13
269 13
270 13
271 13
272 13
273 13
274 13
275 13
276 13
277 13
278 13
279 13
280 14
281 14
282 14
283 14
284 14
285 14
286 14
287 14
288 14
289 14
290 14
291 14
292 14
293 14
294 14
295 14
296 14
297 14
298 14
299 14
300 15
301 15
302 15
303 15
304 15
305 15
306 15
307 15
308 15
309 15
310 15
311 15
312 15
313 15
314 15
315 15
316 15
317 15
318 15
319 15

2 0 0 0
2 1 0 0
3 0 0 0
3 2 0 0
4 0 0 0
4 3 0 0
5 1 0 0
5 3 0 0
6 5 0 0
6 3 0 0
7 0 0 0
7 3 0 0
8 0 0 0
8 4 0 0
9 1 0 0
9 8 0 0
10 9 0 0
10 1 0 0
11 2 0 0
11 3 0 0
12 0 0 0
12 9 0 0
13 8 0 0
13 2 0 0
14 7 0 0
14 11 0 0
15 3 0 0
15 1 0 0
16 13 0 0
16 12 0 0
17 5 0 0
17 12 0 0
18 3 0 0
18 7 0 0
19 0 0 0
19 14 0 0
0 5 0 0
0 11 0 0
1 11 0 0
1 3 0 0
22 20 1 1
22 21 1 1
23 22 1 1
23 20 1 1
24 21 1 1
24 20 1 1
25 20 1 1
25 21 1 1
26 20 1 1
26 23 1 1
27 20 1 1
27 22 1 1
28 27 1 1
28 24 1 1
29 27 1 1
29 26 1 1
30 29 1 1
30 24 1 1
31 23 1 1
31 29 1 1
32 24 1 1
32 30 1 1
33 32 1 1
33 21 1 1
34 33 1 1
34 28 1 1
35 27 1 1
35 32 1 1
36 25 1 1
36 26 1 1
37 34 1 1
37 20 1 1
38 27 1 1
38 22 1 1
39 35 1 1
39 21 1 1
20 36 1 1
20 29 1 1
21 27 1 1
21 35 1 1
42 41 2 2
42 40 2 2
43 42 2 2
43 40 2 2
44 43 2 2
44 40 2 2
45 40 2 2
45 41 2 2
46 44 2 2
46 40 2 2
47 42 2 2
47 41 2 2
48 44 2 2
48 43 2 2
49 45 2 2
49 47 2 2
50 48 2 2
50 46 2 2
51 44 2 2
51 50 2 2
52 45 2 2
52 44 2 2
53 46 2 2
53 50 2 2
54 40 2 2
54 42 2 2
55 43 2 2
55 49 2 2
56 52 2 2
56 40 2 2
57 41 2 2
57 40 2 2
58 49 2 2
58 55 2 2
59 58 2 2
59 48 2 2
40 48 2 2
40 53 2 2
41 43 2 2
41 59 2 2
62 60 3 3
62 61 3 3
63 60 3 3
63 62 3 3
64 63 3 3
64 62 3 3
65 62 3 3
65 61 3 3
66 60 3 3
66 65 3 3
67 65 3 3
67 61 3 3
68 66 3 3
68 64 3 3
69 63 3 3
69 60 3 3
70 68 3 3
70 67 3 3
71 68 3 3
71 65 3 3
72 71 3 3
72 65 3 3
73 72 3 3
73 68 3 3
74 72 3 3
74 71 3 3
75 67 3 3
75 72 3 3
76 67 3 3
76 71 3 3
77 60 3 3
77 76 3 3
78 69 3 3
78 68 3 3
79 60 3 3
79 70 3 3
60 73 3 3
60 67 3 3
61 77 3 3
61 76 3 3
82 80 4 4
82 81 4 4
83 80 4 4
83 81 4 4
84 83 4 4
84 82 4 4
85 83 4 4
85 84 4 4
86 83 4 4
86 85 4 4
87 80 4 4
87 81 4 4
88 86 4 4
88 82 4 4
89 87 4 4
89 88 4 4
90 81 4 4
90 80 4 4
91 85 4 4
91 88 4 4
92 87 4 4
92 89 4 4
93 88 4 4
93 89 4 4
94 81 4 4
94 85 4 4
95 93 4 4
95 94 4 4
96 95 4 4
96 83 4 4
97 87 4 4
97 85 4 4
98 89 4 4
98 92 4 4
99 87 4 4
99 82 4 4
80 99 4 4
80 86 4 4
81 89 4 4
81 88 4 4
102 100 5 5
102 101 5 5
103 101 5 5
103 100 5 5
104 102 5 5
104 100 5 5
105 101 5 5
105 103 5 5
106 101 5 5
106 102 5 5
107 104 5 5
107 100 5 5
108 100 5 5
108 101 5 5
109 102 5 5
109 103 5 5
110 107 5 5
110 106 5 5
111 103 5 5
111 106 5 5
112 107 5 5
112 110 5 5
113 105 5 5
113 109 5 5
114 113 5 5
114 107 5 5
115 106 5 5
115 113 5 5
116 111 5 5
116 114 5 5
117 109 5 5
117 104 5 5
118 112 5 5
118 116 5 5
119 102 5 5
119 108 5 5
100 116 5 5
100 118 5 5
101 107 5 5
101 116 5 5
122 121 6 6
122 120 6 6
123 120 6 6
123 121 6 6
124 123 6 6
124 120 6 6
125 124 6 6
125 121 6 6
126 122 6 6
126 121 6 6
127 123 6 6
127 122 6 6
128 122 6 6
128 124 6 6
129 122 6 6
129 128 6 6
130 127 6 6
130 120 6 6
131 127 6 6
131 130 6 6
132 121 6 6
132 124 6 6
133 124 6 6
133 130 6 6
134 131 6 6
134 121 6 6
135 128 6 6
135 120 6 6
136 134 6 6
136 125 6 6
137 136 6 6
137 124 6 6
138 129 6 6
138 122 6 6
139 131 6 6
139 137 6 6
120 138 6 6
120 134 6 6
121 136 6 6
121 131 6 6
142 141 7 7
142 140 7 7
143 142 7 7
143 141 7 7
144 143 7 7
144 142 7 7
145 140 7 7
145 144 7 7
146 144 7 7
146 141 7 7
147 141 7 7
147 143 7 7
148 142 7 7
148 143 7 7
149 147 7 7
149 148 7 7
150 148 7 7
150 143 7 7
151 149 7 7
151 145 7 7
152 140 7 7
152 147 7 7
153 144 7 7
153 152 7 7
154 149 7 7
154 140 7 7
155 142 7 7
155 147 7 7
156 152 7 7
156 145 7 7
157 152 7 7
157 149 7 7
158 155 7 7
158 157 7 7
159 142 7 7
159 157 7 7
140 153 7 7
140 149 7 7
141 158 7 7
141 157 7 7
162 160 8 8
162 161 8 8
163 161 8 8
163 160 8 8
164 161 8 8
164 162 8 8
165 162 8 8
165 160 8 8
166 160 8 8
166 162 8 8
167 164 8 8
167 165 8 8
168 162 8 8
168 164 8 8
169 166 8 8
169 161 8 8
170 166 8 8
170 168 8 8
171 166 8 8
171 167 8 8
172 160 8 8
172 163 8 8
173 168 8 8
173 164 8 8
174 163 8 8
174 172 8 8
175 168 8 8
175 166 8 8
176 164 8 8
176 172 8 8
177 160 8 8
177 170 8 8
178 168 8 8
178 173 8 8
179 171 8 8
179 166 8 8
160 164 8 8
160 179 8 8
161 172 8 8
161 173 8 8
182 181 9 9
182 180 9 9
183 180 9 9
183 181 9 9
184 183 9 9
184 180 9 9
185 183 9 9
185 182 9 9
186 185 9 9
186 180 9 9
187 180 9 9
187 186 9 9
188 185 9 9
188 187 9 9
189 181 9 9
189 188 9 9
190 184 9 9
190 187 9 9
191 182 9 9
191 181 9 9
192 191 9 9
192 182 9 9
193 187 9 9
193 185 9 9
194 193 9 9
194 182 9 9
195 193 9 9
195 191 9 9
196 194 9 9
196 192 9 9
197 180 9 9
197 183 9 9
198 195 9 9
198 192 9 9
199 183 9 9
199 180 9 9
180 188 9 9
180 189 9 9
181 194 9 9
181 186 9 9
202 200 10 10
202 201 10 10
203 200 10 10
203 201 10 10
204 201 10 10
204 202 10 10
205 200 10 10
205 201 10 10
206 205 10 10
206 201 10 10
207 201 10 10
207 206 10 10
208 205 10 10
208 206 10 10
209 200 10 10
209 204 10 10
210 203 10 10
210 206 10 10
211 205 10 10
211 206 10 10
212 210 10 10
212 206 10 10
213 212 10 10
213 210 10 10
214 206 10 10
214 202 10 10
215 213 10 10
215 212 10 10
216 211 10 10
216 208 10 10
217 207 10 10
217 202 10 10
218 203 10 10
218 213 10 10
219 208 10 10
219 215 10 10
200 218 10 10
200 210 10 10
201 211 10 10
201 217 10 10
222 221 11 11
222 220 11 11
223 220 11 11
223 221 11 11
224 222 11 11
224 221 11 11
225 224 11 11
225 220 11 11
226 225 11 11
226 220 11 11
227 226 11 11
227 222 11 11
228 220 11 11
228 227 11 11
229 226 11 11
229 220 11 11
230 220 11 11
230 229 11 11
231 229 11 11
231 223 11 11
232 225 11 11
232 221 11 11
233 220 11 11
233 232 11 11
234 223 11 11
234 227 11 11
235 220 11 11
235 229 11 11
236 231 11 11
236 229 11 11
237 224 11 11
237 226 11 11
238 234 11 11
238 231 11 11
239 227 11 11
239 234 11 11
220 238 11 11
220 234 11 11
221 230 11 11
221 235 11 11
242 241 12 12
242 240 12 12
243 242 12 12
243 241 12 12
244 241 12 12
244 242 12 12
245 240 12 12
245 244 12 12
246 240 12 12
246 241 12 12
247 241 12 12
247 242 12 12
248 246 12 12
248 242 12 12
249 240 12 12
249 246 12 12
250 248 12 12
250 242 12 12
251 244 12 12
251 247 12 12
252 251 12 12
252 246 12 12
253 241 12 12
253 249 12 12
254 248 12 12
254 253 12 12
255 253 12 12
255 246 12 12
256 242 12 12
256 244 12 12
257 246 12 12
257 247 12 12
258 244 12 12
258 254 12 12
259 254 12 12
259 255 12 12
240 250 12 12
240 252 12 12
241 249 12 12
241 255 12 12
262 261 13 13
262 260 13 13
263 260 13 13
263 262 13 13
264 263 13 13
264 261 13 13
265 260 13 13
265 263 13 13
266 264 13 13
266 260 13 13
267 261 13 13
267 263 13 13
268 266 13 13
268 265 13 13
269 262 13 13
269 261 13 13
270 261 13 13
270 269 13 13
271 266 13 13
271 269 13 13
272 260 13 13
272 261 13 13
273 262 13 13
273 267 13 13
274 268 13 13
274 271 13 13
275 272 13 13
275 267 13 13
276 269 13 13
276 263 13 13
277 271 13 13
277 267 13 13
278 277 13 13
278 268 13 13
279 270 13 13
279 276 13 13
260 278 13 13
260 270 13 13
261 273 13 13
261 277 13 13
282 281 14 14
282 280 14 14
283 282 14 14
283 281 14 14
284 280 14 14
284 283 14 14
285 280 14 14
285 284 14 14
286 284 14 14
286 280 14 14
287 285 14 14
287 281 14 14
288 284 14 14
288 283 14 14
289 282 14 14
289 288 14 14
290 282 14 14
290 287 14 14
291 286 14 14
291 287 14 14
292 283 14 14
292 291 14 14
293 285 14 14
293 284 14 14
294 287 14 14
294 291 14 14
295 280 14 14
295 285 14 14
296 280 14 14
296 295 14 14
297 284 14 14
297 295 14 14
298 293 14 14
298 282 14 14
299 293 14 14
299 296 14 14
280 288 14 14
280 297 14 14
281 296 14 14
281 294 14 14
302 300 15 15
302 301 15 15
303 300 15 15
303 302 15 15
304 300 15 15
304 302 15 15
305 300 15 15
305 302 15 15
306 302 15 15
306 305 15 15
307 302 15 15
307 303 15 15
308 301 15 15
308 300 15 15
309 304 15 15
309 302 15 15
310 303 15 15
310 309 15 15
311 310 15 15
311 309 15 15
312 309 15 15
312 311 15 15
313 310 15 15
313 304 15 15
314 310 15 15
314 304 15 15
315 301 15 15
315 312 15 15
316 304 15 15
316 301 15 15
317 306 15 15
317 313 15 15
318 309 15 15
318 304 15 15
319 300 15 15
319 304 15 15
300 307 15 15
300 312 15 15
301 305 15 15
301 306 15 15
43 29 2 1
51 13 2 0
75 32 3 1
65 3 3 0
84 37 4 1
97 60 4 3
106 78 5 3
110 44 5 2
133 37 6 1
123 77 6 3
149 23 7 1
147 43 7 2
179 97 8 4
174 77 8 3
193 28 9 1
183 134 9 6
203 8 10 0
201 105 10 5
233 176 11 8
233 181 11 9
240 42 12 2
250 204 12 10
260 29 13 1
268 181 13 9
283 90 14 4
282 251 14 12
305 33 15 1
306 269 15 13
1 161 0 8
5 294 0 14
34 282 1 14
21 110 1 5
