swNum = 320
edgeNum = 672

0 0
1 0
2 0
3 0
4 0
5 0
6 0
7 0
8 0
9 0
10 0
11 0
12 0
13 0
14 0
15 0
16 0
17 0
18 0
19 0
20 1
21 1
22 1
23 1
24 1
25 1
26 1
27 1
28 1
29 1
30 1
31 1
32 1
33 1
34 1
35 1
36 1
37 1
38 1
39 1
40 2
41 2
42 2
43 2
44 2
45 2
46 2
47 2
48 2
49 2
50 2
51 2
52 2
53 2
54 2
55 2
56 2
57 2
58 2
59 2
60 3
61 3
62 3
63 3
64 3
65 3
66 3
67 3
68 3
69 3
70 3
71 3
72 3
73 3
74 3
75 3
76 3
77 3
78 3
79 3
80 4
81 4
82 4
83 4
84 4
85 4
86 4
87 4
88 4
89 4
90 4
91 4
92 4
93 4
94 4
95 4
96 4
97 4
98 4
99 4
100 5
101 5
102 5
103 5
104 5
105 5
106 5
107 5
108 5
109 5
110 5
111 5
112 5
113 5
114 5
115 5
116 5
117 5
118 5
119 5
120 6
121 6
122 6
123 6
124 6
125 6
126 6
127 6
128 6
129 6
130 6
131 6
132 6
133 6
134 6
135 6
136 6
137 6
138 6
139 6
140 7
141 7
142 7
143 7
144 7
145 7
146 7
147 7
148 7
149 7
150 7
151 7
152 7
153 7
154 7
155 7
156 7
157 7
158 7
159 7
160 8
161 8
162 8
163 8
164 8
165 8
166 8
167 8
168 8
169 8
170 8
171 8
172 8
173 8
174 8
175 8
176 8
177 8
178 8
179 8
180 9
181 9
182 9
183 9
184 9
185 9
186 9
187 9
188 9
189 9
190 9
191 9
192 9
193 9
194 9
195 9
196 9
197 9
198 9
199 9
200 10
201 10
202 10
203 10
204 10
205 10
206 10
207 10
208 10
209 10
210 10
211 10
212 10
213 10
214 10
215 10
216 10
217 10
218 10
219 10
220 11
221 11
222 11
223 11
224 11
225 11
226 11
227 11
228 11
229 11
230 11
231 11
232 11
233 11
234 11
235 11
236 11
237 11
238 11
239 11
240 12
241 12
242 12
243 12
244 12
245 12
246 12
247 12
248 12
249 12
250 12
251 12
252 12
253 12
254 12
255 12
256 12
257 12
258 12
259 12
260 13
261 13
262 13
263 13
264 13
265 13
266 13
267 13
268 13
269 13
270 13
271 13
272 13
273 13
274 13
275 13
276 13
277 13
278 13
279 13
280 14
281 14
282 14
283 14
284 14
285 14
286 14
287 14
288 14
289 14
290 14
291 14
292 14
293 14
294 14
295 14
296 14
297 14
298 14
299 14
300 15
301 15
302 15
303 15
304 15
305 15
306 15
307 15
308 15
309 15
310 15
311 15
312 15
313 15
314 15
315 15
316 15
317 15
318 15
319 15

2 0 0 0
2 1 0 0
3 2 0 0
3 1 0 0
4 1 0 0
4 3 0 0
5 0 0 0
5 4 0 0
6 1 0 0
6 2 0 0
7 6 0 0
7 2 0 0
8 4 0 0
8 1 0 0
9 8 0 0
9 3 0 0
10 3 0 0
10 1 0 0
11 2 0 0
11 3 0 0
12 7 0 0
12 6 0 0
13 1 0 0
13 9 0 0
14 2 0 0
14 7 0 0
15 8 0 0
15 12 0 0
16 3 0 0
16 9 0 0
17 12 0 0
17 3 0 0
18 11 0 0
18 2 0 0
19 6 0 0
19 18 0 0
0 7 0 0
0 12 0 0
1 15 0 0
1 5 0 0
22 20 1 1
22 21 1 1
23 21 1 1
23 22 1 1
24 20 1 1
24 22 1 1
25 24 1 1
25 23 1 1
26 20 1 1
26 22 1 1
27 22 1 1
27 25 1 1
28 20 1 1
28 24 1 1
29 26 1 1
29 23 1 1
30 22 1 1
30 29 1 1
31 21 1 1
31 29 1 1
32 27 1 1
32 24 1 1
33 27 1 1
33 22 1 1
34 27 1 1
34 29 1 1
35 27 1 1
35 22 1 1
36 31 1 1
36 20 1 1
37 21 1 1
37 36 1 1
38 24 1 1
38 26 1 1
39 28 1 1
39 20 1 1
20 27 1 1
20 32 1 1
21 35 1 1
21 36 1 1
42 40 2 2
42 41 2 2
43 42 2 2
43 41 2 2
44 43 2 2
44 40 2 2
45 40 2 2
45 43 2 2
46 43 2 2
46 44 2 2
47 42 2 2
47 43 2 2
48 44 2 2
48 41 2 2
49 43 2 2
49 44 2 2
50 47 2 2
50 41 2 2
51 49 2 2
51 45 2 2
52 49 2 2
52 40 2 2
53 42 2 2
53 44 2 2
54 51 2 2
54 53 2 2
55 41 2 2
55 42 2 2
56 40 2 2
56 55 2 2
57 44 2 2
57 56 2 2
58 51 2 2
58 57 2 2
59 54 2 2
59 41 2 2
40 47 2 2
40 57 2 2
41 52 2 2
41 57 2 2
62 60 3 3
62 61 3 3
63 61 3 3
63 62 3 3
64 60 3 3
64 63 3 3
65 60 3 3
65 64 3 3
66 60 3 3
66 63 3 3
67 61 3 3
67 65 3 3
68 67 3 3
68 63 3 3
69 65 3 3
69 64 3 3
70 66 3 3
70 69 3 3
71 65 3 3
71 70 3 3
72 65 3 3
72 60 3 3
73 63 3 3
73 65 3 3
74 70 3 3
74 64 3 3
75 73 3 3
75 68 3 3
76 72 3 3
76 68 3 3
77 61 3 3
77 62 3 3
78 64 3 3
78 70 3 3
79 77 3 3
79 68 3 3
60 71 3 3
60 74 3 3
61 68 3 3
61 79 3 3
82 80 4 4
82 81 4 4
83 80 4 4
83 82 4 4
84 80 4 4
84 81 4 4
85 83 4 4
85 84 4 4
86 82 4 4
86 81 4 4
87 85 4 4
87 83 4 4
88 86 4 4
88 82 4 4
89 86 4 4
89 84 4 4
90 87 4 4
90 89 4 4
91 88 4 4
91 83 4 4
92 80 4 4
92 81 4 4
93 80 4 4
93 89 4 4
94 84 4 4
94 82 4 4
95 92 4 4
95 85 4 4
96 80 4 4
96 83 4 4
97 86 4 4
97 95 4 4
98 84 4 4
98 88 4 4
99 84 4 4
99 80 4 4
80 91 4 4
80 94 4 4
81 87 4 4
81 93 4 4
102 100 5 5
102 101 5 5
103 102 5 5
103 100 5 5
104 100 5 5
104 102 5 5
105 101 5 5
105 102 5 5
106 100 5 5
106 102 5 5
107 105 5 5
107 104 5 5
108 103 5 5
108 106 5 5
109 106 5 5
109 107 5 5
110 106 5 5
110 108 5 5
111 101 5 5
111 105 5 5
112 101 5 5
112 110 5 5
113 110 5 5
113 101 5 5
114 105 5 5
114 103 5 5
115 102 5 5
115 105 5 5
116 108 5 5
116 106 5 5
117 103 5 5
117 102 5 5
118 115 5 5
118 100 5 5
119 103 5 5
119 101 5 5
100 113 5 5
100 112 5 5
101 114 5 5
101 115 5 5
122 121 6 6
122 120 6 6
123 122 6 6
123 120 6 6
124 123 6 6
124 120 6 6
125 121 6 6
125 124 6 6
126 125 6 6
126 122 6 6
127 125 6 6
127 126 6 6
128 120 6 6
128 125 6 6
129 128 6 6
129 123 6 6
130 122 6 6
130 127 6 6
131 122 6 6
131 125 6 6
132 124 6 6
132 126 6 6
133 123 6 6
133 130 6 6
134 120 6 6
134 123 6 6
135 133 6 6
135 130 6 6
136 124 6 6
136 120 6 6
137 134 6 6
137 124 6 6
138 137 6 6
138 123 6 6
139 132 6 6
139 134 6 6
120 137 6 6
120 129 6 6
121 131 6 6
121 127 6 6
142 141 7 7
142 140 7 7
143 140 7 7
143 142 7 7
144 142 7 7
144 143 7 7
145 142 7 7
145 143 7 7
146 144 7 7
146 141 7 7
147 141 7 7
147 146 7 7
148 144 7 7
148 146 7 7
149 142 7 7
149 147 7 7
150 142 7 7
150 143 7 7
151 144 7 7
151 148 7 7
152 146 7 7
152 149 7 7
153 140 7 7
153 149 7 7
154 153 7 7
154 142 7 7
155 141 7 7
155 140 7 7
156 149 7 7
156 143 7 7
157 145 7 7
157 148 7 7
158 156 7 7
158 149 7 7
159 151 7 7
159 152 7 7
140 145 7 7
140 152 7 7
141 143 7 7
141 158 7 7
162 160 8 8
162 161 8 8
163 162 8 8
163 160 8 8
164 160 8 8
164 162 8 8
165 163 8 8
165 162 8 8
166 162 8 8
166 164 8 8
167 160 8 8
167 164 8 8
168 166 8 8
168 163 8 8
169 162 8 8
169 163 8 8
170 165 8 8
170 169 8 8
171 164 8 8
171 161 8 8
172 165 8 8
172 169 8 8
173 162 8 8
173 168 8 8
174 166 8 8
174 167 8 8
175 170 8 8
175 160 8 8
176 166 8 8
176 165 8 8
177 176 8 8
177 175 8 8
178 171 8 8
178 165 8 8
179 165 8 8
179 172 8 8
160 169 8 8
160 178 8 8
161 164 8 8
161 165 8 8
182 180 9 9
182 181 9 9
183 181 9 9
183 180 9 9
184 182 9 9
184 183 9 9
185 180 9 9
185 181 9 9
186 184 9 9
186 183 9 9
187 185 9 9
187 180 9 9
188 186 9 9
188 180 9 9
189 188 9 9
189 182 9 9
190 181 9 9
190 187 9 9
191 188 9 9
191 189 9 9
192 187 9 9
192 185 9 9
193 184 9 9
193 186 9 9
194 186 9 9
194 187 9 9
195 188 9 9
195 187 9 9
196 194 9 9
196 195 9 9
197 194 9 9
197 186 9 9
198 188 9 9
198 196 9 9
199 192 9 9
199 194 9 9
180 186 9 9
180 197 9 9
181 184 9 9
181 187 9 9
202 200 10 10
202 201 10 10
203 201 10 10
203 202 10 10
204 201 10 10
204 203 10 10
205 201 10 10
205 203 10 10
206 200 10 10
206 205 10 10
207 204 10 10
207 200 10 10
208 205 10 10
208 203 10 10
209 207 10 10
209 208 10 10
210 205 10 10
210 204 10 10
211 209 10 10
211 201 10 10
212 210 10 10
212 202 10 10
213 206 10 10
213 200 10 10
214 200 10 10
214 206 10 10
215 209 10 10
215 213 10 10
216 204 10 10
216 201 10 10
217 206 10 10
217 200 10 10
218 216 10 10
218 207 10 10
219 206 10 10
219 200 10 10
200 215 10 10
200 203 10 10
201 218 10 10
201 208 10 10
222 220 11 11
222 221 11 11
223 220 11 11
223 222 11 11
224 221 11 11
224 223 11 11
225 224 11 11
225 223 11 11
226 222 11 11
226 220 11 11
227 220 11 11
227 226 11 11
228 226 11 11
228 222 11 11
229 221 11 11
229 228 11 11
230 227 11 11
230 228 11 11
231 223 11 11
231 222 11 11
232 224 11 11
232 221 11 11
233 230 11 11
233 232 11 11
234 225 11 11
234 230 11 11
235 225 11 11
235 229 11 11
236 222 11 11
236 221 11 11
237 226 11 11
237 235 11 11
238 228 11 11
238 222 11 11
239 220 11 11
239 226 11 11
220 233 11 11
220 228 11 11
221 238 11 11
221 228 11 11
242 240 12 12
242 241 12 12
243 242 12 12
243 240 12 12
244 242 12 12
244 240 12 12
245 244 12 12
245 240 12 12
246 243 12 12
246 242 12 12
247 242 12 12
247 245 12 12
248 244 12 12
248 243 12 12
249 240 12 12
249 245 12 12
250 247 12 12
250 249 12 12
251 247 12 12
251 249 12 12
252 245 12 12
252 240 12 12
253 243 12 12
253 241 12 12
254 242 12 12
254 245 12 12
255 245 12 12
255 249 12 12
256 242 12 12
256 252 12 12
257 248 12 12
257 251 12 12
258 255 12 12
258 242 12 12
259 254 12 12
259 242 12 12
240 256 12 12
240 251 12 12
241 255 12 12
241 250 12 12
262 261 13 13
262 260 13 13
263 261 13 13
263 260 13 13
264 263 13 13
264 260 13 13
265 261 13 13
265 264 13 13
266 261 13 13
266 265 13 13
267 264 13 13
267 260 13 13
268 267 13 13
268 264 13 13
269 265 13 13
269 267 13 13
270 262 13 13
270 269 13 13
271 266 13 13
271 263 13 13
272 263 13 13
272 261 13 13
273 269 13 13
273 262 13 13
274 265 13 13
274 268 13 13
275 273 13 13
275 260 13 13
276 273 13 13
276 269 13 13
277 263 13 13
277 269 13 13
278 276 13 13
278 267 13 13
279 275 13 13
279 262 13 13
260 268 13 13
260 276 13 13
261 268 13 13
261 271 13 13
282 280 14 14
282 281 14 14
283 280 14 14
283 282 14 14
284 281 14 14
284 280 14 14
285 280 14 14
285 283 14 14
286 283 14 14
286 282 14 14
287 286 14 14
287 282 14 14
288 286 14 14
288 287 14 14
289 288 14 14
289 281 14 14
290 284 14 14
290 282 14 14
291 281 14 14
291 284 14 14
292 287 14 14
292 286 14 14
293 288 14 14
293 286 14 14
294 291 14 14
294 288 14 14
295 291 14 14
295 282 14 14
296 292 14 14
296 293 14 14
297 293 14 14
297 294 14 14
298 284 14 14
298 290 14 14
299 288 14 14
299 286 14 14
280 293 14 14
280 296 14 14
281 290 14 14
281 297 14 14
302 301 15 15
302 300 15 15
303 302 15 15
303 301 15 15
304 303 15 15
304 301 15 15
305 302 15 15
305 304 15 15
306 304 15 15
306 305 15 15
307 300 15 15
307 306 15 15
308 305 15 15
308 306 15 15
309 306 15 15
309 304 15 15
310 304 15 15
310 305 15 15
311 307 15 15
311 303 15 15
312 307 15 15
312 305 15 15
313 305 15 15
313 303 15 15
314 305 15 15
314 303 15 15
315 300 15 15
315 311 15 15
316 313 15 15
316 314 15 15
317 315 15 15
317 308 15 15
318 302 15 15
318 314 15 15
319 318 15 15
319 316 15 15
300 316 15 15
300 318 15 15
301 317 15 15
301 308 15 15
41 12 2 0
47 20 2 1
67 33 3 1
62 51 3 2
88 70 4 3
84 52 4 2
114 78 5 3
111 84 5 4
124 105 6 5
128 24 6 1
141 121 7 6
158 76 7 3
168 36 8 1
176 50 8 2
188 57 9 2
180 127 9 6
202 108 10 5
219 162 10 8
225 1 11 0
228 161 11 8
243 56 12 2
243 8 12 0
270 124 13 6
261 203 13 10
295 29 14 1
299 54 14 2
306 72 15 3
304 265 15 13
19 127 0 6
5 269 0 13
39 304 1 15
34 202 1 10
