swNum = 320
edgeNum = 672

0 0
1 0
2 0
3 0
4 0
5 0
6 0
7 0
8 0
9 0
10 0
11 0
12 0
13 0
14 0
15 0
16 0
17 0
18 0
19 0
20 1
21 1
22 1
23 1
24 1
25 1
26 1
27 1
28 1
29 1
30 1
31 1
32 1
33 1
34 1
35 1
36 1
37 1
38 1
39 1
40 2
41 2
42 2
43 2
44 2
45 2
46 2
47 2
48 2
49 2
50 2
51 2
52 2
53 2
54 2
55 2
56 2
57 2
58 2
59 2
60 3
61 3
62 3
63 3
64 3
65 3
66 3
67 3
68 3
69 3
70 3
71 3
72 3
73 3
74 3
75 3
76 3
77 3
78 3
79 3
80 4
81 4
82 4
83 4
84 4
85 4
86 4
87 4
88 4
89 4
90 4
91 4
92 4
93 4
94 4
95 4
96 4
97 4
98 4
99 4
100 5
101 5
102 5
103 5
104 5
105 5
106 5
107 5
108 5
109 5
110 5
111 5
112 5
113 5
114 5
115 5
116 5
117 5
118 5
119 5
120 6
121 6
122 6
123 6
124 6
125 6
126 6
127 6
128 6
129 6
130 6
131 6
132 6
133 6
134 6
135 6
136 6
137 6
138 6
139 6
140 7
141 7
142 7
143 7
144 7
145 7
146 7
147 7
148 7
149 7
150 7
151 7
152 7
153 7
154 7
155 7
156 7
157 7
158 7
159 7
160 8
161 8
162 8
163 8
164 8
165 8
166 8
167 8
168 8
169 8
170 8
171 8
172 8
173 8
174 8
175 8
176 8
177 8
178 8
179 8
180 9
181 9
182 9
183 9
184 9
185 9
186 9
187 9
188 9
189 9
190 9
191 9
192 9
193 9
194 9
195 9
196 9
197 9
198 9
199 9
200 10
201 10
202 10
203 10
204 10
205 10
206 10
207 10
208 10
209 10
210 10
211 10
212 10
213 10
214 10
215 10
216 10
217 10
218 10
219 10
220 11
221 11
222 11
223 11
224 11
225 11
226 11
227 11
228 11
229 11
230 11
231 11
232 11
233 11
234 11
235 11
236 11
237 11
238 11
239 11
240 12
241 12
242 12
243 12
244 12
245 12
246 12
247 12
248 12
249 12
250 12
251 12
252 12
253 12
254 12
255 12
256 12
257 12
258 12
259 12
260 13
261 13
262 13
263 13
264 13
265 13
266 13
267 13
268 13
269 13
270 13
271 13
272 13
273 13
274 13
275 13
276 13
277 13
278 13
279 13
280 14
281 14
282 14
283 14
284 14
285 14
286 14
287 14
288 14
289 14
290 14
291 14
292 14
293 14
294 14
295 14
296 14
297 14
298 14
299 14
300 15
301 15
302 15
303 15
304 15
305 15
306 15
307 15
308 15
309 15
310 15
311 15
312 15
313 15
314 15
315 15
316 15
317 15
318 15
319 15

2 0 0 0
2 1 0 0
3 0 0 0
3 2 0 0
4 2 0 0
4 3 0 0
5 1 0 0
5 2 0 0
6 0 0 0
6 5 0 0
7 3 0 0
7 2 0 0
8 6 0 0
8 2 0 0
9 0 0 0
9 5 0 0
10 3 0 0
10 7 0 0
11 1 0 0
11 7 0 0
12 0 0 0
12 11 0 0
13 10 0 0
13 1 0 0
14 12 0 0
14 3 0 0
15 1 0 0
15 0 0 0
16 7 0 0
16 3 0 0
17 9 0 0
17 13 0 0
18 15 0 0
18 14 0 0
19 2 0 0
19 0 0 0
0 14 0 0
0 17 0 0
1 17 0 0
1 16 0 0
22 21 1 1
22 20 1 1
23 22 1 1
23 20 1 1
24 22 1 1
24 21 1 1
25 20 1 1
25 22 1 1
26 21 1 1
26 24 1 1
27 25 1 1
27 24 1 1
28 25 1 1
28 20 1 1
29 25 1 1
29 24 1 1
30 23 1 1
30 29 1 1
31 21 1 1
31 20 1 1
32 31 1 1
32 26 1 1
33 24 1 1
33 32 1 1
34 26 1 1
34 30 1 1
35 33 1 1
35 25 1 1
36 30 1 1
36 28 1 1
37 31 1 1
37 22 1 1
38 28 1 1
38 34 1 1
39 22 1 1
39 28 1 1
20 39 1 1
20 36 1 1
21 37 1 1
21 23 1 1
42 40 2 2
42 41 2 2
43 40 2 2
43 41 2 2
44 42 2 2
44 43 2 2
45 44 2 2
45 43 2 2
46 44 2 2
46 45 2 2
47 41 2 2
47 40 2 2
48 46 2 2
48 43 2 2
49 42 2 2
49 46 2 2
50 46 2 2
50 43 2 2
51 49 2 2
51 45 2 2
52 43 2 2
52 41 2 2
53 40 2 2
53 50 2 2
54 48 2 2
54 46 2 2
55 46 2 2
55 40 2 2
56 43 2 2
56 48 2 2
57 51 2 2
57 49 2 2
58 46 2 2
58 49 2 2
59 43 2 2
59 56 2 2
40 54 2 2
40 59 2 2
41 58 2 2
41 59 2 2
62 61 3 3
62 60 3 3
63 61 3 3
63 60 3 3
64 63 3 3
64 60 3 3
65 61 3 3
65 63 3 3
66 60 3 3
66 63 3 3
67 65 3 3
67 62 3 3
68 61 3 3
68 63 3 3
69 65 3 3
69 64 3 3
70 63 3 3
70 66 3 3
71 70 3 3
71 64 3 3
72 63 3 3
72 64 3 3
73 61 3 3
73 63 3 3
74 68 3 3
74 66 3 3
75 70 3 3
75 61 3 3
76 74 3 3
76 66 3 3
77 64 3 3
77 66 3 3
78 69 3 3
78 75 3 3
79 63 3 3
79 64 3 3
60 77 3 3
60 71 3 3
61 71 3 3
61 78 3 3
82 81 4 4
82 80 4 4
83 82 4 4
83 80 4 4
84 82 4 4
84 81 4 4
85 81 4 4
85 80 4 4
86 84 4 4
86 80 4 4
87 85 4 4
87 82 4 4
88 85 4 4
88 83 4 4
89 80 4 4
89 86 4 4
90 84 4 4
90 85 4 4
91 90 4 4
91 88 4 4
92 82 4 4
92 90 4 4
93 83 4 4
93 84 4 4
94 93 4 4
94 90 4 4
95 80 4 4
95 82 4 4
96 93 4 4
96 84 4 4
97 89 4 4
97 93 4 4
98 81 4 4
98 85 4 4
99 86 4 4
99 83 4 4
80 98 4 4
80 90 4 4
81 92 4 4
81 96 4 4
102 101 5 5
102 100 5 5
103 100 5 5
103 101 5 5
104 101 5 5
104 103 5 5
105 100 5 5
105 103 5 5
106 101 5 5
106 104 5 5
107 102 5 5
107 103 5 5
108 102 5 5
108 104 5 5
109 101 5 5
109 100 5 5
110 106 5 5
110 101 5 5
111 101 5 5
111 110 5 5
112 109 5 5
112 102 5 5
113 100 5 5
113 108 5 5
114 103 5 5
114 105 5 5
115 105 5 5
115 100 5 5
116 115 5 5
116 103 5 5
117 114 5 5
117 100 5 5
118 116 5 5
118 105 5 5
119 118 5 5
119 115 5 5
100 114 5 5
100 116 5 5
101 107 5 5
101 108 5 5
122 121 6 6
122 120 6 6
123 120 6 6
123 121 6 6
124 122 6 6
124 123 6 6
125 124 6 6
125 122 6 6
126 120 6 6
126 125 6 6
127 121 6 6
127 124 6 6
128 121 6 6
128 123 6 6
129 128 6 6
129 125 6 6
130 123 6 6
130 124 6 6
131 124 6 6
131 128 6 6
132 129 6 6
132 124 6 6
133 121 6 6
133 132 6 6
134 129 6 6
134 131 6 6
135 126 6 6
135 123 6 6
136 134 6 6
136 129 6 6
137 128 6 6
137 120 6 6
138 129 6 6
138 120 6 6
139 136 6 6
139 133 6 6
120 134 6 6
120 133 6 6
121 137 6 6
121 135 6 6
142 140 7 7
142 141 7 7
143 141 7 7
143 140 7 7
144 141 7 7
144 140 7 7
145 143 7 7
145 142 7 7
146 142 7 7
146 144 7 7
147 142 7 7
147 144 7 7
148 144 7 7
148 142 7 7
149 145 7 7
149 147 7 7
150 148 7 7
150 147 7 7
151 147 7 7
151 143 7 7
152 148 7 7
152 142 7 7
153 148 7 7
153 141 7 7
154 146 7 7
154 144 7 7
155 145 7 7
155 153 7 7
156 140 7 7
156 148 7 7
157 151 7 7
157 146 7 7
158 141 7 7
158 153 7 7
159 146 7 7
159 154 7 7
140 155 7 7
140 145 7 7
141 150 7 7
141 148 7 7
162 161 8 8
162 160 8 8
163 162 8 8
163 161 8 8
164 161 8 8
164 160 8 8
165 164 8 8
165 160 8 8
166 163 8 8
166 162 8 8
167 160 8 8
167 164 8 8
168 164 8 8
168 161 8 8
169 168 8 8
169 162 8 8
170 165 8 8
170 164 8 8
171 160 8 8
171 168 8 8
172 164 8 8
172 171 8 8
173 169 8 8
173 160 8 8
174 172 8 8
174 169 8 8
175 164 8 8
175 166 8 8
176 161 8 8
176 173 8 8
177 171 8 8
177 164 8 8
178 166 8 8
178 161 8 8
179 173 8 8
179 171 8 8
160 179 8 8
160 178 8 8
161 169 8 8
161 170 8 8
182 180 9 9
182 181 9 9
183 182 9 9
183 181 9 9
184 182 9 9
184 183 9 9
185 180 9 9
185 181 9 9
186 182 9 9
186 180 9 9
187 186 9 9
187 185 9 9
188 186 9 9
188 181 9 9
189 182 9 9
189 181 9 9
190 180 9 9
190 188 9 9
191 186 9 9
191 187 9 9
192 187 9 9
192 184 9 9
193 186 9 9
193 185 9 9
194 191 9 9
194 183 9 9
195 194 9 9
195 182 9 9
196 188 9 9
196 181 9 9
197 182 9 9
197 194 9 9
198 184 9 9
198 194 9 9
199 187 9 9
199 197 9 9
180 191 9 9
180 193 9 9
181 191 9 9
181 187 9 9
202 201 10 10
202 200 10 10
203 201 10 10
203 200 10 10
204 202 10 10
204 201 10 10
205 202 10 10
205 200 10 10
206 201 10 10
206 200 10 10
207 201 10 10
207 200 10 10
208 205 10 10
208 206 10 10
209 204 10 10
209 201 10 10
210 200 10 10
210 203 10 10
211 202 10 10
211 208 10 10
212 205 10 10
212 208 10 10
213 202 10 10
213 212 10 10
214 209 10 10
214 212 10 10
215 211 10 10
215 206 10 10
216 210 10 10
216 200 10 10
217 212 10 10
217 205 10 10
218 202 10 10
218 215 10 10
219 211 10 10
219 213 10 10
200 209 10 10
200 204 10 10
201 205 10 10
201 216 10 10
222 220 11 11
222 221 11 11
223 221 11 11
223 222 11 11
224 223 11 11
224 222 11 11
225 224 11 11
225 223 11 11
226 220 11 11
226 223 11 11
227 223 11 11
227 224 11 11
228 222 11 11
228 225 11 11
229 223 11 11
229 225 11 11
230 223 11 11
230 224 11 11
231 221 11 11
231 223 11 11
232 220 11 11
232 223 11 11
233 229 11 11
233 225 11 11
234 226 11 11
234 221 11 11
235 223 11 11
235 227 11 11
236 227 11 11
236 225 11 11
237 220 11 11
237 230 11 11
238 236 11 11
238 220 11 11
239 226 11 11
239 230 11 11
220 224 11 11
220 236 11 11
221 237 11 11
221 230 11 11
242 240 12 12
242 241 12 12
243 241 12 12
243 240 12 12
244 241 12 12
244 240 12 12
245 242 12 12
245 240 12 12
246 242 12 12
246 243 12 12
247 244 12 12
247 240 12 12
248 244 12 12
248 240 12 12
249 242 12 12
249 245 12 12
250 249 12 12
250 242 12 12
251 243 12 12
251 245 12 12
252 244 12 12
252 241 12 12
253 247 12 12
253 244 12 12
254 246 12 12
254 249 12 12
255 248 12 12
255 240 12 12
256 242 12 12
256 249 12 12
257 241 12 12
257 249 12 12
258 255 12 12
258 246 12 12
259 243 12 12
259 252 12 12
240 249 12 12
240 257 12 12
241 246 12 12
241 258 12 12
262 261 13 13
262 260 13 13
263 260 13 13
263 262 13 13
264 260 13 13
264 263 13 13
265 264 13 13
265 260 13 13
266 264 13 13
266 263 13 13
267 263 13 13
267 262 13 13
268 265 13 13
268 260 13 13
269 260 13 13
269 265 13 13
270 268 13 13
270 269 13 13
271 261 13 13
271 263 13 13
272 265 13 13
272 268 13 13
273 263 13 13
273 262 13 13
274 264 13 13
274 262 13 13
275 274 13 13
275 272 13 13
276 262 13 13
276 267 13 13
277 275 13 13
277 263 13 13
278 262 13 13
278 267 13 13
279 263 13 13
279 271 13 13
260 272 13 13
260 276 13 13
261 277 13 13
261 269 13 13
282 280 14 14
282 281 14 14
283 282 14 14
283 281 14 14
284 282 14 14
284 281 14 14
285 284 14 14
285 283 14 14
286 283 14 14
286 282 14 14
287 280 14 14
287 285 14 14
288 285 14 14
288 284 14 14
289 283 14 14
289 281 14 14
290 280 14 14
290 286 14 14
291 288 14 14
291 284 14 14
292 282 14 14
292 289 14 14
293 289 14 14
293 291 14 14
294 287 14 14
294 290 14 14
295 287 14 14
295 286 14 14
296 286 14 14
296 285 14 14
297 281 14 14
297 296 14 14
298 281 14 14
298 294 14 14
299 295 14 14
299 281 14 14
280 296 14 14
280 288 14 14
281 291 14 14
281 290 14 14
302 301 15 15
302 300 15 15
303 301 15 15
303 300 15 15
304 302 15 15
304 303 15 15
305 300 15 15
305 304 15 15
306 302 15 15
306 304 15 15
307 303 15 15
307 304 15 15
308 305 15 15
308 304 15 15
309 307 15 15
309 304 15 15
310 307 15 15
310 308 15 15
311 300 15 15
311 305 15 15
312 308 15 15
312 307 15 15
313 304 15 15
313 312 15 15
314 307 15 15
314 301 15 15
315 306 15 15
315 313 15 15
316 300 15 15
316 307 15 15
317 315 15 15
317 308 15 15
318 310 15 15
318 314 15 15
319 306 15 15
319 318 15 15
300 313 15 15
300 319 15 15
301 319 15 15
301 304 15 15
55 22 2 1
45 7 2 0
62 16 3 0
74 46 3 2
86 63 4 3
85 49 4 2
107 69 5 3
104 85 5 4
133 100 6 5
129 5 6 0
152 55 7 2
152 16 7 0
161 103 8 5
176 134 8 6
190 41 9 2
198 4 9 0
209 114 10 5
214 92 10 4
232 215 11 10
229 8 11 0
240 139 12 6
247 41 12 2
270 80 13 4
272 252 13 12
284 214 14 10
295 236 14 11
308 95 15 4
311 236 15 11
18 248 0 12
13 318 0 15
22 233 1 11
30 285 1 14
