swNum = 320
edgeNum = 672

0 0
1 0
2 0
3 0
4 0
5 0
6 0
7 0
8 0
9 0
10 0
11 0
12 0
13 0
14 0
15 0
16 0
17 0
18 0
19 0
20 1
21 1
22 1
23 1
24 1
25 1
26 1
27 1
28 1
29 1
30 1
31 1
32 1
33 1
34 1
35 1
36 1
37 1
38 1
39 1
40 2
41 2
42 2
43 2
44 2
45 2
46 2
47 2
48 2
49 2
50 2
51 2
52 2
53 2
54 2
55 2
56 2
57 2
58 2
59 2
60 3
61 3
62 3
63 3
64 3
65 3
66 3
67 3
68 3
69 3
70 3
71 3
72 3
73 3
74 3
75 3
76 3
77 3
78 3
79 3
80 4
81 4
82 4
83 4
84 4
85 4
86 4
87 4
88 4
89 4
90 4
91 4
92 4
93 4
94 4
95 4
96 4
97 4
98 4
99 4
100 5
101 5
102 5
103 5
104 5
105 5
106 5
107 5
108 5
109 5
110 5
111 5
112 5
113 5
114 5
115 5
116 5
117 5
118 5
119 5
120 6
121 6
122 6
123 6
124 6
125 6
126 6
127 6
128 6
129 6
130 6
131 6
132 6
133 6
134 6
135 6
136 6
137 6
138 6
139 6
140 7
141 7
142 7
143 7
144 7
145 7
146 7
147 7
148 7
149 7
150 7
151 7
152 7
153 7
154 7
155 7
156 7
157 7
158 7
159 7
160 8
161 8
162 8
163 8
164 8
165 8
166 8
167 8
168 8
169 8
170 8
171 8
172 8
173 8
174 8
175 8
176 8
177 8
178 8
179 8
180 9
181 9
182 9
183 9
184 9
185 9
186 9
187 9
188 9
189 9
190 9
191 9
192 9
193 9
194 9
195 9
196 9
197 9
198 9
199 9
200 10
201 10
202 10
203 10
204 10
205 10
206 10
207 10
208 10
209 10
210 10
211 10
212 10
213 10
214 10
215 10
216 10
217 10
218 10
219 10
220 11
221 11
222 11
223 11
224 11
225 11
226 11
227 11
228 11
229 11
230 11
231 11
232 11
233 11
234 11
235 11
236 11
237 11
238 11
239 11
240 12
241 12
242 12
243 12
244 12
245 12
246 12
247 12
248 12
249 12
250 12
251 12
252 12
253 12
254 12
255 12
256 12
257 12
258 12
259 12
260 13
261 13
262 13
263 13
264 13
265 13
266 13
267 13
268 13
269 13
270 13
271 13
272 13
273 13
274 13
275 13
276 13
277 13
278 13
279 13
280 14
281 14
282 14
283 14
284 14
285 14
286 14
287 14
288 14
289 14
290 14
291 14
292 14
293 14
294 14
295 14
296 14
297 14
298 14
299 14
300 15
301 15
302 15
303 15
304 15
305 15
306 15
307 15
308 15
309 15
310 15
311 15
312 15
313 15
314 15
315 15
316 15
317 15
318 15
319 15

2 1 0 0
2 0 0 0
3 1 0 0
3 2 0 0
4 3 0 0
4 1 0 0
5 2 0 0
5 4 0 0
6 5 0 0
6 1 0 0
7 4 0 0
7 6 0 0
8 0 0 0
8 6 0 0
9 1 0 0
9 7 0 0
10 0 0 0
10 8 0 0
11 8 0 0
11 7 0 0
12 4 0 0
12 9 0 0
13 5 0 0
13 6 0 0
14 12 0 0
14 9 0 0
15 3 0 0
15 14 0 0
16 11 0 0
16 4 0 0
17 16 0 0
17 11 0 0
18 14 0 0
18 7 0 0
19 16 0 0
19 15 0 0
0 14 0 0
0 4 0 0
1 10 0 0
1 8 0 0
22 21 1 1
22 20 1 1
23 22 1 1
23 20 1 1
24 21 1 1
24 22 1 1
25 21 1 1
25 24 1 1
26 22 1 1
26 24 1 1
27 20 1 1
27 25 1 1
28 26 1 1
28 23 1 1
29 26 1 1
29 24 1 1
30 23 1 1
30 28 1 1
31 23 1 1
31 24 1 1
32 29 1 1
32 23 1 1
33 29 1 1
33 31 1 1
34 21 1 1
34 22 1 1
35 32 1 1
35 29 1 1
36 22 1 1
36 27 1 1
37 20 1 1
37 26 1 1
38 37 1 1
38 35 1 1
39 22 1 1
39 38 1 1
20 30 1 1
20 36 1 1
21 29 1 1
21 27 1 1
42 41 2 2
42 40 2 2
43 42 2 2
43 40 2 2
44 43 2 2
44 41 2 2
45 42 2 2
45 44 2 2
46 40 2 2
46 41 2 2
47 43 2 2
47 44 2 2
48 42 2 2
48 41 2 2
49 46 2 2
49 41 2 2
50 42 2 2
50 48 2 2
51 45 2 2
51 40 2 2
52 40 2 2
52 51 2 2
53 43 2 2
53 46 2 2
54 53 2 2
54 50 2 2
55 51 2 2
55 48 2 2
56 52 2 2
56 42 2 2
57 49 2 2
57 55 2 2
58 44 2 2
58 50 2 2
59 48 2 2
59 50 2 2
40 47 2 2
40 56 2 2
41 56 2 2
41 57 2 2
62 61 3 3
62 60 3 3
63 60 3 3
63 62 3 3
64 61 3 3
64 60 3 3
65 62 3 3
65 61 3 3
66 62 3 3
66 61 3 3
67 66 3 3
67 65 3 3
68 60 3 3
68 64 3 3
69 67 3 3
69 61 3 3
70 66 3 3
70 65 3 3
71 66 3 3
71 67 3 3
72 69 3 3
72 66 3 3
73 71 3 3
73 68 3 3
74 67 3 3
74 62 3 3
75 63 3 3
75 73 3 3
76 65 3 3
76 69 3 3
77 70 3 3
77 68 3 3
78 62 3 3
78 76 3 3
79 60 3 3
79 75 3 3
60 75 3 3
60 73 3 3
61 79 3 3
61 70 3 3
82 81 4 4
82 80 4 4
83 82 4 4
83 80 4 4
84 81 4 4
84 80 4 4
85 80 4 4
85 81 4 4
86 82 4 4
86 83 4 4
87 83 4 4
87 86 4 4
88 83 4 4
88 87 4 4
89 81 4 4
89 82 4 4
90 81 4 4
90 80 4 4
91 85 4 4
91 80 4 4
92 91 4 4
92 83 4 4
93 92 4 4
93 89 4 4
94 91 4 4
94 80 4 4
95 83 4 4
95 92 4 4
96 95 4 4
96 90 4 4
97 82 4 4
97 96 4 4
98 85 4 4
98 88 4 4
99 95 4 4
99 88 4 4
80 86 4 4
80 99 4 4
81 94 4 4
81 88 4 4
102 100 5 5
102 101 5 5
103 102 5 5
103 101 5 5
104 100 5 5
104 102 5 5
105 103 5 5
105 104 5 5
106 100 5 5
106 103 5 5
107 105 5 5
107 103 5 5
108 106 5 5
108 103 5 5
109 104 5 5
109 102 5 5
110 100 5 5
110 106 5 5
111 101 5 5
111 107 5 5
112 110 5 5
112 102 5 5
113 105 5 5
113 108 5 5
114 108 5 5
114 100 5 5
115 114 5 5
115 113 5 5
116 113 5 5
116 108 5 5
117 114 5 5
117 102 5 5
118 115 5 5
118 102 5 5
119 108 5 5
119 106 5 5
100 103 5 5
100 112 5 5
101 110 5 5
101 108 5 5
122 120 6 6
122 121 6 6
123 121 6 6
123 120 6 6
124 123 6 6
124 120 6 6
125 122 6 6
125 121 6 6
126 121 6 6
126 124 6 6
127 122 6 6
127 120 6 6
128 122 6 6
128 123 6 6
129 126 6 6
129 122 6 6
130 125 6 6
130 123 6 6
131 124 6 6
131 120 6 6
132 129 6 6
132 122 6 6
133 132 6 6
133 123 6 6
134 132 6 6
134 127 6 6
135 124 6 6
135 122 6 6
136 122 6 6
136 125 6 6
137 133 6 6
137 122 6 6
138 120 6 6
138 132 6 6
139 129 6 6
139 131 6 6
120 136 6 6
120 128 6 6
121 136 6 6
121 129 6 6
142 140 7 7
142 141 7 7
143 141 7 7
143 140 7 7
144 143 7 7
144 142 7 7
145 143 7 7
145 140 7 7
146 145 7 7
146 142 7 7
147 140 7 7
147 143 7 7
148 144 7 7
148 143 7 7
149 140 7 7
149 146 7 7
150 147 7 7
150 145 7 7
151 150 7 7
151 146 7 7
152 140 7 7
152 146 7 7
153 149 7 7
153 143 7 7
154 152 7 7
154 150 7 7
155 151 7 7
155 154 7 7
156 152 7 7
156 141 7 7
157 156 7 7
157 148 7 7
158 157 7 7
158 154 7 7
159 143 7 7
159 144 7 7
140 144 7 7
140 151 7 7
141 153 7 7
141 147 7 7
162 161 8 8
162 160 8 8
163 162 8 8
163 160 8 8
164 161 8 8
164 162 8 8
165 163 8 8
165 161 8 8
166 161 8 8
166 165 8 8
167 165 8 8
167 163 8 8
168 165 8 8
168 162 8 8
169 161 8 8
169 160 8 8
170 168 8 8
170 164 8 8
171 160 8 8
171 162 8 8
172 167 8 8
172 162 8 8
173 170 8 8
173 160 8 8
174 171 8 8
174 164 8 8
175 172 8 8
175 161 8 8
176 163 8 8
176 165 8 8
177 174 8 8
177 160 8 8
178 162 8 8
178 165 8 8
179 170 8 8
179 178 8 8
160 168 8 8
160 178 8 8
161 179 8 8
161 173 8 8
182 181 9 9
182 180 9 9
183 181 9 9
183 182 9 9
184 183 9 9
184 182 9 9
185 182 9 9
185 180 9 9
186 180 9 9
186 181 9 9
187 184 9 9
187 183 9 9
188 180 9 9
188 185 9 9
189 184 9 9
189 185 9 9
190 183 9 9
190 188 9 9
191 189 9 9
191 181 9 9
192 188 9 9
192 190 9 9
193 185 9 9
193 192 9 9
194 192 9 9
194 183 9 9
195 193 9 9
195 181 9 9
196 188 9 9
196 183 9 9
197 190 9 9
197 183 9 9
198 192 9 9
198 193 9 9
199 187 9 9
199 191 9 9
180 198 9 9
180 191 9 9
181 197 9 9
181 190 9 9
202 200 10 10
202 201 10 10
203 201 10 10
203 202 10 10
204 203 10 10
204 200 10 10
205 200 10 10
205 202 10 10
206 205 10 10
206 202 10 10
207 204 10 10
207 206 10 10
208 203 10 10
208 202 10 10
209 207 10 10
209 208 10 10
210 201 10 10
210 207 10 10
211 202 10 10
211 207 10 10
212 208 10 10
212 205 10 10
213 204 10 10
213 202 10 10
214 209 10 10
214 207 10 10
215 203 10 10
215 206 10 10
216 213 10 10
216 206 10 10
217 203 10 10
217 213 10 10
218 205 10 10
218 208 10 10
219 211 10 10
219 208 10 10
200 210 10 10
200 214 10 10
201 211 10 10
201 216 10 10
222 221 11 11
222 220 11 11
223 222 11 11
223 221 11 11
224 220 11 11
224 221 11 11
225 224 11 11
225 220 11 11
226 221 11 11
226 220 11 11
227 221 11 11
227 220 11 11
228 223 11 11
228 222 11 11
229 228 11 11
229 227 11 11
230 229 11 11
230 222 11 11
231 230 11 11
231 222 11 11
232 229 11 11
232 228 11 11
233 224 11 11
233 223 11 11
234 221 11 11
234 230 11 11
235 231 11 11
235 233 11 11
236 235 11 11
236 232 11 11
237 232 11 11
237 223 11 11
238 229 11 11
238 233 11 11
239 225 11 11
239 234 11 11
220 229 11 11
220 237 11 11
221 231 11 11
221 225 11 11
242 241 12 12
242 240 12 12
243 242 12 12
243 240 12 12
244 241 12 12
244 240 12 12
245 240 12 12
245 243 12 12
246 240 12 12
246 245 12 12
247 240 12 12
247 242 12 12
248 244 12 12
248 241 12 12
249 246 12 12
249 243 12 12
250 243 12 12
250 246 12 12
251 241 12 12
251 249 12 12
252 247 12 12
252 241 12 12
253 247 12 12
253 251 12 12
254 248 12 12
254 240 12 12
255 249 12 12
255 251 12 12
256 251 12 12
256 248 12 12
257 243 12 12
257 255 12 12
258 245 12 12
258 257 12 12
259 248 12 12
259 249 12 12
240 252 12 12
240 258 12 12
241 247 12 12
241 254 12 12
262 261 13 13
262 260 13 13
263 261 13 13
263 262 13 13
264 261 13 13
264 263 13 13
265 262 13 13
265 260 13 13
266 265 13 13
266 260 13 13
267 265 13 13
267 260 13 13
268 267 13 13
268 265 13 13
269 260 13 13
269 266 13 13
270 265 13 13
270 267 13 13
271 260 13 13
271 262 13 13
272 264 13 13
272 266 13 13
273 267 13 13
273 269 13 13
274 273 13 13
274 260 13 13
275 264 13 13
275 262 13 13
276 271 13 13
276 266 13 13
277 261 13 13
277 262 13 13
278 270 13 13
278 266 13 13
279 276 13 13
279 269 13 13
260 273 13 13
260 276 13 13
261 272 13 13
261 275 13 13
282 281 14 14
282 280 14 14
283 281 14 14
283 282 14 14
284 282 14 14
284 283 14 14
285 282 14 14
285 283 14 14
286 283 14 14
286 284 14 14
287 284 14 14
287 281 14 14
288 280 14 14
288 282 14 14
289 287 14 14
289 283 14 14
290 286 14 14
290 284 14 14
291 284 14 14
291 288 14 14
292 291 14 14
292 285 14 14
293 280 14 14
293 289 14 14
294 286 14 14
294 280 14 14
295 287 14 14
295 293 14 14
296 295 14 14
296 289 14 14
297 285 14 14
297 291 14 14
298 294 14 14
298 280 14 14
299 285 14 14
299 295 14 14
280 283 14 14
280 284 14 14
281 295 14 14
281 288 14 14
302 301 15 15
302 300 15 15
303 301 15 15
303 300 15 15
304 300 15 15
304 302 15 15
305 303 15 15
305 301 15 15
306 302 15 15
306 301 15 15
307 303 15 15
307 302 15 15
308 301 15 15
308 300 15 15
309 305 15 15
309 308 15 15
310 305 15 15
310 301 15 15
311 303 15 15
311 302 15 15
312 308 15 15
312 310 15 15
313 306 15 15
313 300 15 15
314 312 15 15
314 308 15 15
315 303 15 15
315 310 15 15
316 300 15 15
316 309 15 15
317 306 15 15
317 300 15 15
318 304 15 15
318 316 15 15
319 311 15 15
319 316 15 15
300 311 15 15
300 319 15 15
301 304 15 15
301 315 15 15
52 1 2 0
46 38 2 1
72 58 3 2
75 22 3 1
80 62 4 3
81 19 4 0
115 16 5 0
104 36 5 1
127 97 6 4
127 118 6 5
158 49 7 2
147 114 7 5
166 57 8 2
179 61 8 3
191 103 9 5
186 77 9 3
212 116 10 5
207 148 10 7
228 149 11 7
221 78 11 3
254 161 12 8
249 231 12 11
270 127 13 6
278 215 13 10
286 239 14 11
289 107 14 5
303 134 15 6
308 202 15 10
14 217 0 10
14 140 0 7
28 171 1 8
35 307 1 15
