swNum = 320
edgeNum = 672

0 0
1 0
2 0
3 0
4 0
5 0
6 0
7 0
8 0
9 0
10 0
11 0
12 0
13 0
14 0
15 0
16 0
17 0
18 0
19 0
20 1
21 1
22 1
23 1
24 1
25 1
26 1
27 1
28 1
29 1
30 1
31 1
32 1
33 1
34 1
35 1
36 1
37 1
38 1
39 1
40 2
41 2
42 2
43 2
44 2
45 2
46 2
47 2
48 2
49 2
50 2
51 2
52 2
53 2
54 2
55 2
56 2
57 2
58 2
59 2
60 3
61 3
62 3
63 3
64 3
65 3
66 3
67 3
68 3
69 3
70 3
71 3
72 3
73 3
74 3
75 3
76 3
77 3
78 3
79 3
80 4
81 4
82 4
83 4
84 4
85 4
86 4
87 4
88 4
89 4
90 4
91 4
92 4
93 4
94 4
95 4
96 4
97 4
98 4
99 4
100 5
101 5
102 5
103 5
104 5
105 5
106 5
107 5
108 5
109 5
110 5
111 5
112 5
113 5
114 5
115 5
116 5
117 5
118 5
119 5
120 6
121 6
122 6
123 6
124 6
125 6
126 6
127 6
128 6
129 6
130 6
131 6
132 6
133 6
134 6
135 6
136 6
137 6
138 6
139 6
140 7
141 7
142 7
143 7
144 7
145 7
146 7
147 7
148 7
149 7
150 7
151 7
152 7
153 7
154 7
155 7
156 7
157 7
158 7
159 7
160 8
161 8
162 8
163 8
164 8
165 8
166 8
167 8
168 8
169 8
170 8
171 8
172 8
173 8
174 8
175 8
176 8
177 8
178 8
179 8
180 9
181 9
182 9
183 9
184 9
185 9
186 9
187 9
188 9
189 9
190 9
191 9
192 9
193 9
194 9
195 9
196 9
197 9
198 9
199 9
200 10
201 10
202 10
203 10
204 10
205 10
206 10
207 10
208 10
209 10
210 10
211 10
212 10
213 10
214 10
215 10
216 10
217 10
218 10
219 10
220 11
221 11
222 11
223 11
224 11
225 11
226 11
227 11
228 11
229 11
230 11
231 11
232 11
233 11
234 11
235 11
236 11
237 11
238 11
239 11
240 12
241 12
242 12
243 12
244 12
245 12
246 12
247 12
248 12
249 12
250 12
251 12
252 12
253 12
254 12
255 12
256 12
257 12
258 12
259 12
260 13
261 13
262 13
263 13
264 13
265 13
266 13
267 13
268 13
269 13
270 13
271 13
272 13
273 13
274 13
275 13
276 13
277 13
278 13
279 13
280 14
281 14
282 14
283 14
284 14
285 14
286 14
287 14
288 14
289 14
290 14
291 14
292 14
293 14
294 14
295 14
296 14
297 14
298 14
299 14
300 15
301 15
302 15
303 15
304 15
305 15
306 15
307 15
308 15
309 15
310 15
311 15
312 15
313 15
314 15
315 15
316 15
317 15
318 15
319 15

2 0 0 0
2 1 0 0
3 0 0 0
3 1 0 0
4 1 0 0
4 3 0 0
5 3 0 0
5 4 0 0
6 0 0 0
6 4 0 0
7 6 0 0
7 4 0 0
8 3 0 0
8 4 0 0
9 8 0 0
9 5 0 0
10 5 0 0
10 9 0 0
11 0 0 0
11 10 0 0
12 8 0 0
12 11 0 0
13 9 0 0
13 4 0 0
14 5 0 0
14 8 0 0
15 11 0 0
15 3 0 0
16 0 0 0
16 13 0 0
17 15 0 0
17 2 0 0
18 13 0 0
18 10 0 0
19 9 0 0
19 11 0 0
0 10 0 0
0 18 0 0
1 14 0 0
1 8 0 0
22 20 1 1
22 21 1 1
23 22 1 1
23 20 1 1
24 23 1 1
24 22 1 1
25 21 1 1
25 22 1 1
26 22 1 1
26 23 1 1
27 22 1 1
27 21 1 1
28 24 1 1
28 21 1 1
29 24 1 1
29 26 1 1
30 20 1 1
30 26 1 1
31 24 1 1
31 22 1 1
32 23 1 1
32 21 1 1
33 29 1 1
33 24 1 1
34 23 1 1
34 30 1 1
35 32 1 1
35 25 1 1
36 22 1 1
36 26 1 1
37 31 1 1
37 21 1 1
38 32 1 1
38 36 1 1
39 23 1 1
39 36 1 1
20 38 1 1
20 26 1 1
21 33 1 1
21 38 1 1
42 40 2 2
42 41 2 2
43 40 2 2
43 41 2 2
44 41 2 2
44 43 2 2
45 44 2 2
45 41 2 2
46 44 2 2
46 40 2 2
47 45 2 2
47 40 2 2
48 42 2 2
48 44 2 2
49 46 2 2
49 42 2 2
50 48 2 2
50 43 2 2
51 46 2 2
51 42 2 2
52 49 2 2
52 40 2 2
53 42 2 2
53 50 2 2
54 43 2 2
54 50 2 2
55 48 2 2
55 42 2 2
56 44 2 2
56 45 2 2
57 53 2 2
57 56 2 2
58 44 2 2
58 47 2 2
59 58 2 2
59 44 2 2
40 54 2 2
40 57 2 2
41 58 2 2
41 54 2 2
62 61 3 3
62 60 3 3
63 60 3 3
63 61 3 3
64 63 3 3
64 62 3 3
65 60 3 3
65 62 3 3
66 64 3 3
66 61 3 3
67 60 3 3
67 62 3 3
68 60 3 3
68 62 3 3
69 66 3 3
69 62 3 3
70 62 3 3
70 66 3 3
71 65 3 3
71 67 3 3
72 70 3 3
72 63 3 3
73 66 3 3
73 69 3 3
74 63 3 3
74 60 3 3
75 60 3 3
75 62 3 3
76 60 3 3
76 73 3 3
77 74 3 3
77 73 3 3
78 72 3 3
78 69 3 3
79 61 3 3
79 60 3 3
60 78 3 3
60 71 3 3
61 73 3 3
61 78 3 3
82 81 4 4
82 80 4 4
83 82 4 4
83 80 4 4
84 81 4 4
84 82 4 4
85 83 4 4
85 84 4 4
86 80 4 4
86 83 4 4
87 84 4 4
87 83 4 4
88 84 4 4
88 81 4 4
89 87 4 4
89 82 4 4
90 87 4 4
90 80 4 4
91 89 4 4
91 80 4 4
92 91 4 4
92 80 4 4
93 87 4 4
93 89 4 4
94 89 4 4
94 88 4 4
95 93 4 4
95 82 4 4
96 81 4 4
96 82 4 4
97 90 4 4
97 83 4 4
98 92 4 4
98 88 4 4
99 97 4 4
99 87 4 4
80 98 4 4
80 88 4 4
81 91 4 4
81 95 4 4
102 101 5 5
102 100 5 5
103 101 5 5
103 102 5 5
104 101 5 5
104 103 5 5
105 101 5 5
105 103 5 5
106 101 5 5
106 102 5 5
107 101 5 5
107 100 5 5
108 105 5 5
108 104 5 5
109 106 5 5
109 100 5 5
110 100 5 5
110 107 5 5
111 105 5 5
111 101 5 5
112 111 5 5
112 105 5 5
113 102 5 5
113 104 5 5
114 105 5 5
114 112 5 5
115 109 5 5
115 101 5 5
116 103 5 5
116 110 5 5
117 113 5 5
117 105 5 5
118 103 5 5
118 111 5 5
119 116 5 5
119 100 5 5
100 105 5 5
100 115 5 5
101 113 5 5
101 116 5 5
122 121 6 6
122 120 6 6
123 121 6 6
123 122 6 6
124 123 6 6
124 121 6 6
125 120 6 6
125 123 6 6
126 124 6 6
126 121 6 6
127 125 6 6
127 121 6 6
128 126 6 6
128 124 6 6
129 127 6 6
129 125 6 6
130 128 6 6
130 122 6 6
131 125 6 6
131 130 6 6
132 131 6 6
132 127 6 6
133 125 6 6
133 132 6 6
134 130 6 6
134 124 6 6
135 127 6 6
135 122 6 6
136 126 6 6
136 135 6 6
137 132 6 6
137 123 6 6
138 123 6 6
138 122 6 6
139 124 6 6
139 128 6 6
120 139 6 6
120 138 6 6
121 128 6 6
121 135 6 6
142 141 7 7
142 140 7 7
143 142 7 7
143 140 7 7
144 140 7 7
144 142 7 7
145 143 7 7
145 142 7 7
146 143 7 7
146 141 7 7
147 140 7 7
147 146 7 7
148 141 7 7
148 144 7 7
149 148 7 7
149 141 7 7
150 146 7 7
150 147 7 7
151 141 7 7
151 146 7 7
152 142 7 7
152 141 7 7
153 141 7 7
153 147 7 7
154 148 7 7
154 152 7 7
155 146 7 7
155 140 7 7
156 145 7 7
156 142 7 7
157 148 7 7
157 141 7 7
158 155 7 7
158 143 7 7
159 152 7 7
159 156 7 7
140 158 7 7
140 159 7 7
141 159 7 7
141 143 7 7
162 161 8 8
162 160 8 8
163 160 8 8
163 161 8 8
164 162 8 8
164 161 8 8
165 160 8 8
165 162 8 8
166 161 8 8
166 164 8 8
167 164 8 8
167 162 8 8
168 166 8 8
168 164 8 8
169 167 8 8
169 163 8 8
170 169 8 8
170 167 8 8
171 164 8 8
171 161 8 8
172 169 8 8
172 163 8 8
173 170 8 8
173 165 8 8
174 160 8 8
174 170 8 8
175 168 8 8
175 164 8 8
176 168 8 8
176 162 8 8
177 174 8 8
177 168 8 8
178 163 8 8
178 162 8 8
179 169 8 8
179 178 8 8
160 175 8 8
160 172 8 8
161 170 8 8
161 165 8 8
182 181 9 9
182 180 9 9
183 180 9 9
183 181 9 9
184 180 9 9
184 181 9 9
185 181 9 9
185 184 9 9
186 183 9 9
186 181 9 9
187 186 9 9
187 185 9 9
188 184 9 9
188 186 9 9
189 187 9 9
189 186 9 9
190 184 9 9
190 181 9 9
191 182 9 9
191 180 9 9
192 182 9 9
192 190 9 9
193 182 9 9
193 185 9 9
194 189 9 9
194 183 9 9
195 180 9 9
195 187 9 9
196 186 9 9
196 187 9 9
197 195 9 9
197 180 9 9
198 186 9 9
198 188 9 9
199 180 9 9
199 198 9 9
180 193 9 9
180 185 9 9
181 195 9 9
181 188 9 9
202 201 10 10
202 200 10 10
203 201 10 10
203 200 10 10
204 200 10 10
204 201 10 10
205 204 10 10
205 203 10 10
206 205 10 10
206 202 10 10
207 201 10 10
207 204 10 10
208 206 10 10
208 205 10 10
209 200 10 10
209 201 10 10
210 206 10 10
210 202 10 10
211 200 10 10
211 201 10 10
212 205 10 10
212 207 10 10
213 211 10 10
213 200 10 10
214 204 10 10
214 207 10 10
215 200 10 10
215 213 10 10
216 212 10 10
216 215 10 10
217 204 10 10
217 207 10 10
218 209 10 10
218 201 10 10
219 209 10 10
219 204 10 10
200 217 10 10
200 206 10 10
201 215 10 10
201 212 10 10
222 221 11 11
222 220 11 11
223 220 11 11
223 221 11 11
224 223 11 11
224 222 11 11
225 221 11 11
225 224 11 11
226 225 11 11
226 221 11 11
227 225 11 11
227 221 11 11
228 222 11 11
228 221 11 11
229 227 11 11
229 222 11 11
230 220 11 11
230 224 11 11
231 227 11 11
231 229 11 11
232 228 11 11
232 222 11 11
233 228 11 11
233 223 11 11
234 224 11 11
234 226 11 11
235 234 11 11
235 221 11 11
236 232 11 11
236 235 11 11
237 234 11 11
237 223 11 11
238 227 11 11
238 221 11 11
239 235 11 11
239 222 11 11
220 236 11 11
220 224 11 11
221 236 11 11
221 224 11 11
242 241 12 12
242 240 12 12
243 242 12 12
243 241 12 12
244 240 12 12
244 243 12 12
245 242 12 12
245 244 12 12
246 243 12 12
246 242 12 12
247 241 12 12
247 246 12 12
248 245 12 12
248 243 12 12
249 244 12 12
249 247 12 12
250 248 12 12
250 246 12 12
251 241 12 12
251 250 12 12
252 240 12 12
252 244 12 12
253 243 12 12
253 251 12 12
254 240 12 12
254 252 12 12
255 243 12 12
255 250 12 12
256 246 12 12
256 250 12 12
257 241 12 12
257 250 12 12
258 243 12 12
258 245 12 12
259 242 12 12
259 248 12 12
240 246 12 12
240 249 12 12
241 256 12 12
241 255 12 12
262 260 13 13
262 261 13 13
263 262 13 13
263 260 13 13
264 260 13 13
264 262 13 13
265 264 13 13
265 260 13 13
266 264 13 13
266 265 13 13
267 264 13 13
267 266 13 13
268 264 13 13
268 262 13 13
269 267 13 13
269 262 13 13
270 263 13 13
270 261 13 13
271 262 13 13
271 264 13 13
272 264 13 13
272 266 13 13
273 265 13 13
273 263 13 13
274 261 13 13
274 269 13 13
275 269 13 13
275 264 13 13
276 267 13 13
276 261 13 13
277 275 13 13
277 265 13 13
278 265 13 13
278 277 13 13
279 265 13 13
279 270 13 13
260 268 13 13
260 271 13 13
261 272 13 13
261 266 13 13
282 280 14 14
282 281 14 14
283 281 14 14
283 280 14 14
284 280 14 14
284 283 14 14
285 283 14 14
285 284 14 14
286 283 14 14
286 284 14 14
287 282 14 14
287 284 14 14
288 284 14 14
288 281 14 14
289 282 14 14
289 287 14 14
290 280 14 14
290 285 14 14
291 282 14 14
291 289 14 14
292 280 14 14
292 283 14 14
293 281 14 14
293 283 14 14
294 285 14 14
294 292 14 14
295 287 14 14
295 280 14 14
296 294 14 14
296 288 14 14
297 280 14 14
297 281 14 14
298 293 14 14
298 288 14 14
299 286 14 14
299 285 14 14
280 296 14 14
280 286 14 14
281 299 14 14
281 285 14 14
302 300 15 15
302 301 15 15
303 302 15 15
303 300 15 15
304 300 15 15
304 302 15 15
305 302 15 15
305 304 15 15
306 301 15 15
306 304 15 15
307 304 15 15
307 303 15 15
308 301 15 15
308 306 15 15
309 303 15 15
309 300 15 15
310 301 15 15
310 307 15 15
311 302 15 15
311 306 15 15
312 309 15 15
312 304 15 15
313 303 15 15
313 302 15 15
314 308 15 15
314 303 15 15
315 314 15 15
315 301 15 15
316 311 15 15
316 308 15 15
317 311 15 15
317 315 15 15
318 300 15 15
318 309 15 15
319 306 15 15
319 311 15 15
300 305 15 15
300 306 15 15
301 311 15 15
301 319 15 15
47 4 2 0
43 20 2 1
79 21 3 1
63 9 3 0
99 47 4 2
83 79 4 3
100 42 5 2
112 8 5 0
137 78 6 3
139 51 6 2
156 28 7 1
156 80 7 4
162 26 8 1
172 126 8 6
181 99 9 4
188 144 9 7
202 109 10 5
201 57 10 2
234 166 11 8
233 28 11 1
243 206 12 10
243 109 12 5
277 122 13 6
272 218 13 10
291 51 14 2
291 170 14 8
304 287 15 14
318 228 15 11
11 176 0 8
9 96 0 4
27 245 1 12
25 280 1 14
