swNum = 320
edgeNum = 672

0 0
1 0
2 0
3 0
4 0
5 0
6 0
7 0
8 0
9 0
10 0
11 0
12 0
13 0
14 0
15 0
16 0
17 0
18 0
19 0
20 1
21 1
22 1
23 1
24 1
25 1
26 1
27 1
28 1
29 1
30 1
31 1
32 1
33 1
34 1
35 1
36 1
37 1
38 1
39 1
40 2
41 2
42 2
43 2
44 2
45 2
46 2
47 2
48 2
49 2
50 2
51 2
52 2
53 2
54 2
55 2
56 2
57 2
58 2
59 2
60 3
61 3
62 3
63 3
64 3
65 3
66 3
67 3
68 3
69 3
70 3
71 3
72 3
73 3
74 3
75 3
76 3
77 3
78 3
79 3
80 4
81 4
82 4
83 4
84 4
85 4
86 4
87 4
88 4
89 4
90 4
91 4
92 4
93 4
94 4
95 4
96 4
97 4
98 4
99 4
100 5
101 5
102 5
103 5
104 5
105 5
106 5
107 5
108 5
109 5
110 5
111 5
112 5
113 5
114 5
115 5
116 5
117 5
118 5
119 5
120 6
121 6
122 6
123 6
124 6
125 6
126 6
127 6
128 6
129 6
130 6
131 6
132 6
133 6
134 6
135 6
136 6
137 6
138 6
139 6
140 7
141 7
142 7
143 7
144 7
145 7
146 7
147 7
148 7
149 7
150 7
151 7
152 7
153 7
154 7
155 7
156 7
157 7
158 7
159 7
160 8
161 8
162 8
163 8
164 8
165 8
166 8
167 8
168 8
169 8
170 8
171 8
172 8
173 8
174 8
175 8
176 8
177 8
178 8
179 8
180 9
181 9
182 9
183 9
184 9
185 9
186 9
187 9
188 9
189 9
190 9
191 9
192 9
193 9
194 9
195 9
196 9
197 9
198 9
199 9
200 10
201 10
202 10
203 10
204 10
205 10
206 10
207 10
208 10
209 10
210 10
211 10
212 10
213 10
214 10
215 10
216 10
217 10
218 10
219 10
220 11
221 11
222 11
223 11
224 11
225 11
226 11
227 11
228 11
229 11
230 11
231 11
232 11
233 11
234 11
235 11
236 11
237 11
238 11
239 11
240 12
241 12
242 12
243 12
244 12
245 12
246 12
247 12
248 12
249 12
250 12
251 12
252 12
253 12
254 12
255 12
256 12
257 12
258 12
259 12
260 13
261 13
262 13
263 13
264 13
265 13
266 13
267 13
268 13
269 13
270 13
271 13
272 13
273 13
274 13
275 13
276 13
277 13
278 13
279 13
280 14
281 14
282 14
283 14
284 14
285 14
286 14
287 14
288 14
289 14
290 14
291 14
292 14
293 14
294 14
295 14
296 14
297 14
298 14
299 14
300 15
301 15
302 15
303 15
304 15
305 15
306 15
307 15
308 15
309 15
310 15
311 15
312 15
313 15
314 15
315 15
316 15
317 15
318 15
319 15

2 1 0 0
2 0 0 0
3 2 0 0
3 1 0 0
4 3 0 0
4 2 0 0
5 2 0 0
5 4 0 0
6 1 0 0
6 5 0 0
7 4 0 0
7 2 0 0
8 7 0 0
8 0 0 0
9 2 0 0
9 0 0 0
10 7 0 0
10 4 0 0
11 3 0 0
11 7 0 0
12 9 0 0
12 4 0 0
13 8 0 0
13 3 0 0
14 8 0 0
14 6 0 0
15 4 0 0
15 6 0 0
16 2 0 0
16 1 0 0
17 0 0 0
17 14 0 0
18 0 0 0
18 1 0 0
19 17 0 0
19 1 0 0
0 5 0 0
0 13 0 0
1 14 0 0
1 4 0 0
22 21 1 1
22 20 1 1
23 20 1 1
23 21 1 1
24 23 1 1
24 21 1 1
25 20 1 1
25 23 1 1
26 24 1 1
26 22 1 1
27 24 1 1
27 20 1 1
28 25 1 1
28 21 1 1
29 21 1 1
29 25 1 1
30 25 1 1
30 27 1 1
31 26 1 1
31 20 1 1
32 31 1 1
32 27 1 1
33 22 1 1
33 23 1 1
34 33 1 1
34 28 1 1
35 25 1 1
35 29 1 1
36 34 1 1
36 20 1 1
37 20 1 1
37 32 1 1
38 20 1 1
38 37 1 1
39 25 1 1
39 22 1 1
20 34 1 1
20 35 1 1
21 25 1 1
21 38 1 1
42 41 2 2
42 40 2 2
43 41 2 2
43 42 2 2
44 41 2 2
44 43 2 2
45 43 2 2
45 42 2 2
46 43 2 2
46 41 2 2
47 41 2 2
47 46 2 2
48 46 2 2
48 41 2 2
49 45 2 2
49 46 2 2
50 47 2 2
50 40 2 2
51 48 2 2
51 47 2 2
52 40 2 2
52 50 2 2
53 45 2 2
53 43 2 2
54 45 2 2
54 47 2 2
55 48 2 2
55 40 2 2
56 42 2 2
56 52 2 2
57 47 2 2
57 54 2 2
58 46 2 2
58 56 2 2
59 42 2 2
59 50 2 2
40 57 2 2
40 49 2 2
41 54 2 2
41 51 2 2
62 60 3 3
62 61 3 3
63 62 3 3
63 61 3 3
64 62 3 3
64 63 3 3
65 60 3 3
65 64 3 3
66 65 3 3
66 60 3 3
67 61 3 3
67 60 3 3
68 60 3 3
68 65 3 3
69 66 3 3
69 68 3 3
70 67 3 3
70 63 3 3
71 60 3 3
71 64 3 3
72 69 3 3
72 63 3 3
73 60 3 3
73 63 3 3
74 70 3 3
74 61 3 3
75 73 3 3
75 72 3 3
76 66 3 3
76 71 3 3
77 72 3 3
77 62 3 3
78 61 3 3
78 70 3 3
79 61 3 3
79 73 3 3
60 64 3 3
60 72 3 3
61 64 3 3
61 77 3 3
82 81 4 4
82 80 4 4
83 82 4 4
83 81 4 4
84 82 4 4
84 83 4 4
85 84 4 4
85 80 4 4
86 80 4 4
86 85 4 4
87 84 4 4
87 83 4 4
88 80 4 4
88 81 4 4
89 80 4 4
89 86 4 4
90 81 4 4
90 82 4 4
91 83 4 4
91 90 4 4
92 85 4 4
92 80 4 4
93 87 4 4
93 85 4 4
94 84 4 4
94 80 4 4
95 90 4 4
95 82 4 4
96 94 4 4
96 87 4 4
97 92 4 4
97 83 4 4
98 87 4 4
98 94 4 4
99 85 4 4
99 80 4 4
80 93 4 4
80 87 4 4
81 95 4 4
81 91 4 4
102 101 5 5
102 100 5 5
103 102 5 5
103 101 5 5
104 102 5 5
104 100 5 5
105 100 5 5
105 103 5 5
106 104 5 5
106 100 5 5
107 102 5 5
107 104 5 5
108 107 5 5
108 100 5 5
109 102 5 5
109 104 5 5
110 107 5 5
110 100 5 5
111 103 5 5
111 100 5 5
112 102 5 5
112 103 5 5
113 105 5 5
113 110 5 5
114 107 5 5
114 101 5 5
115 111 5 5
115 104 5 5
116 113 5 5
116 110 5 5
117 109 5 5
117 115 5 5
118 115 5 5
118 104 5 5
119 118 5 5
119 100 5 5
100 107 5 5
100 117 5 5
101 108 5 5
101 106 5 5
122 121 6 6
122 120 6 6
123 120 6 6
123 122 6 6
124 120 6 6
124 123 6 6
125 123 6 6
125 120 6 6
126 124 6 6
126 125 6 6
127 125 6 6
127 126 6 6
128 126 6 6
128 121 6 6
129 121 6 6
129 127 6 6
130 127 6 6
130 126 6 6
131 128 6 6
131 121 6 6
132 125 6 6
132 122 6 6
133 125 6 6
133 129 6 6
134 125 6 6
134 129 6 6
135 128 6 6
135 121 6 6
136 134 6 6
136 127 6 6
137 135 6 6
137 124 6 6
138 125 6 6
138 121 6 6
139 129 6 6
139 121 6 6
120 133 6 6
120 132 6 6
121 124 6 6
121 125 6 6
142 140 7 7
142 141 7 7
143 142 7 7
143 140 7 7
144 142 7 7
144 140 7 7
145 144 7 7
145 140 7 7
146 141 7 7
146 140 7 7
147 143 7 7
147 146 7 7
148 142 7 7
148 147 7 7
149 148 7 7
149 147 7 7
150 142 7 7
150 148 7 7
151 144 7 7
151 142 7 7
152 144 7 7
152 149 7 7
153 150 7 7
153 143 7 7
154 151 7 7
154 148 7 7
155 152 7 7
155 142 7 7
156 153 7 7
156 150 7 7
157 152 7 7
157 155 7 7
158 146 7 7
158 154 7 7
159 149 7 7
159 152 7 7
140 158 7 7
140 156 7 7
141 157 7 7
141 150 7 7
162 161 8 8
162 160 8 8
163 162 8 8
163 161 8 8
164 163 8 8
164 160 8 8
165 164 8 8
165 161 8 8
166 164 8 8
166 165 8 8
167 162 8 8
167 166 8 8
168 165 8 8
168 167 8 8
169 167 8 8
169 166 8 8
170 165 8 8
170 168 8 8
171 162 8 8
171 168 8 8
172 163 8 8
172 161 8 8
173 162 8 8
173 167 8 8
174 173 8 8
174 170 8 8
175 169 8 8
175 171 8 8
176 169 8 8
176 163 8 8
177 163 8 8
177 169 8 8
178 174 8 8
178 173 8 8
179 171 8 8
179 175 8 8
160 172 8 8
160 173 8 8
161 178 8 8
161 175 8 8
182 180 9 9
182 181 9 9
183 180 9 9
183 182 9 9
184 181 9 9
184 183 9 9
185 182 9 9
185 184 9 9
186 181 9 9
186 183 9 9
187 186 9 9
187 183 9 9
188 182 9 9
188 183 9 9
189 184 9 9
189 188 9 9
190 183 9 9
190 185 9 9
191 190 9 9
191 188 9 9
192 186 9 9
192 183 9 9
193 185 9 9
193 184 9 9
194 183 9 9
194 188 9 9
195 194 9 9
195 192 9 9
196 181 9 9
196 194 9 9
197 189 9 9
197 184 9 9
198 180 9 9
198 184 9 9
199 189 9 9
199 197 9 9
180 194 9 9
180 191 9 9
181 188 9 9
181 190 9 9
202 201 10 10
202 200 10 10
203 200 10 10
203 202 10 10
204 202 10 10
204 201 10 10
205 201 10 10
205 200 10 10
206 204 10 10
206 200 10 10
207 201 10 10
207 200 10 10
208 205 10 10
208 202 10 10
209 206 10 10
209 207 10 10
210 202 10 10
210 204 10 10
211 204 10 10
211 208 10 10
212 208 10 10
212 211 10 10
213 206 10 10
213 204 10 10
214 205 10 10
214 200 10 10
215 202 10 10
215 207 10 10
216 206 10 10
216 213 10 10
217 216 10 10
217 213 10 10
218 215 10 10
218 209 10 10
219 205 10 10
219 201 10 10
200 217 10 10
200 209 10 10
201 203 10 10
201 214 10 10
222 220 11 11
222 221 11 11
223 222 11 11
223 221 11 11
224 221 11 11
224 220 11 11
225 223 11 11
225 221 11 11
226 223 11 11
226 222 11 11
227 225 11 11
227 223 11 11
228 220 11 11
228 223 11 11
229 221 11 11
229 224 11 11
230 223 11 11
230 220 11 11
231 230 11 11
231 227 11 11
232 220 11 11
232 227 11 11
233 229 11 11
233 230 11 11
234 231 11 11
234 226 11 11
235 232 11 11
235 231 11 11
236 235 11 11
236 234 11 11
237 232 11 11
237 233 11 11
238 232 11 11
238 228 11 11
239 220 11 11
239 238 11 11
220 236 11 11
220 238 11 11
221 234 11 11
221 227 11 11
242 240 12 12
242 241 12 12
243 240 12 12
243 241 12 12
244 243 12 12
244 240 12 12
245 242 12 12
245 240 12 12
246 243 12 12
246 241 12 12
247 241 12 12
247 243 12 12
248 242 12 12
248 246 12 12
249 245 12 12
249 240 12 12
250 247 12 12
250 244 12 12
251 245 12 12
251 250 12 12
252 249 12 12
252 248 12 12
253 248 12 12
253 250 12 12
254 251 12 12
254 242 12 12
255 252 12 12
255 248 12 12
256 241 12 12
256 243 12 12
257 251 12 12
257 254 12 12
258 243 12 12
258 240 12 12
259 254 12 12
259 242 12 12
240 248 12 12
240 253 12 12
241 244 12 12
241 251 12 12
262 260 13 13
262 261 13 13
263 261 13 13
263 260 13 13
264 262 13 13
264 263 13 13
265 261 13 13
265 262 13 13
266 262 13 13
266 260 13 13
267 260 13 13
267 262 13 13
268 261 13 13
268 263 13 13
269 260 13 13
269 263 13 13
270 262 13 13
270 263 13 13
271 264 13 13
271 261 13 13
272 270 13 13
272 263 13 13
273 269 13 13
273 262 13 13
274 266 13 13
274 265 13 13
275 261 13 13
275 263 13 13
276 264 13 13
276 268 13 13
277 261 13 13
277 267 13 13
278 269 13 13
278 275 13 13
279 278 13 13
279 266 13 13
260 279 13 13
260 272 13 13
261 279 13 13
261 267 13 13
282 280 14 14
282 281 14 14
283 282 14 14
283 281 14 14
284 282 14 14
284 280 14 14
285 281 14 14
285 282 14 14
286 283 14 14
286 282 14 14
287 284 14 14
287 286 14 14
288 286 14 14
288 281 14 14
289 284 14 14
289 283 14 14
290 284 14 14
290 285 14 14
291 290 14 14
291 286 14 14
292 289 14 14
292 291 14 14
293 291 14 14
293 286 14 14
294 286 14 14
294 290 14 14
295 284 14 14
295 289 14 14
296 282 14 14
296 285 14 14
297 282 14 14
297 280 14 14
298 296 14 14
298 288 14 14
299 293 14 14
299 281 14 14
280 291 14 14
280 288 14 14
281 296 14 14
281 297 14 14
302 301 15 15
302 300 15 15
303 300 15 15
303 301 15 15
304 303 15 15
304 301 15 15
305 300 15 15
305 302 15 15
306 302 15 15
306 300 15 15
307 302 15 15
307 303 15 15
308 304 15 15
308 302 15 15
309 304 15 15
309 305 15 15
310 300 15 15
310 301 15 15
311 302 15 15
311 301 15 15
312 301 15 15
312 309 15 15
313 305 15 15
313 300 15 15
314 312 15 15
314 303 15 15
315 306 15 15
315 303 15 15
316 314 15 15
316 300 15 15
317 305 15 15
317 314 15 15
318 306 15 15
318 307 15 15
319 316 15 15
319 309 15 15
300 317 15 15
300 318 15 15
301 313 15 15
301 314 15 15
46 13 2 0
47 21 2 1
74 39 3 1
69 2 3 0
85 4 4 0
81 46 4 2
111 54 5 2
113 74 5 3
131 61 6 3
138 100 6 5
154 38 7 1
146 6 7 0
168 136 8 6
168 91 8 4
187 85 9 4
183 66 9 3
203 198 10 9
214 81 10 4
225 57 11 2
227 151 11 7
254 59 12 2
244 104 12 5
276 106 13 5
262 59 13 2
294 244 14 12
284 18 14 0
316 37 15 1
301 163 15 8
7 240 0 12
16 263 0 13
20 186 1 9
33 87 1 4
