swNum = 320
edgeNum = 672

0 0
1 0
2 0
3 0
4 0
5 0
6 0
7 0
8 0
9 0
10 0
11 0
12 0
13 0
14 0
15 0
16 0
17 0
18 0
19 0
20 1
21 1
22 1
23 1
24 1
25 1
26 1
27 1
28 1
29 1
30 1
31 1
32 1
33 1
34 1
35 1
36 1
37 1
38 1
39 1
40 2
41 2
42 2
43 2
44 2
45 2
46 2
47 2
48 2
49 2
50 2
51 2
52 2
53 2
54 2
55 2
56 2
57 2
58 2
59 2
60 3
61 3
62 3
63 3
64 3
65 3
66 3
67 3
68 3
69 3
70 3
71 3
72 3
73 3
74 3
75 3
76 3
77 3
78 3
79 3
80 4
81 4
82 4
83 4
84 4
85 4
86 4
87 4
88 4
89 4
90 4
91 4
92 4
93 4
94 4
95 4
96 4
97 4
98 4
99 4
100 5
101 5
102 5
103 5
104 5
105 5
106 5
107 5
108 5
109 5
110 5
111 5
112 5
113 5
114 5
115 5
116 5
117 5
118 5
119 5
120 6
121 6
122 6
123 6
124 6
125 6
126 6
127 6
128 6
129 6
130 6
131 6
132 6
133 6
134 6
135 6
136 6
137 6
138 6
139 6
140 7
141 7
142 7
143 7
144 7
145 7
146 7
147 7
148 7
149 7
150 7
151 7
152 7
153 7
154 7
155 7
156 7
157 7
158 7
159 7
160 8
161 8
162 8
163 8
164 8
165 8
166 8
167 8
168 8
169 8
170 8
171 8
172 8
173 8
174 8
175 8
176 8
177 8
178 8
179 8
180 9
181 9
182 9
183 9
184 9
185 9
186 9
187 9
188 9
189 9
190 9
191 9
192 9
193 9
194 9
195 9
196 9
197 9
198 9
199 9
200 10
201 10
202 10
203 10
204 10
205 10
206 10
207 10
208 10
209 10
210 10
211 10
212 10
213 10
214 10
215 10
216 10
217 10
218 10
219 10
220 11
221 11
222 11
223 11
224 11
225 11
226 11
227 11
228 11
229 11
230 11
231 11
232 11
233 11
234 11
235 11
236 11
237 11
238 11
239 11
240 12
241 12
242 12
243 12
244 12
245 12
246 12
247 12
248 12
249 12
250 12
251 12
252 12
253 12
254 12
255 12
256 12
257 12
258 12
259 12
260 13
261 13
262 13
263 13
264 13
265 13
266 13
267 13
268 13
269 13
270 13
271 13
272 13
273 13
274 13
275 13
276 13
277 13
278 13
279 13
280 14
281 14
282 14
283 14
284 14
285 14
286 14
287 14
288 14
289 14
290 14
291 14
292 14
293 14
294 14
295 14
296 14
297 14
298 14
299 14
300 15
301 15
302 15
303 15
304 15
305 15
306 15
307 15
308 15
309 15
310 15
311 15
312 15
313 15
314 15
315 15
316 15
317 15
318 15
319 15

2 0 0 0
2 1 0 0
3 1 0 0
3 2 0 0
4 0 0 0
4 3 0 0
5 0 0 0
5 2 0 0
6 2 0 0
6 0 0 0
7 3 0 0
7 6 0 0
8 6 0 0
8 7 0 0
9 6 0 0
9 1 0 0
10 2 0 0
10 7 0 0
11 10 0 0
11 7 0 0
12 2 0 0
12 1 0 0
13 7 0 0
13 10 0 0
14 0 0 0
14 8 0 0
15 5 0 0
15 0 0 0
16 7 0 0
16 13 0 0
17 5 0 0
17 12 0 0
18 17 0 0
18 16 0 0
19 12 0 0
19 18 0 0
0 8 0 0
0 7 0 0
1 18 0 0
1 14 0 0
22 20 1 1
22 21 1 1
23 22 1 1
23 21 1 1
24 23 1 1
24 21 1 1
25 20 1 1
25 21 1 1
26 25 1 1
26 23 1 1
27 21 1 1
27 20 1 1
28 23 1 1
28 27 1 1
29 28 1 1
29 20 1 1
30 29 1 1
30 23 1 1
31 30 1 1
31 21 1 1
32 21 1 1
32 24 1 1
33 23 1 1
33 24 1 1
34 33 1 1
34 30 1 1
35 33 1 1
35 30 1 1
36 28 1 1
36 33 1 1
37 34 1 1
37 20 1 1
38 21 1 1
38 23 1 1
39 25 1 1
39 32 1 1
20 28 1 1
20 26 1 1
21 26 1 1
21 37 1 1
42 40 2 2
42 41 2 2
43 40 2 2
43 42 2 2
44 42 2 2
44 41 2 2
45 42 2 2
45 41 2 2
46 44 2 2
46 45 2 2
47 41 2 2
47 40 2 2
48 44 2 2
48 43 2 2
49 43 2 2
49 42 2 2
50 45 2 2
50 44 2 2
51 42 2 2
51 49 2 2
52 42 2 2
52 48 2 2
53 47 2 2
53 48 2 2
54 50 2 2
54 44 2 2
55 46 2 2
55 50 2 2
56 45 2 2
56 53 2 2
57 49 2 2
57 42 2 2
58 44 2 2
58 50 2 2
59 55 2 2
59 54 2 2
40 56 2 2
40 55 2 2
41 55 2 2
41 57 2 2
62 60 3 3
62 61 3 3
63 62 3 3
63 61 3 3
64 62 3 3
64 63 3 3
65 62 3 3
65 61 3 3
66 64 3 3
66 65 3 3
67 63 3 3
67 66 3 3
68 63 3 3
68 60 3 3
69 64 3 3
69 66 3 3
70 62 3 3
70 66 3 3
71 68 3 3
71 66 3 3
72 65 3 3
72 70 3 3
73 70 3 3
73 69 3 3
74 68 3 3
74 61 3 3
75 73 3 3
75 70 3 3
76 63 3 3
76 74 3 3
77 66 3 3
77 61 3 3
78 69 3 3
78 72 3 3
79 71 3 3
79 66 3 3
60 67 3 3
60 64 3 3
61 70 3 3
61 72 3 3
82 81 4 4
82 80 4 4
83 81 4 4
83 82 4 4
84 81 4 4
84 82 4 4
85 82 4 4
85 80 4 4
86 81 4 4
86 82 4 4
87 84 4 4
87 81 4 4
88 81 4 4
88 87 4 4
89 84 4 4
89 80 4 4
90 86 4 4
90 84 4 4
91 84 4 4
91 81 4 4
92 83 4 4
92 80 4 4
93 81 4 4
93 89 4 4
94 86 4 4
94 88 4 4
95 88 4 4
95 93 4 4
96 85 4 4
96 82 4 4
97 89 4 4
97 80 4 4
98 91 4 4
98 88 4 4
99 84 4 4
99 91 4 4
80 99 4 4
80 87 4 4
81 92 4 4
81 94 4 4
102 100 5 5
102 101 5 5
103 102 5 5
103 100 5 5
104 100 5 5
104 101 5 5
105 101 5 5
105 100 5 5
106 100 5 5
106 102 5 5
107 105 5 5
107 103 5 5
108 102 5 5
108 107 5 5
109 102 5 5
109 100 5 5
110 106 5 5
110 107 5 5
111 107 5 5
111 108 5 5
112 109 5 5
112 102 5 5
113 109 5 5
113 107 5 5
114 100 5 5
114 109 5 5
115 107 5 5
115 112 5 5
116 101 5 5
116 113 5 5
117 106 5 5
117 112 5 5
118 106 5 5
118 108 5 5
119 115 5 5
119 116 5 5
100 113 5 5
100 111 5 5
101 114 5 5
101 119 5 5
122 120 6 6
122 121 6 6
123 120 6 6
123 122 6 6
124 121 6 6
124 122 6 6
125 122 6 6
125 123 6 6
126 123 6 6
126 120 6 6
127 122 6 6
127 125 6 6
128 121 6 6
128 127 6 6
129 123 6 6
129 124 6 6
130 122 6 6
130 125 6 6
131 120 6 6
131 124 6 6
132 130 6 6
132 131 6 6
133 123 6 6
133 122 6 6
134 130 6 6
134 125 6 6
135 126 6 6
135 128 6 6
136 131 6 6
136 132 6 6
137 133 6 6
137 126 6 6
138 129 6 6
138 127 6 6
139 134 6 6
139 131 6 6
120 127 6 6
120 130 6 6
121 136 6 6
121 131 6 6
142 141 7 7
142 140 7 7
143 141 7 7
143 140 7 7
144 142 7 7
144 143 7 7
145 144 7 7
145 140 7 7
146 140 7 7
146 145 7 7
147 145 7 7
147 143 7 7
148 144 7 7
148 143 7 7
149 143 7 7
149 140 7 7
150 143 7 7
150 146 7 7
151 144 7 7
151 141 7 7
152 144 7 7
152 147 7 7
153 148 7 7
153 152 7 7
154 149 7 7
154 147 7 7
155 142 7 7
155 145 7 7
156 148 7 7
156 153 7 7
157 143 7 7
157 156 7 7
158 150 7 7
158 156 7 7
159 148 7 7
159 140 7 7
140 150 7 7
140 144 7 7
141 159 7 7
141 145 7 7
162 160 8 8
162 161 8 8
163 160 8 8
163 161 8 8
164 161 8 8
164 160 8 8
165 164 8 8
165 161 8 8
166 160 8 8
166 165 8 8
167 166 8 8
167 165 8 8
168 160 8 8
168 162 8 8
169 164 8 8
169 168 8 8
170 168 8 8
170 165 8 8
171 169 8 8
171 166 8 8
172 170 8 8
172 167 8 8
173 160 8 8
173 163 8 8
174 164 8 8
174 169 8 8
175 166 8 8
175 171 8 8
176 165 8 8
176 173 8 8
177 160 8 8
177 175 8 8
178 170 8 8
178 168 8 8
179 176 8 8
179 177 8 8
160 178 8 8
160 167 8 8
161 177 8 8
161 178 8 8
182 180 9 9
182 181 9 9
183 180 9 9
183 181 9 9
184 183 9 9
184 181 9 9
185 183 9 9
185 184 9 9
186 181 9 9
186 184 9 9
187 183 9 9
187 185 9 9
188 187 9 9
188 185 9 9
189 181 9 9
189 184 9 9
190 187 9 9
190 180 9 9
191 184 9 9
191 182 9 9
192 181 9 9
192 190 9 9
193 191 9 9
193 187 9 9
194 190 9 9
194 192 9 9
195 193 9 9
195 190 9 9
196 187 9 9
196 193 9 9
197 182 9 9
197 196 9 9
198 180 9 9
198 191 9 9
199 189 9 9
199 196 9 9
180 192 9 9
180 194 9 9
181 190 9 9
181 199 9 9
202 201 10 10
202 200 10 10
203 201 10 10
203 200 10 10
204 202 10 10
204 201 10 10
205 204 10 10
205 201 10 10
206 204 10 10
206 200 10 10
207 204 10 10
207 200 10 10
208 206 10 10
208 202 10 10
209 206 10 10
209 203 10 10
210 200 10 10
210 205 10 10
211 205 10 10
211 210 10 10
212 201 10 10
212 211 10 10
213 206 10 10
213 210 10 10
214 208 10 10
214 212 10 10
215 211 10 10
215 207 10 10
216 204 10 10
216 211 10 10
217 204 10 10
217 203 10 10
218 209 10 10
218 207 10 10
219 207 10 10
219 217 10 10
200 209 10 10
200 216 10 10
201 216 10 10
201 214 10 10
222 221 11 11
222 220 11 11
223 221 11 11
223 220 11 11
224 220 11 11
224 221 11 11
225 220 11 11
225 223 11 11
226 223 11 11
226 225 11 11
227 223 11 11
227 220 11 11
228 226 11 11
228 225 11 11
229 224 11 11
229 228 11 11
230 224 11 11
230 226 11 11
231 225 11 11
231 221 11 11
232 224 11 11
232 225 11 11
233 226 11 11
233 231 11 11
234 231 11 11
234 221 11 11
235 221 11 11
235 226 11 11
236 228 11 11
236 234 11 11
237 236 11 11
237 223 11 11
238 223 11 11
238 227 11 11
239 237 11 11
239 221 11 11
220 235 11 11
220 234 11 11
221 236 11 11
221 237 11 11
242 240 12 12
242 241 12 12
243 241 12 12
243 240 12 12
244 240 12 12
244 242 12 12
245 241 12 12
245 242 12 12
246 240 12 12
246 244 12 12
247 243 12 12
247 245 12 12
248 241 12 12
248 243 12 12
249 247 12 12
249 248 12 12
250 245 12 12
250 248 12 12
251 240 12 12
251 250 12 12
252 246 12 12
252 244 12 12
253 250 12 12
253 245 12 12
254 252 12 12
254 247 12 12
255 254 12 12
255 250 12 12
256 252 12 12
256 248 12 12
257 252 12 12
257 242 12 12
258 253 12 12
258 250 12 12
259 249 12 12
259 245 12 12
240 247 12 12
240 258 12 12
241 249 12 12
241 253 12 12
262 260 13 13
262 261 13 13
263 261 13 13
263 260 13 13
264 262 13 13
264 260 13 13
265 264 13 13
265 263 13 13
266 264 13 13
266 263 13 13
267 266 13 13
267 264 13 13
268 261 13 13
268 260 13 13
269 266 13 13
269 267 13 13
270 266 13 13
270 265 13 13
271 261 13 13
271 260 13 13
272 271 13 13
272 267 13 13
273 266 13 13
273 264 13 13
274 260 13 13
274 261 13 13
275 272 13 13
275 266 13 13
276 267 13 13
276 275 13 13
277 261 13 13
277 266 13 13
278 264 13 13
278 270 13 13
279 271 13 13
279 268 13 13
260 278 13 13
260 273 13 13
261 267 13 13
261 264 13 13
282 281 14 14
282 280 14 14
283 280 14 14
283 282 14 14
284 280 14 14
284 283 14 14
285 280 14 14
285 284 14 14
286 280 14 14
286 284 14 14
287 286 14 14
287 284 14 14
288 283 14 14
288 280 14 14
289 281 14 14
289 282 14 14
290 280 14 14
290 283 14 14
291 290 14 14
291 282 14 14
292 282 14 14
292 281 14 14
293 282 14 14
293 281 14 14
294 283 14 14
294 288 14 14
295 288 14 14
295 294 14 14
296 293 14 14
296 281 14 14
297 284 14 14
297 290 14 14
298 283 14 14
298 280 14 14
299 289 14 14
299 283 14 14
280 297 14 14
280 293 14 14
281 285 14 14
281 297 14 14
302 301 15 15
302 300 15 15
303 300 15 15
303 301 15 15
304 300 15 15
304 303 15 15
305 304 15 15
305 301 15 15
306 305 15 15
306 301 15 15
307 304 15 15
307 301 15 15
308 303 15 15
308 307 15 15
309 302 15 15
309 305 15 15
310 308 15 15
310 301 15 15
311 307 15 15
311 301 15 15
312 309 15 15
312 300 15 15
313 310 15 15
313 309 15 15
314 310 15 15
314 313 15 15
315 311 15 15
315 304 15 15
316 311 15 15
316 302 15 15
317 307 15 15
317 305 15 15
318 300 15 15
318 305 15 15
319 316 15 15
319 307 15 15
300 305 15 15
300 310 15 15
301 309 15 15
301 317 15 15
55 16 2 0
57 39 2 1
63 18 3 0
64 37 3 1
87 62 4 3
80 44 4 2
112 20 5 1
104 90 5 4
130 103 6 5
129 69 6 3
145 49 7 2
156 22 7 1
171 23 8 1
165 142 8 7
185 123 9 6
196 144 9 7
219 110 10 5
216 95 10 4
229 169 11 8
236 105 11 5
254 73 12 3
248 222 12 11
268 135 13 6
277 69 13 3
297 153 14 7
299 173 14 8
313 58 15 2
305 208 15 10
2 114 0 5
13 191 0 9
21 200 1 10
31 222 1 11
