swNum = 320
edgeNum = 672

0 0
1 0
2 0
3 0
4 0
5 0
6 0
7 0
8 0
9 0
10 0
11 0
12 0
13 0
14 0
15 0
16 0
17 0
18 0
19 0
20 1
21 1
22 1
23 1
24 1
25 1
26 1
27 1
28 1
29 1
30 1
31 1
32 1
33 1
34 1
35 1
36 1
37 1
38 1
39 1
40 2
41 2
42 2
43 2
44 2
45 2
46 2
47 2
48 2
49 2
50 2
51 2
52 2
53 2
54 2
55 2
56 2
57 2
58 2
59 2
60 3
61 3
62 3
63 3
64 3
65 3
66 3
67 3
68 3
69 3
70 3
71 3
72 3
73 3
74 3
75 3
76 3
77 3
78 3
79 3
80 4
81 4
82 4
83 4
84 4
85 4
86 4
87 4
88 4
89 4
90 4
91 4
92 4
93 4
94 4
95 4
96 4
97 4
98 4
99 4
100 5
101 5
102 5
103 5
104 5
105 5
106 5
107 5
108 5
109 5
110 5
111 5
112 5
113 5
114 5
115 5
116 5
117 5
118 5
119 5
120 6
121 6
122 6
123 6
124 6
125 6
126 6
127 6
128 6
129 6
130 6
131 6
132 6
133 6
134 6
135 6
136 6
137 6
138 6
139 6
140 7
141 7
142 7
143 7
144 7
145 7
146 7
147 7
148 7
149 7
150 7
151 7
152 7
153 7
154 7
155 7
156 7
157 7
158 7
159 7
160 8
161 8
162 8
163 8
164 8
165 8
166 8
167 8
168 8
169 8
170 8
171 8
172 8
173 8
174 8
175 8
176 8
177 8
178 8
179 8
180 9
181 9
182 9
183 9
184 9
185 9
186 9
187 9
188 9
189 9
190 9
191 9
192 9
193 9
194 9
195 9
196 9
197 9
198 9
199 9
200 10
201 10
202 10
203 10
204 10
205 10
206 10
207 10
208 10
209 10
210 10
211 10
212 10
213 10
214 10
215 10
216 10
217 10
218 10
219 10
220 11
221 11
222 11
223 11
224 11
225 11
226 11
227 11
228 11
229 11
230 11
231 11
232 11
233 11
234 11
235 11
236 11
237 11
238 11
239 11
240 12
241 12
242 12
243 12
244 12
245 12
246 12
247 12
248 12
249 12
250 12
251 12
252 12
253 12
254 12
255 12
256 12
257 12
258 12
259 12
260 13
261 13
262 13
263 13
264 13
265 13
266 13
267 13
268 13
269 13
270 13
271 13
272 13
273 13
274 13
275 13
276 13
277 13
278 13
279 13
280 14
281 14
282 14
283 14
284 14
285 14
286 14
287 14
288 14
289 14
290 14
291 14
292 14
293 14
294 14
295 14
296 14
297 14
298 14
299 14
300 15
301 15
302 15
303 15
304 15
305 15
306 15
307 15
308 15
309 15
310 15
311 15
312 15
313 15
314 15
315 15
316 15
317 15
318 15
319 15

2 0 0 0
2 1 0 0
3 1 0 0
3 2 0 0
4 3 0 0
4 0 0 0
5 2 0 0
5 3 0 0
6 1 0 0
6 5 0 0
7 4 0 0
7 0 0 0
8 5 0 0
8 4 0 0
9 7 0 0
9 2 0 0
10 6 0 0
10 0 0 0
11 2 0 0
11 5 0 0
12 9 0 0
12 0 0 0
13 9 0 0
13 3 0 0
14 5 0 0
14 3 0 0
15 4 0 0
15 1 0 0
16 2 0 0
16 15 0 0
17 4 0 0
17 12 0 0
18 9 0 0
18 5 0 0
19 2 0 0
19 3 0 0
0 8 0 0
0 17 0 0
1 8 0 0
1 13 0 0
22 20 1 1
22 21 1 1
23 20 1 1
23 21 1 1
24 20 1 1
24 23 1 1
25 21 1 1
25 23 1 1
26 25 1 1
26 20 1 1
27 21 1 1
27 26 1 1
28 21 1 1
28 22 1 1
29 24 1 1
29 27 1 1
30 28 1 1
30 22 1 1
31 26 1 1
31 29 1 1
32 26 1 1
32 31 1 1
33 21 1 1
33 20 1 1
34 32 1 1
34 27 1 1
35 24 1 1
35 23 1 1
36 23 1 1
36 27 1 1
37 30 1 1
37 34 1 1
38 35 1 1
38 29 1 1
39 31 1 1
39 37 1 1
20 27 1 1
20 34 1 1
21 29 1 1
21 31 1 1
42 41 2 2
42 40 2 2
43 42 2 2
43 41 2 2
44 40 2 2
44 42 2 2
45 41 2 2
45 44 2 2
46 40 2 2
46 44 2 2
47 41 2 2
47 42 2 2
48 43 2 2
48 47 2 2
49 46 2 2
49 45 2 2
50 45 2 2
50 49 2 2
51 50 2 2
51 41 2 2
52 41 2 2
52 49 2 2
53 52 2 2
53 50 2 2
54 42 2 2
54 48 2 2
55 43 2 2
55 53 2 2
56 43 2 2
56 44 2 2
57 51 2 2
57 42 2 2
58 51 2 2
58 48 2 2
59 42 2 2
59 47 2 2
40 57 2 2
40 58 2 2
41 58 2 2
41 56 2 2
62 61 3 3
62 60 3 3
63 61 3 3
63 62 3 3
64 63 3 3
64 62 3 3
65 61 3 3
65 60 3 3
66 64 3 3
66 63 3 3
67 60 3 3
67 66 3 3
68 65 3 3
68 63 3 3
69 66 3 3
69 65 3 3
70 61 3 3
70 68 3 3
71 65 3 3
71 67 3 3
72 65 3 3
72 68 3 3
73 70 3 3
73 68 3 3
74 73 3 3
74 70 3 3
75 60 3 3
75 64 3 3
76 61 3 3
76 69 3 3
77 66 3 3
77 64 3 3
78 63 3 3
78 75 3 3
79 74 3 3
79 68 3 3
60 74 3 3
60 64 3 3
61 77 3 3
61 73 3 3
82 80 4 4
82 81 4 4
83 80 4 4
83 81 4 4
84 82 4 4
84 80 4 4
85 82 4 4
85 84 4 4
86 84 4 4
86 85 4 4
87 81 4 4
87 83 4 4
88 85 4 4
88 80 4 4
89 87 4 4
89 88 4 4
90 85 4 4
90 82 4 4
91 85 4 4
91 86 4 4
92 81 4 4
92 87 4 4
93 92 4 4
93 81 4 4
94 87 4 4
94 86 4 4
95 87 4 4
95 89 4 4
96 81 4 4
96 80 4 4
97 93 4 4
97 84 4 4
98 96 4 4
98 82 4 4
99 88 4 4
99 92 4 4
80 90 4 4
80 94 4 4
81 97 4 4
81 89 4 4
102 101 5 5
102 100 5 5
103 100 5 5
103 102 5 5
104 103 5 5
104 100 5 5
105 104 5 5
105 103 5 5
106 102 5 5
106 103 5 5
107 106 5 5
107 100 5 5
108 104 5 5
108 101 5 5
109 102 5 5
109 101 5 5
110 107 5 5
110 105 5 5
111 100 5 5
111 103 5 5
112 102 5 5
112 109 5 5
113 105 5 5
113 101 5 5
114 108 5 5
114 111 5 5
115 102 5 5
115 109 5 5
116 115 5 5
116 109 5 5
117 112 5 5
117 116 5 5
118 113 5 5
118 109 5 5
119 105 5 5
119 111 5 5
100 114 5 5
100 108 5 5
101 117 5 5
101 116 5 5
122 121 6 6
122 120 6 6
123 120 6 6
123 122 6 6
124 121 6 6
124 122 6 6
125 121 6 6
125 124 6 6
126 122 6 6
126 123 6 6
127 124 6 6
127 123 6 6
128 123 6 6
128 120 6 6
129 127 6 6
129 123 6 6
130 124 6 6
130 123 6 6
131 122 6 6
131 124 6 6
132 127 6 6
132 122 6 6
133 128 6 6
133 129 6 6
134 120 6 6
134 133 6 6
135 131 6 6
135 134 6 6
136 120 6 6
136 127 6 6
137 130 6 6
137 134 6 6
138 131 6 6
138 128 6 6
139 135 6 6
139 125 6 6
120 137 6 6
120 132 6 6
121 139 6 6
121 136 6 6
142 141 7 7
142 140 7 7
143 140 7 7
143 141 7 7
144 140 7 7
144 141 7 7
145 140 7 7
145 143 7 7
146 145 7 7
146 140 7 7
147 142 7 7
147 145 7 7
148 147 7 7
148 143 7 7
149 140 7 7
149 145 7 7
150 148 7 7
150 141 7 7
151 146 7 7
151 142 7 7
152 151 7 7
152 144 7 7
153 140 7 7
153 141 7 7
154 152 7 7
154 146 7 7
155 143 7 7
155 140 7 7
156 144 7 7
156 155 7 7
157 153 7 7
157 147 7 7
158 149 7 7
158 154 7 7
159 147 7 7
159 150 7 7
140 152 7 7
140 154 7 7
141 146 7 7
141 151 7 7
162 161 8 8
162 160 8 8
163 162 8 8
163 160 8 8
164 161 8 8
164 163 8 8
165 164 8 8
165 161 8 8
166 162 8 8
166 160 8 8
167 161 8 8
167 166 8 8
168 167 8 8
168 165 8 8
169 161 8 8
169 160 8 8
170 164 8 8
170 166 8 8
171 167 8 8
171 163 8 8
172 170 8 8
172 166 8 8
173 161 8 8
173 169 8 8
174 162 8 8
174 172 8 8
175 173 8 8
175 162 8 8
176 160 8 8
176 173 8 8
177 163 8 8
177 166 8 8
178 172 8 8
178 164 8 8
179 173 8 8
179 169 8 8
160 167 8 8
160 170 8 8
161 179 8 8
161 168 8 8
182 180 9 9
182 181 9 9
183 180 9 9
183 181 9 9
184 183 9 9
184 181 9 9
185 180 9 9
185 184 9 9
186 185 9 9
186 181 9 9
187 184 9 9
187 182 9 9
188 183 9 9
188 185 9 9
189 188 9 9
189 181 9 9
190 187 9 9
190 184 9 9
191 190 9 9
191 180 9 9
192 190 9 9
192 191 9 9
193 192 9 9
193 190 9 9
194 184 9 9
194 188 9 9
195 183 9 9
195 189 9 9
196 187 9 9
196 188 9 9
197 187 9 9
197 180 9 9
198 182 9 9
198 188 9 9
199 181 9 9
199 198 9 9
180 199 9 9
180 190 9 9
181 185 9 9
181 195 9 9
202 201 10 10
202 200 10 10
203 201 10 10
203 200 10 10
204 202 10 10
204 201 10 10
205 204 10 10
205 203 10 10
206 204 10 10
206 205 10 10
207 202 10 10
207 201 10 10
208 203 10 10
208 202 10 10
209 207 10 10
209 200 10 10
210 207 10 10
210 202 10 10
211 206 10 10
211 210 10 10
212 201 10 10
212 203 10 10
213 205 10 10
213 202 10 10
214 201 10 10
214 200 10 10
215 211 10 10
215 204 10 10
216 206 10 10
216 210 10 10
217 212 10 10
217 201 10 10
218 212 10 10
218 202 10 10
219 216 10 10
219 208 10 10
200 218 10 10
200 206 10 10
201 218 10 10
201 205 10 10
222 220 11 11
222 221 11 11
223 220 11 11
223 221 11 11
224 220 11 11
224 223 11 11
225 222 11 11
225 224 11 11
226 224 11 11
226 222 11 11
227 225 11 11
227 221 11 11
228 226 11 11
228 224 11 11
229 225 11 11
229 226 11 11
230 226 11 11
230 229 11 11
231 225 11 11
231 227 11 11
232 230 11 11
232 227 11 11
233 223 11 11
233 229 11 11
234 224 11 11
234 221 11 11
235 224 11 11
235 227 11 11
236 225 11 11
236 226 11 11
237 232 11 11
237 227 11 11
238 230 11 11
238 232 11 11
239 225 11 11
239 222 11 11
220 230 11 11
220 236 11 11
221 231 11 11
221 232 11 11
242 240 12 12
242 241 12 12
243 240 12 12
243 241 12 12
244 241 12 12
244 240 12 12
245 244 12 12
245 242 12 12
246 243 12 12
246 241 12 12
247 244 12 12
247 240 12 12
248 243 12 12
248 246 12 12
249 243 12 12
249 241 12 12
250 248 12 12
250 244 12 12
251 246 12 12
251 249 12 12
252 245 12 12
252 240 12 12
253 248 12 12
253 240 12 12
254 252 12 12
254 242 12 12
255 254 12 12
255 249 12 12
256 248 12 12
256 240 12 12
257 253 12 12
257 249 12 12
258 244 12 12
258 246 12 12
259 254 12 12
259 242 12 12
240 254 12 12
240 258 12 12
241 252 12 12
241 254 12 12
262 261 13 13
262 260 13 13
263 261 13 13
263 262 13 13
264 261 13 13
264 260 13 13
265 261 13 13
265 260 13 13
266 265 13 13
266 260 13 13
267 266 13 13
267 261 13 13
268 263 13 13
268 261 13 13
269 268 13 13
269 267 13 13
270 261 13 13
270 268 13 13
271 269 13 13
271 263 13 13
272 266 13 13
272 268 13 13
273 261 13 13
273 260 13 13
274 264 13 13
274 261 13 13
275 261 13 13
275 268 13 13
276 266 13 13
276 264 13 13
277 261 13 13
277 268 13 13
278 272 13 13
278 269 13 13
279 271 13 13
279 269 13 13
260 271 13 13
260 278 13 13
261 278 13 13
261 272 13 13
282 280 14 14
282 281 14 14
283 281 14 14
283 280 14 14
284 283 14 14
284 282 14 14
285 284 14 14
285 280 14 14
286 282 14 14
286 284 14 14
287 286 14 14
287 282 14 14
288 280 14 14
288 286 14 14
289 285 14 14
289 288 14 14
290 282 14 14
290 281 14 14
291 287 14 14
291 289 14 14
292 283 14 14
292 284 14 14
293 281 14 14
293 291 14 14
294 292 14 14
294 286 14 14
295 280 14 14
295 294 14 14
296 282 14 14
296 280 14 14
297 294 14 14
297 289 14 14
298 283 14 14
298 297 14 14
299 298 14 14
299 280 14 14
280 297 14 14
280 284 14 14
281 286 14 14
281 291 14 14
302 301 15 15
302 300 15 15
303 300 15 15
303 301 15 15
304 302 15 15
304 303 15 15
305 303 15 15
305 301 15 15
306 301 15 15
306 300 15 15
307 302 15 15
307 300 15 15
308 302 15 15
308 303 15 15
309 300 15 15
309 304 15 15
310 308 15 15
310 302 15 15
311 308 15 15
311 300 15 15
312 309 15 15
312 310 15 15
313 310 15 15
313 311 15 15
314 305 15 15
314 308 15 15
315 304 15 15
315 301 15 15
316 306 15 15
316 301 15 15
317 313 15 15
317 307 15 15
318 308 15 15
318 309 15 15
319 315 15 15
319 309 15 15
300 308 15 15
300 313 15 15
301 310 15 15
301 308 15 15
47 14 2 0
55 36 2 1
68 17 3 0
60 42 3 2
85 0 4 0
97 61 4 3
112 9 5 0
103 56 5 2
134 37 6 1
132 56 6 2
155 58 7 2
149 32 7 1
171 50 8 2
168 108 8 5
199 170 9 8
184 71 9 3
204 46 10 2
204 192 10 9
222 204 11 10
224 107 11 5
259 148 12 7
247 75 12 3
279 247 13 12
272 123 13 6
286 255 14 12
282 159 14 7
308 120 15 6
312 97 15 4
11 206 0 10
8 223 0 11
36 249 1 12
21 312 1 15
