swNum = 320
edgeNum = 672

0 0
1 0
2 0
3 0
4 0
5 0
6 0
7 0
8 0
9 0
10 0
11 0
12 0
13 0
14 0
15 0
16 0
17 0
18 0
19 0
20 1
21 1
22 1
23 1
24 1
25 1
26 1
27 1
28 1
29 1
30 1
31 1
32 1
33 1
34 1
35 1
36 1
37 1
38 1
39 1
40 2
41 2
42 2
43 2
44 2
45 2
46 2
47 2
48 2
49 2
50 2
51 2
52 2
53 2
54 2
55 2
56 2
57 2
58 2
59 2
60 3
61 3
62 3
63 3
64 3
65 3
66 3
67 3
68 3
69 3
70 3
71 3
72 3
73 3
74 3
75 3
76 3
77 3
78 3
79 3
80 4
81 4
82 4
83 4
84 4
85 4
86 4
87 4
88 4
89 4
90 4
91 4
92 4
93 4
94 4
95 4
96 4
97 4
98 4
99 4
100 5
101 5
102 5
103 5
104 5
105 5
106 5
107 5
108 5
109 5
110 5
111 5
112 5
113 5
114 5
115 5
116 5
117 5
118 5
119 5
120 6
121 6
122 6
123 6
124 6
125 6
126 6
127 6
128 6
129 6
130 6
131 6
132 6
133 6
134 6
135 6
136 6
137 6
138 6
139 6
140 7
141 7
142 7
143 7
144 7
145 7
146 7
147 7
148 7
149 7
150 7
151 7
152 7
153 7
154 7
155 7
156 7
157 7
158 7
159 7
160 8
161 8
162 8
163 8
164 8
165 8
166 8
167 8
168 8
169 8
170 8
171 8
172 8
173 8
174 8
175 8
176 8
177 8
178 8
179 8
180 9
181 9
182 9
183 9
184 9
185 9
186 9
187 9
188 9
189 9
190 9
191 9
192 9
193 9
194 9
195 9
196 9
197 9
198 9
199 9
200 10
201 10
202 10
203 10
204 10
205 10
206 10
207 10
208 10
209 10
210 10
211 10
212 10
213 10
214 10
215 10
216 10
217 10
218 10
219 10
220 11
221 11
222 11
223 11
224 11
225 11
226 11
227 11
228 11
229 11
230 11
231 11
232 11
233 11
234 11
235 11
236 11
237 11
238 11
239 11
240 12
241 12
242 12
243 12
244 12
245 12
246 12
247 12
248 12
249 12
250 12
251 12
252 12
253 12
254 12
255 12
256 12
257 12
258 12
259 12
260 13
261 13
262 13
263 13
264 13
265 13
266 13
267 13
268 13
269 13
270 13
271 13
272 13
273 13
274 13
275 13
276 13
277 13
278 13
279 13
280 14
281 14
282 14
283 14
284 14
285 14
286 14
287 14
288 14
289 14
290 14
291 14
292 14
293 14
294 14
295 14
296 14
297 14
298 14
299 14
300 15
301 15
302 15
303 15
304 15
305 15
306 15
307 15
308 15
309 15
310 15
311 15
312 15
313 15
314 15
315 15
316 15
317 15
318 15
319 15

2 0 0 0
2 1 0 0
3 2 0 0
3 1 0 0
4 2 0 0
4 3 0 0
5 3 0 0
5 4 0 0
6 5 0 0
6 1 0 0
7 6 0 0
7 1 0 0
8 1 0 0
8 3 0 0
9 6 0 0
9 1 0 0
10 5 0 0
10 4 0 0
11 2 0 0
11 10 0 0
12 3 0 0
12 7 0 0
13 7 0 0
13 1 0 0
14 13 0 0
14 3 0 0
15 6 0 0
15 7 0 0
16 15 0 0
16 6 0 0
17 11 0 0
17 13 0 0
18 4 0 0
18 12 0 0
19 10 0 0
19 7 0 0
0 19 0 0
0 17 0 0
1 5 0 0
1 14 0 0
22 20 1 1
22 21 1 1
23 21 1 1
23 22 1 1
24 21 1 1
24 22 1 1
25 21 1 1
25 20 1 1
26 23 1 1
26 22 1 1
27 21 1 1
27 24 1 1
28 23 1 1
28 26 1 1
29 25 1 1
29 27 1 1
30 24 1 1
30 25 1 1
31 21 1 1
31 27 1 1
32 30 1 1
32 26 1 1
33 21 1 1
33 27 1 1
34 25 1 1
34 27 1 1
35 28 1 1
35 31 1 1
36 25 1 1
36 33 1 1
37 25 1 1
37 32 1 1
38 21 1 1
38 37 1 1
39 25 1 1
39 20 1 1
20 24 1 1
20 27 1 1
21 37 1 1
21 29 1 1
42 40 2 2
42 41 2 2
43 42 2 2
43 40 2 2
44 43 2 2
44 41 2 2
45 41 2 2
45 42 2 2
46 40 2 2
46 42 2 2
47 45 2 2
47 41 2 2
48 45 2 2
48 46 2 2
49 46 2 2
49 45 2 2
50 40 2 2
50 42 2 2
51 43 2 2
51 49 2 2
52 41 2 2
52 51 2 2
53 42 2 2
53 45 2 2
54 41 2 2
54 44 2 2
55 47 2 2
55 52 2 2
56 55 2 2
56 47 2 2
57 54 2 2
57 40 2 2
58 53 2 2
58 49 2 2
59 51 2 2
59 52 2 2
40 45 2 2
40 55 2 2
41 43 2 2
41 49 2 2
62 60 3 3
62 61 3 3
63 61 3 3
63 62 3 3
64 62 3 3
64 60 3 3
65 63 3 3
65 62 3 3
66 65 3 3
66 62 3 3
67 65 3 3
67 66 3 3
68 64 3 3
68 65 3 3
69 66 3 3
69 68 3 3
70 60 3 3
70 66 3 3
71 64 3 3
71 68 3 3
72 69 3 3
72 68 3 3
73 64 3 3
73 67 3 3
74 64 3 3
74 73 3 3
75 62 3 3
75 72 3 3
76 66 3 3
76 74 3 3
77 71 3 3
77 73 3 3
78 61 3 3
78 77 3 3
79 67 3 3
79 68 3 3
60 75 3 3
60 76 3 3
61 75 3 3
61 72 3 3
82 80 4 4
82 81 4 4
83 81 4 4
83 80 4 4
84 80 4 4
84 82 4 4
85 83 4 4
85 80 4 4
86 85 4 4
86 83 4 4
87 81 4 4
87 86 4 4
88 82 4 4
88 80 4 4
89 82 4 4
89 88 4 4
90 82 4 4
90 89 4 4
91 80 4 4
91 88 4 4
92 86 4 4
92 80 4 4
93 88 4 4
93 84 4 4
94 81 4 4
94 80 4 4
95 82 4 4
95 88 4 4
96 87 4 4
96 89 4 4
97 94 4 4
97 87 4 4
98 86 4 4
98 91 4 4
99 95 4 4
99 82 4 4
80 89 4 4
80 96 4 4
81 85 4 4
81 91 4 4
102 101 5 5
102 100 5 5
103 100 5 5
103 102 5 5
104 101 5 5
104 102 5 5
105 102 5 5
105 100 5 5
106 100 5 5
106 104 5 5
107 104 5 5
107 100 5 5
108 107 5 5
108 103 5 5
109 100 5 5
109 107 5 5
110 103 5 5
110 106 5 5
111 102 5 5
111 100 5 5
112 101 5 5
112 100 5 5
113 102 5 5
113 110 5 5
114 100 5 5
114 109 5 5
115 107 5 5
115 104 5 5
116 111 5 5
116 107 5 5
117 114 5 5
117 100 5 5
118 107 5 5
118 116 5 5
119 114 5 5
119 108 5 5
100 116 5 5
100 113 5 5
101 111 5 5
101 107 5 5
122 121 6 6
122 120 6 6
123 121 6 6
123 122 6 6
124 121 6 6
124 122 6 6
125 124 6 6
125 121 6 6
126 125 6 6
126 123 6 6
127 126 6 6
127 120 6 6
128 122 6 6
128 123 6 6
129 122 6 6
129 127 6 6
130 125 6 6
130 123 6 6
131 127 6 6
131 129 6 6
132 131 6 6
132 120 6 6
133 124 6 6
133 126 6 6
134 121 6 6
134 133 6 6
135 125 6 6
135 127 6 6
136 128 6 6
136 121 6 6
137 126 6 6
137 135 6 6
138 130 6 6
138 133 6 6
139 136 6 6
139 130 6 6
120 128 6 6
120 131 6 6
121 137 6 6
121 126 6 6
142 141 7 7
142 140 7 7
143 142 7 7
143 140 7 7
144 143 7 7
144 140 7 7
145 141 7 7
145 143 7 7
146 140 7 7
146 142 7 7
147 144 7 7
147 145 7 7
148 141 7 7
148 145 7 7
149 148 7 7
149 140 7 7
150 148 7 7
150 145 7 7
151 150 7 7
151 147 7 7
152 143 7 7
152 151 7 7
153 148 7 7
153 150 7 7
154 140 7 7
154 142 7 7
155 154 7 7
155 142 7 7
156 151 7 7
156 153 7 7
157 141 7 7
157 154 7 7
158 152 7 7
158 144 7 7
159 152 7 7
159 141 7 7
140 157 7 7
140 155 7 7
141 152 7 7
141 155 7 7
162 160 8 8
162 161 8 8
163 161 8 8
163 162 8 8
164 162 8 8
164 160 8 8
165 162 8 8
165 163 8 8
166 165 8 8
166 160 8 8
167 162 8 8
167 161 8 8
168 165 8 8
168 164 8 8
169 162 8 8
169 160 8 8
170 163 8 8
170 160 8 8
171 162 8 8
171 169 8 8
172 171 8 8
172 162 8 8
173 163 8 8
173 160 8 8
174 162 8 8
174 169 8 8
175 164 8 8
175 172 8 8
176 171 8 8
176 167 8 8
177 161 8 8
177 174 8 8
178 162 8 8
178 163 8 8
179 162 8 8
179 165 8 8
160 178 8 8
160 175 8 8
161 164 8 8
161 169 8 8
182 180 9 9
182 181 9 9
183 181 9 9
183 182 9 9
184 180 9 9
184 183 9 9
185 180 9 9
185 182 9 9
186 183 9 9
186 185 9 9
187 181 9 9
187 180 9 9
188 185 9 9
188 180 9 9
189 186 9 9
189 180 9 9
190 180 9 9
190 189 9 9
191 181 9 9
191 184 9 9
192 189 9 9
192 188 9 9
193 180 9 9
193 192 9 9
194 187 9 9
194 180 9 9
195 187 9 9
195 181 9 9
196 191 9 9
196 181 9 9
197 181 9 9
197 189 9 9
198 184 9 9
198 194 9 9
199 196 9 9
199 187 9 9
180 197 9 9
180 183 9 9
181 199 9 9
181 184 9 9
202 201 10 10
202 200 10 10
203 200 10 10
203 201 10 10
204 201 10 10
204 202 10 10
205 202 10 10
205 201 10 10
206 204 10 10
206 202 10 10
207 202 10 10
207 204 10 10
208 200 10 10
208 203 10 10
209 201 10 10
209 204 10 10
210 201 10 10
210 206 10 10
211 208 10 10
211 203 10 10
212 209 10 10
212 208 10 10
213 207 10 10
213 202 10 10
214 208 10 10
214 210 10 10
215 201 10 10
215 210 10 10
216 215 10 10
216 210 10 10
217 208 10 10
217 206 10 10
218 206 10 10
218 203 10 10
219 201 10 10
219 215 10 10
200 211 10 10
200 219 10 10
201 217 10 10
201 207 10 10
222 221 11 11
222 220 11 11
223 220 11 11
223 222 11 11
224 220 11 11
224 221 11 11
225 224 11 11
225 220 11 11
226 224 11 11
226 222 11 11
227 223 11 11
227 220 11 11
228 223 11 11
228 227 11 11
229 225 11 11
229 220 11 11
230 221 11 11
230 224 11 11
231 224 11 11
231 225 11 11
232 225 11 11
232 227 11 11
233 224 11 11
233 231 11 11
234 231 11 11
234 233 11 11
235 231 11 11
235 224 11 11
236 228 11 11
236 227 11 11
237 231 11 11
237 221 11 11
238 224 11 11
238 230 11 11
239 220 11 11
239 230 11 11
220 228 11 11
220 230 11 11
221 225 11 11
221 227 11 11
242 240 12 12
242 241 12 12
243 242 12 12
243 240 12 12
244 242 12 12
244 240 12 12
245 242 12 12
245 240 12 12
246 243 12 12
246 240 12 12
247 246 12 12
247 241 12 12
248 244 12 12
248 247 12 12
249 248 12 12
249 247 12 12
250 243 12 12
250 247 12 12
251 245 12 12
251 250 12 12
252 246 12 12
252 243 12 12
253 244 12 12
253 251 12 12
254 242 12 12
254 243 12 12
255 243 12 12
255 251 12 12
256 240 12 12
256 247 12 12
257 255 12 12
257 246 12 12
258 250 12 12
258 243 12 12
259 258 12 12
259 256 12 12
240 247 12 12
240 255 12 12
241 251 12 12
241 255 12 12
262 260 13 13
262 261 13 13
263 261 13 13
263 262 13 13
264 260 13 13
264 262 13 13
265 261 13 13
265 264 13 13
266 261 13 13
266 263 13 13
267 264 13 13
267 265 13 13
268 264 13 13
268 263 13 13
269 262 13 13
269 268 13 13
270 269 13 13
270 268 13 13
271 265 13 13
271 268 13 13
272 265 13 13
272 261 13 13
273 262 13 13
273 260 13 13
274 272 13 13
274 270 13 13
275 262 13 13
275 261 13 13
276 265 13 13
276 268 13 13
277 264 13 13
277 260 13 13
278 276 13 13
278 271 13 13
279 270 13 13
279 269 13 13
260 263 13 13
260 268 13 13
261 269 13 13
261 276 13 13
282 281 14 14
282 280 14 14
283 282 14 14
283 280 14 14
284 283 14 14
284 280 14 14
285 282 14 14
285 280 14 14
286 283 14 14
286 284 14 14
287 282 14 14
287 285 14 14
288 287 14 14
288 282 14 14
289 282 14 14
289 281 14 14
290 280 14 14
290 288 14 14
291 287 14 14
291 282 14 14
292 284 14 14
292 287 14 14
293 285 14 14
293 284 14 14
294 284 14 14
294 285 14 14
295 284 14 14
295 286 14 14
296 288 14 14
296 287 14 14
297 284 14 14
297 291 14 14
298 290 14 14
298 280 14 14
299 295 14 14
299 291 14 14
280 288 14 14
280 286 14 14
281 287 14 14
281 288 14 14
302 301 15 15
302 300 15 15
303 300 15 15
303 301 15 15
304 303 15 15
304 300 15 15
305 302 15 15
305 301 15 15
306 303 15 15
306 302 15 15
307 303 15 15
307 301 15 15
308 307 15 15
308 300 15 15
309 308 15 15
309 307 15 15
310 307 15 15
310 303 15 15
311 301 15 15
311 307 15 15
312 301 15 15
312 303 15 15
313 312 15 15
313 300 15 15
314 300 15 15
314 301 15 15
315 309 15 15
315 300 15 15
316 302 15 15
316 304 15 15
317 312 15 15
317 302 15 15
318 310 15 15
318 305 15 15
319 305 15 15
319 317 15 15
300 309 15 15
300 317 15 15
301 319 15 15
301 309 15 15
48 10 2 0
53 38 2 1
60 45 3 2
67 6 3 0
87 26 4 1
81 8 4 0
106 17 5 0
104 91 5 4
136 45 6 2
139 104 6 5
157 115 7 5
148 80 7 4
169 40 8 2
174 26 8 1
199 54 9 2
192 129 9 6
208 140 10 7
211 180 10 9
225 10 11 0
238 196 11 9
257 68 12 3
256 110 12 5
265 85 13 4
278 36 13 1
293 233 14 11
295 106 14 5
318 137 15 6
315 205 15 10
16 243 0 12
15 302 0 15
20 151 1 7
39 209 1 10
