swNum = 320
edgeNum = 672

0 0
1 0
2 0
3 0
4 0
5 0
6 0
7 0
8 0
9 0
10 0
11 0
12 0
13 0
14 0
15 0
16 0
17 0
18 0
19 0
20 1
21 1
22 1
23 1
24 1
25 1
26 1
27 1
28 1
29 1
30 1
31 1
32 1
33 1
34 1
35 1
36 1
37 1
38 1
39 1
40 2
41 2
42 2
43 2
44 2
45 2
46 2
47 2
48 2
49 2
50 2
51 2
52 2
53 2
54 2
55 2
56 2
57 2
58 2
59 2
60 3
61 3
62 3
63 3
64 3
65 3
66 3
67 3
68 3
69 3
70 3
71 3
72 3
73 3
74 3
75 3
76 3
77 3
78 3
79 3
80 4
81 4
82 4
83 4
84 4
85 4
86 4
87 4
88 4
89 4
90 4
91 4
92 4
93 4
94 4
95 4
96 4
97 4
98 4
99 4
100 5
101 5
102 5
103 5
104 5
105 5
106 5
107 5
108 5
109 5
110 5
111 5
112 5
113 5
114 5
115 5
116 5
117 5
118 5
119 5
120 6
121 6
122 6
123 6
124 6
125 6
126 6
127 6
128 6
129 6
130 6
131 6
132 6
133 6
134 6
135 6
136 6
137 6
138 6
139 6
140 7
141 7
142 7
143 7
144 7
145 7
146 7
147 7
148 7
149 7
150 7
151 7
152 7
153 7
154 7
155 7
156 7
157 7
158 7
159 7
160 8
161 8
162 8
163 8
164 8
165 8
166 8
167 8
168 8
169 8
170 8
171 8
172 8
173 8
174 8
175 8
176 8
177 8
178 8
179 8
180 9
181 9
182 9
183 9
184 9
185 9
186 9
187 9
188 9
189 9
190 9
191 9
192 9
193 9
194 9
195 9
196 9
197 9
198 9
199 9
200 10
201 10
202 10
203 10
204 10
205 10
206 10
207 10
208 10
209 10
210 10
211 10
212 10
213 10
214 10
215 10
216 10
217 10
218 10
219 10
220 11
221 11
222 11
223 11
224 11
225 11
226 11
227 11
228 11
229 11
230 11
231 11
232 11
233 11
234 11
235 11
236 11
237 11
238 11
239 11
240 12
241 12
242 12
243 12
244 12
245 12
246 12
247 12
248 12
249 12
250 12
251 12
252 12
253 12
254 12
255 12
256 12
257 12
258 12
259 12
260 13
261 13
262 13
263 13
264 13
265 13
266 13
267 13
268 13
269 13
270 13
271 13
272 13
273 13
274 13
275 13
276 13
277 13
278 13
279 13
280 14
281 14
282 14
283 14
284 14
285 14
286 14
287 14
288 14
289 14
290 14
291 14
292 14
293 14
294 14
295 14
296 14
297 14
298 14
299 14
300 15
301 15
302 15
303 15
304 15
305 15
306 15
307 15
308 15
309 15
310 15
311 15
312 15
313 15
314 15
315 15
316 15
317 15
318 15
319 15

2 1 0 0
2 0 0 0
3 2 0 0
3 1 0 0
4 0 0 0
4 1 0 0
5 3 0 0
5 4 0 0
6 3 0 0
6 4 0 0
7 6 0 0
7 2 0 0
8 4 0 0
8 6 0 0
9 3 0 0
9 7 0 0
10 9 0 0
10 5 0 0
11 5 0 0
11 6 0 0
12 0 0 0
12 1 0 0
13 9 0 0
13 4 0 0
14 6 0 0
14 7 0 0
15 3 0 0
15 12 0 0
16 2 0 0
16 11 0 0
17 12 0 0
17 4 0 0
18 4 0 0
18 17 0 0
19 9 0 0
19 12 0 0
0 9 0 0
0 19 0 0
1 7 0 0
1 15 0 0
22 21 1 1
22 20 1 1
23 22 1 1
23 21 1 1
24 23 1 1
24 22 1 1
25 22 1 1
25 23 1 1
26 21 1 1
26 24 1 1
27 24 1 1
27 25 1 1
28 23 1 1
28 25 1 1
29 22 1 1
29 25 1 1
30 20 1 1
30 26 1 1
31 23 1 1
31 27 1 1
32 24 1 1
32 29 1 1
33 29 1 1
33 31 1 1
34 21 1 1
34 31 1 1
35 22 1 1
35 20 1 1
36 31 1 1
36 27 1 1
37 35 1 1
37 33 1 1
38 24 1 1
38 33 1 1
39 25 1 1
39 34 1 1
20 34 1 1
20 36 1 1
21 27 1 1
21 25 1 1
42 40 2 2
42 41 2 2
43 41 2 2
43 42 2 2
44 42 2 2
44 40 2 2
45 42 2 2
45 43 2 2
46 40 2 2
46 41 2 2
47 41 2 2
47 42 2 2
48 42 2 2
48 45 2 2
49 47 2 2
49 40 2 2
50 44 2 2
50 45 2 2
51 40 2 2
51 47 2 2
52 43 2 2
52 42 2 2
53 41 2 2
53 43 2 2
54 43 2 2
54 52 2 2
55 54 2 2
55 40 2 2
56 48 2 2
56 46 2 2
57 56 2 2
57 47 2 2
58 51 2 2
58 55 2 2
59 40 2 2
59 48 2 2
40 56 2 2
40 47 2 2
41 49 2 2
41 57 2 2
62 60 3 3
62 61 3 3
63 62 3 3
63 61 3 3
64 63 3 3
64 61 3 3
65 61 3 3
65 63 3 3
66 60 3 3
66 63 3 3
67 60 3 3
67 66 3 3
68 60 3 3
68 67 3 3
69 64 3 3
69 65 3 3
70 67 3 3
70 62 3 3
71 65 3 3
71 66 3 3
72 67 3 3
72 63 3 3
73 65 3 3
73 70 3 3
74 65 3 3
74 72 3 3
75 61 3 3
75 62 3 3
76 70 3 3
76 61 3 3
77 74 3 3
77 76 3 3
78 74 3 3
78 67 3 3
79 70 3 3
79 63 3 3
60 79 3 3
60 75 3 3
61 77 3 3
61 71 3 3
82 80 4 4
82 81 4 4
83 82 4 4
83 80 4 4
84 81 4 4
84 80 4 4
85 83 4 4
85 84 4 4
86 84 4 4
86 85 4 4
87 85 4 4
87 80 4 4
88 83 4 4
88 87 4 4
89 86 4 4
89 82 4 4
90 88 4 4
90 83 4 4
91 90 4 4
91 89 4 4
92 82 4 4
92 88 4 4
93 83 4 4
93 92 4 4
94 85 4 4
94 93 4 4
95 90 4 4
95 92 4 4
96 92 4 4
96 85 4 4
97 94 4 4
97 95 4 4
98 92 4 4
98 82 4 4
99 95 4 4
99 86 4 4
80 99 4 4
80 90 4 4
81 99 4 4
81 97 4 4
102 100 5 5
102 101 5 5
103 102 5 5
103 100 5 5
104 102 5 5
104 103 5 5
105 101 5 5
105 102 5 5
106 102 5 5
106 104 5 5
107 101 5 5
107 103 5 5
108 107 5 5
108 102 5 5
109 101 5 5
109 102 5 5
110 102 5 5
110 104 5 5
111 101 5 5
111 107 5 5
112 109 5 5
112 104 5 5
113 101 5 5
113 108 5 5
114 102 5 5
114 101 5 5
115 101 5 5
115 105 5 5
116 106 5 5
116 114 5 5
117 105 5 5
117 103 5 5
118 104 5 5
118 110 5 5
119 113 5 5
119 112 5 5
100 113 5 5
100 107 5 5
101 108 5 5
101 103 5 5
122 120 6 6
122 121 6 6
123 122 6 6
123 120 6 6
124 120 6 6
124 122 6 6
125 120 6 6
125 124 6 6
126 123 6 6
126 122 6 6
127 124 6 6
127 125 6 6
128 122 6 6
128 121 6 6
129 126 6 6
129 128 6 6
130 122 6 6
130 121 6 6
131 129 6 6
131 130 6 6
132 122 6 6
132 123 6 6
133 125 6 6
133 122 6 6
134 133 6 6
134 121 6 6
135 133 6 6
135 128 6 6
136 121 6 6
136 123 6 6
137 120 6 6
137 130 6 6
138 121 6 6
138 134 6 6
139 138 6 6
139 127 6 6
120 127 6 6
120 129 6 6
121 132 6 6
121 124 6 6
142 141 7 7
142 140 7 7
143 141 7 7
143 142 7 7
144 141 7 7
144 140 7 7
145 141 7 7
145 143 7 7
146 143 7 7
146 142 7 7
147 144 7 7
147 141 7 7
148 142 7 7
148 147 7 7
149 148 7 7
149 146 7 7
150 149 7 7
150 144 7 7
151 146 7 7
151 149 7 7
152 149 7 7
152 148 7 7
153 143 7 7
153 152 7 7
154 144 7 7
154 147 7 7
155 148 7 7
155 146 7 7
156 141 7 7
156 153 7 7
157 151 7 7
157 141 7 7
158 154 7 7
158 145 7 7
159 141 7 7
159 153 7 7
140 147 7 7
140 157 7 7
141 146 7 7
141 158 7 7
162 161 8 8
162 160 8 8
163 160 8 8
163 162 8 8
164 161 8 8
164 163 8 8
165 164 8 8
165 160 8 8
166 165 8 8
166 161 8 8
167 164 8 8
167 162 8 8
168 165 8 8
168 161 8 8
169 167 8 8
169 162 8 8
170 163 8 8
170 169 8 8
171 164 8 8
171 163 8 8
172 161 8 8
172 163 8 8
173 172 8 8
173 161 8 8
174 167 8 8
174 162 8 8
175 169 8 8
175 160 8 8
176 167 8 8
176 163 8 8
177 167 8 8
177 171 8 8
178 169 8 8
178 172 8 8
179 176 8 8
179 170 8 8
160 177 8 8
160 167 8 8
161 167 8 8
161 163 8 8
182 180 9 9
182 181 9 9
183 180 9 9
183 181 9 9
184 182 9 9
184 180 9 9
185 182 9 9
185 180 9 9
186 184 9 9
186 185 9 9
187 183 9 9
187 181 9 9
188 185 9 9
188 182 9 9
189 188 9 9
189 187 9 9
190 186 9 9
190 183 9 9
191 185 9 9
191 189 9 9
192 183 9 9
192 190 9 9
193 182 9 9
193 183 9 9
194 192 9 9
194 183 9 9
195 188 9 9
195 180 9 9
196 188 9 9
196 190 9 9
197 182 9 9
197 186 9 9
198 185 9 9
198 180 9 9
199 182 9 9
199 183 9 9
180 189 9 9
180 188 9 9
181 184 9 9
181 189 9 9
202 200 10 10
202 201 10 10
203 202 10 10
203 200 10 10
204 201 10 10
204 200 10 10
205 203 10 10
205 202 10 10
206 201 10 10
206 204 10 10
207 202 10 10
207 200 10 10
208 203 10 10
208 204 10 10
209 201 10 10
209 206 10 10
210 207 10 10
210 203 10 10
211 202 10 10
211 209 10 10
212 201 10 10
212 211 10 10
213 209 10 10
213 204 10 10
214 212 10 10
214 204 10 10
215 203 10 10
215 210 10 10
216 212 10 10
216 205 10 10
217 201 10 10
217 216 10 10
218 205 10 10
218 216 10 10
219 200 10 10
219 214 10 10
200 211 10 10
200 212 10 10
201 218 10 10
201 211 10 10
222 220 11 11
222 221 11 11
223 222 11 11
223 220 11 11
224 221 11 11
224 220 11 11
225 222 11 11
225 224 11 11
226 223 11 11
226 222 11 11
227 223 11 11
227 224 11 11
228 226 11 11
228 220 11 11
229 222 11 11
229 228 11 11
230 229 11 11
230 226 11 11
231 222 11 11
231 221 11 11
232 224 11 11
232 230 11 11
233 222 11 11
233 220 11 11
234 222 11 11
234 231 11 11
235 221 11 11
235 220 11 11
236 220 11 11
236 226 11 11
237 221 11 11
237 224 11 11
238 221 11 11
238 233 11 11
239 220 11 11
239 225 11 11
220 225 11 11
220 237 11 11
221 228 11 11
221 229 11 11
242 240 12 12
242 241 12 12
243 242 12 12
243 241 12 12
244 240 12 12
244 243 12 12
245 241 12 12
245 243 12 12
246 244 12 12
246 240 12 12
247 245 12 12
247 241 12 12
248 241 12 12
248 245 12 12
249 248 12 12
249 245 12 12
250 248 12 12
250 249 12 12
251 242 12 12
251 241 12 12
252 246 12 12
252 242 12 12
253 241 12 12
253 250 12 12
254 252 12 12
254 245 12 12
255 253 12 12
255 243 12 12
256 253 12 12
256 255 12 12
257 256 12 12
257 255 12 12
258 240 12 12
258 241 12 12
259 252 12 12
259 253 12 12
240 253 12 12
240 254 12 12
241 256 12 12
241 257 12 12
262 261 13 13
262 260 13 13
263 262 13 13
263 261 13 13
264 260 13 13
264 262 13 13
265 260 13 13
265 262 13 13
266 263 13 13
266 261 13 13
267 265 13 13
267 266 13 13
268 263 13 13
268 266 13 13
269 261 13 13
269 268 13 13
270 267 13 13
270 264 13 13
271 261 13 13
271 262 13 13
272 264 13 13
272 261 13 13
273 262 13 13
273 271 13 13
274 270 13 13
274 267 13 13
275 260 13 13
275 261 13 13
276 275 13 13
276 269 13 13
277 265 13 13
277 275 13 13
278 273 13 13
278 266 13 13
279 265 13 13
279 272 13 13
260 277 13 13
260 268 13 13
261 278 13 13
261 267 13 13
282 280 14 14
282 281 14 14
283 281 14 14
283 280 14 14
284 283 14 14
284 280 14 14
285 281 14 14
285 280 14 14
286 283 14 14
286 284 14 14
287 284 14 14
287 280 14 14
288 280 14 14
288 284 14 14
289 288 14 14
289 285 14 14
290 285 14 14
290 288 14 14
291 287 14 14
291 286 14 14
292 280 14 14
292 291 14 14
293 288 14 14
293 290 14 14
294 287 14 14
294 290 14 14
295 289 14 14
295 288 14 14
296 294 14 14
296 287 14 14
297 285 14 14
297 281 14 14
298 290 14 14
298 293 14 14
299 289 14 14
299 295 14 14
280 297 14 14
280 298 14 14
281 295 14 14
281 290 14 14
302 301 15 15
302 300 15 15
303 302 15 15
303 300 15 15
304 301 15 15
304 302 15 15
305 302 15 15
305 304 15 15
306 303 15 15
306 305 15 15
307 305 15 15
307 306 15 15
308 301 15 15
308 305 15 15
309 301 15 15
309 307 15 15
310 306 15 15
310 300 15 15
311 307 15 15
311 302 15 15
312 306 15 15
312 307 15 15
313 312 15 15
313 300 15 15
314 309 15 15
314 305 15 15
315 312 15 15
315 307 15 15
316 300 15 15
316 303 15 15
317 310 15 15
317 300 15 15
318 304 15 15
318 312 15 15
319 316 15 15
319 313 15 15
300 308 15 15
300 312 15 15
301 315 15 15
301 316 15 15
52 39 2 1
54 9 2 0
76 4 3 0
64 41 3 2
91 50 4 2
88 18 4 0
108 23 5 1
106 52 5 2
125 73 6 3
131 59 6 2
143 133 7 6
143 93 7 4
168 5 8 0
166 114 8 5
185 140 9 7
194 83 9 4
215 102 10 5
212 0 10 0
239 139 11 6
232 147 11 7
242 82 12 4
244 210 12 10
269 199 13 9
271 65 13 3
291 225 14 11
298 130 14 6
319 110 15 5
312 271 15 13
6 141 0 7
4 274 0 13
21 95 1 4
30 253 1 12
