swNum = 320
edgeNum = 672

0 0
1 0
2 0
3 0
4 0
5 0
6 0
7 0
8 0
9 0
10 0
11 0
12 0
13 0
14 0
15 0
16 0
17 0
18 0
19 0
20 1
21 1
22 1
23 1
24 1
25 1
26 1
27 1
28 1
29 1
30 1
31 1
32 1
33 1
34 1
35 1
36 1
37 1
38 1
39 1
40 2
41 2
42 2
43 2
44 2
45 2
46 2
47 2
48 2
49 2
50 2
51 2
52 2
53 2
54 2
55 2
56 2
57 2
58 2
59 2
60 3
61 3
62 3
63 3
64 3
65 3
66 3
67 3
68 3
69 3
70 3
71 3
72 3
73 3
74 3
75 3
76 3
77 3
78 3
79 3
80 4
81 4
82 4
83 4
84 4
85 4
86 4
87 4
88 4
89 4
90 4
91 4
92 4
93 4
94 4
95 4
96 4
97 4
98 4
99 4
100 5
101 5
102 5
103 5
104 5
105 5
106 5
107 5
108 5
109 5
110 5
111 5
112 5
113 5
114 5
115 5
116 5
117 5
118 5
119 5
120 6
121 6
122 6
123 6
124 6
125 6
126 6
127 6
128 6
129 6
130 6
131 6
132 6
133 6
134 6
135 6
136 6
137 6
138 6
139 6
140 7
141 7
142 7
143 7
144 7
145 7
146 7
147 7
148 7
149 7
150 7
151 7
152 7
153 7
154 7
155 7
156 7
157 7
158 7
159 7
160 8
161 8
162 8
163 8
164 8
165 8
166 8
167 8
168 8
169 8
170 8
171 8
172 8
173 8
174 8
175 8
176 8
177 8
178 8
179 8
180 9
181 9
182 9
183 9
184 9
185 9
186 9
187 9
188 9
189 9
190 9
191 9
192 9
193 9
194 9
195 9
196 9
197 9
198 9
199 9
200 10
201 10
202 10
203 10
204 10
205 10
206 10
207 10
208 10
209 10
210 10
211 10
212 10
213 10
214 10
215 10
216 10
217 10
218 10
219 10
220 11
221 11
222 11
223 11
224 11
225 11
226 11
227 11
228 11
229 11
230 11
231 11
232 11
233 11
234 11
235 11
236 11
237 11
238 11
239 11
240 12
241 12
242 12
243 12
244 12
245 12
246 12
247 12
248 12
249 12
250 12
251 12
252 12
253 12
254 12
255 12
256 12
257 12
258 12
259 12
260 13
261 13
262 13
263 13
264 13
265 13
266 13
267 13
268 13
269 13
270 13
271 13
272 13
273 13
274 13
275 13
276 13
277 13
278 13
279 13
280 14
281 14
282 14
283 14
284 14
285 14
286 14
287 14
288 14
289 14
290 14
291 14
292 14
293 14
294 14
295 14
296 14
297 14
298 14
299 14
300 15
301 15
302 15
303 15
304 15
305 15
306 15
307 15
308 15
309 15
310 15
311 15
312 15
313 15
314 15
315 15
316 15
317 15
318 15
319 15

2 0 0 0
2 1 0 0
3 1 0 0
3 2 0 0
4 0 0 0
4 3 0 0
5 1 0 0
5 0 0 0
6 4 0 0
6 0 0 0
7 5 0 0
7 1 0 0
8 2 0 0
8 0 0 0
9 2 0 0
9 0 0 0
10 8 0 0
10 0 0 0
11 6 0 0
11 0 0 0
12 9 0 0
12 6 0 0
13 7 0 0
13 1 0 0
14 1 0 0
14 4 0 0
15 11 0 0
15 10 0 0
16 5 0 0
16 10 0 0
17 9 0 0
17 8 0 0
18 3 0 0
18 16 0 0
19 6 0 0
19 5 0 0
0 19 0 0
0 15 0 0
1 16 0 0
1 10 0 0
22 20 1 1
22 21 1 1
23 21 1 1
23 20 1 1
24 23 1 1
24 20 1 1
25 23 1 1
25 24 1 1
26 24 1 1
26 25 1 1
27 25 1 1
27 26 1 1
28 27 1 1
28 26 1 1
29 21 1 1
29 23 1 1
30 28 1 1
30 26 1 1
31 24 1 1
31 25 1 1
32 27 1 1
32 22 1 1
33 26 1 1
33 24 1 1
34 24 1 1
34 29 1 1
35 21 1 1
35 34 1 1
36 32 1 1
36 23 1 1
37 23 1 1
37 20 1 1
38 26 1 1
38 32 1 1
39 29 1 1
39 33 1 1
20 29 1 1
20 33 1 1
21 39 1 1
21 33 1 1
42 40 2 2
42 41 2 2
43 42 2 2
43 41 2 2
44 42 2 2
44 43 2 2
45 42 2 2
45 43 2 2
46 40 2 2
46 41 2 2
47 43 2 2
47 45 2 2
48 46 2 2
48 41 2 2
49 42 2 2
49 45 2 2
50 47 2 2
50 43 2 2
51 46 2 2
51 41 2 2
52 50 2 2
52 44 2 2
53 43 2 2
53 47 2 2
54 41 2 2
54 47 2 2
55 53 2 2
55 50 2 2
56 42 2 2
56 43 2 2
57 53 2 2
57 47 2 2
58 46 2 2
58 40 2 2
59 53 2 2
59 55 2 2
40 49 2 2
40 53 2 2
41 44 2 2
41 55 2 2
62 60 3 3
62 61 3 3
63 60 3 3
63 61 3 3
64 63 3 3
64 61 3 3
65 60 3 3
65 62 3 3
66 61 3 3
66 62 3 3
67 66 3 3
67 62 3 3
68 61 3 3
68 60 3 3
69 63 3 3
69 68 3 3
70 62 3 3
70 60 3 3
71 65 3 3
71 63 3 3
72 67 3 3
72 60 3 3
73 71 3 3
73 62 3 3
74 70 3 3
74 67 3 3
75 68 3 3
75 70 3 3
76 65 3 3
76 72 3 3
77 65 3 3
77 63 3 3
78 77 3 3
78 68 3 3
79 73 3 3
79 62 3 3
60 78 3 3
60 76 3 3
61 78 3 3
61 77 3 3
82 80 4 4
82 81 4 4
83 81 4 4
83 80 4 4
84 80 4 4
84 83 4 4
85 80 4 4
85 84 4 4
86 82 4 4
86 84 4 4
87 81 4 4
87 83 4 4
88 86 4 4
88 80 4 4
89 80 4 4
89 86 4 4
90 87 4 4
90 81 4 4
91 88 4 4
91 84 4 4
92 86 4 4
92 82 4 4
93 92 4 4
93 82 4 4
94 89 4 4
94 91 4 4
95 86 4 4
95 80 4 4
96 85 4 4
96 83 4 4
97 94 4 4
97 95 4 4
98 93 4 4
98 83 4 4
99 91 4 4
99 90 4 4
80 87 4 4
80 94 4 4
81 84 4 4
81 96 4 4
102 101 5 5
102 100 5 5
103 102 5 5
103 100 5 5
104 103 5 5
104 100 5 5
105 104 5 5
105 102 5 5
106 103 5 5
106 101 5 5
107 103 5 5
107 100 5 5
108 104 5 5
108 105 5 5
109 107 5 5
109 100 5 5
110 105 5 5
110 107 5 5
111 104 5 5
111 103 5 5
112 100 5 5
112 111 5 5
113 101 5 5
113 102 5 5
114 105 5 5
114 102 5 5
115 105 5 5
115 107 5 5
116 107 5 5
116 104 5 5
117 103 5 5
117 116 5 5
118 109 5 5
118 105 5 5
119 116 5 5
119 110 5 5
100 115 5 5
100 111 5 5
101 114 5 5
101 116 5 5
122 120 6 6
122 121 6 6
123 122 6 6
123 120 6 6
124 122 6 6
124 123 6 6
125 122 6 6
125 120 6 6
126 124 6 6
126 120 6 6
127 125 6 6
127 123 6 6
128 120 6 6
128 126 6 6
129 122 6 6
129 124 6 6
130 124 6 6
130 125 6 6
131 129 6 6
131 122 6 6
132 124 6 6
132 130 6 6
133 124 6 6
133 120 6 6
134 124 6 6
134 131 6 6
135 122 6 6
135 125 6 6
136 132 6 6
136 120 6 6
137 122 6 6
137 129 6 6
138 127 6 6
138 133 6 6
139 138 6 6
139 123 6 6
120 134 6 6
120 135 6 6
121 131 6 6
121 125 6 6
142 140 7 7
142 141 7 7
143 142 7 7
143 141 7 7
144 141 7 7
144 143 7 7
145 144 7 7
145 142 7 7
146 144 7 7
146 140 7 7
147 145 7 7
147 141 7 7
148 143 7 7
148 141 7 7
149 146 7 7
149 145 7 7
150 142 7 7
150 141 7 7
151 146 7 7
151 143 7 7
152 145 7 7
152 150 7 7
153 152 7 7
153 143 7 7
154 152 7 7
154 150 7 7
155 141 7 7
155 152 7 7
156 140 7 7
156 144 7 7
157 156 7 7
157 142 7 7
158 149 7 7
158 142 7 7
159 140 7 7
159 154 7 7
140 152 7 7
140 149 7 7
141 158 7 7
141 154 7 7
162 161 8 8
162 160 8 8
163 162 8 8
163 161 8 8
164 161 8 8
164 160 8 8
165 163 8 8
165 164 8 8
166 161 8 8
166 162 8 8
167 161 8 8
167 164 8 8
168 164 8 8
168 166 8 8
169 166 8 8
169 164 8 8
170 161 8 8
170 160 8 8
171 164 8 8
171 165 8 8
172 161 8 8
172 163 8 8
173 166 8 8
173 168 8 8
174 173 8 8
174 161 8 8
175 166 8 8
175 171 8 8
176 163 8 8
176 164 8 8
177 169 8 8
177 161 8 8
178 169 8 8
178 177 8 8
179 163 8 8
179 173 8 8
160 163 8 8
160 176 8 8
161 179 8 8
161 176 8 8
182 181 9 9
182 180 9 9
183 182 9 9
183 180 9 9
184 181 9 9
184 180 9 9
185 182 9 9
185 180 9 9
186 181 9 9
186 185 9 9
187 185 9 9
187 181 9 9
188 180 9 9
188 186 9 9
189 184 9 9
189 180 9 9
190 188 9 9
190 182 9 9
191 189 9 9
191 180 9 9
192 188 9 9
192 190 9 9
193 188 9 9
193 190 9 9
194 181 9 9
194 190 9 9
195 180 9 9
195 181 9 9
196 184 9 9
196 183 9 9
197 194 9 9
197 182 9 9
198 188 9 9
198 186 9 9
199 193 9 9
199 187 9 9
180 192 9 9
180 199 9 9
181 193 9 9
181 188 9 9
202 201 10 10
202 200 10 10
203 200 10 10
203 201 10 10
204 203 10 10
204 200 10 10
205 203 10 10
205 200 10 10
206 203 10 10
206 205 10 10
207 205 10 10
207 203 10 10
208 200 10 10
208 202 10 10
209 208 10 10
209 202 10 10
210 202 10 10
210 200 10 10
211 205 10 10
211 204 10 10
212 205 10 10
212 204 10 10
213 209 10 10
213 208 10 10
214 213 10 10
214 202 10 10
215 208 10 10
215 201 10 10
216 201 10 10
216 206 10 10
217 201 10 10
217 212 10 10
218 211 10 10
218 204 10 10
219 200 10 10
219 211 10 10
200 215 10 10
200 209 10 10
201 219 10 10
201 209 10 10
222 220 11 11
222 221 11 11
223 222 11 11
223 220 11 11
224 221 11 11
224 222 11 11
225 222 11 11
225 224 11 11
226 223 11 11
226 220 11 11
227 224 11 11
227 226 11 11
228 225 11 11
228 226 11 11
229 225 11 11
229 228 11 11
230 227 11 11
230 228 11 11
231 226 11 11
231 221 11 11
232 230 11 11
232 229 11 11
233 225 11 11
233 231 11 11
234 222 11 11
234 231 11 11
235 234 11 11
235 222 11 11
236 233 11 11
236 231 11 11
237 229 11 11
237 224 11 11
238 230 11 11
238 228 11 11
239 227 11 11
239 238 11 11
220 228 11 11
220 229 11 11
221 223 11 11
221 227 11 11
242 240 12 12
242 241 12 12
243 242 12 12
243 241 12 12
244 243 12 12
244 242 12 12
245 242 12 12
245 240 12 12
246 244 12 12
246 245 12 12
247 241 12 12
247 243 12 12
248 243 12 12
248 247 12 12
249 247 12 12
249 243 12 12
250 244 12 12
250 240 12 12
251 241 12 12
251 246 12 12
252 250 12 12
252 251 12 12
253 243 12 12
253 244 12 12
254 243 12 12
254 253 12 12
255 242 12 12
255 244 12 12
256 248 12 12
256 241 12 12
257 245 12 12
257 242 12 12
258 247 12 12
258 242 12 12
259 249 12 12
259 258 12 12
240 257 12 12
240 251 12 12
241 244 12 12
241 258 12 12
262 261 13 13
262 260 13 13
263 261 13 13
263 262 13 13
264 262 13 13
264 263 13 13
265 261 13 13
265 262 13 13
266 261 13 13
266 263 13 13
267 265 13 13
267 261 13 13
268 266 13 13
268 261 13 13
269 264 13 13
269 263 13 13
270 264 13 13
270 269 13 13
271 263 13 13
271 264 13 13
272 270 13 13
272 263 13 13
273 263 13 13
273 266 13 13
274 261 13 13
274 270 13 13
275 274 13 13
275 263 13 13
276 264 13 13
276 273 13 13
277 264 13 13
277 271 13 13
278 277 13 13
278 262 13 13
279 262 13 13
279 270 13 13
260 279 13 13
260 272 13 13
261 271 13 13
261 279 13 13
282 280 14 14
282 281 14 14
283 282 14 14
283 281 14 14
284 283 14 14
284 281 14 14
285 283 14 14
285 284 14 14
286 285 14 14
286 284 14 14
287 283 14 14
287 286 14 14
288 284 14 14
288 283 14 14
289 281 14 14
289 284 14 14
290 289 14 14
290 280 14 14
291 283 14 14
291 286 14 14
292 287 14 14
292 289 14 14
293 292 14 14
293 281 14 14
294 287 14 14
294 293 14 14
295 289 14 14
295 283 14 14
296 289 14 14
296 286 14 14
297 293 14 14
297 289 14 14
298 286 14 14
298 281 14 14
299 297 14 14
299 290 14 14
280 299 14 14
280 296 14 14
281 297 14 14
281 294 14 14
302 300 15 15
302 301 15 15
303 301 15 15
303 302 15 15
304 300 15 15
304 301 15 15
305 301 15 15
305 303 15 15
306 303 15 15
306 302 15 15
307 301 15 15
307 303 15 15
308 303 15 15
308 302 15 15
309 307 15 15
309 308 15 15
310 305 15 15
310 309 15 15
311 304 15 15
311 300 15 15
312 308 15 15
312 310 15 15
313 304 15 15
313 300 15 15
314 307 15 15
314 300 15 15
315 311 15 15
315 312 15 15
316 304 15 15
316 312 15 15
317 302 15 15
317 313 15 15
318 316 15 15
318 303 15 15
319 316 15 15
319 302 15 15
300 319 15 15
300 308 15 15
301 314 15 15
301 315 15 15
46 9 2 0
43 27 2 1
74 27 3 1
71 45 3 2
96 56 4 2
91 39 4 1
110 64 5 3
113 34 5 1
135 27 6 1
122 51 6 2
145 74 7 3
143 43 7 2
169 153 8 7
174 15 8 0
183 85 9 4
183 0 9 0
210 42 10 2
201 103 10 5
222 17 11 0
220 20 11 1
250 127 12 6
241 82 12 4
268 70 13 3
277 55 13 2
284 53 14 2
299 233 14 11
319 21 15 1
302 133 15 6
16 142 0 7
13 130 0 6
27 255 1 12
23 278 1 13
