swNum = 320
edgeNum = 672

0 0
1 0
2 0
3 0
4 0
5 0
6 0
7 0
8 0
9 0
10 0
11 0
12 0
13 0
14 0
15 0
16 0
17 0
18 0
19 0
20 1
21 1
22 1
23 1
24 1
25 1
26 1
27 1
28 1
29 1
30 1
31 1
32 1
33 1
34 1
35 1
36 1
37 1
38 1
39 1
40 2
41 2
42 2
43 2
44 2
45 2
46 2
47 2
48 2
49 2
50 2
51 2
52 2
53 2
54 2
55 2
56 2
57 2
58 2
59 2
60 3
61 3
62 3
63 3
64 3
65 3
66 3
67 3
68 3
69 3
70 3
71 3
72 3
73 3
74 3
75 3
76 3
77 3
78 3
79 3
80 4
81 4
82 4
83 4
84 4
85 4
86 4
87 4
88 4
89 4
90 4
91 4
92 4
93 4
94 4
95 4
96 4
97 4
98 4
99 4
100 5
101 5
102 5
103 5
104 5
105 5
106 5
107 5
108 5
109 5
110 5
111 5
112 5
113 5
114 5
115 5
116 5
117 5
118 5
119 5
120 6
121 6
122 6
123 6
124 6
125 6
126 6
127 6
128 6
129 6
130 6
131 6
132 6
133 6
134 6
135 6
136 6
137 6
138 6
139 6
140 7
141 7
142 7
143 7
144 7
145 7
146 7
147 7
148 7
149 7
150 7
151 7
152 7
153 7
154 7
155 7
156 7
157 7
158 7
159 7
160 8
161 8
162 8
163 8
164 8
165 8
166 8
167 8
168 8
169 8
170 8
171 8
172 8
173 8
174 8
175 8
176 8
177 8
178 8
179 8
180 9
181 9
182 9
183 9
184 9
185 9
186 9
187 9
188 9
189 9
190 9
191 9
192 9
193 9
194 9
195 9
196 9
197 9
198 9
199 9
200 10
201 10
202 10
203 10
204 10
205 10
206 10
207 10
208 10
209 10
210 10
211 10
212 10
213 10
214 10
215 10
216 10
217 10
218 10
219 10
220 11
221 11
222 11
223 11
224 11
225 11
226 11
227 11
228 11
229 11
230 11
231 11
232 11
233 11
234 11
235 11
236 11
237 11
238 11
239 11
240 12
241 12
242 12
243 12
244 12
245 12
246 12
247 12
248 12
249 12
250 12
251 12
252 12
253 12
254 12
255 12
256 12
257 12
258 12
259 12
260 13
261 13
262 13
263 13
264 13
265 13
266 13
267 13
268 13
269 13
270 13
271 13
272 13
273 13
274 13
275 13
276 13
277 13
278 13
279 13
280 14
281 14
282 14
283 14
284 14
285 14
286 14
287 14
288 14
289 14
290 14
291 14
292 14
293 14
294 14
295 14
296 14
297 14
298 14
299 14
300 15
301 15
302 15
303 15
304 15
305 15
306 15
307 15
308 15
309 15
310 15
311 15
312 15
313 15
314 15
315 15
316 15
317 15
318 15
319 15

2 1 0 0
2 0 0 0
3 0 0 0
3 1 0 0
4 0 0 0
4 3 0 0
5 3 0 0
5 2 0 0
6 3 0 0
6 1 0 0
7 0 0 0
7 2 0 0
8 5 0 0
8 2 0 0
9 2 0 0
9 1 0 0
10 8 0 0
10 4 0 0
11 8 0 0
11 7 0 0
12 2 0 0
12 9 0 0
13 8 0 0
13 9 0 0
14 10 0 0
14 2 0 0
15 12 0 0
15 14 0 0
16 12 0 0
16 13 0 0
17 8 0 0
17 2 0 0
18 4 0 0
18 8 0 0
19 11 0 0
19 3 0 0
0 16 0 0
0 17 0 0
1 7 0 0
1 14 0 0
22 21 1 1
22 20 1 1
23 20 1 1
23 22 1 1
24 21 1 1
24 23 1 1
25 22 1 1
25 24 1 1
26 23 1 1
26 20 1 1
27 21 1 1
27 25 1 1
28 22 1 1
28 26 1 1
29 28 1 1
29 26 1 1
30 28 1 1
30 21 1 1
31 24 1 1
31 25 1 1
32 23 1 1
32 28 1 1
33 23 1 1
33 26 1 1
34 28 1 1
34 26 1 1
35 31 1 1
35 30 1 1
36 26 1 1
36 33 1 1
37 34 1 1
37 32 1 1
38 33 1 1
38 24 1 1
39 22 1 1
39 20 1 1
20 27 1 1
20 29 1 1
21 25 1 1
21 35 1 1
42 40 2 2
42 41 2 2
43 42 2 2
43 40 2 2
44 42 2 2
44 40 2 2
45 42 2 2
45 44 2 2
46 40 2 2
46 42 2 2
47 41 2 2
47 40 2 2
48 47 2 2
48 43 2 2
49 48 2 2
49 42 2 2
50 44 2 2
50 45 2 2
51 47 2 2
51 50 2 2
52 50 2 2
52 49 2 2
53 51 2 2
53 45 2 2
54 46 2 2
54 50 2 2
55 52 2 2
55 53 2 2
56 48 2 2
56 46 2 2
57 44 2 2
57 48 2 2
58 51 2 2
58 40 2 2
59 58 2 2
59 43 2 2
40 59 2 2
40 51 2 2
41 43 2 2
41 50 2 2
62 61 3 3
62 60 3 3
63 61 3 3
63 60 3 3
64 62 3 3
64 61 3 3
65 63 3 3
65 60 3 3
66 64 3 3
66 63 3 3
67 62 3 3
67 65 3 3
68 66 3 3
68 61 3 3
69 63 3 3
69 60 3 3
70 64 3 3
70 68 3 3
71 68 3 3
71 63 3 3
72 60 3 3
72 67 3 3
73 68 3 3
73 72 3 3
74 64 3 3
74 61 3 3
75 62 3 3
75 68 3 3
76 70 3 3
76 65 3 3
77 68 3 3
77 60 3 3
78 75 3 3
78 68 3 3
79 70 3 3
79 78 3 3
60 68 3 3
60 75 3 3
61 72 3 3
61 69 3 3
82 81 4 4
82 80 4 4
83 82 4 4
83 81 4 4
84 81 4 4
84 80 4 4
85 81 4 4
85 84 4 4
86 80 4 4
86 85 4 4
87 84 4 4
87 85 4 4
88 84 4 4
88 80 4 4
89 85 4 4
89 82 4 4
90 81 4 4
90 88 4 4
91 89 4 4
91 80 4 4
92 84 4 4
92 90 4 4
93 92 4 4
93 80 4 4
94 86 4 4
94 80 4 4
95 87 4 4
95 88 4 4
96 86 4 4
96 85 4 4
97 91 4 4
97 90 4 4
98 83 4 4
98 82 4 4
99 89 4 4
99 98 4 4
80 96 4 4
80 89 4 4
81 91 4 4
81 95 4 4
102 101 5 5
102 100 5 5
103 101 5 5
103 100 5 5
104 101 5 5
104 102 5 5
105 102 5 5
105 103 5 5
106 102 5 5
106 104 5 5
107 103 5 5
107 104 5 5
108 106 5 5
108 105 5 5
109 107 5 5
109 104 5 5
110 104 5 5
110 109 5 5
111 106 5 5
111 102 5 5
112 110 5 5
112 111 5 5
113 110 5 5
113 100 5 5
114 103 5 5
114 112 5 5
115 113 5 5
115 102 5 5
116 110 5 5
116 108 5 5
117 102 5 5
117 111 5 5
118 107 5 5
118 111 5 5
119 108 5 5
119 118 5 5
100 119 5 5
100 108 5 5
101 105 5 5
101 111 5 5
122 121 6 6
122 120 6 6
123 121 6 6
123 120 6 6
124 120 6 6
124 122 6 6
125 121 6 6
125 124 6 6
126 125 6 6
126 124 6 6
127 125 6 6
127 123 6 6
128 127 6 6
128 123 6 6
129 124 6 6
129 125 6 6
130 125 6 6
130 123 6 6
131 120 6 6
131 124 6 6
132 125 6 6
132 127 6 6
133 126 6 6
133 127 6 6
134 127 6 6
134 131 6 6
135 125 6 6
135 122 6 6
136 127 6 6
136 122 6 6
137 132 6 6
137 124 6 6
138 137 6 6
138 124 6 6
139 137 6 6
139 121 6 6
120 126 6 6
120 128 6 6
121 132 6 6
121 127 6 6
142 140 7 7
142 141 7 7
143 140 7 7
143 141 7 7
144 143 7 7
144 142 7 7
145 140 7 7
145 144 7 7
146 140 7 7
146 144 7 7
147 140 7 7
147 146 7 7
148 144 7 7
148 142 7 7
149 147 7 7
149 145 7 7
150 147 7 7
150 144 7 7
151 144 7 7
151 150 7 7
152 149 7 7
152 148 7 7
153 142 7 7
153 152 7 7
154 146 7 7
154 141 7 7
155 141 7 7
155 140 7 7
156 141 7 7
156 153 7 7
157 141 7 7
157 155 7 7
158 145 7 7
158 140 7 7
159 140 7 7
159 151 7 7
140 144 7 7
140 149 7 7
141 149 7 7
141 146 7 7
162 161 8 8
162 160 8 8
163 160 8 8
163 161 8 8
164 162 8 8
164 160 8 8
165 163 8 8
165 161 8 8
166 163 8 8
166 164 8 8
167 161 8 8
167 160 8 8
168 161 8 8
168 166 8 8
169 160 8 8
169 163 8 8
170 168 8 8
170 166 8 8
171 169 8 8
171 170 8 8
172 162 8 8
172 165 8 8
173 163 8 8
173 171 8 8
174 171 8 8
174 173 8 8
175 162 8 8
175 160 8 8
176 164 8 8
176 174 8 8
177 173 8 8
177 175 8 8
178 176 8 8
178 165 8 8
179 167 8 8
179 173 8 8
160 177 8 8
160 178 8 8
161 173 8 8
161 177 8 8
182 180 9 9
182 181 9 9
183 182 9 9
183 181 9 9
184 182 9 9
184 183 9 9
185 180 9 9
185 183 9 9
186 184 9 9
186 181 9 9
187 185 9 9
187 186 9 9
188 187 9 9
188 183 9 9
189 184 9 9
189 182 9 9
190 187 9 9
190 185 9 9
191 186 9 9
191 183 9 9
192 191 9 9
192 183 9 9
193 183 9 9
193 186 9 9
194 188 9 9
194 193 9 9
195 185 9 9
195 187 9 9
196 186 9 9
196 184 9 9
197 193 9 9
197 183 9 9
198 180 9 9
198 181 9 9
199 193 9 9
199 188 9 9
180 196 9 9
180 190 9 9
181 189 9 9
181 191 9 9
202 201 10 10
202 200 10 10
203 202 10 10
203 201 10 10
204 202 10 10
204 201 10 10
205 202 10 10
205 200 10 10
206 201 10 10
206 200 10 10
207 206 10 10
207 202 10 10
208 203 10 10
208 205 10 10
209 207 10 10
209 203 10 10
210 206 10 10
210 208 10 10
211 206 10 10
211 202 10 10
212 210 10 10
212 208 10 10
213 205 10 10
213 207 10 10
214 202 10 10
214 205 10 10
215 214 10 10
215 209 10 10
216 205 10 10
216 202 10 10
217 209 10 10
217 201 10 10
218 200 10 10
218 205 10 10
219 211 10 10
219 206 10 10
200 208 10 10
200 213 10 10
201 214 10 10
201 208 10 10
222 221 11 11
222 220 11 11
223 222 11 11
223 221 11 11
224 221 11 11
224 222 11 11
225 220 11 11
225 223 11 11
226 223 11 11
226 220 11 11
227 225 11 11
227 221 11 11
228 220 11 11
228 226 11 11
229 224 11 11
229 227 11 11
230 223 11 11
230 226 11 11
231 222 11 11
231 225 11 11
232 223 11 11
232 229 11 11
233 224 11 11
233 231 11 11
234 230 11 11
234 223 11 11
235 224 11 11
235 233 11 11
236 229 11 11
236 220 11 11
237 229 11 11
237 227 11 11
238 220 11 11
238 222 11 11
239 228 11 11
239 235 11 11
220 239 11 11
220 224 11 11
221 237 11 11
221 239 11 11
242 241 12 12
242 240 12 12
243 240 12 12
243 242 12 12
244 241 12 12
244 240 12 12
245 240 12 12
245 243 12 12
246 245 12 12
246 240 12 12
247 244 12 12
247 242 12 12
248 243 12 12
248 240 12 12
249 246 12 12
249 245 12 12
250 247 12 12
250 246 12 12
251 245 12 12
251 244 12 12
252 248 12 12
252 246 12 12
253 251 12 12
253 246 12 12
254 246 12 12
254 253 12 12
255 241 12 12
255 245 12 12
256 251 12 12
256 253 12 12
257 245 12 12
257 243 12 12
258 249 12 12
258 244 12 12
259 248 12 12
259 255 12 12
240 257 12 12
240 251 12 12
241 256 12 12
241 248 12 12
262 260 13 13
262 261 13 13
263 262 13 13
263 261 13 13
264 261 13 13
264 263 13 13
265 264 13 13
265 262 13 13
266 261 13 13
266 260 13 13
267 263 13 13
267 262 13 13
268 266 13 13
268 260 13 13
269 268 13 13
269 261 13 13
270 264 13 13
270 263 13 13
271 260 13 13
271 270 13 13
272 270 13 13
272 260 13 13
273 264 13 13
273 270 13 13
274 268 13 13
274 269 13 13
275 271 13 13
275 274 13 13
276 269 13 13
276 267 13 13
277 260 13 13
277 276 13 13
278 260 13 13
278 261 13 13
279 275 13 13
279 270 13 13
260 264 13 13
260 274 13 13
261 279 13 13
261 268 13 13
282 281 14 14
282 280 14 14
283 282 14 14
283 281 14 14
284 281 14 14
284 280 14 14
285 280 14 14
285 281 14 14
286 281 14 14
286 282 14 14
287 281 14 14
287 282 14 14
288 287 14 14
288 281 14 14
289 288 14 14
289 283 14 14
290 281 14 14
290 288 14 14
291 280 14 14
291 283 14 14
292 285 14 14
292 287 14 14
293 280 14 14
293 291 14 14
294 284 14 14
294 286 14 14
295 284 14 14
295 293 14 14
296 289 14 14
296 295 14 14
297 291 14 14
297 282 14 14
298 291 14 14
298 295 14 14
299 288 14 14
299 290 14 14
280 283 14 14
280 287 14 14
281 291 14 14
281 292 14 14
302 301 15 15
302 300 15 15
303 302 15 15
303 300 15 15
304 303 15 15
304 301 15 15
305 302 15 15
305 303 15 15
306 304 15 15
306 302 15 15
307 306 15 15
307 303 15 15
308 305 15 15
308 300 15 15
309 306 15 15
309 302 15 15
310 307 15 15
310 302 15 15
311 309 15 15
311 305 15 15
312 302 15 15
312 300 15 15
313 310 15 15
313 302 15 15
314 312 15 15
314 309 15 15
315 313 15 15
315 306 15 15
316 306 15 15
316 309 15 15
317 304 15 15
317 311 15 15
318 314 15 15
318 305 15 15
319 301 15 15
319 315 15 15
300 316 15 15
300 315 15 15
301 317 15 15
301 308 15 15
42 18 2 0
51 26 2 1
75 2 3 0
73 55 3 2
86 71 4 3
81 6 4 0
119 79 5 3
102 20 5 1
132 79 6 3
135 15 6 0
143 111 7 5
150 66 7 3
168 111 8 5
166 90 8 4
192 42 9 2
197 14 9 0
205 23 10 1
202 106 10 5
236 205 11 10
220 187 11 9
248 43 12 2
246 131 12 6
269 11 13 0
260 46 13 2
289 50 14 2
294 191 14 9
312 98 15 4
302 275 15 13
8 113 0 5
12 203 0 10
26 303 1 15
30 262 1 13
