swNum = 320
edgeNum = 672

0 0
1 0
2 0
3 0
4 0
5 0
6 0
7 0
8 0
9 0
10 0
11 0
12 0
13 0
14 0
15 0
16 0
17 0
18 0
19 0
20 1
21 1
22 1
23 1
24 1
25 1
26 1
27 1
28 1
29 1
30 1
31 1
32 1
33 1
34 1
35 1
36 1
37 1
38 1
39 1
40 2
41 2
42 2
43 2
44 2
45 2
46 2
47 2
48 2
49 2
50 2
51 2
52 2
53 2
54 2
55 2
56 2
57 2
58 2
59 2
60 3
61 3
62 3
63 3
64 3
65 3
66 3
67 3
68 3
69 3
70 3
71 3
72 3
73 3
74 3
75 3
76 3
77 3
78 3
79 3
80 4
81 4
82 4
83 4
84 4
85 4
86 4
87 4
88 4
89 4
90 4
91 4
92 4
93 4
94 4
95 4
96 4
97 4
98 4
99 4
100 5
101 5
102 5
103 5
104 5
105 5
106 5
107 5
108 5
109 5
110 5
111 5
112 5
113 5
114 5
115 5
116 5
117 5
118 5
119 5
120 6
121 6
122 6
123 6
124 6
125 6
126 6
127 6
128 6
129 6
130 6
131 6
132 6
133 6
134 6
135 6
136 6
137 6
138 6
139 6
140 7
141 7
142 7
143 7
144 7
145 7
146 7
147 7
148 7
149 7
150 7
151 7
152 7
153 7
154 7
155 7
156 7
157 7
158 7
159 7
160 8
161 8
162 8
163 8
164 8
165 8
166 8
167 8
168 8
169 8
170 8
171 8
172 8
173 8
174 8
175 8
176 8
177 8
178 8
179 8
180 9
181 9
182 9
183 9
184 9
185 9
186 9
187 9
188 9
189 9
190 9
191 9
192 9
193 9
194 9
195 9
196 9
197 9
198 9
199 9
200 10
201 10
202 10
203 10
204 10
205 10
206 10
207 10
208 10
209 10
210 10
211 10
212 10
213 10
214 10
215 10
216 10
217 10
218 10
219 10
220 11
221 11
222 11
223 11
224 11
225 11
226 11
227 11
228 11
229 11
230 11
231 11
232 11
233 11
234 11
235 11
236 11
237 11
238 11
239 11
240 12
241 12
242 12
243 12
244 12
245 12
246 12
247 12
248 12
249 12
250 12
251 12
252 12
253 12
254 12
255 12
256 12
257 12
258 12
259 12
260 13
261 13
262 13
263 13
264 13
265 13
266 13
267 13
268 13
269 13
270 13
271 13
272 13
273 13
274 13
275 13
276 13
277 13
278 13
279 13
280 14
281 14
282 14
283 14
284 14
285 14
286 14
287 14
288 14
289 14
290 14
291 14
292 14
293 14
294 14
295 14
296 14
297 14
298 14
299 14
300 15
301 15
302 15
303 15
304 15
305 15
306 15
307 15
308 15
309 15
310 15
311 15
312 15
313 15
314 15
315 15
316 15
317 15
318 15
319 15

2 1 0 0
2 0 0 0
3 0 0 0
3 1 0 0
4 1 0 0
4 3 0 0
5 1 0 0
5 3 0 0
6 1 0 0
6 4 0 0
7 2 0 0
7 0 0 0
8 0 0 0
8 6 0 0
9 2 0 0
9 8 0 0
10 9 0 0
10 8 0 0
11 1 0 0
11 5 0 0
12 10 0 0
12 11 0 0
13 6 0 0
13 8 0 0
14 1 0 0
14 7 0 0
15 8 0 0
15 0 0 0
16 5 0 0
16 13 0 0
17 13 0 0
17 1 0 0
18 11 0 0
18 17 0 0
19 2 0 0
19 17 0 0
0 10 0 0
0 13 0 0
1 12 0 0
1 8 0 0
22 20 1 1
22 21 1 1
23 20 1 1
23 21 1 1
24 23 1 1
24 20 1 1
25 22 1 1
25 24 1 1
26 25 1 1
26 20 1 1
27 25 1 1
27 20 1 1
28 25 1 1
28 20 1 1
29 26 1 1
29 20 1 1
30 20 1 1
30 29 1 1
31 28 1 1
31 27 1 1
32 28 1 1
32 26 1 1
33 25 1 1
33 20 1 1
34 29 1 1
34 24 1 1
35 25 1 1
35 30 1 1
36 22 1 1
36 20 1 1
37 22 1 1
37 33 1 1
38 36 1 1
38 22 1 1
39 37 1 1
39 30 1 1
20 25 1 1
20 39 1 1
21 38 1 1
21 39 1 1
42 40 2 2
42 41 2 2
43 40 2 2
43 42 2 2
44 43 2 2
44 41 2 2
45 43 2 2
45 42 2 2
46 41 2 2
46 42 2 2
47 40 2 2
47 42 2 2
48 46 2 2
48 45 2 2
49 40 2 2
49 45 2 2
50 42 2 2
50 45 2 2
51 50 2 2
51 41 2 2
52 48 2 2
52 45 2 2
53 45 2 2
53 42 2 2
54 51 2 2
54 53 2 2
55 49 2 2
55 51 2 2
56 49 2 2
56 51 2 2
57 54 2 2
57 42 2 2
58 41 2 2
58 43 2 2
59 49 2 2
59 42 2 2
40 59 2 2
40 54 2 2
41 54 2 2
41 50 2 2
62 60 3 3
62 61 3 3
63 60 3 3
63 62 3 3
64 60 3 3
64 62 3 3
65 64 3 3
65 63 3 3
66 61 3 3
66 62 3 3
67 65 3 3
67 63 3 3
68 67 3 3
68 62 3 3
69 67 3 3
69 60 3 3
70 60 3 3
70 66 3 3
71 64 3 3
71 68 3 3
72 71 3 3
72 69 3 3
73 66 3 3
73 70 3 3
74 72 3 3
74 71 3 3
75 60 3 3
75 67 3 3
76 66 3 3
76 74 3 3
77 74 3 3
77 73 3 3
78 70 3 3
78 75 3 3
79 75 3 3
79 64 3 3
60 77 3 3
60 72 3 3
61 70 3 3
61 75 3 3
82 81 4 4
82 80 4 4
83 82 4 4
83 81 4 4
84 82 4 4
84 83 4 4
85 82 4 4
85 84 4 4
86 80 4 4
86 82 4 4
87 84 4 4
87 83 4 4
88 85 4 4
88 84 4 4
89 86 4 4
89 84 4 4
90 84 4 4
90 88 4 4
91 82 4 4
91 89 4 4
92 81 4 4
92 90 4 4
93 92 4 4
93 83 4 4
94 80 4 4
94 86 4 4
95 80 4 4
95 84 4 4
96 91 4 4
96 80 4 4
97 81 4 4
97 89 4 4
98 90 4 4
98 96 4 4
99 97 4 4
99 89 4 4
80 89 4 4
80 90 4 4
81 96 4 4
81 93 4 4
102 100 5 5
102 101 5 5
103 100 5 5
103 102 5 5
104 100 5 5
104 102 5 5
105 103 5 5
105 100 5 5
106 104 5 5
106 102 5 5
107 106 5 5
107 102 5 5
108 106 5 5
108 107 5 5
109 107 5 5
109 108 5 5
110 101 5 5
110 107 5 5
111 103 5 5
111 104 5 5
112 111 5 5
112 103 5 5
113 105 5 5
113 104 5 5
114 111 5 5
114 109 5 5
115 104 5 5
115 106 5 5
116 103 5 5
116 111 5 5
117 103 5 5
117 113 5 5
118 101 5 5
118 116 5 5
119 108 5 5
119 100 5 5
100 107 5 5
100 111 5 5
101 108 5 5
101 112 5 5
122 120 6 6
122 121 6 6
123 122 6 6
123 120 6 6
124 122 6 6
124 123 6 6
125 121 6 6
125 122 6 6
126 121 6 6
126 124 6 6
127 121 6 6
127 125 6 6
128 124 6 6
128 122 6 6
129 128 6 6
129 120 6 6
130 128 6 6
130 124 6 6
131 128 6 6
131 126 6 6
132 128 6 6
132 125 6 6
133 131 6 6
133 126 6 6
134 133 6 6
134 125 6 6
135 121 6 6
135 133 6 6
136 133 6 6
136 130 6 6
137 123 6 6
137 124 6 6
138 128 6 6
138 122 6 6
139 135 6 6
139 126 6 6
120 126 6 6
120 124 6 6
121 130 6 6
121 131 6 6
142 140 7 7
142 141 7 7
143 141 7 7
143 140 7 7
144 143 7 7
144 141 7 7
145 142 7 7
145 140 7 7
146 145 7 7
146 144 7 7
147 140 7 7
147 143 7 7
148 147 7 7
148 142 7 7
149 145 7 7
149 146 7 7
150 146 7 7
150 142 7 7
151 144 7 7
151 140 7 7
152 142 7 7
152 148 7 7
153 142 7 7
153 144 7 7
154 145 7 7
154 152 7 7
155 147 7 7
155 144 7 7
156 143 7 7
156 155 7 7
157 145 7 7
157 146 7 7
158 150 7 7
158 153 7 7
159 149 7 7
159 154 7 7
140 159 7 7
140 156 7 7
141 148 7 7
141 158 7 7
162 161 8 8
162 160 8 8
163 162 8 8
163 160 8 8
164 162 8 8
164 160 8 8
165 161 8 8
165 162 8 8
166 161 8 8
166 160 8 8
167 165 8 8
167 163 8 8
168 163 8 8
168 161 8 8
169 166 8 8
169 167 8 8
170 161 8 8
170 167 8 8
171 166 8 8
171 164 8 8
172 163 8 8
172 167 8 8
173 170 8 8
173 160 8 8
174 168 8 8
174 169 8 8
175 161 8 8
175 164 8 8
176 170 8 8
176 160 8 8
177 169 8 8
177 163 8 8
178 177 8 8
178 169 8 8
179 175 8 8
179 178 8 8
160 171 8 8
160 170 8 8
161 173 8 8
161 167 8 8
182 180 9 9
182 181 9 9
183 181 9 9
183 180 9 9
184 183 9 9
184 181 9 9
185 184 9 9
185 182 9 9
186 182 9 9
186 181 9 9
187 183 9 9
187 181 9 9
188 186 9 9
188 185 9 9
189 184 9 9
189 181 9 9
190 180 9 9
190 181 9 9
191 186 9 9
191 187 9 9
192 190 9 9
192 188 9 9
193 183 9 9
193 191 9 9
194 187 9 9
194 186 9 9
195 194 9 9
195 180 9 9
196 183 9 9
196 181 9 9
197 181 9 9
197 189 9 9
198 188 9 9
198 187 9 9
199 190 9 9
199 193 9 9
180 199 9 9
180 193 9 9
181 193 9 9
181 191 9 9
202 200 10 10
202 201 10 10
203 201 10 10
203 200 10 10
204 200 10 10
204 202 10 10
205 200 10 10
205 201 10 10
206 204 10 10
206 203 10 10
207 200 10 10
207 204 10 10
208 202 10 10
208 207 10 10
209 207 10 10
209 202 10 10
210 204 10 10
210 201 10 10
211 207 10 10
211 209 10 10
212 207 10 10
212 200 10 10
213 211 10 10
213 201 10 10
214 212 10 10
214 209 10 10
215 205 10 10
215 200 10 10
216 209 10 10
216 207 10 10
217 215 10 10
217 212 10 10
218 203 10 10
218 215 10 10
219 200 10 10
219 211 10 10
200 218 10 10
200 216 10 10
201 216 10 10
201 219 10 10
222 220 11 11
222 221 11 11
223 221 11 11
223 222 11 11
224 220 11 11
224 222 11 11
225 221 11 11
225 224 11 11
226 221 11 11
226 222 11 11
227 224 11 11
227 220 11 11
228 222 11 11
228 220 11 11
229 223 11 11
229 222 11 11
230 223 11 11
230 224 11 11
231 222 11 11
231 223 11 11
232 225 11 11
232 229 11 11
233 232 11 11
233 228 11 11
234 229 11 11
234 231 11 11
235 221 11 11
235 232 11 11
236 229 11 11
236 225 11 11
237 233 11 11
237 234 11 11
238 223 11 11
238 230 11 11
239 224 11 11
239 238 11 11
220 230 11 11
220 238 11 11
221 234 11 11
221 227 11 11
242 241 12 12
242 240 12 12
243 240 12 12
243 242 12 12
244 242 12 12
244 240 12 12
245 243 12 12
245 240 12 12
246 245 12 12
246 240 12 12
247 245 12 12
247 246 12 12
248 244 12 12
248 245 12 12
249 245 12 12
249 246 12 12
250 243 12 12
250 241 12 12
251 245 12 12
251 249 12 12
252 242 12 12
252 241 12 12
253 252 12 12
253 245 12 12
254 241 12 12
254 251 12 12
255 251 12 12
255 248 12 12
256 253 12 12
256 241 12 12
257 241 12 12
257 255 12 12
258 240 12 12
258 245 12 12
259 249 12 12
259 258 12 12
240 253 12 12
240 251 12 12
241 249 12 12
241 244 12 12
262 261 13 13
262 260 13 13
263 260 13 13
263 261 13 13
264 260 13 13
264 262 13 13
265 260 13 13
265 262 13 13
266 262 13 13
266 263 13 13
267 260 13 13
267 262 13 13
268 267 13 13
268 266 13 13
269 265 13 13
269 260 13 13
270 267 13 13
270 269 13 13
271 265 13 13
271 264 13 13
272 265 13 13
272 264 13 13
273 271 13 13
273 265 13 13
274 273 13 13
274 261 13 13
275 270 13 13
275 263 13 13
276 269 13 13
276 275 13 13
277 266 13 13
277 275 13 13
278 260 13 13
278 267 13 13
279 266 13 13
279 277 13 13
260 274 13 13
260 272 13 13
261 272 13 13
261 267 13 13
282 280 14 14
282 281 14 14
283 280 14 14
283 282 14 14
284 282 14 14
284 280 14 14
285 282 14 14
285 281 14 14
286 283 14 14
286 285 14 14
287 283 14 14
287 280 14 14
288 284 14 14
288 286 14 14
289 288 14 14
289 286 14 14
290 285 14 14
290 289 14 14
291 289 14 14
291 283 14 14
292 285 14 14
292 287 14 14
293 289 14 14
293 287 14 14
294 293 14 14
294 291 14 14
295 287 14 14
295 289 14 14
296 282 14 14
296 283 14 14
297 285 14 14
297 296 14 14
298 291 14 14
298 296 14 14
299 283 14 14
299 287 14 14
280 292 14 14
280 291 14 14
281 297 14 14
281 287 14 14
302 301 15 15
302 300 15 15
303 302 15 15
303 300 15 15
304 303 15 15
304 300 15 15
305 303 15 15
305 304 15 15
306 302 15 15
306 300 15 15
307 306 15 15
307 305 15 15
308 307 15 15
308 304 15 15
309 300 15 15
309 302 15 15
310 300 15 15
310 308 15 15
311 305 15 15
311 304 15 15
312 306 15 15
312 311 15 15
313 300 15 15
313 302 15 15
314 302 15 15
314 303 15 15
315 314 15 15
315 303 15 15
316 310 15 15
316 311 15 15
317 304 15 15
317 305 15 15
318 315 15 15
318 307 15 15
319 302 15 15
319 315 15 15
300 308 15 15
300 317 15 15
301 319 15 15
301 304 15 15
46 25 2 1
47 17 2 0
69 50 3 2
71 15 3 0
89 7 4 0
82 78 4 3
119 4 5 0
105 99 5 4
139 26 6 1
125 14 6 0
152 24 7 1
146 53 7 2
174 54 8 2
165 27 8 1
198 161 9 8
196 60 9 3
213 21 10 1
213 147 10 7
237 211 11 10
226 13 11 0
242 169 12 8
240 113 12 5
277 213 13 10
274 243 13 12
291 264 14 13
282 44 14 2
312 201 15 10
318 137 15 6
10 319 0 15
12 214 0 10
27 180 1 9
20 283 1 14
