swNum = 320
edgeNum = 672

0 0
1 0
2 0
3 0
4 0
5 0
6 0
7 0
8 0
9 0
10 0
11 0
12 0
13 0
14 0
15 0
16 0
17 0
18 0
19 0
20 1
21 1
22 1
23 1
24 1
25 1
26 1
27 1
28 1
29 1
30 1
31 1
32 1
33 1
34 1
35 1
36 1
37 1
38 1
39 1
40 2
41 2
42 2
43 2
44 2
45 2
46 2
47 2
48 2
49 2
50 2
51 2
52 2
53 2
54 2
55 2
56 2
57 2
58 2
59 2
60 3
61 3
62 3
63 3
64 3
65 3
66 3
67 3
68 3
69 3
70 3
71 3
72 3
73 3
74 3
75 3
76 3
77 3
78 3
79 3
80 4
81 4
82 4
83 4
84 4
85 4
86 4
87 4
88 4
89 4
90 4
91 4
92 4
93 4
94 4
95 4
96 4
97 4
98 4
99 4
100 5
101 5
102 5
103 5
104 5
105 5
106 5
107 5
108 5
109 5
110 5
111 5
112 5
113 5
114 5
115 5
116 5
117 5
118 5
119 5
120 6
121 6
122 6
123 6
124 6
125 6
126 6
127 6
128 6
129 6
130 6
131 6
132 6
133 6
134 6
135 6
136 6
137 6
138 6
139 6
140 7
141 7
142 7
143 7
144 7
145 7
146 7
147 7
148 7
149 7
150 7
151 7
152 7
153 7
154 7
155 7
156 7
157 7
158 7
159 7
160 8
161 8
162 8
163 8
164 8
165 8
166 8
167 8
168 8
169 8
170 8
171 8
172 8
173 8
174 8
175 8
176 8
177 8
178 8
179 8
180 9
181 9
182 9
183 9
184 9
185 9
186 9
187 9
188 9
189 9
190 9
191 9
192 9
193 9
194 9
195 9
196 9
197 9
198 9
199 9
200 10
201 10
202 10
203 10
204 10
205 10
206 10
207 10
208 10
209 10
210 10
211 10
212 10
213 10
214 10
215 10
216 10
217 10
218 10
219 10
220 11
221 11
222 11
223 11
224 11
225 11
226 11
227 11
228 11
229 11
230 11
231 11
232 11
233 11
234 11
235 11
236 11
237 11
238 11
239 11
240 12
241 12
242 12
243 12
244 12
245 12
246 12
247 12
248 12
249 12
250 12
251 12
252 12
253 12
254 12
255 12
256 12
257 12
258 12
259 12
260 13
261 13
262 13
263 13
264 13
265 13
266 13
267 13
268 13
269 13
270 13
271 13
272 13
273 13
274 13
275 13
276 13
277 13
278 13
279 13
280 14
281 14
282 14
283 14
284 14
285 14
286 14
287 14
288 14
289 14
290 14
291 14
292 14
293 14
294 14
295 14
296 14
297 14
298 14
299 14
300 15
301 15
302 15
303 15
304 15
305 15
306 15
307 15
308 15
309 15
310 15
311 15
312 15
313 15
314 15
315 15
316 15
317 15
318 15
319 15

2 0 0 0
2 1 0 0
3 0 0 0
3 1 0 0
4 0 0 0
4 3 0 0
5 2 0 0
5 1 0 0
6 3 0 0
6 4 0 0
7 4 0 0
7 0 0 0
8 3 0 0
8 7 0 0
9 1 0 0
9 8 0 0
10 2 0 0
10 5 0 0
11 5 0 0
11 4 0 0
12 6 0 0
12 3 0 0
13 8 0 0
13 4 0 0
14 13 0 0
14 2 0 0
15 9 0 0
15 11 0 0
16 15 0 0
16 5 0 0
17 0 0 0
17 1 0 0
18 1 0 0
18 9 0 0
19 0 0 0
19 8 0 0
0 11 0 0
0 18 0 0
1 15 0 0
1 16 0 0
22 20 1 1
22 21 1 1
23 22 1 1
23 21 1 1
24 22 1 1
24 20 1 1
25 24 1 1
25 23 1 1
26 21 1 1
26 25 1 1
27 23 1 1
27 22 1 1
28 27 1 1
28 22 1 1
29 27 1 1
29 22 1 1
30 21 1 1
30 28 1 1
31 24 1 1
31 27 1 1
32 31 1 1
32 20 1 1
33 29 1 1
33 26 1 1
34 32 1 1
34 30 1 1
35 23 1 1
35 21 1 1
36 25 1 1
36 27 1 1
37 32 1 1
37 28 1 1
38 23 1 1
38 24 1 1
39 29 1 1
39 24 1 1
20 30 1 1
20 31 1 1
21 27 1 1
21 36 1 1
42 40 2 2
42 41 2 2
43 41 2 2
43 42 2 2
44 43 2 2
44 41 2 2
45 44 2 2
45 43 2 2
46 42 2 2
46 43 2 2
47 42 2 2
47 40 2 2
48 42 2 2
48 45 2 2
49 48 2 2
49 40 2 2
50 40 2 2
50 47 2 2
51 44 2 2
51 43 2 2
52 45 2 2
52 49 2 2
53 44 2 2
53 47 2 2
54 52 2 2
54 45 2 2
55 47 2 2
55 44 2 2
56 50 2 2
56 48 2 2
57 45 2 2
57 49 2 2
58 52 2 2
58 43 2 2
59 56 2 2
59 47 2 2
40 53 2 2
40 59 2 2
41 47 2 2
41 56 2 2
62 60 3 3
62 61 3 3
63 61 3 3
63 60 3 3
64 61 3 3
64 63 3 3
65 62 3 3
65 61 3 3
66 63 3 3
66 62 3 3
67 62 3 3
67 61 3 3
68 63 3 3
68 67 3 3
69 60 3 3
69 63 3 3
70 65 3 3
70 60 3 3
71 63 3 3
71 60 3 3
72 61 3 3
72 67 3 3
73 63 3 3
73 65 3 3
74 73 3 3
74 67 3 3
75 62 3 3
75 63 3 3
76 63 3 3
76 64 3 3
77 74 3 3
77 76 3 3
78 69 3 3
78 65 3 3
79 67 3 3
79 72 3 3
60 75 3 3
60 68 3 3
61 74 3 3
61 73 3 3
82 80 4 4
82 81 4 4
83 81 4 4
83 80 4 4
84 83 4 4
84 81 4 4
85 81 4 4
85 83 4 4
86 80 4 4
86 83 4 4
87 81 4 4
87 86 4 4
88 80 4 4
88 82 4 4
89 86 4 4
89 87 4 4
90 82 4 4
90 88 4 4
91 88 4 4
91 87 4 4
92 84 4 4
92 91 4 4
93 80 4 4
93 87 4 4
94 81 4 4
94 88 4 4
95 88 4 4
95 90 4 4
96 90 4 4
96 89 4 4
97 83 4 4
97 84 4 4
98 83 4 4
98 95 4 4
99 83 4 4
99 84 4 4
80 96 4 4
80 98 4 4
81 99 4 4
81 89 4 4
102 100 5 5
102 101 5 5
103 102 5 5
103 100 5 5
104 101 5 5
104 103 5 5
105 103 5 5
105 101 5 5
106 103 5 5
106 104 5 5
107 102 5 5
107 103 5 5
108 105 5 5
108 101 5 5
109 104 5 5
109 100 5 5
110 103 5 5
110 107 5 5
111 110 5 5
111 108 5 5
112 107 5 5
112 106 5 5
113 107 5 5
113 103 5 5
114 108 5 5
114 109 5 5
115 109 5 5
115 114 5 5
116 113 5 5
116 101 5 5
117 104 5 5
117 111 5 5
118 113 5 5
118 115 5 5
119 113 5 5
119 115 5 5
100 108 5 5
100 105 5 5
101 119 5 5
101 113 5 5
122 120 6 6
122 121 6 6
123 122 6 6
123 120 6 6
124 122 6 6
124 120 6 6
125 124 6 6
125 120 6 6
126 123 6 6
126 120 6 6
127 124 6 6
127 120 6 6
128 123 6 6
128 122 6 6
129 128 6 6
129 123 6 6
130 125 6 6
130 120 6 6
131 125 6 6
131 130 6 6
132 128 6 6
132 129 6 6
133 125 6 6
133 130 6 6
134 120 6 6
134 133 6 6
135 131 6 6
135 124 6 6
136 120 6 6
136 132 6 6
137 132 6 6
137 134 6 6
138 133 6 6
138 136 6 6
139 123 6 6
139 128 6 6
120 129 6 6
120 128 6 6
121 135 6 6
121 136 6 6
142 140 7 7
142 141 7 7
143 140 7 7
143 142 7 7
144 141 7 7
144 143 7 7
145 141 7 7
145 142 7 7
146 145 7 7
146 142 7 7
147 140 7 7
147 143 7 7
148 147 7 7
148 140 7 7
149 144 7 7
149 141 7 7
150 146 7 7
150 145 7 7
151 143 7 7
151 145 7 7
152 150 7 7
152 142 7 7
153 140 7 7
153 148 7 7
154 150 7 7
154 146 7 7
155 153 7 7
155 149 7 7
156 148 7 7
156 155 7 7
157 145 7 7
157 143 7 7
158 150 7 7
158 143 7 7
159 158 7 7
159 146 7 7
140 149 7 7
140 156 7 7
141 153 7 7
141 159 7 7
162 160 8 8
162 161 8 8
163 160 8 8
163 161 8 8
164 163 8 8
164 160 8 8
165 160 8 8
165 161 8 8
166 160 8 8
166 163 8 8
167 161 8 8
167 163 8 8
168 161 8 8
168 164 8 8
169 168 8 8
169 164 8 8
170 168 8 8
170 169 8 8
171 161 8 8
171 165 8 8
172 166 8 8
172 160 8 8
173 163 8 8
173 171 8 8
174 163 8 8
174 168 8 8
175 167 8 8
175 172 8 8
176 169 8 8
176 173 8 8
177 163 8 8
177 171 8 8
178 163 8 8
178 160 8 8
179 162 8 8
179 171 8 8
160 173 8 8
160 171 8 8
161 179 8 8
161 173 8 8
182 181 9 9
182 180 9 9
183 180 9 9
183 181 9 9
184 182 9 9
184 181 9 9
185 184 9 9
185 181 9 9
186 184 9 9
186 182 9 9
187 182 9 9
187 181 9 9
188 187 9 9
188 182 9 9
189 186 9 9
189 182 9 9
190 181 9 9
190 187 9 9
191 187 9 9
191 185 9 9
192 189 9 9
192 191 9 9
193 187 9 9
193 189 9 9
194 189 9 9
194 193 9 9
195 185 9 9
195 187 9 9
196 187 9 9
196 183 9 9
197 183 9 9
197 181 9 9
198 191 9 9
198 188 9 9
199 180 9 9
199 183 9 9
180 197 9 9
180 198 9 9
181 198 9 9
181 199 9 9
202 200 10 10
202 201 10 10
203 201 10 10
203 200 10 10
204 200 10 10
204 202 10 10
205 202 10 10
205 204 10 10
206 201 10 10
206 202 10 10
207 201 10 10
207 206 10 10
208 203 10 10
208 202 10 10
209 207 10 10
209 202 10 10
210 200 10 10
210 204 10 10
211 204 10 10
211 206 10 10
212 203 10 10
212 204 10 10
213 207 10 10
213 201 10 10
214 208 10 10
214 203 10 10
215 202 10 10
215 201 10 10
216 210 10 10
216 211 10 10
217 205 10 10
217 212 10 10
218 206 10 10
218 212 10 10
219 213 10 10
219 206 10 10
200 208 10 10
200 219 10 10
201 211 10 10
201 205 10 10
222 220 11 11
222 221 11 11
223 221 11 11
223 220 11 11
224 220 11 11
224 223 11 11
225 220 11 11
225 223 11 11
226 223 11 11
226 220 11 11
227 222 11 11
227 220 11 11
228 224 11 11
228 221 11 11
229 226 11 11
229 225 11 11
230 228 11 11
230 225 11 11
231 226 11 11
231 222 11 11
232 227 11 11
232 229 11 11
233 223 11 11
233 225 11 11
234 223 11 11
234 222 11 11
235 221 11 11
235 225 11 11
236 229 11 11
236 234 11 11
237 233 11 11
237 224 11 11
238 235 11 11
238 229 11 11
239 233 11 11
239 230 11 11
220 235 11 11
220 233 11 11
221 233 11 11
221 224 11 11
242 240 12 12
242 241 12 12
243 240 12 12
243 242 12 12
244 242 12 12
244 243 12 12
245 244 12 12
245 242 12 12
246 245 12 12
246 240 12 12
247 243 12 12
247 242 12 12
248 240 12 12
248 243 12 12
249 246 12 12
249 242 12 12
250 246 12 12
250 240 12 12
251 250 12 12
251 242 12 12
252 246 12 12
252 245 12 12
253 248 12 12
253 246 12 12
254 250 12 12
254 240 12 12
255 247 12 12
255 243 12 12
256 255 12 12
256 246 12 12
257 246 12 12
257 240 12 12
258 250 12 12
258 247 12 12
259 252 12 12
259 247 12 12
240 258 12 12
240 252 12 12
241 257 12 12
241 251 12 12
262 261 13 13
262 260 13 13
263 261 13 13
263 260 13 13
264 262 13 13
264 260 13 13
265 264 13 13
265 261 13 13
266 261 13 13
266 260 13 13
267 261 13 13
267 260 13 13
268 261 13 13
268 260 13 13
269 268 13 13
269 262 13 13
270 269 13 13
270 267 13 13
271 270 13 13
271 262 13 13
272 262 13 13
272 263 13 13
273 264 13 13
273 260 13 13
274 272 13 13
274 267 13 13
275 260 13 13
275 273 13 13
276 267 13 13
276 265 13 13
277 271 13 13
277 267 13 13
278 266 13 13
278 262 13 13
279 269 13 13
279 271 13 13
260 279 13 13
260 265 13 13
261 269 13 13
261 264 13 13
282 280 14 14
282 281 14 14
283 282 14 14
283 281 14 14
284 283 14 14
284 282 14 14
285 280 14 14
285 281 14 14
286 282 14 14
286 284 14 14
287 280 14 14
287 282 14 14
288 281 14 14
288 282 14 14
289 283 14 14
289 280 14 14
290 288 14 14
290 286 14 14
291 285 14 14
291 287 14 14
292 289 14 14
292 283 14 14
293 280 14 14
293 283 14 14
294 290 14 14
294 293 14 14
295 289 14 14
295 280 14 14
296 287 14 14
296 295 14 14
297 284 14 14
297 296 14 14
298 293 14 14
298 280 14 14
299 282 14 14
299 285 14 14
280 294 14 14
280 296 14 14
281 299 14 14
281 292 14 14
302 301 15 15
302 300 15 15
303 301 15 15
303 302 15 15
304 302 15 15
304 301 15 15
305 303 15 15
305 301 15 15
306 305 15 15
306 303 15 15
307 304 15 15
307 300 15 15
308 302 15 15
308 301 15 15
309 306 15 15
309 305 15 15
310 302 15 15
310 305 15 15
311 308 15 15
311 307 15 15
312 306 15 15
312 302 15 15
313 306 15 15
313 300 15 15
314 303 15 15
314 305 15 15
315 312 15 15
315 306 15 15
316 305 15 15
316 314 15 15
317 308 15 15
317 316 15 15
318 303 15 15
318 306 15 15
319 312 15 15
319 313 15 15
300 310 15 15
300 306 15 15
301 317 15 15
301 315 15 15
40 6 2 0
42 37 2 1
65 5 3 0
72 44 3 2
80 31 4 1
84 54 4 2
109 67 5 3
102 97 5 4
120 2 6 0
124 96 6 4
152 4 7 0
157 136 7 6
163 146 8 7
166 8 8 0
183 120 9 6
181 47 9 2
217 48 10 2
201 194 10 9
234 169 11 8
230 187 11 9
259 188 12 9
255 90 12 4
271 94 13 4
262 111 13 5
299 59 14 2
297 29 14 1
312 104 15 5
312 136 15 6
1 88 0 4
3 243 0 12
22 133 1 6
33 200 1 10
