swNum = 320
edgeNum = 672

0 0
1 0
2 0
3 0
4 0
5 0
6 0
7 0
8 0
9 0
10 0
11 0
12 0
13 0
14 0
15 0
16 0
17 0
18 0
19 0
20 1
21 1
22 1
23 1
24 1
25 1
26 1
27 1
28 1
29 1
30 1
31 1
32 1
33 1
34 1
35 1
36 1
37 1
38 1
39 1
40 2
41 2
42 2
43 2
44 2
45 2
46 2
47 2
48 2
49 2
50 2
51 2
52 2
53 2
54 2
55 2
56 2
57 2
58 2
59 2
60 3
61 3
62 3
63 3
64 3
65 3
66 3
67 3
68 3
69 3
70 3
71 3
72 3
73 3
74 3
75 3
76 3
77 3
78 3
79 3
80 4
81 4
82 4
83 4
84 4
85 4
86 4
87 4
88 4
89 4
90 4
91 4
92 4
93 4
94 4
95 4
96 4
97 4
98 4
99 4
100 5
101 5
102 5
103 5
104 5
105 5
106 5
107 5
108 5
109 5
110 5
111 5
112 5
113 5
114 5
115 5
116 5
117 5
118 5
119 5
120 6
121 6
122 6
123 6
124 6
125 6
126 6
127 6
128 6
129 6
130 6
131 6
132 6
133 6
134 6
135 6
136 6
137 6
138 6
139 6
140 7
141 7
142 7
143 7
144 7
145 7
146 7
147 7
148 7
149 7
150 7
151 7
152 7
153 7
154 7
155 7
156 7
157 7
158 7
159 7
160 8
161 8
162 8
163 8
164 8
165 8
166 8
167 8
168 8
169 8
170 8
171 8
172 8
173 8
174 8
175 8
176 8
177 8
178 8
179 8
180 9
181 9
182 9
183 9
184 9
185 9
186 9
187 9
188 9
189 9
190 9
191 9
192 9
193 9
194 9
195 9
196 9
197 9
198 9
199 9
200 10
201 10
202 10
203 10
204 10
205 10
206 10
207 10
208 10
209 10
210 10
211 10
212 10
213 10
214 10
215 10
216 10
217 10
218 10
219 10
220 11
221 11
222 11
223 11
224 11
225 11
226 11
227 11
228 11
229 11
230 11
231 11
232 11
233 11
234 11
235 11
236 11
237 11
238 11
239 11
240 12
241 12
242 12
243 12
244 12
245 12
246 12
247 12
248 12
249 12
250 12
251 12
252 12
253 12
254 12
255 12
256 12
257 12
258 12
259 12
260 13
261 13
262 13
263 13
264 13
265 13
266 13
267 13
268 13
269 13
270 13
271 13
272 13
273 13
274 13
275 13
276 13
277 13
278 13
279 13
280 14
281 14
282 14
283 14
284 14
285 14
286 14
287 14
288 14
289 14
290 14
291 14
292 14
293 14
294 14
295 14
296 14
297 14
298 14
299 14
300 15
301 15
302 15
303 15
304 15
305 15
306 15
307 15
308 15
309 15
310 15
311 15
312 15
313 15
314 15
315 15
316 15
317 15
318 15
319 15

2 0 0 0
2 1 0 0
3 1 0 0
3 2 0 0
4 0 0 0
4 3 0 0
5 1 0 0
5 3 0 0
6 2 0 0
6 3 0 0
7 0 0 0
7 3 0 0
8 7 0 0
8 4 0 0
9 1 0 0
9 8 0 0
10 4 0 0
10 0 0 0
11 3 0 0
11 5 0 0
12 1 0 0
12 4 0 0
13 12 0 0
13 4 0 0
14 3 0 0
14 4 0 0
15 6 0 0
15 4 0 0
16 1 0 0
16 13 0 0
17 4 0 0
17 6 0 0
18 7 0 0
18 1 0 0
19 3 0 0
19 7 0 0
0 13 0 0
0 16 0 0
1 7 0 0
1 14 0 0
22 21 1 1
22 20 1 1
23 20 1 1
23 21 1 1
24 20 1 1
24 23 1 1
25 21 1 1
25 20 1 1
26 25 1 1
26 24 1 1
27 22 1 1
27 23 1 1
28 22 1 1
28 23 1 1
29 27 1 1
29 25 1 1
30 26 1 1
30 28 1 1
31 27 1 1
31 20 1 1
32 26 1 1
32 20 1 1
33 27 1 1
33 32 1 1
34 32 1 1
34 31 1 1
35 22 1 1
35 24 1 1
36 33 1 1
36 23 1 1
37 30 1 1
37 34 1 1
38 35 1 1
38 34 1 1
39 26 1 1
39 20 1 1
20 33 1 1
20 38 1 1
21 34 1 1
21 33 1 1
42 40 2 2
42 41 2 2
43 40 2 2
43 42 2 2
44 40 2 2
44 43 2 2
45 40 2 2
45 42 2 2
46 43 2 2
46 40 2 2
47 46 2 2
47 42 2 2
48 44 2 2
48 47 2 2
49 41 2 2
49 45 2 2
50 48 2 2
50 42 2 2
51 47 2 2
51 41 2 2
52 46 2 2
52 49 2 2
53 51 2 2
53 42 2 2
54 47 2 2
54 48 2 2
55 50 2 2
55 53 2 2
56 40 2 2
56 47 2 2
57 45 2 2
57 49 2 2
58 52 2 2
58 46 2 2
59 46 2 2
59 40 2 2
40 51 2 2
40 48 2 2
41 47 2 2
41 55 2 2
62 61 3 3
62 60 3 3
63 62 3 3
63 61 3 3
64 62 3 3
64 61 3 3
65 60 3 3
65 64 3 3
66 64 3 3
66 65 3 3
67 63 3 3
67 60 3 3
68 63 3 3
68 67 3 3
69 62 3 3
69 61 3 3
70 66 3 3
70 63 3 3
71 66 3 3
71 65 3 3
72 67 3 3
72 70 3 3
73 61 3 3
73 69 3 3
74 69 3 3
74 63 3 3
75 63 3 3
75 74 3 3
76 73 3 3
76 75 3 3
77 71 3 3
77 65 3 3
78 75 3 3
78 67 3 3
79 68 3 3
79 70 3 3
60 78 3 3
60 63 3 3
61 72 3 3
61 65 3 3
82 80 4 4
82 81 4 4
83 81 4 4
83 80 4 4
84 81 4 4
84 82 4 4
85 83 4 4
85 81 4 4
86 85 4 4
86 82 4 4
87 84 4 4
87 80 4 4
88 86 4 4
88 87 4 4
89 86 4 4
89 82 4 4
90 86 4 4
90 85 4 4
91 80 4 4
91 89 4 4
92 84 4 4
92 90 4 4
93 81 4 4
93 92 4 4
94 93 4 4
94 90 4 4
95 83 4 4
95 90 4 4
96 92 4 4
96 80 4 4
97 88 4 4
97 92 4 4
98 89 4 4
98 82 4 4
99 98 4 4
99 86 4 4
80 90 4 4
80 84 4 4
81 87 4 4
81 91 4 4
102 101 5 5
102 100 5 5
103 102 5 5
103 101 5 5
104 100 5 5
104 101 5 5
105 102 5 5
105 103 5 5
106 104 5 5
106 101 5 5
107 101 5 5
107 102 5 5
108 102 5 5
108 105 5 5
109 102 5 5
109 100 5 5
110 109 5 5
110 100 5 5
111 109 5 5
111 101 5 5
112 105 5 5
112 107 5 5
113 102 5 5
113 111 5 5
114 107 5 5
114 113 5 5
115 109 5 5
115 101 5 5
116 102 5 5
116 108 5 5
117 103 5 5
117 114 5 5
118 109 5 5
118 114 5 5
119 105 5 5
119 113 5 5
100 106 5 5
100 113 5 5
101 105 5 5
101 117 5 5
122 121 6 6
122 120 6 6
123 122 6 6
123 120 6 6
124 122 6 6
124 123 6 6
125 123 6 6
125 124 6 6
126 122 6 6
126 123 6 6
127 120 6 6
127 122 6 6
128 124 6 6
128 123 6 6
129 127 6 6
129 120 6 6
130 126 6 6
130 127 6 6
131 126 6 6
131 120 6 6
132 122 6 6
132 124 6 6
133 124 6 6
133 120 6 6
134 121 6 6
134 131 6 6
135 125 6 6
135 126 6 6
136 133 6 6
136 134 6 6
137 133 6 6
137 135 6 6
138 121 6 6
138 123 6 6
139 120 6 6
139 127 6 6
120 124 6 6
120 128 6 6
121 133 6 6
121 123 6 6
142 140 7 7
142 141 7 7
143 140 7 7
143 141 7 7
144 143 7 7
144 140 7 7
145 140 7 7
145 141 7 7
146 141 7 7
146 145 7 7
147 142 7 7
147 141 7 7
148 140 7 7
148 143 7 7
149 142 7 7
149 147 7 7
150 145 7 7
150 146 7 7
151 148 7 7
151 150 7 7
152 150 7 7
152 142 7 7
153 152 7 7
153 145 7 7
154 153 7 7
154 149 7 7
155 151 7 7
155 142 7 7
156 143 7 7
156 140 7 7
157 144 7 7
157 140 7 7
158 152 7 7
158 141 7 7
159 146 7 7
159 149 7 7
140 158 7 7
140 153 7 7
141 151 7 7
141 155 7 7
162 160 8 8
162 161 8 8
163 162 8 8
163 161 8 8
164 163 8 8
164 161 8 8
165 160 8 8
165 162 8 8
166 164 8 8
166 161 8 8
167 160 8 8
167 163 8 8
168 161 8 8
168 166 8 8
169 161 8 8
169 165 8 8
170 167 8 8
170 162 8 8
171 164 8 8
171 170 8 8
172 167 8 8
172 162 8 8
173 172 8 8
173 170 8 8
174 161 8 8
174 168 8 8
175 162 8 8
175 171 8 8
176 168 8 8
176 162 8 8
177 161 8 8
177 172 8 8
178 168 8 8
178 163 8 8
179 178 8 8
179 167 8 8
160 179 8 8
160 163 8 8
161 167 8 8
161 176 8 8
182 180 9 9
182 181 9 9
183 180 9 9
183 181 9 9
184 182 9 9
184 180 9 9
185 184 9 9
185 180 9 9
186 181 9 9
186 184 9 9
187 183 9 9
187 184 9 9
188 181 9 9
188 183 9 9
189 186 9 9
189 180 9 9
190 184 9 9
190 185 9 9
191 189 9 9
191 182 9 9
192 188 9 9
192 190 9 9
193 180 9 9
193 189 9 9
194 193 9 9
194 182 9 9
195 180 9 9
195 188 9 9
196 180 9 9
196 185 9 9
197 184 9 9
197 195 9 9
198 197 9 9
198 191 9 9
199 198 9 9
199 185 9 9
180 190 9 9
180 186 9 9
181 194 9 9
181 189 9 9
202 200 10 10
202 201 10 10
203 200 10 10
203 202 10 10
204 201 10 10
204 202 10 10
205 204 10 10
205 203 10 10
206 200 10 10
206 202 10 10
207 202 10 10
207 201 10 10
208 200 10 10
208 203 10 10
209 204 10 10
209 206 10 10
210 201 10 10
210 207 10 10
211 202 10 10
211 208 10 10
212 207 10 10
212 201 10 10
213 212 10 10
213 206 10 10
214 213 10 10
214 202 10 10
215 200 10 10
215 207 10 10
216 201 10 10
216 214 10 10
217 210 10 10
217 211 10 10
218 203 10 10
218 200 10 10
219 208 10 10
219 201 10 10
200 207 10 10
200 217 10 10
201 209 10 10
201 213 10 10
222 220 11 11
222 221 11 11
223 222 11 11
223 220 11 11
224 222 11 11
224 221 11 11
225 222 11 11
225 224 11 11
226 221 11 11
226 223 11 11
227 220 11 11
227 221 11 11
228 224 11 11
228 227 11 11
229 225 11 11
229 221 11 11
230 227 11 11
230 226 11 11
231 224 11 11
231 225 11 11
232 225 11 11
232 222 11 11
233 221 11 11
233 228 11 11
234 231 11 11
234 228 11 11
235 229 11 11
235 224 11 11
236 230 11 11
236 232 11 11
237 235 11 11
237 228 11 11
238 232 11 11
238 220 11 11
239 227 11 11
239 237 11 11
220 230 11 11
220 236 11 11
221 234 11 11
221 232 11 11
242 241 12 12
242 240 12 12
243 242 12 12
243 241 12 12
244 241 12 12
244 243 12 12
245 241 12 12
245 244 12 12
246 243 12 12
246 242 12 12
247 245 12 12
247 242 12 12
248 241 12 12
248 247 12 12
249 245 12 12
249 241 12 12
250 240 12 12
250 246 12 12
251 247 12 12
251 245 12 12
252 241 12 12
252 244 12 12
253 245 12 12
253 242 12 12
254 247 12 12
254 246 12 12
255 244 12 12
255 250 12 12
256 249 12 12
256 243 12 12
257 241 12 12
257 244 12 12
258 245 12 12
258 248 12 12
259 247 12 12
259 253 12 12
240 254 12 12
240 259 12 12
241 256 12 12
241 253 12 12
262 260 13 13
262 261 13 13
263 261 13 13
263 260 13 13
264 261 13 13
264 263 13 13
265 262 13 13
265 263 13 13
266 265 13 13
266 262 13 13
267 262 13 13
267 263 13 13
268 260 13 13
268 262 13 13
269 264 13 13
269 260 13 13
270 267 13 13
270 263 13 13
271 270 13 13
271 261 13 13
272 260 13 13
272 270 13 13
273 266 13 13
273 271 13 13
274 264 13 13
274 263 13 13
275 268 13 13
275 260 13 13
276 272 13 13
276 262 13 13
277 272 13 13
277 267 13 13
278 263 13 13
278 269 13 13
279 260 13 13
279 262 13 13
260 270 13 13
260 265 13 13
261 268 13 13
261 277 13 13
282 281 14 14
282 280 14 14
283 280 14 14
283 281 14 14
284 283 14 14
284 281 14 14
285 282 14 14
285 280 14 14
286 285 14 14
286 283 14 14
287 284 14 14
287 280 14 14
288 287 14 14
288 286 14 14
289 280 14 14
289 281 14 14
290 289 14 14
290 287 14 14
291 280 14 14
291 281 14 14
292 291 14 14
292 289 14 14
293 280 14 14
293 283 14 14
294 290 14 14
294 287 14 14
295 292 14 14
295 291 14 14
296 281 14 14
296 282 14 14
297 287 14 14
297 289 14 14
298 292 14 14
298 284 14 14
299 285 14 14
299 298 14 14
280 296 14 14
280 292 14 14
281 285 14 14
281 299 14 14
302 300 15 15
302 301 15 15
303 302 15 15
303 301 15 15
304 301 15 15
304 300 15 15
305 300 15 15
305 303 15 15
306 303 15 15
306 305 15 15
307 304 15 15
307 301 15 15
308 303 15 15
308 305 15 15
309 303 15 15
309 300 15 15
310 302 15 15
310 307 15 15
311 307 15 15
311 300 15 15
312 304 15 15
312 309 15 15
313 306 15 15
313 303 15 15
314 308 15 15
314 306 15 15
315 305 15 15
315 307 15 15
316 304 15 15
316 303 15 15
317 302 15 15
317 300 15 15
318 306 15 15
318 315 15 15
319 311 15 15
319 315 15 15
300 308 15 15
300 310 15 15
301 315 15 15
301 314 15 15
59 33 2 1
41 17 2 0
66 32 3 1
73 50 3 2
90 20 4 1
89 7 4 0
105 59 5 2
118 75 5 3
130 40 6 2
137 14 6 0
155 19 7 0
158 126 7 6
171 4 8 0
167 33 8 1
195 89 9 4
185 120 9 6
213 32 10 1
204 121 10 6
223 17 11 0
225 125 11 6
251 131 12 6
254 30 12 1
262 193 13 9
277 53 13 2
296 55 14 2
297 123 14 6
316 98 15 4
302 121 15 6
7 255 0 12
2 287 0 14
39 130 1 6
22 265 1 13
