swNum = 320
edgeNum = 672

0 0
1 0
2 0
3 0
4 0
5 0
6 0
7 0
8 0
9 0
10 0
11 0
12 0
13 0
14 0
15 0
16 0
17 0
18 0
19 0
20 1
21 1
22 1
23 1
24 1
25 1
26 1
27 1
28 1
29 1
30 1
31 1
32 1
33 1
34 1
35 1
36 1
37 1
38 1
39 1
40 2
41 2
42 2
43 2
44 2
45 2
46 2
47 2
48 2
49 2
50 2
51 2
52 2
53 2
54 2
55 2
56 2
57 2
58 2
59 2
60 3
61 3
62 3
63 3
64 3
65 3
66 3
67 3
68 3
69 3
70 3
71 3
72 3
73 3
74 3
75 3
76 3
77 3
78 3
79 3
80 4
81 4
82 4
83 4
84 4
85 4
86 4
87 4
88 4
89 4
90 4
91 4
92 4
93 4
94 4
95 4
96 4
97 4
98 4
99 4
100 5
101 5
102 5
103 5
104 5
105 5
106 5
107 5
108 5
109 5
110 5
111 5
112 5
113 5
114 5
115 5
116 5
117 5
118 5
119 5
120 6
121 6
122 6
123 6
124 6
125 6
126 6
127 6
128 6
129 6
130 6
131 6
132 6
133 6
134 6
135 6
136 6
137 6
138 6
139 6
140 7
141 7
142 7
143 7
144 7
145 7
146 7
147 7
148 7
149 7
150 7
151 7
152 7
153 7
154 7
155 7
156 7
157 7
158 7
159 7
160 8
161 8
162 8
163 8
164 8
165 8
166 8
167 8
168 8
169 8
170 8
171 8
172 8
173 8
174 8
175 8
176 8
177 8
178 8
179 8
180 9
181 9
182 9
183 9
184 9
185 9
186 9
187 9
188 9
189 9
190 9
191 9
192 9
193 9
194 9
195 9
196 9
197 9
198 9
199 9
200 10
201 10
202 10
203 10
204 10
205 10
206 10
207 10
208 10
209 10
210 10
211 10
212 10
213 10
214 10
215 10
216 10
217 10
218 10
219 10
220 11
221 11
222 11
223 11
224 11
225 11
226 11
227 11
228 11
229 11
230 11
231 11
232 11
233 11
234 11
235 11
236 11
237 11
238 11
239 11
240 12
241 12
242 12
243 12
244 12
245 12
246 12
247 12
248 12
249 12
250 12
251 12
252 12
253 12
254 12
255 12
256 12
257 12
258 12
259 12
260 13
261 13
262 13
263 13
264 13
265 13
266 13
267 13
268 13
269 13
270 13
271 13
272 13
273 13
274 13
275 13
276 13
277 13
278 13
279 13
280 14
281 14
282 14
283 14
284 14
285 14
286 14
287 14
288 14
289 14
290 14
291 14
292 14
293 14
294 14
295 14
296 14
297 14
298 14
299 14
300 15
301 15
302 15
303 15
304 15
305 15
306 15
307 15
308 15
309 15
310 15
311 15
312 15
313 15
314 15
315 15
316 15
317 15
318 15
319 15

2 1 0 0
2 0 0 0
3 2 0 0
3 1 0 0
4 3 0 0
4 2 0 0
5 3 0 0
5 1 0 0
6 4 0 0
6 2 0 0
7 1 0 0
7 5 0 0
8 2 0 0
8 3 0 0
9 0 0 0
9 2 0 0
10 4 0 0
10 5 0 0
11 4 0 0
11 9 0 0
12 3 0 0
12 8 0 0
13 6 0 0
13 11 0 0
14 1 0 0
14 0 0 0
15 2 0 0
15 10 0 0
16 10 0 0
16 7 0 0
17 11 0 0
17 9 0 0
18 15 0 0
18 12 0 0
19 6 0 0
19 8 0 0
0 10 0 0
0 17 0 0
1 16 0 0
1 18 0 0
22 21 1 1
22 20 1 1
23 21 1 1
23 20 1 1
24 21 1 1
24 20 1 1
25 22 1 1
25 21 1 1
26 25 1 1
26 22 1 1
27 25 1 1
27 24 1 1
28 21 1 1
28 25 1 1
29 28 1 1
29 25 1 1
30 21 1 1
30 23 1 1
31 25 1 1
31 24 1 1
32 25 1 1
32 27 1 1
33 30 1 1
33 22 1 1
34 21 1 1
34 30 1 1
35 23 1 1
35 20 1 1
36 35 1 1
36 21 1 1
37 35 1 1
37 22 1 1
38 28 1 1
38 23 1 1
39 31 1 1
39 38 1 1
20 33 1 1
20 37 1 1
21 29 1 1
21 31 1 1
42 41 2 2
42 40 2 2
43 42 2 2
43 41 2 2
44 40 2 2
44 42 2 2
45 40 2 2
45 43 2 2
46 40 2 2
46 45 2 2
47 43 2 2
47 46 2 2
48 46 2 2
48 43 2 2
49 46 2 2
49 42 2 2
50 46 2 2
50 45 2 2
51 43 2 2
51 42 2 2
52 41 2 2
52 51 2 2
53 42 2 2
53 41 2 2
54 41 2 2
54 49 2 2
55 40 2 2
55 53 2 2
56 48 2 2
56 47 2 2
57 45 2 2
57 53 2 2
58 40 2 2
58 54 2 2
59 41 2 2
59 50 2 2
40 49 2 2
40 48 2 2
41 51 2 2
41 55 2 2
62 60 3 3
62 61 3 3
63 61 3 3
63 60 3 3
64 62 3 3
64 60 3 3
65 63 3 3
65 60 3 3
66 60 3 3
66 63 3 3
67 60 3 3
67 66 3 3
68 60 3 3
68 64 3 3
69 61 3 3
69 66 3 3
70 61 3 3
70 64 3 3
71 69 3 3
71 66 3 3
72 64 3 3
72 71 3 3
73 64 3 3
73 71 3 3
74 70 3 3
74 72 3 3
75 72 3 3
75 61 3 3
76 62 3 3
76 69 3 3
77 65 3 3
77 61 3 3
78 70 3 3
78 61 3 3
79 62 3 3
79 68 3 3
60 75 3 3
60 79 3 3
61 72 3 3
61 74 3 3
82 81 4 4
82 80 4 4
83 81 4 4
83 82 4 4
84 80 4 4
84 82 4 4
85 82 4 4
85 81 4 4
86 81 4 4
86 85 4 4
87 83 4 4
87 85 4 4
88 80 4 4
88 84 4 4
89 84 4 4
89 81 4 4
90 88 4 4
90 86 4 4
91 85 4 4
91 86 4 4
92 85 4 4
92 84 4 4
93 82 4 4
93 83 4 4
94 84 4 4
94 87 4 4
95 88 4 4
95 92 4 4
96 88 4 4
96 91 4 4
97 93 4 4
97 84 4 4
98 83 4 4
98 82 4 4
99 87 4 4
99 83 4 4
80 95 4 4
80 98 4 4
81 92 4 4
81 91 4 4
102 100 5 5
102 101 5 5
103 100 5 5
103 101 5 5
104 101 5 5
104 100 5 5
105 103 5 5
105 100 5 5
106 105 5 5
106 101 5 5
107 100 5 5
107 104 5 5
108 101 5 5
108 106 5 5
109 104 5 5
109 108 5 5
110 104 5 5
110 102 5 5
111 107 5 5
111 109 5 5
112 109 5 5
112 103 5 5
113 102 5 5
113 101 5 5
114 106 5 5
114 107 5 5
115 110 5 5
115 104 5 5
116 107 5 5
116 111 5 5
117 105 5 5
117 112 5 5
118 105 5 5
118 109 5 5
119 104 5 5
119 116 5 5
100 114 5 5
100 118 5 5
101 111 5 5
101 112 5 5
122 121 6 6
122 120 6 6
123 122 6 6
123 120 6 6
124 123 6 6
124 122 6 6
125 124 6 6
125 122 6 6
126 120 6 6
126 123 6 6
127 123 6 6
127 126 6 6
128 123 6 6
128 127 6 6
129 121 6 6
129 126 6 6
130 121 6 6
130 126 6 6
131 127 6 6
131 125 6 6
132 126 6 6
132 130 6 6
133 125 6 6
133 129 6 6
134 127 6 6
134 130 6 6
135 129 6 6
135 133 6 6
136 131 6 6
136 133 6 6
137 131 6 6
137 120 6 6
138 122 6 6
138 133 6 6
139 131 6 6
139 126 6 6
120 128 6 6
120 133 6 6
121 133 6 6
121 138 6 6
142 141 7 7
142 140 7 7
143 142 7 7
143 141 7 7
144 141 7 7
144 140 7 7
145 141 7 7
145 140 7 7
146 140 7 7
146 142 7 7
147 141 7 7
147 142 7 7
148 141 7 7
148 145 7 7
149 141 7 7
149 146 7 7
150 146 7 7
150 140 7 7
151 148 7 7
151 149 7 7
152 147 7 7
152 142 7 7
153 150 7 7
153 148 7 7
154 144 7 7
154 148 7 7
155 154 7 7
155 143 7 7
156 146 7 7
156 142 7 7
157 153 7 7
157 148 7 7
158 140 7 7
158 152 7 7
159 148 7 7
159 141 7 7
140 152 7 7
140 157 7 7
141 151 7 7
141 156 7 7
162 161 8 8
162 160 8 8
163 162 8 8
163 160 8 8
164 162 8 8
164 160 8 8
165 161 8 8
165 160 8 8
166 164 8 8
166 161 8 8
167 165 8 8
167 161 8 8
168 165 8 8
168 166 8 8
169 163 8 8
169 168 8 8
170 164 8 8
170 160 8 8
171 160 8 8
171 165 8 8
172 166 8 8
172 160 8 8
173 163 8 8
173 166 8 8
174 170 8 8
174 169 8 8
175 167 8 8
175 164 8 8
176 171 8 8
176 163 8 8
177 163 8 8
177 174 8 8
178 163 8 8
178 161 8 8
179 173 8 8
179 172 8 8
160 166 8 8
160 177 8 8
161 168 8 8
161 170 8 8
182 181 9 9
182 180 9 9
183 180 9 9
183 182 9 9
184 180 9 9
184 183 9 9
185 183 9 9
185 180 9 9
186 183 9 9
186 181 9 9
187 186 9 9
187 184 9 9
188 187 9 9
188 186 9 9
189 188 9 9
189 185 9 9
190 181 9 9
190 188 9 9
191 183 9 9
191 186 9 9
192 191 9 9
192 190 9 9
193 184 9 9
193 183 9 9
194 186 9 9
194 192 9 9
195 185 9 9
195 189 9 9
196 188 9 9
196 181 9 9
197 196 9 9
197 180 9 9
198 190 9 9
198 195 9 9
199 182 9 9
199 193 9 9
180 191 9 9
180 195 9 9
181 192 9 9
181 187 9 9
202 200 10 10
202 201 10 10
203 201 10 10
203 202 10 10
204 202 10 10
204 201 10 10
205 203 10 10
205 202 10 10
206 201 10 10
206 203 10 10
207 203 10 10
207 200 10 10
208 204 10 10
208 200 10 10
209 206 10 10
209 208 10 10
210 200 10 10
210 201 10 10
211 210 10 10
211 205 10 10
212 202 10 10
212 208 10 10
213 211 10 10
213 210 10 10
214 212 10 10
214 211 10 10
215 207 10 10
215 214 10 10
216 214 10 10
216 210 10 10
217 214 10 10
217 201 10 10
218 217 10 10
218 214 10 10
219 205 10 10
219 207 10 10
200 211 10 10
200 214 10 10
201 211 10 10
201 209 10 10
222 220 11 11
222 221 11 11
223 222 11 11
223 221 11 11
224 222 11 11
224 220 11 11
225 220 11 11
225 221 11 11
226 222 11 11
226 223 11 11
227 224 11 11
227 226 11 11
228 226 11 11
228 222 11 11
229 225 11 11
229 228 11 11
230 222 11 11
230 223 11 11
231 228 11 11
231 221 11 11
232 222 11 11
232 225 11 11
233 225 11 11
233 231 11 11
234 230 11 11
234 220 11 11
235 229 11 11
235 232 11 11
236 228 11 11
236 231 11 11
237 235 11 11
237 223 11 11
238 225 11 11
238 237 11 11
239 233 11 11
239 234 11 11
220 229 11 11
220 239 11 11
221 239 11 11
221 238 11 11
242 240 12 12
242 241 12 12
243 242 12 12
243 240 12 12
244 243 12 12
244 240 12 12
245 242 12 12
245 243 12 12
246 242 12 12
246 244 12 12
247 243 12 12
247 244 12 12
248 242 12 12
248 245 12 12
249 244 12 12
249 241 12 12
250 242 12 12
250 247 12 12
251 241 12 12
251 250 12 12
252 246 12 12
252 242 12 12
253 242 12 12
253 248 12 12
254 240 12 12
254 248 12 12
255 248 12 12
255 250 12 12
256 252 12 12
256 243 12 12
257 254 12 12
257 247 12 12
258 240 12 12
258 246 12 12
259 258 12 12
259 242 12 12
240 250 12 12
240 255 12 12
241 243 12 12
241 246 12 12
262 260 13 13
262 261 13 13
263 260 13 13
263 262 13 13
264 263 13 13
264 260 13 13
265 264 13 13
265 263 13 13
266 262 13 13
266 264 13 13
267 265 13 13
267 262 13 13
268 260 13 13
268 261 13 13
269 264 13 13
269 263 13 13
270 269 13 13
270 261 13 13
271 269 13 13
271 260 13 13
272 269 13 13
272 261 13 13
273 266 13 13
273 272 13 13
274 262 13 13
274 270 13 13
275 268 13 13
275 271 13 13
276 274 13 13
276 264 13 13
277 275 13 13
277 271 13 13
278 260 13 13
278 263 13 13
279 267 13 13
279 266 13 13
260 275 13 13
260 267 13 13
261 276 13 13
261 277 13 13
282 280 14 14
282 281 14 14
283 280 14 14
283 282 14 14
284 280 14 14
284 283 14 14
285 281 14 14
285 280 14 14
286 282 14 14
286 283 14 14
287 280 14 14
287 281 14 14
288 287 14 14
288 286 14 14
289 280 14 14
289 281 14 14
290 282 14 14
290 284 14 14
291 280 14 14
291 285 14 14
292 288 14 14
292 281 14 14
293 280 14 14
293 281 14 14
294 291 14 14
294 280 14 14
295 288 14 14
295 287 14 14
296 294 14 14
296 290 14 14
297 280 14 14
297 293 14 14
298 285 14 14
298 287 14 14
299 298 14 14
299 285 14 14
280 286 14 14
280 288 14 14
281 297 14 14
281 288 14 14
302 300 15 15
302 301 15 15
303 302 15 15
303 300 15 15
304 300 15 15
304 301 15 15
305 300 15 15
305 301 15 15
306 304 15 15
306 305 15 15
307 306 15 15
307 303 15 15
308 304 15 15
308 301 15 15
309 305 15 15
309 301 15 15
310 300 15 15
310 302 15 15
311 305 15 15
311 301 15 15
312 307 15 15
312 305 15 15
313 306 15 15
313 311 15 15
314 309 15 15
314 303 15 15
315 312 15 15
315 303 15 15
316 312 15 15
316 313 15 15
317 311 15 15
317 304 15 15
318 304 15 15
318 306 15 15
319 312 15 15
319 316 15 15
300 307 15 15
300 316 15 15
301 307 15 15
301 316 15 15
59 30 2 1
44 8 2 0
65 55 3 2
79 14 3 0
84 1 4 0
94 74 4 3
110 47 5 2
100 64 5 3
136 34 6 1
139 40 6 2
151 71 7 3
153 106 7 5
161 141 8 7
167 34 8 1
182 106 9 5
187 46 9 2
216 102 10 5
216 83 10 4
236 138 11 6
237 201 11 10
254 222 12 11
254 26 12 1
273 158 13 7
269 239 13 11
299 210 14 10
284 258 14 12
313 231 15 11
306 13 15 0
13 296 0 14
16 172 0 8
30 260 1 13
39 78 1 3
