swNum = 320
edgeNum = 672

0 0
1 0
2 0
3 0
4 0
5 0
6 0
7 0
8 0
9 0
10 0
11 0
12 0
13 0
14 0
15 0
16 0
17 0
18 0
19 0
20 1
21 1
22 1
23 1
24 1
25 1
26 1
27 1
28 1
29 1
30 1
31 1
32 1
33 1
34 1
35 1
36 1
37 1
38 1
39 1
40 2
41 2
42 2
43 2
44 2
45 2
46 2
47 2
48 2
49 2
50 2
51 2
52 2
53 2
54 2
55 2
56 2
57 2
58 2
59 2
60 3
61 3
62 3
63 3
64 3
65 3
66 3
67 3
68 3
69 3
70 3
71 3
72 3
73 3
74 3
75 3
76 3
77 3
78 3
79 3
80 4
81 4
82 4
83 4
84 4
85 4
86 4
87 4
88 4
89 4
90 4
91 4
92 4
93 4
94 4
95 4
96 4
97 4
98 4
99 4
100 5
101 5
102 5
103 5
104 5
105 5
106 5
107 5
108 5
109 5
110 5
111 5
112 5
113 5
114 5
115 5
116 5
117 5
118 5
119 5
120 6
121 6
122 6
123 6
124 6
125 6
126 6
127 6
128 6
129 6
130 6
131 6
132 6
133 6
134 6
135 6
136 6
137 6
138 6
139 6
140 7
141 7
142 7
143 7
144 7
145 7
146 7
147 7
148 7
149 7
150 7
151 7
152 7
153 7
154 7
155 7
156 7
157 7
158 7
159 7
160 8
161 8
162 8
163 8
164 8
165 8
166 8
167 8
168 8
169 8
170 8
171 8
172 8
173 8
174 8
175 8
176 8
177 8
178 8
179 8
180 9
181 9
182 9
183 9
184 9
185 9
186 9
187 9
188 9
189 9
190 9
191 9
192 9
193 9
194 9
195 9
196 9
197 9
198 9
199 9
200 10
201 10
202 10
203 10
204 10
205 10
206 10
207 10
208 10
209 10
210 10
211 10
212 10
213 10
214 10
215 10
216 10
217 10
218 10
219 10
220 11
221 11
222 11
223 11
224 11
225 11
226 11
227 11
228 11
229 11
230 11
231 11
232 11
233 11
234 11
235 11
236 11
237 11
238 11
239 11
240 12
241 12
242 12
243 12
244 12
245 12
246 12
247 12
248 12
249 12
250 12
251 12
252 12
253 12
254 12
255 12
256 12
257 12
258 12
259 12
260 13
261 13
262 13
263 13
264 13
265 13
266 13
267 13
268 13
269 13
270 13
271 13
272 13
273 13
274 13
275 13
276 13
277 13
278 13
279 13
280 14
281 14
282 14
283 14
284 14
285 14
286 14
287 14
288 14
289 14
290 14
291 14
292 14
293 14
294 14
295 14
296 14
297 14
298 14
299 14
300 15
301 15
302 15
303 15
304 15
305 15
306 15
307 15
308 15
309 15
310 15
311 15
312 15
313 15
314 15
315 15
316 15
317 15
318 15
319 15

2 1 0 0
2 0 0 0
3 0 0 0
3 1 0 0
4 2 0 0
4 1 0 0
5 0 0 0
5 2 0 0
6 2 0 0
6 4 0 0
7 6 0 0
7 3 0 0
8 1 0 0
8 5 0 0
9 8 0 0
9 5 0 0
10 9 0 0
10 7 0 0
11 7 0 0
11 9 0 0
12 10 0 0
12 4 0 0
13 9 0 0
13 10 0 0
14 2 0 0
14 12 0 0
15 0 0 0
15 2 0 0
16 11 0 0
16 3 0 0
17 11 0 0
17 10 0 0
18 16 0 0
18 8 0 0
19 8 0 0
19 7 0 0
0 7 0 0
0 16 0 0
1 16 0 0
1 7 0 0
22 21 1 1
22 20 1 1
23 20 1 1
23 22 1 1
24 23 1 1
24 22 1 1
25 23 1 1
25 20 1 1
26 25 1 1
26 24 1 1
27 23 1 1
27 25 1 1
28 24 1 1
28 27 1 1
29 26 1 1
29 24 1 1
30 23 1 1
30 28 1 1
31 30 1 1
31 28 1 1
32 25 1 1
32 30 1 1
33 29 1 1
33 32 1 1
34 24 1 1
34 20 1 1
35 34 1 1
35 23 1 1
36 34 1 1
36 28 1 1
37 23 1 1
37 28 1 1
38 22 1 1
38 31 1 1
39 21 1 1
39 30 1 1
20 36 1 1
20 32 1 1
21 37 1 1
21 32 1 1
42 41 2 2
42 40 2 2
43 41 2 2
43 42 2 2
44 42 2 2
44 41 2 2
45 44 2 2
45 41 2 2
46 41 2 2
46 45 2 2
47 45 2 2
47 46 2 2
48 40 2 2
48 43 2 2
49 43 2 2
49 41 2 2
50 45 2 2
50 41 2 2
51 49 2 2
51 44 2 2
52 43 2 2
52 45 2 2
53 41 2 2
53 51 2 2
54 52 2 2
54 50 2 2
55 47 2 2
55 46 2 2
56 49 2 2
56 53 2 2
57 47 2 2
57 56 2 2
58 52 2 2
58 54 2 2
59 50 2 2
59 53 2 2
40 54 2 2
40 44 2 2
41 59 2 2
41 47 2 2
62 60 3 3
62 61 3 3
63 61 3 3
63 60 3 3
64 60 3 3
64 63 3 3
65 61 3 3
65 63 3 3
66 63 3 3
66 61 3 3
67 66 3 3
67 62 3 3
68 62 3 3
68 60 3 3
69 67 3 3
69 64 3 3
70 65 3 3
70 60 3 3
71 60 3 3
71 69 3 3
72 70 3 3
72 63 3 3
73 61 3 3
73 60 3 3
74 67 3 3
74 64 3 3
75 73 3 3
75 68 3 3
76 74 3 3
76 66 3 3
77 75 3 3
77 63 3 3
78 67 3 3
78 76 3 3
79 67 3 3
79 61 3 3
60 79 3 3
60 75 3 3
61 76 3 3
61 67 3 3
82 80 4 4
82 81 4 4
83 81 4 4
83 82 4 4
84 80 4 4
84 82 4 4
85 83 4 4
85 82 4 4
86 84 4 4
86 80 4 4
87 84 4 4
87 86 4 4
88 85 4 4
88 82 4 4
89 88 4 4
89 81 4 4
90 84 4 4
90 86 4 4
91 90 4 4
91 88 4 4
92 85 4 4
92 82 4 4
93 89 4 4
93 90 4 4
94 82 4 4
94 81 4 4
95 85 4 4
95 80 4 4
96 80 4 4
96 86 4 4
97 93 4 4
97 84 4 4
98 82 4 4
98 90 4 4
99 81 4 4
99 85 4 4
80 91 4 4
80 94 4 4
81 88 4 4
81 91 4 4
102 101 5 5
102 100 5 5
103 101 5 5
103 102 5 5
104 101 5 5
104 100 5 5
105 100 5 5
105 101 5 5
106 104 5 5
106 105 5 5
107 100 5 5
107 105 5 5
108 104 5 5
108 100 5 5
109 107 5 5
109 106 5 5
110 103 5 5
110 101 5 5
111 104 5 5
111 101 5 5
112 110 5 5
112 109 5 5
113 106 5 5
113 112 5 5
114 113 5 5
114 108 5 5
115 100 5 5
115 103 5 5
116 104 5 5
116 101 5 5
117 102 5 5
117 100 5 5
118 100 5 5
118 117 5 5
119 111 5 5
119 115 5 5
100 109 5 5
100 119 5 5
101 112 5 5
101 106 5 5
122 120 6 6
122 121 6 6
123 122 6 6
123 120 6 6
124 123 6 6
124 121 6 6
125 123 6 6
125 120 6 6
126 120 6 6
126 122 6 6
127 122 6 6
127 124 6 6
128 121 6 6
128 120 6 6
129 127 6 6
129 123 6 6
130 127 6 6
130 123 6 6
131 123 6 6
131 129 6 6
132 124 6 6
132 131 6 6
133 126 6 6
133 125 6 6
134 120 6 6
134 121 6 6
135 120 6 6
135 132 6 6
136 120 6 6
136 135 6 6
137 124 6 6
137 125 6 6
138 135 6 6
138 124 6 6
139 133 6 6
139 129 6 6
120 127 6 6
120 132 6 6
121 137 6 6
121 135 6 6
142 140 7 7
142 141 7 7
143 141 7 7
143 140 7 7
144 141 7 7
144 143 7 7
145 140 7 7
145 144 7 7
146 142 7 7
146 145 7 7
147 143 7 7
147 141 7 7
148 143 7 7
148 144 7 7
149 143 7 7
149 142 7 7
150 149 7 7
150 148 7 7
151 147 7 7
151 141 7 7
152 147 7 7
152 146 7 7
153 142 7 7
153 146 7 7
154 153 7 7
154 144 7 7
155 144 7 7
155 142 7 7
156 144 7 7
156 153 7 7
157 143 7 7
157 150 7 7
158 147 7 7
158 141 7 7
159 141 7 7
159 144 7 7
140 157 7 7
140 155 7 7
141 156 7 7
141 149 7 7
162 160 8 8
162 161 8 8
163 161 8 8
163 162 8 8
164 160 8 8
164 161 8 8
165 160 8 8
165 161 8 8
166 164 8 8
166 162 8 8
167 163 8 8
167 166 8 8
168 162 8 8
168 166 8 8
169 166 8 8
169 168 8 8
170 160 8 8
170 161 8 8
171 164 8 8
171 167 8 8
172 162 8 8
172 167 8 8
173 162 8 8
173 166 8 8
174 170 8 8
174 163 8 8
175 164 8 8
175 174 8 8
176 161 8 8
176 171 8 8
177 161 8 8
177 162 8 8
178 165 8 8
178 172 8 8
179 166 8 8
179 161 8 8
160 176 8 8
160 166 8 8
161 175 8 8
161 169 8 8
182 180 9 9
182 181 9 9
183 180 9 9
183 181 9 9
184 180 9 9
184 183 9 9
185 181 9 9
185 182 9 9
186 183 9 9
186 182 9 9
187 182 9 9
187 181 9 9
188 183 9 9
188 187 9 9
189 188 9 9
189 181 9 9
190 185 9 9
190 188 9 9
191 186 9 9
191 189 9 9
192 182 9 9
192 191 9 9
193 187 9 9
193 184 9 9
194 180 9 9
194 191 9 9
195 187 9 9
195 190 9 9
196 186 9 9
196 189 9 9
197 192 9 9
197 191 9 9
198 193 9 9
198 187 9 9
199 185 9 9
199 198 9 9
180 188 9 9
180 192 9 9
181 186 9 9
181 190 9 9
202 201 10 10
202 200 10 10
203 201 10 10
203 202 10 10
204 203 10 10
204 200 10 10
205 201 10 10
205 204 10 10
206 202 10 10
206 204 10 10
207 202 10 10
207 201 10 10
208 202 10 10
208 207 10 10
209 206 10 10
209 205 10 10
210 205 10 10
210 203 10 10
211 202 10 10
211 205 10 10
212 210 10 10
212 200 10 10
213 202 10 10
213 208 10 10
214 201 10 10
214 204 10 10
215 214 10 10
215 201 10 10
216 203 10 10
216 214 10 10
217 211 10 10
217 204 10 10
218 203 10 10
218 205 10 10
219 200 10 10
219 210 10 10
200 205 10 10
200 216 10 10
201 219 10 10
201 218 10 10
222 221 11 11
222 220 11 11
223 221 11 11
223 222 11 11
224 220 11 11
224 221 11 11
225 220 11 11
225 223 11 11
226 224 11 11
226 220 11 11
227 221 11 11
227 222 11 11
228 224 11 11
228 223 11 11
229 223 11 11
229 225 11 11
230 223 11 11
230 221 11 11
231 230 11 11
231 223 11 11
232 224 11 11
232 229 11 11
233 228 11 11
233 221 11 11
234 233 11 11
234 225 11 11
235 225 11 11
235 232 11 11
236 231 11 11
236 230 11 11
237 236 11 11
237 233 11 11
238 222 11 11
238 236 11 11
239 234 11 11
239 232 11 11
220 236 11 11
220 239 11 11
221 234 11 11
221 237 11 11
242 241 12 12
242 240 12 12
243 241 12 12
243 242 12 12
244 241 12 12
244 242 12 12
245 244 12 12
245 243 12 12
246 245 12 12
246 240 12 12
247 243 12 12
247 241 12 12
248 245 12 12
248 246 12 12
249 240 12 12
249 245 12 12
250 245 12 12
250 246 12 12
251 250 12 12
251 242 12 12
252 241 12 12
252 244 12 12
253 244 12 12
253 251 12 12
254 244 12 12
254 252 12 12
255 251 12 12
255 245 12 12
256 243 12 12
256 250 12 12
257 249 12 12
257 244 12 12
258 244 12 12
258 240 12 12
259 252 12 12
259 255 12 12
240 257 12 12
240 245 12 12
241 259 12 12
241 251 12 12
262 261 13 13
262 260 13 13
263 262 13 13
263 261 13 13
264 261 13 13
264 263 13 13
265 263 13 13
265 261 13 13
266 261 13 13
266 265 13 13
267 265 13 13
267 263 13 13
268 266 13 13
268 263 13 13
269 261 13 13
269 268 13 13
270 260 13 13
270 267 13 13
271 266 13 13
271 262 13 13
272 267 13 13
272 268 13 13
273 270 13 13
273 266 13 13
274 264 13 13
274 263 13 13
275 263 13 13
275 274 13 13
276 274 13 13
276 261 13 13
277 266 13 13
277 267 13 13
278 274 13 13
278 270 13 13
279 267 13 13
279 272 13 13
260 275 13 13
260 277 13 13
261 274 13 13
261 271 13 13
282 281 14 14
282 280 14 14
283 280 14 14
283 282 14 14
284 283 14 14
284 281 14 14
285 283 14 14
285 284 14 14
286 285 14 14
286 282 14 14
287 283 14 14
287 282 14 14
288 285 14 14
288 284 14 14
289 284 14 14
289 286 14 14
290 284 14 14
290 289 14 14
291 281 14 14
291 287 14 14
292 290 14 14
292 285 14 14
293 291 14 14
293 292 14 14
294 285 14 14
294 287 14 14
295 292 14 14
295 282 14 14
296 293 14 14
296 285 14 14
297 283 14 14
297 282 14 14
298 290 14 14
298 295 14 14
299 296 14 14
299 295 14 14
280 299 14 14
280 292 14 14
281 286 14 14
281 299 14 14
302 300 15 15
302 301 15 15
303 300 15 15
303 302 15 15
304 302 15 15
304 300 15 15
305 302 15 15
305 300 15 15
306 304 15 15
306 303 15 15
307 304 15 15
307 301 15 15
308 303 15 15
308 300 15 15
309 308 15 15
309 301 15 15
310 309 15 15
310 305 15 15
311 307 15 15
311 303 15 15
312 307 15 15
312 305 15 15
313 307 15 15
313 303 15 15
314 304 15 15
314 306 15 15
315 300 15 15
315 306 15 15
316 304 15 15
316 314 15 15
317 311 15 15
317 310 15 15
318 312 15 15
318 306 15 15
319 313 15 15
319 302 15 15
300 306 15 15
300 318 15 15
301 310 15 15
301 304 15 15
59 28 2 1
43 19 2 0
63 43 3 2
62 33 3 1
86 58 4 2
80 30 4 1
110 74 5 3
114 41 5 2
129 50 6 2
139 17 6 0
154 19 7 0
147 79 7 3
173 154 8 7
162 6 8 0
189 179 9 8
192 37 9 1
216 5 10 0
212 123 10 6
236 138 11 6
239 162 11 8
245 170 12 8
253 213 12 10
278 153 13 7
262 238 13 11
298 0 14 0
291 209 14 10
310 199 15 9
314 157 15 7
16 247 0 12
8 61 0 3
30 244 1 12
32 212 1 10
