swNum = 320
edgeNum = 672

0 0
1 0
2 0
3 0
4 0
5 0
6 0
7 0
8 0
9 0
10 0
11 0
12 0
13 0
14 0
15 0
16 0
17 0
18 0
19 0
20 1
21 1
22 1
23 1
24 1
25 1
26 1
27 1
28 1
29 1
30 1
31 1
32 1
33 1
34 1
35 1
36 1
37 1
38 1
39 1
40 2
41 2
42 2
43 2
44 2
45 2
46 2
47 2
48 2
49 2
50 2
51 2
52 2
53 2
54 2
55 2
56 2
57 2
58 2
59 2
60 3
61 3
62 3
63 3
64 3
65 3
66 3
67 3
68 3
69 3
70 3
71 3
72 3
73 3
74 3
75 3
76 3
77 3
78 3
79 3
80 4
81 4
82 4
83 4
84 4
85 4
86 4
87 4
88 4
89 4
90 4
91 4
92 4
93 4
94 4
95 4
96 4
97 4
98 4
99 4
100 5
101 5
102 5
103 5
104 5
105 5
106 5
107 5
108 5
109 5
110 5
111 5
112 5
113 5
114 5
115 5
116 5
117 5
118 5
119 5
120 6
121 6
122 6
123 6
124 6
125 6
126 6
127 6
128 6
129 6
130 6
131 6
132 6
133 6
134 6
135 6
136 6
137 6
138 6
139 6
140 7
141 7
142 7
143 7
144 7
145 7
146 7
147 7
148 7
149 7
150 7
151 7
152 7
153 7
154 7
155 7
156 7
157 7
158 7
159 7
160 8
161 8
162 8
163 8
164 8
165 8
166 8
167 8
168 8
169 8
170 8
171 8
172 8
173 8
174 8
175 8
176 8
177 8
178 8
179 8
180 9
181 9
182 9
183 9
184 9
185 9
186 9
187 9
188 9
189 9
190 9
191 9
192 9
193 9
194 9
195 9
196 9
197 9
198 9
199 9
200 10
201 10
202 10
203 10
204 10
205 10
206 10
207 10
208 10
209 10
210 10
211 10
212 10
213 10
214 10
215 10
216 10
217 10
218 10
219 10
220 11
221 11
222 11
223 11
224 11
225 11
226 11
227 11
228 11
229 11
230 11
231 11
232 11
233 11
234 11
235 11
236 11
237 11
238 11
239 11
240 12
241 12
242 12
243 12
244 12
245 12
246 12
247 12
248 12
249 12
250 12
251 12
252 12
253 12
254 12
255 12
256 12
257 12
258 12
259 12
260 13
261 13
262 13
263 13
264 13
265 13
266 13
267 13
268 13
269 13
270 13
271 13
272 13
273 13
274 13
275 13
276 13
277 13
278 13
279 13
280 14
281 14
282 14
283 14
284 14
285 14
286 14
287 14
288 14
289 14
290 14
291 14
292 14
293 14
294 14
295 14
296 14
297 14
298 14
299 14
300 15
301 15
302 15
303 15
304 15
305 15
306 15
307 15
308 15
309 15
310 15
311 15
312 15
313 15
314 15
315 15
316 15
317 15
318 15
319 15

2 0 0 0
2 1 0 0
3 2 0 0
3 1 0 0
4 0 0 0
4 1 0 0
5 4 0 0
5 3 0 0
6 3 0 0
6 0 0 0
7 6 0 0
7 3 0 0
8 0 0 0
8 5 0 0
9 7 0 0
9 1 0 0
10 2 0 0
10 7 0 0
11 8 0 0
11 9 0 0
12 4 0 0
12 9 0 0
13 4 0 0
13 3 0 0
14 2 0 0
14 5 0 0
15 1 0 0
15 0 0 0
16 4 0 0
16 10 0 0
17 10 0 0
17 8 0 0
18 9 0 0
18 10 0 0
19 17 0 0
19 16 0 0
0 3 0 0
0 7 0 0
1 14 0 0
1 11 0 0
22 21 1 1
22 20 1 1
23 20 1 1
23 22 1 1
24 23 1 1
24 20 1 1
25 24 1 1
25 22 1 1
26 23 1 1
26 20 1 1
27 20 1 1
27 23 1 1
28 23 1 1
28 21 1 1
29 23 1 1
29 24 1 1
30 25 1 1
30 23 1 1
31 28 1 1
31 21 1 1
32 23 1 1
32 27 1 1
33 20 1 1
33 24 1 1
34 22 1 1
34 25 1 1
35 21 1 1
35 30 1 1
36 30 1 1
36 34 1 1
37 23 1 1
37 32 1 1
38 24 1 1
38 28 1 1
39 28 1 1
39 30 1 1
20 32 1 1
20 35 1 1
21 34 1 1
21 24 1 1
42 40 2 2
42 41 2 2
43 40 2 2
43 42 2 2
44 43 2 2
44 40 2 2
45 42 2 2
45 43 2 2
46 45 2 2
46 40 2 2
47 43 2 2
47 41 2 2
48 42 2 2
48 46 2 2
49 43 2 2
49 40 2 2
50 48 2 2
50 44 2 2
51 40 2 2
51 45 2 2
52 40 2 2
52 46 2 2
53 45 2 2
53 44 2 2
54 47 2 2
54 53 2 2
55 47 2 2
55 48 2 2
56 40 2 2
56 41 2 2
57 48 2 2
57 45 2 2
58 49 2 2
58 52 2 2
59 58 2 2
59 44 2 2
40 59 2 2
40 48 2 2
41 43 2 2
41 51 2 2
62 60 3 3
62 61 3 3
63 60 3 3
63 62 3 3
64 62 3 3
64 61 3 3
65 64 3 3
65 62 3 3
66 65 3 3
66 64 3 3
67 63 3 3
67 66 3 3
68 61 3 3
68 66 3 3
69 60 3 3
69 68 3 3
70 62 3 3
70 69 3 3
71 68 3 3
71 63 3 3
72 62 3 3
72 65 3 3
73 69 3 3
73 72 3 3
74 72 3 3
74 67 3 3
75 62 3 3
75 64 3 3
76 72 3 3
76 73 3 3
77 72 3 3
77 67 3 3
78 67 3 3
78 74 3 3
79 75 3 3
79 72 3 3
60 73 3 3
60 65 3 3
61 75 3 3
61 70 3 3
82 81 4 4
82 80 4 4
83 82 4 4
83 81 4 4
84 80 4 4
84 82 4 4
85 82 4 4
85 80 4 4
86 83 4 4
86 81 4 4
87 85 4 4
87 84 4 4
88 84 4 4
88 87 4 4
89 85 4 4
89 83 4 4
90 88 4 4
90 87 4 4
91 88 4 4
91 90 4 4
92 91 4 4
92 82 4 4
93 88 4 4
93 80 4 4
94 82 4 4
94 85 4 4
95 80 4 4
95 91 4 4
96 92 4 4
96 80 4 4
97 84 4 4
97 92 4 4
98 88 4 4
98 97 4 4
99 98 4 4
99 91 4 4
80 91 4 4
80 98 4 4
81 89 4 4
81 90 4 4
102 101 5 5
102 100 5 5
103 102 5 5
103 101 5 5
104 103 5 5
104 101 5 5
105 100 5 5
105 103 5 5
106 102 5 5
106 101 5 5
107 105 5 5
107 102 5 5
108 102 5 5
108 105 5 5
109 100 5 5
109 105 5 5
110 106 5 5
110 100 5 5
111 110 5 5
111 107 5 5
112 109 5 5
112 110 5 5
113 101 5 5
113 111 5 5
114 106 5 5
114 103 5 5
115 103 5 5
115 104 5 5
116 100 5 5
116 105 5 5
117 102 5 5
117 109 5 5
118 111 5 5
118 104 5 5
119 110 5 5
119 118 5 5
100 104 5 5
100 103 5 5
101 105 5 5
101 114 5 5
122 121 6 6
122 120 6 6
123 120 6 6
123 121 6 6
124 121 6 6
124 122 6 6
125 120 6 6
125 121 6 6
126 122 6 6
126 121 6 6
127 126 6 6
127 123 6 6
128 120 6 6
128 122 6 6
129 120 6 6
129 122 6 6
130 125 6 6
130 129 6 6
131 129 6 6
131 124 6 6
132 130 6 6
132 122 6 6
133 121 6 6
133 129 6 6
134 120 6 6
134 123 6 6
135 122 6 6
135 121 6 6
136 134 6 6
136 122 6 6
137 125 6 6
137 124 6 6
138 135 6 6
138 136 6 6
139 135 6 6
139 129 6 6
120 136 6 6
120 130 6 6
121 134 6 6
121 139 6 6
142 141 7 7
142 140 7 7
143 141 7 7
143 142 7 7
144 142 7 7
144 140 7 7
145 143 7 7
145 142 7 7
146 144 7 7
146 143 7 7
147 146 7 7
147 144 7 7
148 147 7 7
148 143 7 7
149 148 7 7
149 144 7 7
150 145 7 7
150 143 7 7
151 142 7 7
151 149 7 7
152 150 7 7
152 143 7 7
153 147 7 7
153 145 7 7
154 147 7 7
154 140 7 7
155 145 7 7
155 154 7 7
156 146 7 7
156 144 7 7
157 154 7 7
157 144 7 7
158 142 7 7
158 148 7 7
159 143 7 7
159 156 7 7
140 157 7 7
140 146 7 7
141 151 7 7
141 156 7 7
162 160 8 8
162 161 8 8
163 162 8 8
163 161 8 8
164 160 8 8
164 161 8 8
165 161 8 8
165 164 8 8
166 165 8 8
166 163 8 8
167 161 8 8
167 160 8 8
168 163 8 8
168 165 8 8
169 163 8 8
169 162 8 8
170 162 8 8
170 164 8 8
171 161 8 8
171 168 8 8
172 165 8 8
172 162 8 8
173 168 8 8
173 166 8 8
174 165 8 8
174 163 8 8
175 171 8 8
175 166 8 8
176 165 8 8
176 173 8 8
177 173 8 8
177 169 8 8
178 165 8 8
178 160 8 8
179 171 8 8
179 174 8 8
160 170 8 8
160 163 8 8
161 177 8 8
161 174 8 8
182 180 9 9
182 181 9 9
183 181 9 9
183 180 9 9
184 182 9 9
184 181 9 9
185 181 9 9
185 183 9 9
186 185 9 9
186 182 9 9
187 186 9 9
187 182 9 9
188 181 9 9
188 184 9 9
189 184 9 9
189 182 9 9
190 180 9 9
190 186 9 9
191 182 9 9
191 188 9 9
192 186 9 9
192 190 9 9
193 184 9 9
193 189 9 9
194 190 9 9
194 187 9 9
195 187 9 9
195 183 9 9
196 180 9 9
196 192 9 9
197 184 9 9
197 180 9 9
198 197 9 9
198 184 9 9
199 198 9 9
199 190 9 9
180 199 9 9
180 189 9 9
181 194 9 9
181 187 9 9
202 200 10 10
202 201 10 10
203 202 10 10
203 200 10 10
204 201 10 10
204 203 10 10
205 201 10 10
205 204 10 10
206 205 10 10
206 201 10 10
207 205 10 10
207 202 10 10
208 200 10 10
208 204 10 10
209 208 10 10
209 200 10 10
210 204 10 10
210 205 10 10
211 202 10 10
211 204 10 10
212 207 10 10
212 209 10 10
213 206 10 10
213 200 10 10
214 203 10 10
214 205 10 10
215 210 10 10
215 208 10 10
216 210 10 10
216 204 10 10
217 214 10 10
217 207 10 10
218 213 10 10
218 214 10 10
219 205 10 10
219 216 10 10
200 216 10 10
200 215 10 10
201 203 10 10
201 216 10 10
222 221 11 11
222 220 11 11
223 222 11 11
223 220 11 11
224 220 11 11
224 222 11 11
225 223 11 11
225 224 11 11
226 224 11 11
226 221 11 11
227 224 11 11
227 221 11 11
228 227 11 11
228 224 11 11
229 223 11 11
229 220 11 11
230 226 11 11
230 229 11 11
231 220 11 11
231 222 11 11
232 224 11 11
232 221 11 11
233 225 11 11
233 221 11 11
234 228 11 11
234 220 11 11
235 220 11 11
235 228 11 11
236 230 11 11
236 232 11 11
237 229 11 11
237 227 11 11
238 220 11 11
238 232 11 11
239 233 11 11
239 237 11 11
220 232 11 11
220 228 11 11
221 237 11 11
221 230 11 11
242 240 12 12
242 241 12 12
243 242 12 12
243 241 12 12
244 241 12 12
244 242 12 12
245 243 12 12
245 244 12 12
246 241 12 12
246 242 12 12
247 246 12 12
247 244 12 12
248 242 12 12
248 243 12 12
249 240 12 12
249 243 12 12
250 243 12 12
250 245 12 12
251 242 12 12
251 249 12 12
252 250 12 12
252 245 12 12
253 248 12 12
253 249 12 12
254 244 12 12
254 241 12 12
255 247 12 12
255 249 12 12
256 251 12 12
256 245 12 12
257 246 12 12
257 245 12 12
258 257 12 12
258 252 12 12
259 249 12 12
259 250 12 12
240 248 12 12
240 244 12 12
241 249 12 12
241 251 12 12
262 261 13 13
262 260 13 13
263 260 13 13
263 262 13 13
264 262 13 13
264 263 13 13
265 261 13 13
265 260 13 13
266 260 13 13
266 263 13 13
267 266 13 13
267 260 13 13
268 265 13 13
268 267 13 13
269 267 13 13
269 265 13 13
270 262 13 13
270 265 13 13
271 266 13 13
271 260 13 13
272 270 13 13
272 262 13 13
273 264 13 13
273 261 13 13
274 273 13 13
274 269 13 13
275 271 13 13
275 266 13 13
276 268 13 13
276 265 13 13
277 270 13 13
277 262 13 13
278 273 13 13
278 265 13 13
279 275 13 13
279 270 13 13
260 268 13 13
260 273 13 13
261 279 13 13
261 278 13 13
282 281 14 14
282 280 14 14
283 280 14 14
283 282 14 14
284 281 14 14
284 280 14 14
285 282 14 14
285 284 14 14
286 283 14 14
286 282 14 14
287 283 14 14
287 286 14 14
288 286 14 14
288 282 14 14
289 286 14 14
289 288 14 14
290 280 14 14
290 282 14 14
291 289 14 14
291 283 14 14
292 286 14 14
292 291 14 14
293 290 14 14
293 285 14 14
294 281 14 14
294 290 14 14
295 287 14 14
295 282 14 14
296 293 14 14
296 294 14 14
297 291 14 14
297 296 14 14
298 297 14 14
298 285 14 14
299 286 14 14
299 293 14 14
280 298 14 14
280 285 14 14
281 296 14 14
281 289 14 14
302 301 15 15
302 300 15 15
303 302 15 15
303 300 15 15
304 302 15 15
304 300 15 15
305 304 15 15
305 300 15 15
306 303 15 15
306 301 15 15
307 304 15 15
307 302 15 15
308 304 15 15
308 302 15 15
309 301 15 15
309 307 15 15
310 304 15 15
310 302 15 15
311 301 15 15
311 302 15 15
312 311 15 15
312 304 15 15
313 302 15 15
313 306 15 15
314 304 15 15
314 305 15 15
315 308 15 15
315 302 15 15
316 314 15 15
316 313 15 15
317 302 15 15
317 306 15 15
318 305 15 15
318 314 15 15
319 305 15 15
319 315 15 15
300 319 15 15
300 314 15 15
301 315 15 15
301 319 15 15
59 17 2 0
42 33 2 1
79 58 3 2
64 33 3 1
81 6 4 0
83 59 4 2
100 23 5 1
107 58 5 2
125 118 6 5
133 46 6 2
154 43 7 2
141 135 7 6
171 84 8 4
165 145 8 7
187 35 9 1
183 58 9 2
212 175 10 8
217 196 10 9
225 125 11 6
233 155 11 7
256 224 12 11
241 63 12 3
271 30 13 1
278 73 13 3
280 224 14 11
287 110 14 5
304 23 15 1
310 18 15 0
14 118 0 5
2 123 0 6
27 235 1 11
36 202 1 10
