swNum = 320
edgeNum = 672

0 0
1 0
2 0
3 0
4 0
5 0
6 0
7 0
8 0
9 0
10 0
11 0
12 0
13 0
14 0
15 0
16 0
17 0
18 0
19 0
20 1
21 1
22 1
23 1
24 1
25 1
26 1
27 1
28 1
29 1
30 1
31 1
32 1
33 1
34 1
35 1
36 1
37 1
38 1
39 1
40 2
41 2
42 2
43 2
44 2
45 2
46 2
47 2
48 2
49 2
50 2
51 2
52 2
53 2
54 2
55 2
56 2
57 2
58 2
59 2
60 3
61 3
62 3
63 3
64 3
65 3
66 3
67 3
68 3
69 3
70 3
71 3
72 3
73 3
74 3
75 3
76 3
77 3
78 3
79 3
80 4
81 4
82 4
83 4
84 4
85 4
86 4
87 4
88 4
89 4
90 4
91 4
92 4
93 4
94 4
95 4
96 4
97 4
98 4
99 4
100 5
101 5
102 5
103 5
104 5
105 5
106 5
107 5
108 5
109 5
110 5
111 5
112 5
113 5
114 5
115 5
116 5
117 5
118 5
119 5
120 6
121 6
122 6
123 6
124 6
125 6
126 6
127 6
128 6
129 6
130 6
131 6
132 6
133 6
134 6
135 6
136 6
137 6
138 6
139 6
140 7
141 7
142 7
143 7
144 7
145 7
146 7
147 7
148 7
149 7
150 7
151 7
152 7
153 7
154 7
155 7
156 7
157 7
158 7
159 7
160 8
161 8
162 8
163 8
164 8
165 8
166 8
167 8
168 8
169 8
170 8
171 8
172 8
173 8
174 8
175 8
176 8
177 8
178 8
179 8
180 9
181 9
182 9
183 9
184 9
185 9
186 9
187 9
188 9
189 9
190 9
191 9
192 9
193 9
194 9
195 9
196 9
197 9
198 9
199 9
200 10
201 10
202 10
203 10
204 10
205 10
206 10
207 10
208 10
209 10
210 10
211 10
212 10
213 10
214 10
215 10
216 10
217 10
218 10
219 10
220 11
221 11
222 11
223 11
224 11
225 11
226 11
227 11
228 11
229 11
230 11
231 11
232 11
233 11
234 11
235 11
236 11
237 11
238 11
239 11
240 12
241 12
242 12
243 12
244 12
245 12
246 12
247 12
248 12
249 12
250 12
251 12
252 12
253 12
254 12
255 12
256 12
257 12
258 12
259 12
260 13
261 13
262 13
263 13
264 13
265 13
266 13
267 13
268 13
269 13
270 13
271 13
272 13
273 13
274 13
275 13
276 13
277 13
278 13
279 13
280 14
281 14
282 14
283 14
284 14
285 14
286 14
287 14
288 14
289 14
290 14
291 14
292 14
293 14
294 14
295 14
296 14
297 14
298 14
299 14
300 15
301 15
302 15
303 15
304 15
305 15
306 15
307 15
308 15
309 15
310 15
311 15
312 15
313 15
314 15
315 15
316 15
317 15
318 15
319 15

2 1 0 0
2 0 0 0
3 1 0 0
3 0 0 0
4 0 0 0
4 1 0 0
5 0 0 0
5 1 0 0
6 1 0 0
6 2 0 0
7 3 0 0
7 2 0 0
8 0 0 0
8 4 0 0
9 3 0 0
9 8 0 0
10 4 0 0
10 8 0 0
11 10 0 0
11 3 0 0
12 0 0 0
12 6 0 0
13 10 0 0
13 9 0 0
14 1 0 0
14 8 0 0
15 11 0 0
15 0 0 0
16 10 0 0
16 3 0 0
17 14 0 0
17 16 0 0
18 8 0 0
18 17 0 0
19 8 0 0
19 10 0 0
0 19 0 0
0 18 0 0
1 12 0 0
1 18 0 0
22 21 1 1
22 20 1 1
23 22 1 1
23 21 1 1
24 20 1 1
24 21 1 1
25 22 1 1
25 21 1 1
26 20 1 1
26 24 1 1
27 26 1 1
27 20 1 1
28 20 1 1
28 27 1 1
29 27 1 1
29 26 1 1
30 27 1 1
30 28 1 1
31 22 1 1
31 27 1 1
32 29 1 1
32 22 1 1
33 25 1 1
33 29 1 1
34 27 1 1
34 30 1 1
35 21 1 1
35 23 1 1
36 25 1 1
36 23 1 1
37 31 1 1
37 27 1 1
38 35 1 1
38 37 1 1
39 30 1 1
39 38 1 1
20 33 1 1
20 37 1 1
21 32 1 1
21 38 1 1
42 41 2 2
42 40 2 2
43 40 2 2
43 42 2 2
44 40 2 2
44 42 2 2
45 43 2 2
45 40 2 2
46 43 2 2
46 45 2 2
47 42 2 2
47 40 2 2
48 45 2 2
48 47 2 2
49 47 2 2
49 42 2 2
50 45 2 2
50 47 2 2
51 40 2 2
51 43 2 2
52 42 2 2
52 51 2 2
53 48 2 2
53 45 2 2
54 43 2 2
54 46 2 2
55 47 2 2
55 49 2 2
56 43 2 2
56 47 2 2
57 41 2 2
57 42 2 2
58 55 2 2
58 47 2 2
59 48 2 2
59 45 2 2
40 46 2 2
40 57 2 2
41 49 2 2
41 52 2 2
62 61 3 3
62 60 3 3
63 61 3 3
63 62 3 3
64 61 3 3
64 63 3 3
65 61 3 3
65 60 3 3
66 65 3 3
66 60 3 3
67 63 3 3
67 61 3 3
68 61 3 3
68 64 3 3
69 62 3 3
69 67 3 3
70 62 3 3
70 69 3 3
71 67 3 3
71 64 3 3
72 71 3 3
72 63 3 3
73 67 3 3
73 68 3 3
74 61 3 3
74 65 3 3
75 73 3 3
75 71 3 3
76 62 3 3
76 63 3 3
77 61 3 3
77 63 3 3
78 68 3 3
78 76 3 3
79 77 3 3
79 74 3 3
60 69 3 3
60 78 3 3
61 70 3 3
61 71 3 3
82 80 4 4
82 81 4 4
83 81 4 4
83 80 4 4
84 83 4 4
84 82 4 4
85 80 4 4
85 84 4 4
86 80 4 4
86 85 4 4
87 80 4 4
87 82 4 4
88 82 4 4
88 80 4 4
89 82 4 4
89 84 4 4
90 85 4 4
90 86 4 4
91 89 4 4
91 83 4 4
92 90 4 4
92 91 4 4
93 92 4 4
93 91 4 4
94 83 4 4
94 80 4 4
95 90 4 4
95 83 4 4
96 83 4 4
96 84 4 4
97 84 4 4
97 83 4 4
98 88 4 4
98 94 4 4
99 91 4 4
99 81 4 4
80 97 4 4
80 91 4 4
81 91 4 4
81 97 4 4
102 101 5 5
102 100 5 5
103 100 5 5
103 102 5 5
104 100 5 5
104 103 5 5
105 100 5 5
105 102 5 5
106 103 5 5
106 104 5 5
107 100 5 5
107 105 5 5
108 103 5 5
108 104 5 5
109 108 5 5
109 106 5 5
110 105 5 5
110 106 5 5
111 104 5 5
111 108 5 5
112 110 5 5
112 102 5 5
113 103 5 5
113 112 5 5
114 104 5 5
114 110 5 5
115 105 5 5
115 108 5 5
116 107 5 5
116 113 5 5
117 115 5 5
117 103 5 5
118 108 5 5
118 104 5 5
119 107 5 5
119 113 5 5
100 109 5 5
100 118 5 5
101 114 5 5
101 112 5 5
122 121 6 6
122 120 6 6
123 122 6 6
123 120 6 6
124 123 6 6
124 121 6 6
125 124 6 6
125 123 6 6
126 125 6 6
126 123 6 6
127 126 6 6
127 123 6 6
128 126 6 6
128 125 6 6
129 123 6 6
129 125 6 6
130 126 6 6
130 128 6 6
131 125 6 6
131 127 6 6
132 122 6 6
132 131 6 6
133 120 6 6
133 121 6 6
134 129 6 6
134 124 6 6
135 123 6 6
135 134 6 6
136 125 6 6
136 127 6 6
137 127 6 6
137 133 6 6
138 131 6 6
138 130 6 6
139 128 6 6
139 130 6 6
120 124 6 6
120 136 6 6
121 132 6 6
121 137 6 6
142 141 7 7
142 140 7 7
143 141 7 7
143 140 7 7
144 143 7 7
144 141 7 7
145 141 7 7
145 143 7 7
146 144 7 7
146 145 7 7
147 141 7 7
147 146 7 7
148 147 7 7
148 144 7 7
149 140 7 7
149 144 7 7
150 146 7 7
150 141 7 7
151 146 7 7
151 141 7 7
152 140 7 7
152 143 7 7
153 143 7 7
153 144 7 7
154 143 7 7
154 150 7 7
155 149 7 7
155 154 7 7
156 145 7 7
156 143 7 7
157 150 7 7
157 153 7 7
158 142 7 7
158 141 7 7
159 151 7 7
159 155 7 7
140 156 7 7
140 145 7 7
141 146 7 7
141 153 7 7
162 160 8 8
162 161 8 8
163 160 8 8
163 162 8 8
164 161 8 8
164 163 8 8
165 161 8 8
165 162 8 8
166 160 8 8
166 163 8 8
167 166 8 8
167 160 8 8
168 167 8 8
168 162 8 8
169 165 8 8
169 160 8 8
170 160 8 8
170 167 8 8
171 164 8 8
171 170 8 8
172 164 8 8
172 161 8 8
173 163 8 8
173 162 8 8
174 170 8 8
174 163 8 8
175 169 8 8
175 165 8 8
176 172 8 8
176 163 8 8
177 173 8 8
177 163 8 8
178 163 8 8
178 160 8 8
179 163 8 8
179 172 8 8
160 177 8 8
160 174 8 8
161 166 8 8
161 178 8 8
182 180 9 9
182 181 9 9
183 181 9 9
183 182 9 9
184 183 9 9
184 182 9 9
185 184 9 9
185 183 9 9
186 182 9 9
186 181 9 9
187 186 9 9
187 185 9 9
188 186 9 9
188 183 9 9
189 183 9 9
189 187 9 9
190 183 9 9
190 185 9 9
191 182 9 9
191 190 9 9
192 184 9 9
192 185 9 9
193 181 9 9
193 187 9 9
194 182 9 9
194 180 9 9
195 192 9 9
195 182 9 9
196 189 9 9
196 195 9 9
197 180 9 9
197 186 9 9
198 196 9 9
198 195 9 9
199 185 9 9
199 187 9 9
180 193 9 9
180 187 9 9
181 199 9 9
181 191 9 9
202 201 10 10
202 200 10 10
203 200 10 10
203 202 10 10
204 202 10 10
204 201 10 10
205 202 10 10
205 203 10 10
206 204 10 10
206 200 10 10
207 204 10 10
207 205 10 10
208 203 10 10
208 200 10 10
209 201 10 10
209 204 10 10
210 204 10 10
210 207 10 10
211 206 10 10
211 204 10 10
212 203 10 10
212 200 10 10
213 201 10 10
213 203 10 10
214 204 10 10
214 208 10 10
215 210 10 10
215 213 10 10
216 206 10 10
216 201 10 10
217 211 10 10
217 208 10 10
218 208 10 10
218 215 10 10
219 202 10 10
219 210 10 10
200 216 10 10
200 213 10 10
201 214 10 10
201 211 10 10
222 221 11 11
222 220 11 11
223 221 11 11
223 220 11 11
224 221 11 11
224 220 11 11
225 222 11 11
225 223 11 11
226 225 11 11
226 220 11 11
227 223 11 11
227 221 11 11
228 222 11 11
228 223 11 11
229 224 11 11
229 222 11 11
230 228 11 11
230 229 11 11
231 223 11 11
231 225 11 11
232 223 11 11
232 226 11 11
233 229 11 11
233 223 11 11
234 220 11 11
234 226 11 11
235 231 11 11
235 230 11 11
236 220 11 11
236 229 11 11
237 233 11 11
237 228 11 11
238 220 11 11
238 230 11 11
239 233 11 11
239 235 11 11
220 231 11 11
220 235 11 11
221 225 11 11
221 235 11 11
242 241 12 12
242 240 12 12
243 242 12 12
243 240 12 12
244 240 12 12
244 243 12 12
245 240 12 12
245 243 12 12
246 243 12 12
246 241 12 12
247 244 12 12
247 246 12 12
248 246 12 12
248 243 12 12
249 247 12 12
249 246 12 12
250 240 12 12
250 245 12 12
251 243 12 12
251 247 12 12
252 247 12 12
252 242 12 12
253 250 12 12
253 245 12 12
254 249 12 12
254 252 12 12
255 240 12 12
255 248 12 12
256 249 12 12
256 248 12 12
257 241 12 12
257 240 12 12
258 240 12 12
258 245 12 12
259 253 12 12
259 255 12 12
240 254 12 12
240 256 12 12
241 252 12 12
241 245 12 12
262 260 13 13
262 261 13 13
263 261 13 13
263 262 13 13
264 262 13 13
264 260 13 13
265 260 13 13
265 263 13 13
266 262 13 13
266 264 13 13
267 262 13 13
267 261 13 13
268 264 13 13
268 260 13 13
269 261 13 13
269 262 13 13
270 266 13 13
270 263 13 13
271 260 13 13
271 268 13 13
272 268 13 13
272 263 13 13
273 267 13 13
273 272 13 13
274 264 13 13
274 270 13 13
275 267 13 13
275 269 13 13
276 265 13 13
276 274 13 13
277 270 13 13
277 274 13 13
278 273 13 13
278 260 13 13
279 263 13 13
279 268 13 13
260 272 13 13
260 274 13 13
261 272 13 13
261 278 13 13
282 281 14 14
282 280 14 14
283 280 14 14
283 281 14 14
284 280 14 14
284 283 14 14
285 282 14 14
285 284 14 14
286 281 14 14
286 282 14 14
287 286 14 14
287 280 14 14
288 281 14 14
288 285 14 14
289 284 14 14
289 281 14 14
290 283 14 14
290 286 14 14
291 289 14 14
291 282 14 14
292 286 14 14
292 285 14 14
293 286 14 14
293 280 14 14
294 292 14 14
294 287 14 14
295 290 14 14
295 293 14 14
296 282 14 14
296 285 14 14
297 282 14 14
297 288 14 14
298 290 14 14
298 291 14 14
299 284 14 14
299 287 14 14
280 294 14 14
280 295 14 14
281 292 14 14
281 294 14 14
302 300 15 15
302 301 15 15
303 302 15 15
303 300 15 15
304 301 15 15
304 302 15 15
305 304 15 15
305 300 15 15
306 302 15 15
306 303 15 15
307 305 15 15
307 303 15 15
308 307 15 15
308 301 15 15
309 308 15 15
309 301 15 15
310 304 15 15
310 300 15 15
311 307 15 15
311 301 15 15
312 308 15 15
312 305 15 15
313 301 15 15
313 307 15 15
314 310 15 15
314 311 15 15
315 313 15 15
315 305 15 15
316 304 15 15
316 315 15 15
317 314 15 15
317 307 15 15
318 316 15 15
318 309 15 15
319 314 15 15
319 304 15 15
300 316 15 15
300 306 15 15
301 306 15 15
301 312 15 15
49 0 2 0
46 27 2 1
70 5 3 0
78 39 3 1
85 44 4 2
99 18 4 0
117 55 5 2
117 60 5 3
121 37 6 1
139 92 6 4
145 28 7 1
140 95 7 4
177 67 8 3
160 47 8 2
193 164 9 8
182 72 9 3
207 101 10 5
212 78 10 3
237 52 11 2
238 179 11 8
249 172 12 8
246 93 12 4
271 122 13 6
267 174 13 8
280 239 14 11
287 99 14 4
307 197 15 9
317 6 15 0
7 229 0 11
1 287 0 14
28 244 1 12
27 287 1 14
