swNum = 320
edgeNum = 672

0 0
1 0
2 0
3 0
4 0
5 0
6 0
7 0
8 0
9 0
10 0
11 0
12 0
13 0
14 0
15 0
16 0
17 0
18 0
19 0
20 1
21 1
22 1
23 1
24 1
25 1
26 1
27 1
28 1
29 1
30 1
31 1
32 1
33 1
34 1
35 1
36 1
37 1
38 1
39 1
40 2
41 2
42 2
43 2
44 2
45 2
46 2
47 2
48 2
49 2
50 2
51 2
52 2
53 2
54 2
55 2
56 2
57 2
58 2
59 2
60 3
61 3
62 3
63 3
64 3
65 3
66 3
67 3
68 3
69 3
70 3
71 3
72 3
73 3
74 3
75 3
76 3
77 3
78 3
79 3
80 4
81 4
82 4
83 4
84 4
85 4
86 4
87 4
88 4
89 4
90 4
91 4
92 4
93 4
94 4
95 4
96 4
97 4
98 4
99 4
100 5
101 5
102 5
103 5
104 5
105 5
106 5
107 5
108 5
109 5
110 5
111 5
112 5
113 5
114 5
115 5
116 5
117 5
118 5
119 5
120 6
121 6
122 6
123 6
124 6
125 6
126 6
127 6
128 6
129 6
130 6
131 6
132 6
133 6
134 6
135 6
136 6
137 6
138 6
139 6
140 7
141 7
142 7
143 7
144 7
145 7
146 7
147 7
148 7
149 7
150 7
151 7
152 7
153 7
154 7
155 7
156 7
157 7
158 7
159 7
160 8
161 8
162 8
163 8
164 8
165 8
166 8
167 8
168 8
169 8
170 8
171 8
172 8
173 8
174 8
175 8
176 8
177 8
178 8
179 8
180 9
181 9
182 9
183 9
184 9
185 9
186 9
187 9
188 9
189 9
190 9
191 9
192 9
193 9
194 9
195 9
196 9
197 9
198 9
199 9
200 10
201 10
202 10
203 10
204 10
205 10
206 10
207 10
208 10
209 10
210 10
211 10
212 10
213 10
214 10
215 10
216 10
217 10
218 10
219 10
220 11
221 11
222 11
223 11
224 11
225 11
226 11
227 11
228 11
229 11
230 11
231 11
232 11
233 11
234 11
235 11
236 11
237 11
238 11
239 11
240 12
241 12
242 12
243 12
244 12
245 12
246 12
247 12
248 12
249 12
250 12
251 12
252 12
253 12
254 12
255 12
256 12
257 12
258 12
259 12
260 13
261 13
262 13
263 13
264 13
265 13
266 13
267 13
268 13
269 13
270 13
271 13
272 13
273 13
274 13
275 13
276 13
277 13
278 13
279 13
280 14
281 14
282 14
283 14
284 14
285 14
286 14
287 14
288 14
289 14
290 14
291 14
292 14
293 14
294 14
295 14
296 14
297 14
298 14
299 14
300 15
301 15
302 15
303 15
304 15
305 15
306 15
307 15
308 15
309 15
310 15
311 15
312 15
313 15
314 15
315 15
316 15
317 15
318 15
319 15

2 1 0 0
2 0 0 0
3 0 0 0
3 2 0 0
4 1 0 0
4 2 0 0
5 4 0 0
5 3 0 0
6 3 0 0
6 0 0 0
7 2 0 0
7 5 0 0
8 0 0 0
8 6 0 0
9 1 0 0
9 4 0 0
10 1 0 0
10 9 0 0
11 9 0 0
11 1 0 0
12 4 0 0
12 1 0 0
13 6 0 0
13 7 0 0
14 4 0 0
14 2 0 0
15 12 0 0
15 4 0 0
16 11 0 0
16 1 0 0
17 3 0 0
17 6 0 0
18 12 0 0
18 13 0 0
19 1 0 0
19 0 0 0
0 16 0 0
0 10 0 0
1 14 0 0
1 13 0 0
22 21 1 1
22 20 1 1
23 20 1 1
23 21 1 1
24 23 1 1
24 21 1 1
25 24 1 1
25 22 1 1
26 23 1 1
26 24 1 1
27 23 1 1
27 21 1 1
28 23 1 1
28 20 1 1
29 27 1 1
29 20 1 1
30 21 1 1
30 25 1 1
31 26 1 1
31 29 1 1
32 24 1 1
32 26 1 1
33 30 1 1
33 28 1 1
34 32 1 1
34 25 1 1
35 34 1 1
35 28 1 1
36 29 1 1
36 24 1 1
37 32 1 1
37 30 1 1
38 33 1 1
38 36 1 1
39 38 1 1
39 35 1 1
20 24 1 1
20 33 1 1
21 28 1 1
21 37 1 1
42 40 2 2
42 41 2 2
43 40 2 2
43 42 2 2
44 42 2 2
44 40 2 2
45 41 2 2
45 40 2 2
46 43 2 2
46 45 2 2
47 42 2 2
47 46 2 2
48 40 2 2
48 41 2 2
49 40 2 2
49 42 2 2
50 43 2 2
50 44 2 2
51 42 2 2
51 43 2 2
52 46 2 2
52 47 2 2
53 40 2 2
53 52 2 2
54 46 2 2
54 52 2 2
55 46 2 2
55 43 2 2
56 50 2 2
56 53 2 2
57 56 2 2
57 46 2 2
58 44 2 2
58 52 2 2
59 57 2 2
59 50 2 2
40 59 2 2
40 51 2 2
41 50 2 2
41 47 2 2
62 61 3 3
62 60 3 3
63 60 3 3
63 62 3 3
64 63 3 3
64 62 3 3
65 62 3 3
65 64 3 3
66 61 3 3
66 65 3 3
67 65 3 3
67 66 3 3
68 63 3 3
68 61 3 3
69 65 3 3
69 62 3 3
70 65 3 3
70 62 3 3
71 61 3 3
71 62 3 3
72 68 3 3
72 61 3 3
73 70 3 3
73 71 3 3
74 65 3 3
74 69 3 3
75 66 3 3
75 73 3 3
76 65 3 3
76 62 3 3
77 75 3 3
77 67 3 3
78 65 3 3
78 66 3 3
79 62 3 3
79 76 3 3
60 72 3 3
60 68 3 3
61 74 3 3
61 65 3 3
82 81 4 4
82 80 4 4
83 80 4 4
83 81 4 4
84 83 4 4
84 82 4 4
85 83 4 4
85 84 4 4
86 85 4 4
86 83 4 4
87 81 4 4
87 83 4 4
88 83 4 4
88 85 4 4
89 82 4 4
89 84 4 4
90 80 4 4
90 81 4 4
91 88 4 4
91 90 4 4
92 89 4 4
92 82 4 4
93 82 4 4
93 84 4 4
94 86 4 4
94 85 4 4
95 84 4 4
95 83 4 4
96 90 4 4
96 88 4 4
97 88 4 4
97 87 4 4
98 84 4 4
98 88 4 4
99 89 4 4
99 93 4 4
80 93 4 4
80 95 4 4
81 92 4 4
81 93 4 4
102 100 5 5
102 101 5 5
103 100 5 5
103 101 5 5
104 103 5 5
104 102 5 5
105 102 5 5
105 103 5 5
106 104 5 5
106 102 5 5
107 100 5 5
107 101 5 5
108 104 5 5
108 103 5 5
109 106 5 5
109 103 5 5
110 104 5 5
110 105 5 5
111 109 5 5
111 105 5 5
112 109 5 5
112 105 5 5
113 110 5 5
113 107 5 5
114 110 5 5
114 102 5 5
115 111 5 5
115 110 5 5
116 112 5 5
116 105 5 5
117 105 5 5
117 115 5 5
118 106 5 5
118 115 5 5
119 102 5 5
119 116 5 5
100 118 5 5
100 106 5 5
101 113 5 5
101 109 5 5
122 121 6 6
122 120 6 6
123 120 6 6
123 121 6 6
124 122 6 6
124 120 6 6
125 122 6 6
125 121 6 6
126 121 6 6
126 124 6 6
127 120 6 6
127 125 6 6
128 126 6 6
128 124 6 6
129 126 6 6
129 128 6 6
130 129 6 6
130 126 6 6
131 124 6 6
131 126 6 6
132 127 6 6
132 121 6 6
133 127 6 6
133 128 6 6
134 127 6 6
134 123 6 6
135 121 6 6
135 134 6 6
136 126 6 6
136 124 6 6
137 132 6 6
137 129 6 6
138 137 6 6
138 121 6 6
139 134 6 6
139 137 6 6
120 129 6 6
120 133 6 6
121 136 6 6
121 129 6 6
142 140 7 7
142 141 7 7
143 140 7 7
143 142 7 7
144 143 7 7
144 142 7 7
145 142 7 7
145 144 7 7
146 145 7 7
146 142 7 7
147 143 7 7
147 141 7 7
148 141 7 7
148 142 7 7
149 142 7 7
149 143 7 7
150 142 7 7
150 140 7 7
151 147 7 7
151 140 7 7
152 141 7 7
152 147 7 7
153 152 7 7
153 144 7 7
154 144 7 7
154 148 7 7
155 153 7 7
155 147 7 7
156 141 7 7
156 149 7 7
157 156 7 7
157 140 7 7
158 148 7 7
158 155 7 7
159 147 7 7
159 150 7 7
140 149 7 7
140 153 7 7
141 154 7 7
141 155 7 7
162 160 8 8
162 161 8 8
163 160 8 8
163 162 8 8
164 162 8 8
164 161 8 8
165 160 8 8
165 164 8 8
166 160 8 8
166 164 8 8
167 165 8 8
167 162 8 8
168 161 8 8
168 166 8 8
169 163 8 8
169 160 8 8
170 160 8 8
170 169 8 8
171 164 8 8
171 169 8 8
172 163 8 8
172 170 8 8
173 172 8 8
173 160 8 8
174 163 8 8
174 165 8 8
175 162 8 8
175 163 8 8
176 171 8 8
176 164 8 8
177 162 8 8
177 175 8 8
178 163 8 8
178 168 8 8
179 161 8 8
179 173 8 8
160 176 8 8
160 171 8 8
161 178 8 8
161 173 8 8
182 180 9 9
182 181 9 9
183 181 9 9
183 182 9 9
184 182 9 9
184 183 9 9
185 183 9 9
185 181 9 9
186 184 9 9
186 181 9 9
187 183 9 9
187 180 9 9
188 186 9 9
188 181 9 9
189 183 9 9
189 185 9 9
190 186 9 9
190 189 9 9
191 190 9 9
191 182 9 9
192 180 9 9
192 187 9 9
193 184 9 9
193 186 9 9
194 180 9 9
194 182 9 9
195 190 9 9
195 189 9 9
196 184 9 9
196 194 9 9
197 182 9 9
197 186 9 9
198 197 9 9
198 180 9 9
199 197 9 9
199 180 9 9
180 184 9 9
180 186 9 9
181 197 9 9
181 187 9 9
202 201 10 10
202 200 10 10
203 202 10 10
203 200 10 10
204 200 10 10
204 203 10 10
205 201 10 10
205 203 10 10
206 202 10 10
206 205 10 10
207 206 10 10
207 200 10 10
208 206 10 10
208 205 10 10
209 201 10 10
209 203 10 10
210 207 10 10
210 205 10 10
211 210 10 10
211 203 10 10
212 208 10 10
212 203 10 10
213 212 10 10
213 207 10 10
214 211 10 10
214 203 10 10
215 205 10 10
215 212 10 10
216 211 10 10
216 214 10 10
217 214 10 10
217 210 10 10
218 214 10 10
218 213 10 10
219 211 10 10
219 205 10 10
200 206 10 10
200 217 10 10
201 215 10 10
201 210 10 10
222 220 11 11
222 221 11 11
223 222 11 11
223 221 11 11
224 223 11 11
224 221 11 11
225 223 11 11
225 221 11 11
226 225 11 11
226 220 11 11
227 224 11 11
227 221 11 11
228 225 11 11
228 222 11 11
229 226 11 11
229 223 11 11
230 227 11 11
230 221 11 11
231 221 11 11
231 226 11 11
232 227 11 11
232 228 11 11
233 226 11 11
233 229 11 11
234 223 11 11
234 225 11 11
235 232 11 11
235 222 11 11
236 225 11 11
236 230 11 11
237 228 11 11
237 223 11 11
238 235 11 11
238 234 11 11
239 220 11 11
239 222 11 11
220 234 11 11
220 229 11 11
221 232 11 11
221 226 11 11
242 240 12 12
242 241 12 12
243 240 12 12
243 241 12 12
244 242 12 12
244 240 12 12
245 244 12 12
245 240 12 12
246 245 12 12
246 240 12 12
247 244 12 12
247 240 12 12
248 240 12 12
248 243 12 12
249 240 12 12
249 242 12 12
250 245 12 12
250 243 12 12
251 247 12 12
251 246 12 12
252 243 12 12
252 248 12 12
253 246 12 12
253 248 12 12
254 244 12 12
254 246 12 12
255 251 12 12
255 245 12 12
256 242 12 12
256 251 12 12
257 248 12 12
257 250 12 12
258 248 12 12
258 245 12 12
259 245 12 12
259 246 12 12
240 250 12 12
240 259 12 12
241 249 12 12
241 250 12 12
262 261 13 13
262 260 13 13
263 261 13 13
263 260 13 13
264 262 13 13
264 263 13 13
265 262 13 13
265 263 13 13
266 262 13 13
266 260 13 13
267 260 13 13
267 263 13 13
268 265 13 13
268 262 13 13
269 263 13 13
269 262 13 13
270 260 13 13
270 262 13 13
271 265 13 13
271 268 13 13
272 262 13 13
272 268 13 13
273 270 13 13
273 261 13 13
274 271 13 13
274 262 13 13
275 267 13 13
275 271 13 13
276 271 13 13
276 263 13 13
277 260 13 13
277 265 13 13
278 272 13 13
278 261 13 13
279 266 13 13
279 277 13 13
260 279 13 13
260 275 13 13
261 269 13 13
261 277 13 13
282 281 14 14
282 280 14 14
283 280 14 14
283 281 14 14
284 282 14 14
284 280 14 14
285 284 14 14
285 281 14 14
286 285 14 14
286 284 14 14
287 283 14 14
287 285 14 14
288 282 14 14
288 284 14 14
289 281 14 14
289 280 14 14
290 283 14 14
290 280 14 14
291 282 14 14
291 288 14 14
292 291 14 14
292 282 14 14
293 292 14 14
293 281 14 14
294 281 14 14
294 288 14 14
295 293 14 14
295 286 14 14
296 288 14 14
296 280 14 14
297 288 14 14
297 284 14 14
298 284 14 14
298 296 14 14
299 296 14 14
299 294 14 14
280 295 14 14
280 294 14 14
281 296 14 14
281 291 14 14
302 300 15 15
302 301 15 15
303 300 15 15
303 301 15 15
304 301 15 15
304 302 15 15
305 303 15 15
305 302 15 15
306 303 15 15
306 304 15 15
307 301 15 15
307 305 15 15
308 304 15 15
308 302 15 15
309 301 15 15
309 302 15 15
310 301 15 15
310 309 15 15
311 307 15 15
311 300 15 15
312 306 15 15
312 309 15 15
313 312 15 15
313 301 15 15
314 308 15 15
314 309 15 15
315 300 15 15
315 312 15 15
316 310 15 15
316 312 15 15
317 313 15 15
317 300 15 15
318 308 15 15
318 307 15 15
319 313 15 15
319 305 15 15
300 305 15 15
300 304 15 15
301 311 15 15
301 305 15 15
51 9 2 0
54 34 2 1
64 24 3 1
77 49 3 2
91 58 4 2
99 13 4 0
117 2 5 0
113 30 5 1
135 1 6 0
129 58 6 2
152 77 7 3
145 121 7 6
163 75 8 3
163 56 8 2
194 140 9 7
186 27 9 1
208 80 10 4
216 174 10 8
237 14 11 0
223 84 11 4
251 148 12 7
257 102 12 5
265 192 13 9
274 239 13 11
291 216 14 10
293 118 14 5
319 53 15 2
305 178 15 8
18 197 0 9
0 280 0 14
28 314 1 15
26 128 1 6
