swNum = 320
edgeNum = 672

0 0
1 0
2 0
3 0
4 0
5 0
6 0
7 0
8 0
9 0
10 0
11 0
12 0
13 0
14 0
15 0
16 0
17 0
18 0
19 0
20 1
21 1
22 1
23 1
24 1
25 1
26 1
27 1
28 1
29 1
30 1
31 1
32 1
33 1
34 1
35 1
36 1
37 1
38 1
39 1
40 2
41 2
42 2
43 2
44 2
45 2
46 2
47 2
48 2
49 2
50 2
51 2
52 2
53 2
54 2
55 2
56 2
57 2
58 2
59 2
60 3
61 3
62 3
63 3
64 3
65 3
66 3
67 3
68 3
69 3
70 3
71 3
72 3
73 3
74 3
75 3
76 3
77 3
78 3
79 3
80 4
81 4
82 4
83 4
84 4
85 4
86 4
87 4
88 4
89 4
90 4
91 4
92 4
93 4
94 4
95 4
96 4
97 4
98 4
99 4
100 5
101 5
102 5
103 5
104 5
105 5
106 5
107 5
108 5
109 5
110 5
111 5
112 5
113 5
114 5
115 5
116 5
117 5
118 5
119 5
120 6
121 6
122 6
123 6
124 6
125 6
126 6
127 6
128 6
129 6
130 6
131 6
132 6
133 6
134 6
135 6
136 6
137 6
138 6
139 6
140 7
141 7
142 7
143 7
144 7
145 7
146 7
147 7
148 7
149 7
150 7
151 7
152 7
153 7
154 7
155 7
156 7
157 7
158 7
159 7
160 8
161 8
162 8
163 8
164 8
165 8
166 8
167 8
168 8
169 8
170 8
171 8
172 8
173 8
174 8
175 8
176 8
177 8
178 8
179 8
180 9
181 9
182 9
183 9
184 9
185 9
186 9
187 9
188 9
189 9
190 9
191 9
192 9
193 9
194 9
195 9
196 9
197 9
198 9
199 9
200 10
201 10
202 10
203 10
204 10
205 10
206 10
207 10
208 10
209 10
210 10
211 10
212 10
213 10
214 10
215 10
216 10
217 10
218 10
219 10
220 11
221 11
222 11
223 11
224 11
225 11
226 11
227 11
228 11
229 11
230 11
231 11
232 11
233 11
234 11
235 11
236 11
237 11
238 11
239 11
240 12
241 12
242 12
243 12
244 12
245 12
246 12
247 12
248 12
249 12
250 12
251 12
252 12
253 12
254 12
255 12
256 12
257 12
258 12
259 12
260 13
261 13
262 13
263 13
264 13
265 13
266 13
267 13
268 13
269 13
270 13
271 13
272 13
273 13
274 13
275 13
276 13
277 13
278 13
279 13
280 14
281 14
282 14
283 14
284 14
285 14
286 14
287 14
288 14
289 14
290 14
291 14
292 14
293 14
294 14
295 14
296 14
297 14
298 14
299 14
300 15
301 15
302 15
303 15
304 15
305 15
306 15
307 15
308 15
309 15
310 15
311 15
312 15
313 15
314 15
315 15
316 15
317 15
318 15
319 15

2 0 0 0
2 1 0 0
3 0 0 0
3 1 0 0
4 0 0 0
4 1 0 0
5 4 0 0
5 1 0 0
6 3 0 0
6 5 0 0
7 5 0 0
7 2 0 0
8 5 0 0
8 2 0 0
9 1 0 0
9 3 0 0
10 0 0 0
10 7 0 0
11 1 0 0
11 10 0 0
12 10 0 0
12 2 0 0
13 11 0 0
13 2 0 0
14 13 0 0
14 7 0 0
15 0 0 0
15 6 0 0
16 3 0 0
16 1 0 0
17 16 0 0
17 1 0 0
18 14 0 0
18 11 0 0
19 17 0 0
19 18 0 0
0 16 0 0
0 13 0 0
1 14 0 0
1 18 0 0
22 21 1 1
22 20 1 1
23 22 1 1
23 20 1 1
24 23 1 1
24 22 1 1
25 22 1 1
25 21 1 1
26 25 1 1
26 22 1 1
27 21 1 1
27 25 1 1
28 26 1 1
28 25 1 1
29 21 1 1
29 24 1 1
30 24 1 1
30 29 1 1
31 25 1 1
31 28 1 1
32 30 1 1
32 23 1 1
33 31 1 1
33 20 1 1
34 28 1 1
34 25 1 1
35 34 1 1
35 24 1 1
36 33 1 1
36 28 1 1
37 30 1 1
37 28 1 1
38 35 1 1
38 26 1 1
39 33 1 1
39 36 1 1
20 32 1 1
20 31 1 1
21 35 1 1
21 28 1 1
42 40 2 2
42 41 2 2
43 40 2 2
43 42 2 2
44 40 2 2
44 42 2 2
45 44 2 2
45 41 2 2
46 41 2 2
46 43 2 2
47 43 2 2
47 44 2 2
48 46 2 2
48 43 2 2
49 41 2 2
49 42 2 2
50 44 2 2
50 49 2 2
51 48 2 2
51 45 2 2
52 45 2 2
52 40 2 2
53 40 2 2
53 52 2 2
54 50 2 2
54 47 2 2
55 52 2 2
55 47 2 2
56 49 2 2
56 40 2 2
57 50 2 2
57 53 2 2
58 57 2 2
58 40 2 2
59 46 2 2
59 43 2 2
40 49 2 2
40 55 2 2
41 54 2 2
41 48 2 2
62 61 3 3
62 60 3 3
63 62 3 3
63 60 3 3
64 62 3 3
64 61 3 3
65 64 3 3
65 61 3 3
66 62 3 3
66 63 3 3
67 60 3 3
67 64 3 3
68 62 3 3
68 66 3 3
69 63 3 3
69 60 3 3
70 62 3 3
70 68 3 3
71 70 3 3
71 68 3 3
72 61 3 3
72 67 3 3
73 67 3 3
73 62 3 3
74 71 3 3
74 68 3 3
75 63 3 3
75 62 3 3
76 66 3 3
76 72 3 3
77 63 3 3
77 72 3 3
78 64 3 3
78 70 3 3
79 69 3 3
79 73 3 3
60 76 3 3
60 75 3 3
61 73 3 3
61 69 3 3
82 81 4 4
82 80 4 4
83 82 4 4
83 80 4 4
84 81 4 4
84 80 4 4
85 80 4 4
85 84 4 4
86 80 4 4
86 83 4 4
87 82 4 4
87 86 4 4
88 86 4 4
88 80 4 4
89 87 4 4
89 88 4 4
90 83 4 4
90 86 4 4
91 87 4 4
91 88 4 4
92 82 4 4
92 90 4 4
93 91 4 4
93 85 4 4
94 85 4 4
94 92 4 4
95 87 4 4
95 82 4 4
96 88 4 4
96 80 4 4
97 92 4 4
97 91 4 4
98 82 4 4
98 83 4 4
99 82 4 4
99 80 4 4
80 97 4 4
80 94 4 4
81 96 4 4
81 94 4 4
102 100 5 5
102 101 5 5
103 101 5 5
103 100 5 5
104 102 5 5
104 101 5 5
105 102 5 5
105 104 5 5
106 104 5 5
106 101 5 5
107 106 5 5
107 104 5 5
108 103 5 5
108 104 5 5
109 103 5 5
109 104 5 5
110 105 5 5
110 100 5 5
111 104 5 5
111 103 5 5
112 107 5 5
112 102 5 5
113 104 5 5
113 105 5 5
114 101 5 5
114 108 5 5
115 108 5 5
115 103 5 5
116 105 5 5
116 106 5 5
117 100 5 5
117 105 5 5
118 109 5 5
118 108 5 5
119 111 5 5
119 109 5 5
100 109 5 5
100 112 5 5
101 107 5 5
101 116 5 5
122 120 6 6
122 121 6 6
123 121 6 6
123 120 6 6
124 121 6 6
124 123 6 6
125 122 6 6
125 120 6 6
126 120 6 6
126 125 6 6
127 120 6 6
127 123 6 6
128 127 6 6
128 123 6 6
129 120 6 6
129 126 6 6
130 127 6 6
130 123 6 6
131 124 6 6
131 130 6 6
132 120 6 6
132 128 6 6
133 120 6 6
133 127 6 6
134 126 6 6
134 133 6 6
135 131 6 6
135 132 6 6
136 120 6 6
136 135 6 6
137 121 6 6
137 136 6 6
138 121 6 6
138 136 6 6
139 121 6 6
139 122 6 6
120 134 6 6
120 139 6 6
121 132 6 6
121 125 6 6
142 141 7 7
142 140 7 7
143 141 7 7
143 142 7 7
144 142 7 7
144 143 7 7
145 144 7 7
145 140 7 7
146 143 7 7
146 144 7 7
147 144 7 7
147 146 7 7
148 142 7 7
148 143 7 7
149 144 7 7
149 146 7 7
150 140 7 7
150 145 7 7
151 150 7 7
151 149 7 7
152 149 7 7
152 148 7 7
153 147 7 7
153 144 7 7
154 142 7 7
154 152 7 7
155 153 7 7
155 141 7 7
156 142 7 7
156 154 7 7
157 153 7 7
157 155 7 7
158 154 7 7
158 142 7 7
159 147 7 7
159 144 7 7
140 146 7 7
140 159 7 7
141 145 7 7
141 151 7 7
162 160 8 8
162 161 8 8
163 162 8 8
163 160 8 8
164 160 8 8
164 161 8 8
165 163 8 8
165 161 8 8
166 162 8 8
166 163 8 8
167 161 8 8
167 163 8 8
168 166 8 8
168 163 8 8
169 164 8 8
169 165 8 8
170 164 8 8
170 169 8 8
171 168 8 8
171 162 8 8
172 169 8 8
172 161 8 8
173 163 8 8
173 165 8 8
174 162 8 8
174 169 8 8
175 168 8 8
175 172 8 8
176 170 8 8
176 172 8 8
177 168 8 8
177 162 8 8
178 172 8 8
178 174 8 8
179 160 8 8
179 167 8 8
160 177 8 8
160 174 8 8
161 176 8 8
161 169 8 8
182 180 9 9
182 181 9 9
183 180 9 9
183 182 9 9
184 181 9 9
184 183 9 9
185 181 9 9
185 180 9 9
186 183 9 9
186 184 9 9
187 186 9 9
187 180 9 9
188 185 9 9
188 181 9 9
189 181 9 9
189 188 9 9
190 188 9 9
190 185 9 9
191 183 9 9
191 185 9 9
192 184 9 9
192 183 9 9
193 190 9 9
193 186 9 9
194 188 9 9
194 185 9 9
195 180 9 9
195 191 9 9
196 181 9 9
196 187 9 9
197 196 9 9
197 184 9 9
198 183 9 9
198 195 9 9
199 183 9 9
199 181 9 9
180 193 9 9
180 197 9 9
181 193 9 9
181 195 9 9
202 200 10 10
202 201 10 10
203 200 10 10
203 202 10 10
204 200 10 10
204 202 10 10
205 203 10 10
205 201 10 10
206 204 10 10
206 205 10 10
207 205 10 10
207 200 10 10
208 203 10 10
208 207 10 10
209 203 10 10
209 200 10 10
210 208 10 10
210 209 10 10
211 210 10 10
211 203 10 10
212 210 10 10
212 211 10 10
213 212 10 10
213 211 10 10
214 208 10 10
214 204 10 10
215 210 10 10
215 203 10 10
216 205 10 10
216 210 10 10
217 211 10 10
217 216 10 10
218 201 10 10
218 208 10 10
219 203 10 10
219 212 10 10
200 218 10 10
200 210 10 10
201 209 10 10
201 206 10 10
222 221 11 11
222 220 11 11
223 222 11 11
223 220 11 11
224 223 11 11
224 220 11 11
225 220 11 11
225 222 11 11
226 225 11 11
226 220 11 11
227 223 11 11
227 224 11 11
228 227 11 11
228 224 11 11
229 228 11 11
229 226 11 11
230 228 11 11
230 224 11 11
231 227 11 11
231 224 11 11
232 220 11 11
232 221 11 11
233 231 11 11
233 227 11 11
234 226 11 11
234 222 11 11
235 223 11 11
235 234 11 11
236 230 11 11
236 221 11 11
237 232 11 11
237 229 11 11
238 235 11 11
238 232 11 11
239 236 11 11
239 233 11 11
220 234 11 11
220 229 11 11
221 234 11 11
221 229 11 11
242 241 12 12
242 240 12 12
243 241 12 12
243 242 12 12
244 240 12 12
244 241 12 12
245 241 12 12
245 240 12 12
246 243 12 12
246 244 12 12
247 240 12 12
247 243 12 12
248 243 12 12
248 247 12 12
249 240 12 12
249 244 12 12
250 245 12 12
250 246 12 12
251 241 12 12
251 246 12 12
252 243 12 12
252 240 12 12
253 247 12 12
253 245 12 12
254 240 12 12
254 246 12 12
255 251 12 12
255 243 12 12
256 249 12 12
256 247 12 12
257 248 12 12
257 246 12 12
258 242 12 12
258 256 12 12
259 241 12 12
259 247 12 12
240 250 12 12
240 258 12 12
241 249 12 12
241 250 12 12
262 260 13 13
262 261 13 13
263 260 13 13
263 261 13 13
264 260 13 13
264 263 13 13
265 262 13 13
265 264 13 13
266 262 13 13
266 261 13 13
267 262 13 13
267 266 13 13
268 266 13 13
268 264 13 13
269 265 13 13
269 261 13 13
270 261 13 13
270 263 13 13
271 264 13 13
271 263 13 13
272 261 13 13
272 270 13 13
273 268 13 13
273 262 13 13
274 270 13 13
274 263 13 13
275 263 13 13
275 262 13 13
276 264 13 13
276 263 13 13
277 260 13 13
277 262 13 13
278 264 13 13
278 274 13 13
279 276 13 13
279 275 13 13
260 276 13 13
260 270 13 13
261 279 13 13
261 275 13 13
282 280 14 14
282 281 14 14
283 281 14 14
283 280 14 14
284 281 14 14
284 280 14 14
285 284 14 14
285 283 14 14
286 280 14 14
286 283 14 14
287 284 14 14
287 281 14 14
288 280 14 14
288 283 14 14
289 286 14 14
289 280 14 14
290 287 14 14
290 282 14 14
291 285 14 14
291 281 14 14
292 281 14 14
292 285 14 14
293 282 14 14
293 286 14 14
294 291 14 14
294 284 14 14
295 283 14 14
295 284 14 14
296 282 14 14
296 280 14 14
297 290 14 14
297 285 14 14
298 285 14 14
298 286 14 14
299 292 14 14
299 290 14 14
280 290 14 14
280 295 14 14
281 295 14 14
281 294 14 14
302 301 15 15
302 300 15 15
303 302 15 15
303 301 15 15
304 303 15 15
304 301 15 15
305 302 15 15
305 304 15 15
306 302 15 15
306 305 15 15
307 305 15 15
307 302 15 15
308 300 15 15
308 301 15 15
309 306 15 15
309 303 15 15
310 306 15 15
310 302 15 15
311 309 15 15
311 306 15 15
312 304 15 15
312 311 15 15
313 307 15 15
313 303 15 15
314 312 15 15
314 311 15 15
315 302 15 15
315 310 15 15
316 308 15 15
316 309 15 15
317 308 15 15
317 315 15 15
318 312 15 15
318 307 15 15
319 300 15 15
319 302 15 15
300 306 15 15
300 303 15 15
301 319 15 15
301 306 15 15
41 8 2 0
51 34 2 1
69 59 3 2
75 27 3 1
88 46 4 2
89 69 4 3
100 10 5 0
103 65 5 3
132 32 6 1
121 78 6 3
148 25 7 1
150 123 7 6
161 34 8 1
172 92 8 4
182 109 9 5
195 66 9 3
203 141 10 7
212 125 10 6
226 156 11 7
227 36 11 1
249 18 12 0
245 67 12 3
264 24 13 1
265 246 13 12
295 250 14 12
282 278 14 13
317 298 15 14
302 205 15 10
17 183 0 9
2 81 0 4
31 312 1 15
27 118 1 5
