swNum = 320
edgeNum = 672

0 0
1 0
2 0
3 0
4 0
5 0
6 0
7 0
8 0
9 0
10 0
11 0
12 0
13 0
14 0
15 0
16 0
17 0
18 0
19 0
20 1
21 1
22 1
23 1
24 1
25 1
26 1
27 1
28 1
29 1
30 1
31 1
32 1
33 1
34 1
35 1
36 1
37 1
38 1
39 1
40 2
41 2
42 2
43 2
44 2
45 2
46 2
47 2
48 2
49 2
50 2
51 2
52 2
53 2
54 2
55 2
56 2
57 2
58 2
59 2
60 3
61 3
62 3
63 3
64 3
65 3
66 3
67 3
68 3
69 3
70 3
71 3
72 3
73 3
74 3
75 3
76 3
77 3
78 3
79 3
80 4
81 4
82 4
83 4
84 4
85 4
86 4
87 4
88 4
89 4
90 4
91 4
92 4
93 4
94 4
95 4
96 4
97 4
98 4
99 4
100 5
101 5
102 5
103 5
104 5
105 5
106 5
107 5
108 5
109 5
110 5
111 5
112 5
113 5
114 5
115 5
116 5
117 5
118 5
119 5
120 6
121 6
122 6
123 6
124 6
125 6
126 6
127 6
128 6
129 6
130 6
131 6
132 6
133 6
134 6
135 6
136 6
137 6
138 6
139 6
140 7
141 7
142 7
143 7
144 7
145 7
146 7
147 7
148 7
149 7
150 7
151 7
152 7
153 7
154 7
155 7
156 7
157 7
158 7
159 7
160 8
161 8
162 8
163 8
164 8
165 8
166 8
167 8
168 8
169 8
170 8
171 8
172 8
173 8
174 8
175 8
176 8
177 8
178 8
179 8
180 9
181 9
182 9
183 9
184 9
185 9
186 9
187 9
188 9
189 9
190 9
191 9
192 9
193 9
194 9
195 9
196 9
197 9
198 9
199 9
200 10
201 10
202 10
203 10
204 10
205 10
206 10
207 10
208 10
209 10
210 10
211 10
212 10
213 10
214 10
215 10
216 10
217 10
218 10
219 10
220 11
221 11
222 11
223 11
224 11
225 11
226 11
227 11
228 11
229 11
230 11
231 11
232 11
233 11
234 11
235 11
236 11
237 11
238 11
239 11
240 12
241 12
242 12
243 12
244 12
245 12
246 12
247 12
248 12
249 12
250 12
251 12
252 12
253 12
254 12
255 12
256 12
257 12
258 12
259 12
260 13
261 13
262 13
263 13
264 13
265 13
266 13
267 13
268 13
269 13
270 13
271 13
272 13
273 13
274 13
275 13
276 13
277 13
278 13
279 13
280 14
281 14
282 14
283 14
284 14
285 14
286 14
287 14
288 14
289 14
290 14
291 14
292 14
293 14
294 14
295 14
296 14
297 14
298 14
299 14
300 15
301 15
302 15
303 15
304 15
305 15
306 15
307 15
308 15
309 15
310 15
311 15
312 15
313 15
314 15
315 15
316 15
317 15
318 15
319 15

2 1 0 0
2 0 0 0
3 1 0 0
3 2 0 0
4 2 0 0
4 1 0 0
5 3 0 0
5 1 0 0
6 0 0 0
6 4 0 0
7 2 0 0
7 6 0 0
8 2 0 0
8 6 0 0
9 1 0 0
9 0 0 0
10 8 0 0
10 1 0 0
11 6 0 0
11 0 0 0
12 9 0 0
12 10 0 0
13 6 0 0
13 9 0 0
14 12 0 0
14 0 0 0
15 7 0 0
15 4 0 0
16 15 0 0
16 14 0 0
17 4 0 0
17 16 0 0
18 16 0 0
18 1 0 0
19 9 0 0
19 14 0 0
0 10 0 0
0 16 0 0
1 15 0 0
1 12 0 0
22 20 1 1
22 21 1 1
23 21 1 1
23 22 1 1
24 21 1 1
24 23 1 1
25 20 1 1
25 21 1 1
26 21 1 1
26 25 1 1
27 21 1 1
27 25 1 1
28 24 1 1
28 25 1 1
29 25 1 1
29 27 1 1
30 22 1 1
30 27 1 1
31 23 1 1
31 22 1 1
32 29 1 1
32 26 1 1
33 23 1 1
33 30 1 1
34 32 1 1
34 33 1 1
35 33 1 1
35 28 1 1
36 34 1 1
36 21 1 1
37 25 1 1
37 21 1 1
38 30 1 1
38 34 1 1
39 35 1 1
39 37 1 1
20 27 1 1
20 30 1 1
21 29 1 1
21 34 1 1
42 41 2 2
42 40 2 2
43 41 2 2
43 42 2 2
44 43 2 2
44 40 2 2
45 43 2 2
45 42 2 2
46 41 2 2
46 43 2 2
47 40 2 2
47 43 2 2
48 41 2 2
48 44 2 2
49 47 2 2
49 40 2 2
50 45 2 2
50 42 2 2
51 48 2 2
51 42 2 2
52 45 2 2
52 48 2 2
53 47 2 2
53 49 2 2
54 48 2 2
54 43 2 2
55 49 2 2
55 42 2 2
56 40 2 2
56 46 2 2
57 40 2 2
57 56 2 2
58 42 2 2
58 56 2 2
59 48 2 2
59 56 2 2
40 43 2 2
40 45 2 2
41 58 2 2
41 44 2 2
62 60 3 3
62 61 3 3
63 61 3 3
63 60 3 3
64 63 3 3
64 62 3 3
65 60 3 3
65 61 3 3
66 61 3 3
66 65 3 3
67 62 3 3
67 63 3 3
68 61 3 3
68 64 3 3
69 68 3 3
69 63 3 3
70 69 3 3
70 68 3 3
71 65 3 3
71 61 3 3
72 64 3 3
72 69 3 3
73 63 3 3
73 67 3 3
74 69 3 3
74 67 3 3
75 63 3 3
75 73 3 3
76 66 3 3
76 61 3 3
77 68 3 3
77 60 3 3
78 66 3 3
78 75 3 3
79 72 3 3
79 66 3 3
60 66 3 3
60 76 3 3
61 75 3 3
61 73 3 3
82 81 4 4
82 80 4 4
83 81 4 4
83 82 4 4
84 83 4 4
84 80 4 4
85 82 4 4
85 84 4 4
86 81 4 4
86 85 4 4
87 81 4 4
87 86 4 4
88 81 4 4
88 85 4 4
89 85 4 4
89 87 4 4
90 84 4 4
90 86 4 4
91 89 4 4
91 80 4 4
92 87 4 4
92 84 4 4
93 83 4 4
93 87 4 4
94 91 4 4
94 85 4 4
95 87 4 4
95 90 4 4
96 80 4 4
96 84 4 4
97 80 4 4
97 92 4 4
98 81 4 4
98 84 4 4
99 98 4 4
99 86 4 4
80 98 4 4
80 92 4 4
81 92 4 4
81 84 4 4
102 101 5 5
102 100 5 5
103 101 5 5
103 100 5 5
104 101 5 5
104 103 5 5
105 101 5 5
105 103 5 5
106 104 5 5
106 101 5 5
107 101 5 5
107 103 5 5
108 107 5 5
108 102 5 5
109 103 5 5
109 104 5 5
110 101 5 5
110 100 5 5
111 108 5 5
111 101 5 5
112 111 5 5
112 108 5 5
113 102 5 5
113 104 5 5
114 113 5 5
114 103 5 5
115 103 5 5
115 111 5 5
116 104 5 5
116 108 5 5
117 109 5 5
117 102 5 5
118 117 5 5
118 103 5 5
119 115 5 5
119 113 5 5
100 115 5 5
100 119 5 5
101 118 5 5
101 109 5 5
122 121 6 6
122 120 6 6
123 122 6 6
123 120 6 6
124 120 6 6
124 122 6 6
125 122 6 6
125 123 6 6
126 120 6 6
126 121 6 6
127 120 6 6
127 125 6 6
128 127 6 6
128 121 6 6
129 120 6 6
129 128 6 6
130 122 6 6
130 123 6 6
131 126 6 6
131 121 6 6
132 120 6 6
132 129 6 6
133 127 6 6
133 120 6 6
134 128 6 6
134 132 6 6
135 133 6 6
135 127 6 6
136 133 6 6
136 126 6 6
137 132 6 6
137 120 6 6
138 127 6 6
138 132 6 6
139 131 6 6
139 132 6 6
120 131 6 6
120 139 6 6
121 129 6 6
121 133 6 6
142 140 7 7
142 141 7 7
143 141 7 7
143 142 7 7
144 140 7 7
144 143 7 7
145 141 7 7
145 144 7 7
146 145 7 7
146 141 7 7
147 144 7 7
147 141 7 7
148 141 7 7
148 147 7 7
149 147 7 7
149 145 7 7
150 147 7 7
150 145 7 7
151 147 7 7
151 148 7 7
152 150 7 7
152 144 7 7
153 147 7 7
153 151 7 7
154 147 7 7
154 140 7 7
155 143 7 7
155 151 7 7
156 153 7 7
156 155 7 7
157 151 7 7
157 155 7 7
158 148 7 7
158 140 7 7
159 150 7 7
159 156 7 7
140 149 7 7
140 157 7 7
141 149 7 7
141 156 7 7
162 161 8 8
162 160 8 8
163 160 8 8
163 162 8 8
164 161 8 8
164 160 8 8
165 162 8 8
165 161 8 8
166 161 8 8
166 160 8 8
167 165 8 8
167 166 8 8
168 161 8 8
168 165 8 8
169 161 8 8
169 168 8 8
170 162 8 8
170 161 8 8
171 161 8 8
171 160 8 8
172 167 8 8
172 162 8 8
173 163 8 8
173 170 8 8
174 168 8 8
174 169 8 8
175 163 8 8
175 160 8 8
176 166 8 8
176 162 8 8
177 166 8 8
177 161 8 8
178 171 8 8
178 175 8 8
179 169 8 8
179 165 8 8
160 165 8 8
160 177 8 8
161 173 8 8
161 178 8 8
182 180 9 9
182 181 9 9
183 180 9 9
183 182 9 9
184 183 9 9
184 180 9 9
185 180 9 9
185 182 9 9
186 182 9 9
186 183 9 9
187 181 9 9
187 184 9 9
188 187 9 9
188 181 9 9
189 184 9 9
189 185 9 9
190 182 9 9
190 186 9 9
191 190 9 9
191 186 9 9
192 188 9 9
192 184 9 9
193 181 9 9
193 189 9 9
194 182 9 9
194 181 9 9
195 180 9 9
195 182 9 9
196 185 9 9
196 191 9 9
197 187 9 9
197 184 9 9
198 184 9 9
198 195 9 9
199 189 9 9
199 180 9 9
180 193 9 9
180 198 9 9
181 186 9 9
181 184 9 9
202 200 10 10
202 201 10 10
203 201 10 10
203 200 10 10
204 203 10 10
204 200 10 10
205 200 10 10
205 204 10 10
206 204 10 10
206 200 10 10
207 200 10 10
207 203 10 10
208 207 10 10
208 201 10 10
209 203 10 10
209 201 10 10
210 201 10 10
210 207 10 10
211 204 10 10
211 209 10 10
212 210 10 10
212 208 10 10
213 204 10 10
213 202 10 10
214 213 10 10
214 202 10 10
215 200 10 10
215 205 10 10
216 211 10 10
216 208 10 10
217 204 10 10
217 202 10 10
218 211 10 10
218 213 10 10
219 205 10 10
219 213 10 10
200 209 10 10
200 211 10 10
201 215 10 10
201 211 10 10
222 221 11 11
222 220 11 11
223 221 11 11
223 220 11 11
224 223 11 11
224 222 11 11
225 221 11 11
225 223 11 11
226 221 11 11
226 220 11 11
227 222 11 11
227 224 11 11
228 221 11 11
228 226 11 11
229 223 11 11
229 221 11 11
230 223 11 11
230 229 11 11
231 224 11 11
231 220 11 11
232 221 11 11
232 230 11 11
233 231 11 11
233 223 11 11
234 230 11 11
234 225 11 11
235 233 11 11
235 231 11 11
236 225 11 11
236 232 11 11
237 234 11 11
237 232 11 11
238 224 11 11
238 223 11 11
239 223 11 11
239 236 11 11
220 230 11 11
220 236 11 11
221 236 11 11
221 230 11 11
242 241 12 12
242 240 12 12
243 241 12 12
243 242 12 12
244 241 12 12
244 240 12 12
245 240 12 12
245 243 12 12
246 241 12 12
246 243 12 12
247 245 12 12
247 246 12 12
248 245 12 12
248 246 12 12
249 241 12 12
249 242 12 12
250 247 12 12
250 242 12 12
251 249 12 12
251 243 12 12
252 248 12 12
252 245 12 12
253 248 12 12
253 246 12 12
254 242 12 12
254 253 12 12
255 243 12 12
255 254 12 12
256 248 12 12
256 243 12 12
257 244 12 12
257 246 12 12
258 256 12 12
258 251 12 12
259 252 12 12
259 243 12 12
240 246 12 12
240 250 12 12
241 253 12 12
241 252 12 12
262 260 13 13
262 261 13 13
263 261 13 13
263 260 13 13
264 262 13 13
264 261 13 13
265 264 13 13
265 262 13 13
266 261 13 13
266 260 13 13
267 264 13 13
267 262 13 13
268 260 13 13
268 263 13 13
269 268 13 13
269 261 13 13
270 265 13 13
270 266 13 13
271 263 13 13
271 270 13 13
272 267 13 13
272 270 13 13
273 272 13 13
273 270 13 13
274 271 13 13
274 272 13 13
275 273 13 13
275 266 13 13
276 274 13 13
276 262 13 13
277 266 13 13
277 271 13 13
278 276 13 13
278 265 13 13
279 270 13 13
279 269 13 13
260 272 13 13
260 271 13 13
261 279 13 13
261 267 13 13
282 280 14 14
282 281 14 14
283 280 14 14
283 282 14 14
284 282 14 14
284 283 14 14
285 281 14 14
285 284 14 14
286 283 14 14
286 282 14 14
287 283 14 14
287 286 14 14
288 283 14 14
288 282 14 14
289 285 14 14
289 280 14 14
290 289 14 14
290 282 14 14
291 290 14 14
291 287 14 14
292 290 14 14
292 287 14 14
293 292 14 14
293 288 14 14
294 281 14 14
294 290 14 14
295 283 14 14
295 280 14 14
296 287 14 14
296 282 14 14
297 289 14 14
297 296 14 14
298 282 14 14
298 295 14 14
299 282 14 14
299 284 14 14
280 292 14 14
280 293 14 14
281 286 14 14
281 293 14 14
302 300 15 15
302 301 15 15
303 300 15 15
303 301 15 15
304 301 15 15
304 300 15 15
305 303 15 15
305 302 15 15
306 304 15 15
306 301 15 15
307 303 15 15
307 305 15 15
308 300 15 15
308 304 15 15
309 308 15 15
309 305 15 15
310 304 15 15
310 302 15 15
311 303 15 15
311 300 15 15
312 307 15 15
312 306 15 15
313 308 15 15
313 305 15 15
314 313 15 15
314 309 15 15
315 309 15 15
315 312 15 15
316 300 15 15
316 305 15 15
317 301 15 15
317 310 15 15
318 305 15 15
318 309 15 15
319 317 15 15
319 309 15 15
300 312 15 15
300 309 15 15
301 312 15 15
301 307 15 15
53 16 2 0
56 23 2 1
74 57 3 2
76 36 3 1
81 59 4 2
83 75 4 3
107 87 5 4
114 36 5 1
139 115 6 5
125 99 6 4
145 22 7 1
154 100 7 5
176 20 8 1
177 126 8 6
195 6 9 0
181 81 9 4
201 56 10 2
211 94 10 4
224 0 11 0
221 28 11 1
253 16 12 0
249 26 12 1
269 191 13 9
271 232 13 11
288 21 14 1
283 139 14 6
310 68 15 3
306 130 15 6
5 279 0 13
19 127 0 6
38 85 1 4
20 278 1 13
