swNum = 320
edgeNum = 672

0 0
1 0
2 0
3 0
4 0
5 0
6 0
7 0
8 0
9 0
10 0
11 0
12 0
13 0
14 0
15 0
16 0
17 0
18 0
19 0
20 1
21 1
22 1
23 1
24 1
25 1
26 1
27 1
28 1
29 1
30 1
31 1
32 1
33 1
34 1
35 1
36 1
37 1
38 1
39 1
40 2
41 2
42 2
43 2
44 2
45 2
46 2
47 2
48 2
49 2
50 2
51 2
52 2
53 2
54 2
55 2
56 2
57 2
58 2
59 2
60 3
61 3
62 3
63 3
64 3
65 3
66 3
67 3
68 3
69 3
70 3
71 3
72 3
73 3
74 3
75 3
76 3
77 3
78 3
79 3
80 4
81 4
82 4
83 4
84 4
85 4
86 4
87 4
88 4
89 4
90 4
91 4
92 4
93 4
94 4
95 4
96 4
97 4
98 4
99 4
100 5
101 5
102 5
103 5
104 5
105 5
106 5
107 5
108 5
109 5
110 5
111 5
112 5
113 5
114 5
115 5
116 5
117 5
118 5
119 5
120 6
121 6
122 6
123 6
124 6
125 6
126 6
127 6
128 6
129 6
130 6
131 6
132 6
133 6
134 6
135 6
136 6
137 6
138 6
139 6
140 7
141 7
142 7
143 7
144 7
145 7
146 7
147 7
148 7
149 7
150 7
151 7
152 7
153 7
154 7
155 7
156 7
157 7
158 7
159 7
160 8
161 8
162 8
163 8
164 8
165 8
166 8
167 8
168 8
169 8
170 8
171 8
172 8
173 8
174 8
175 8
176 8
177 8
178 8
179 8
180 9
181 9
182 9
183 9
184 9
185 9
186 9
187 9
188 9
189 9
190 9
191 9
192 9
193 9
194 9
195 9
196 9
197 9
198 9
199 9
200 10
201 10
202 10
203 10
204 10
205 10
206 10
207 10
208 10
209 10
210 10
211 10
212 10
213 10
214 10
215 10
216 10
217 10
218 10
219 10
220 11
221 11
222 11
223 11
224 11
225 11
226 11
227 11
228 11
229 11
230 11
231 11
232 11
233 11
234 11
235 11
236 11
237 11
238 11
239 11
240 12
241 12
242 12
243 12
244 12
245 12
246 12
247 12
248 12
249 12
250 12
251 12
252 12
253 12
254 12
255 12
256 12
257 12
258 12
259 12
260 13
261 13
262 13
263 13
264 13
265 13
266 13
267 13
268 13
269 13
270 13
271 13
272 13
273 13
274 13
275 13
276 13
277 13
278 13
279 13
280 14
281 14
282 14
283 14
284 14
285 14
286 14
287 14
288 14
289 14
290 14
291 14
292 14
293 14
294 14
295 14
296 14
297 14
298 14
299 14
300 15
301 15
302 15
303 15
304 15
305 15
306 15
307 15
308 15
309 15
310 15
311 15
312 15
313 15
314 15
315 15
316 15
317 15
318 15
319 15

2 1 0 0
2 0 0 0
3 0 0 0
3 2 0 0
4 0 0 0
4 2 0 0
5 2 0 0
5 0 0 0
6 4 0 0
6 5 0 0
7 2 0 0
7 4 0 0
8 4 0 0
8 0 0 0
9 4 0 0
9 5 0 0
10 1 0 0
10 7 0 0
11 4 0 0
11 8 0 0
12 8 0 0
12 5 0 0
13 8 0 0
13 2 0 0
14 11 0 0
14 5 0 0
15 2 0 0
15 13 0 0
16 6 0 0
16 11 0 0
17 7 0 0
17 14 0 0
18 14 0 0
18 3 0 0
19 2 0 0
19 13 0 0
0 6 0 0
0 15 0 0
1 14 0 0
1 11 0 0
22 20 1 1
22 21 1 1
23 22 1 1
23 21 1 1
24 23 1 1
24 22 1 1
25 20 1 1
25 24 1 1
26 20 1 1
26 24 1 1
27 26 1 1
27 24 1 1
28 22 1 1
28 23 1 1
29 24 1 1
29 21 1 1
30 21 1 1
30 24 1 1
31 22 1 1
31 20 1 1
32 27 1 1
32 30 1 1
33 23 1 1
33 21 1 1
34 25 1 1
34 33 1 1
35 25 1 1
35 24 1 1
36 30 1 1
36 28 1 1
37 26 1 1
37 28 1 1
38 29 1 1
38 21 1 1
39 24 1 1
39 27 1 1
20 30 1 1
20 29 1 1
21 24 1 1
21 28 1 1
42 40 2 2
42 41 2 2
43 40 2 2
43 42 2 2
44 41 2 2
44 42 2 2
45 43 2 2
45 40 2 2
46 41 2 2
46 40 2 2
47 45 2 2
47 41 2 2
48 40 2 2
48 46 2 2
49 44 2 2
49 43 2 2
50 41 2 2
50 42 2 2
51 44 2 2
51 50 2 2
52 41 2 2
52 45 2 2
53 46 2 2
53 41 2 2
54 43 2 2
54 45 2 2
55 44 2 2
55 53 2 2
56 41 2 2
56 40 2 2
57 55 2 2
57 46 2 2
58 54 2 2
58 48 2 2
59 50 2 2
59 53 2 2
40 49 2 2
40 53 2 2
41 45 2 2
41 43 2 2
62 60 3 3
62 61 3 3
63 60 3 3
63 62 3 3
64 63 3 3
64 61 3 3
65 63 3 3
65 64 3 3
66 65 3 3
66 62 3 3
67 62 3 3
67 61 3 3
68 66 3 3
68 62 3 3
69 63 3 3
69 60 3 3
70 69 3 3
70 67 3 3
71 68 3 3
71 62 3 3
72 70 3 3
72 60 3 3
73 66 3 3
73 72 3 3
74 61 3 3
74 60 3 3
75 61 3 3
75 66 3 3
76 75 3 3
76 60 3 3
77 60 3 3
77 61 3 3
78 60 3 3
78 74 3 3
79 75 3 3
79 66 3 3
60 71 3 3
60 73 3 3
61 70 3 3
61 69 3 3
82 80 4 4
82 81 4 4
83 80 4 4
83 82 4 4
84 80 4 4
84 81 4 4
85 83 4 4
85 81 4 4
86 83 4 4
86 84 4 4
87 82 4 4
87 83 4 4
88 82 4 4
88 87 4 4
89 83 4 4
89 80 4 4
90 82 4 4
90 88 4 4
91 84 4 4
91 89 4 4
92 81 4 4
92 85 4 4
93 86 4 4
93 80 4 4
94 91 4 4
94 87 4 4
95 87 4 4
95 80 4 4
96 95 4 4
96 80 4 4
97 80 4 4
97 83 4 4
98 84 4 4
98 91 4 4
99 85 4 4
99 91 4 4
80 94 4 4
80 85 4 4
81 89 4 4
81 91 4 4
102 101 5 5
102 100 5 5
103 100 5 5
103 101 5 5
104 102 5 5
104 103 5 5
105 101 5 5
105 102 5 5
106 104 5 5
106 102 5 5
107 105 5 5
107 102 5 5
108 106 5 5
108 100 5 5
109 106 5 5
109 102 5 5
110 107 5 5
110 103 5 5
111 106 5 5
111 103 5 5
112 108 5 5
112 106 5 5
113 104 5 5
113 102 5 5
114 110 5 5
114 104 5 5
115 114 5 5
115 113 5 5
116 102 5 5
116 112 5 5
117 113 5 5
117 106 5 5
118 102 5 5
118 110 5 5
119 111 5 5
119 101 5 5
100 110 5 5
100 116 5 5
101 114 5 5
101 110 5 5
122 121 6 6
122 120 6 6
123 121 6 6
123 120 6 6
124 120 6 6
124 123 6 6
125 124 6 6
125 123 6 6
126 125 6 6
126 124 6 6
127 121 6 6
127 124 6 6
128 125 6 6
128 126 6 6
129 125 6 6
129 121 6 6
130 120 6 6
130 127 6 6
131 127 6 6
131 129 6 6
132 131 6 6
132 127 6 6
133 126 6 6
133 124 6 6
134 122 6 6
134 124 6 6
135 126 6 6
135 122 6 6
136 123 6 6
136 126 6 6
137 121 6 6
137 125 6 6
138 121 6 6
138 127 6 6
139 125 6 6
139 137 6 6
120 135 6 6
120 131 6 6
121 132 6 6
121 130 6 6
142 140 7 7
142 141 7 7
143 140 7 7
143 142 7 7
144 142 7 7
144 143 7 7
145 140 7 7
145 144 7 7
146 140 7 7
146 143 7 7
147 142 7 7
147 145 7 7
148 143 7 7
148 140 7 7
149 146 7 7
149 147 7 7
150 147 7 7
150 145 7 7
151 141 7 7
151 150 7 7
152 145 7 7
152 142 7 7
153 145 7 7
153 151 7 7
154 148 7 7
154 144 7 7
155 153 7 7
155 152 7 7
156 140 7 7
156 149 7 7
157 145 7 7
157 150 7 7
158 143 7 7
158 152 7 7
159 157 7 7
159 156 7 7
140 158 7 7
140 147 7 7
141 155 7 7
141 148 7 7
162 160 8 8
162 161 8 8
163 161 8 8
163 162 8 8
164 160 8 8
164 162 8 8
165 164 8 8
165 160 8 8
166 160 8 8
166 165 8 8
167 161 8 8
167 163 8 8
168 163 8 8
168 161 8 8
169 166 8 8
169 161 8 8
170 166 8 8
170 163 8 8
171 170 8 8
171 165 8 8
172 168 8 8
172 171 8 8
173 161 8 8
173 163 8 8
174 160 8 8
174 171 8 8
175 163 8 8
175 164 8 8
176 165 8 8
176 164 8 8
177 172 8 8
177 171 8 8
178 173 8 8
178 169 8 8
179 168 8 8
179 161 8 8
160 178 8 8
160 176 8 8
161 170 8 8
161 175 8 8
182 181 9 9
182 180 9 9
183 180 9 9
183 181 9 9
184 180 9 9
184 183 9 9
185 181 9 9
185 182 9 9
186 182 9 9
186 181 9 9
187 180 9 9
187 181 9 9
188 184 9 9
188 181 9 9
189 183 9 9
189 181 9 9
190 180 9 9
190 181 9 9
191 180 9 9
191 189 9 9
192 187 9 9
192 189 9 9
193 186 9 9
193 181 9 9
194 189 9 9
194 181 9 9
195 181 9 9
195 193 9 9
196 189 9 9
196 191 9 9
197 184 9 9
197 195 9 9
198 197 9 9
198 185 9 9
199 180 9 9
199 192 9 9
180 193 9 9
180 189 9 9
181 184 9 9
181 197 9 9
202 201 10 10
202 200 10 10
203 200 10 10
203 202 10 10
204 202 10 10
204 203 10 10
205 202 10 10
205 201 10 10
206 202 10 10
206 204 10 10
207 206 10 10
207 200 10 10
208 200 10 10
208 203 10 10
209 202 10 10
209 205 10 10
210 200 10 10
210 203 10 10
211 202 10 10
211 209 10 10
212 211 10 10
212 209 10 10
213 207 10 10
213 211 10 10
214 208 10 10
214 205 10 10
215 203 10 10
215 201 10 10
216 208 10 10
216 210 10 10
217 203 10 10
217 208 10 10
218 208 10 10
218 204 10 10
219 203 10 10
219 201 10 10
200 219 10 10
200 212 10 10
201 209 10 10
201 218 10 10
222 220 11 11
222 221 11 11
223 221 11 11
223 220 11 11
224 220 11 11
224 222 11 11
225 224 11 11
225 223 11 11
226 222 11 11
226 224 11 11
227 222 11 11
227 221 11 11
228 222 11 11
228 226 11 11
229 225 11 11
229 226 11 11
230 222 11 11
230 227 11 11
231 226 11 11
231 225 11 11
232 231 11 11
232 223 11 11
233 226 11 11
233 228 11 11
234 229 11 11
234 220 11 11
235 226 11 11
235 228 11 11
236 220 11 11
236 228 11 11
237 233 11 11
237 220 11 11
238 228 11 11
238 225 11 11
239 228 11 11
239 233 11 11
220 225 11 11
220 233 11 11
221 238 11 11
221 230 11 11
242 240 12 12
242 241 12 12
243 241 12 12
243 240 12 12
244 241 12 12
244 243 12 12
245 240 12 12
245 243 12 12
246 244 12 12
246 240 12 12
247 245 12 12
247 244 12 12
248 241 12 12
248 243 12 12
249 245 12 12
249 243 12 12
250 242 12 12
250 243 12 12
251 240 12 12
251 246 12 12
252 247 12 12
252 251 12 12
253 241 12 12
253 243 12 12
254 243 12 12
254 241 12 12
255 254 12 12
255 246 12 12
256 243 12 12
256 250 12 12
257 247 12 12
257 256 12 12
258 242 12 12
258 241 12 12
259 248 12 12
259 243 12 12
240 259 12 12
240 247 12 12
241 257 12 12
241 256 12 12
262 260 13 13
262 261 13 13
263 261 13 13
263 260 13 13
264 262 13 13
264 263 13 13
265 264 13 13
265 261 13 13
266 264 13 13
266 261 13 13
267 266 13 13
267 263 13 13
268 266 13 13
268 264 13 13
269 260 13 13
269 268 13 13
270 265 13 13
270 263 13 13
271 269 13 13
271 264 13 13
272 268 13 13
272 263 13 13
273 263 13 13
273 265 13 13
274 272 13 13
274 271 13 13
275 261 13 13
275 269 13 13
276 260 13 13
276 268 13 13
277 272 13 13
277 260 13 13
278 276 13 13
278 264 13 13
279 274 13 13
279 277 13 13
260 275 13 13
260 270 13 13
261 274 13 13
261 277 13 13
282 280 14 14
282 281 14 14
283 282 14 14
283 280 14 14
284 283 14 14
284 282 14 14
285 281 14 14
285 282 14 14
286 280 14 14
286 282 14 14
287 282 14 14
287 280 14 14
288 287 14 14
288 283 14 14
289 286 14 14
289 287 14 14
290 289 14 14
290 283 14 14
291 290 14 14
291 285 14 14
292 291 14 14
292 288 14 14
293 281 14 14
293 282 14 14
294 289 14 14
294 281 14 14
295 293 14 14
295 294 14 14
296 287 14 14
296 281 14 14
297 280 14 14
297 290 14 14
298 289 14 14
298 294 14 14
299 285 14 14
299 284 14 14
280 293 14 14
280 296 14 14
281 298 14 14
281 289 14 14
302 301 15 15
302 300 15 15
303 300 15 15
303 302 15 15
304 302 15 15
304 300 15 15
305 300 15 15
305 303 15 15
306 305 15 15
306 300 15 15
307 305 15 15
307 304 15 15
308 300 15 15
308 304 15 15
309 303 15 15
309 305 15 15
310 308 15 15
310 305 15 15
311 305 15 15
311 300 15 15
312 308 15 15
312 311 15 15
313 306 15 15
313 312 15 15
314 309 15 15
314 303 15 15
315 312 15 15
315 308 15 15
316 314 15 15
316 303 15 15
317 306 15 15
317 304 15 15
318 309 15 15
318 311 15 15
319 312 15 15
319 318 15 15
300 317 15 15
300 310 15 15
301 311 15 15
301 314 15 15
54 23 2 1
46 5 2 0
75 4 3 0
73 41 3 2
93 65 4 3
83 12 4 0
106 25 5 1
107 48 5 2
134 77 6 3
132 58 6 2
154 69 7 3
153 20 7 1
168 147 8 7
167 138 8 6
181 158 9 7
182 118 9 5
205 47 10 2
203 157 10 7
226 68 11 3
231 102 11 5
245 235 12 11
258 156 12 7
279 198 13 9
276 234 13 11
294 65 14 3
289 217 14 10
311 237 15 11
314 204 15 10
7 277 0 13
0 184 0 9
31 214 1 10
20 189 1 9
