swNum = 320
edgeNum = 672

0 0
1 0
2 0
3 0
4 0
5 0
6 0
7 0
8 0
9 0
10 0
11 0
12 0
13 0
14 0
15 0
16 0
17 0
18 0
19 0
20 1
21 1
22 1
23 1
24 1
25 1
26 1
27 1
28 1
29 1
30 1
31 1
32 1
33 1
34 1
35 1
36 1
37 1
38 1
39 1
40 2
41 2
42 2
43 2
44 2
45 2
46 2
47 2
48 2
49 2
50 2
51 2
52 2
53 2
54 2
55 2
56 2
57 2
58 2
59 2
60 3
61 3
62 3
63 3
64 3
65 3
66 3
67 3
68 3
69 3
70 3
71 3
72 3
73 3
74 3
75 3
76 3
77 3
78 3
79 3
80 4
81 4
82 4
83 4
84 4
85 4
86 4
87 4
88 4
89 4
90 4
91 4
92 4
93 4
94 4
95 4
96 4
97 4
98 4
99 4
100 5
101 5
102 5
103 5
104 5
105 5
106 5
107 5
108 5
109 5
110 5
111 5
112 5
113 5
114 5
115 5
116 5
117 5
118 5
119 5
120 6
121 6
122 6
123 6
124 6
125 6
126 6
127 6
128 6
129 6
130 6
131 6
132 6
133 6
134 6
135 6
136 6
137 6
138 6
139 6
140 7
141 7
142 7
143 7
144 7
145 7
146 7
147 7
148 7
149 7
150 7
151 7
152 7
153 7
154 7
155 7
156 7
157 7
158 7
159 7
160 8
161 8
162 8
163 8
164 8
165 8
166 8
167 8
168 8
169 8
170 8
171 8
172 8
173 8
174 8
175 8
176 8
177 8
178 8
179 8
180 9
181 9
182 9
183 9
184 9
185 9
186 9
187 9
188 9
189 9
190 9
191 9
192 9
193 9
194 9
195 9
196 9
197 9
198 9
199 9
200 10
201 10
202 10
203 10
204 10
205 10
206 10
207 10
208 10
209 10
210 10
211 10
212 10
213 10
214 10
215 10
216 10
217 10
218 10
219 10
220 11
221 11
222 11
223 11
224 11
225 11
226 11
227 11
228 11
229 11
230 11
231 11
232 11
233 11
234 11
235 11
236 11
237 11
238 11
239 11
240 12
241 12
242 12
243 12
244 12
245 12
246 12
247 12
248 12
249 12
250 12
251 12
252 12
253 12
254 12
255 12
256 12
257 12
258 12
259 12
260 13
261 13
262 13
263 13
264 13
265 13
266 13
267 13
268 13
269 13
270 13
271 13
272 13
273 13
274 13
275 13
276 13
277 13
278 13
279 13
280 14
281 14
282 14
283 14
284 14
285 14
286 14
287 14
288 14
289 14
290 14
291 14
292 14
293 14
294 14
295 14
296 14
297 14
298 14
299 14
300 15
301 15
302 15
303 15
304 15
305 15
306 15
307 15
308 15
309 15
310 15
311 15
312 15
313 15
314 15
315 15
316 15
317 15
318 15
319 15

2 1 0 0
2 0 0 0
3 1 0 0
3 2 0 0
4 3 0 0
4 1 0 0
5 0 0 0
5 1 0 0
6 3 0 0
6 2 0 0
7 5 0 0
7 0 0 0
8 5 0 0
8 1 0 0
9 7 0 0
9 0 0 0
10 0 0 0
10 6 0 0
11 7 0 0
11 4 0 0
12 6 0 0
12 8 0 0
13 4 0 0
13 12 0 0
14 7 0 0
14 12 0 0
15 3 0 0
15 5 0 0
16 15 0 0
16 14 0 0
17 11 0 0
17 0 0 0
18 9 0 0
18 7 0 0
19 12 0 0
19 15 0 0
0 6 0 0
0 3 0 0
1 15 0 0
1 11 0 0
22 21 1 1
22 20 1 1
23 21 1 1
23 20 1 1
24 21 1 1
24 23 1 1
25 21 1 1
25 22 1 1
26 25 1 1
26 20 1 1
27 23 1 1
27 24 1 1
28 23 1 1
28 26 1 1
29 23 1 1
29 25 1 1
30 24 1 1
30 28 1 1
31 25 1 1
31 21 1 1
32 25 1 1
32 23 1 1
33 22 1 1
33 31 1 1
34 28 1 1
34 33 1 1
35 26 1 1
35 20 1 1
36 28 1 1
36 27 1 1
37 31 1 1
37 27 1 1
38 25 1 1
38 23 1 1
39 35 1 1
39 30 1 1
20 27 1 1
20 38 1 1
21 39 1 1
21 32 1 1
42 41 2 2
42 40 2 2
43 40 2 2
43 41 2 2
44 41 2 2
44 42 2 2
45 41 2 2
45 42 2 2
46 45 2 2
46 44 2 2
47 43 2 2
47 44 2 2
48 43 2 2
48 42 2 2
49 47 2 2
49 40 2 2
50 45 2 2
50 41 2 2
51 50 2 2
51 44 2 2
52 46 2 2
52 41 2 2
53 48 2 2
53 51 2 2
54 52 2 2
54 47 2 2
55 43 2 2
55 48 2 2
56 49 2 2
56 55 2 2
57 55 2 2
57 43 2 2
58 49 2 2
58 50 2 2
59 44 2 2
59 48 2 2
40 47 2 2
40 56 2 2
41 53 2 2
41 54 2 2
62 61 3 3
62 60 3 3
63 62 3 3
63 61 3 3
64 60 3 3
64 62 3 3
65 62 3 3
65 63 3 3
66 62 3 3
66 64 3 3
67 62 3 3
67 66 3 3
68 60 3 3
68 63 3 3
69 63 3 3
69 62 3 3
70 62 3 3
70 61 3 3
71 67 3 3
71 68 3 3
72 68 3 3
72 65 3 3
73 63 3 3
73 69 3 3
74 61 3 3
74 60 3 3
75 74 3 3
75 69 3 3
76 72 3 3
76 75 3 3
77 75 3 3
77 73 3 3
78 73 3 3
78 77 3 3
79 72 3 3
79 63 3 3
60 66 3 3
60 79 3 3
61 68 3 3
61 75 3 3
82 81 4 4
82 80 4 4
83 81 4 4
83 82 4 4
84 80 4 4
84 83 4 4
85 81 4 4
85 82 4 4
86 85 4 4
86 84 4 4
87 80 4 4
87 81 4 4
88 84 4 4
88 81 4 4
89 81 4 4
89 87 4 4
90 86 4 4
90 85 4 4
91 85 4 4
91 82 4 4
92 90 4 4
92 85 4 4
93 89 4 4
93 91 4 4
94 93 4 4
94 91 4 4
95 81 4 4
95 84 4 4
96 81 4 4
96 89 4 4
97 92 4 4
97 95 4 4
98 87 4 4
98 94 4 4
99 93 4 4
99 89 4 4
80 83 4 4
80 89 4 4
81 84 4 4
81 98 4 4
102 100 5 5
102 101 5 5
103 101 5 5
103 102 5 5
104 103 5 5
104 102 5 5
105 103 5 5
105 100 5 5
106 104 5 5
106 103 5 5
107 106 5 5
107 102 5 5
108 104 5 5
108 106 5 5
109 103 5 5
109 107 5 5
110 107 5 5
110 108 5 5
111 106 5 5
111 110 5 5
112 105 5 5
112 102 5 5
113 109 5 5
113 108 5 5
114 109 5 5
114 107 5 5
115 103 5 5
115 102 5 5
116 110 5 5
116 114 5 5
117 107 5 5
117 112 5 5
118 109 5 5
118 104 5 5
119 108 5 5
119 113 5 5
100 115 5 5
100 109 5 5
101 113 5 5
101 110 5 5
122 121 6 6
122 120 6 6
123 121 6 6
123 122 6 6
124 120 6 6
124 123 6 6
125 124 6 6
125 120 6 6
126 122 6 6
126 124 6 6
127 125 6 6
127 126 6 6
128 121 6 6
128 120 6 6
129 120 6 6
129 127 6 6
130 129 6 6
130 125 6 6
131 120 6 6
131 125 6 6
132 123 6 6
132 128 6 6
133 132 6 6
133 123 6 6
134 123 6 6
134 132 6 6
135 123 6 6
135 121 6 6
136 130 6 6
136 135 6 6
137 126 6 6
137 135 6 6
138 129 6 6
138 132 6 6
139 136 6 6
139 123 6 6
120 132 6 6
120 135 6 6
121 130 6 6
121 124 6 6
142 140 7 7
142 141 7 7
143 141 7 7
143 140 7 7
144 142 7 7
144 143 7 7
145 144 7 7
145 142 7 7
146 141 7 7
146 144 7 7
147 146 7 7
147 141 7 7
148 141 7 7
148 145 7 7
149 142 7 7
149 144 7 7
150 144 7 7
150 148 7 7
151 141 7 7
151 144 7 7
152 147 7 7
152 142 7 7
153 147 7 7
153 146 7 7
154 151 7 7
154 147 7 7
155 148 7 7
155 145 7 7
156 148 7 7
156 147 7 7
157 146 7 7
157 152 7 7
158 156 7 7
158 157 7 7
159 156 7 7
159 141 7 7
140 156 7 7
140 151 7 7
141 153 7 7
141 152 7 7
162 161 8 8
162 160 8 8
163 161 8 8
163 162 8 8
164 162 8 8
164 161 8 8
165 163 8 8
165 161 8 8
166 165 8 8
166 164 8 8
167 165 8 8
167 160 8 8
168 165 8 8
168 166 8 8
169 162 8 8
169 164 8 8
170 166 8 8
170 165 8 8
171 167 8 8
171 162 8 8
172 163 8 8
172 170 8 8
173 160 8 8
173 164 8 8
174 161 8 8
174 167 8 8
175 164 8 8
175 163 8 8
176 165 8 8
176 164 8 8
177 165 8 8
177 171 8 8
178 161 8 8
178 170 8 8
179 160 8 8
179 167 8 8
160 168 8 8
160 166 8 8
161 170 8 8
161 171 8 8
182 180 9 9
182 181 9 9
183 181 9 9
183 180 9 9
184 181 9 9
184 183 9 9
185 184 9 9
185 180 9 9
186 185 9 9
186 183 9 9
187 180 9 9
187 186 9 9
188 182 9 9
188 183 9 9
189 180 9 9
189 187 9 9
190 189 9 9
190 181 9 9
191 188 9 9
191 185 9 9
192 183 9 9
192 185 9 9
193 187 9 9
193 186 9 9
194 181 9 9
194 184 9 9
195 180 9 9
195 189 9 9
196 191 9 9
196 181 9 9
197 181 9 9
197 185 9 9
198 191 9 9
198 188 9 9
199 194 9 9
199 181 9 9
180 193 9 9
180 191 9 9
181 185 9 9
181 198 9 9
202 201 10 10
202 200 10 10
203 202 10 10
203 200 10 10
204 200 10 10
204 201 10 10
205 202 10 10
205 200 10 10
206 204 10 10
206 202 10 10
207 200 10 10
207 204 10 10
208 207 10 10
208 204 10 10
209 206 10 10
209 204 10 10
210 203 10 10
210 204 10 10
211 200 10 10
211 203 10 10
212 204 10 10
212 205 10 10
213 208 10 10
213 203 10 10
214 210 10 10
214 200 10 10
215 209 10 10
215 202 10 10
216 200 10 10
216 201 10 10
217 211 10 10
217 215 10 10
218 212 10 10
218 205 10 10
219 201 10 10
219 211 10 10
200 218 10 10
200 206 10 10
201 215 10 10
201 218 10 10
222 220 11 11
222 221 11 11
223 220 11 11
223 222 11 11
224 223 11 11
224 222 11 11
225 220 11 11
225 221 11 11
226 220 11 11
226 225 11 11
227 223 11 11
227 226 11 11
228 223 11 11
228 227 11 11
229 220 11 11
229 226 11 11
230 220 11 11
230 221 11 11
231 225 11 11
231 224 11 11
232 222 11 11
232 228 11 11
233 222 11 11
233 220 11 11
234 220 11 11
234 233 11 11
235 223 11 11
235 222 11 11
236 233 11 11
236 229 11 11
237 228 11 11
237 220 11 11
238 223 11 11
238 221 11 11
239 223 11 11
239 221 11 11
220 227 11 11
220 238 11 11
221 223 11 11
221 236 11 11
242 240 12 12
242 241 12 12
243 241 12 12
243 242 12 12
244 241 12 12
244 243 12 12
245 240 12 12
245 243 12 12
246 245 12 12
246 241 12 12
247 240 12 12
247 245 12 12
248 246 12 12
248 247 12 12
249 246 12 12
249 240 12 12
250 240 12 12
250 246 12 12
251 248 12 12
251 249 12 12
252 242 12 12
252 246 12 12
253 251 12 12
253 243 12 12
254 242 12 12
254 245 12 12
255 240 12 12
255 253 12 12
256 254 12 12
256 252 12 12
257 248 12 12
257 254 12 12
258 244 12 12
258 253 12 12
259 242 12 12
259 254 12 12
240 246 12 12
240 253 12 12
241 245 12 12
241 249 12 12
262 260 13 13
262 261 13 13
263 262 13 13
263 260 13 13
264 262 13 13
264 263 13 13
265 262 13 13
265 263 13 13
266 263 13 13
266 260 13 13
267 260 13 13
267 264 13 13
268 265 13 13
268 262 13 13
269 260 13 13
269 262 13 13
270 261 13 13
270 269 13 13
271 266 13 13
271 261 13 13
272 268 13 13
272 270 13 13
273 261 13 13
273 265 13 13
274 264 13 13
274 271 13 13
275 261 13 13
275 267 13 13
276 272 13 13
276 270 13 13
277 272 13 13
277 261 13 13
278 272 13 13
278 271 13 13
279 272 13 13
279 271 13 13
260 270 13 13
260 271 13 13
261 267 13 13
261 279 13 13
282 280 14 14
282 281 14 14
283 280 14 14
283 282 14 14
284 281 14 14
284 283 14 14
285 282 14 14
285 284 14 14
286 281 14 14
286 285 14 14
287 285 14 14
287 283 14 14
288 285 14 14
288 283 14 14
289 284 14 14
289 280 14 14
290 285 14 14
290 283 14 14
291 284 14 14
291 289 14 14
292 281 14 14
292 283 14 14
293 285 14 14
293 290 14 14
294 280 14 14
294 291 14 14
295 285 14 14
295 291 14 14
296 294 14 14
296 280 14 14
297 286 14 14
297 281 14 14
298 280 14 14
298 295 14 14
299 283 14 14
299 293 14 14
280 288 14 14
280 285 14 14
281 298 14 14
281 283 14 14
302 301 15 15
302 300 15 15
303 300 15 15
303 301 15 15
304 302 15 15
304 301 15 15
305 301 15 15
305 304 15 15
306 303 15 15
306 301 15 15
307 305 15 15
307 301 15 15
308 301 15 15
308 307 15 15
309 305 15 15
309 307 15 15
310 309 15 15
310 304 15 15
311 303 15 15
311 306 15 15
312 309 15 15
312 307 15 15
313 308 15 15
313 312 15 15
314 310 15 15
314 301 15 15
315 309 15 15
315 300 15 15
316 303 15 15
316 307 15 15
317 314 15 15
317 306 15 15
318 317 15 15
318 314 15 15
319 302 15 15
319 318 15 15
300 309 15 15
300 304 15 15
301 310 15 15
301 312 15 15
58 2 2 0
53 38 2 1
61 19 3 0
66 38 3 1
89 52 4 2
95 68 4 3
116 74 5 3
101 20 5 1
134 116 6 5
121 56 6 2
144 0 7 0
140 46 7 2
162 36 8 1
172 119 8 5
193 135 9 6
189 36 9 1
206 198 10 9
210 41 10 2
220 69 11 3
223 181 11 9
252 224 12 11
257 90 12 4
261 155 13 7
278 9 13 0
280 140 14 7
294 51 14 2
306 135 15 6
308 282 15 14
16 113 0 5
9 282 0 14
28 228 1 11
21 257 1 12
