swNum = 320
edgeNum = 672

0 0
1 0
2 0
3 0
4 0
5 0
6 0
7 0
8 0
9 0
10 0
11 0
12 0
13 0
14 0
15 0
16 0
17 0
18 0
19 0
20 1
21 1
22 1
23 1
24 1
25 1
26 1
27 1
28 1
29 1
30 1
31 1
32 1
33 1
34 1
35 1
36 1
37 1
38 1
39 1
40 2
41 2
42 2
43 2
44 2
45 2
46 2
47 2
48 2
49 2
50 2
51 2
52 2
53 2
54 2
55 2
56 2
57 2
58 2
59 2
60 3
61 3
62 3
63 3
64 3
65 3
66 3
67 3
68 3
69 3
70 3
71 3
72 3
73 3
74 3
75 3
76 3
77 3
78 3
79 3
80 4
81 4
82 4
83 4
84 4
85 4
86 4
87 4
88 4
89 4
90 4
91 4
92 4
93 4
94 4
95 4
96 4
97 4
98 4
99 4
100 5
101 5
102 5
103 5
104 5
105 5
106 5
107 5
108 5
109 5
110 5
111 5
112 5
113 5
114 5
115 5
116 5
117 5
118 5
119 5
120 6
121 6
122 6
123 6
124 6
125 6
126 6
127 6
128 6
129 6
130 6
131 6
132 6
133 6
134 6
135 6
136 6
137 6
138 6
139 6
140 7
141 7
142 7
143 7
144 7
145 7
146 7
147 7
148 7
149 7
150 7
151 7
152 7
153 7
154 7
155 7
156 7
157 7
158 7
159 7
160 8
161 8
162 8
163 8
164 8
165 8
166 8
167 8
168 8
169 8
170 8
171 8
172 8
173 8
174 8
175 8
176 8
177 8
178 8
179 8
180 9
181 9
182 9
183 9
184 9
185 9
186 9
187 9
188 9
189 9
190 9
191 9
192 9
193 9
194 9
195 9
196 9
197 9
198 9
199 9
200 10
201 10
202 10
203 10
204 10
205 10
206 10
207 10
208 10
209 10
210 10
211 10
212 10
213 10
214 10
215 10
216 10
217 10
218 10
219 10
220 11
221 11
222 11
223 11
224 11
225 11
226 11
227 11
228 11
229 11
230 11
231 11
232 11
233 11
234 11
235 11
236 11
237 11
238 11
239 11
240 12
241 12
242 12
243 12
244 12
245 12
246 12
247 12
248 12
249 12
250 12
251 12
252 12
253 12
254 12
255 12
256 12
257 12
258 12
259 12
260 13
261 13
262 13
263 13
264 13
265 13
266 13
267 13
268 13
269 13
270 13
271 13
272 13
273 13
274 13
275 13
276 13
277 13
278 13
279 13
280 14
281 14
282 14
283 14
284 14
285 14
286 14
287 14
288 14
289 14
290 14
291 14
292 14
293 14
294 14
295 14
296 14
297 14
298 14
299 14
300 15
301 15
302 15
303 15
304 15
305 15
306 15
307 15
308 15
309 15
310 15
311 15
312 15
313 15
314 15
315 15
316 15
317 15
318 15
319 15

2 1 0 0
2 0 0 0
3 0 0 0
3 2 0 0
4 3 0 0
4 0 0 0
5 1 0 0
5 0 0 0
6 1 0 0
6 5 0 0
7 3 0 0
7 2 0 0
8 0 0 0
8 4 0 0
9 1 0 0
9 2 0 0
10 2 0 0
10 6 0 0
11 5 0 0
11 6 0 0
12 4 0 0
12 9 0 0
13 1 0 0
13 5 0 0
14 2 0 0
14 9 0 0
15 10 0 0
15 3 0 0
16 8 0 0
16 3 0 0
17 6 0 0
17 10 0 0
18 8 0 0
18 13 0 0
19 7 0 0
19 17 0 0
0 16 0 0
0 10 0 0
1 15 0 0
1 14 0 0
22 20 1 1
22 21 1 1
23 21 1 1
23 20 1 1
24 21 1 1
24 23 1 1
25 23 1 1
25 21 1 1
26 25 1 1
26 23 1 1
27 21 1 1
27 20 1 1
28 26 1 1
28 23 1 1
29 27 1 1
29 22 1 1
30 23 1 1
30 20 1 1
31 22 1 1
31 30 1 1
32 27 1 1
32 31 1 1
33 30 1 1
33 20 1 1
34 21 1 1
34 26 1 1
35 25 1 1
35 34 1 1
36 30 1 1
36 26 1 1
37 21 1 1
37 26 1 1
38 35 1 1
38 32 1 1
39 37 1 1
39 34 1 1
20 29 1 1
20 32 1 1
21 28 1 1
21 38 1 1
42 41 2 2
42 40 2 2
43 40 2 2
43 41 2 2
44 43 2 2
44 40 2 2
45 42 2 2
45 44 2 2
46 43 2 2
46 40 2 2
47 41 2 2
47 46 2 2
48 42 2 2
48 41 2 2
49 42 2 2
49 47 2 2
50 44 2 2
50 47 2 2
51 42 2 2
51 41 2 2
52 43 2 2
52 44 2 2
53 50 2 2
53 43 2 2
54 45 2 2
54 41 2 2
55 47 2 2
55 40 2 2
56 48 2 2
56 49 2 2
57 49 2 2
57 40 2 2
58 46 2 2
58 42 2 2
59 54 2 2
59 48 2 2
40 59 2 2
40 54 2 2
41 53 2 2
41 49 2 2
62 60 3 3
62 61 3 3
63 60 3 3
63 62 3 3
64 63 3 3
64 60 3 3
65 63 3 3
65 60 3 3
66 60 3 3
66 62 3 3
67 61 3 3
67 63 3 3
68 66 3 3
68 67 3 3
69 65 3 3
69 66 3 3
70 64 3 3
70 61 3 3
71 70 3 3
71 64 3 3
72 71 3 3
72 63 3 3
73 64 3 3
73 63 3 3
74 63 3 3
74 70 3 3
75 72 3 3
75 67 3 3
76 62 3 3
76 65 3 3
77 75 3 3
77 69 3 3
78 70 3 3
78 72 3 3
79 61 3 3
79 70 3 3
60 68 3 3
60 71 3 3
61 66 3 3
61 64 3 3
82 81 4 4
82 80 4 4
83 82 4 4
83 81 4 4
84 81 4 4
84 80 4 4
85 84 4 4
85 80 4 4
86 83 4 4
86 81 4 4
87 80 4 4
87 86 4 4
88 87 4 4
88 81 4 4
89 85 4 4
89 86 4 4
90 82 4 4
90 86 4 4
91 81 4 4
91 82 4 4
92 89 4 4
92 91 4 4
93 86 4 4
93 90 4 4
94 85 4 4
94 87 4 4
95 94 4 4
95 80 4 4
96 93 4 4
96 87 4 4
97 93 4 4
97 96 4 4
98 84 4 4
98 95 4 4
99 81 4 4
99 80 4 4
80 88 4 4
80 91 4 4
81 96 4 4
81 85 4 4
102 101 5 5
102 100 5 5
103 100 5 5
103 101 5 5
104 102 5 5
104 101 5 5
105 100 5 5
105 101 5 5
106 104 5 5
106 101 5 5
107 102 5 5
107 106 5 5
108 102 5 5
108 106 5 5
109 100 5 5
109 106 5 5
110 108 5 5
110 100 5 5
111 106 5 5
111 104 5 5
112 101 5 5
112 108 5 5
113 103 5 5
113 101 5 5
114 108 5 5
114 111 5 5
115 106 5 5
115 104 5 5
116 107 5 5
116 109 5 5
117 115 5 5
117 102 5 5
118 105 5 5
118 114 5 5
119 106 5 5
119 101 5 5
100 113 5 5
100 104 5 5
101 108 5 5
101 111 5 5
122 121 6 6
122 120 6 6
123 120 6 6
123 121 6 6
124 121 6 6
124 122 6 6
125 123 6 6
125 122 6 6
126 124 6 6
126 121 6 6
127 121 6 6
127 126 6 6
128 123 6 6
128 125 6 6
129 124 6 6
129 127 6 6
130 128 6 6
130 127 6 6
131 128 6 6
131 120 6 6
132 124 6 6
132 129 6 6
133 123 6 6
133 130 6 6
134 128 6 6
134 120 6 6
135 130 6 6
135 133 6 6
136 120 6 6
136 123 6 6
137 122 6 6
137 126 6 6
138 125 6 6
138 134 6 6
139 134 6 6
139 137 6 6
120 138 6 6
120 139 6 6
121 130 6 6
121 132 6 6
142 141 7 7
142 140 7 7
143 142 7 7
143 140 7 7
144 142 7 7
144 141 7 7
145 141 7 7
145 142 7 7
146 145 7 7
146 143 7 7
147 146 7 7
147 143 7 7
148 147 7 7
148 144 7 7
149 148 7 7
149 140 7 7
150 148 7 7
150 149 7 7
151 144 7 7
151 141 7 7
152 148 7 7
152 146 7 7
153 151 7 7
153 142 7 7
154 147 7 7
154 148 7 7
155 150 7 7
155 148 7 7
156 152 7 7
156 150 7 7
157 153 7 7
157 145 7 7
158 153 7 7
158 157 7 7
159 153 7 7
159 154 7 7
140 156 7 7
140 154 7 7
141 157 7 7
141 155 7 7
162 161 8 8
162 160 8 8
163 160 8 8
163 161 8 8
164 163 8 8
164 160 8 8
165 161 8 8
165 160 8 8
166 164 8 8
166 163 8 8
167 162 8 8
167 161 8 8
168 164 8 8
168 163 8 8
169 161 8 8
169 163 8 8
170 162 8 8
170 167 8 8
171 170 8 8
171 161 8 8
172 165 8 8
172 166 8 8
173 161 8 8
173 170 8 8
174 173 8 8
174 170 8 8
175 165 8 8
175 161 8 8
176 170 8 8
176 173 8 8
177 168 8 8
177 162 8 8
178 168 8 8
178 171 8 8
179 178 8 8
179 176 8 8
160 173 8 8
160 170 8 8
161 164 8 8
161 177 8 8
182 181 9 9
182 180 9 9
183 182 9 9
183 180 9 9
184 181 9 9
184 183 9 9
185 182 9 9
185 181 9 9
186 183 9 9
186 181 9 9
187 181 9 9
187 180 9 9
188 185 9 9
188 187 9 9
189 186 9 9
189 180 9 9
190 180 9 9
190 188 9 9
191 188 9 9
191 183 9 9
192 185 9 9
192 191 9 9
193 187 9 9
193 184 9 9
194 188 9 9
194 192 9 9
195 185 9 9
195 186 9 9
196 186 9 9
196 190 9 9
197 187 9 9
197 193 9 9
198 183 9 9
198 189 9 9
199 189 9 9
199 183 9 9
180 199 9 9
180 193 9 9
181 196 9 9
181 188 9 9
202 201 10 10
202 200 10 10
203 202 10 10
203 200 10 10
204 200 10 10
204 202 10 10
205 204 10 10
205 200 10 10
206 205 10 10
206 204 10 10
207 201 10 10
207 204 10 10
208 205 10 10
208 207 10 10
209 206 10 10
209 207 10 10
210 207 10 10
210 205 10 10
211 202 10 10
211 200 10 10
212 202 10 10
212 208 10 10
213 212 10 10
213 207 10 10
214 201 10 10
214 208 10 10
215 201 10 10
215 203 10 10
216 211 10 10
216 215 10 10
217 209 10 10
217 212 10 10
218 217 10 10
218 205 10 10
219 204 10 10
219 217 10 10
200 208 10 10
200 219 10 10
201 217 10 10
201 204 10 10
222 220 11 11
222 221 11 11
223 220 11 11
223 222 11 11
224 221 11 11
224 220 11 11
225 222 11 11
225 221 11 11
226 223 11 11
226 220 11 11
227 222 11 11
227 224 11 11
228 227 11 11
228 224 11 11
229 227 11 11
229 224 11 11
230 224 11 11
230 223 11 11
231 221 11 11
231 226 11 11
232 228 11 11
232 227 11 11
233 229 11 11
233 222 11 11
234 230 11 11
234 223 11 11
235 224 11 11
235 227 11 11
236 224 11 11
236 230 11 11
237 220 11 11
237 233 11 11
238 235 11 11
238 232 11 11
239 223 11 11
239 236 11 11
220 234 11 11
220 230 11 11
221 230 11 11
221 235 11 11
242 241 12 12
242 240 12 12
243 241 12 12
243 240 12 12
244 242 12 12
244 243 12 12
245 242 12 12
245 240 12 12
246 242 12 12
246 244 12 12
247 240 12 12
247 242 12 12
248 247 12 12
248 240 12 12
249 241 12 12
249 240 12 12
250 248 12 12
250 247 12 12
251 249 12 12
251 241 12 12
252 249 12 12
252 243 12 12
253 251 12 12
253 241 12 12
254 247 12 12
254 245 12 12
255 246 12 12
255 247 12 12
256 244 12 12
256 249 12 12
257 247 12 12
257 244 12 12
258 241 12 12
258 246 12 12
259 247 12 12
259 257 12 12
240 258 12 12
240 254 12 12
241 256 12 12
241 245 12 12
262 261 13 13
262 260 13 13
263 262 13 13
263 260 13 13
264 262 13 13
264 260 13 13
265 262 13 13
265 263 13 13
266 261 13 13
266 260 13 13
267 262 13 13
267 265 13 13
268 267 13 13
268 260 13 13
269 262 13 13
269 267 13 13
270 268 13 13
270 264 13 13
271 263 13 13
271 264 13 13
272 269 13 13
272 265 13 13
273 261 13 13
273 266 13 13
274 269 13 13
274 264 13 13
275 268 13 13
275 260 13 13
276 273 13 13
276 268 13 13
277 269 13 13
277 272 13 13
278 266 13 13
278 262 13 13
279 274 13 13
279 267 13 13
260 277 13 13
260 267 13 13
261 272 13 13
261 278 13 13
282 280 14 14
282 281 14 14
283 282 14 14
283 281 14 14
284 282 14 14
284 280 14 14
285 280 14 14
285 282 14 14
286 282 14 14
286 283 14 14
287 285 14 14
287 282 14 14
288 285 14 14
288 284 14 14
289 286 14 14
289 282 14 14
290 286 14 14
290 289 14 14
291 286 14 14
291 289 14 14
292 289 14 14
292 280 14 14
293 290 14 14
293 285 14 14
294 287 14 14
294 291 14 14
295 283 14 14
295 282 14 14
296 281 14 14
296 289 14 14
297 288 14 14
297 281 14 14
298 292 14 14
298 283 14 14
299 294 14 14
299 289 14 14
280 299 14 14
280 296 14 14
281 285 14 14
281 294 14 14
302 301 15 15
302 300 15 15
303 300 15 15
303 301 15 15
304 303 15 15
304 302 15 15
305 303 15 15
305 300 15 15
306 305 15 15
306 303 15 15
307 302 15 15
307 301 15 15
308 301 15 15
308 307 15 15
309 301 15 15
309 306 15 15
310 303 15 15
310 308 15 15
311 309 15 15
311 304 15 15
312 305 15 15
312 310 15 15
313 305 15 15
313 303 15 15
314 301 15 15
314 302 15 15
315 302 15 15
315 306 15 15
316 313 15 15
316 303 15 15
317 316 15 15
317 302 15 15
318 315 15 15
318 302 15 15
319 314 15 15
319 309 15 15
300 312 15 15
300 310 15 15
301 304 15 15
301 319 15 15
55 6 2 0
59 37 2 1
71 27 3 1
65 52 3 2
89 57 4 2
93 78 4 3
112 85 5 4
103 39 5 1
122 98 6 4
121 39 6 1
155 3 7 0
150 35 7 1
174 57 8 2
173 3 8 0
184 119 9 5
190 174 9 8
205 20 10 1
211 120 10 6
225 140 11 7
239 47 11 2
255 169 12 8
241 104 12 5
278 257 13 12
264 147 13 7
281 227 14 11
293 43 14 2
316 255 15 12
316 140 15 7
12 288 0 14
10 306 0 15
28 99 1 4
21 316 1 15
