swNum = 320
edgeNum = 672

0 0
1 0
2 0
3 0
4 0
5 0
6 0
7 0
8 0
9 0
10 0
11 0
12 0
13 0
14 0
15 0
16 0
17 0
18 0
19 0
20 1
21 1
22 1
23 1
24 1
25 1
26 1
27 1
28 1
29 1
30 1
31 1
32 1
33 1
34 1
35 1
36 1
37 1
38 1
39 1
40 2
41 2
42 2
43 2
44 2
45 2
46 2
47 2
48 2
49 2
50 2
51 2
52 2
53 2
54 2
55 2
56 2
57 2
58 2
59 2
60 3
61 3
62 3
63 3
64 3
65 3
66 3
67 3
68 3
69 3
70 3
71 3
72 3
73 3
74 3
75 3
76 3
77 3
78 3
79 3
80 4
81 4
82 4
83 4
84 4
85 4
86 4
87 4
88 4
89 4
90 4
91 4
92 4
93 4
94 4
95 4
96 4
97 4
98 4
99 4
100 5
101 5
102 5
103 5
104 5
105 5
106 5
107 5
108 5
109 5
110 5
111 5
112 5
113 5
114 5
115 5
116 5
117 5
118 5
119 5
120 6
121 6
122 6
123 6
124 6
125 6
126 6
127 6
128 6
129 6
130 6
131 6
132 6
133 6
134 6
135 6
136 6
137 6
138 6
139 6
140 7
141 7
142 7
143 7
144 7
145 7
146 7
147 7
148 7
149 7
150 7
151 7
152 7
153 7
154 7
155 7
156 7
157 7
158 7
159 7
160 8
161 8
162 8
163 8
164 8
165 8
166 8
167 8
168 8
169 8
170 8
171 8
172 8
173 8
174 8
175 8
176 8
177 8
178 8
179 8
180 9
181 9
182 9
183 9
184 9
185 9
186 9
187 9
188 9
189 9
190 9
191 9
192 9
193 9
194 9
195 9
196 9
197 9
198 9
199 9
200 10
201 10
202 10
203 10
204 10
205 10
206 10
207 10
208 10
209 10
210 10
211 10
212 10
213 10
214 10
215 10
216 10
217 10
218 10
219 10
220 11
221 11
222 11
223 11
224 11
225 11
226 11
227 11
228 11
229 11
230 11
231 11
232 11
233 11
234 11
235 11
236 11
237 11
238 11
239 11
240 12
241 12
242 12
243 12
244 12
245 12
246 12
247 12
248 12
249 12
250 12
251 12
252 12
253 12
254 12
255 12
256 12
257 12
258 12
259 12
260 13
261 13
262 13
263 13
264 13
265 13
266 13
267 13
268 13
269 13
270 13
271 13
272 13
273 13
274 13
275 13
276 13
277 13
278 13
279 13
280 14
281 14
282 14
283 14
284 14
285 14
286 14
287 14
288 14
289 14
290 14
291 14
292 14
293 14
294 14
295 14
296 14
297 14
298 14
299 14
300 15
301 15
302 15
303 15
304 15
305 15
306 15
307 15
308 15
309 15
310 15
311 15
312 15
313 15
314 15
315 15
316 15
317 15
318 15
319 15

2 1 0 0
2 0 0 0
3 2 0 0
3 1 0 0
4 2 0 0
4 0 0 0
5 1 0 0
5 3 0 0
6 1 0 0
6 2 0 0
7 0 0 0
7 2 0 0
8 2 0 0
8 1 0 0
9 6 0 0
9 3 0 0
10 3 0 0
10 1 0 0
11 9 0 0
11 10 0 0
12 6 0 0
12 9 0 0
13 5 0 0
13 0 0 0
14 2 0 0
14 12 0 0
15 1 0 0
15 12 0 0
16 12 0 0
16 2 0 0
17 11 0 0
17 2 0 0
18 12 0 0
18 5 0 0
19 18 0 0
19 17 0 0
0 12 0 0
0 9 0 0
1 9 0 0
1 18 0 0
22 20 1 1
22 21 1 1
23 22 1 1
23 20 1 1
24 21 1 1
24 22 1 1
25 20 1 1
25 23 1 1
26 20 1 1
26 22 1 1
27 21 1 1
27 25 1 1
28 22 1 1
28 23 1 1
29 23 1 1
29 26 1 1
30 27 1 1
30 26 1 1
31 20 1 1
31 26 1 1
32 30 1 1
32 31 1 1
33 26 1 1
33 27 1 1
34 31 1 1
34 33 1 1
35 34 1 1
35 31 1 1
36 20 1 1
36 27 1 1
37 21 1 1
37 24 1 1
38 34 1 1
38 29 1 1
39 23 1 1
39 38 1 1
20 32 1 1
20 29 1 1
21 29 1 1
21 34 1 1
42 41 2 2
42 40 2 2
43 41 2 2
43 40 2 2
44 42 2 2
44 41 2 2
45 40 2 2
45 43 2 2
46 42 2 2
46 45 2 2
47 43 2 2
47 45 2 2
48 40 2 2
48 42 2 2
49 41 2 2
49 44 2 2
50 45 2 2
50 42 2 2
51 46 2 2
51 45 2 2
52 47 2 2
52 41 2 2
53 48 2 2
53 44 2 2
54 43 2 2
54 50 2 2
55 52 2 2
55 54 2 2
56 48 2 2
56 46 2 2
57 44 2 2
57 40 2 2
58 55 2 2
58 53 2 2
59 52 2 2
59 54 2 2
40 50 2 2
40 51 2 2
41 53 2 2
41 55 2 2
62 61 3 3
62 60 3 3
63 60 3 3
63 61 3 3
64 60 3 3
64 62 3 3
65 62 3 3
65 61 3 3
66 64 3 3
66 60 3 3
67 62 3 3
67 65 3 3
68 67 3 3
68 65 3 3
69 66 3 3
69 64 3 3
70 64 3 3
70 66 3 3
71 69 3 3
71 68 3 3
72 60 3 3
72 63 3 3
73 72 3 3
73 63 3 3
74 72 3 3
74 71 3 3
75 71 3 3
75 68 3 3
76 65 3 3
76 62 3 3
77 64 3 3
77 69 3 3
78 75 3 3
78 72 3 3
79 75 3 3
79 62 3 3
60 74 3 3
60 69 3 3
61 79 3 3
61 74 3 3
82 81 4 4
82 80 4 4
83 82 4 4
83 81 4 4
84 83 4 4
84 80 4 4
85 80 4 4
85 84 4 4
86 83 4 4
86 81 4 4
87 81 4 4
87 83 4 4
88 85 4 4
88 80 4 4
89 85 4 4
89 80 4 4
90 83 4 4
90 89 4 4
91 87 4 4
91 83 4 4
92 82 4 4
92 89 4 4
93 80 4 4
93 88 4 4
94 84 4 4
94 86 4 4
95 86 4 4
95 91 4 4
96 86 4 4
96 92 4 4
97 91 4 4
97 83 4 4
98 95 4 4
98 86 4 4
99 81 4 4
99 95 4 4
80 91 4 4
80 97 4 4
81 93 4 4
81 85 4 4
102 101 5 5
102 100 5 5
103 100 5 5
103 101 5 5
104 101 5 5
104 100 5 5
105 103 5 5
105 100 5 5
106 103 5 5
106 105 5 5
107 104 5 5
107 101 5 5
108 101 5 5
108 102 5 5
109 106 5 5
109 105 5 5
110 103 5 5
110 100 5 5
111 109 5 5
111 106 5 5
112 110 5 5
112 103 5 5
113 105 5 5
113 101 5 5
114 111 5 5
114 105 5 5
115 104 5 5
115 101 5 5
116 111 5 5
116 107 5 5
117 109 5 5
117 114 5 5
118 116 5 5
118 108 5 5
119 102 5 5
119 101 5 5
100 118 5 5
100 119 5 5
101 118 5 5
101 111 5 5
122 121 6 6
122 120 6 6
123 121 6 6
123 120 6 6
124 120 6 6
124 123 6 6
125 123 6 6
125 124 6 6
126 122 6 6
126 124 6 6
127 124 6 6
127 123 6 6
128 120 6 6
128 125 6 6
129 124 6 6
129 123 6 6
130 122 6 6
130 129 6 6
131 121 6 6
131 126 6 6
132 129 6 6
132 122 6 6
133 124 6 6
133 129 6 6
134 127 6 6
134 123 6 6
135 127 6 6
135 132 6 6
136 135 6 6
136 120 6 6
137 124 6 6
137 134 6 6
138 121 6 6
138 127 6 6
139 125 6 6
139 128 6 6
120 134 6 6
120 133 6 6
121 133 6 6
121 135 6 6
142 141 7 7
142 140 7 7
143 142 7 7
143 141 7 7
144 141 7 7
144 140 7 7
145 140 7 7
145 142 7 7
146 144 7 7
146 142 7 7
147 143 7 7
147 146 7 7
148 144 7 7
148 147 7 7
149 142 7 7
149 145 7 7
150 146 7 7
150 148 7 7
151 143 7 7
151 149 7 7
152 140 7 7
152 141 7 7
153 142 7 7
153 143 7 7
154 143 7 7
154 148 7 7
155 141 7 7
155 153 7 7
156 141 7 7
156 150 7 7
157 150 7 7
157 144 7 7
158 144 7 7
158 151 7 7
159 146 7 7
159 149 7 7
140 151 7 7
140 156 7 7
141 145 7 7
141 154 7 7
162 161 8 8
162 160 8 8
163 160 8 8
163 161 8 8
164 162 8 8
164 161 8 8
165 160 8 8
165 161 8 8
166 163 8 8
166 165 8 8
167 166 8 8
167 162 8 8
168 165 8 8
168 167 8 8
169 166 8 8
169 160 8 8
170 166 8 8
170 162 8 8
171 160 8 8
171 166 8 8
172 164 8 8
172 162 8 8
173 162 8 8
173 167 8 8
174 166 8 8
174 162 8 8
175 166 8 8
175 162 8 8
176 167 8 8
176 171 8 8
177 175 8 8
177 174 8 8
178 177 8 8
178 175 8 8
179 167 8 8
179 165 8 8
160 178 8 8
160 168 8 8
161 179 8 8
161 169 8 8
182 180 9 9
182 181 9 9
183 180 9 9
183 182 9 9
184 180 9 9
184 181 9 9
185 184 9 9
185 180 9 9
186 184 9 9
186 181 9 9
187 180 9 9
187 182 9 9
188 186 9 9
188 184 9 9
189 187 9 9
189 182 9 9
190 184 9 9
190 188 9 9
191 190 9 9
191 189 9 9
192 187 9 9
192 188 9 9
193 184 9 9
193 190 9 9
194 184 9 9
194 188 9 9
195 192 9 9
195 180 9 9
196 181 9 9
196 194 9 9
197 196 9 9
197 193 9 9
198 186 9 9
198 194 9 9
199 186 9 9
199 193 9 9
180 196 9 9
180 190 9 9
181 197 9 9
181 195 9 9
202 201 10 10
202 200 10 10
203 201 10 10
203 202 10 10
204 201 10 10
204 200 10 10
205 200 10 10
205 203 10 10
206 205 10 10
206 202 10 10
207 200 10 10
207 201 10 10
208 205 10 10
208 202 10 10
209 203 10 10
209 201 10 10
210 208 10 10
210 203 10 10
211 203 10 10
211 202 10 10
212 209 10 10
212 208 10 10
213 212 10 10
213 210 10 10
214 206 10 10
214 201 10 10
215 214 10 10
215 205 10 10
216 203 10 10
216 206 10 10
217 213 10 10
217 210 10 10
218 207 10 10
218 214 10 10
219 207 10 10
219 203 10 10
200 219 10 10
200 209 10 10
201 208 10 10
201 205 10 10
222 221 11 11
222 220 11 11
223 222 11 11
223 221 11 11
224 222 11 11
224 221 11 11
225 220 11 11
225 223 11 11
226 222 11 11
226 225 11 11
227 226 11 11
227 225 11 11
228 221 11 11
228 220 11 11
229 221 11 11
229 223 11 11
230 223 11 11
230 226 11 11
231 226 11 11
231 230 11 11
232 230 11 11
232 226 11 11
233 228 11 11
233 225 11 11
234 222 11 11
234 225 11 11
235 233 11 11
235 224 11 11
236 227 11 11
236 225 11 11
237 229 11 11
237 222 11 11
238 225 11 11
238 226 11 11
239 222 11 11
239 226 11 11
220 227 11 11
220 234 11 11
221 238 11 11
221 232 11 11
242 240 12 12
242 241 12 12
243 242 12 12
243 241 12 12
244 240 12 12
244 241 12 12
245 240 12 12
245 242 12 12
246 240 12 12
246 241 12 12
247 242 12 12
247 246 12 12
248 243 12 12
248 242 12 12
249 242 12 12
249 247 12 12
250 249 12 12
250 247 12 12
251 250 12 12
251 249 12 12
252 243 12 12
252 248 12 12
253 246 12 12
253 241 12 12
254 248 12 12
254 251 12 12
255 252 12 12
255 249 12 12
256 244 12 12
256 251 12 12
257 240 12 12
257 248 12 12
258 240 12 12
258 250 12 12
259 247 12 12
259 250 12 12
240 249 12 12
240 255 12 12
241 245 12 12
241 247 12 12
262 261 13 13
262 260 13 13
263 262 13 13
263 261 13 13
264 260 13 13
264 261 13 13
265 262 13 13
265 264 13 13
266 263 13 13
266 262 13 13
267 262 13 13
267 266 13 13
268 262 13 13
268 261 13 13
269 262 13 13
269 268 13 13
270 269 13 13
270 267 13 13
271 261 13 13
271 262 13 13
272 261 13 13
272 266 13 13
273 271 13 13
273 262 13 13
274 264 13 13
274 266 13 13
275 260 13 13
275 270 13 13
276 265 13 13
276 262 13 13
277 265 13 13
277 264 13 13
278 260 13 13
278 268 13 13
279 276 13 13
279 266 13 13
260 270 13 13
260 267 13 13
261 270 13 13
261 275 13 13
282 281 14 14
282 280 14 14
283 280 14 14
283 282 14 14
284 282 14 14
284 283 14 14
285 284 14 14
285 281 14 14
286 283 14 14
286 284 14 14
287 280 14 14
287 282 14 14
288 287 14 14
288 286 14 14
289 288 14 14
289 286 14 14
290 287 14 14
290 282 14 14
291 282 14 14
291 287 14 14
292 289 14 14
292 283 14 14
293 290 14 14
293 288 14 14
294 284 14 14
294 288 14 14
295 283 14 14
295 292 14 14
296 293 14 14
296 281 14 14
297 280 14 14
297 289 14 14
298 295 14 14
298 282 14 14
299 292 14 14
299 287 14 14
280 294 14 14
280 296 14 14
281 294 14 14
281 291 14 14
302 300 15 15
302 301 15 15
303 302 15 15
303 301 15 15
304 302 15 15
304 300 15 15
305 300 15 15
305 303 15 15
306 301 15 15
306 302 15 15
307 306 15 15
307 302 15 15
308 301 15 15
308 305 15 15
309 300 15 15
309 308 15 15
310 309 15 15
310 304 15 15
311 305 15 15
311 307 15 15
312 301 15 15
312 300 15 15
313 304 15 15
313 300 15 15
314 303 15 15
314 310 15 15
315 301 15 15
315 304 15 15
316 315 15 15
316 310 15 15
317 315 15 15
317 308 15 15
318 304 15 15
318 313 15 15
319 310 15 15
319 303 15 15
300 311 15 15
300 318 15 15
301 304 15 15
301 307 15 15
48 28 2 1
46 18 2 0
66 53 3 2
72 28 3 1
97 12 4 0
83 68 4 3
119 99 5 4
109 72 5 3
126 39 6 1
138 46 6 2
157 73 7 3
145 54 7 2
177 128 8 6
162 46 8 2
189 58 9 2
190 131 9 6
216 173 10 8
203 137 10 6
230 211 11 10
237 88 11 4
249 106 12 5
240 57 12 2
260 39 13 1
270 42 13 2
290 61 14 3
286 169 14 8
305 179 15 8
306 105 15 5
11 204 0 10
4 319 0 15
20 173 1 8
37 210 1 10
