swNum = 320
edgeNum = 672

0 0
1 0
2 0
3 0
4 0
5 0
6 0
7 0
8 0
9 0
10 0
11 0
12 0
13 0
14 0
15 0
16 0
17 0
18 0
19 0
20 1
21 1
22 1
23 1
24 1
25 1
26 1
27 1
28 1
29 1
30 1
31 1
32 1
33 1
34 1
35 1
36 1
37 1
38 1
39 1
40 2
41 2
42 2
43 2
44 2
45 2
46 2
47 2
48 2
49 2
50 2
51 2
52 2
53 2
54 2
55 2
56 2
57 2
58 2
59 2
60 3
61 3
62 3
63 3
64 3
65 3
66 3
67 3
68 3
69 3
70 3
71 3
72 3
73 3
74 3
75 3
76 3
77 3
78 3
79 3
80 4
81 4
82 4
83 4
84 4
85 4
86 4
87 4
88 4
89 4
90 4
91 4
92 4
93 4
94 4
95 4
96 4
97 4
98 4
99 4
100 5
101 5
102 5
103 5
104 5
105 5
106 5
107 5
108 5
109 5
110 5
111 5
112 5
113 5
114 5
115 5
116 5
117 5
118 5
119 5
120 6
121 6
122 6
123 6
124 6
125 6
126 6
127 6
128 6
129 6
130 6
131 6
132 6
133 6
134 6
135 6
136 6
137 6
138 6
139 6
140 7
141 7
142 7
143 7
144 7
145 7
146 7
147 7
148 7
149 7
150 7
151 7
152 7
153 7
154 7
155 7
156 7
157 7
158 7
159 7
160 8
161 8
162 8
163 8
164 8
165 8
166 8
167 8
168 8
169 8
170 8
171 8
172 8
173 8
174 8
175 8
176 8
177 8
178 8
179 8
180 9
181 9
182 9
183 9
184 9
185 9
186 9
187 9
188 9
189 9
190 9
191 9
192 9
193 9
194 9
195 9
196 9
197 9
198 9
199 9
200 10
201 10
202 10
203 10
204 10
205 10
206 10
207 10
208 10
209 10
210 10
211 10
212 10
213 10
214 10
215 10
216 10
217 10
218 10
219 10
220 11
221 11
222 11
223 11
224 11
225 11
226 11
227 11
228 11
229 11
230 11
231 11
232 11
233 11
234 11
235 11
236 11
237 11
238 11
239 11
240 12
241 12
242 12
243 12
244 12
245 12
246 12
247 12
248 12
249 12
250 12
251 12
252 12
253 12
254 12
255 12
256 12
257 12
258 12
259 12
260 13
261 13
262 13
263 13
264 13
265 13
266 13
267 13
268 13
269 13
270 13
271 13
272 13
273 13
274 13
275 13
276 13
277 13
278 13
279 13
280 14
281 14
282 14
283 14
284 14
285 14
286 14
287 14
288 14
289 14
290 14
291 14
292 14
293 14
294 14
295 14
296 14
297 14
298 14
299 14
300 15
301 15
302 15
303 15
304 15
305 15
306 15
307 15
308 15
309 15
310 15
311 15
312 15
313 15
314 15
315 15
316 15
317 15
318 15
319 15

2 0 0 0
2 1 0 0
3 2 0 0
3 0 0 0
4 1 0 0
4 2 0 0
5 1 0 0
5 3 0 0
6 4 0 0
6 3 0 0
7 5 0 0
7 0 0 0
8 0 0 0
8 3 0 0
9 8 0 0
9 3 0 0
10 0 0 0
10 2 0 0
11 4 0 0
11 6 0 0
12 8 0 0
12 10 0 0
13 9 0 0
13 10 0 0
14 0 0 0
14 3 0 0
15 13 0 0
15 0 0 0
16 5 0 0
16 0 0 0
17 0 0 0
17 3 0 0
18 8 0 0
18 1 0 0
19 10 0 0
19 9 0 0
0 12 0 0
0 18 0 0
1 15 0 0
1 19 0 0
22 21 1 1
22 20 1 1
23 20 1 1
23 21 1 1
24 22 1 1
24 20 1 1
25 22 1 1
25 21 1 1
26 20 1 1
26 24 1 1
27 25 1 1
27 21 1 1
28 27 1 1
28 25 1 1
29 20 1 1
29 22 1 1
30 20 1 1
30 24 1 1
31 25 1 1
31 29 1 1
32 25 1 1
32 26 1 1
33 22 1 1
33 27 1 1
34 32 1 1
34 24 1 1
35 27 1 1
35 32 1 1
36 34 1 1
36 33 1 1
37 25 1 1
37 24 1 1
38 21 1 1
38 30 1 1
39 22 1 1
39 30 1 1
20 32 1 1
20 39 1 1
21 33 1 1
21 28 1 1
42 41 2 2
42 40 2 2
43 40 2 2
43 41 2 2
44 43 2 2
44 41 2 2
45 42 2 2
45 41 2 2
46 43 2 2
46 41 2 2
47 40 2 2
47 43 2 2
48 45 2 2
48 47 2 2
49 43 2 2
49 40 2 2
50 43 2 2
50 47 2 2
51 48 2 2
51 45 2 2
52 40 2 2
52 46 2 2
53 40 2 2
53 49 2 2
54 52 2 2
54 45 2 2
55 52 2 2
55 53 2 2
56 43 2 2
56 42 2 2
57 47 2 2
57 46 2 2
58 44 2 2
58 57 2 2
59 58 2 2
59 46 2 2
40 54 2 2
40 50 2 2
41 56 2 2
41 48 2 2
62 61 3 3
62 60 3 3
63 60 3 3
63 61 3 3
64 60 3 3
64 61 3 3
65 62 3 3
65 64 3 3
66 65 3 3
66 63 3 3
67 64 3 3
67 65 3 3
68 65 3 3
68 67 3 3
69 61 3 3
69 67 3 3
70 61 3 3
70 60 3 3
71 70 3 3
71 63 3 3
72 68 3 3
72 62 3 3
73 61 3 3
73 71 3 3
74 67 3 3
74 64 3 3
75 65 3 3
75 74 3 3
76 70 3 3
76 67 3 3
77 74 3 3
77 75 3 3
78 69 3 3
78 65 3 3
79 74 3 3
79 64 3 3
60 73 3 3
60 76 3 3
61 71 3 3
61 68 3 3
82 81 4 4
82 80 4 4
83 82 4 4
83 80 4 4
84 80 4 4
84 83 4 4
85 81 4 4
85 82 4 4
86 81 4 4
86 84 4 4
87 85 4 4
87 84 4 4
88 87 4 4
88 84 4 4
89 83 4 4
89 88 4 4
90 89 4 4
90 83 4 4
91 87 4 4
91 81 4 4
92 90 4 4
92 87 4 4
93 84 4 4
93 89 4 4
94 86 4 4
94 82 4 4
95 92 4 4
95 87 4 4
96 89 4 4
96 84 4 4
97 80 4 4
97 84 4 4
98 90 4 4
98 91 4 4
99 90 4 4
99 96 4 4
80 90 4 4
80 87 4 4
81 98 4 4
81 90 4 4
102 101 5 5
102 100 5 5
103 100 5 5
103 101 5 5
104 102 5 5
104 103 5 5
105 103 5 5
105 102 5 5
106 103 5 5
106 100 5 5
107 102 5 5
107 105 5 5
108 103 5 5
108 102 5 5
109 102 5 5
109 105 5 5
110 109 5 5
110 103 5 5
111 105 5 5
111 107 5 5
112 103 5 5
112 100 5 5
113 105 5 5
113 109 5 5
114 101 5 5
114 112 5 5
115 114 5 5
115 103 5 5
116 109 5 5
116 102 5 5
117 100 5 5
117 114 5 5
118 113 5 5
118 117 5 5
119 118 5 5
119 104 5 5
100 108 5 5
100 116 5 5
101 106 5 5
101 116 5 5
122 121 6 6
122 120 6 6
123 122 6 6
123 120 6 6
124 122 6 6
124 120 6 6
125 122 6 6
125 124 6 6
126 124 6 6
126 123 6 6
127 124 6 6
127 123 6 6
128 125 6 6
128 121 6 6
129 125 6 6
129 127 6 6
130 122 6 6
130 125 6 6
131 126 6 6
131 124 6 6
132 121 6 6
132 130 6 6
133 120 6 6
133 124 6 6
134 129 6 6
134 130 6 6
135 123 6 6
135 127 6 6
136 129 6 6
136 127 6 6
137 133 6 6
137 132 6 6
138 121 6 6
138 122 6 6
139 122 6 6
139 133 6 6
120 128 6 6
120 134 6 6
121 130 6 6
121 136 6 6
142 141 7 7
142 140 7 7
143 141 7 7
143 140 7 7
144 141 7 7
144 140 7 7
145 141 7 7
145 143 7 7
146 140 7 7
146 144 7 7
147 141 7 7
147 146 7 7
148 147 7 7
148 145 7 7
149 143 7 7
149 140 7 7
150 143 7 7
150 145 7 7
151 142 7 7
151 141 7 7
152 148 7 7
152 151 7 7
153 143 7 7
153 146 7 7
154 140 7 7
154 146 7 7
155 147 7 7
155 150 7 7
156 153 7 7
156 143 7 7
157 148 7 7
157 140 7 7
158 154 7 7
158 143 7 7
159 147 7 7
159 155 7 7
140 159 7 7
140 150 7 7
141 156 7 7
141 148 7 7
162 161 8 8
162 160 8 8
163 162 8 8
163 161 8 8
164 160 8 8
164 161 8 8
165 160 8 8
165 163 8 8
166 161 8 8
166 160 8 8
167 164 8 8
167 163 8 8
168 160 8 8
168 163 8 8
169 168 8 8
169 161 8 8
170 161 8 8
170 166 8 8
171 162 8 8
171 167 8 8
172 160 8 8
172 167 8 8
173 164 8 8
173 160 8 8
174 162 8 8
174 164 8 8
175 174 8 8
175 168 8 8
176 175 8 8
176 160 8 8
177 175 8 8
177 170 8 8
178 171 8 8
178 164 8 8
179 174 8 8
179 170 8 8
160 178 8 8
160 170 8 8
161 165 8 8
161 175 8 8
182 181 9 9
182 180 9 9
183 182 9 9
183 180 9 9
184 180 9 9
184 182 9 9
185 184 9 9
185 183 9 9
186 180 9 9
186 185 9 9
187 185 9 9
187 184 9 9
188 186 9 9
188 184 9 9
189 182 9 9
189 183 9 9
190 181 9 9
190 183 9 9
191 188 9 9
191 190 9 9
192 187 9 9
192 191 9 9
193 186 9 9
193 190 9 9
194 180 9 9
194 183 9 9
195 190 9 9
195 185 9 9
196 190 9 9
196 183 9 9
197 183 9 9
197 189 9 9
198 185 9 9
198 192 9 9
199 180 9 9
199 190 9 9
180 188 9 9
180 198 9 9
181 197 9 9
181 183 9 9
202 200 10 10
202 201 10 10
203 201 10 10
203 202 10 10
204 202 10 10
204 200 10 10
205 200 10 10
205 204 10 10
206 200 10 10
206 204 10 10
207 200 10 10
207 204 10 10
208 205 10 10
208 206 10 10
209 202 10 10
209 200 10 10
210 207 10 10
210 205 10 10
211 204 10 10
211 200 10 10
212 204 10 10
212 203 10 10
213 204 10 10
213 212 10 10
214 206 10 10
214 200 10 10
215 205 10 10
215 208 10 10
216 212 10 10
216 205 10 10
217 211 10 10
217 202 10 10
218 216 10 10
218 212 10 10
219 211 10 10
219 202 10 10
200 217 10 10
200 218 10 10
201 216 10 10
201 210 10 10
222 221 11 11
222 220 11 11
223 220 11 11
223 221 11 11
224 222 11 11
224 221 11 11
225 220 11 11
225 223 11 11
226 220 11 11
226 224 11 11
227 223 11 11
227 226 11 11
228 220 11 11
228 223 11 11
229 222 11 11
229 221 11 11
230 220 11 11
230 223 11 11
231 220 11 11
231 228 11 11
232 224 11 11
232 227 11 11
233 224 11 11
233 229 11 11
234 228 11 11
234 229 11 11
235 224 11 11
235 231 11 11
236 234 11 11
236 223 11 11
237 222 11 11
237 232 11 11
238 230 11 11
238 231 11 11
239 232 11 11
239 227 11 11
220 236 11 11
220 227 11 11
221 232 11 11
221 235 11 11
242 240 12 12
242 241 12 12
243 241 12 12
243 242 12 12
244 241 12 12
244 242 12 12
245 241 12 12
245 243 12 12
246 243 12 12
246 244 12 12
247 241 12 12
247 244 12 12
248 243 12 12
248 245 12 12
249 244 12 12
249 248 12 12
250 241 12 12
250 245 12 12
251 247 12 12
251 250 12 12
252 249 12 12
252 242 12 12
253 245 12 12
253 250 12 12
254 249 12 12
254 243 12 12
255 246 12 12
255 249 12 12
256 247 12 12
256 241 12 12
257 246 12 12
257 252 12 12
258 243 12 12
258 249 12 12
259 240 12 12
259 242 12 12
240 243 12 12
240 250 12 12
241 259 12 12
241 253 12 12
262 261 13 13
262 260 13 13
263 260 13 13
263 261 13 13
264 261 13 13
264 260 13 13
265 264 13 13
265 262 13 13
266 260 13 13
266 265 13 13
267 264 13 13
267 261 13 13
268 265 13 13
268 263 13 13
269 264 13 13
269 267 13 13
270 262 13 13
270 263 13 13
271 263 13 13
271 265 13 13
272 261 13 13
272 268 13 13
273 265 13 13
273 266 13 13
274 270 13 13
274 267 13 13
275 263 13 13
275 267 13 13
276 264 13 13
276 267 13 13
277 272 13 13
277 270 13 13
278 273 13 13
278 277 13 13
279 263 13 13
279 265 13 13
260 274 13 13
260 275 13 13
261 276 13 13
261 271 13 13
282 280 14 14
282 281 14 14
283 282 14 14
283 281 14 14
284 280 14 14
284 281 14 14
285 282 14 14
285 284 14 14
286 285 14 14
286 283 14 14
287 280 14 14
287 284 14 14
288 283 14 14
288 287 14 14
289 281 14 14
289 287 14 14
290 280 14 14
290 288 14 14
291 282 14 14
291 284 14 14
292 287 14 14
292 291 14 14
293 284 14 14
293 288 14 14
294 285 14 14
294 290 14 14
295 293 14 14
295 280 14 14
296 295 14 14
296 291 14 14
297 290 14 14
297 292 14 14
298 297 14 14
298 286 14 14
299 282 14 14
299 281 14 14
280 296 14 14
280 294 14 14
281 298 14 14
281 295 14 14
302 300 15 15
302 301 15 15
303 302 15 15
303 301 15 15
304 303 15 15
304 301 15 15
305 304 15 15
305 300 15 15
306 304 15 15
306 303 15 15
307 303 15 15
307 302 15 15
308 303 15 15
308 300 15 15
309 301 15 15
309 304 15 15
310 309 15 15
310 307 15 15
311 302 15 15
311 303 15 15
312 302 15 15
312 305 15 15
313 308 15 15
313 303 15 15
314 308 15 15
314 307 15 15
315 309 15 15
315 306 15 15
316 307 15 15
316 305 15 15
317 302 15 15
317 314 15 15
318 303 15 15
318 307 15 15
319 315 15 15
319 318 15 15
300 309 15 15
300 314 15 15
301 311 15 15
301 319 15 15
56 15 2 0
58 35 2 1
70 30 3 1
77 50 3 2
96 20 4 1
84 79 4 3
110 44 5 2
115 38 5 1
129 49 6 2
120 5 6 0
159 11 7 0
146 36 7 1
171 139 8 6
162 116 8 5
198 65 9 3
194 107 9 5
200 123 10 6
214 24 10 1
222 118 11 5
222 92 11 4
243 135 12 6
244 107 12 5
275 234 13 11
264 153 13 7
297 249 14 12
282 105 14 5
308 203 15 10
300 69 15 3
17 305 0 15
1 253 0 12
28 229 1 11
34 288 1 14
