swNum = 320
edgeNum = 672

0 0
1 0
2 0
3 0
4 0
5 0
6 0
7 0
8 0
9 0
10 0
11 0
12 0
13 0
14 0
15 0
16 0
17 0
18 0
19 0
20 1
21 1
22 1
23 1
24 1
25 1
26 1
27 1
28 1
29 1
30 1
31 1
32 1
33 1
34 1
35 1
36 1
37 1
38 1
39 1
40 2
41 2
42 2
43 2
44 2
45 2
46 2
47 2
48 2
49 2
50 2
51 2
52 2
53 2
54 2
55 2
56 2
57 2
58 2
59 2
60 3
61 3
62 3
63 3
64 3
65 3
66 3
67 3
68 3
69 3
70 3
71 3
72 3
73 3
74 3
75 3
76 3
77 3
78 3
79 3
80 4
81 4
82 4
83 4
84 4
85 4
86 4
87 4
88 4
89 4
90 4
91 4
92 4
93 4
94 4
95 4
96 4
97 4
98 4
99 4
100 5
101 5
102 5
103 5
104 5
105 5
106 5
107 5
108 5
109 5
110 5
111 5
112 5
113 5
114 5
115 5
116 5
117 5
118 5
119 5
120 6
121 6
122 6
123 6
124 6
125 6
126 6
127 6
128 6
129 6
130 6
131 6
132 6
133 6
134 6
135 6
136 6
137 6
138 6
139 6
140 7
141 7
142 7
143 7
144 7
145 7
146 7
147 7
148 7
149 7
150 7
151 7
152 7
153 7
154 7
155 7
156 7
157 7
158 7
159 7
160 8
161 8
162 8
163 8
164 8
165 8
166 8
167 8
168 8
169 8
170 8
171 8
172 8
173 8
174 8
175 8
176 8
177 8
178 8
179 8
180 9
181 9
182 9
183 9
184 9
185 9
186 9
187 9
188 9
189 9
190 9
191 9
192 9
193 9
194 9
195 9
196 9
197 9
198 9
199 9
200 10
201 10
202 10
203 10
204 10
205 10
206 10
207 10
208 10
209 10
210 10
211 10
212 10
213 10
214 10
215 10
216 10
217 10
218 10
219 10
220 11
221 11
222 11
223 11
224 11
225 11
226 11
227 11
228 11
229 11
230 11
231 11
232 11
233 11
234 11
235 11
236 11
237 11
238 11
239 11
240 12
241 12
242 12
243 12
244 12
245 12
246 12
247 12
248 12
249 12
250 12
251 12
252 12
253 12
254 12
255 12
256 12
257 12
258 12
259 12
260 13
261 13
262 13
263 13
264 13
265 13
266 13
267 13
268 13
269 13
270 13
271 13
272 13
273 13
274 13
275 13
276 13
277 13
278 13
279 13
280 14
281 14
282 14
283 14
284 14
285 14
286 14
287 14
288 14
289 14
290 14
291 14
292 14
293 14
294 14
295 14
296 14
297 14
298 14
299 14
300 15
301 15
302 15
303 15
304 15
305 15
306 15
307 15
308 15
309 15
310 15
311 15
312 15
313 15
314 15
315 15
316 15
317 15
318 15
319 15

2 0 0 0
2 1 0 0
3 2 0 0
3 0 0 0
4 2 0 0
4 3 0 0
5 2 0 0
5 4 0 0
6 3 0 0
6 4 0 0
7 4 0 0
7 2 0 0
8 2 0 0
8 7 0 0
9 2 0 0
9 8 0 0
10 9 0 0
10 7 0 0
11 9 0 0
11 10 0 0
12 4 0 0
12 6 0 0
13 9 0 0
13 0 0 0
14 7 0 0
14 3 0 0
15 9 0 0
15 13 0 0
16 10 0 0
16 9 0 0
17 8 0 0
17 12 0 0
18 15 0 0
18 3 0 0
19 6 0 0
19 8 0 0
0 4 0 0
0 19 0 0
1 14 0 0
1 4 0 0
22 21 1 1
22 20 1 1
23 20 1 1
23 21 1 1
24 23 1 1
24 20 1 1
25 21 1 1
25 20 1 1
26 24 1 1
26 20 1 1
27 22 1 1
27 26 1 1
28 21 1 1
28 22 1 1
29 25 1 1
29 21 1 1
30 21 1 1
30 25 1 1
31 29 1 1
31 25 1 1
32 30 1 1
32 28 1 1
33 25 1 1
33 24 1 1
34 26 1 1
34 31 1 1
35 25 1 1
35 29 1 1
36 20 1 1
36 24 1 1
37 21 1 1
37 24 1 1
38 30 1 1
38 27 1 1
39 25 1 1
39 26 1 1
20 35 1 1
20 32 1 1
21 31 1 1
21 26 1 1
42 41 2 2
42 40 2 2
43 42 2 2
43 41 2 2
44 42 2 2
44 43 2 2
45 43 2 2
45 42 2 2
46 45 2 2
46 43 2 2
47 43 2 2
47 45 2 2
48 42 2 2
48 43 2 2
49 47 2 2
49 43 2 2
50 44 2 2
50 43 2 2
51 45 2 2
51 49 2 2
52 46 2 2
52 51 2 2
53 42 2 2
53 47 2 2
54 45 2 2
54 44 2 2
55 46 2 2
55 43 2 2
56 51 2 2
56 44 2 2
57 41 2 2
57 44 2 2
58 55 2 2
58 51 2 2
59 44 2 2
59 47 2 2
40 46 2 2
40 43 2 2
41 49 2 2
41 45 2 2
62 61 3 3
62 60 3 3
63 60 3 3
63 61 3 3
64 63 3 3
64 61 3 3
65 63 3 3
65 62 3 3
66 64 3 3
66 61 3 3
67 66 3 3
67 60 3 3
68 67 3 3
68 63 3 3
69 64 3 3
69 63 3 3
70 60 3 3
70 64 3 3
71 67 3 3
71 66 3 3
72 66 3 3
72 67 3 3
73 71 3 3
73 62 3 3
74 66 3 3
74 62 3 3
75 66 3 3
75 68 3 3
76 71 3 3
76 73 3 3
77 72 3 3
77 69 3 3
78 65 3 3
78 64 3 3
79 71 3 3
79 75 3 3
60 79 3 3
60 78 3 3
61 68 3 3
61 71 3 3
82 80 4 4
82 81 4 4
83 81 4 4
83 82 4 4
84 82 4 4
84 80 4 4
85 80 4 4
85 81 4 4
86 81 4 4
86 85 4 4
87 82 4 4
87 83 4 4
88 86 4 4
88 81 4 4
89 88 4 4
89 86 4 4
90 81 4 4
90 82 4 4
91 80 4 4
91 90 4 4
92 89 4 4
92 88 4 4
93 91 4 4
93 87 4 4
94 93 4 4
94 89 4 4
95 91 4 4
95 90 4 4
96 94 4 4
96 88 4 4
97 80 4 4
97 91 4 4
98 97 4 4
98 80 4 4
99 88 4 4
99 96 4 4
80 94 4 4
80 89 4 4
81 84 4 4
81 93 4 4
102 100 5 5
102 101 5 5
103 102 5 5
103 100 5 5
104 103 5 5
104 102 5 5
105 100 5 5
105 104 5 5
106 101 5 5
106 102 5 5
107 102 5 5
107 106 5 5
108 101 5 5
108 104 5 5
109 104 5 5
109 106 5 5
110 101 5 5
110 109 5 5
111 110 5 5
111 100 5 5
112 100 5 5
112 101 5 5
113 100 5 5
113 112 5 5
114 110 5 5
114 102 5 5
115 112 5 5
115 107 5 5
116 100 5 5
116 109 5 5
117 115 5 5
117 114 5 5
118 103 5 5
118 114 5 5
119 115 5 5
119 111 5 5
100 108 5 5
100 107 5 5
101 111 5 5
101 103 5 5
122 121 6 6
122 120 6 6
123 120 6 6
123 122 6 6
124 122 6 6
124 121 6 6
125 124 6 6
125 121 6 6
126 121 6 6
126 122 6 6
127 123 6 6
127 122 6 6
128 120 6 6
128 123 6 6
129 120 6 6
129 126 6 6
130 122 6 6
130 121 6 6
131 129 6 6
131 130 6 6
132 126 6 6
132 124 6 6
133 124 6 6
133 126 6 6
134 129 6 6
134 130 6 6
135 132 6 6
135 129 6 6
136 134 6 6
136 126 6 6
137 132 6 6
137 129 6 6
138 137 6 6
138 134 6 6
139 137 6 6
139 132 6 6
120 124 6 6
120 131 6 6
121 128 6 6
121 132 6 6
142 141 7 7
142 140 7 7
143 140 7 7
143 142 7 7
144 142 7 7
144 141 7 7
145 144 7 7
145 142 7 7
146 143 7 7
146 142 7 7
147 141 7 7
147 143 7 7
148 141 7 7
148 145 7 7
149 142 7 7
149 147 7 7
150 145 7 7
150 142 7 7
151 143 7 7
151 144 7 7
152 141 7 7
152 143 7 7
153 148 7 7
153 142 7 7
154 143 7 7
154 145 7 7
155 149 7 7
155 147 7 7
156 141 7 7
156 155 7 7
157 147 7 7
157 144 7 7
158 155 7 7
158 150 7 7
159 157 7 7
159 156 7 7
140 152 7 7
140 157 7 7
141 151 7 7
141 155 7 7
162 161 8 8
162 160 8 8
163 162 8 8
163 161 8 8
164 161 8 8
164 162 8 8
165 162 8 8
165 163 8 8
166 165 8 8
166 163 8 8
167 165 8 8
167 163 8 8
168 167 8 8
168 162 8 8
169 163 8 8
169 161 8 8
170 164 8 8
170 169 8 8
171 161 8 8
171 170 8 8
172 165 8 8
172 166 8 8
173 166 8 8
173 167 8 8
174 171 8 8
174 172 8 8
175 166 8 8
175 163 8 8
176 166 8 8
176 160 8 8
177 171 8 8
177 168 8 8
178 164 8 8
178 171 8 8
179 172 8 8
179 174 8 8
160 163 8 8
160 166 8 8
161 178 8 8
161 167 8 8
182 181 9 9
182 180 9 9
183 181 9 9
183 180 9 9
184 181 9 9
184 182 9 9
185 183 9 9
185 180 9 9
186 183 9 9
186 181 9 9
187 185 9 9
187 181 9 9
188 186 9 9
188 183 9 9
189 185 9 9
189 183 9 9
190 185 9 9
190 187 9 9
191 181 9 9
191 182 9 9
192 189 9 9
192 183 9 9
193 181 9 9
193 185 9 9
194 188 9 9
194 185 9 9
195 181 9 9
195 193 9 9
196 195 9 9
196 180 9 9
197 192 9 9
197 187 9 9
198 187 9 9
198 196 9 9
199 183 9 9
199 193 9 9
180 199 9 9
180 184 9 9
181 199 9 9
181 198 9 9
202 201 10 10
202 200 10 10
203 201 10 10
203 202 10 10
204 201 10 10
204 200 10 10
205 203 10 10
205 204 10 10
206 203 10 10
206 205 10 10
207 205 10 10
207 202 10 10
208 206 10 10
208 205 10 10
209 204 10 10
209 203 10 10
210 207 10 10
210 206 10 10
211 201 10 10
211 205 10 10
212 207 10 10
212 208 10 10
213 200 10 10
213 204 10 10
214 207 10 10
214 206 10 10
215 200 10 10
215 213 10 10
216 204 10 10
216 208 10 10
217 213 10 10
217 215 10 10
218 202 10 10
218 208 10 10
219 218 10 10
219 216 10 10
200 219 10 10
200 217 10 10
201 209 10 10
201 219 10 10
222 220 11 11
222 221 11 11
223 222 11 11
223 221 11 11
224 221 11 11
224 223 11 11
225 220 11 11
225 224 11 11
226 225 11 11
226 222 11 11
227 223 11 11
227 220 11 11
228 226 11 11
228 224 11 11
229 220 11 11
229 227 11 11
230 228 11 11
230 221 11 11
231 225 11 11
231 222 11 11
232 229 11 11
232 231 11 11
233 232 11 11
233 221 11 11
234 231 11 11
234 221 11 11
235 227 11 11
235 229 11 11
236 226 11 11
236 223 11 11
237 223 11 11
237 226 11 11
238 227 11 11
238 229 11 11
239 226 11 11
239 223 11 11
220 239 11 11
220 238 11 11
221 236 11 11
221 232 11 11
242 241 12 12
242 240 12 12
243 241 12 12
243 242 12 12
244 243 12 12
244 240 12 12
245 241 12 12
245 242 12 12
246 242 12 12
246 243 12 12
247 245 12 12
247 242 12 12
248 247 12 12
248 240 12 12
249 245 12 12
249 248 12 12
250 244 12 12
250 249 12 12
251 248 12 12
251 244 12 12
252 241 12 12
252 242 12 12
253 245 12 12
253 247 12 12
254 242 12 12
254 252 12 12
255 253 12 12
255 243 12 12
256 242 12 12
256 241 12 12
257 256 12 12
257 250 12 12
258 257 12 12
258 250 12 12
259 253 12 12
259 242 12 12
240 253 12 12
240 247 12 12
241 258 12 12
241 249 12 12
262 261 13 13
262 260 13 13
263 262 13 13
263 261 13 13
264 263 13 13
264 261 13 13
265 262 13 13
265 263 13 13
266 260 13 13
266 263 13 13
267 262 13 13
267 266 13 13
268 262 13 13
268 267 13 13
269 264 13 13
269 265 13 13
270 261 13 13
270 267 13 13
271 261 13 13
271 264 13 13
272 265 13 13
272 267 13 13
273 264 13 13
273 271 13 13
274 273 13 13
274 261 13 13
275 265 13 13
275 263 13 13
276 266 13 13
276 267 13 13
277 266 13 13
277 269 13 13
278 276 13 13
278 275 13 13
279 269 13 13
279 261 13 13
260 276 13 13
260 269 13 13
261 275 13 13
261 277 13 13
282 281 14 14
282 280 14 14
283 281 14 14
283 282 14 14
284 283 14 14
284 281 14 14
285 281 14 14
285 280 14 14
286 280 14 14
286 283 14 14
287 286 14 14
287 284 14 14
288 287 14 14
288 286 14 14
289 283 14 14
289 287 14 14
290 287 14 14
290 282 14 14
291 290 14 14
291 287 14 14
292 288 14 14
292 286 14 14
293 288 14 14
293 283 14 14
294 283 14 14
294 286 14 14
295 289 14 14
295 288 14 14
296 285 14 14
296 287 14 14
297 291 14 14
297 284 14 14
298 286 14 14
298 290 14 14
299 298 14 14
299 284 14 14
280 287 14 14
280 294 14 14
281 288 14 14
281 286 14 14
302 301 15 15
302 300 15 15
303 302 15 15
303 300 15 15
304 303 15 15
304 302 15 15
305 303 15 15
305 304 15 15
306 301 15 15
306 302 15 15
307 300 15 15
307 306 15 15
308 303 15 15
308 300 15 15
309 302 15 15
309 304 15 15
310 305 15 15
310 301 15 15
311 309 15 15
311 305 15 15
312 302 15 15
312 309 15 15
313 303 15 15
313 300 15 15
314 310 15 15
314 300 15 15
315 306 15 15
315 309 15 15
316 309 15 15
316 310 15 15
317 311 15 15
317 315 15 15
318 307 15 15
318 309 15 15
319 309 15 15
319 310 15 15
300 319 15 15
300 316 15 15
301 305 15 15
301 304 15 15
46 2 2 0
50 30 2 1
67 41 3 2
76 5 3 0
86 57 4 2
80 28 4 1
107 69 5 3
118 39 5 1
123 75 6 3
139 85 6 4
140 6 7 0
143 119 7 5
166 154 8 7
177 86 8 4
183 161 9 8
191 25 9 1
203 66 10 3
202 7 10 0
228 65 11 3
221 48 11 2
244 110 12 5
244 79 12 3
266 168 13 8
260 26 13 1
289 98 14 4
290 0 14 0
311 71 15 3
310 209 15 10
16 231 0 11
18 172 0 8
22 154 1 7
33 171 1 8
