swNum = 320
edgeNum = 672

0 0
1 0
2 0
3 0
4 0
5 0
6 0
7 0
8 0
9 0
10 0
11 0
12 0
13 0
14 0
15 0
16 0
17 0
18 0
19 0
20 1
21 1
22 1
23 1
24 1
25 1
26 1
27 1
28 1
29 1
30 1
31 1
32 1
33 1
34 1
35 1
36 1
37 1
38 1
39 1
40 2
41 2
42 2
43 2
44 2
45 2
46 2
47 2
48 2
49 2
50 2
51 2
52 2
53 2
54 2
55 2
56 2
57 2
58 2
59 2
60 3
61 3
62 3
63 3
64 3
65 3
66 3
67 3
68 3
69 3
70 3
71 3
72 3
73 3
74 3
75 3
76 3
77 3
78 3
79 3
80 4
81 4
82 4
83 4
84 4
85 4
86 4
87 4
88 4
89 4
90 4
91 4
92 4
93 4
94 4
95 4
96 4
97 4
98 4
99 4
100 5
101 5
102 5
103 5
104 5
105 5
106 5
107 5
108 5
109 5
110 5
111 5
112 5
113 5
114 5
115 5
116 5
117 5
118 5
119 5
120 6
121 6
122 6
123 6
124 6
125 6
126 6
127 6
128 6
129 6
130 6
131 6
132 6
133 6
134 6
135 6
136 6
137 6
138 6
139 6
140 7
141 7
142 7
143 7
144 7
145 7
146 7
147 7
148 7
149 7
150 7
151 7
152 7
153 7
154 7
155 7
156 7
157 7
158 7
159 7
160 8
161 8
162 8
163 8
164 8
165 8
166 8
167 8
168 8
169 8
170 8
171 8
172 8
173 8
174 8
175 8
176 8
177 8
178 8
179 8
180 9
181 9
182 9
183 9
184 9
185 9
186 9
187 9
188 9
189 9
190 9
191 9
192 9
193 9
194 9
195 9
196 9
197 9
198 9
199 9
200 10
201 10
202 10
203 10
204 10
205 10
206 10
207 10
208 10
209 10
210 10
211 10
212 10
213 10
214 10
215 10
216 10
217 10
218 10
219 10
220 11
221 11
222 11
223 11
224 11
225 11
226 11
227 11
228 11
229 11
230 11
231 11
232 11
233 11
234 11
235 11
236 11
237 11
238 11
239 11
240 12
241 12
242 12
243 12
244 12
245 12
246 12
247 12
248 12
249 12
250 12
251 12
252 12
253 12
254 12
255 12
256 12
257 12
258 12
259 12
260 13
261 13
262 13
263 13
264 13
265 13
266 13
267 13
268 13
269 13
270 13
271 13
272 13
273 13
274 13
275 13
276 13
277 13
278 13
279 13
280 14
281 14
282 14
283 14
284 14
285 14
286 14
287 14
288 14
289 14
290 14
291 14
292 14
293 14
294 14
295 14
296 14
297 14
298 14
299 14
300 15
301 15
302 15
303 15
304 15
305 15
306 15
307 15
308 15
309 15
310 15
311 15
312 15
313 15
314 15
315 15
316 15
317 15
318 15
319 15

2 1 0 0
2 0 0 0
3 0 0 0
3 2 0 0
4 1 0 0
4 3 0 0
5 2 0 0
5 3 0 0
6 3 0 0
6 4 0 0
7 3 0 0
7 0 0 0
8 7 0 0
8 5 0 0
9 3 0 0
9 6 0 0
10 5 0 0
10 2 0 0
11 6 0 0
11 10 0 0
12 3 0 0
12 9 0 0
13 10 0 0
13 4 0 0
14 12 0 0
14 2 0 0
15 6 0 0
15 13 0 0
16 9 0 0
16 0 0 0
17 6 0 0
17 10 0 0
18 8 0 0
18 1 0 0
19 2 0 0
19 7 0 0
0 12 0 0
0 6 0 0
1 16 0 0
1 12 0 0
22 21 1 1
22 20 1 1
23 21 1 1
23 22 1 1
24 20 1 1
24 23 1 1
25 24 1 1
25 21 1 1
26 25 1 1
26 21 1 1
27 26 1 1
27 25 1 1
28 26 1 1
28 23 1 1
29 20 1 1
29 23 1 1
30 22 1 1
30 21 1 1
31 22 1 1
31 26 1 1
32 28 1 1
32 29 1 1
33 23 1 1
33 21 1 1
34 24 1 1
34 30 1 1
35 29 1 1
35 23 1 1
36 34 1 1
36 31 1 1
37 20 1 1
37 29 1 1
38 34 1 1
38 27 1 1
39 33 1 1
39 37 1 1
20 39 1 1
20 23 1 1
21 28 1 1
21 29 1 1
42 41 2 2
42 40 2 2
43 41 2 2
43 42 2 2
44 40 2 2
44 41 2 2
45 44 2 2
45 41 2 2
46 44 2 2
46 45 2 2
47 45 2 2
47 46 2 2
48 43 2 2
48 44 2 2
49 46 2 2
49 42 2 2
50 41 2 2
50 40 2 2
51 45 2 2
51 47 2 2
52 51 2 2
52 44 2 2
53 44 2 2
53 50 2 2
54 46 2 2
54 45 2 2
55 50 2 2
55 45 2 2
56 54 2 2
56 53 2 2
57 52 2 2
57 54 2 2
58 49 2 2
58 41 2 2
59 58 2 2
59 50 2 2
40 46 2 2
40 45 2 2
41 55 2 2
41 52 2 2
62 61 3 3
62 60 3 3
63 60 3 3
63 61 3 3
64 61 3 3
64 63 3 3
65 62 3 3
65 63 3 3
66 62 3 3
66 63 3 3
67 66 3 3
67 63 3 3
68 67 3 3
68 61 3 3
69 64 3 3
69 66 3 3
70 66 3 3
70 69 3 3
71 62 3 3
71 63 3 3
72 71 3 3
72 60 3 3
73 70 3 3
73 61 3 3
74 68 3 3
74 73 3 3
75 63 3 3
75 72 3 3
76 60 3 3
76 66 3 3
77 67 3 3
77 62 3 3
78 77 3 3
78 72 3 3
79 78 3 3
79 74 3 3
60 64 3 3
60 75 3 3
61 66 3 3
61 72 3 3
82 80 4 4
82 81 4 4
83 81 4 4
83 82 4 4
84 83 4 4
84 81 4 4
85 84 4 4
85 81 4 4
86 85 4 4
86 80 4 4
87 84 4 4
87 82 4 4
88 80 4 4
88 81 4 4
89 84 4 4
89 82 4 4
90 80 4 4
90 82 4 4
91 90 4 4
91 80 4 4
92 82 4 4
92 91 4 4
93 90 4 4
93 88 4 4
94 90 4 4
94 88 4 4
95 86 4 4
95 80 4 4
96 89 4 4
96 84 4 4
97 84 4 4
97 85 4 4
98 83 4 4
98 88 4 4
99 93 4 4
99 92 4 4
80 92 4 4
80 96 4 4
81 97 4 4
81 89 4 4
102 101 5 5
102 100 5 5
103 102 5 5
103 100 5 5
104 101 5 5
104 100 5 5
105 103 5 5
105 102 5 5
106 102 5 5
106 105 5 5
107 101 5 5
107 105 5 5
108 100 5 5
108 104 5 5
109 108 5 5
109 106 5 5
110 105 5 5
110 100 5 5
111 106 5 5
111 102 5 5
112 106 5 5
112 103 5 5
113 101 5 5
113 106 5 5
114 101 5 5
114 104 5 5
115 105 5 5
115 114 5 5
116 106 5 5
116 102 5 5
117 101 5 5
117 108 5 5
118 104 5 5
118 102 5 5
119 117 5 5
119 114 5 5
100 112 5 5
100 119 5 5
101 108 5 5
101 118 5 5
122 120 6 6
122 121 6 6
123 121 6 6
123 122 6 6
124 123 6 6
124 122 6 6
125 120 6 6
125 123 6 6
126 125 6 6
126 122 6 6
127 123 6 6
127 122 6 6
128 127 6 6
128 120 6 6
129 126 6 6
129 123 6 6
130 125 6 6
130 129 6 6
131 122 6 6
131 129 6 6
132 122 6 6
132 124 6 6
133 132 6 6
133 130 6 6
134 128 6 6
134 127 6 6
135 129 6 6
135 122 6 6
136 121 6 6
136 123 6 6
137 125 6 6
137 123 6 6
138 121 6 6
138 136 6 6
139 123 6 6
139 132 6 6
120 135 6 6
120 137 6 6
121 125 6 6
121 139 6 6
142 141 7 7
142 140 7 7
143 140 7 7
143 141 7 7
144 140 7 7
144 143 7 7
145 142 7 7
145 141 7 7
146 145 7 7
146 142 7 7
147 146 7 7
147 145 7 7
148 140 7 7
148 143 7 7
149 140 7 7
149 148 7 7
150 140 7 7
150 147 7 7
151 150 7 7
151 143 7 7
152 149 7 7
152 145 7 7
153 150 7 7
153 152 7 7
154 140 7 7
154 151 7 7
155 153 7 7
155 154 7 7
156 147 7 7
156 144 7 7
157 152 7 7
157 147 7 7
158 156 7 7
158 141 7 7
159 141 7 7
159 153 7 7
140 156 7 7
140 155 7 7
141 156 7 7
141 148 7 7
162 160 8 8
162 161 8 8
163 160 8 8
163 162 8 8
164 163 8 8
164 161 8 8
165 163 8 8
165 162 8 8
166 164 8 8
166 160 8 8
167 165 8 8
167 163 8 8
168 163 8 8
168 167 8 8
169 166 8 8
169 161 8 8
170 163 8 8
170 161 8 8
171 163 8 8
171 165 8 8
172 163 8 8
172 168 8 8
173 169 8 8
173 165 8 8
174 164 8 8
174 172 8 8
175 170 8 8
175 163 8 8
176 169 8 8
176 174 8 8
177 162 8 8
177 170 8 8
178 175 8 8
178 160 8 8
179 177 8 8
179 165 8 8
160 179 8 8
160 170 8 8
161 166 8 8
161 176 8 8
182 180 9 9
182 181 9 9
183 181 9 9
183 180 9 9
184 181 9 9
184 182 9 9
185 183 9 9
185 184 9 9
186 180 9 9
186 184 9 9
187 184 9 9
187 181 9 9
188 187 9 9
188 184 9 9
189 183 9 9
189 185 9 9
190 181 9 9
190 180 9 9
191 187 9 9
191 186 9 9
192 191 9 9
192 187 9 9
193 183 9 9
193 182 9 9
194 184 9 9
194 192 9 9
195 188 9 9
195 184 9 9
196 192 9 9
196 183 9 9
197 187 9 9
197 194 9 9
198 193 9 9
198 183 9 9
199 192 9 9
199 182 9 9
180 189 9 9
180 191 9 9
181 188 9 9
181 189 9 9
202 201 10 10
202 200 10 10
203 202 10 10
203 201 10 10
204 201 10 10
204 200 10 10
205 201 10 10
205 203 10 10
206 205 10 10
206 202 10 10
207 204 10 10
207 203 10 10
208 204 10 10
208 207 10 10
209 203 10 10
209 202 10 10
210 203 10 10
210 204 10 10
211 205 10 10
211 207 10 10
212 202 10 10
212 210 10 10
213 212 10 10
213 209 10 10
214 201 10 10
214 202 10 10
215 210 10 10
215 200 10 10
216 201 10 10
216 200 10 10
217 207 10 10
217 202 10 10
218 215 10 10
218 208 10 10
219 204 10 10
219 210 10 10
200 218 10 10
200 210 10 10
201 212 10 10
201 217 10 10
222 220 11 11
222 221 11 11
223 220 11 11
223 222 11 11
224 223 11 11
224 220 11 11
225 224 11 11
225 222 11 11
226 222 11 11
226 220 11 11
227 226 11 11
227 223 11 11
228 224 11 11
228 225 11 11
229 228 11 11
229 227 11 11
230 229 11 11
230 226 11 11
231 229 11 11
231 222 11 11
232 223 11 11
232 230 11 11
233 230 11 11
233 222 11 11
234 223 11 11
234 221 11 11
235 232 11 11
235 224 11 11
236 233 11 11
236 225 11 11
237 231 11 11
237 222 11 11
238 226 11 11
238 236 11 11
239 234 11 11
239 235 11 11
220 236 11 11
220 237 11 11
221 237 11 11
221 223 11 11
242 241 12 12
242 240 12 12
243 242 12 12
243 240 12 12
244 240 12 12
244 242 12 12
245 242 12 12
245 243 12 12
246 240 12 12
246 244 12 12
247 243 12 12
247 241 12 12
248 240 12 12
248 247 12 12
249 242 12 12
249 240 12 12
250 247 12 12
250 246 12 12
251 248 12 12
251 250 12 12
252 240 12 12
252 244 12 12
253 246 12 12
253 250 12 12
254 248 12 12
254 240 12 12
255 253 12 12
255 254 12 12
256 240 12 12
256 244 12 12
257 243 12 12
257 242 12 12
258 251 12 12
258 255 12 12
259 243 12 12
259 249 12 12
240 250 12 12
240 258 12 12
241 245 12 12
241 252 12 12
262 260 13 13
262 261 13 13
263 260 13 13
263 262 13 13
264 263 13 13
264 260 13 13
265 264 13 13
265 262 13 13
266 260 13 13
266 264 13 13
267 262 13 13
267 260 13 13
268 265 13 13
268 267 13 13
269 261 13 13
269 263 13 13
270 263 13 13
270 260 13 13
271 269 13 13
271 261 13 13
272 262 13 13
272 269 13 13
273 260 13 13
273 272 13 13
274 267 13 13
274 265 13 13
275 262 13 13
275 266 13 13
276 265 13 13
276 263 13 13
277 265 13 13
277 264 13 13
278 274 13 13
278 267 13 13
279 264 13 13
279 271 13 13
260 275 13 13
260 272 13 13
261 270 13 13
261 265 13 13
282 280 14 14
282 281 14 14
283 282 14 14
283 281 14 14
284 281 14 14
284 283 14 14
285 284 14 14
285 282 14 14
286 283 14 14
286 280 14 14
287 284 14 14
287 281 14 14
288 281 14 14
288 287 14 14
289 288 14 14
289 284 14 14
290 288 14 14
290 282 14 14
291 286 14 14
291 290 14 14
292 288 14 14
292 290 14 14
293 282 14 14
293 280 14 14
294 290 14 14
294 287 14 14
295 290 14 14
295 286 14 14
296 284 14 14
296 295 14 14
297 292 14 14
297 280 14 14
298 284 14 14
298 293 14 14
299 295 14 14
299 284 14 14
280 291 14 14
280 284 14 14
281 289 14 14
281 292 14 14
302 301 15 15
302 300 15 15
303 301 15 15
303 300 15 15
304 302 15 15
304 303 15 15
305 302 15 15
305 301 15 15
306 301 15 15
306 300 15 15
307 306 15 15
307 300 15 15
308 307 15 15
308 305 15 15
309 305 15 15
309 304 15 15
310 303 15 15
310 302 15 15
311 302 15 15
311 310 15 15
312 300 15 15
312 309 15 15
313 311 15 15
313 308 15 15
314 305 15 15
314 310 15 15
315 309 15 15
315 312 15 15
316 314 15 15
316 307 15 15
317 313 15 15
317 309 15 15
318 309 15 15
318 316 15 15
319 301 15 15
319 300 15 15
300 305 15 15
300 318 15 15
301 311 15 15
301 316 15 15
54 7 2 0
54 35 2 1
71 35 3 1
64 43 3 2
82 51 4 2
80 29 4 1
117 88 5 4
117 67 5 3
130 47 6 2
136 94 6 4
149 72 7 3
155 100 7 5
160 121 8 6
160 32 8 1
199 157 9 7
186 34 9 1
201 135 10 6
211 86 10 4
233 205 11 10
236 124 11 6
248 83 12 4
247 1 12 0
268 33 13 1
264 157 13 7
293 113 14 5
283 169 14 8
314 233 15 11
314 123 15 6
18 298 0 14
0 184 0 9
34 136 1 6
25 223 1 11
