swNum = 320
edgeNum = 672

0 0
1 0
2 0
3 0
4 0
5 0
6 0
7 0
8 0
9 0
10 0
11 0
12 0
13 0
14 0
15 0
16 0
17 0
18 0
19 0
20 1
21 1
22 1
23 1
24 1
25 1
26 1
27 1
28 1
29 1
30 1
31 1
32 1
33 1
34 1
35 1
36 1
37 1
38 1
39 1
40 2
41 2
42 2
43 2
44 2
45 2
46 2
47 2
48 2
49 2
50 2
51 2
52 2
53 2
54 2
55 2
56 2
57 2
58 2
59 2
60 3
61 3
62 3
63 3
64 3
65 3
66 3
67 3
68 3
69 3
70 3
71 3
72 3
73 3
74 3
75 3
76 3
77 3
78 3
79 3
80 4
81 4
82 4
83 4
84 4
85 4
86 4
87 4
88 4
89 4
90 4
91 4
92 4
93 4
94 4
95 4
96 4
97 4
98 4
99 4
100 5
101 5
102 5
103 5
104 5
105 5
106 5
107 5
108 5
109 5
110 5
111 5
112 5
113 5
114 5
115 5
116 5
117 5
118 5
119 5
120 6
121 6
122 6
123 6
124 6
125 6
126 6
127 6
128 6
129 6
130 6
131 6
132 6
133 6
134 6
135 6
136 6
137 6
138 6
139 6
140 7
141 7
142 7
143 7
144 7
145 7
146 7
147 7
148 7
149 7
150 7
151 7
152 7
153 7
154 7
155 7
156 7
157 7
158 7
159 7
160 8
161 8
162 8
163 8
164 8
165 8
166 8
167 8
168 8
169 8
170 8
171 8
172 8
173 8
174 8
175 8
176 8
177 8
178 8
179 8
180 9
181 9
182 9
183 9
184 9
185 9
186 9
187 9
188 9
189 9
190 9
191 9
192 9
193 9
194 9
195 9
196 9
197 9
198 9
199 9
200 10
201 10
202 10
203 10
204 10
205 10
206 10
207 10
208 10
209 10
210 10
211 10
212 10
213 10
214 10
215 10
216 10
217 10
218 10
219 10
220 11
221 11
222 11
223 11
224 11
225 11
226 11
227 11
228 11
229 11
230 11
231 11
232 11
233 11
234 11
235 11
236 11
237 11
238 11
239 11
240 12
241 12
242 12
243 12
244 12
245 12
246 12
247 12
248 12
249 12
250 12
251 12
252 12
253 12
254 12
255 12
256 12
257 12
258 12
259 12
260 13
261 13
262 13
263 13
264 13
265 13
266 13
267 13
268 13
269 13
270 13
271 13
272 13
273 13
274 13
275 13
276 13
277 13
278 13
279 13
280 14
281 14
282 14
283 14
284 14
285 14
286 14
287 14
288 14
289 14
290 14
291 14
292 14
293 14
294 14
295 14
296 14
297 14
298 14
299 14
300 15
301 15
302 15
303 15
304 15
305 15
306 15
307 15
308 15
309 15
310 15
311 15
312 15
313 15
314 15
315 15
316 15
317 15
318 15
319 15

2 0 0 0
2 1 0 0
3 0 0 0
3 2 0 0
4 2 0 0
4 0 0 0
5 4 0 0
5 0 0 0
6 4 0 0
6 2 0 0
7 4 0 0
7 6 0 0
8 7 0 0
8 2 0 0
9 7 0 0
9 4 0 0
10 5 0 0
10 8 0 0
11 3 0 0
11 8 0 0
12 8 0 0
12 1 0 0
13 3 0 0
13 6 0 0
14 2 0 0
14 3 0 0
15 13 0 0
15 6 0 0
16 10 0 0
16 3 0 0
17 15 0 0
17 0 0 0
18 7 0 0
18 2 0 0
19 7 0 0
19 17 0 0
0 13 0 0
0 12 0 0
1 17 0 0
1 8 0 0
22 21 1 1
22 20 1 1
23 22 1 1
23 21 1 1
24 21 1 1
24 23 1 1
25 24 1 1
25 21 1 1
26 22 1 1
26 23 1 1
27 22 1 1
27 26 1 1
28 27 1 1
28 21 1 1
29 27 1 1
29 20 1 1
30 26 1 1
30 29 1 1
31 24 1 1
31 25 1 1
32 24 1 1
32 22 1 1
33 29 1 1
33 28 1 1
34 29 1 1
34 23 1 1
35 29 1 1
35 24 1 1
36 27 1 1
36 22 1 1
37 28 1 1
37 24 1 1
38 27 1 1
38 36 1 1
39 36 1 1
39 26 1 1
20 35 1 1
20 23 1 1
21 27 1 1
21 37 1 1
42 41 2 2
42 40 2 2
43 41 2 2
43 40 2 2
44 43 2 2
44 40 2 2
45 44 2 2
45 41 2 2
46 40 2 2
46 45 2 2
47 44 2 2
47 45 2 2
48 41 2 2
48 42 2 2
49 45 2 2
49 47 2 2
50 44 2 2
50 42 2 2
51 40 2 2
51 46 2 2
52 45 2 2
52 43 2 2
53 42 2 2
53 43 2 2
54 41 2 2
54 43 2 2
55 53 2 2
55 44 2 2
56 41 2 2
56 49 2 2
57 43 2 2
57 52 2 2
58 42 2 2
58 51 2 2
59 40 2 2
59 54 2 2
40 52 2 2
40 55 2 2
41 52 2 2
41 57 2 2
62 61 3 3
62 60 3 3
63 60 3 3
63 61 3 3
64 63 3 3
64 60 3 3
65 64 3 3
65 63 3 3
66 60 3 3
66 62 3 3
67 64 3 3
67 63 3 3
68 67 3 3
68 66 3 3
69 67 3 3
69 64 3 3
70 69 3 3
70 65 3 3
71 62 3 3
71 69 3 3
72 63 3 3
72 71 3 3
73 70 3 3
73 61 3 3
74 72 3 3
74 60 3 3
75 66 3 3
75 68 3 3
76 67 3 3
76 73 3 3
77 60 3 3
77 70 3 3
78 69 3 3
78 76 3 3
79 74 3 3
79 68 3 3
60 78 3 3
60 71 3 3
61 64 3 3
61 74 3 3
82 81 4 4
82 80 4 4
83 80 4 4
83 82 4 4
84 80 4 4
84 83 4 4
85 80 4 4
85 81 4 4
86 84 4 4
86 83 4 4
87 81 4 4
87 80 4 4
88 81 4 4
88 85 4 4
89 81 4 4
89 87 4 4
90 83 4 4
90 84 4 4
91 83 4 4
91 84 4 4
92 86 4 4
92 80 4 4
93 81 4 4
93 90 4 4
94 92 4 4
94 80 4 4
95 93 4 4
95 85 4 4
96 81 4 4
96 87 4 4
97 90 4 4
97 95 4 4
98 83 4 4
98 91 4 4
99 96 4 4
99 81 4 4
80 99 4 4
80 88 4 4
81 97 4 4
81 95 4 4
102 100 5 5
102 101 5 5
103 100 5 5
103 102 5 5
104 100 5 5
104 102 5 5
105 103 5 5
105 100 5 5
106 100 5 5
106 101 5 5
107 106 5 5
107 100 5 5
108 100 5 5
108 102 5 5
109 105 5 5
109 103 5 5
110 106 5 5
110 103 5 5
111 110 5 5
111 102 5 5
112 110 5 5
112 104 5 5
113 110 5 5
113 107 5 5
114 104 5 5
114 112 5 5
115 110 5 5
115 100 5 5
116 113 5 5
116 104 5 5
117 112 5 5
117 102 5 5
118 117 5 5
118 102 5 5
119 103 5 5
119 109 5 5
100 117 5 5
100 119 5 5
101 108 5 5
101 107 5 5
122 121 6 6
122 120 6 6
123 120 6 6
123 121 6 6
124 120 6 6
124 122 6 6
125 120 6 6
125 123 6 6
126 121 6 6
126 124 6 6
127 124 6 6
127 123 6 6
128 122 6 6
128 124 6 6
129 123 6 6
129 128 6 6
130 129 6 6
130 122 6 6
131 120 6 6
131 126 6 6
132 127 6 6
132 121 6 6
133 122 6 6
133 128 6 6
134 122 6 6
134 128 6 6
135 133 6 6
135 128 6 6
136 126 6 6
136 129 6 6
137 130 6 6
137 129 6 6
138 122 6 6
138 134 6 6
139 136 6 6
139 121 6 6
120 126 6 6
120 134 6 6
121 137 6 6
121 124 6 6
142 141 7 7
142 140 7 7
143 142 7 7
143 140 7 7
144 140 7 7
144 142 7 7
145 142 7 7
145 141 7 7
146 141 7 7
146 142 7 7
147 146 7 7
147 143 7 7
148 141 7 7
148 145 7 7
149 147 7 7
149 142 7 7
150 146 7 7
150 140 7 7
151 141 7 7
151 145 7 7
152 140 7 7
152 145 7 7
153 148 7 7
153 151 7 7
154 153 7 7
154 146 7 7
155 145 7 7
155 149 7 7
156 148 7 7
156 150 7 7
157 151 7 7
157 149 7 7
158 140 7 7
158 142 7 7
159 146 7 7
159 155 7 7
140 157 7 7
140 153 7 7
141 157 7 7
141 150 7 7
162 161 8 8
162 160 8 8
163 160 8 8
163 161 8 8
164 163 8 8
164 162 8 8
165 164 8 8
165 160 8 8
166 160 8 8
166 164 8 8
167 163 8 8
167 166 8 8
168 164 8 8
168 166 8 8
169 165 8 8
169 168 8 8
170 165 8 8
170 164 8 8
171 161 8 8
171 164 8 8
172 165 8 8
172 162 8 8
173 161 8 8
173 166 8 8
174 166 8 8
174 170 8 8
175 169 8 8
175 167 8 8
176 174 8 8
176 175 8 8
177 169 8 8
177 175 8 8
178 170 8 8
178 165 8 8
179 165 8 8
179 172 8 8
160 172 8 8
160 178 8 8
161 174 8 8
161 164 8 8
182 180 9 9
182 181 9 9
183 180 9 9
183 182 9 9
184 183 9 9
184 180 9 9
185 184 9 9
185 181 9 9
186 182 9 9
186 183 9 9
187 186 9 9
187 182 9 9
188 184 9 9
188 181 9 9
189 181 9 9
189 187 9 9
190 189 9 9
190 185 9 9
191 184 9 9
191 181 9 9
192 191 9 9
192 184 9 9
193 187 9 9
193 182 9 9
194 185 9 9
194 180 9 9
195 193 9 9
195 182 9 9
196 181 9 9
196 189 9 9
197 191 9 9
197 187 9 9
198 187 9 9
198 185 9 9
199 198 9 9
199 189 9 9
180 191 9 9
180 190 9 9
181 190 9 9
181 184 9 9
202 200 10 10
202 201 10 10
203 202 10 10
203 200 10 10
204 202 10 10
204 200 10 10
205 204 10 10
205 202 10 10
206 205 10 10
206 203 10 10
207 200 10 10
207 202 10 10
208 201 10 10
208 206 10 10
209 207 10 10
209 203 10 10
210 203 10 10
210 207 10 10
211 209 10 10
211 205 10 10
212 207 10 10
212 205 10 10
213 210 10 10
213 207 10 10
214 202 10 10
214 208 10 10
215 206 10 10
215 202 10 10
216 211 10 10
216 202 10 10
217 216 10 10
217 214 10 10
218 215 10 10
218 207 10 10
219 215 10 10
219 200 10 10
200 213 10 10
200 208 10 10
201 204 10 10
201 218 10 10
222 221 11 11
222 220 11 11
223 221 11 11
223 222 11 11
224 223 11 11
224 222 11 11
225 221 11 11
225 223 11 11
226 225 11 11
226 222 11 11
227 222 11 11
227 220 11 11
228 226 11 11
228 224 11 11
229 221 11 11
229 227 11 11
230 229 11 11
230 221 11 11
231 224 11 11
231 229 11 11
232 221 11 11
232 230 11 11
233 232 11 11
233 224 11 11
234 230 11 11
234 229 11 11
235 228 11 11
235 222 11 11
236 224 11 11
236 233 11 11
237 234 11 11
237 223 11 11
238 236 11 11
238 233 11 11
239 229 11 11
239 223 11 11
220 231 11 11
220 229 11 11
221 239 11 11
221 235 11 11
242 240 12 12
242 241 12 12
243 241 12 12
243 242 12 12
244 240 12 12
244 243 12 12
245 243 12 12
245 244 12 12
246 244 12 12
246 243 12 12
247 240 12 12
247 242 12 12
248 244 12 12
248 243 12 12
249 240 12 12
249 242 12 12
250 241 12 12
250 245 12 12
251 243 12 12
251 245 12 12
252 250 12 12
252 251 12 12
253 250 12 12
253 240 12 12
254 251 12 12
254 248 12 12
255 250 12 12
255 251 12 12
256 254 12 12
256 255 12 12
257 253 12 12
257 242 12 12
258 242 12 12
258 249 12 12
259 242 12 12
259 258 12 12
240 252 12 12
240 256 12 12
241 259 12 12
241 252 12 12
262 260 13 13
262 261 13 13
263 262 13 13
263 260 13 13
264 263 13 13
264 261 13 13
265 260 13 13
265 261 13 13
266 265 13 13
266 263 13 13
267 264 13 13
267 260 13 13
268 266 13 13
268 265 13 13
269 261 13 13
269 260 13 13
270 268 13 13
270 261 13 13
271 262 13 13
271 263 13 13
272 267 13 13
272 264 13 13
273 272 13 13
273 261 13 13
274 264 13 13
274 269 13 13
275 274 13 13
275 266 13 13
276 268 13 13
276 270 13 13
277 265 13 13
277 266 13 13
278 265 13 13
278 275 13 13
279 273 13 13
279 270 13 13
260 271 13 13
260 275 13 13
261 268 13 13
261 266 13 13
282 280 14 14
282 281 14 14
283 282 14 14
283 281 14 14
284 283 14 14
284 282 14 14
285 283 14 14
285 284 14 14
286 281 14 14
286 280 14 14
287 282 14 14
287 283 14 14
288 284 14 14
288 283 14 14
289 280 14 14
289 287 14 14
290 281 14 14
290 280 14 14
291 289 14 14
291 283 14 14
292 284 14 14
292 286 14 14
293 285 14 14
293 286 14 14
294 286 14 14
294 290 14 14
295 291 14 14
295 286 14 14
296 290 14 14
296 280 14 14
297 289 14 14
297 291 14 14
298 292 14 14
298 294 14 14
299 289 14 14
299 285 14 14
280 285 14 14
280 294 14 14
281 294 14 14
281 295 14 14
302 301 15 15
302 300 15 15
303 300 15 15
303 302 15 15
304 301 15 15
304 300 15 15
305 303 15 15
305 302 15 15
306 304 15 15
306 301 15 15
307 300 15 15
307 301 15 15
308 307 15 15
308 306 15 15
309 303 15 15
309 300 15 15
310 300 15 15
310 306 15 15
311 310 15 15
311 308 15 15
312 302 15 15
312 303 15 15
313 305 15 15
313 300 15 15
314 308 15 15
314 313 15 15
315 308 15 15
315 307 15 15
316 310 15 15
316 303 15 15
317 312 15 15
317 316 15 15
318 309 15 15
318 313 15 15
319 310 15 15
319 315 15 15
300 311 15 15
300 314 15 15
301 319 15 15
301 312 15 15
55 4 2 0
41 30 2 1
70 48 3 2
74 17 3 0
95 58 4 2
90 19 4 0
105 36 5 1
108 64 5 3
120 14 6 0
132 84 6 4
156 13 7 0
148 131 7 6
161 11 8 0
170 65 8 3
186 94 9 4
191 42 9 2
202 155 10 7
205 126 10 6
225 88 11 4
227 196 11 9
241 212 12 10
257 122 12 6
271 155 13 7
271 204 13 10
294 193 14 9
295 70 14 3
318 30 15 1
300 117 15 5
3 294 0 14
0 187 0 9
20 190 1 9
24 251 1 12
