swNum = 320
edgeNum = 672

0 0
1 0
2 0
3 0
4 0
5 0
6 0
7 0
8 0
9 0
10 0
11 0
12 0
13 0
14 0
15 0
16 0
17 0
18 0
19 0
20 1
21 1
22 1
23 1
24 1
25 1
26 1
27 1
28 1
29 1
30 1
31 1
32 1
33 1
34 1
35 1
36 1
37 1
38 1
39 1
40 2
41 2
42 2
43 2
44 2
45 2
46 2
47 2
48 2
49 2
50 2
51 2
52 2
53 2
54 2
55 2
56 2
57 2
58 2
59 2
60 3
61 3
62 3
63 3
64 3
65 3
66 3
67 3
68 3
69 3
70 3
71 3
72 3
73 3
74 3
75 3
76 3
77 3
78 3
79 3
80 4
81 4
82 4
83 4
84 4
85 4
86 4
87 4
88 4
89 4
90 4
91 4
92 4
93 4
94 4
95 4
96 4
97 4
98 4
99 4
100 5
101 5
102 5
103 5
104 5
105 5
106 5
107 5
108 5
109 5
110 5
111 5
112 5
113 5
114 5
115 5
116 5
117 5
118 5
119 5
120 6
121 6
122 6
123 6
124 6
125 6
126 6
127 6
128 6
129 6
130 6
131 6
132 6
133 6
134 6
135 6
136 6
137 6
138 6
139 6
140 7
141 7
142 7
143 7
144 7
145 7
146 7
147 7
148 7
149 7
150 7
151 7
152 7
153 7
154 7
155 7
156 7
157 7
158 7
159 7
160 8
161 8
162 8
163 8
164 8
165 8
166 8
167 8
168 8
169 8
170 8
171 8
172 8
173 8
174 8
175 8
176 8
177 8
178 8
179 8
180 9
181 9
182 9
183 9
184 9
185 9
186 9
187 9
188 9
189 9
190 9
191 9
192 9
193 9
194 9
195 9
196 9
197 9
198 9
199 9
200 10
201 10
202 10
203 10
204 10
205 10
206 10
207 10
208 10
209 10
210 10
211 10
212 10
213 10
214 10
215 10
216 10
217 10
218 10
219 10
220 11
221 11
222 11
223 11
224 11
225 11
226 11
227 11
228 11
229 11
230 11
231 11
232 11
233 11
234 11
235 11
236 11
237 11
238 11
239 11
240 12
241 12
242 12
243 12
244 12
245 12
246 12
247 12
248 12
249 12
250 12
251 12
252 12
253 12
254 12
255 12
256 12
257 12
258 12
259 12
260 13
261 13
262 13
263 13
264 13
265 13
266 13
267 13
268 13
269 13
270 13
271 13
272 13
273 13
274 13
275 13
276 13
277 13
278 13
279 13
280 14
281 14
282 14
283 14
284 14
285 14
286 14
287 14
288 14
289 14
290 14
291 14
292 14
293 14
294 14
295 14
296 14
297 14
298 14
299 14
300 15
301 15
302 15
303 15
304 15
305 15
306 15
307 15
308 15
309 15
310 15
311 15
312 15
313 15
314 15
315 15
316 15
317 15
318 15
319 15

2 1 0 0
2 0 0 0
3 2 0 0
3 1 0 0
4 1 0 0
4 2 0 0
5 4 0 0
5 3 0 0
6 5 0 0
6 2 0 0
7 5 0 0
7 4 0 0
8 1 0 0
8 0 0 0
9 8 0 0
9 4 0 0
10 8 0 0
10 9 0 0
11 10 0 0
11 9 0 0
12 10 0 0
12 8 0 0
13 9 0 0
13 10 0 0
14 3 0 0
14 2 0 0
15 5 0 0
15 10 0 0
16 6 0 0
16 2 0 0
17 12 0 0
17 4 0 0
18 15 0 0
18 13 0 0
19 5 0 0
19 18 0 0
0 17 0 0
0 4 0 0
1 13 0 0
1 19 0 0
22 21 1 1
22 20 1 1
23 20 1 1
23 21 1 1
24 20 1 1
24 23 1 1
25 21 1 1
25 24 1 1
26 20 1 1
26 23 1 1
27 20 1 1
27 22 1 1
28 21 1 1
28 22 1 1
29 27 1 1
29 24 1 1
30 24 1 1
30 29 1 1
31 23 1 1
31 24 1 1
32 24 1 1
32 21 1 1
33 24 1 1
33 30 1 1
34 24 1 1
34 29 1 1
35 25 1 1
35 33 1 1
36 21 1 1
36 25 1 1
37 20 1 1
37 24 1 1
38 21 1 1
38 24 1 1
39 31 1 1
39 36 1 1
20 35 1 1
20 33 1 1
21 37 1 1
21 24 1 1
42 40 2 2
42 41 2 2
43 41 2 2
43 40 2 2
44 43 2 2
44 41 2 2
45 42 2 2
45 40 2 2
46 40 2 2
46 43 2 2
47 45 2 2
47 42 2 2
48 47 2 2
48 46 2 2
49 43 2 2
49 46 2 2
50 48 2 2
50 45 2 2
51 44 2 2
51 46 2 2
52 46 2 2
52 40 2 2
53 42 2 2
53 50 2 2
54 47 2 2
54 40 2 2
55 43 2 2
55 46 2 2
56 42 2 2
56 44 2 2
57 43 2 2
57 55 2 2
58 55 2 2
58 40 2 2
59 56 2 2
59 48 2 2
40 55 2 2
40 49 2 2
41 55 2 2
41 47 2 2
62 61 3 3
62 60 3 3
63 60 3 3
63 62 3 3
64 60 3 3
64 63 3 3
65 60 3 3
65 62 3 3
66 62 3 3
66 60 3 3
67 60 3 3
67 64 3 3
68 65 3 3
68 60 3 3
69 61 3 3
69 62 3 3
70 63 3 3
70 64 3 3
71 70 3 3
71 66 3 3
72 70 3 3
72 63 3 3
73 60 3 3
73 61 3 3
74 69 3 3
74 71 3 3
75 67 3 3
75 72 3 3
76 70 3 3
76 68 3 3
77 72 3 3
77 74 3 3
78 67 3 3
78 69 3 3
79 73 3 3
79 69 3 3
60 72 3 3
60 78 3 3
61 79 3 3
61 65 3 3
82 81 4 4
82 80 4 4
83 80 4 4
83 81 4 4
84 82 4 4
84 81 4 4
85 82 4 4
85 81 4 4
86 84 4 4
86 81 4 4
87 84 4 4
87 86 4 4
88 81 4 4
88 83 4 4
89 85 4 4
89 86 4 4
90 80 4 4
90 85 4 4
91 80 4 4
91 87 4 4
92 83 4 4
92 81 4 4
93 83 4 4
93 84 4 4
94 89 4 4
94 85 4 4
95 92 4 4
95 85 4 4
96 83 4 4
96 92 4 4
97 82 4 4
97 88 4 4
98 83 4 4
98 86 4 4
99 96 4 4
99 82 4 4
80 94 4 4
80 85 4 4
81 91 4 4
81 89 4 4
102 100 5 5
102 101 5 5
103 102 5 5
103 101 5 5
104 100 5 5
104 103 5 5
105 100 5 5
105 101 5 5
106 102 5 5
106 104 5 5
107 103 5 5
107 104 5 5
108 101 5 5
108 105 5 5
109 107 5 5
109 103 5 5
110 100 5 5
110 109 5 5
111 106 5 5
111 100 5 5
112 100 5 5
112 103 5 5
113 106 5 5
113 102 5 5
114 112 5 5
114 111 5 5
115 103 5 5
115 114 5 5
116 104 5 5
116 103 5 5
117 108 5 5
117 102 5 5
118 107 5 5
118 101 5 5
119 115 5 5
119 114 5 5
100 109 5 5
100 106 5 5
101 115 5 5
101 112 5 5
122 121 6 6
122 120 6 6
123 121 6 6
123 122 6 6
124 120 6 6
124 122 6 6
125 124 6 6
125 120 6 6
126 123 6 6
126 125 6 6
127 120 6 6
127 124 6 6
128 125 6 6
128 122 6 6
129 124 6 6
129 127 6 6
130 127 6 6
130 126 6 6
131 121 6 6
131 122 6 6
132 128 6 6
132 126 6 6
133 132 6 6
133 130 6 6
134 131 6 6
134 130 6 6
135 121 6 6
135 131 6 6
136 124 6 6
136 121 6 6
137 134 6 6
137 121 6 6
138 134 6 6
138 132 6 6
139 136 6 6
139 135 6 6
120 139 6 6
120 130 6 6
121 129 6 6
121 128 6 6
142 140 7 7
142 141 7 7
143 140 7 7
143 142 7 7
144 140 7 7
144 142 7 7
145 144 7 7
145 142 7 7
146 143 7 7
146 142 7 7
147 146 7 7
147 140 7 7
148 144 7 7
148 140 7 7
149 146 7 7
149 143 7 7
150 146 7 7
150 143 7 7
151 148 7 7
151 142 7 7
152 147 7 7
152 141 7 7
153 145 7 7
153 149 7 7
154 153 7 7
154 148 7 7
155 148 7 7
155 150 7 7
156 142 7 7
156 152 7 7
157 143 7 7
157 144 7 7
158 150 7 7
158 157 7 7
159 148 7 7
159 145 7 7
140 153 7 7
140 156 7 7
141 147 7 7
141 156 7 7
162 160 8 8
162 161 8 8
163 161 8 8
163 162 8 8
164 163 8 8
164 162 8 8
165 162 8 8
165 160 8 8
166 161 8 8
166 164 8 8
167 165 8 8
167 163 8 8
168 161 8 8
168 164 8 8
169 161 8 8
169 160 8 8
170 167 8 8
170 163 8 8
171 160 8 8
171 168 8 8
172 166 8 8
172 164 8 8
173 165 8 8
173 161 8 8
174 171 8 8
174 165 8 8
175 174 8 8
175 167 8 8
176 170 8 8
176 175 8 8
177 167 8 8
177 163 8 8
178 170 8 8
178 163 8 8
179 164 8 8
179 171 8 8
160 174 8 8
160 167 8 8
161 165 8 8
161 171 8 8
182 180 9 9
182 181 9 9
183 181 9 9
183 182 9 9
184 182 9 9
184 180 9 9
185 180 9 9
185 184 9 9
186 181 9 9
186 182 9 9
187 185 9 9
187 186 9 9
188 180 9 9
188 182 9 9
189 184 9 9
189 188 9 9
190 184 9 9
190 180 9 9
191 182 9 9
191 187 9 9
192 181 9 9
192 187 9 9
193 189 9 9
193 183 9 9
194 192 9 9
194 180 9 9
195 189 9 9
195 183 9 9
196 183 9 9
196 187 9 9
197 182 9 9
197 186 9 9
198 191 9 9
198 195 9 9
199 194 9 9
199 193 9 9
180 191 9 9
180 197 9 9
181 197 9 9
181 190 9 9
202 200 10 10
202 201 10 10
203 202 10 10
203 201 10 10
204 203 10 10
204 202 10 10
205 203 10 10
205 200 10 10
206 204 10 10
206 201 10 10
207 204 10 10
207 200 10 10
208 203 10 10
208 202 10 10
209 208 10 10
209 204 10 10
210 207 10 10
210 205 10 10
211 204 10 10
211 202 10 10
212 206 10 10
212 201 10 10
213 205 10 10
213 207 10 10
214 200 10 10
214 207 10 10
215 202 10 10
215 203 10 10
216 206 10 10
216 209 10 10
217 200 10 10
217 209 10 10
218 207 10 10
218 201 10 10
219 207 10 10
219 205 10 10
200 215 10 10
200 204 10 10
201 208 10 10
201 215 10 10
222 221 11 11
222 220 11 11
223 221 11 11
223 220 11 11
224 223 11 11
224 222 11 11
225 220 11 11
225 221 11 11
226 225 11 11
226 221 11 11
227 224 11 11
227 226 11 11
228 223 11 11
228 225 11 11
229 226 11 11
229 228 11 11
230 227 11 11
230 229 11 11
231 229 11 11
231 227 11 11
232 223 11 11
232 229 11 11
233 228 11 11
233 232 11 11
234 226 11 11
234 221 11 11
235 229 11 11
235 233 11 11
236 228 11 11
236 227 11 11
237 227 11 11
237 221 11 11
238 220 11 11
238 225 11 11
239 229 11 11
239 227 11 11
220 229 11 11
220 228 11 11
221 239 11 11
221 227 11 11
242 240 12 12
242 241 12 12
243 241 12 12
243 242 12 12
244 240 12 12
244 241 12 12
245 242 12 12
245 244 12 12
246 244 12 12
246 245 12 12
247 243 12 12
247 242 12 12
248 241 12 12
248 245 12 12
249 243 12 12
249 247 12 12
250 243 12 12
250 240 12 12
251 242 12 12
251 245 12 12
252 251 12 12
252 245 12 12
253 245 12 12
253 244 12 12
254 253 12 12
254 245 12 12
255 248 12 12
255 240 12 12
256 253 12 12
256 241 12 12
257 252 12 12
257 240 12 12
258 256 12 12
258 249 12 12
259 244 12 12
259 258 12 12
240 259 12 12
240 247 12 12
241 246 12 12
241 257 12 12
262 260 13 13
262 261 13 13
263 262 13 13
263 261 13 13
264 261 13 13
264 260 13 13
265 260 13 13
265 261 13 13
266 263 13 13
266 265 13 13
267 265 13 13
267 264 13 13
268 261 13 13
268 260 13 13
269 267 13 13
269 262 13 13
270 264 13 13
270 267 13 13
271 260 13 13
271 261 13 13
272 265 13 13
272 260 13 13
273 263 13 13
273 265 13 13
274 263 13 13
274 269 13 13
275 268 13 13
275 260 13 13
276 268 13 13
276 261 13 13
277 271 13 13
277 263 13 13
278 276 13 13
278 265 13 13
279 277 13 13
279 271 13 13
260 267 13 13
260 278 13 13
261 272 13 13
261 266 13 13
282 280 14 14
282 281 14 14
283 281 14 14
283 280 14 14
284 280 14 14
284 283 14 14
285 284 14 14
285 283 14 14
286 283 14 14
286 285 14 14
287 283 14 14
287 281 14 14
288 283 14 14
288 280 14 14
289 280 14 14
289 288 14 14
290 284 14 14
290 281 14 14
291 282 14 14
291 290 14 14
292 287 14 14
292 283 14 14
293 290 14 14
293 289 14 14
294 288 14 14
294 291 14 14
295 293 14 14
295 294 14 14
296 283 14 14
296 290 14 14
297 280 14 14
297 285 14 14
298 289 14 14
298 296 14 14
299 286 14 14
299 298 14 14
280 290 14 14
280 296 14 14
281 286 14 14
281 294 14 14
302 300 15 15
302 301 15 15
303 302 15 15
303 301 15 15
304 300 15 15
304 302 15 15
305 304 15 15
305 302 15 15
306 301 15 15
306 303 15 15
307 305 15 15
307 304 15 15
308 303 15 15
308 301 15 15
309 304 15 15
309 306 15 15
310 303 15 15
310 307 15 15
311 301 15 15
311 302 15 15
312 303 15 15
312 307 15 15
313 300 15 15
313 302 15 15
314 309 15 15
314 302 15 15
315 305 15 15
315 302 15 15
316 300 15 15
316 310 15 15
317 300 15 15
317 303 15 15
318 312 15 15
318 303 15 15
319 308 15 15
319 307 15 15
300 318 15 15
300 312 15 15
301 318 15 15
301 310 15 15
44 22 2 1
56 11 2 0
70 21 3 1
68 11 3 0
84 58 4 2
87 11 4 0
115 42 5 2
105 82 5 4
130 23 6 1
123 108 6 5
157 96 7 4
146 104 7 5
166 97 8 4
163 12 8 0
191 41 9 2
197 94 9 4
203 30 10 1
201 41 10 2
230 132 11 6
238 64 11 3
247 124 12 6
245 105 12 5
267 149 13 7
261 96 13 4
293 75 14 3
285 265 14 13
305 48 15 2
311 36 15 1
14 207 0 10
0 183 0 9
32 85 1 4
39 189 1 9
