swNum = 320
edgeNum = 672

0 0
1 0
2 0
3 0
4 0
5 0
6 0
7 0
8 0
9 0
10 0
11 0
12 0
13 0
14 0
15 0
16 0
17 0
18 0
19 0
20 1
21 1
22 1
23 1
24 1
25 1
26 1
27 1
28 1
29 1
30 1
31 1
32 1
33 1
34 1
35 1
36 1
37 1
38 1
39 1
40 2
41 2
42 2
43 2
44 2
45 2
46 2
47 2
48 2
49 2
50 2
51 2
52 2
53 2
54 2
55 2
56 2
57 2
58 2
59 2
60 3
61 3
62 3
63 3
64 3
65 3
66 3
67 3
68 3
69 3
70 3
71 3
72 3
73 3
74 3
75 3
76 3
77 3
78 3
79 3
80 4
81 4
82 4
83 4
84 4
85 4
86 4
87 4
88 4
89 4
90 4
91 4
92 4
93 4
94 4
95 4
96 4
97 4
98 4
99 4
100 5
101 5
102 5
103 5
104 5
105 5
106 5
107 5
108 5
109 5
110 5
111 5
112 5
113 5
114 5
115 5
116 5
117 5
118 5
119 5
120 6
121 6
122 6
123 6
124 6
125 6
126 6
127 6
128 6
129 6
130 6
131 6
132 6
133 6
134 6
135 6
136 6
137 6
138 6
139 6
140 7
141 7
142 7
143 7
144 7
145 7
146 7
147 7
148 7
149 7
150 7
151 7
152 7
153 7
154 7
155 7
156 7
157 7
158 7
159 7
160 8
161 8
162 8
163 8
164 8
165 8
166 8
167 8
168 8
169 8
170 8
171 8
172 8
173 8
174 8
175 8
176 8
177 8
178 8
179 8
180 9
181 9
182 9
183 9
184 9
185 9
186 9
187 9
188 9
189 9
190 9
191 9
192 9
193 9
194 9
195 9
196 9
197 9
198 9
199 9
200 10
201 10
202 10
203 10
204 10
205 10
206 10
207 10
208 10
209 10
210 10
211 10
212 10
213 10
214 10
215 10
216 10
217 10
218 10
219 10
220 11
221 11
222 11
223 11
224 11
225 11
226 11
227 11
228 11
229 11
230 11
231 11
232 11
233 11
234 11
235 11
236 11
237 11
238 11
239 11
240 12
241 12
242 12
243 12
244 12
245 12
246 12
247 12
248 12
249 12
250 12
251 12
252 12
253 12
254 12
255 12
256 12
257 12
258 12
259 12
260 13
261 13
262 13
263 13
264 13
265 13
266 13
267 13
268 13
269 13
270 13
271 13
272 13
273 13
274 13
275 13
276 13
277 13
278 13
279 13
280 14
281 14
282 14
283 14
284 14
285 14
286 14
287 14
288 14
289 14
290 14
291 14
292 14
293 14
294 14
295 14
296 14
297 14
298 14
299 14
300 15
301 15
302 15
303 15
304 15
305 15
306 15
307 15
308 15
309 15
310 15
311 15
312 15
313 15
314 15
315 15
316 15
317 15
318 15
319 15

2 0 0 0
2 1 0 0
3 1 0 0
3 2 0 0
4 2 0 0
4 1 0 0
5 4 0 0
5 0 0 0
6 5 0 0
6 3 0 0
7 6 0 0
7 2 0 0
8 0 0 0
8 3 0 0
9 0 0 0
9 2 0 0
10 8 0 0
10 0 0 0
11 9 0 0
11 2 0 0
12 6 0 0
12 7 0 0
13 3 0 0
13 0 0 0
14 7 0 0
14 2 0 0
15 9 0 0
15 0 0 0
16 13 0 0
16 3 0 0
17 6 0 0
17 10 0 0
18 10 0 0
18 12 0 0
19 9 0 0
19 15 0 0
0 19 0 0
0 16 0 0
1 15 0 0
1 8 0 0
22 21 1 1
22 20 1 1
23 22 1 1
23 21 1 1
24 20 1 1
24 22 1 1
25 21 1 1
25 23 1 1
26 23 1 1
26 20 1 1
27 26 1 1
27 25 1 1
28 25 1 1
28 27 1 1
29 20 1 1
29 26 1 1
30 20 1 1
30 29 1 1
31 22 1 1
31 24 1 1
32 23 1 1
32 29 1 1
33 22 1 1
33 24 1 1
34 21 1 1
34 20 1 1
35 22 1 1
35 30 1 1
36 32 1 1
36 22 1 1
37 28 1 1
37 32 1 1
38 26 1 1
38 33 1 1
39 28 1 1
39 25 1 1
20 38 1 1
20 31 1 1
21 35 1 1
21 36 1 1
42 40 2 2
42 41 2 2
43 40 2 2
43 41 2 2
44 41 2 2
44 40 2 2
45 44 2 2
45 43 2 2
46 41 2 2
46 42 2 2
47 45 2 2
47 44 2 2
48 41 2 2
48 43 2 2
49 48 2 2
49 43 2 2
50 45 2 2
50 47 2 2
51 43 2 2
51 46 2 2
52 43 2 2
52 49 2 2
53 40 2 2
53 45 2 2
54 44 2 2
54 51 2 2
55 53 2 2
55 44 2 2
56 43 2 2
56 52 2 2
57 42 2 2
57 47 2 2
58 52 2 2
58 56 2 2
59 57 2 2
59 46 2 2
40 47 2 2
40 56 2 2
41 49 2 2
41 55 2 2
62 61 3 3
62 60 3 3
63 61 3 3
63 62 3 3
64 61 3 3
64 63 3 3
65 62 3 3
65 60 3 3
66 64 3 3
66 63 3 3
67 60 3 3
67 66 3 3
68 63 3 3
68 64 3 3
69 68 3 3
69 64 3 3
70 62 3 3
70 60 3 3
71 66 3 3
71 64 3 3
72 62 3 3
72 61 3 3
73 66 3 3
73 71 3 3
74 68 3 3
74 64 3 3
75 60 3 3
75 69 3 3
76 74 3 3
76 73 3 3
77 60 3 3
77 62 3 3
78 65 3 3
78 72 3 3
79 68 3 3
79 63 3 3
60 63 3 3
60 78 3 3
61 79 3 3
61 78 3 3
82 81 4 4
82 80 4 4
83 82 4 4
83 80 4 4
84 80 4 4
84 82 4 4
85 81 4 4
85 80 4 4
86 81 4 4
86 85 4 4
87 85 4 4
87 80 4 4
88 80 4 4
88 83 4 4
89 85 4 4
89 82 4 4
90 82 4 4
90 83 4 4
91 84 4 4
91 85 4 4
92 84 4 4
92 85 4 4
93 84 4 4
93 89 4 4
94 81 4 4
94 90 4 4
95 86 4 4
95 89 4 4
96 88 4 4
96 94 4 4
97 93 4 4
97 92 4 4
98 87 4 4
98 88 4 4
99 81 4 4
99 98 4 4
80 97 4 4
80 89 4 4
81 88 4 4
81 93 4 4
102 101 5 5
102 100 5 5
103 100 5 5
103 101 5 5
104 100 5 5
104 101 5 5
105 103 5 5
105 100 5 5
106 100 5 5
106 105 5 5
107 100 5 5
107 104 5 5
108 106 5 5
108 104 5 5
109 104 5 5
109 100 5 5
110 104 5 5
110 103 5 5
111 105 5 5
111 101 5 5
112 101 5 5
112 105 5 5
113 111 5 5
113 100 5 5
114 104 5 5
114 103 5 5
115 111 5 5
115 100 5 5
116 112 5 5
116 104 5 5
117 113 5 5
117 111 5 5
118 109 5 5
118 116 5 5
119 116 5 5
119 118 5 5
100 119 5 5
100 112 5 5
101 119 5 5
101 116 5 5
122 121 6 6
122 120 6 6
123 121 6 6
123 122 6 6
124 120 6 6
124 122 6 6
125 123 6 6
125 122 6 6
126 125 6 6
126 121 6 6
127 123 6 6
127 121 6 6
128 122 6 6
128 125 6 6
129 127 6 6
129 126 6 6
130 126 6 6
130 121 6 6
131 129 6 6
131 123 6 6
132 131 6 6
132 124 6 6
133 124 6 6
133 132 6 6
134 129 6 6
134 126 6 6
135 125 6 6
135 123 6 6
136 130 6 6
136 125 6 6
137 128 6 6
137 131 6 6
138 122 6 6
138 128 6 6
139 128 6 6
139 122 6 6
120 138 6 6
120 127 6 6
121 132 6 6
121 124 6 6
142 140 7 7
142 141 7 7
143 140 7 7
143 141 7 7
144 142 7 7
144 140 7 7
145 141 7 7
145 143 7 7
146 142 7 7
146 144 7 7
147 142 7 7
147 143 7 7
148 142 7 7
148 143 7 7
149 143 7 7
149 145 7 7
150 148 7 7
150 146 7 7
151 141 7 7
151 147 7 7
152 145 7 7
152 141 7 7
153 150 7 7
153 147 7 7
154 147 7 7
154 153 7 7
155 149 7 7
155 148 7 7
156 151 7 7
156 150 7 7
157 143 7 7
157 147 7 7
158 140 7 7
158 148 7 7
159 150 7 7
159 152 7 7
140 145 7 7
140 152 7 7
141 144 7 7
141 157 7 7
162 161 8 8
162 160 8 8
163 160 8 8
163 161 8 8
164 160 8 8
164 161 8 8
165 161 8 8
165 163 8 8
166 163 8 8
166 162 8 8
167 164 8 8
167 162 8 8
168 166 8 8
168 163 8 8
169 160 8 8
169 163 8 8
170 160 8 8
170 164 8 8
171 169 8 8
171 165 8 8
172 167 8 8
172 162 8 8
173 168 8 8
173 169 8 8
174 165 8 8
174 167 8 8
175 169 8 8
175 170 8 8
176 163 8 8
176 175 8 8
177 167 8 8
177 176 8 8
178 166 8 8
178 170 8 8
179 165 8 8
179 178 8 8
160 165 8 8
160 176 8 8
161 171 8 8
161 177 8 8
182 181 9 9
182 180 9 9
183 180 9 9
183 181 9 9
184 181 9 9
184 180 9 9
185 181 9 9
185 183 9 9
186 182 9 9
186 181 9 9
187 181 9 9
187 182 9 9
188 187 9 9
188 185 9 9
189 185 9 9
189 188 9 9
190 180 9 9
190 185 9 9
191 186 9 9
191 184 9 9
192 180 9 9
192 190 9 9
193 180 9 9
193 184 9 9
194 180 9 9
194 188 9 9
195 180 9 9
195 182 9 9
196 188 9 9
196 180 9 9
197 195 9 9
197 180 9 9
198 196 9 9
198 193 9 9
199 190 9 9
199 191 9 9
180 191 9 9
180 189 9 9
181 194 9 9
181 189 9 9
202 200 10 10
202 201 10 10
203 202 10 10
203 200 10 10
204 203 10 10
204 200 10 10
205 203 10 10
205 202 10 10
206 201 10 10
206 200 10 10
207 204 10 10
207 201 10 10
208 207 10 10
208 204 10 10
209 207 10 10
209 205 10 10
210 207 10 10
210 205 10 10
211 206 10 10
211 201 10 10
212 207 10 10
212 200 10 10
213 200 10 10
213 212 10 10
214 200 10 10
214 206 10 10
215 212 10 10
215 213 10 10
216 203 10 10
216 205 10 10
217 205 10 10
217 208 10 10
218 207 10 10
218 206 10 10
219 214 10 10
219 208 10 10
200 207 10 10
200 211 10 10
201 218 10 10
201 209 10 10
222 220 11 11
222 221 11 11
223 220 11 11
223 222 11 11
224 222 11 11
224 220 11 11
225 220 11 11
225 222 11 11
226 222 11 11
226 224 11 11
227 222 11 11
227 226 11 11
228 220 11 11
228 227 11 11
229 227 11 11
229 228 11 11
230 223 11 11
230 221 11 11
231 226 11 11
231 223 11 11
232 221 11 11
232 231 11 11
233 227 11 11
233 222 11 11
234 221 11 11
234 231 11 11
235 223 11 11
235 226 11 11
236 235 11 11
236 221 11 11
237 229 11 11
237 225 11 11
238 228 11 11
238 223 11 11
239 229 11 11
239 238 11 11
220 237 11 11
220 236 11 11
221 239 11 11
221 235 11 11
242 241 12 12
242 240 12 12
243 242 12 12
243 240 12 12
244 242 12 12
244 240 12 12
245 243 12 12
245 241 12 12
246 243 12 12
246 245 12 12
247 245 12 12
247 243 12 12
248 245 12 12
248 240 12 12
249 244 12 12
249 248 12 12
250 241 12 12
250 243 12 12
251 249 12 12
251 246 12 12
252 243 12 12
252 251 12 12
253 245 12 12
253 248 12 12
254 241 12 12
254 251 12 12
255 243 12 12
255 253 12 12
256 249 12 12
256 251 12 12
257 256 12 12
257 240 12 12
258 257 12 12
258 252 12 12
259 257 12 12
259 253 12 12
240 259 12 12
240 255 12 12
241 248 12 12
241 247 12 12
262 260 13 13
262 261 13 13
263 260 13 13
263 261 13 13
264 263 13 13
264 262 13 13
265 261 13 13
265 262 13 13
266 261 13 13
266 260 13 13
267 260 13 13
267 266 13 13
268 265 13 13
268 266 13 13
269 263 13 13
269 261 13 13
270 261 13 13
270 262 13 13
271 268 13 13
271 260 13 13
272 267 13 13
272 263 13 13
273 268 13 13
273 266 13 13
274 273 13 13
274 268 13 13
275 262 13 13
275 273 13 13
276 271 13 13
276 263 13 13
277 275 13 13
277 260 13 13
278 270 13 13
278 260 13 13
279 276 13 13
279 273 13 13
260 273 13 13
260 272 13 13
261 274 13 13
261 267 13 13
282 280 14 14
282 281 14 14
283 280 14 14
283 281 14 14
284 283 14 14
284 281 14 14
285 284 14 14
285 281 14 14
286 284 14 14
286 283 14 14
287 284 14 14
287 283 14 14
288 286 14 14
288 280 14 14
289 288 14 14
289 280 14 14
290 283 14 14
290 285 14 14
291 282 14 14
291 290 14 14
292 284 14 14
292 280 14 14
293 287 14 14
293 285 14 14
294 283 14 14
294 288 14 14
295 287 14 14
295 290 14 14
296 292 14 14
296 293 14 14
297 291 14 14
297 281 14 14
298 289 14 14
298 292 14 14
299 284 14 14
299 293 14 14
280 287 14 14
280 286 14 14
281 295 14 14
281 299 14 14
302 300 15 15
302 301 15 15
303 300 15 15
303 302 15 15
304 300 15 15
304 301 15 15
305 301 15 15
305 303 15 15
306 300 15 15
306 305 15 15
307 305 15 15
307 301 15 15
308 304 15 15
308 305 15 15
309 300 15 15
309 306 15 15
310 300 15 15
310 301 15 15
311 307 15 15
311 305 15 15
312 310 15 15
312 301 15 15
313 300 15 15
313 303 15 15
314 312 15 15
314 313 15 15
315 311 15 15
315 303 15 15
316 303 15 15
316 315 15 15
317 312 15 15
317 304 15 15
318 302 15 15
318 313 15 15
319 313 15 15
319 303 15 15
300 319 15 15
300 308 15 15
301 313 15 15
301 319 15 15
45 35 2 1
58 18 2 0
63 36 3 1
66 48 3 2
87 14 4 0
81 53 4 2
111 52 5 2
107 66 5 3
127 45 6 2
135 5 6 0
157 53 7 2
146 124 7 6
164 53 8 2
169 66 8 3
189 1 9 0
190 88 9 4
202 66 10 3
214 127 10 6
238 158 11 7
230 66 11 3
258 178 12 8
257 129 12 6
272 194 13 9
265 93 13 4
291 279 14 13
296 246 14 12
302 55 15 2
303 62 15 3
2 104 0 5
10 275 0 13
20 193 1 9
35 289 1 14
