swNum = 320
edgeNum = 672

0 0
1 0
2 0
3 0
4 0
5 0
6 0
7 0
8 0
9 0
10 0
11 0
12 0
13 0
14 0
15 0
16 0
17 0
18 0
19 0
20 1
21 1
22 1
23 1
24 1
25 1
26 1
27 1
28 1
29 1
30 1
31 1
32 1
33 1
34 1
35 1
36 1
37 1
38 1
39 1
40 2
41 2
42 2
43 2
44 2
45 2
46 2
47 2
48 2
49 2
50 2
51 2
52 2
53 2
54 2
55 2
56 2
57 2
58 2
59 2
60 3
61 3
62 3
63 3
64 3
65 3
66 3
67 3
68 3
69 3
70 3
71 3
72 3
73 3
74 3
75 3
76 3
77 3
78 3
79 3
80 4
81 4
82 4
83 4
84 4
85 4
86 4
87 4
88 4
89 4
90 4
91 4
92 4
93 4
94 4
95 4
96 4
97 4
98 4
99 4
100 5
101 5
102 5
103 5
104 5
105 5
106 5
107 5
108 5
109 5
110 5
111 5
112 5
113 5
114 5
115 5
116 5
117 5
118 5
119 5
120 6
121 6
122 6
123 6
124 6
125 6
126 6
127 6
128 6
129 6
130 6
131 6
132 6
133 6
134 6
135 6
136 6
137 6
138 6
139 6
140 7
141 7
142 7
143 7
144 7
145 7
146 7
147 7
148 7
149 7
150 7
151 7
152 7
153 7
154 7
155 7
156 7
157 7
158 7
159 7
160 8
161 8
162 8
163 8
164 8
165 8
166 8
167 8
168 8
169 8
170 8
171 8
172 8
173 8
174 8
175 8
176 8
177 8
178 8
179 8
180 9
181 9
182 9
183 9
184 9
185 9
186 9
187 9
188 9
189 9
190 9
191 9
192 9
193 9
194 9
195 9
196 9
197 9
198 9
199 9
200 10
201 10
202 10
203 10
204 10
205 10
206 10
207 10
208 10
209 10
210 10
211 10
212 10
213 10
214 10
215 10
216 10
217 10
218 10
219 10
220 11
221 11
222 11
223 11
224 11
225 11
226 11
227 11
228 11
229 11
230 11
231 11
232 11
233 11
234 11
235 11
236 11
237 11
238 11
239 11
240 12
241 12
242 12
243 12
244 12
245 12
246 12
247 12
248 12
249 12
250 12
251 12
252 12
253 12
254 12
255 12
256 12
257 12
258 12
259 12
260 13
261 13
262 13
263 13
264 13
265 13
266 13
267 13
268 13
269 13
270 13
271 13
272 13
273 13
274 13
275 13
276 13
277 13
278 13
279 13
280 14
281 14
282 14
283 14
284 14
285 14
286 14
287 14
288 14
289 14
290 14
291 14
292 14
293 14
294 14
295 14
296 14
297 14
298 14
299 14
300 15
301 15
302 15
303 15
304 15
305 15
306 15
307 15
308 15
309 15
310 15
311 15
312 15
313 15
314 15
315 15
316 15
317 15
318 15
319 15

2 1 0 0
2 0 0 0
3 1 0 0
3 0 0 0
4 0 0 0
4 2 0 0
5 1 0 0
5 3 0 0
6 1 0 0
6 0 0 0
7 3 0 0
7 4 0 0
8 2 0 0
8 4 0 0
9 3 0 0
9 1 0 0
10 6 0 0
10 2 0 0
11 7 0 0
11 4 0 0
12 2 0 0
12 1 0 0
13 0 0 0
13 3 0 0
14 3 0 0
14 9 0 0
15 4 0 0
15 7 0 0
16 3 0 0
16 14 0 0
17 1 0 0
17 2 0 0
18 17 0 0
18 1 0 0
19 1 0 0
19 10 0 0
0 9 0 0
0 11 0 0
1 14 0 0
1 7 0 0
22 20 1 1
22 21 1 1
23 21 1 1
23 22 1 1
24 23 1 1
24 22 1 1
25 21 1 1
25 24 1 1
26 25 1 1
26 21 1 1
27 20 1 1
27 21 1 1
28 23 1 1
28 20 1 1
29 25 1 1
29 22 1 1
30 20 1 1
30 27 1 1
31 30 1 1
31 29 1 1
32 20 1 1
32 27 1 1
33 27 1 1
33 31 1 1
34 27 1 1
34 23 1 1
35 21 1 1
35 30 1 1
36 32 1 1
36 20 1 1
37 20 1 1
37 28 1 1
38 30 1 1
38 23 1 1
39 30 1 1
39 31 1 1
20 25 1 1
20 26 1 1
21 28 1 1
21 30 1 1
42 40 2 2
42 41 2 2
43 40 2 2
43 41 2 2
44 42 2 2
44 40 2 2
45 41 2 2
45 42 2 2
46 45 2 2
46 40 2 2
47 41 2 2
47 44 2 2
48 42 2 2
48 46 2 2
49 40 2 2
49 42 2 2
50 44 2 2
50 43 2 2
51 49 2 2
51 41 2 2
52 49 2 2
52 42 2 2
53 52 2 2
53 42 2 2
54 41 2 2
54 53 2 2
55 50 2 2
55 42 2 2
56 51 2 2
56 40 2 2
57 50 2 2
57 44 2 2
58 56 2 2
58 43 2 2
59 44 2 2
59 51 2 2
40 54 2 2
40 45 2 2
41 48 2 2
41 52 2 2
62 61 3 3
62 60 3 3
63 61 3 3
63 60 3 3
64 62 3 3
64 60 3 3
65 62 3 3
65 63 3 3
66 65 3 3
66 64 3 3
67 61 3 3
67 65 3 3
68 64 3 3
68 67 3 3
69 65 3 3
69 67 3 3
70 66 3 3
70 69 3 3
71 69 3 3
71 65 3 3
72 62 3 3
72 61 3 3
73 71 3 3
73 70 3 3
74 70 3 3
74 63 3 3
75 70 3 3
75 73 3 3
76 69 3 3
76 64 3 3
77 67 3 3
77 69 3 3
78 73 3 3
78 63 3 3
79 66 3 3
79 64 3 3
60 78 3 3
60 73 3 3
61 65 3 3
61 78 3 3
82 80 4 4
82 81 4 4
83 80 4 4
83 81 4 4
84 80 4 4
84 83 4 4
85 83 4 4
85 82 4 4
86 82 4 4
86 83 4 4
87 83 4 4
87 82 4 4
88 85 4 4
88 82 4 4
89 82 4 4
89 88 4 4
90 88 4 4
90 85 4 4
91 85 4 4
91 87 4 4
92 83 4 4
92 91 4 4
93 91 4 4
93 89 4 4
94 89 4 4
94 82 4 4
95 82 4 4
95 89 4 4
96 82 4 4
96 90 4 4
97 87 4 4
97 94 4 4
98 91 4 4
98 83 4 4
99 90 4 4
99 82 4 4
80 87 4 4
80 98 4 4
81 97 4 4
81 91 4 4
102 100 5 5
102 101 5 5
103 100 5 5
103 102 5 5
104 101 5 5
104 103 5 5
105 103 5 5
105 101 5 5
106 103 5 5
106 100 5 5
107 104 5 5
107 102 5 5
108 103 5 5
108 107 5 5
109 108 5 5
109 102 5 5
110 107 5 5
110 103 5 5
111 100 5 5
111 107 5 5
112 104 5 5
112 108 5 5
113 102 5 5
113 111 5 5
114 105 5 5
114 101 5 5
115 102 5 5
115 106 5 5
116 107 5 5
116 101 5 5
117 113 5 5
117 108 5 5
118 100 5 5
118 106 5 5
119 114 5 5
119 101 5 5
100 109 5 5
100 117 5 5
101 107 5 5
101 117 5 5
122 121 6 6
122 120 6 6
123 121 6 6
123 120 6 6
124 123 6 6
124 120 6 6
125 121 6 6
125 120 6 6
126 121 6 6
126 120 6 6
127 122 6 6
127 123 6 6
128 126 6 6
128 124 6 6
129 128 6 6
129 126 6 6
130 124 6 6
130 120 6 6
131 124 6 6
131 130 6 6
132 121 6 6
132 124 6 6
133 127 6 6
133 126 6 6
134 131 6 6
134 122 6 6
135 132 6 6
135 134 6 6
136 134 6 6
136 135 6 6
137 121 6 6
137 133 6 6
138 134 6 6
138 135 6 6
139 125 6 6
139 123 6 6
120 133 6 6
120 135 6 6
121 124 6 6
121 139 6 6
142 140 7 7
142 141 7 7
143 140 7 7
143 142 7 7
144 143 7 7
144 141 7 7
145 143 7 7
145 144 7 7
146 145 7 7
146 143 7 7
147 140 7 7
147 142 7 7
148 147 7 7
148 144 7 7
149 147 7 7
149 143 7 7
150 144 7 7
150 141 7 7
151 142 7 7
151 150 7 7
152 145 7 7
152 143 7 7
153 142 7 7
153 144 7 7
154 153 7 7
154 152 7 7
155 141 7 7
155 150 7 7
156 148 7 7
156 145 7 7
157 141 7 7
157 140 7 7
158 154 7 7
158 153 7 7
159 153 7 7
159 150 7 7
140 154 7 7
140 155 7 7
141 158 7 7
141 159 7 7
162 160 8 8
162 161 8 8
163 161 8 8
163 160 8 8
164 160 8 8
164 162 8 8
165 163 8 8
165 164 8 8
166 164 8 8
166 162 8 8
167 162 8 8
167 163 8 8
168 164 8 8
168 160 8 8
169 161 8 8
169 164 8 8
170 169 8 8
170 163 8 8
171 167 8 8
171 170 8 8
172 170 8 8
172 167 8 8
173 167 8 8
173 162 8 8
174 167 8 8
174 164 8 8
175 162 8 8
175 169 8 8
176 170 8 8
176 171 8 8
177 173 8 8
177 176 8 8
178 161 8 8
178 173 8 8
179 178 8 8
179 171 8 8
160 170 8 8
160 171 8 8
161 175 8 8
161 164 8 8
182 181 9 9
182 180 9 9
183 182 9 9
183 181 9 9
184 180 9 9
184 181 9 9
185 180 9 9
185 184 9 9
186 180 9 9
186 181 9 9
187 183 9 9
187 182 9 9
188 185 9 9
188 186 9 9
189 184 9 9
189 181 9 9
190 184 9 9
190 182 9 9
191 182 9 9
191 188 9 9
192 185 9 9
192 189 9 9
193 189 9 9
193 182 9 9
194 187 9 9
194 182 9 9
195 182 9 9
195 186 9 9
196 194 9 9
196 189 9 9
197 185 9 9
197 194 9 9
198 187 9 9
198 183 9 9
199 195 9 9
199 187 9 9
180 191 9 9
180 199 9 9
181 199 9 9
181 197 9 9
202 200 10 10
202 201 10 10
203 202 10 10
203 201 10 10
204 200 10 10
204 202 10 10
205 201 10 10
205 202 10 10
206 202 10 10
206 203 10 10
207 204 10 10
207 200 10 10
208 202 10 10
208 201 10 10
209 201 10 10
209 207 10 10
210 206 10 10
210 207 10 10
211 205 10 10
211 209 10 10
212 211 10 10
212 206 10 10
213 211 10 10
213 205 10 10
214 212 10 10
214 202 10 10
215 208 10 10
215 211 10 10
216 213 10 10
216 208 10 10
217 204 10 10
217 200 10 10
218 211 10 10
218 201 10 10
219 217 10 10
219 215 10 10
200 210 10 10
200 219 10 10
201 204 10 10
201 217 10 10
222 221 11 11
222 220 11 11
223 220 11 11
223 222 11 11
224 222 11 11
224 221 11 11
225 222 11 11
225 224 11 11
226 224 11 11
226 225 11 11
227 224 11 11
227 225 11 11
228 221 11 11
228 223 11 11
229 220 11 11
229 225 11 11
230 229 11 11
230 226 11 11
231 224 11 11
231 226 11 11
232 226 11 11
232 221 11 11
233 228 11 11
233 222 11 11
234 221 11 11
234 232 11 11
235 222 11 11
235 220 11 11
236 227 11 11
236 225 11 11
237 220 11 11
237 229 11 11
238 224 11 11
238 227 11 11
239 229 11 11
239 237 11 11
220 232 11 11
220 230 11 11
221 239 11 11
221 231 11 11
242 240 12 12
242 241 12 12
243 242 12 12
243 240 12 12
244 240 12 12
244 243 12 12
245 242 12 12
245 243 12 12
246 244 12 12
246 241 12 12
247 241 12 12
247 240 12 12
248 244 12 12
248 242 12 12
249 243 12 12
249 245 12 12
250 248 12 12
250 242 12 12
251 249 12 12
251 241 12 12
252 244 12 12
252 240 12 12
253 250 12 12
253 246 12 12
254 252 12 12
254 241 12 12
255 250 12 12
255 240 12 12
256 240 12 12
256 242 12 12
257 250 12 12
257 254 12 12
258 240 12 12
258 252 12 12
259 242 12 12
259 245 12 12
240 259 12 12
240 250 12 12
241 257 12 12
241 253 12 12
262 260 13 13
262 261 13 13
263 260 13 13
263 261 13 13
264 262 13 13
264 260 13 13
265 264 13 13
265 261 13 13
266 261 13 13
266 263 13 13
267 265 13 13
267 263 13 13
268 265 13 13
268 267 13 13
269 260 13 13
269 263 13 13
270 263 13 13
270 266 13 13
271 262 13 13
271 264 13 13
272 261 13 13
272 262 13 13
273 264 13 13
273 266 13 13
274 270 13 13
274 263 13 13
275 266 13 13
275 272 13 13
276 271 13 13
276 262 13 13
277 269 13 13
277 263 13 13
278 273 13 13
278 261 13 13
279 265 13 13
279 269 13 13
260 274 13 13
260 275 13 13
261 268 13 13
261 269 13 13
282 281 14 14
282 280 14 14
283 282 14 14
283 281 14 14
284 283 14 14
284 282 14 14
285 280 14 14
285 282 14 14
286 285 14 14
286 282 14 14
287 283 14 14
287 285 14 14
288 280 14 14
288 281 14 14
289 286 14 14
289 281 14 14
290 280 14 14
290 288 14 14
291 288 14 14
291 289 14 14
292 286 14 14
292 285 14 14
293 284 14 14
293 280 14 14
294 280 14 14
294 290 14 14
295 290 14 14
295 289 14 14
296 283 14 14
296 286 14 14
297 293 14 14
297 289 14 14
298 294 14 14
298 296 14 14
299 294 14 14
299 288 14 14
280 289 14 14
280 298 14 14
281 298 14 14
281 294 14 14
302 301 15 15
302 300 15 15
303 301 15 15
303 302 15 15
304 303 15 15
304 300 15 15
305 304 15 15
305 302 15 15
306 300 15 15
306 304 15 15
307 306 15 15
307 303 15 15
308 305 15 15
308 300 15 15
309 304 15 15
309 302 15 15
310 307 15 15
310 300 15 15
311 300 15 15
311 308 15 15
312 310 15 15
312 305 15 15
313 305 15 15
313 302 15 15
314 302 15 15
314 308 15 15
315 301 15 15
315 311 15 15
316 312 15 15
316 310 15 15
317 306 15 15
317 313 15 15
318 314 15 15
318 317 15 15
319 303 15 15
319 307 15 15
300 303 15 15
300 316 15 15
301 317 15 15
301 319 15 15
43 11 2 0
47 37 2 1
79 14 3 0
77 58 3 2
84 76 4 3
92 59 4 2
100 82 5 4
100 63 5 3
136 106 6 5
124 2 6 0
148 77 7 3
140 82 7 4
169 117 8 5
171 64 8 3
184 160 9 8
197 119 9 5
214 130 10 6
200 153 10 7
238 47 11 2
230 129 11 6
245 5 12 0
249 85 12 4
276 119 13 5
267 41 13 2
283 16 14 0
296 246 14 12
316 132 15 6
301 178 15 8
19 199 0 9
15 157 0 7
26 285 1 14
30 310 1 15
