swNum = 320
edgeNum = 672

0 0
1 0
2 0
3 0
4 0
5 0
6 0
7 0
8 0
9 0
10 0
11 0
12 0
13 0
14 0
15 0
16 0
17 0
18 0
19 0
20 1
21 1
22 1
23 1
24 1
25 1
26 1
27 1
28 1
29 1
30 1
31 1
32 1
33 1
34 1
35 1
36 1
37 1
38 1
39 1
40 2
41 2
42 2
43 2
44 2
45 2
46 2
47 2
48 2
49 2
50 2
51 2
52 2
53 2
54 2
55 2
56 2
57 2
58 2
59 2
60 3
61 3
62 3
63 3
64 3
65 3
66 3
67 3
68 3
69 3
70 3
71 3
72 3
73 3
74 3
75 3
76 3
77 3
78 3
79 3
80 4
81 4
82 4
83 4
84 4
85 4
86 4
87 4
88 4
89 4
90 4
91 4
92 4
93 4
94 4
95 4
96 4
97 4
98 4
99 4
100 5
101 5
102 5
103 5
104 5
105 5
106 5
107 5
108 5
109 5
110 5
111 5
112 5
113 5
114 5
115 5
116 5
117 5
118 5
119 5
120 6
121 6
122 6
123 6
124 6
125 6
126 6
127 6
128 6
129 6
130 6
131 6
132 6
133 6
134 6
135 6
136 6
137 6
138 6
139 6
140 7
141 7
142 7
143 7
144 7
145 7
146 7
147 7
148 7
149 7
150 7
151 7
152 7
153 7
154 7
155 7
156 7
157 7
158 7
159 7
160 8
161 8
162 8
163 8
164 8
165 8
166 8
167 8
168 8
169 8
170 8
171 8
172 8
173 8
174 8
175 8
176 8
177 8
178 8
179 8
180 9
181 9
182 9
183 9
184 9
185 9
186 9
187 9
188 9
189 9
190 9
191 9
192 9
193 9
194 9
195 9
196 9
197 9
198 9
199 9
200 10
201 10
202 10
203 10
204 10
205 10
206 10
207 10
208 10
209 10
210 10
211 10
212 10
213 10
214 10
215 10
216 10
217 10
218 10
219 10
220 11
221 11
222 11
223 11
224 11
225 11
226 11
227 11
228 11
229 11
230 11
231 11
232 11
233 11
234 11
235 11
236 11
237 11
238 11
239 11
240 12
241 12
242 12
243 12
244 12
245 12
246 12
247 12
248 12
249 12
250 12
251 12
252 12
253 12
254 12
255 12
256 12
257 12
258 12
259 12
260 13
261 13
262 13
263 13
264 13
265 13
266 13
267 13
268 13
269 13
270 13
271 13
272 13
273 13
274 13
275 13
276 13
277 13
278 13
279 13
280 14
281 14
282 14
283 14
284 14
285 14
286 14
287 14
288 14
289 14
290 14
291 14
292 14
293 14
294 14
295 14
296 14
297 14
298 14
299 14
300 15
301 15
302 15
303 15
304 15
305 15
306 15
307 15
308 15
309 15
310 15
311 15
312 15
313 15
314 15
315 15
316 15
317 15
318 15
319 15

2 1 0 0
2 0 0 0
3 1 0 0
3 2 0 0
4 3 0 0
4 1 0 0
5 1 0 0
5 4 0 0
6 0 0 0
6 4 0 0
7 3 0 0
7 4 0 0
8 4 0 0
8 1 0 0
9 5 0 0
9 0 0 0
10 9 0 0
10 6 0 0
11 6 0 0
11 0 0 0
12 2 0 0
12 1 0 0
13 5 0 0
13 11 0 0
14 10 0 0
14 12 0 0
15 3 0 0
15 1 0 0
16 8 0 0
16 9 0 0
17 2 0 0
17 12 0 0
18 13 0 0
18 15 0 0
19 10 0 0
19 13 0 0
0 12 0 0
0 15 0 0
1 18 0 0
1 17 0 0
22 20 1 1
22 21 1 1
23 22 1 1
23 21 1 1
24 23 1 1
24 20 1 1
25 22 1 1
25 20 1 1
26 24 1 1
26 25 1 1
27 25 1 1
27 24 1 1
28 24 1 1
28 27 1 1
29 22 1 1
29 20 1 1
30 29 1 1
30 27 1 1
31 23 1 1
31 29 1 1
32 23 1 1
32 28 1 1
33 30 1 1
33 25 1 1
34 27 1 1
34 25 1 1
35 27 1 1
35 32 1 1
36 23 1 1
36 31 1 1
37 30 1 1
37 35 1 1
38 30 1 1
38 36 1 1
39 27 1 1
39 30 1 1
20 28 1 1
20 35 1 1
21 30 1 1
21 39 1 1
42 40 2 2
42 41 2 2
43 42 2 2
43 40 2 2
44 40 2 2
44 41 2 2
45 40 2 2
45 44 2 2
46 45 2 2
46 41 2 2
47 44 2 2
47 40 2 2
48 42 2 2
48 45 2 2
49 40 2 2
49 48 2 2
50 49 2 2
50 41 2 2
51 48 2 2
51 41 2 2
52 40 2 2
52 42 2 2
53 44 2 2
53 50 2 2
54 53 2 2
54 49 2 2
55 44 2 2
55 54 2 2
56 48 2 2
56 52 2 2
57 42 2 2
57 43 2 2
58 53 2 2
58 56 2 2
59 57 2 2
59 47 2 2
40 58 2 2
40 59 2 2
41 53 2 2
41 59 2 2
62 61 3 3
62 60 3 3
63 60 3 3
63 62 3 3
64 61 3 3
64 60 3 3
65 60 3 3
65 63 3 3
66 63 3 3
66 60 3 3
67 64 3 3
67 60 3 3
68 67 3 3
68 61 3 3
69 62 3 3
69 68 3 3
70 63 3 3
70 65 3 3
71 65 3 3
71 66 3 3
72 69 3 3
72 63 3 3
73 72 3 3
73 69 3 3
74 62 3 3
74 63 3 3
75 72 3 3
75 69 3 3
76 71 3 3
76 62 3 3
77 72 3 3
77 73 3 3
78 71 3 3
78 76 3 3
79 73 3 3
79 74 3 3
60 72 3 3
60 74 3 3
61 73 3 3
61 69 3 3
82 81 4 4
82 80 4 4
83 81 4 4
83 82 4 4
84 82 4 4
84 83 4 4
85 80 4 4
85 82 4 4
86 84 4 4
86 83 4 4
87 84 4 4
87 86 4 4
88 80 4 4
88 85 4 4
89 85 4 4
89 87 4 4
90 88 4 4
90 80 4 4
91 82 4 4
91 83 4 4
92 86 4 4
92 82 4 4
93 82 4 4
93 86 4 4
94 92 4 4
94 80 4 4
95 86 4 4
95 82 4 4
96 89 4 4
96 81 4 4
97 96 4 4
97 86 4 4
98 94 4 4
98 87 4 4
99 95 4 4
99 93 4 4
80 83 4 4
80 96 4 4
81 89 4 4
81 98 4 4
102 101 5 5
102 100 5 5
103 100 5 5
103 101 5 5
104 101 5 5
104 102 5 5
105 101 5 5
105 102 5 5
106 102 5 5
106 104 5 5
107 100 5 5
107 103 5 5
108 101 5 5
108 106 5 5
109 105 5 5
109 101 5 5
110 105 5 5
110 101 5 5
111 105 5 5
111 107 5 5
112 102 5 5
112 101 5 5
113 101 5 5
113 104 5 5
114 109 5 5
114 104 5 5
115 110 5 5
115 107 5 5
116 115 5 5
116 109 5 5
117 109 5 5
117 113 5 5
118 100 5 5
118 116 5 5
119 109 5 5
119 110 5 5
100 116 5 5
100 105 5 5
101 116 5 5
101 114 5 5
122 120 6 6
122 121 6 6
123 121 6 6
123 120 6 6
124 120 6 6
124 123 6 6
125 123 6 6
125 121 6 6
126 121 6 6
126 125 6 6
127 126 6 6
127 120 6 6
128 121 6 6
128 123 6 6
129 120 6 6
129 123 6 6
130 121 6 6
130 120 6 6
131 130 6 6
131 127 6 6
132 127 6 6
132 129 6 6
133 120 6 6
133 130 6 6
134 120 6 6
134 123 6 6
135 128 6 6
135 134 6 6
136 120 6 6
136 121 6 6
137 120 6 6
137 132 6 6
138 135 6 6
138 127 6 6
139 126 6 6
139 125 6 6
120 131 6 6
120 138 6 6
121 138 6 6
121 133 6 6
142 141 7 7
142 140 7 7
143 140 7 7
143 141 7 7
144 142 7 7
144 141 7 7
145 143 7 7
145 144 7 7
146 145 7 7
146 143 7 7
147 146 7 7
147 143 7 7
148 144 7 7
148 145 7 7
149 141 7 7
149 145 7 7
150 147 7 7
150 149 7 7
151 143 7 7
151 140 7 7
152 143 7 7
152 141 7 7
153 149 7 7
153 143 7 7
154 146 7 7
154 149 7 7
155 144 7 7
155 140 7 7
156 154 7 7
156 147 7 7
157 153 7 7
157 148 7 7
158 141 7 7
158 142 7 7
159 141 7 7
159 145 7 7
140 146 7 7
140 152 7 7
141 155 7 7
141 151 7 7
162 161 8 8
162 160 8 8
163 162 8 8
163 161 8 8
164 162 8 8
164 161 8 8
165 161 8 8
165 162 8 8
166 164 8 8
166 161 8 8
167 162 8 8
167 161 8 8
168 164 8 8
168 165 8 8
169 165 8 8
169 168 8 8
170 160 8 8
170 165 8 8
171 168 8 8
171 169 8 8
172 170 8 8
172 168 8 8
173 167 8 8
173 161 8 8
174 172 8 8
174 165 8 8
175 164 8 8
175 169 8 8
176 169 8 8
176 167 8 8
177 162 8 8
177 171 8 8
178 177 8 8
178 167 8 8
179 170 8 8
179 165 8 8
160 173 8 8
160 176 8 8
161 177 8 8
161 172 8 8
182 181 9 9
182 180 9 9
183 182 9 9
183 181 9 9
184 180 9 9
184 181 9 9
185 182 9 9
185 184 9 9
186 184 9 9
186 183 9 9
187 183 9 9
187 186 9 9
188 187 9 9
188 183 9 9
189 182 9 9
189 181 9 9
190 183 9 9
190 181 9 9
191 182 9 9
191 183 9 9
192 188 9 9
192 181 9 9
193 184 9 9
193 189 9 9
194 189 9 9
194 181 9 9
195 192 9 9
195 185 9 9
196 190 9 9
196 189 9 9
197 184 9 9
197 185 9 9
198 180 9 9
198 195 9 9
199 194 9 9
199 195 9 9
180 185 9 9
180 192 9 9
181 196 9 9
181 191 9 9
202 200 10 10
202 201 10 10
203 200 10 10
203 201 10 10
204 202 10 10
204 203 10 10
205 202 10 10
205 204 10 10
206 201 10 10
206 202 10 10
207 206 10 10
207 202 10 10
208 200 10 10
208 206 10 10
209 203 10 10
209 207 10 10
210 207 10 10
210 205 10 10
211 206 10 10
211 202 10 10
212 203 10 10
212 210 10 10
213 202 10 10
213 207 10 10
214 209 10 10
214 206 10 10
215 210 10 10
215 213 10 10
216 207 10 10
216 213 10 10
217 202 10 10
217 214 10 10
218 208 10 10
218 211 10 10
219 207 10 10
219 209 10 10
200 212 10 10
200 217 10 10
201 208 10 10
201 212 10 10
222 221 11 11
222 220 11 11
223 221 11 11
223 222 11 11
224 220 11 11
224 221 11 11
225 221 11 11
225 220 11 11
226 225 11 11
226 220 11 11
227 224 11 11
227 221 11 11
228 220 11 11
228 223 11 11
229 227 11 11
229 224 11 11
230 229 11 11
230 227 11 11
231 225 11 11
231 226 11 11
232 231 11 11
232 226 11 11
233 232 11 11
233 222 11 11
234 220 11 11
234 225 11 11
235 221 11 11
235 232 11 11
236 225 11 11
236 221 11 11
237 223 11 11
237 226 11 11
238 220 11 11
238 225 11 11
239 226 11 11
239 223 11 11
220 232 11 11
220 236 11 11
221 229 11 11
221 230 11 11
242 241 12 12
242 240 12 12
243 240 12 12
243 242 12 12
244 242 12 12
244 240 12 12
245 242 12 12
245 241 12 12
246 240 12 12
246 242 12 12
247 240 12 12
247 242 12 12
248 244 12 12
248 247 12 12
249 240 12 12
249 242 12 12
250 249 12 12
250 247 12 12
251 245 12 12
251 249 12 12
252 245 12 12
252 246 12 12
253 247 12 12
253 242 12 12
254 245 12 12
254 240 12 12
255 254 12 12
255 250 12 12
256 243 12 12
256 240 12 12
257 250 12 12
257 246 12 12
258 256 12 12
258 242 12 12
259 244 12 12
259 247 12 12
240 251 12 12
240 257 12 12
241 248 12 12
241 243 12 12
262 261 13 13
262 260 13 13
263 262 13 13
263 261 13 13
264 262 13 13
264 263 13 13
265 262 13 13
265 261 13 13
266 262 13 13
266 263 13 13
267 260 13 13
267 263 13 13
268 264 13 13
268 261 13 13
269 262 13 13
269 264 13 13
270 269 13 13
270 263 13 13
271 267 13 13
271 269 13 13
272 265 13 13
272 262 13 13
273 263 13 13
273 264 13 13
274 260 13 13
274 267 13 13
275 272 13 13
275 261 13 13
276 260 13 13
276 271 13 13
277 270 13 13
277 269 13 13
278 276 13 13
278 261 13 13
279 278 13 13
279 270 13 13
260 278 13 13
260 273 13 13
261 274 13 13
261 276 13 13
282 280 14 14
282 281 14 14
283 282 14 14
283 281 14 14
284 280 14 14
284 281 14 14
285 280 14 14
285 284 14 14
286 283 14 14
286 282 14 14
287 282 14 14
287 280 14 14
288 282 14 14
288 283 14 14
289 282 14 14
289 280 14 14
290 284 14 14
290 289 14 14
291 284 14 14
291 282 14 14
292 280 14 14
292 283 14 14
293 280 14 14
293 282 14 14
294 288 14 14
294 283 14 14
295 291 14 14
295 285 14 14
296 283 14 14
296 288 14 14
297 288 14 14
297 282 14 14
298 286 14 14
298 297 14 14
299 281 14 14
299 291 14 14
280 288 14 14
280 291 14 14
281 296 14 14
281 297 14 14
302 300 15 15
302 301 15 15
303 300 15 15
303 301 15 15
304 302 15 15
304 300 15 15
305 304 15 15
305 300 15 15
306 305 15 15
306 301 15 15
307 302 15 15
307 304 15 15
308 303 15 15
308 304 15 15
309 308 15 15
309 304 15 15
310 309 15 15
310 300 15 15
311 308 15 15
311 309 15 15
312 310 15 15
312 307 15 15
313 312 15 15
313 304 15 15
314 302 15 15
314 300 15 15
315 306 15 15
315 312 15 15
316 300 15 15
316 304 15 15
317 301 15 15
317 306 15 15
318 304 15 15
318 309 15 15
319 300 15 15
319 306 15 15
300 312 15 15
300 309 15 15
301 312 15 15
301 319 15 15
48 26 2 1
49 5 2 0
60 50 3 2
70 11 3 0
80 44 4 2
81 70 4 3
115 67 5 3
100 86 5 4
123 24 6 1
128 61 6 3
147 10 7 0
152 118 7 5
174 154 8 7
164 17 8 0
191 133 9 6
186 90 9 4
211 60 10 3
212 105 10 5
228 86 11 4
231 54 11 2
251 39 12 1
249 157 12 7
272 259 13 12
263 181 13 9
283 213 14 10
292 81 14 4
313 177 15 8
313 253 15 12
1 115 0 5
11 241 0 12
26 87 1 4
32 172 1 8
