swNum = 320
edgeNum = 672

0 0
1 0
2 0
3 0
4 0
5 0
6 0
7 0
8 0
9 0
10 0
11 0
12 0
13 0
14 0
15 0
16 0
17 0
18 0
19 0
20 1
21 1
22 1
23 1
24 1
25 1
26 1
27 1
28 1
29 1
30 1
31 1
32 1
33 1
34 1
35 1
36 1
37 1
38 1
39 1
40 2
41 2
42 2
43 2
44 2
45 2
46 2
47 2
48 2
49 2
50 2
51 2
52 2
53 2
54 2
55 2
56 2
57 2
58 2
59 2
60 3
61 3
62 3
63 3
64 3
65 3
66 3
67 3
68 3
69 3
70 3
71 3
72 3
73 3
74 3
75 3
76 3
77 3
78 3
79 3
80 4
81 4
82 4
83 4
84 4
85 4
86 4
87 4
88 4
89 4
90 4
91 4
92 4
93 4
94 4
95 4
96 4
97 4
98 4
99 4
100 5
101 5
102 5
103 5
104 5
105 5
106 5
107 5
108 5
109 5
110 5
111 5
112 5
113 5
114 5
115 5
116 5
117 5
118 5
119 5
120 6
121 6
122 6
123 6
124 6
125 6
126 6
127 6
128 6
129 6
130 6
131 6
132 6
133 6
134 6
135 6
136 6
137 6
138 6
139 6
140 7
141 7
142 7
143 7
144 7
145 7
146 7
147 7
148 7
149 7
150 7
151 7
152 7
153 7
154 7
155 7
156 7
157 7
158 7
159 7
160 8
161 8
162 8
163 8
164 8
165 8
166 8
167 8
168 8
169 8
170 8
171 8
172 8
173 8
174 8
175 8
176 8
177 8
178 8
179 8
180 9
181 9
182 9
183 9
184 9
185 9
186 9
187 9
188 9
189 9
190 9
191 9
192 9
193 9
194 9
195 9
196 9
197 9
198 9
199 9
200 10
201 10
202 10
203 10
204 10
205 10
206 10
207 10
208 10
209 10
210 10
211 10
212 10
213 10
214 10
215 10
216 10
217 10
218 10
219 10
220 11
221 11
222 11
223 11
224 11
225 11
226 11
227 11
228 11
229 11
230 11
231 11
232 11
233 11
234 11
235 11
236 11
237 11
238 11
239 11
240 12
241 12
242 12
243 12
244 12
245 12
246 12
247 12
248 12
249 12
250 12
251 12
252 12
253 12
254 12
255 12
256 12
257 12
258 12
259 12
260 13
261 13
262 13
263 13
264 13
265 13
266 13
267 13
268 13
269 13
270 13
271 13
272 13
273 13
274 13
275 13
276 13
277 13
278 13
279 13
280 14
281 14
282 14
283 14
284 14
285 14
286 14
287 14
288 14
289 14
290 14
291 14
292 14
293 14
294 14
295 14
296 14
297 14
298 14
299 14
300 15
301 15
302 15
303 15
304 15
305 15
306 15
307 15
308 15
309 15
310 15
311 15
312 15
313 15
314 15
315 15
316 15
317 15
318 15
319 15

2 1 0 0
2 0 0 0
3 0 0 0
3 1 0 0
4 1 0 0
4 3 0 0
5 4 0 0
5 3 0 0
6 3 0 0
6 2 0 0
7 3 0 0
7 0 0 0
8 4 0 0
8 2 0 0
9 2 0 0
9 5 0 0
10 3 0 0
10 4 0 0
11 6 0 0
11 4 0 0
12 11 0 0
12 7 0 0
13 7 0 0
13 0 0 0
14 11 0 0
14 3 0 0
15 10 0 0
15 7 0 0
16 8 0 0
16 5 0 0
17 6 0 0
17 8 0 0
18 16 0 0
18 15 0 0
19 10 0 0
19 7 0 0
0 15 0 0
0 12 0 0
1 8 0 0
1 18 0 0
22 21 1 1
22 20 1 1
23 21 1 1
23 20 1 1
24 20 1 1
24 21 1 1
25 22 1 1
25 21 1 1
26 22 1 1
26 20 1 1
27 24 1 1
27 21 1 1
28 20 1 1
28 27 1 1
29 26 1 1
29 22 1 1
30 26 1 1
30 25 1 1
31 22 1 1
31 23 1 1
32 25 1 1
32 31 1 1
33 28 1 1
33 20 1 1
34 24 1 1
34 25 1 1
35 33 1 1
35 20 1 1
36 29 1 1
36 28 1 1
37 24 1 1
37 30 1 1
38 26 1 1
38 35 1 1
39 24 1 1
39 34 1 1
20 32 1 1
20 39 1 1
21 28 1 1
21 30 1 1
42 40 2 2
42 41 2 2
43 40 2 2
43 42 2 2
44 40 2 2
44 41 2 2
45 42 2 2
45 43 2 2
46 45 2 2
46 40 2 2
47 40 2 2
47 43 2 2
48 40 2 2
48 47 2 2
49 40 2 2
49 46 2 2
50 45 2 2
50 47 2 2
51 40 2 2
51 43 2 2
52 41 2 2
52 50 2 2
53 46 2 2
53 45 2 2
54 40 2 2
54 53 2 2
55 44 2 2
55 51 2 2
56 41 2 2
56 54 2 2
57 50 2 2
57 53 2 2
58 54 2 2
58 53 2 2
59 50 2 2
59 45 2 2
40 56 2 2
40 57 2 2
41 50 2 2
41 48 2 2
62 60 3 3
62 61 3 3
63 60 3 3
63 61 3 3
64 63 3 3
64 61 3 3
65 60 3 3
65 61 3 3
66 64 3 3
66 63 3 3
67 63 3 3
67 61 3 3
68 63 3 3
68 66 3 3
69 68 3 3
69 61 3 3
70 60 3 3
70 67 3 3
71 69 3 3
71 61 3 3
72 61 3 3
72 63 3 3
73 64 3 3
73 69 3 3
74 69 3 3
74 71 3 3
75 66 3 3
75 68 3 3
76 69 3 3
76 65 3 3
77 60 3 3
77 63 3 3
78 69 3 3
78 60 3 3
79 63 3 3
79 69 3 3
60 76 3 3
60 69 3 3
61 78 3 3
61 70 3 3
82 80 4 4
82 81 4 4
83 81 4 4
83 82 4 4
84 81 4 4
84 80 4 4
85 80 4 4
85 84 4 4
86 83 4 4
86 82 4 4
87 80 4 4
87 81 4 4
88 80 4 4
88 87 4 4
89 87 4 4
89 82 4 4
90 80 4 4
90 87 4 4
91 85 4 4
91 82 4 4
92 84 4 4
92 86 4 4
93 90 4 4
93 84 4 4
94 82 4 4
94 80 4 4
95 90 4 4
95 81 4 4
96 91 4 4
96 94 4 4
97 82 4 4
97 93 4 4
98 93 4 4
98 86 4 4
99 82 4 4
99 95 4 4
80 98 4 4
80 93 4 4
81 96 4 4
81 99 4 4
102 101 5 5
102 100 5 5
103 102 5 5
103 101 5 5
104 102 5 5
104 101 5 5
105 104 5 5
105 103 5 5
106 102 5 5
106 101 5 5
107 100 5 5
107 104 5 5
108 100 5 5
108 106 5 5
109 105 5 5
109 106 5 5
110 107 5 5
110 102 5 5
111 101 5 5
111 102 5 5
112 110 5 5
112 109 5 5
113 101 5 5
113 110 5 5
114 100 5 5
114 101 5 5
115 106 5 5
115 107 5 5
116 100 5 5
116 115 5 5
117 112 5 5
117 107 5 5
118 107 5 5
118 103 5 5
119 108 5 5
119 102 5 5
100 104 5 5
100 111 5 5
101 107 5 5
101 119 5 5
122 120 6 6
122 121 6 6
123 122 6 6
123 120 6 6
124 123 6 6
124 121 6 6
125 122 6 6
125 123 6 6
126 122 6 6
126 123 6 6
127 122 6 6
127 125 6 6
128 124 6 6
128 126 6 6
129 122 6 6
129 127 6 6
130 123 6 6
130 120 6 6
131 122 6 6
131 126 6 6
132 130 6 6
132 123 6 6
133 128 6 6
133 126 6 6
134 127 6 6
134 123 6 6
135 126 6 6
135 128 6 6
136 123 6 6
136 133 6 6
137 122 6 6
137 130 6 6
138 121 6 6
138 128 6 6
139 121 6 6
139 126 6 6
120 136 6 6
120 127 6 6
121 134 6 6
121 130 6 6
142 141 7 7
142 140 7 7
143 141 7 7
143 140 7 7
144 143 7 7
144 140 7 7
145 144 7 7
145 142 7 7
146 142 7 7
146 144 7 7
147 142 7 7
147 143 7 7
148 145 7 7
148 147 7 7
149 147 7 7
149 148 7 7
150 144 7 7
150 146 7 7
151 144 7 7
151 140 7 7
152 142 7 7
152 148 7 7
153 144 7 7
153 152 7 7
154 142 7 7
154 140 7 7
155 149 7 7
155 153 7 7
156 155 7 7
156 147 7 7
157 140 7 7
157 141 7 7
158 141 7 7
158 142 7 7
159 149 7 7
159 141 7 7
140 145 7 7
140 147 7 7
141 147 7 7
141 152 7 7
162 161 8 8
162 160 8 8
163 162 8 8
163 161 8 8
164 163 8 8
164 160 8 8
165 160 8 8
165 164 8 8
166 165 8 8
166 163 8 8
167 161 8 8
167 162 8 8
168 161 8 8
168 167 8 8
169 161 8 8
169 162 8 8
170 168 8 8
170 164 8 8
171 165 8 8
171 163 8 8
172 168 8 8
172 164 8 8
173 163 8 8
173 161 8 8
174 166 8 8
174 170 8 8
175 162 8 8
175 161 8 8
176 172 8 8
176 163 8 8
177 170 8 8
177 168 8 8
178 167 8 8
178 171 8 8
179 168 8 8
179 162 8 8
160 170 8 8
160 166 8 8
161 172 8 8
161 179 8 8
182 180 9 9
182 181 9 9
183 180 9 9
183 182 9 9
184 182 9 9
184 181 9 9
185 181 9 9
185 182 9 9
186 185 9 9
186 181 9 9
187 186 9 9
187 184 9 9
188 184 9 9
188 181 9 9
189 186 9 9
189 182 9 9
190 186 9 9
190 185 9 9
191 186 9 9
191 181 9 9
192 180 9 9
192 190 9 9
193 182 9 9
193 183 9 9
194 184 9 9
194 185 9 9
195 190 9 9
195 185 9 9
196 188 9 9
196 189 9 9
197 191 9 9
197 185 9 9
198 187 9 9
198 182 9 9
199 181 9 9
199 185 9 9
180 193 9 9
180 199 9 9
181 197 9 9
181 192 9 9
202 201 10 10
202 200 10 10
203 200 10 10
203 201 10 10
204 202 10 10
204 203 10 10
205 202 10 10
205 204 10 10
206 203 10 10
206 204 10 10
207 205 10 10
207 202 10 10
208 200 10 10
208 204 10 10
209 201 10 10
209 206 10 10
210 209 10 10
210 202 10 10
211 209 10 10
211 200 10 10
212 207 10 10
212 204 10 10
213 201 10 10
213 212 10 10
214 210 10 10
214 205 10 10
215 202 10 10
215 206 10 10
216 201 10 10
216 206 10 10
217 203 10 10
217 202 10 10
218 206 10 10
218 207 10 10
219 205 10 10
219 218 10 10
200 212 10 10
200 213 10 10
201 218 10 10
201 219 10 10
222 221 11 11
222 220 11 11
223 221 11 11
223 220 11 11
224 223 11 11
224 221 11 11
225 220 11 11
225 221 11 11
226 225 11 11
226 224 11 11
227 223 11 11
227 225 11 11
228 223 11 11
228 221 11 11
229 223 11 11
229 225 11 11
230 228 11 11
230 227 11 11
231 230 11 11
231 221 11 11
232 231 11 11
232 228 11 11
233 220 11 11
233 224 11 11
234 233 11 11
234 230 11 11
235 226 11 11
235 225 11 11
236 224 11 11
236 221 11 11
237 231 11 11
237 223 11 11
238 231 11 11
238 226 11 11
239 227 11 11
239 233 11 11
220 226 11 11
220 237 11 11
221 237 11 11
221 233 11 11
242 240 12 12
242 241 12 12
243 240 12 12
243 242 12 12
244 240 12 12
244 243 12 12
245 244 12 12
245 243 12 12
246 244 12 12
246 245 12 12
247 242 12 12
247 243 12 12
248 243 12 12
248 244 12 12
249 247 12 12
249 243 12 12
250 245 12 12
250 244 12 12
251 245 12 12
251 246 12 12
252 241 12 12
252 243 12 12
253 248 12 12
253 240 12 12
254 240 12 12
254 245 12 12
255 252 12 12
255 251 12 12
256 254 12 12
256 247 12 12
257 252 12 12
257 256 12 12
258 244 12 12
258 251 12 12
259 247 12 12
259 243 12 12
240 245 12 12
240 250 12 12
241 254 12 12
241 243 12 12
262 261 13 13
262 260 13 13
263 261 13 13
263 262 13 13
264 261 13 13
264 260 13 13
265 260 13 13
265 261 13 13
266 261 13 13
266 263 13 13
267 266 13 13
267 261 13 13
268 264 13 13
268 260 13 13
269 260 13 13
269 262 13 13
270 264 13 13
270 269 13 13
271 264 13 13
271 262 13 13
272 267 13 13
272 265 13 13
273 263 13 13
273 272 13 13
274 264 13 13
274 267 13 13
275 272 13 13
275 268 13 13
276 274 13 13
276 267 13 13
277 265 13 13
277 269 13 13
278 268 13 13
278 271 13 13
279 272 13 13
279 261 13 13
260 272 13 13
260 276 13 13
261 268 13 13
261 277 13 13
282 281 14 14
282 280 14 14
283 281 14 14
283 280 14 14
284 280 14 14
284 282 14 14
285 282 14 14
285 281 14 14
286 284 14 14
286 280 14 14
287 283 14 14
287 282 14 14
288 285 14 14
288 287 14 14
289 283 14 14
289 284 14 14
290 283 14 14
290 281 14 14
291 280 14 14
291 289 14 14
292 288 14 14
292 291 14 14
293 288 14 14
293 287 14 14
294 287 14 14
294 286 14 14
295 287 14 14
295 291 14 14
296 281 14 14
296 280 14 14
297 284 14 14
297 293 14 14
298 284 14 14
298 293 14 14
299 282 14 14
299 284 14 14
280 294 14 14
280 295 14 14
281 297 14 14
281 288 14 14
302 300 15 15
302 301 15 15
303 301 15 15
303 300 15 15
304 300 15 15
304 301 15 15
305 304 15 15
305 302 15 15
306 304 15 15
306 303 15 15
307 300 15 15
307 306 15 15
308 305 15 15
308 300 15 15
309 304 15 15
309 307 15 15
310 305 15 15
310 304 15 15
311 305 15 15
311 300 15 15
312 304 15 15
312 302 15 15
313 304 15 15
313 302 15 15
314 305 15 15
314 312 15 15
315 300 15 15
315 308 15 15
316 304 15 15
316 308 15 15
317 306 15 15
317 307 15 15
318 304 15 15
318 309 15 15
319 309 15 15
319 307 15 15
300 312 15 15
300 318 15 15
301 308 15 15
301 307 15 15
47 14 2 0
57 31 2 1
78 20 3 1
74 5 3 0
92 14 4 0
86 26 4 1
100 1 5 0
114 55 5 2
137 11 6 0
125 85 6 4
142 91 7 4
143 62 7 3
178 0 8 0
178 85 8 4
191 12 9 0
188 32 9 1
204 89 10 4
212 159 10 7
228 176 11 8
227 156 11 7
247 45 12 2
259 138 12 6
272 132 13 6
275 73 13 3
293 9 14 0
285 139 14 6
311 99 15 4
300 167 15 8
6 240 0 12
3 273 0 13
27 240 1 12
36 126 1 6
