swNum = 320
edgeNum = 672

0 0
1 0
2 0
3 0
4 0
5 0
6 0
7 0
8 0
9 0
10 0
11 0
12 0
13 0
14 0
15 0
16 0
17 0
18 0
19 0
20 1
21 1
22 1
23 1
24 1
25 1
26 1
27 1
28 1
29 1
30 1
31 1
32 1
33 1
34 1
35 1
36 1
37 1
38 1
39 1
40 2
41 2
42 2
43 2
44 2
45 2
46 2
47 2
48 2
49 2
50 2
51 2
52 2
53 2
54 2
55 2
56 2
57 2
58 2
59 2
60 3
61 3
62 3
63 3
64 3
65 3
66 3
67 3
68 3
69 3
70 3
71 3
72 3
73 3
74 3
75 3
76 3
77 3
78 3
79 3
80 4
81 4
82 4
83 4
84 4
85 4
86 4
87 4
88 4
89 4
90 4
91 4
92 4
93 4
94 4
95 4
96 4
97 4
98 4
99 4
100 5
101 5
102 5
103 5
104 5
105 5
106 5
107 5
108 5
109 5
110 5
111 5
112 5
113 5
114 5
115 5
116 5
117 5
118 5
119 5
120 6
121 6
122 6
123 6
124 6
125 6
126 6
127 6
128 6
129 6
130 6
131 6
132 6
133 6
134 6
135 6
136 6
137 6
138 6
139 6
140 7
141 7
142 7
143 7
144 7
145 7
146 7
147 7
148 7
149 7
150 7
151 7
152 7
153 7
154 7
155 7
156 7
157 7
158 7
159 7
160 8
161 8
162 8
163 8
164 8
165 8
166 8
167 8
168 8
169 8
170 8
171 8
172 8
173 8
174 8
175 8
176 8
177 8
178 8
179 8
180 9
181 9
182 9
183 9
184 9
185 9
186 9
187 9
188 9
189 9
190 9
191 9
192 9
193 9
194 9
195 9
196 9
197 9
198 9
199 9
200 10
201 10
202 10
203 10
204 10
205 10
206 10
207 10
208 10
209 10
210 10
211 10
212 10
213 10
214 10
215 10
216 10
217 10
218 10
219 10
220 11
221 11
222 11
223 11
224 11
225 11
226 11
227 11
228 11
229 11
230 11
231 11
232 11
233 11
234 11
235 11
236 11
237 11
238 11
239 11
240 12
241 12
242 12
243 12
244 12
245 12
246 12
247 12
248 12
249 12
250 12
251 12
252 12
253 12
254 12
255 12
256 12
257 12
258 12
259 12
260 13
261 13
262 13
263 13
264 13
265 13
266 13
267 13
268 13
269 13
270 13
271 13
272 13
273 13
274 13
275 13
276 13
277 13
278 13
279 13
280 14
281 14
282 14
283 14
284 14
285 14
286 14
287 14
288 14
289 14
290 14
291 14
292 14
293 14
294 14
295 14
296 14
297 14
298 14
299 14
300 15
301 15
302 15
303 15
304 15
305 15
306 15
307 15
308 15
309 15
310 15
311 15
312 15
313 15
314 15
315 15
316 15
317 15
318 15
319 15

2 1 0 0
2 0 0 0
3 1 0 0
3 0 0 0
4 3 0 0
4 1 0 0
5 3 0 0
5 0 0 0
6 0 0 0
6 5 0 0
7 4 0 0
7 6 0 0
8 5 0 0
8 1 0 0
9 1 0 0
9 6 0 0
10 8 0 0
10 3 0 0
11 4 0 0
11 5 0 0
12 9 0 0
12 4 0 0
13 10 0 0
13 6 0 0
14 1 0 0
14 7 0 0
15 7 0 0
15 1 0 0
16 1 0 0
16 2 0 0
17 9 0 0
17 6 0 0
18 4 0 0
18 9 0 0
19 14 0 0
19 6 0 0
0 10 0 0
0 17 0 0
1 13 0 0
1 17 0 0
22 20 1 1
22 21 1 1
23 20 1 1
23 21 1 1
24 23 1 1
24 21 1 1
25 22 1 1
25 23 1 1
26 24 1 1
26 23 1 1
27 24 1 1
27 26 1 1
28 25 1 1
28 21 1 1
29 24 1 1
29 26 1 1
30 29 1 1
30 21 1 1
31 23 1 1
31 22 1 1
32 21 1 1
32 20 1 1
33 23 1 1
33 26 1 1
34 29 1 1
34 27 1 1
35 26 1 1
35 23 1 1
36 32 1 1
36 33 1 1
37 23 1 1
37 30 1 1
38 28 1 1
38 24 1 1
39 36 1 1
39 22 1 1
20 35 1 1
20 36 1 1
21 31 1 1
21 36 1 1
42 41 2 2
42 40 2 2
43 42 2 2
43 40 2 2
44 41 2 2
44 42 2 2
45 40 2 2
45 42 2 2
46 45 2 2
46 42 2 2
47 44 2 2
47 42 2 2
48 46 2 2
48 41 2 2
49 44 2 2
49 42 2 2
50 42 2 2
50 43 2 2
51 49 2 2
51 47 2 2
52 42 2 2
52 50 2 2
53 46 2 2
53 40 2 2
54 40 2 2
54 53 2 2
55 49 2 2
55 50 2 2
56 44 2 2
56 41 2 2
57 47 2 2
57 51 2 2
58 44 2 2
58 56 2 2
59 45 2 2
59 51 2 2
40 55 2 2
40 47 2 2
41 53 2 2
41 50 2 2
62 60 3 3
62 61 3 3
63 62 3 3
63 60 3 3
64 62 3 3
64 63 3 3
65 63 3 3
65 64 3 3
66 65 3 3
66 64 3 3
67 63 3 3
67 61 3 3
68 66 3 3
68 67 3 3
69 62 3 3
69 65 3 3
70 62 3 3
70 68 3 3
71 63 3 3
71 68 3 3
72 67 3 3
72 71 3 3
73 63 3 3
73 70 3 3
74 71 3 3
74 64 3 3
75 74 3 3
75 66 3 3
76 71 3 3
76 69 3 3
77 65 3 3
77 63 3 3
78 63 3 3
78 60 3 3
79 72 3 3
79 69 3 3
60 79 3 3
60 66 3 3
61 66 3 3
61 69 3 3
82 81 4 4
82 80 4 4
83 82 4 4
83 81 4 4
84 82 4 4
84 81 4 4
85 84 4 4
85 82 4 4
86 80 4 4
86 84 4 4
87 84 4 4
87 81 4 4
88 83 4 4
88 80 4 4
89 81 4 4
89 85 4 4
90 84 4 4
90 85 4 4
91 81 4 4
91 86 4 4
92 81 4 4
92 90 4 4
93 88 4 4
93 81 4 4
94 83 4 4
94 93 4 4
95 87 4 4
95 92 4 4
96 91 4 4
96 87 4 4
97 88 4 4
97 83 4 4
98 89 4 4
98 82 4 4
99 83 4 4
99 88 4 4
80 83 4 4
80 85 4 4
81 98 4 4
81 95 4 4
102 100 5 5
102 101 5 5
103 101 5 5
103 102 5 5
104 103 5 5
104 102 5 5
105 103 5 5
105 101 5 5
106 104 5 5
106 103 5 5
107 101 5 5
107 106 5 5
108 104 5 5
108 101 5 5
109 106 5 5
109 108 5 5
110 109 5 5
110 106 5 5
111 100 5 5
111 104 5 5
112 110 5 5
112 109 5 5
113 111 5 5
113 108 5 5
114 101 5 5
114 109 5 5
115 105 5 5
115 112 5 5
116 105 5 5
116 101 5 5
117 110 5 5
117 109 5 5
118 111 5 5
118 102 5 5
119 112 5 5
119 108 5 5
100 104 5 5
100 108 5 5
101 112 5 5
101 117 5 5
122 121 6 6
122 120 6 6
123 121 6 6
123 120 6 6
124 122 6 6
124 121 6 6
125 123 6 6
125 122 6 6
126 120 6 6
126 121 6 6
127 126 6 6
127 122 6 6
128 121 6 6
128 127 6 6
129 123 6 6
129 122 6 6
130 127 6 6
130 120 6 6
131 120 6 6
131 125 6 6
132 128 6 6
132 126 6 6
133 130 6 6
133 127 6 6
134 127 6 6
134 124 6 6
135 126 6 6
135 127 6 6
136 128 6 6
136 133 6 6
137 125 6 6
137 136 6 6
138 137 6 6
138 125 6 6
139 136 6 6
139 133 6 6
120 139 6 6
120 125 6 6
121 127 6 6
121 135 6 6
142 141 7 7
142 140 7 7
143 141 7 7
143 142 7 7
144 141 7 7
144 143 7 7
145 140 7 7
145 142 7 7
146 140 7 7
146 145 7 7
147 140 7 7
147 146 7 7
148 147 7 7
148 140 7 7
149 147 7 7
149 146 7 7
150 142 7 7
150 144 7 7
151 141 7 7
151 144 7 7
152 151 7 7
152 148 7 7
153 148 7 7
153 144 7 7
154 152 7 7
154 140 7 7
155 150 7 7
155 144 7 7
156 146 7 7
156 152 7 7
157 151 7 7
157 141 7 7
158 153 7 7
158 145 7 7
159 154 7 7
159 141 7 7
140 156 7 7
140 158 7 7
141 149 7 7
141 153 7 7
162 160 8 8
162 161 8 8
163 160 8 8
163 161 8 8
164 163 8 8
164 160 8 8
165 162 8 8
165 161 8 8
166 162 8 8
166 164 8 8
167 166 8 8
167 162 8 8
168 166 8 8
168 162 8 8
169 164 8 8
169 161 8 8
170 160 8 8
170 162 8 8
171 167 8 8
171 160 8 8
172 165 8 8
172 168 8 8
173 160 8 8
173 162 8 8
174 170 8 8
174 173 8 8
175 167 8 8
175 171 8 8
176 161 8 8
176 173 8 8
177 162 8 8
177 176 8 8
178 169 8 8
178 173 8 8
179 162 8 8
179 171 8 8
160 174 8 8
160 178 8 8
161 172 8 8
161 164 8 8
182 181 9 9
182 180 9 9
183 180 9 9
183 182 9 9
184 183 9 9
184 181 9 9
185 181 9 9
185 180 9 9
186 180 9 9
186 185 9 9
187 185 9 9
187 181 9 9
188 182 9 9
188 187 9 9
189 187 9 9
189 185 9 9
190 180 9 9
190 183 9 9
191 180 9 9
191 183 9 9
192 182 9 9
192 191 9 9
193 181 9 9
193 180 9 9
194 180 9 9
194 183 9 9
195 184 9 9
195 183 9 9
196 182 9 9
196 192 9 9
197 190 9 9
197 185 9 9
198 195 9 9
198 187 9 9
199 189 9 9
199 185 9 9
180 184 9 9
180 197 9 9
181 199 9 9
181 190 9 9
202 200 10 10
202 201 10 10
203 201 10 10
203 200 10 10
204 201 10 10
204 203 10 10
205 201 10 10
205 200 10 10
206 201 10 10
206 205 10 10
207 202 10 10
207 201 10 10
208 201 10 10
208 204 10 10
209 206 10 10
209 203 10 10
210 201 10 10
210 205 10 10
211 207 10 10
211 210 10 10
212 210 10 10
212 205 10 10
213 202 10 10
213 203 10 10
214 209 10 10
214 200 10 10
215 203 10 10
215 202 10 10
216 210 10 10
216 208 10 10
217 215 10 10
217 213 10 10
218 212 10 10
218 209 10 10
219 206 10 10
219 208 10 10
200 208 10 10
200 217 10 10
201 214 10 10
201 209 10 10
222 221 11 11
222 220 11 11
223 222 11 11
223 221 11 11
224 223 11 11
224 220 11 11
225 221 11 11
225 222 11 11
226 222 11 11
226 225 11 11
227 222 11 11
227 221 11 11
228 227 11 11
228 224 11 11
229 223 11 11
229 221 11 11
230 224 11 11
230 229 11 11
231 221 11 11
231 227 11 11
232 221 11 11
232 227 11 11
233 229 11 11
233 226 11 11
234 221 11 11
234 223 11 11
235 229 11 11
235 231 11 11
236 221 11 11
236 220 11 11
237 222 11 11
237 229 11 11
238 220 11 11
238 221 11 11
239 238 11 11
239 224 11 11
220 233 11 11
220 227 11 11
221 226 11 11
221 228 11 11
242 240 12 12
242 241 12 12
243 241 12 12
243 240 12 12
244 243 12 12
244 242 12 12
245 241 12 12
245 243 12 12
246 240 12 12
246 242 12 12
247 246 12 12
247 245 12 12
248 242 12 12
248 244 12 12
249 245 12 12
249 241 12 12
250 244 12 12
250 241 12 12
251 246 12 12
251 248 12 12
252 250 12 12
252 251 12 12
253 246 12 12
253 247 12 12
254 241 12 12
254 245 12 12
255 245 12 12
255 253 12 12
256 255 12 12
256 241 12 12
257 249 12 12
257 250 12 12
258 248 12 12
258 253 12 12
259 247 12 12
259 255 12 12
240 259 12 12
240 245 12 12
241 259 12 12
241 257 12 12
262 260 13 13
262 261 13 13
263 260 13 13
263 262 13 13
264 263 13 13
264 262 13 13
265 263 13 13
265 260 13 13
266 263 13 13
266 261 13 13
267 262 13 13
267 265 13 13
268 266 13 13
268 264 13 13
269 268 13 13
269 263 13 13
270 269 13 13
270 266 13 13
271 264 13 13
271 262 13 13
272 270 13 13
272 269 13 13
273 269 13 13
273 272 13 13
274 260 13 13
274 271 13 13
275 260 13 13
275 272 13 13
276 271 13 13
276 275 13 13
277 268 13 13
277 261 13 13
278 268 13 13
278 269 13 13
279 261 13 13
279 278 13 13
260 278 13 13
260 267 13 13
261 268 13 13
261 278 13 13
282 280 14 14
282 281 14 14
283 280 14 14
283 282 14 14
284 282 14 14
284 283 14 14
285 281 14 14
285 282 14 14
286 280 14 14
286 282 14 14
287 282 14 14
287 280 14 14
288 285 14 14
288 286 14 14
289 280 14 14
289 285 14 14
290 280 14 14
290 282 14 14
291 290 14 14
291 287 14 14
292 280 14 14
292 291 14 14
293 286 14 14
293 284 14 14
294 288 14 14
294 286 14 14
295 287 14 14
295 293 14 14
296 293 14 14
296 285 14 14
297 283 14 14
297 296 14 14
298 285 14 14
298 283 14 14
299 298 14 14
299 282 14 14
280 291 14 14
280 297 14 14
281 293 14 14
281 288 14 14
302 300 15 15
302 301 15 15
303 302 15 15
303 300 15 15
304 303 15 15
304 300 15 15
305 302 15 15
305 301 15 15
306 302 15 15
306 301 15 15
307 305 15 15
307 302 15 15
308 302 15 15
308 304 15 15
309 302 15 15
309 308 15 15
310 309 15 15
310 308 15 15
311 306 15 15
311 310 15 15
312 308 15 15
312 302 15 15
313 302 15 15
313 305 15 15
314 305 15 15
314 313 15 15
315 303 15 15
315 304 15 15
316 311 15 15
316 303 15 15
317 311 15 15
317 303 15 15
318 316 15 15
318 303 15 15
319 300 15 15
319 309 15 15
300 318 15 15
300 305 15 15
301 318 15 15
301 304 15 15
53 34 2 1
44 19 2 0
77 7 3 0
62 23 3 1
96 1 4 0
95 30 4 1
116 37 5 1
101 91 5 4
125 37 6 1
120 78 6 3
149 60 7 3
159 103 7 5
168 60 8 3
177 81 8 4
192 91 9 4
192 164 9 8
212 99 10 4
204 127 10 6
233 103 11 5
228 74 11 3
258 83 12 4
256 232 12 11
270 126 13 6
266 146 13 7
290 255 14 12
294 218 14 10
319 122 15 6
303 155 15 7
1 319 0 15
1 265 0 13
36 141 1 7
28 198 1 9
