swNum = 320
edgeNum = 672

0 0
1 0
2 0
3 0
4 0
5 0
6 0
7 0
8 0
9 0
10 0
11 0
12 0
13 0
14 0
15 0
16 0
17 0
18 0
19 0
20 1
21 1
22 1
23 1
24 1
25 1
26 1
27 1
28 1
29 1
30 1
31 1
32 1
33 1
34 1
35 1
36 1
37 1
38 1
39 1
40 2
41 2
42 2
43 2
44 2
45 2
46 2
47 2
48 2
49 2
50 2
51 2
52 2
53 2
54 2
55 2
56 2
57 2
58 2
59 2
60 3
61 3
62 3
63 3
64 3
65 3
66 3
67 3
68 3
69 3
70 3
71 3
72 3
73 3
74 3
75 3
76 3
77 3
78 3
79 3
80 4
81 4
82 4
83 4
84 4
85 4
86 4
87 4
88 4
89 4
90 4
91 4
92 4
93 4
94 4
95 4
96 4
97 4
98 4
99 4
100 5
101 5
102 5
103 5
104 5
105 5
106 5
107 5
108 5
109 5
110 5
111 5
112 5
113 5
114 5
115 5
116 5
117 5
118 5
119 5
120 6
121 6
122 6
123 6
124 6
125 6
126 6
127 6
128 6
129 6
130 6
131 6
132 6
133 6
134 6
135 6
136 6
137 6
138 6
139 6
140 7
141 7
142 7
143 7
144 7
145 7
146 7
147 7
148 7
149 7
150 7
151 7
152 7
153 7
154 7
155 7
156 7
157 7
158 7
159 7
160 8
161 8
162 8
163 8
164 8
165 8
166 8
167 8
168 8
169 8
170 8
171 8
172 8
173 8
174 8
175 8
176 8
177 8
178 8
179 8
180 9
181 9
182 9
183 9
184 9
185 9
186 9
187 9
188 9
189 9
190 9
191 9
192 9
193 9
194 9
195 9
196 9
197 9
198 9
199 9
200 10
201 10
202 10
203 10
204 10
205 10
206 10
207 10
208 10
209 10
210 10
211 10
212 10
213 10
214 10
215 10
216 10
217 10
218 10
219 10
220 11
221 11
222 11
223 11
224 11
225 11
226 11
227 11
228 11
229 11
230 11
231 11
232 11
233 11
234 11
235 11
236 11
237 11
238 11
239 11
240 12
241 12
242 12
243 12
244 12
245 12
246 12
247 12
248 12
249 12
250 12
251 12
252 12
253 12
254 12
255 12
256 12
257 12
258 12
259 12
260 13
261 13
262 13
263 13
264 13
265 13
266 13
267 13
268 13
269 13
270 13
271 13
272 13
273 13
274 13
275 13
276 13
277 13
278 13
279 13
280 14
281 14
282 14
283 14
284 14
285 14
286 14
287 14
288 14
289 14
290 14
291 14
292 14
293 14
294 14
295 14
296 14
297 14
298 14
299 14
300 15
301 15
302 15
303 15
304 15
305 15
306 15
307 15
308 15
309 15
310 15
311 15
312 15
313 15
314 15
315 15
316 15
317 15
318 15
319 15

2 0 0 0
2 1 0 0
3 0 0 0
3 1 0 0
4 0 0 0
4 1 0 0
5 1 0 0
5 4 0 0
6 2 0 0
6 4 0 0
7 0 0 0
7 5 0 0
8 5 0 0
8 2 0 0
9 6 0 0
9 8 0 0
10 3 0 0
10 4 0 0
11 10 0 0
11 3 0 0
12 10 0 0
12 1 0 0
13 10 0 0
13 11 0 0
14 3 0 0
14 0 0 0
15 2 0 0
15 12 0 0
16 12 0 0
16 11 0 0
17 13 0 0
17 7 0 0
18 15 0 0
18 13 0 0
19 7 0 0
19 2 0 0
0 8 0 0
0 5 0 0
1 19 0 0
1 8 0 0
22 21 1 1
22 20 1 1
23 20 1 1
23 22 1 1
24 21 1 1
24 22 1 1
25 21 1 1
25 22 1 1
26 24 1 1
26 22 1 1
27 26 1 1
27 23 1 1
28 24 1 1
28 23 1 1
29 25 1 1
29 24 1 1
30 28 1 1
30 24 1 1
31 29 1 1
31 21 1 1
32 25 1 1
32 31 1 1
33 30 1 1
33 20 1 1
34 23 1 1
34 30 1 1
35 24 1 1
35 26 1 1
36 32 1 1
36 21 1 1
37 24 1 1
37 30 1 1
38 23 1 1
38 24 1 1
39 35 1 1
39 26 1 1
20 37 1 1
20 39 1 1
21 34 1 1
21 32 1 1
42 41 2 2
42 40 2 2
43 42 2 2
43 40 2 2
44 40 2 2
44 43 2 2
45 43 2 2
45 42 2 2
46 42 2 2
46 40 2 2
47 45 2 2
47 40 2 2
48 42 2 2
48 47 2 2
49 48 2 2
49 41 2 2
50 48 2 2
50 40 2 2
51 45 2 2
51 42 2 2
52 45 2 2
52 50 2 2
53 47 2 2
53 46 2 2
54 48 2 2
54 46 2 2
55 44 2 2
55 50 2 2
56 42 2 2
56 52 2 2
57 46 2 2
57 53 2 2
58 40 2 2
58 48 2 2
59 52 2 2
59 56 2 2
40 48 2 2
40 59 2 2
41 45 2 2
41 54 2 2
62 61 3 3
62 60 3 3
63 62 3 3
63 61 3 3
64 63 3 3
64 60 3 3
65 61 3 3
65 62 3 3
66 61 3 3
66 63 3 3
67 64 3 3
67 65 3 3
68 65 3 3
68 66 3 3
69 68 3 3
69 61 3 3
70 66 3 3
70 61 3 3
71 61 3 3
71 65 3 3
72 68 3 3
72 61 3 3
73 67 3 3
73 70 3 3
74 66 3 3
74 62 3 3
75 69 3 3
75 71 3 3
76 65 3 3
76 69 3 3
77 62 3 3
77 75 3 3
78 61 3 3
78 70 3 3
79 78 3 3
79 61 3 3
60 67 3 3
60 68 3 3
61 73 3 3
61 68 3 3
82 80 4 4
82 81 4 4
83 82 4 4
83 81 4 4
84 80 4 4
84 82 4 4
85 84 4 4
85 80 4 4
86 83 4 4
86 84 4 4
87 82 4 4
87 80 4 4
88 82 4 4
88 87 4 4
89 83 4 4
89 86 4 4
90 84 4 4
90 81 4 4
91 90 4 4
91 87 4 4
92 86 4 4
92 85 4 4
93 85 4 4
93 80 4 4
94 87 4 4
94 91 4 4
95 80 4 4
95 84 4 4
96 95 4 4
96 80 4 4
97 93 4 4
97 86 4 4
98 90 4 4
98 80 4 4
99 90 4 4
99 91 4 4
80 86 4 4
80 97 4 4
81 93 4 4
81 94 4 4
102 101 5 5
102 100 5 5
103 100 5 5
103 101 5 5
104 100 5 5
104 103 5 5
105 102 5 5
105 100 5 5
106 103 5 5
106 104 5 5
107 106 5 5
107 103 5 5
108 105 5 5
108 107 5 5
109 108 5 5
109 105 5 5
110 105 5 5
110 103 5 5
111 100 5 5
111 110 5 5
112 104 5 5
112 103 5 5
113 103 5 5
113 112 5 5
114 112 5 5
114 102 5 5
115 105 5 5
115 106 5 5
116 114 5 5
116 101 5 5
117 102 5 5
117 113 5 5
118 112 5 5
118 100 5 5
119 100 5 5
119 116 5 5
100 116 5 5
100 107 5 5
101 104 5 5
101 115 5 5
122 121 6 6
122 120 6 6
123 120 6 6
123 121 6 6
124 120 6 6
124 123 6 6
125 123 6 6
125 121 6 6
126 120 6 6
126 121 6 6
127 126 6 6
127 121 6 6
128 125 6 6
128 124 6 6
129 122 6 6
129 121 6 6
130 129 6 6
130 122 6 6
131 121 6 6
131 129 6 6
132 124 6 6
132 128 6 6
133 131 6 6
133 122 6 6
134 125 6 6
134 131 6 6
135 127 6 6
135 123 6 6
136 128 6 6
136 133 6 6
137 122 6 6
137 127 6 6
138 137 6 6
138 120 6 6
139 123 6 6
139 137 6 6
120 125 6 6
120 128 6 6
121 134 6 6
121 133 6 6
142 140 7 7
142 141 7 7
143 142 7 7
143 141 7 7
144 141 7 7
144 142 7 7
145 142 7 7
145 143 7 7
146 144 7 7
146 141 7 7
147 143 7 7
147 140 7 7
148 142 7 7
148 145 7 7
149 144 7 7
149 142 7 7
150 144 7 7
150 145 7 7
151 149 7 7
151 142 7 7
152 146 7 7
152 147 7 7
153 151 7 7
153 140 7 7
154 150 7 7
154 151 7 7
155 148 7 7
155 153 7 7
156 142 7 7
156 146 7 7
157 144 7 7
157 149 7 7
158 143 7 7
158 141 7 7
159 143 7 7
159 146 7 7
140 155 7 7
140 154 7 7
141 154 7 7
141 157 7 7
162 160 8 8
162 161 8 8
163 161 8 8
163 160 8 8
164 160 8 8
164 163 8 8
165 164 8 8
165 163 8 8
166 164 8 8
166 165 8 8
167 166 8 8
167 160 8 8
168 167 8 8
168 165 8 8
169 165 8 8
169 160 8 8
170 164 8 8
170 162 8 8
171 160 8 8
171 170 8 8
172 168 8 8
172 167 8 8
173 165 8 8
173 169 8 8
174 165 8 8
174 163 8 8
175 174 8 8
175 171 8 8
176 168 8 8
176 166 8 8
177 161 8 8
177 167 8 8
178 174 8 8
178 163 8 8
179 163 8 8
179 171 8 8
160 168 8 8
160 166 8 8
161 171 8 8
161 179 8 8
182 181 9 9
182 180 9 9
183 182 9 9
183 180 9 9
184 181 9 9
184 180 9 9
185 182 9 9
185 183 9 9
186 181 9 9
186 183 9 9
187 184 9 9
187 180 9 9
188 184 9 9
188 183 9 9
189 185 9 9
189 182 9 9
190 182 9 9
190 185 9 9
191 190 9 9
191 181 9 9
192 188 9 9
192 187 9 9
193 184 9 9
193 189 9 9
194 188 9 9
194 182 9 9
195 184 9 9
195 180 9 9
196 184 9 9
196 183 9 9
197 180 9 9
197 188 9 9
198 192 9 9
198 184 9 9
199 194 9 9
199 188 9 9
180 192 9 9
180 193 9 9
181 193 9 9
181 189 9 9
202 201 10 10
202 200 10 10
203 201 10 10
203 202 10 10
204 202 10 10
204 201 10 10
205 200 10 10
205 202 10 10
206 200 10 10
206 204 10 10
207 201 10 10
207 205 10 10
208 201 10 10
208 207 10 10
209 205 10 10
209 207 10 10
210 200 10 10
210 207 10 10
211 203 10 10
211 205 10 10
212 200 10 10
212 205 10 10
213 210 10 10
213 209 10 10
214 206 10 10
214 205 10 10
215 206 10 10
215 211 10 10
216 210 10 10
216 206 10 10
217 200 10 10
217 211 10 10
218 211 10 10
218 204 10 10
219 214 10 10
219 216 10 10
200 214 10 10
200 211 10 10
201 218 10 10
201 215 10 10
222 221 11 11
222 220 11 11
223 221 11 11
223 222 11 11
224 221 11 11
224 223 11 11
225 223 11 11
225 224 11 11
226 222 11 11
226 220 11 11
227 220 11 11
227 221 11 11
228 225 11 11
228 224 11 11
229 225 11 11
229 223 11 11
230 223 11 11
230 221 11 11
231 222 11 11
231 221 11 11
232 228 11 11
232 225 11 11
233 221 11 11
233 220 11 11
234 222 11 11
234 223 11 11
235 233 11 11
235 234 11 11
236 232 11 11
236 226 11 11
237 231 11 11
237 223 11 11
238 220 11 11
238 231 11 11
239 231 11 11
239 228 11 11
220 235 11 11
220 239 11 11
221 225 11 11
221 229 11 11
242 240 12 12
242 241 12 12
243 242 12 12
243 240 12 12
244 243 12 12
244 242 12 12
245 240 12 12
245 242 12 12
246 240 12 12
246 243 12 12
247 241 12 12
247 243 12 12
248 243 12 12
248 246 12 12
249 246 12 12
249 248 12 12
250 248 12 12
250 249 12 12
251 242 12 12
251 249 12 12
252 240 12 12
252 243 12 12
253 243 12 12
253 240 12 12
254 243 12 12
254 247 12 12
255 241 12 12
255 244 12 12
256 247 12 12
256 249 12 12
257 244 12 12
257 254 12 12
258 242 12 12
258 246 12 12
259 253 12 12
259 245 12 12
240 259 12 12
240 250 12 12
241 259 12 12
241 245 12 12
262 260 13 13
262 261 13 13
263 260 13 13
263 261 13 13
264 263 13 13
264 262 13 13
265 263 13 13
265 260 13 13
266 261 13 13
266 265 13 13
267 264 13 13
267 266 13 13
268 267 13 13
268 260 13 13
269 262 13 13
269 263 13 13
270 265 13 13
270 267 13 13
271 260 13 13
271 265 13 13
272 267 13 13
272 262 13 13
273 265 13 13
273 266 13 13
274 263 13 13
274 269 13 13
275 269 13 13
275 264 13 13
276 267 13 13
276 262 13 13
277 275 13 13
277 267 13 13
278 267 13 13
278 272 13 13
279 272 13 13
279 274 13 13
260 267 13 13
260 270 13 13
261 265 13 13
261 271 13 13
282 280 14 14
282 281 14 14
283 280 14 14
283 281 14 14
284 280 14 14
284 282 14 14
285 283 14 14
285 281 14 14
286 284 14 14
286 281 14 14
287 283 14 14
287 281 14 14
288 280 14 14
288 283 14 14
289 286 14 14
289 282 14 14
290 286 14 14
290 283 14 14
291 290 14 14
291 281 14 14
292 287 14 14
292 283 14 14
293 282 14 14
293 289 14 14
294 289 14 14
294 293 14 14
295 294 14 14
295 290 14 14
296 294 14 14
296 289 14 14
297 284 14 14
297 286 14 14
298 295 14 14
298 285 14 14
299 296 14 14
299 295 14 14
280 297 14 14
280 299 14 14
281 298 14 14
281 296 14 14
302 301 15 15
302 300 15 15
303 300 15 15
303 301 15 15
304 301 15 15
304 302 15 15
305 304 15 15
305 301 15 15
306 302 15 15
306 303 15 15
307 303 15 15
307 304 15 15
308 303 15 15
308 304 15 15
309 302 15 15
309 304 15 15
310 309 15 15
310 300 15 15
311 304 15 15
311 300 15 15
312 308 15 15
312 304 15 15
313 300 15 15
313 302 15 15
314 304 15 15
314 312 15 15
315 311 15 15
315 310 15 15
316 302 15 15
316 315 15 15
317 300 15 15
317 315 15 15
318 313 15 15
318 312 15 15
319 309 15 15
319 318 15 15
300 306 15 15
300 315 15 15
301 318 15 15
301 311 15 15
43 7 2 0
47 27 2 1
65 24 3 1
62 42 3 2
95 26 4 1
84 13 4 0
102 28 5 1
119 42 5 2
139 113 6 5
134 14 6 0
145 126 7 6
140 72 7 3
168 0 8 0
166 43 8 2
192 177 9 8
197 85 9 4
214 125 10 6
211 13 10 0
228 185 11 9
225 22 11 1
246 200 12 10
247 42 12 2
269 64 13 3
265 236 13 11
293 268 14 13
299 196 14 9
300 232 15 11
312 103 15 5
5 108 0 5
5 197 0 9
29 309 1 15
31 133 1 6
