swNum = 320
edgeNum = 672

0 0
1 0
2 0
3 0
4 0
5 0
6 0
7 0
8 0
9 0
10 0
11 0
12 0
13 0
14 0
15 0
16 0
17 0
18 0
19 0
20 1
21 1
22 1
23 1
24 1
25 1
26 1
27 1
28 1
29 1
30 1
31 1
32 1
33 1
34 1
35 1
36 1
37 1
38 1
39 1
40 2
41 2
42 2
43 2
44 2
45 2
46 2
47 2
48 2
49 2
50 2
51 2
52 2
53 2
54 2
55 2
56 2
57 2
58 2
59 2
60 3
61 3
62 3
63 3
64 3
65 3
66 3
67 3
68 3
69 3
70 3
71 3
72 3
73 3
74 3
75 3
76 3
77 3
78 3
79 3
80 4
81 4
82 4
83 4
84 4
85 4
86 4
87 4
88 4
89 4
90 4
91 4
92 4
93 4
94 4
95 4
96 4
97 4
98 4
99 4
100 5
101 5
102 5
103 5
104 5
105 5
106 5
107 5
108 5
109 5
110 5
111 5
112 5
113 5
114 5
115 5
116 5
117 5
118 5
119 5
120 6
121 6
122 6
123 6
124 6
125 6
126 6
127 6
128 6
129 6
130 6
131 6
132 6
133 6
134 6
135 6
136 6
137 6
138 6
139 6
140 7
141 7
142 7
143 7
144 7
145 7
146 7
147 7
148 7
149 7
150 7
151 7
152 7
153 7
154 7
155 7
156 7
157 7
158 7
159 7
160 8
161 8
162 8
163 8
164 8
165 8
166 8
167 8
168 8
169 8
170 8
171 8
172 8
173 8
174 8
175 8
176 8
177 8
178 8
179 8
180 9
181 9
182 9
183 9
184 9
185 9
186 9
187 9
188 9
189 9
190 9
191 9
192 9
193 9
194 9
195 9
196 9
197 9
198 9
199 9
200 10
201 10
202 10
203 10
204 10
205 10
206 10
207 10
208 10
209 10
210 10
211 10
212 10
213 10
214 10
215 10
216 10
217 10
218 10
219 10
220 11
221 11
222 11
223 11
224 11
225 11
226 11
227 11
228 11
229 11
230 11
231 11
232 11
233 11
234 11
235 11
236 11
237 11
238 11
239 11
240 12
241 12
242 12
243 12
244 12
245 12
246 12
247 12
248 12
249 12
250 12
251 12
252 12
253 12
254 12
255 12
256 12
257 12
258 12
259 12
260 13
261 13
262 13
263 13
264 13
265 13
266 13
267 13
268 13
269 13
270 13
271 13
272 13
273 13
274 13
275 13
276 13
277 13
278 13
279 13
280 14
281 14
282 14
283 14
284 14
285 14
286 14
287 14
288 14
289 14
290 14
291 14
292 14
293 14
294 14
295 14
296 14
297 14
298 14
299 14
300 15
301 15
302 15
303 15
304 15
305 15
306 15
307 15
308 15
309 15
310 15
311 15
312 15
313 15
314 15
315 15
316 15
317 15
318 15
319 15

2 1 0 0
2 0 0 0
3 0 0 0
3 1 0 0
4 1 0 0
4 0 0 0
5 4 0 0
5 0 0 0
6 5 0 0
6 1 0 0
7 1 0 0
7 0 0 0
8 6 0 0
8 4 0 0
9 5 0 0
9 1 0 0
10 5 0 0
10 3 0 0
11 1 0 0
11 7 0 0
12 11 0 0
12 8 0 0
13 7 0 0
13 3 0 0
14 4 0 0
14 5 0 0
15 14 0 0
15 2 0 0
16 11 0 0
16 8 0 0
17 13 0 0
17 5 0 0
18 1 0 0
18 8 0 0
19 11 0 0
19 10 0 0
0 8 0 0
0 10 0 0
1 16 0 0
1 10 0 0
22 20 1 1
22 21 1 1
23 20 1 1
23 21 1 1
24 22 1 1
24 20 1 1
25 21 1 1
25 23 1 1
26 25 1 1
26 24 1 1
27 20 1 1
27 24 1 1
28 20 1 1
28 23 1 1
29 25 1 1
29 27 1 1
30 25 1 1
30 24 1 1
31 22 1 1
31 30 1 1
32 29 1 1
32 28 1 1
33 25 1 1
33 22 1 1
34 20 1 1
34 27 1 1
35 20 1 1
35 28 1 1
36 22 1 1
36 20 1 1
37 20 1 1
37 31 1 1
38 21 1 1
38 34 1 1
39 24 1 1
39 22 1 1
20 31 1 1
20 32 1 1
21 24 1 1
21 30 1 1
42 41 2 2
42 40 2 2
43 42 2 2
43 40 2 2
44 41 2 2
44 42 2 2
45 44 2 2
45 43 2 2
46 44 2 2
46 42 2 2
47 46 2 2
47 44 2 2
48 42 2 2
48 40 2 2
49 44 2 2
49 43 2 2
50 41 2 2
50 44 2 2
51 47 2 2
51 46 2 2
52 50 2 2
52 45 2 2
53 50 2 2
53 40 2 2
54 50 2 2
54 48 2 2
55 45 2 2
55 50 2 2
56 47 2 2
56 42 2 2
57 52 2 2
57 41 2 2
58 55 2 2
58 52 2 2
59 57 2 2
59 41 2 2
40 54 2 2
40 46 2 2
41 43 2 2
41 56 2 2
62 60 3 3
62 61 3 3
63 62 3 3
63 61 3 3
64 62 3 3
64 63 3 3
65 64 3 3
65 62 3 3
66 63 3 3
66 60 3 3
67 64 3 3
67 62 3 3
68 67 3 3
68 64 3 3
69 66 3 3
69 67 3 3
70 68 3 3
70 65 3 3
71 63 3 3
71 67 3 3
72 64 3 3
72 67 3 3
73 67 3 3
73 61 3 3
74 60 3 3
74 71 3 3
75 66 3 3
75 63 3 3
76 75 3 3
76 70 3 3
77 71 3 3
77 68 3 3
78 64 3 3
78 71 3 3
79 75 3 3
79 64 3 3
60 79 3 3
60 68 3 3
61 72 3 3
61 68 3 3
82 81 4 4
82 80 4 4
83 82 4 4
83 81 4 4
84 81 4 4
84 82 4 4
85 83 4 4
85 80 4 4
86 80 4 4
86 85 4 4
87 84 4 4
87 82 4 4
88 83 4 4
88 80 4 4
89 80 4 4
89 84 4 4
90 87 4 4
90 85 4 4
91 81 4 4
91 82 4 4
92 87 4 4
92 90 4 4
93 85 4 4
93 84 4 4
94 86 4 4
94 88 4 4
95 86 4 4
95 94 4 4
96 83 4 4
96 93 4 4
97 85 4 4
97 93 4 4
98 95 4 4
98 88 4 4
99 94 4 4
99 92 4 4
80 91 4 4
80 84 4 4
81 93 4 4
81 97 4 4
102 101 5 5
102 100 5 5
103 101 5 5
103 100 5 5
104 103 5 5
104 100 5 5
105 103 5 5
105 104 5 5
106 100 5 5
106 103 5 5
107 102 5 5
107 100 5 5
108 105 5 5
108 106 5 5
109 103 5 5
109 100 5 5
110 104 5 5
110 103 5 5
111 103 5 5
111 110 5 5
112 105 5 5
112 103 5 5
113 108 5 5
113 101 5 5
114 107 5 5
114 112 5 5
115 105 5 5
115 101 5 5
116 100 5 5
116 109 5 5
117 110 5 5
117 109 5 5
118 114 5 5
118 101 5 5
119 106 5 5
119 111 5 5
100 111 5 5
100 119 5 5
101 112 5 5
101 111 5 5
122 121 6 6
122 120 6 6
123 120 6 6
123 122 6 6
124 120 6 6
124 122 6 6
125 124 6 6
125 120 6 6
126 120 6 6
126 124 6 6
127 122 6 6
127 126 6 6
128 122 6 6
128 121 6 6
129 127 6 6
129 122 6 6
130 128 6 6
130 129 6 6
131 127 6 6
131 121 6 6
132 122 6 6
132 131 6 6
133 126 6 6
133 125 6 6
134 121 6 6
134 120 6 6
135 122 6 6
135 127 6 6
136 134 6 6
136 124 6 6
137 131 6 6
137 124 6 6
138 135 6 6
138 125 6 6
139 129 6 6
139 130 6 6
120 137 6 6
120 133 6 6
121 139 6 6
121 135 6 6
142 140 7 7
142 141 7 7
143 140 7 7
143 142 7 7
144 140 7 7
144 141 7 7
145 143 7 7
145 144 7 7
146 144 7 7
146 145 7 7
147 141 7 7
147 143 7 7
148 143 7 7
148 142 7 7
149 144 7 7
149 141 7 7
150 143 7 7
150 142 7 7
151 150 7 7
151 143 7 7
152 146 7 7
152 143 7 7
153 146 7 7
153 140 7 7
154 141 7 7
154 152 7 7
155 144 7 7
155 146 7 7
156 140 7 7
156 154 7 7
157 150 7 7
157 148 7 7
158 143 7 7
158 144 7 7
159 151 7 7
159 158 7 7
140 152 7 7
140 155 7 7
141 156 7 7
141 155 7 7
162 161 8 8
162 160 8 8
163 160 8 8
163 161 8 8
164 160 8 8
164 163 8 8
165 161 8 8
165 162 8 8
166 164 8 8
166 163 8 8
167 161 8 8
167 160 8 8
168 165 8 8
168 160 8 8
169 164 8 8
169 163 8 8
170 168 8 8
170 161 8 8
171 167 8 8
171 161 8 8
172 167 8 8
172 170 8 8
173 168 8 8
173 171 8 8
174 172 8 8
174 165 8 8
175 160 8 8
175 172 8 8
176 160 8 8
176 170 8 8
177 163 8 8
177 169 8 8
178 176 8 8
178 160 8 8
179 167 8 8
179 162 8 8
160 179 8 8
160 177 8 8
161 179 8 8
161 175 8 8
182 180 9 9
182 181 9 9
183 181 9 9
183 182 9 9
184 181 9 9
184 183 9 9
185 184 9 9
185 183 9 9
186 185 9 9
186 181 9 9
187 180 9 9
187 185 9 9
188 181 9 9
188 180 9 9
189 183 9 9
189 188 9 9
190 184 9 9
190 181 9 9
191 186 9 9
191 189 9 9
192 190 9 9
192 187 9 9
193 186 9 9
193 189 9 9
194 193 9 9
194 180 9 9
195 186 9 9
195 181 9 9
196 183 9 9
196 192 9 9
197 192 9 9
197 180 9 9
198 196 9 9
198 188 9 9
199 198 9 9
199 182 9 9
180 196 9 9
180 192 9 9
181 194 9 9
181 189 9 9
202 200 10 10
202 201 10 10
203 200 10 10
203 201 10 10
204 203 10 10
204 201 10 10
205 201 10 10
205 204 10 10
206 201 10 10
206 204 10 10
207 203 10 10
207 204 10 10
208 204 10 10
208 207 10 10
209 205 10 10
209 206 10 10
210 206 10 10
210 203 10 10
211 203 10 10
211 206 10 10
212 200 10 10
212 202 10 10
213 210 10 10
213 205 10 10
214 208 10 10
214 204 10 10
215 210 10 10
215 201 10 10
216 211 10 10
216 206 10 10
217 200 10 10
217 212 10 10
218 200 10 10
218 215 10 10
219 215 10 10
219 210 10 10
200 210 10 10
200 215 10 10
201 212 10 10
201 210 10 10
222 220 11 11
222 221 11 11
223 220 11 11
223 222 11 11
224 223 11 11
224 220 11 11
225 223 11 11
225 222 11 11
226 220 11 11
226 223 11 11
227 221 11 11
227 223 11 11
228 226 11 11
228 221 11 11
229 226 11 11
229 224 11 11
230 229 11 11
230 228 11 11
231 227 11 11
231 230 11 11
232 226 11 11
232 220 11 11
233 221 11 11
233 224 11 11
234 223 11 11
234 230 11 11
235 220 11 11
235 229 11 11
236 234 11 11
236 223 11 11
237 227 11 11
237 231 11 11
238 237 11 11
238 227 11 11
239 229 11 11
239 234 11 11
220 229 11 11
220 227 11 11
221 239 11 11
221 238 11 11
242 240 12 12
242 241 12 12
243 242 12 12
243 240 12 12
244 240 12 12
244 243 12 12
245 242 12 12
245 241 12 12
246 245 12 12
246 243 12 12
247 241 12 12
247 245 12 12
248 245 12 12
248 241 12 12
249 248 12 12
249 244 12 12
250 244 12 12
250 243 12 12
251 248 12 12
251 240 12 12
252 246 12 12
252 248 12 12
253 240 12 12
253 250 12 12
254 249 12 12
254 247 12 12
255 245 12 12
255 241 12 12
256 251 12 12
256 240 12 12
257 251 12 12
257 244 12 12
258 253 12 12
258 244 12 12
259 252 12 12
259 254 12 12
240 257 12 12
240 250 12 12
241 256 12 12
241 253 12 12
262 261 13 13
262 260 13 13
263 262 13 13
263 260 13 13
264 260 13 13
264 262 13 13
265 262 13 13
265 261 13 13
266 263 13 13
266 261 13 13
267 261 13 13
267 264 13 13
268 265 13 13
268 262 13 13
269 260 13 13
269 266 13 13
270 269 13 13
270 263 13 13
271 262 13 13
271 269 13 13
272 267 13 13
272 263 13 13
273 265 13 13
273 271 13 13
274 272 13 13
274 265 13 13
275 274 13 13
275 262 13 13
276 261 13 13
276 267 13 13
277 266 13 13
277 271 13 13
278 269 13 13
278 267 13 13
279 267 13 13
279 269 13 13
260 278 13 13
260 274 13 13
261 278 13 13
261 277 13 13
282 281 14 14
282 280 14 14
283 281 14 14
283 280 14 14
284 282 14 14
284 283 14 14
285 281 14 14
285 280 14 14
286 284 14 14
286 282 14 14
287 282 14 14
287 284 14 14
288 284 14 14
288 283 14 14
289 286 14 14
289 281 14 14
290 284 14 14
290 289 14 14
291 288 14 14
291 280 14 14
292 282 14 14
292 289 14 14
293 286 14 14
293 284 14 14
294 293 14 14
294 281 14 14
295 291 14 14
295 285 14 14
296 289 14 14
296 283 14 14
297 296 14 14
297 287 14 14
298 293 14 14
298 292 14 14
299 298 14 14
299 293 14 14
280 288 14 14
280 290 14 14
281 288 14 14
281 290 14 14
302 301 15 15
302 300 15 15
303 301 15 15
303 302 15 15
304 300 15 15
304 302 15 15
305 301 15 15
305 302 15 15
306 302 15 15
306 304 15 15
307 306 15 15
307 303 15 15
308 305 15 15
308 307 15 15
309 308 15 15
309 302 15 15
310 309 15 15
310 308 15 15
311 305 15 15
311 302 15 15
312 303 15 15
312 301 15 15
313 312 15 15
313 311 15 15
314 309 15 15
314 307 15 15
315 304 15 15
315 309 15 15
316 305 15 15
316 313 15 15
317 315 15 15
317 303 15 15
318 300 15 15
318 308 15 15
319 314 15 15
319 311 15 15
300 317 15 15
300 305 15 15
301 311 15 15
301 306 15 15
57 14 2 0
51 34 2 1
75 12 3 0
73 50 3 2
89 68 4 3
99 54 4 2
112 55 5 2
108 90 5 4
138 82 6 4
138 52 6 2
145 90 7 4
156 47 7 2
167 158 8 7
176 59 8 2
198 97 9 4
185 28 9 1
219 149 10 7
219 101 10 5
224 53 11 2
237 118 11 5
255 22 12 1
246 68 12 3
274 223 13 11
262 251 13 12
291 51 14 2
297 78 14 3
315 255 15 12
318 168 15 8
9 220 0 11
1 101 0 5
22 275 1 13
37 302 1 15
