swNum = 320
edgeNum = 672

0 0
1 0
2 0
3 0
4 0
5 0
6 0
7 0
8 0
9 0
10 0
11 0
12 0
13 0
14 0
15 0
16 0
17 0
18 0
19 0
20 1
21 1
22 1
23 1
24 1
25 1
26 1
27 1
28 1
29 1
30 1
31 1
32 1
33 1
34 1
35 1
36 1
37 1
38 1
39 1
40 2
41 2
42 2
43 2
44 2
45 2
46 2
47 2
48 2
49 2
50 2
51 2
52 2
53 2
54 2
55 2
56 2
57 2
58 2
59 2
60 3
61 3
62 3
63 3
64 3
65 3
66 3
67 3
68 3
69 3
70 3
71 3
72 3
73 3
74 3
75 3
76 3
77 3
78 3
79 3
80 4
81 4
82 4
83 4
84 4
85 4
86 4
87 4
88 4
89 4
90 4
91 4
92 4
93 4
94 4
95 4
96 4
97 4
98 4
99 4
100 5
101 5
102 5
103 5
104 5
105 5
106 5
107 5
108 5
109 5
110 5
111 5
112 5
113 5
114 5
115 5
116 5
117 5
118 5
119 5
120 6
121 6
122 6
123 6
124 6
125 6
126 6
127 6
128 6
129 6
130 6
131 6
132 6
133 6
134 6
135 6
136 6
137 6
138 6
139 6
140 7
141 7
142 7
143 7
144 7
145 7
146 7
147 7
148 7
149 7
150 7
151 7
152 7
153 7
154 7
155 7
156 7
157 7
158 7
159 7
160 8
161 8
162 8
163 8
164 8
165 8
166 8
167 8
168 8
169 8
170 8
171 8
172 8
173 8
174 8
175 8
176 8
177 8
178 8
179 8
180 9
181 9
182 9
183 9
184 9
185 9
186 9
187 9
188 9
189 9
190 9
191 9
192 9
193 9
194 9
195 9
196 9
197 9
198 9
199 9
200 10
201 10
202 10
203 10
204 10
205 10
206 10
207 10
208 10
209 10
210 10
211 10
212 10
213 10
214 10
215 10
216 10
217 10
218 10
219 10
220 11
221 11
222 11
223 11
224 11
225 11
226 11
227 11
228 11
229 11
230 11
231 11
232 11
233 11
234 11
235 11
236 11
237 11
238 11
239 11
240 12
241 12
242 12
243 12
244 12
245 12
246 12
247 12
248 12
249 12
250 12
251 12
252 12
253 12
254 12
255 12
256 12
257 12
258 12
259 12
260 13
261 13
262 13
263 13
264 13
265 13
266 13
267 13
268 13
269 13
270 13
271 13
272 13
273 13
274 13
275 13
276 13
277 13
278 13
279 13
280 14
281 14
282 14
283 14
284 14
285 14
286 14
287 14
288 14
289 14
290 14
291 14
292 14
293 14
294 14
295 14
296 14
297 14
298 14
299 14
300 15
301 15
302 15
303 15
304 15
305 15
306 15
307 15
308 15
309 15
310 15
311 15
312 15
313 15
314 15
315 15
316 15
317 15
318 15
319 15

2 0 0 0
2 1 0 0
3 1 0 0
3 2 0 0
4 3 0 0
4 2 0 0
5 2 0 0
5 1 0 0
6 3 0 0
6 4 0 0
7 3 0 0
7 6 0 0
8 5 0 0
8 2 0 0
9 3 0 0
9 8 0 0
10 2 0 0
10 3 0 0
11 2 0 0
11 6 0 0
12 11 0 0
12 0 0 0
13 0 0 0
13 2 0 0
14 4 0 0
14 10 0 0
15 3 0 0
15 4 0 0
16 9 0 0
16 0 0 0
17 4 0 0
17 8 0 0
18 9 0 0
18 11 0 0
19 4 0 0
19 17 0 0
0 10 0 0
0 11 0 0
1 8 0 0
1 6 0 0
22 21 1 1
22 20 1 1
23 22 1 1
23 21 1 1
24 21 1 1
24 20 1 1
25 24 1 1
25 20 1 1
26 25 1 1
26 21 1 1
27 24 1 1
27 25 1 1
28 24 1 1
28 25 1 1
29 22 1 1
29 23 1 1
30 28 1 1
30 22 1 1
31 25 1 1
31 24 1 1
32 27 1 1
32 26 1 1
33 21 1 1
33 30 1 1
34 28 1 1
34 33 1 1
35 34 1 1
35 27 1 1
36 33 1 1
36 28 1 1
37 26 1 1
37 21 1 1
38 34 1 1
38 27 1 1
39 28 1 1
39 35 1 1
20 34 1 1
20 31 1 1
21 36 1 1
21 29 1 1
42 41 2 2
42 40 2 2
43 41 2 2
43 42 2 2
44 43 2 2
44 41 2 2
45 44 2 2
45 40 2 2
46 40 2 2
46 44 2 2
47 41 2 2
47 43 2 2
48 47 2 2
48 44 2 2
49 42 2 2
49 45 2 2
50 42 2 2
50 45 2 2
51 49 2 2
51 50 2 2
52 50 2 2
52 49 2 2
53 50 2 2
53 41 2 2
54 48 2 2
54 53 2 2
55 49 2 2
55 44 2 2
56 46 2 2
56 55 2 2
57 55 2 2
57 45 2 2
58 55 2 2
58 54 2 2
59 52 2 2
59 50 2 2
40 54 2 2
40 43 2 2
41 56 2 2
41 46 2 2
62 60 3 3
62 61 3 3
63 60 3 3
63 61 3 3
64 60 3 3
64 61 3 3
65 60 3 3
65 63 3 3
66 65 3 3
66 62 3 3
67 64 3 3
67 63 3 3
68 63 3 3
68 64 3 3
69 62 3 3
69 61 3 3
70 66 3 3
70 60 3 3
71 66 3 3
71 60 3 3
72 66 3 3
72 71 3 3
73 72 3 3
73 65 3 3
74 71 3 3
74 73 3 3
75 61 3 3
75 66 3 3
76 72 3 3
76 63 3 3
77 74 3 3
77 75 3 3
78 74 3 3
78 71 3 3
79 70 3 3
79 74 3 3
60 75 3 3
60 76 3 3
61 78 3 3
61 70 3 3
82 80 4 4
82 81 4 4
83 80 4 4
83 81 4 4
84 83 4 4
84 80 4 4
85 82 4 4
85 84 4 4
86 85 4 4
86 81 4 4
87 82 4 4
87 85 4 4
88 80 4 4
88 82 4 4
89 83 4 4
89 85 4 4
90 81 4 4
90 86 4 4
91 85 4 4
91 80 4 4
92 89 4 4
92 80 4 4
93 87 4 4
93 88 4 4
94 92 4 4
94 82 4 4
95 90 4 4
95 83 4 4
96 94 4 4
96 89 4 4
97 96 4 4
97 87 4 4
98 80 4 4
98 91 4 4
99 88 4 4
99 86 4 4
80 97 4 4
80 85 4 4
81 99 4 4
81 95 4 4
102 101 5 5
102 100 5 5
103 100 5 5
103 102 5 5
104 101 5 5
104 100 5 5
105 102 5 5
105 104 5 5
106 104 5 5
106 100 5 5
107 106 5 5
107 102 5 5
108 104 5 5
108 102 5 5
109 104 5 5
109 107 5 5
110 100 5 5
110 107 5 5
111 109 5 5
111 106 5 5
112 109 5 5
112 105 5 5
113 110 5 5
113 103 5 5
114 105 5 5
114 100 5 5
115 111 5 5
115 106 5 5
116 112 5 5
116 106 5 5
117 109 5 5
117 110 5 5
118 111 5 5
118 107 5 5
119 100 5 5
119 101 5 5
100 113 5 5
100 105 5 5
101 106 5 5
101 103 5 5
122 121 6 6
122 120 6 6
123 121 6 6
123 122 6 6
124 120 6 6
124 122 6 6
125 121 6 6
125 122 6 6
126 125 6 6
126 121 6 6
127 124 6 6
127 125 6 6
128 127 6 6
128 124 6 6
129 121 6 6
129 124 6 6
130 128 6 6
130 123 6 6
131 124 6 6
131 120 6 6
132 122 6 6
132 131 6 6
133 123 6 6
133 130 6 6
134 120 6 6
134 124 6 6
135 129 6 6
135 127 6 6
136 128 6 6
136 132 6 6
137 130 6 6
137 123 6 6
138 123 6 6
138 128 6 6
139 128 6 6
139 122 6 6
120 125 6 6
120 126 6 6
121 131 6 6
121 128 6 6
142 140 7 7
142 141 7 7
143 142 7 7
143 141 7 7
144 140 7 7
144 141 7 7
145 141 7 7
145 143 7 7
146 141 7 7
146 140 7 7
147 145 7 7
147 142 7 7
148 144 7 7
148 142 7 7
149 143 7 7
149 145 7 7
150 146 7 7
150 143 7 7
151 142 7 7
151 145 7 7
152 143 7 7
152 140 7 7
153 151 7 7
153 150 7 7
154 143 7 7
154 146 7 7
155 150 7 7
155 141 7 7
156 155 7 7
156 145 7 7
157 148 7 7
157 142 7 7
158 154 7 7
158 157 7 7
159 148 7 7
159 154 7 7
140 148 7 7
140 158 7 7
141 147 7 7
141 159 7 7
162 160 8 8
162 161 8 8
163 161 8 8
163 162 8 8
164 162 8 8
164 163 8 8
165 164 8 8
165 162 8 8
166 160 8 8
166 161 8 8
167 166 8 8
167 162 8 8
168 163 8 8
168 167 8 8
169 164 8 8
169 168 8 8
170 168 8 8
170 161 8 8
171 168 8 8
171 169 8 8
172 169 8 8
172 170 8 8
173 160 8 8
173 166 8 8
174 172 8 8
174 173 8 8
175 162 8 8
175 161 8 8
176 164 8 8
176 165 8 8
177 168 8 8
177 170 8 8
178 162 8 8
178 160 8 8
179 178 8 8
179 166 8 8
160 167 8 8
160 174 8 8
161 167 8 8
161 173 8 8
182 181 9 9
182 180 9 9
183 180 9 9
183 182 9 9
184 181 9 9
184 180 9 9
185 184 9 9
185 183 9 9
186 182 9 9
186 181 9 9
187 183 9 9
187 181 9 9
188 184 9 9
188 183 9 9
189 186 9 9
189 181 9 9
190 187 9 9
190 184 9 9
191 189 9 9
191 190 9 9
192 184 9 9
192 188 9 9
193 184 9 9
193 182 9 9
194 192 9 9
194 187 9 9
195 194 9 9
195 184 9 9
196 190 9 9
196 180 9 9
197 188 9 9
197 181 9 9
198 189 9 9
198 188 9 9
199 190 9 9
199 180 9 9
180 193 9 9
180 187 9 9
181 195 9 9
181 188 9 9
202 200 10 10
202 201 10 10
203 202 10 10
203 201 10 10
204 201 10 10
204 202 10 10
205 203 10 10
205 202 10 10
206 202 10 10
206 201 10 10
207 205 10 10
207 206 10 10
208 200 10 10
208 203 10 10
209 204 10 10
209 206 10 10
210 200 10 10
210 209 10 10
211 210 10 10
211 205 10 10
212 204 10 10
212 207 10 10
213 204 10 10
213 205 10 10
214 212 10 10
214 209 10 10
215 210 10 10
215 207 10 10
216 215 10 10
216 207 10 10
217 215 10 10
217 203 10 10
218 217 10 10
218 206 10 10
219 214 10 10
219 211 10 10
200 204 10 10
200 203 10 10
201 210 10 10
201 219 10 10
222 220 11 11
222 221 11 11
223 222 11 11
223 220 11 11
224 220 11 11
224 221 11 11
225 220 11 11
225 224 11 11
226 221 11 11
226 220 11 11
227 226 11 11
227 225 11 11
228 226 11 11
228 220 11 11
229 227 11 11
229 221 11 11
230 225 11 11
230 223 11 11
231 230 11 11
231 222 11 11
232 224 11 11
232 230 11 11
233 231 11 11
233 230 11 11
234 232 11 11
234 225 11 11
235 229 11 11
235 224 11 11
236 232 11 11
236 233 11 11
237 228 11 11
237 235 11 11
238 234 11 11
238 222 11 11
239 230 11 11
239 236 11 11
220 237 11 11
220 232 11 11
221 235 11 11
221 228 11 11
242 241 12 12
242 240 12 12
243 242 12 12
243 241 12 12
244 240 12 12
244 243 12 12
245 240 12 12
245 241 12 12
246 243 12 12
246 240 12 12
247 244 12 12
247 246 12 12
248 246 12 12
248 243 12 12
249 242 12 12
249 243 12 12
250 247 12 12
250 248 12 12
251 249 12 12
251 243 12 12
252 240 12 12
252 243 12 12
253 249 12 12
253 243 12 12
254 245 12 12
254 247 12 12
255 251 12 12
255 254 12 12
256 245 12 12
256 254 12 12
257 253 12 12
257 256 12 12
258 257 12 12
258 256 12 12
259 248 12 12
259 250 12 12
240 251 12 12
240 254 12 12
241 253 12 12
241 251 12 12
262 261 13 13
262 260 13 13
263 262 13 13
263 261 13 13
264 260 13 13
264 261 13 13
265 261 13 13
265 262 13 13
266 261 13 13
266 264 13 13
267 262 13 13
267 264 13 13
268 266 13 13
268 264 13 13
269 268 13 13
269 264 13 13
270 262 13 13
270 263 13 13
271 265 13 13
271 270 13 13
272 261 13 13
272 271 13 13
273 267 13 13
273 270 13 13
274 268 13 13
274 264 13 13
275 270 13 13
275 265 13 13
276 261 13 13
276 267 13 13
277 273 13 13
277 272 13 13
278 274 13 13
278 272 13 13
279 274 13 13
279 266 13 13
260 267 13 13
260 268 13 13
261 269 13 13
261 279 13 13
282 281 14 14
282 280 14 14
283 282 14 14
283 280 14 14
284 282 14 14
284 280 14 14
285 281 14 14
285 283 14 14
286 281 14 14
286 285 14 14
287 282 14 14
287 281 14 14
288 283 14 14
288 286 14 14
289 281 14 14
289 280 14 14
290 287 14 14
290 288 14 14
291 280 14 14
291 290 14 14
292 286 14 14
292 285 14 14
293 288 14 14
293 289 14 14
294 288 14 14
294 287 14 14
295 294 14 14
295 288 14 14
296 291 14 14
296 295 14 14
297 294 14 14
297 295 14 14
298 291 14 14
298 295 14 14
299 296 14 14
299 292 14 14
280 292 14 14
280 288 14 14
281 299 14 14
281 293 14 14
302 300 15 15
302 301 15 15
303 302 15 15
303 300 15 15
304 301 15 15
304 302 15 15
305 301 15 15
305 304 15 15
306 301 15 15
306 304 15 15
307 301 15 15
307 300 15 15
308 300 15 15
308 303 15 15
309 301 15 15
309 300 15 15
310 303 15 15
310 301 15 15
311 301 15 15
311 303 15 15
312 306 15 15
312 301 15 15
313 310 15 15
313 305 15 15
314 300 15 15
314 311 15 15
315 307 15 15
315 314 15 15
316 312 15 15
316 307 15 15
317 308 15 15
317 307 15 15
318 312 15 15
318 306 15 15
319 317 15 15
319 312 15 15
300 305 15 15
300 312 15 15
301 303 15 15
301 315 15 15
45 35 2 1
48 16 2 0
72 53 3 2
68 11 3 0
89 72 4 3
83 24 4 1
106 5 5 0
110 64 5 3
130 101 6 5
122 98 6 4
151 0 7 0
143 63 7 3
175 71 8 3
161 50 8 2
186 2 9 0
190 88 9 4
202 106 10 5
211 6 10 0
225 23 11 1
225 156 11 7
241 215 12 10
246 168 12 8
266 193 13 9
275 2 13 0
293 107 14 5
290 159 14 7
317 271 15 13
316 219 15 10
14 229 0 11
13 316 0 15
37 194 1 9
36 253 1 12
