swNum = 320
edgeNum = 672

0 0
1 0
2 0
3 0
4 0
5 0
6 0
7 0
8 0
9 0
10 0
11 0
12 0
13 0
14 0
15 0
16 0
17 0
18 0
19 0
20 1
21 1
22 1
23 1
24 1
25 1
26 1
27 1
28 1
29 1
30 1
31 1
32 1
33 1
34 1
35 1
36 1
37 1
38 1
39 1
40 2
41 2
42 2
43 2
44 2
45 2
46 2
47 2
48 2
49 2
50 2
51 2
52 2
53 2
54 2
55 2
56 2
57 2
58 2
59 2
60 3
61 3
62 3
63 3
64 3
65 3
66 3
67 3
68 3
69 3
70 3
71 3
72 3
73 3
74 3
75 3
76 3
77 3
78 3
79 3
80 4
81 4
82 4
83 4
84 4
85 4
86 4
87 4
88 4
89 4
90 4
91 4
92 4
93 4
94 4
95 4
96 4
97 4
98 4
99 4
100 5
101 5
102 5
103 5
104 5
105 5
106 5
107 5
108 5
109 5
110 5
111 5
112 5
113 5
114 5
115 5
116 5
117 5
118 5
119 5
120 6
121 6
122 6
123 6
124 6
125 6
126 6
127 6
128 6
129 6
130 6
131 6
132 6
133 6
134 6
135 6
136 6
137 6
138 6
139 6
140 7
141 7
142 7
143 7
144 7
145 7
146 7
147 7
148 7
149 7
150 7
151 7
152 7
153 7
154 7
155 7
156 7
157 7
158 7
159 7
160 8
161 8
162 8
163 8
164 8
165 8
166 8
167 8
168 8
169 8
170 8
171 8
172 8
173 8
174 8
175 8
176 8
177 8
178 8
179 8
180 9
181 9
182 9
183 9
184 9
185 9
186 9
187 9
188 9
189 9
190 9
191 9
192 9
193 9
194 9
195 9
196 9
197 9
198 9
199 9
200 10
201 10
202 10
203 10
204 10
205 10
206 10
207 10
208 10
209 10
210 10
211 10
212 10
213 10
214 10
215 10
216 10
217 10
218 10
219 10
220 11
221 11
222 11
223 11
224 11
225 11
226 11
227 11
228 11
229 11
230 11
231 11
232 11
233 11
234 11
235 11
236 11
237 11
238 11
239 11
240 12
241 12
242 12
243 12
244 12
245 12
246 12
247 12
248 12
249 12
250 12
251 12
252 12
253 12
254 12
255 12
256 12
257 12
258 12
259 12
260 13
261 13
262 13
263 13
264 13
265 13
266 13
267 13
268 13
269 13
270 13
271 13
272 13
273 13
274 13
275 13
276 13
277 13
278 13
279 13
280 14
281 14
282 14
283 14
284 14
285 14
286 14
287 14
288 14
289 14
290 14
291 14
292 14
293 14
294 14
295 14
296 14
297 14
298 14
299 14
300 15
301 15
302 15
303 15
304 15
305 15
306 15
307 15
308 15
309 15
310 15
311 15
312 15
313 15
314 15
315 15
316 15
317 15
318 15
319 15

2 0 0 0
2 1 0 0
3 0 0 0
3 2 0 0
4 0 0 0
4 3 0 0
5 4 0 0
5 3 0 0
6 3 0 0
6 4 0 0
7 1 0 0
7 6 0 0
8 4 0 0
8 5 0 0
9 3 0 0
9 2 0 0
10 9 0 0
10 3 0 0
11 4 0 0
11 5 0 0
12 1 0 0
12 0 0 0
13 10 0 0
13 5 0 0
14 7 0 0
14 9 0 0
15 13 0 0
15 7 0 0
16 6 0 0
16 15 0 0
17 1 0 0
17 15 0 0
18 13 0 0
18 17 0 0
19 13 0 0
19 10 0 0
0 9 0 0
0 17 0 0
1 15 0 0
1 16 0 0
22 20 1 1
22 21 1 1
23 21 1 1
23 20 1 1
24 20 1 1
24 22 1 1
25 21 1 1
25 20 1 1
26 25 1 1
26 20 1 1
27 20 1 1
27 24 1 1
28 25 1 1
28 21 1 1
29 21 1 1
29 26 1 1
30 26 1 1
30 24 1 1
31 28 1 1
31 25 1 1
32 29 1 1
32 30 1 1
33 29 1 1
33 32 1 1
34 33 1 1
34 31 1 1
35 26 1 1
35 29 1 1
36 35 1 1
36 23 1 1
37 26 1 1
37 29 1 1
38 37 1 1
38 36 1 1
39 29 1 1
39 25 1 1
20 35 1 1
20 34 1 1
21 32 1 1
21 39 1 1
42 40 2 2
42 41 2 2
43 42 2 2
43 40 2 2
44 42 2 2
44 43 2 2
45 44 2 2
45 41 2 2
46 42 2 2
46 44 2 2
47 43 2 2
47 45 2 2
48 44 2 2
48 42 2 2
49 44 2 2
49 45 2 2
50 45 2 2
50 41 2 2
51 43 2 2
51 49 2 2
52 43 2 2
52 41 2 2
53 46 2 2
53 47 2 2
54 45 2 2
54 44 2 2
55 43 2 2
55 50 2 2
56 44 2 2
56 46 2 2
57 48 2 2
57 52 2 2
58 51 2 2
58 46 2 2
59 56 2 2
59 45 2 2
40 49 2 2
40 57 2 2
41 46 2 2
41 58 2 2
62 61 3 3
62 60 3 3
63 60 3 3
63 61 3 3
64 61 3 3
64 62 3 3
65 61 3 3
65 64 3 3
66 64 3 3
66 60 3 3
67 63 3 3
67 64 3 3
68 66 3 3
68 62 3 3
69 66 3 3
69 62 3 3
70 63 3 3
70 68 3 3
71 69 3 3
71 67 3 3
72 61 3 3
72 64 3 3
73 72 3 3
73 60 3 3
74 64 3 3
74 68 3 3
75 71 3 3
75 62 3 3
76 67 3 3
76 63 3 3
77 64 3 3
77 74 3 3
78 73 3 3
78 63 3 3
79 65 3 3
79 62 3 3
60 71 3 3
60 79 3 3
61 71 3 3
61 76 3 3
82 81 4 4
82 80 4 4
83 82 4 4
83 80 4 4
84 81 4 4
84 82 4 4
85 81 4 4
85 83 4 4
86 85 4 4
86 80 4 4
87 80 4 4
87 84 4 4
88 83 4 4
88 80 4 4
89 88 4 4
89 83 4 4
90 89 4 4
90 82 4 4
91 88 4 4
91 80 4 4
92 85 4 4
92 91 4 4
93 90 4 4
93 87 4 4
94 84 4 4
94 89 4 4
95 93 4 4
95 80 4 4
96 82 4 4
96 84 4 4
97 92 4 4
97 86 4 4
98 84 4 4
98 95 4 4
99 97 4 4
99 82 4 4
80 97 4 4
80 90 4 4
81 96 4 4
81 92 4 4
102 101 5 5
102 100 5 5
103 100 5 5
103 101 5 5
104 102 5 5
104 101 5 5
105 104 5 5
105 102 5 5
106 102 5 5
106 101 5 5
107 103 5 5
107 102 5 5
108 104 5 5
108 101 5 5
109 106 5 5
109 103 5 5
110 107 5 5
110 101 5 5
111 105 5 5
111 101 5 5
112 105 5 5
112 102 5 5
113 111 5 5
113 105 5 5
114 104 5 5
114 113 5 5
115 102 5 5
115 107 5 5
116 114 5 5
116 111 5 5
117 110 5 5
117 100 5 5
118 106 5 5
118 114 5 5
119 110 5 5
119 116 5 5
100 118 5 5
100 106 5 5
101 113 5 5
101 118 5 5
122 121 6 6
122 120 6 6
123 121 6 6
123 120 6 6
124 121 6 6
124 120 6 6
125 121 6 6
125 122 6 6
126 122 6 6
126 123 6 6
127 125 6 6
127 122 6 6
128 123 6 6
128 120 6 6
129 122 6 6
129 121 6 6
130 125 6 6
130 127 6 6
131 120 6 6
131 127 6 6
132 126 6 6
132 129 6 6
133 131 6 6
133 126 6 6
134 127 6 6
134 129 6 6
135 124 6 6
135 126 6 6
136 122 6 6
136 132 6 6
137 122 6 6
137 130 6 6
138 122 6 6
138 127 6 6
139 121 6 6
139 130 6 6
120 127 6 6
120 139 6 6
121 130 6 6
121 138 6 6
142 140 7 7
142 141 7 7
143 141 7 7
143 140 7 7
144 140 7 7
144 141 7 7
145 141 7 7
145 143 7 7
146 142 7 7
146 140 7 7
147 145 7 7
147 146 7 7
148 143 7 7
148 144 7 7
149 141 7 7
149 140 7 7
150 145 7 7
150 144 7 7
151 140 7 7
151 147 7 7
152 140 7 7
152 144 7 7
153 148 7 7
153 146 7 7
154 149 7 7
154 150 7 7
155 140 7 7
155 150 7 7
156 144 7 7
156 141 7 7
157 154 7 7
157 148 7 7
158 157 7 7
158 145 7 7
159 142 7 7
159 151 7 7
140 154 7 7
140 150 7 7
141 154 7 7
141 159 7 7
162 161 8 8
162 160 8 8
163 161 8 8
163 160 8 8
164 162 8 8
164 163 8 8
165 164 8 8
165 160 8 8
166 160 8 8
166 163 8 8
167 165 8 8
167 160 8 8
168 164 8 8
168 161 8 8
169 164 8 8
169 168 8 8
170 160 8 8
170 163 8 8
171 164 8 8
171 165 8 8
172 165 8 8
172 170 8 8
173 166 8 8
173 168 8 8
174 164 8 8
174 173 8 8
175 168 8 8
175 171 8 8
176 168 8 8
176 170 8 8
177 176 8 8
177 169 8 8
178 175 8 8
178 166 8 8
179 167 8 8
179 178 8 8
160 179 8 8
160 174 8 8
161 178 8 8
161 169 8 8
182 181 9 9
182 180 9 9
183 182 9 9
183 181 9 9
184 181 9 9
184 183 9 9
185 184 9 9
185 180 9 9
186 183 9 9
186 184 9 9
187 186 9 9
187 184 9 9
188 185 9 9
188 187 9 9
189 181 9 9
189 182 9 9
190 182 9 9
190 184 9 9
191 187 9 9
191 184 9 9
192 182 9 9
192 180 9 9
193 191 9 9
193 180 9 9
194 181 9 9
194 191 9 9
195 185 9 9
195 191 9 9
196 183 9 9
196 181 9 9
197 187 9 9
197 185 9 9
198 185 9 9
198 181 9 9
199 193 9 9
199 186 9 9
180 190 9 9
180 197 9 9
181 192 9 9
181 199 9 9
202 201 10 10
202 200 10 10
203 202 10 10
203 200 10 10
204 202 10 10
204 200 10 10
205 204 10 10
205 203 10 10
206 205 10 10
206 202 10 10
207 205 10 10
207 206 10 10
208 207 10 10
208 203 10 10
209 205 10 10
209 201 10 10
210 200 10 10
210 202 10 10
211 209 10 10
211 204 10 10
212 208 10 10
212 206 10 10
213 200 10 10
213 202 10 10
214 211 10 10
214 202 10 10
215 202 10 10
215 210 10 10
216 201 10 10
216 215 10 10
217 211 10 10
217 204 10 10
218 200 10 10
218 216 10 10
219 209 10 10
219 218 10 10
200 209 10 10
200 216 10 10
201 214 10 10
201 204 10 10
222 220 11 11
222 221 11 11
223 221 11 11
223 222 11 11
224 222 11 11
224 221 11 11
225 221 11 11
225 224 11 11
226 224 11 11
226 225 11 11
227 225 11 11
227 221 11 11
228 222 11 11
228 225 11 11
229 220 11 11
229 222 11 11
230 220 11 11
230 228 11 11
231 221 11 11
231 229 11 11
232 231 11 11
232 223 11 11
233 232 11 11
233 231 11 11
234 225 11 11
234 232 11 11
235 233 11 11
235 229 11 11
236 233 11 11
236 232 11 11
237 226 11 11
237 224 11 11
238 235 11 11
238 229 11 11
239 234 11 11
239 232 11 11
220 235 11 11
220 228 11 11
221 230 11 11
221 229 11 11
242 240 12 12
242 241 12 12
243 240 12 12
243 241 12 12
244 240 12 12
244 241 12 12
245 241 12 12
245 240 12 12
246 241 12 12
246 240 12 12
247 240 12 12
247 244 12 12
248 241 12 12
248 246 12 12
249 247 12 12
249 243 12 12
250 244 12 12
250 246 12 12
251 247 12 12
251 250 12 12
252 240 12 12
252 249 12 12
253 241 12 12
253 242 12 12
254 245 12 12
254 252 12 12
255 254 12 12
255 240 12 12
256 247 12 12
256 240 12 12
257 240 12 12
257 250 12 12
258 241 12 12
258 257 12 12
259 248 12 12
259 242 12 12
240 253 12 12
240 254 12 12
241 251 12 12
241 250 12 12
262 260 13 13
262 261 13 13
263 260 13 13
263 261 13 13
264 263 13 13
264 261 13 13
265 261 13 13
265 264 13 13
266 262 13 13
266 260 13 13
267 264 13 13
267 263 13 13
268 262 13 13
268 260 13 13
269 264 13 13
269 266 13 13
270 269 13 13
270 263 13 13
271 264 13 13
271 267 13 13
272 263 13 13
272 260 13 13
273 262 13 13
273 264 13 13
274 273 13 13
274 269 13 13
275 265 13 13
275 272 13 13
276 268 13 13
276 266 13 13
277 265 13 13
277 260 13 13
278 266 13 13
278 269 13 13
279 269 13 13
279 264 13 13
260 276 13 13
260 271 13 13
261 269 13 13
261 274 13 13
282 280 14 14
282 281 14 14
283 280 14 14
283 281 14 14
284 282 14 14
284 281 14 14
285 282 14 14
285 284 14 14
286 282 14 14
286 284 14 14
287 283 14 14
287 286 14 14
288 281 14 14
288 280 14 14
289 280 14 14
289 282 14 14
290 289 14 14
290 285 14 14
291 283 14 14
291 286 14 14
292 284 14 14
292 285 14 14
293 290 14 14
293 285 14 14
294 290 14 14
294 281 14 14
295 288 14 14
295 282 14 14
296 280 14 14
296 290 14 14
297 280 14 14
297 294 14 14
298 295 14 14
298 293 14 14
299 285 14 14
299 280 14 14
280 290 14 14
280 295 14 14
281 296 14 14
281 290 14 14
302 300 15 15
302 301 15 15
303 301 15 15
303 300 15 15
304 301 15 15
304 303 15 15
305 301 15 15
305 302 15 15
306 304 15 15
306 301 15 15
307 304 15 15
307 301 15 15
308 305 15 15
308 302 15 15
309 304 15 15
309 306 15 15
310 300 15 15
310 304 15 15
311 306 15 15
311 302 15 15
312 307 15 15
312 301 15 15
313 303 15 15
313 304 15 15
314 302 15 15
314 305 15 15
315 313 15 15
315 303 15 15
316 315 15 15
316 311 15 15
317 311 15 15
317 316 15 15
318 313 15 15
318 317 15 15
319 310 15 15
319 313 15 15
300 319 15 15
300 313 15 15
301 309 15 15
301 319 15 15
40 19 2 0
44 30 2 1
68 3 3 0
71 50 3 2
88 60 4 3
94 17 4 0
119 34 5 1
107 58 5 2
139 26 6 1
132 87 6 4
153 120 7 6
153 86 7 4
173 29 8 1
169 132 8 6
182 121 9 6
194 64 9 3
218 146 10 7
209 179 10 8
225 168 11 8
236 134 11 6
246 10 12 0
241 120 12 6
267 173 13 8
260 154 13 7
280 222 14 11
296 274 14 13
301 125 15 6
316 5 15 0
10 282 0 14
10 233 0 11
33 96 1 4
24 206 1 10
