swNum = 320
edgeNum = 672

0 0
1 0
2 0
3 0
4 0
5 0
6 0
7 0
8 0
9 0
10 0
11 0
12 0
13 0
14 0
15 0
16 0
17 0
18 0
19 0
20 1
21 1
22 1
23 1
24 1
25 1
26 1
27 1
28 1
29 1
30 1
31 1
32 1
33 1
34 1
35 1
36 1
37 1
38 1
39 1
40 2
41 2
42 2
43 2
44 2
45 2
46 2
47 2
48 2
49 2
50 2
51 2
52 2
53 2
54 2
55 2
56 2
57 2
58 2
59 2
60 3
61 3
62 3
63 3
64 3
65 3
66 3
67 3
68 3
69 3
70 3
71 3
72 3
73 3
74 3
75 3
76 3
77 3
78 3
79 3
80 4
81 4
82 4
83 4
84 4
85 4
86 4
87 4
88 4
89 4
90 4
91 4
92 4
93 4
94 4
95 4
96 4
97 4
98 4
99 4
100 5
101 5
102 5
103 5
104 5
105 5
106 5
107 5
108 5
109 5
110 5
111 5
112 5
113 5
114 5
115 5
116 5
117 5
118 5
119 5
120 6
121 6
122 6
123 6
124 6
125 6
126 6
127 6
128 6
129 6
130 6
131 6
132 6
133 6
134 6
135 6
136 6
137 6
138 6
139 6
140 7
141 7
142 7
143 7
144 7
145 7
146 7
147 7
148 7
149 7
150 7
151 7
152 7
153 7
154 7
155 7
156 7
157 7
158 7
159 7
160 8
161 8
162 8
163 8
164 8
165 8
166 8
167 8
168 8
169 8
170 8
171 8
172 8
173 8
174 8
175 8
176 8
177 8
178 8
179 8
180 9
181 9
182 9
183 9
184 9
185 9
186 9
187 9
188 9
189 9
190 9
191 9
192 9
193 9
194 9
195 9
196 9
197 9
198 9
199 9
200 10
201 10
202 10
203 10
204 10
205 10
206 10
207 10
208 10
209 10
210 10
211 10
212 10
213 10
214 10
215 10
216 10
217 10
218 10
219 10
220 11
221 11
222 11
223 11
224 11
225 11
226 11
227 11
228 11
229 11
230 11
231 11
232 11
233 11
234 11
235 11
236 11
237 11
238 11
239 11
240 12
241 12
242 12
243 12
244 12
245 12
246 12
247 12
248 12
249 12
250 12
251 12
252 12
253 12
254 12
255 12
256 12
257 12
258 12
259 12
260 13
261 13
262 13
263 13
264 13
265 13
266 13
267 13
268 13
269 13
270 13
271 13
272 13
273 13
274 13
275 13
276 13
277 13
278 13
279 13
280 14
281 14
282 14
283 14
284 14
285 14
286 14
287 14
288 14
289 14
290 14
291 14
292 14
293 14
294 14
295 14
296 14
297 14
298 14
299 14
300 15
301 15
302 15
303 15
304 15
305 15
306 15
307 15
308 15
309 15
310 15
311 15
312 15
313 15
314 15
315 15
316 15
317 15
318 15
319 15

2 1 0 0
2 0 0 0
3 2 0 0
3 0 0 0
4 0 0 0
4 1 0 0
5 4 0 0
5 2 0 0
6 5 0 0
6 2 0 0
7 4 0 0
7 0 0 0
8 4 0 0
8 1 0 0
9 5 0 0
9 6 0 0
10 8 0 0
10 5 0 0
11 9 0 0
11 4 0 0
12 6 0 0
12 5 0 0
13 6 0 0
13 11 0 0
14 3 0 0
14 9 0 0
15 4 0 0
15 10 0 0
16 5 0 0
16 10 0 0
17 7 0 0
17 0 0 0
18 11 0 0
18 15 0 0
19 9 0 0
19 5 0 0
0 15 0 0
0 13 0 0
1 15 0 0
1 18 0 0
22 21 1 1
22 20 1 1
23 20 1 1
23 21 1 1
24 21 1 1
24 20 1 1
25 24 1 1
25 20 1 1
26 24 1 1
26 25 1 1
27 26 1 1
27 21 1 1
28 26 1 1
28 25 1 1
29 26 1 1
29 27 1 1
30 29 1 1
30 22 1 1
31 25 1 1
31 27 1 1
32 27 1 1
32 23 1 1
33 26 1 1
33 27 1 1
34 27 1 1
34 22 1 1
35 28 1 1
35 20 1 1
36 27 1 1
36 26 1 1
37 25 1 1
37 29 1 1
38 20 1 1
38 21 1 1
39 25 1 1
39 20 1 1
20 28 1 1
20 27 1 1
21 26 1 1
21 28 1 1
42 40 2 2
42 41 2 2
43 42 2 2
43 40 2 2
44 40 2 2
44 43 2 2
45 44 2 2
45 43 2 2
46 43 2 2
46 41 2 2
47 41 2 2
47 42 2 2
48 46 2 2
48 42 2 2
49 42 2 2
49 46 2 2
50 49 2 2
50 42 2 2
51 49 2 2
51 46 2 2
52 41 2 2
52 45 2 2
53 51 2 2
53 41 2 2
54 40 2 2
54 52 2 2
55 41 2 2
55 54 2 2
56 51 2 2
56 48 2 2
57 52 2 2
57 49 2 2
58 52 2 2
58 46 2 2
59 53 2 2
59 48 2 2
40 51 2 2
40 50 2 2
41 48 2 2
41 59 2 2
62 61 3 3
62 60 3 3
63 62 3 3
63 60 3 3
64 61 3 3
64 60 3 3
65 63 3 3
65 62 3 3
66 63 3 3
66 65 3 3
67 64 3 3
67 62 3 3
68 60 3 3
68 63 3 3
69 66 3 3
69 64 3 3
70 61 3 3
70 64 3 3
71 65 3 3
71 67 3 3
72 61 3 3
72 66 3 3
73 60 3 3
73 72 3 3
74 66 3 3
74 65 3 3
75 71 3 3
75 69 3 3
76 70 3 3
76 69 3 3
77 69 3 3
77 67 3 3
78 64 3 3
78 69 3 3
79 72 3 3
79 60 3 3
60 74 3 3
60 78 3 3
61 68 3 3
61 74 3 3
82 80 4 4
82 81 4 4
83 82 4 4
83 80 4 4
84 81 4 4
84 83 4 4
85 80 4 4
85 82 4 4
86 81 4 4
86 82 4 4
87 82 4 4
87 85 4 4
88 82 4 4
88 85 4 4
89 80 4 4
89 85 4 4
90 84 4 4
90 89 4 4
91 80 4 4
91 85 4 4
92 84 4 4
92 85 4 4
93 86 4 4
93 80 4 4
94 80 4 4
94 83 4 4
95 88 4 4
95 84 4 4
96 89 4 4
96 90 4 4
97 88 4 4
97 84 4 4
98 97 4 4
98 81 4 4
99 84 4 4
99 80 4 4
80 90 4 4
80 87 4 4
81 96 4 4
81 83 4 4
102 101 5 5
102 100 5 5
103 101 5 5
103 102 5 5
104 100 5 5
104 102 5 5
105 103 5 5
105 101 5 5
106 104 5 5
106 105 5 5
107 100 5 5
107 103 5 5
108 102 5 5
108 100 5 5
109 107 5 5
109 104 5 5
110 107 5 5
110 103 5 5
111 103 5 5
111 110 5 5
112 110 5 5
112 101 5 5
113 109 5 5
113 107 5 5
114 109 5 5
114 103 5 5
115 105 5 5
115 111 5 5
116 112 5 5
116 109 5 5
117 104 5 5
117 102 5 5
118 116 5 5
118 102 5 5
119 105 5 5
119 110 5 5
100 106 5 5
100 116 5 5
101 119 5 5
101 115 5 5
122 120 6 6
122 121 6 6
123 122 6 6
123 120 6 6
124 123 6 6
124 122 6 6
125 120 6 6
125 122 6 6
126 124 6 6
126 120 6 6
127 123 6 6
127 120 6 6
128 126 6 6
128 127 6 6
129 125 6 6
129 122 6 6
130 121 6 6
130 128 6 6
131 122 6 6
131 125 6 6
132 130 6 6
132 122 6 6
133 127 6 6
133 128 6 6
134 129 6 6
134 122 6 6
135 121 6 6
135 133 6 6
136 127 6 6
136 128 6 6
137 133 6 6
137 122 6 6
138 128 6 6
138 127 6 6
139 135 6 6
139 137 6 6
120 136 6 6
120 138 6 6
121 128 6 6
121 136 6 6
142 141 7 7
142 140 7 7
143 142 7 7
143 140 7 7
144 140 7 7
144 143 7 7
145 140 7 7
145 143 7 7
146 140 7 7
146 145 7 7
147 143 7 7
147 146 7 7
148 142 7 7
148 144 7 7
149 148 7 7
149 144 7 7
150 145 7 7
150 144 7 7
151 145 7 7
151 143 7 7
152 148 7 7
152 147 7 7
153 147 7 7
153 143 7 7
154 140 7 7
154 144 7 7
155 153 7 7
155 143 7 7
156 142 7 7
156 143 7 7
157 149 7 7
157 153 7 7
158 147 7 7
158 155 7 7
159 150 7 7
159 143 7 7
140 147 7 7
140 150 7 7
141 143 7 7
141 144 7 7
162 161 8 8
162 160 8 8
163 160 8 8
163 162 8 8
164 163 8 8
164 162 8 8
165 162 8 8
165 164 8 8
166 165 8 8
166 162 8 8
167 163 8 8
167 160 8 8
168 163 8 8
168 160 8 8
169 161 8 8
169 167 8 8
170 161 8 8
170 165 8 8
171 163 8 8
171 165 8 8
172 163 8 8
172 166 8 8
173 168 8 8
173 164 8 8
174 166 8 8
174 170 8 8
175 164 8 8
175 161 8 8
176 174 8 8
176 172 8 8
177 174 8 8
177 171 8 8
178 172 8 8
178 161 8 8
179 162 8 8
179 174 8 8
160 176 8 8
160 164 8 8
161 171 8 8
161 177 8 8
182 180 9 9
182 181 9 9
183 180 9 9
183 181 9 9
184 181 9 9
184 180 9 9
185 181 9 9
185 183 9 9
186 185 9 9
186 181 9 9
187 181 9 9
187 186 9 9
188 187 9 9
188 180 9 9
189 184 9 9
189 187 9 9
190 184 9 9
190 189 9 9
191 184 9 9
191 182 9 9
192 186 9 9
192 183 9 9
193 182 9 9
193 188 9 9
194 182 9 9
194 192 9 9
195 185 9 9
195 188 9 9
196 186 9 9
196 187 9 9
197 185 9 9
197 189 9 9
198 183 9 9
198 187 9 9
199 195 9 9
199 189 9 9
180 191 9 9
180 192 9 9
181 188 9 9
181 199 9 9
202 201 10 10
202 200 10 10
203 202 10 10
203 200 10 10
204 200 10 10
204 202 10 10
205 204 10 10
205 200 10 10
206 202 10 10
206 200 10 10
207 205 10 10
207 202 10 10
208 202 10 10
208 205 10 10
209 206 10 10
209 202 10 10
210 207 10 10
210 203 10 10
211 205 10 10
211 201 10 10
212 205 10 10
212 202 10 10
213 205 10 10
213 208 10 10
214 212 10 10
214 204 10 10
215 209 10 10
215 208 10 10
216 204 10 10
216 213 10 10
217 201 10 10
217 203 10 10
218 201 10 10
218 200 10 10
219 212 10 10
219 208 10 10
200 210 10 10
200 211 10 10
201 208 10 10
201 210 10 10
222 220 11 11
222 221 11 11
223 221 11 11
223 222 11 11
224 223 11 11
224 222 11 11
225 221 11 11
225 223 11 11
226 223 11 11
226 222 11 11
227 225 11 11
227 223 11 11
228 225 11 11
228 227 11 11
229 228 11 11
229 220 11 11
230 223 11 11
230 224 11 11
231 229 11 11
231 223 11 11
232 230 11 11
232 231 11 11
233 224 11 11
233 225 11 11
234 220 11 11
234 221 11 11
235 225 11 11
235 223 11 11
236 225 11 11
236 227 11 11
237 224 11 11
237 221 11 11
238 236 11 11
238 229 11 11
239 237 11 11
239 220 11 11
220 233 11 11
220 231 11 11
221 226 11 11
221 231 11 11
242 241 12 12
242 240 12 12
243 241 12 12
243 242 12 12
244 243 12 12
244 241 12 12
245 240 12 12
245 244 12 12
246 241 12 12
246 242 12 12
247 246 12 12
247 241 12 12
248 241 12 12
248 246 12 12
249 242 12 12
249 245 12 12
250 248 12 12
250 242 12 12
251 240 12 12
251 245 12 12
252 244 12 12
252 251 12 12
253 241 12 12
253 242 12 12
254 245 12 12
254 242 12 12
255 241 12 12
255 246 12 12
256 255 12 12
256 242 12 12
257 240 12 12
257 251 12 12
258 250 12 12
258 253 12 12
259 245 12 12
259 252 12 12
240 244 12 12
240 258 12 12
241 258 12 12
241 250 12 12
262 260 13 13
262 261 13 13
263 262 13 13
263 260 13 13
264 263 13 13
264 262 13 13
265 264 13 13
265 261 13 13
266 262 13 13
266 263 13 13
267 262 13 13
267 265 13 13
268 265 13 13
268 261 13 13
269 263 13 13
269 262 13 13
270 268 13 13
270 267 13 13
271 268 13 13
271 270 13 13
272 267 13 13
272 263 13 13
273 272 13 13
273 271 13 13
274 268 13 13
274 262 13 13
275 265 13 13
275 261 13 13
276 272 13 13
276 261 13 13
277 273 13 13
277 275 13 13
278 269 13 13
278 262 13 13
279 261 13 13
279 269 13 13
260 276 13 13
260 279 13 13
261 277 13 13
261 271 13 13
282 280 14 14
282 281 14 14
283 280 14 14
283 282 14 14
284 283 14 14
284 281 14 14
285 281 14 14
285 282 14 14
286 281 14 14
286 285 14 14
287 285 14 14
287 280 14 14
288 285 14 14
288 280 14 14
289 282 14 14
289 281 14 14
290 285 14 14
290 289 14 14
291 287 14 14
291 281 14 14
292 288 14 14
292 287 14 14
293 284 14 14
293 292 14 14
294 287 14 14
294 286 14 14
295 294 14 14
295 283 14 14
296 293 14 14
296 295 14 14
297 288 14 14
297 295 14 14
298 284 14 14
298 280 14 14
299 298 14 14
299 294 14 14
280 296 14 14
280 299 14 14
281 297 14 14
281 288 14 14
302 301 15 15
302 300 15 15
303 300 15 15
303 302 15 15
304 303 15 15
304 300 15 15
305 301 15 15
305 303 15 15
306 305 15 15
306 301 15 15
307 303 15 15
307 300 15 15
308 307 15 15
308 306 15 15
309 300 15 15
309 301 15 15
310 306 15 15
310 304 15 15
311 306 15 15
311 308 15 15
312 304 15 15
312 300 15 15
313 312 15 15
313 303 15 15
314 301 15 15
314 313 15 15
315 306 15 15
315 301 15 15
316 315 15 15
316 307 15 15
317 307 15 15
317 314 15 15
318 305 15 15
318 309 15 15
319 314 15 15
319 303 15 15
300 308 15 15
300 319 15 15
301 303 15 15
301 304 15 15
47 7 2 0
46 31 2 1
71 34 3 1
72 50 3 2
96 44 4 2
82 79 4 3
106 17 5 0
109 26 5 1
127 103 6 5
132 15 6 0
142 48 7 2
145 84 7 4
165 101 8 5
177 125 8 6
188 172 9 8
181 49 9 2
214 101 10 5
214 129 10 6
239 125 11 6
223 25 11 1
245 46 12 2
252 96 12 4
278 75 13 3
268 176 13 8
298 99 14 4
296 150 14 7
301 278 15 13
317 194 15 9
4 75 0 3
13 250 0 12
23 167 1 8
27 207 1 10
