swNum = 320
edgeNum = 672

0 0
1 0
2 0
3 0
4 0
5 0
6 0
7 0
8 0
9 0
10 0
11 0
12 0
13 0
14 0
15 0
16 0
17 0
18 0
19 0
20 1
21 1
22 1
23 1
24 1
25 1
26 1
27 1
28 1
29 1
30 1
31 1
32 1
33 1
34 1
35 1
36 1
37 1
38 1
39 1
40 2
41 2
42 2
43 2
44 2
45 2
46 2
47 2
48 2
49 2
50 2
51 2
52 2
53 2
54 2
55 2
56 2
57 2
58 2
59 2
60 3
61 3
62 3
63 3
64 3
65 3
66 3
67 3
68 3
69 3
70 3
71 3
72 3
73 3
74 3
75 3
76 3
77 3
78 3
79 3
80 4
81 4
82 4
83 4
84 4
85 4
86 4
87 4
88 4
89 4
90 4
91 4
92 4
93 4
94 4
95 4
96 4
97 4
98 4
99 4
100 5
101 5
102 5
103 5
104 5
105 5
106 5
107 5
108 5
109 5
110 5
111 5
112 5
113 5
114 5
115 5
116 5
117 5
118 5
119 5
120 6
121 6
122 6
123 6
124 6
125 6
126 6
127 6
128 6
129 6
130 6
131 6
132 6
133 6
134 6
135 6
136 6
137 6
138 6
139 6
140 7
141 7
142 7
143 7
144 7
145 7
146 7
147 7
148 7
149 7
150 7
151 7
152 7
153 7
154 7
155 7
156 7
157 7
158 7
159 7
160 8
161 8
162 8
163 8
164 8
165 8
166 8
167 8
168 8
169 8
170 8
171 8
172 8
173 8
174 8
175 8
176 8
177 8
178 8
179 8
180 9
181 9
182 9
183 9
184 9
185 9
186 9
187 9
188 9
189 9
190 9
191 9
192 9
193 9
194 9
195 9
196 9
197 9
198 9
199 9
200 10
201 10
202 10
203 10
204 10
205 10
206 10
207 10
208 10
209 10
210 10
211 10
212 10
213 10
214 10
215 10
216 10
217 10
218 10
219 10
220 11
221 11
222 11
223 11
224 11
225 11
226 11
227 11
228 11
229 11
230 11
231 11
232 11
233 11
234 11
235 11
236 11
237 11
238 11
239 11
240 12
241 12
242 12
243 12
244 12
245 12
246 12
247 12
248 12
249 12
250 12
251 12
252 12
253 12
254 12
255 12
256 12
257 12
258 12
259 12
260 13
261 13
262 13
263 13
264 13
265 13
266 13
267 13
268 13
269 13
270 13
271 13
272 13
273 13
274 13
275 13
276 13
277 13
278 13
279 13
280 14
281 14
282 14
283 14
284 14
285 14
286 14
287 14
288 14
289 14
290 14
291 14
292 14
293 14
294 14
295 14
296 14
297 14
298 14
299 14
300 15
301 15
302 15
303 15
304 15
305 15
306 15
307 15
308 15
309 15
310 15
311 15
312 15
313 15
314 15
315 15
316 15
317 15
318 15
319 15

2 0 0 0
2 1 0 0
3 0 0 0
3 1 0 0
4 2 0 0
4 1 0 0
5 4 0 0
5 1 0 0
6 4 0 0
6 1 0 0
7 3 0 0
7 0 0 0
8 0 0 0
8 3 0 0
9 0 0 0
9 2 0 0
10 6 0 0
10 1 0 0
11 2 0 0
11 8 0 0
12 2 0 0
12 0 0 0
13 11 0 0
13 4 0 0
14 10 0 0
14 5 0 0
15 10 0 0
15 9 0 0
16 2 0 0
16 5 0 0
17 13 0 0
17 12 0 0
18 15 0 0
18 9 0 0
19 15 0 0
19 12 0 0
0 17 0 0
0 11 0 0
1 14 0 0
1 9 0 0
22 20 1 1
22 21 1 1
23 21 1 1
23 20 1 1
24 20 1 1
24 21 1 1
25 22 1 1
25 21 1 1
26 25 1 1
26 21 1 1
27 22 1 1
27 24 1 1
28 27 1 1
28 26 1 1
29 20 1 1
29 26 1 1
30 20 1 1
30 26 1 1
31 26 1 1
31 21 1 1
32 24 1 1
32 22 1 1
33 26 1 1
33 30 1 1
34 22 1 1
34 24 1 1
35 32 1 1
35 20 1 1
36 32 1 1
36 20 1 1
37 35 1 1
37 36 1 1
38 23 1 1
38 31 1 1
39 37 1 1
39 32 1 1
20 34 1 1
20 26 1 1
21 29 1 1
21 36 1 1
42 41 2 2
42 40 2 2
43 41 2 2
43 42 2 2
44 41 2 2
44 40 2 2
45 40 2 2
45 42 2 2
46 44 2 2
46 40 2 2
47 44 2 2
47 40 2 2
48 41 2 2
48 44 2 2
49 41 2 2
49 43 2 2
50 43 2 2
50 42 2 2
51 41 2 2
51 50 2 2
52 47 2 2
52 42 2 2
53 50 2 2
53 44 2 2
54 46 2 2
54 47 2 2
55 50 2 2
55 47 2 2
56 47 2 2
56 48 2 2
57 43 2 2
57 51 2 2
58 46 2 2
58 56 2 2
59 41 2 2
59 53 2 2
40 58 2 2
40 54 2 2
41 46 2 2
41 57 2 2
62 60 3 3
62 61 3 3
63 60 3 3
63 62 3 3
64 60 3 3
64 62 3 3
65 60 3 3
65 63 3 3
66 64 3 3
66 61 3 3
67 61 3 3
67 64 3 3
68 61 3 3
68 62 3 3
69 68 3 3
69 66 3 3
70 67 3 3
70 61 3 3
71 63 3 3
71 70 3 3
72 71 3 3
72 61 3 3
73 63 3 3
73 69 3 3
74 71 3 3
74 64 3 3
75 66 3 3
75 65 3 3
76 61 3 3
76 63 3 3
77 72 3 3
77 61 3 3
78 71 3 3
78 69 3 3
79 67 3 3
79 77 3 3
60 78 3 3
60 73 3 3
61 71 3 3
61 79 3 3
82 81 4 4
82 80 4 4
83 82 4 4
83 80 4 4
84 80 4 4
84 82 4 4
85 83 4 4
85 84 4 4
86 80 4 4
86 81 4 4
87 83 4 4
87 85 4 4
88 82 4 4
88 83 4 4
89 87 4 4
89 83 4 4
90 82 4 4
90 84 4 4
91 81 4 4
91 82 4 4
92 82 4 4
92 80 4 4
93 83 4 4
93 87 4 4
94 83 4 4
94 82 4 4
95 93 4 4
95 87 4 4
96 94 4 4
96 81 4 4
97 91 4 4
97 95 4 4
98 83 4 4
98 92 4 4
99 90 4 4
99 94 4 4
80 85 4 4
80 96 4 4
81 94 4 4
81 92 4 4
102 101 5 5
102 100 5 5
103 100 5 5
103 101 5 5
104 102 5 5
104 101 5 5
105 102 5 5
105 104 5 5
106 101 5 5
106 100 5 5
107 106 5 5
107 103 5 5
108 105 5 5
108 104 5 5
109 107 5 5
109 100 5 5
110 104 5 5
110 108 5 5
111 110 5 5
111 101 5 5
112 104 5 5
112 108 5 5
113 108 5 5
113 106 5 5
114 108 5 5
114 103 5 5
115 106 5 5
115 104 5 5
116 107 5 5
116 105 5 5
117 103 5 5
117 109 5 5
118 109 5 5
118 101 5 5
119 103 5 5
119 104 5 5
100 117 5 5
100 118 5 5
101 112 5 5
101 105 5 5
122 120 6 6
122 121 6 6
123 121 6 6
123 120 6 6
124 121 6 6
124 120 6 6
125 121 6 6
125 124 6 6
126 125 6 6
126 124 6 6
127 121 6 6
127 123 6 6
128 125 6 6
128 123 6 6
129 123 6 6
129 125 6 6
130 127 6 6
130 123 6 6
131 121 6 6
131 123 6 6
132 124 6 6
132 120 6 6
133 123 6 6
133 121 6 6
134 123 6 6
134 125 6 6
135 127 6 6
135 125 6 6
136 124 6 6
136 134 6 6
137 134 6 6
137 130 6 6
138 123 6 6
138 129 6 6
139 127 6 6
139 124 6 6
120 128 6 6
120 127 6 6
121 134 6 6
121 126 6 6
142 141 7 7
142 140 7 7
143 141 7 7
143 140 7 7
144 141 7 7
144 142 7 7
145 141 7 7
145 143 7 7
146 140 7 7
146 143 7 7
147 142 7 7
147 144 7 7
148 143 7 7
148 146 7 7
149 146 7 7
149 141 7 7
150 140 7 7
150 148 7 7
151 147 7 7
151 143 7 7
152 150 7 7
152 144 7 7
153 152 7 7
153 148 7 7
154 150 7 7
154 145 7 7
155 147 7 7
155 152 7 7
156 149 7 7
156 146 7 7
157 142 7 7
157 144 7 7
158 146 7 7
158 155 7 7
159 145 7 7
159 140 7 7
140 149 7 7
140 145 7 7
141 152 7 7
141 150 7 7
162 161 8 8
162 160 8 8
163 161 8 8
163 160 8 8
164 162 8 8
164 160 8 8
165 160 8 8
165 161 8 8
166 165 8 8
166 160 8 8
167 162 8 8
167 164 8 8
168 160 8 8
168 165 8 8
169 165 8 8
169 168 8 8
170 165 8 8
170 167 8 8
171 162 8 8
171 166 8 8
172 164 8 8
172 166 8 8
173 160 8 8
173 169 8 8
174 163 8 8
174 169 8 8
175 173 8 8
175 165 8 8
176 175 8 8
176 170 8 8
177 175 8 8
177 161 8 8
178 173 8 8
178 170 8 8
179 164 8 8
179 161 8 8
160 175 8 8
160 179 8 8
161 175 8 8
161 176 8 8
182 181 9 9
182 180 9 9
183 181 9 9
183 182 9 9
184 182 9 9
184 180 9 9
185 184 9 9
185 182 9 9
186 183 9 9
186 181 9 9
187 181 9 9
187 182 9 9
188 183 9 9
188 180 9 9
189 186 9 9
189 187 9 9
190 186 9 9
190 188 9 9
191 189 9 9
191 190 9 9
192 182 9 9
192 186 9 9
193 188 9 9
193 183 9 9
194 186 9 9
194 189 9 9
195 185 9 9
195 191 9 9
196 192 9 9
196 182 9 9
197 192 9 9
197 182 9 9
198 189 9 9
198 183 9 9
199 186 9 9
199 198 9 9
180 194 9 9
180 185 9 9
181 199 9 9
181 196 9 9
202 201 10 10
202 200 10 10
203 201 10 10
203 202 10 10
204 200 10 10
204 203 10 10
205 203 10 10
205 201 10 10
206 205 10 10
206 200 10 10
207 206 10 10
207 203 10 10
208 200 10 10
208 205 10 10
209 205 10 10
209 204 10 10
210 206 10 10
210 208 10 10
211 209 10 10
211 202 10 10
212 201 10 10
212 207 10 10
213 206 10 10
213 208 10 10
214 210 10 10
214 203 10 10
215 206 10 10
215 207 10 10
216 211 10 10
216 202 10 10
217 207 10 10
217 204 10 10
218 211 10 10
218 217 10 10
219 203 10 10
219 202 10 10
200 210 10 10
200 219 10 10
201 213 10 10
201 215 10 10
222 221 11 11
222 220 11 11
223 221 11 11
223 220 11 11
224 222 11 11
224 220 11 11
225 223 11 11
225 224 11 11
226 223 11 11
226 221 11 11
227 224 11 11
227 220 11 11
228 225 11 11
228 227 11 11
229 225 11 11
229 228 11 11
230 222 11 11
230 224 11 11
231 222 11 11
231 221 11 11
232 222 11 11
232 227 11 11
233 226 11 11
233 230 11 11
234 227 11 11
234 230 11 11
235 229 11 11
235 225 11 11
236 232 11 11
236 226 11 11
237 227 11 11
237 230 11 11
238 234 11 11
238 221 11 11
239 235 11 11
239 221 11 11
220 232 11 11
220 230 11 11
221 224 11 11
221 230 11 11
242 241 12 12
242 240 12 12
243 242 12 12
243 241 12 12
244 243 12 12
244 241 12 12
245 243 12 12
245 242 12 12
246 243 12 12
246 241 12 12
247 246 12 12
247 244 12 12
248 247 12 12
248 246 12 12
249 240 12 12
249 246 12 12
250 246 12 12
250 242 12 12
251 248 12 12
251 247 12 12
252 250 12 12
252 246 12 12
253 243 12 12
253 249 12 12
254 243 12 12
254 246 12 12
255 253 12 12
255 250 12 12
256 245 12 12
256 249 12 12
257 247 12 12
257 254 12 12
258 246 12 12
258 240 12 12
259 257 12 12
259 240 12 12
240 256 12 12
240 247 12 12
241 259 12 12
241 249 12 12
262 261 13 13
262 260 13 13
263 262 13 13
263 261 13 13
264 261 13 13
264 260 13 13
265 263 13 13
265 262 13 13
266 260 13 13
266 262 13 13
267 261 13 13
267 263 13 13
268 267 13 13
268 262 13 13
269 266 13 13
269 263 13 13
270 264 13 13
270 267 13 13
271 268 13 13
271 270 13 13
272 270 13 13
272 266 13 13
273 263 13 13
273 261 13 13
274 271 13 13
274 270 13 13
275 268 13 13
275 266 13 13
276 275 13 13
276 274 13 13
277 273 13 13
277 263 13 13
278 270 13 13
278 265 13 13
279 261 13 13
279 269 13 13
260 263 13 13
260 267 13 13
261 265 13 13
261 270 13 13
282 280 14 14
282 281 14 14
283 282 14 14
283 281 14 14
284 281 14 14
284 283 14 14
285 282 14 14
285 283 14 14
286 281 14 14
286 283 14 14
287 282 14 14
287 286 14 14
288 284 14 14
288 280 14 14
289 282 14 14
289 284 14 14
290 289 14 14
290 286 14 14
291 288 14 14
291 284 14 14
292 281 14 14
292 284 14 14
293 283 14 14
293 291 14 14
294 283 14 14
294 289 14 14
295 289 14 14
295 294 14 14
296 282 14 14
296 290 14 14
297 291 14 14
297 281 14 14
298 286 14 14
298 295 14 14
299 298 14 14
299 283 14 14
280 287 14 14
280 290 14 14
281 291 14 14
281 289 14 14
302 301 15 15
302 300 15 15
303 300 15 15
303 302 15 15
304 302 15 15
304 300 15 15
305 302 15 15
305 303 15 15
306 303 15 15
306 301 15 15
307 304 15 15
307 306 15 15
308 305 15 15
308 304 15 15
309 300 15 15
309 302 15 15
310 305 15 15
310 300 15 15
311 304 15 15
311 302 15 15
312 300 15 15
312 309 15 15
313 304 15 15
313 311 15 15
314 307 15 15
314 313 15 15
315 313 15 15
315 314 15 15
316 307 15 15
316 306 15 15
317 310 15 15
317 313 15 15
318 317 15 15
318 306 15 15
319 313 15 15
319 306 15 15
300 313 15 15
300 307 15 15
301 310 15 15
301 311 15 15
54 35 2 1
43 8 2 0
65 1 3 0
62 38 3 1
84 76 4 3
82 32 4 1
116 2 5 0
117 62 5 3
127 79 6 3
137 23 6 1
148 18 7 0
149 127 7 6
177 155 8 7
163 45 8 2
183 62 9 3
198 122 9 6
213 129 10 6
216 97 10 4
223 105 11 5
223 1 11 0
243 137 12 6
244 95 12 4
266 111 13 5
273 77 13 3
292 216 14 10
296 117 14 5
310 11 15 0
304 114 15 5
18 135 0 6
10 176 0 8
34 202 1 10
31 279 1 13
