swNum = 320
edgeNum = 672

0 0
1 0
2 0
3 0
4 0
5 0
6 0
7 0
8 0
9 0
10 0
11 0
12 0
13 0
14 0
15 0
16 0
17 0
18 0
19 0
20 1
21 1
22 1
23 1
24 1
25 1
26 1
27 1
28 1
29 1
30 1
31 1
32 1
33 1
34 1
35 1
36 1
37 1
38 1
39 1
40 2
41 2
42 2
43 2
44 2
45 2
46 2
47 2
48 2
49 2
50 2
51 2
52 2
53 2
54 2
55 2
56 2
57 2
58 2
59 2
60 3
61 3
62 3
63 3
64 3
65 3
66 3
67 3
68 3
69 3
70 3
71 3
72 3
73 3
74 3
75 3
76 3
77 3
78 3
79 3
80 4
81 4
82 4
83 4
84 4
85 4
86 4
87 4
88 4
89 4
90 4
91 4
92 4
93 4
94 4
95 4
96 4
97 4
98 4
99 4
100 5
101 5
102 5
103 5
104 5
105 5
106 5
107 5
108 5
109 5
110 5
111 5
112 5
113 5
114 5
115 5
116 5
117 5
118 5
119 5
120 6
121 6
122 6
123 6
124 6
125 6
126 6
127 6
128 6
129 6
130 6
131 6
132 6
133 6
134 6
135 6
136 6
137 6
138 6
139 6
140 7
141 7
142 7
143 7
144 7
145 7
146 7
147 7
148 7
149 7
150 7
151 7
152 7
153 7
154 7
155 7
156 7
157 7
158 7
159 7
160 8
161 8
162 8
163 8
164 8
165 8
166 8
167 8
168 8
169 8
170 8
171 8
172 8
173 8
174 8
175 8
176 8
177 8
178 8
179 8
180 9
181 9
182 9
183 9
184 9
185 9
186 9
187 9
188 9
189 9
190 9
191 9
192 9
193 9
194 9
195 9
196 9
197 9
198 9
199 9
200 10
201 10
202 10
203 10
204 10
205 10
206 10
207 10
208 10
209 10
210 10
211 10
212 10
213 10
214 10
215 10
216 10
217 10
218 10
219 10
220 11
221 11
222 11
223 11
224 11
225 11
226 11
227 11
228 11
229 11
230 11
231 11
232 11
233 11
234 11
235 11
236 11
237 11
238 11
239 11
240 12
241 12
242 12
243 12
244 12
245 12
246 12
247 12
248 12
249 12
250 12
251 12
252 12
253 12
254 12
255 12
256 12
257 12
258 12
259 12
260 13
261 13
262 13
263 13
264 13
265 13
266 13
267 13
268 13
269 13
270 13
271 13
272 13
273 13
274 13
275 13
276 13
277 13
278 13
279 13
280 14
281 14
282 14
283 14
284 14
285 14
286 14
287 14
288 14
289 14
290 14
291 14
292 14
293 14
294 14
295 14
296 14
297 14
298 14
299 14
300 15
301 15
302 15
303 15
304 15
305 15
306 15
307 15
308 15
309 15
310 15
311 15
312 15
313 15
314 15
315 15
316 15
317 15
318 15
319 15

2 1 0 0
2 0 0 0
3 2 0 0
3 0 0 0
4 2 0 0
4 3 0 0
5 1 0 0
5 4 0 0
6 5 0 0
6 2 0 0
7 6 0 0
7 1 0 0
8 2 0 0
8 5 0 0
9 4 0 0
9 8 0 0
10 9 0 0
10 8 0 0
11 9 0 0
11 7 0 0
12 9 0 0
12 3 0 0
13 1 0 0
13 2 0 0
14 4 0 0
14 3 0 0
15 11 0 0
15 3 0 0
16 8 0 0
16 10 0 0
17 13 0 0
17 3 0 0
18 6 0 0
18 13 0 0
19 3 0 0
19 8 0 0
0 7 0 0
0 9 0 0
1 11 0 0
1 15 0 0
22 21 1 1
22 20 1 1
23 20 1 1
23 22 1 1
24 23 1 1
24 20 1 1
25 23 1 1
25 24 1 1
26 22 1 1
26 21 1 1
27 21 1 1
27 20 1 1
28 21 1 1
28 26 1 1
29 20 1 1
29 27 1 1
30 20 1 1
30 28 1 1
31 29 1 1
31 23 1 1
32 22 1 1
32 20 1 1
33 31 1 1
33 29 1 1
34 32 1 1
34 28 1 1
35 20 1 1
35 30 1 1
36 22 1 1
36 23 1 1
37 23 1 1
37 36 1 1
38 24 1 1
38 27 1 1
39 34 1 1
39 21 1 1
20 31 1 1
20 26 1 1
21 33 1 1
21 31 1 1
42 41 2 2
42 40 2 2
43 41 2 2
43 42 2 2
44 40 2 2
44 41 2 2
45 44 2 2
45 42 2 2
46 45 2 2
46 42 2 2
47 44 2 2
47 45 2 2
48 47 2 2
48 43 2 2
49 41 2 2
49 46 2 2
50 48 2 2
50 45 2 2
51 47 2 2
51 45 2 2
52 45 2 2
52 40 2 2
53 52 2 2
53 41 2 2
54 46 2 2
54 43 2 2
55 40 2 2
55 49 2 2
56 49 2 2
56 44 2 2
57 55 2 2
57 49 2 2
58 41 2 2
58 46 2 2
59 58 2 2
59 43 2 2
40 48 2 2
40 49 2 2
41 46 2 2
41 56 2 2
62 61 3 3
62 60 3 3
63 60 3 3
63 62 3 3
64 63 3 3
64 62 3 3
65 62 3 3
65 61 3 3
66 63 3 3
66 62 3 3
67 66 3 3
67 65 3 3
68 66 3 3
68 65 3 3
69 64 3 3
69 61 3 3
70 61 3 3
70 60 3 3
71 61 3 3
71 65 3 3
72 63 3 3
72 67 3 3
73 72 3 3
73 63 3 3
74 70 3 3
74 60 3 3
75 60 3 3
75 63 3 3
76 74 3 3
76 71 3 3
77 68 3 3
77 70 3 3
78 68 3 3
78 71 3 3
79 70 3 3
79 60 3 3
60 71 3 3
60 65 3 3
61 79 3 3
61 74 3 3
82 80 4 4
82 81 4 4
83 82 4 4
83 80 4 4
84 80 4 4
84 83 4 4
85 83 4 4
85 82 4 4
86 81 4 4
86 83 4 4
87 82 4 4
87 84 4 4
88 86 4 4
88 81 4 4
89 88 4 4
89 86 4 4
90 83 4 4
90 84 4 4
91 84 4 4
91 89 4 4
92 83 4 4
92 87 4 4
93 92 4 4
93 84 4 4
94 82 4 4
94 83 4 4
95 89 4 4
95 86 4 4
96 86 4 4
96 83 4 4
97 94 4 4
97 88 4 4
98 96 4 4
98 88 4 4
99 87 4 4
99 80 4 4
80 98 4 4
80 87 4 4
81 84 4 4
81 98 4 4
102 101 5 5
102 100 5 5
103 101 5 5
103 100 5 5
104 101 5 5
104 103 5 5
105 100 5 5
105 104 5 5
106 103 5 5
106 100 5 5
107 100 5 5
107 101 5 5
108 104 5 5
108 105 5 5
109 106 5 5
109 101 5 5
110 106 5 5
110 109 5 5
111 108 5 5
111 104 5 5
112 101 5 5
112 103 5 5
113 105 5 5
113 111 5 5
114 105 5 5
114 112 5 5
115 100 5 5
115 105 5 5
116 101 5 5
116 105 5 5
117 116 5 5
117 103 5 5
118 103 5 5
118 110 5 5
119 114 5 5
119 107 5 5
100 110 5 5
100 117 5 5
101 118 5 5
101 114 5 5
122 120 6 6
122 121 6 6
123 122 6 6
123 121 6 6
124 122 6 6
124 121 6 6
125 120 6 6
125 123 6 6
126 123 6 6
126 120 6 6
127 121 6 6
127 125 6 6
128 125 6 6
128 126 6 6
129 127 6 6
129 128 6 6
130 127 6 6
130 123 6 6
131 121 6 6
131 130 6 6
132 125 6 6
132 124 6 6
133 126 6 6
133 132 6 6
134 121 6 6
134 124 6 6
135 132 6 6
135 122 6 6
136 123 6 6
136 129 6 6
137 129 6 6
137 124 6 6
138 134 6 6
138 122 6 6
139 138 6 6
139 137 6 6
120 133 6 6
120 127 6 6
121 130 6 6
121 125 6 6
142 141 7 7
142 140 7 7
143 140 7 7
143 141 7 7
144 141 7 7
144 140 7 7
145 144 7 7
145 140 7 7
146 143 7 7
146 140 7 7
147 143 7 7
147 142 7 7
148 147 7 7
148 144 7 7
149 143 7 7
149 147 7 7
150 143 7 7
150 141 7 7
151 149 7 7
151 150 7 7
152 149 7 7
152 140 7 7
153 143 7 7
153 149 7 7
154 153 7 7
154 141 7 7
155 140 7 7
155 146 7 7
156 153 7 7
156 140 7 7
157 147 7 7
157 155 7 7
158 156 7 7
158 140 7 7
159 151 7 7
159 142 7 7
140 148 7 7
140 157 7 7
141 149 7 7
141 148 7 7
162 161 8 8
162 160 8 8
163 161 8 8
163 162 8 8
164 163 8 8
164 161 8 8
165 162 8 8
165 161 8 8
166 163 8 8
166 164 8 8
167 165 8 8
167 164 8 8
168 161 8 8
168 165 8 8
169 164 8 8
169 168 8 8
170 163 8 8
170 166 8 8
171 164 8 8
171 163 8 8
172 171 8 8
172 165 8 8
173 170 8 8
173 172 8 8
174 169 8 8
174 163 8 8
175 170 8 8
175 166 8 8
176 174 8 8
176 166 8 8
177 176 8 8
177 162 8 8
178 175 8 8
178 168 8 8
179 176 8 8
179 172 8 8
160 178 8 8
160 177 8 8
161 174 8 8
161 178 8 8
182 181 9 9
182 180 9 9
183 182 9 9
183 181 9 9
184 181 9 9
184 180 9 9
185 183 9 9
185 182 9 9
186 182 9 9
186 183 9 9
187 186 9 9
187 183 9 9
188 181 9 9
188 180 9 9
189 184 9 9
189 185 9 9
190 183 9 9
190 182 9 9
191 184 9 9
191 182 9 9
192 191 9 9
192 188 9 9
193 183 9 9
193 192 9 9
194 192 9 9
194 181 9 9
195 187 9 9
195 181 9 9
196 193 9 9
196 185 9 9
197 196 9 9
197 189 9 9
198 195 9 9
198 181 9 9
199 196 9 9
199 186 9 9
180 197 9 9
180 195 9 9
181 192 9 9
181 197 9 9
202 200 10 10
202 201 10 10
203 202 10 10
203 200 10 10
204 202 10 10
204 200 10 10
205 201 10 10
205 204 10 10
206 202 10 10
206 201 10 10
207 206 10 10
207 202 10 10
208 205 10 10
208 207 10 10
209 206 10 10
209 203 10 10
210 209 10 10
210 202 10 10
211 208 10 10
211 209 10 10
212 203 10 10
212 201 10 10
213 201 10 10
213 209 10 10
214 209 10 10
214 202 10 10
215 213 10 10
215 210 10 10
216 207 10 10
216 206 10 10
217 201 10 10
217 212 10 10
218 203 10 10
218 211 10 10
219 204 10 10
219 213 10 10
200 208 10 10
200 209 10 10
201 219 10 10
201 209 10 10
222 220 11 11
222 221 11 11
223 220 11 11
223 222 11 11
224 223 11 11
224 220 11 11
225 223 11 11
225 221 11 11
226 223 11 11
226 221 11 11
227 224 11 11
227 222 11 11
228 225 11 11
228 220 11 11
229 221 11 11
229 220 11 11
230 220 11 11
230 227 11 11
231 226 11 11
231 221 11 11
232 222 11 11
232 231 11 11
233 224 11 11
233 228 11 11
234 220 11 11
234 226 11 11
235 228 11 11
235 222 11 11
236 234 11 11
236 233 11 11
237 223 11 11
237 226 11 11
238 222 11 11
238 229 11 11
239 231 11 11
239 224 11 11
220 238 11 11
220 237 11 11
221 227 11 11
221 237 11 11
242 241 12 12
242 240 12 12
243 242 12 12
243 241 12 12
244 243 12 12
244 242 12 12
245 244 12 12
245 243 12 12
246 244 12 12
246 242 12 12
247 245 12 12
247 246 12 12
248 247 12 12
248 243 12 12
249 245 12 12
249 247 12 12
250 241 12 12
250 243 12 12
251 243 12 12
251 250 12 12
252 251 12 12
252 249 12 12
253 252 12 12
253 248 12 12
254 248 12 12
254 243 12 12
255 253 12 12
255 250 12 12
256 253 12 12
256 250 12 12
257 254 12 12
257 244 12 12
258 249 12 12
258 247 12 12
259 255 12 12
259 256 12 12
240 246 12 12
240 251 12 12
241 253 12 12
241 255 12 12
262 260 13 13
262 261 13 13
263 262 13 13
263 261 13 13
264 263 13 13
264 260 13 13
265 260 13 13
265 264 13 13
266 264 13 13
266 262 13 13
267 262 13 13
267 260 13 13
268 261 13 13
268 264 13 13
269 268 13 13
269 261 13 13
270 266 13 13
270 263 13 13
271 270 13 13
271 265 13 13
272 270 13 13
272 263 13 13
273 265 13 13
273 263 13 13
274 273 13 13
274 261 13 13
275 272 13 13
275 273 13 13
276 267 13 13
276 274 13 13
277 270 13 13
277 263 13 13
278 275 13 13
278 265 13 13
279 271 13 13
279 265 13 13
260 276 13 13
260 273 13 13
261 276 13 13
261 273 13 13
282 281 14 14
282 280 14 14
283 282 14 14
283 281 14 14
284 283 14 14
284 281 14 14
285 283 14 14
285 284 14 14
286 281 14 14
286 285 14 14
287 284 14 14
287 280 14 14
288 284 14 14
288 281 14 14
289 288 14 14
289 281 14 14
290 283 14 14
290 289 14 14
291 283 14 14
291 284 14 14
292 286 14 14
292 284 14 14
293 280 14 14
293 288 14 14
294 290 14 14
294 281 14 14
295 283 14 14
295 292 14 14
296 290 14 14
296 293 14 14
297 293 14 14
297 290 14 14
298 291 14 14
298 295 14 14
299 294 14 14
299 281 14 14
280 292 14 14
280 294 14 14
281 298 14 14
281 296 14 14
302 300 15 15
302 301 15 15
303 301 15 15
303 302 15 15
304 303 15 15
304 302 15 15
305 304 15 15
305 301 15 15
306 305 15 15
306 303 15 15
307 306 15 15
307 300 15 15
308 302 15 15
308 304 15 15
309 300 15 15
309 301 15 15
310 309 15 15
310 305 15 15
311 309 15 15
311 310 15 15
312 311 15 15
312 303 15 15
313 312 15 15
313 301 15 15
314 307 15 15
314 313 15 15
315 303 15 15
315 314 15 15
316 305 15 15
316 308 15 15
317 313 15 15
317 300 15 15
318 317 15 15
318 315 15 15
319 303 15 15
319 313 15 15
300 319 15 15
300 315 15 15
301 317 15 15
301 318 15 15
49 34 2 1
47 10 2 0
68 0 3 0
70 47 3 2
89 61 4 3
89 12 4 0
118 51 5 2
103 62 5 3
130 40 6 2
131 18 6 0
154 98 7 4
143 12 7 0
169 77 8 3
176 91 8 4
191 55 9 2
185 77 9 3
204 195 10 9
214 123 10 6
222 124 11 6
225 199 11 9
241 88 12 4
242 6 12 0
265 111 13 5
265 201 13 10
285 15 14 0
289 173 14 8
319 280 15 14
304 236 15 11
17 314 0 15
9 110 0 5
33 262 1 13
36 217 1 10
