swNum = 320
edgeNum = 672

0 0
1 0
2 0
3 0
4 0
5 0
6 0
7 0
8 0
9 0
10 0
11 0
12 0
13 0
14 0
15 0
16 0
17 0
18 0
19 0
20 1
21 1
22 1
23 1
24 1
25 1
26 1
27 1
28 1
29 1
30 1
31 1
32 1
33 1
34 1
35 1
36 1
37 1
38 1
39 1
40 2
41 2
42 2
43 2
44 2
45 2
46 2
47 2
48 2
49 2
50 2
51 2
52 2
53 2
54 2
55 2
56 2
57 2
58 2
59 2
60 3
61 3
62 3
63 3
64 3
65 3
66 3
67 3
68 3
69 3
70 3
71 3
72 3
73 3
74 3
75 3
76 3
77 3
78 3
79 3
80 4
81 4
82 4
83 4
84 4
85 4
86 4
87 4
88 4
89 4
90 4
91 4
92 4
93 4
94 4
95 4
96 4
97 4
98 4
99 4
100 5
101 5
102 5
103 5
104 5
105 5
106 5
107 5
108 5
109 5
110 5
111 5
112 5
113 5
114 5
115 5
116 5
117 5
118 5
119 5
120 6
121 6
122 6
123 6
124 6
125 6
126 6
127 6
128 6
129 6
130 6
131 6
132 6
133 6
134 6
135 6
136 6
137 6
138 6
139 6
140 7
141 7
142 7
143 7
144 7
145 7
146 7
147 7
148 7
149 7
150 7
151 7
152 7
153 7
154 7
155 7
156 7
157 7
158 7
159 7
160 8
161 8
162 8
163 8
164 8
165 8
166 8
167 8
168 8
169 8
170 8
171 8
172 8
173 8
174 8
175 8
176 8
177 8
178 8
179 8
180 9
181 9
182 9
183 9
184 9
185 9
186 9
187 9
188 9
189 9
190 9
191 9
192 9
193 9
194 9
195 9
196 9
197 9
198 9
199 9
200 10
201 10
202 10
203 10
204 10
205 10
206 10
207 10
208 10
209 10
210 10
211 10
212 10
213 10
214 10
215 10
216 10
217 10
218 10
219 10
220 11
221 11
222 11
223 11
224 11
225 11
226 11
227 11
228 11
229 11
230 11
231 11
232 11
233 11
234 11
235 11
236 11
237 11
238 11
239 11
240 12
241 12
242 12
243 12
244 12
245 12
246 12
247 12
248 12
249 12
250 12
251 12
252 12
253 12
254 12
255 12
256 12
257 12
258 12
259 12
260 13
261 13
262 13
263 13
264 13
265 13
266 13
267 13
268 13
269 13
270 13
271 13
272 13
273 13
274 13
275 13
276 13
277 13
278 13
279 13
280 14
281 14
282 14
283 14
284 14
285 14
286 14
287 14
288 14
289 14
290 14
291 14
292 14
293 14
294 14
295 14
296 14
297 14
298 14
299 14
300 15
301 15
302 15
303 15
304 15
305 15
306 15
307 15
308 15
309 15
310 15
311 15
312 15
313 15
314 15
315 15
316 15
317 15
318 15
319 15

2 0 0 0
2 1 0 0
3 1 0 0
3 0 0 0
4 0 0 0
4 1 0 0
5 0 0 0
5 2 0 0
6 1 0 0
6 4 0 0
7 0 0 0
7 5 0 0
8 4 0 0
8 6 0 0
9 3 0 0
9 1 0 0
10 6 0 0
10 3 0 0
11 10 0 0
11 0 0 0
12 9 0 0
12 10 0 0
13 3 0 0
13 12 0 0
14 10 0 0
14 11 0 0
15 12 0 0
15 0 0 0
16 4 0 0
16 12 0 0
17 3 0 0
17 10 0 0
18 10 0 0
18 6 0 0
19 13 0 0
19 10 0 0
0 16 0 0
0 8 0 0
1 17 0 0
1 15 0 0
22 21 1 1
22 20 1 1
23 22 1 1
23 21 1 1
24 22 1 1
24 21 1 1
25 22 1 1
25 20 1 1
26 21 1 1
26 22 1 1
27 26 1 1
27 21 1 1
28 22 1 1
28 25 1 1
29 22 1 1
29 21 1 1
30 23 1 1
30 22 1 1
31 25 1 1
31 22 1 1
32 30 1 1
32 26 1 1
33 20 1 1
33 27 1 1
34 22 1 1
34 27 1 1
35 31 1 1
35 26 1 1
36 35 1 1
36 28 1 1
37 21 1 1
37 26 1 1
38 25 1 1
38 28 1 1
39 21 1 1
39 24 1 1
20 35 1 1
20 36 1 1
21 32 1 1
21 33 1 1
42 41 2 2
42 40 2 2
43 42 2 2
43 40 2 2
44 41 2 2
44 42 2 2
45 44 2 2
45 43 2 2
46 40 2 2
46 42 2 2
47 46 2 2
47 43 2 2
48 46 2 2
48 43 2 2
49 46 2 2
49 42 2 2
50 45 2 2
50 43 2 2
51 47 2 2
51 42 2 2
52 43 2 2
52 48 2 2
53 41 2 2
53 47 2 2
54 42 2 2
54 53 2 2
55 54 2 2
55 41 2 2
56 48 2 2
56 44 2 2
57 56 2 2
57 46 2 2
58 50 2 2
58 49 2 2
59 57 2 2
59 58 2 2
40 54 2 2
40 56 2 2
41 51 2 2
41 47 2 2
62 60 3 3
62 61 3 3
63 62 3 3
63 60 3 3
64 63 3 3
64 60 3 3
65 62 3 3
65 61 3 3
66 65 3 3
66 62 3 3
67 66 3 3
67 65 3 3
68 60 3 3
68 64 3 3
69 63 3 3
69 64 3 3
70 66 3 3
70 62 3 3
71 64 3 3
71 69 3 3
72 64 3 3
72 69 3 3
73 69 3 3
73 63 3 3
74 66 3 3
74 65 3 3
75 62 3 3
75 68 3 3
76 74 3 3
76 73 3 3
77 61 3 3
77 72 3 3
78 67 3 3
78 66 3 3
79 61 3 3
79 67 3 3
60 66 3 3
60 78 3 3
61 71 3 3
61 78 3 3
82 81 4 4
82 80 4 4
83 82 4 4
83 80 4 4
84 83 4 4
84 81 4 4
85 84 4 4
85 80 4 4
86 83 4 4
86 80 4 4
87 81 4 4
87 83 4 4
88 82 4 4
88 87 4 4
89 82 4 4
89 81 4 4
90 81 4 4
90 84 4 4
91 83 4 4
91 89 4 4
92 86 4 4
92 91 4 4
93 82 4 4
93 90 4 4
94 80 4 4
94 85 4 4
95 83 4 4
95 86 4 4
96 95 4 4
96 92 4 4
97 94 4 4
97 91 4 4
98 85 4 4
98 84 4 4
99 88 4 4
99 83 4 4
80 97 4 4
80 89 4 4
81 92 4 4
81 97 4 4
102 100 5 5
102 101 5 5
103 100 5 5
103 102 5 5
104 100 5 5
104 103 5 5
105 102 5 5
105 103 5 5
106 102 5 5
106 103 5 5
107 106 5 5
107 104 5 5
108 104 5 5
108 107 5 5
109 100 5 5
109 106 5 5
110 108 5 5
110 101 5 5
111 101 5 5
111 104 5 5
112 106 5 5
112 107 5 5
113 109 5 5
113 112 5 5
114 101 5 5
114 100 5 5
115 110 5 5
115 100 5 5
116 102 5 5
116 106 5 5
117 110 5 5
117 100 5 5
118 115 5 5
118 107 5 5
119 109 5 5
119 100 5 5
100 113 5 5
100 107 5 5
101 113 5 5
101 108 5 5
122 121 6 6
122 120 6 6
123 121 6 6
123 122 6 6
124 122 6 6
124 121 6 6
125 124 6 6
125 121 6 6
126 122 6 6
126 120 6 6
127 126 6 6
127 124 6 6
128 122 6 6
128 126 6 6
129 128 6 6
129 124 6 6
130 124 6 6
130 123 6 6
131 124 6 6
131 130 6 6
132 121 6 6
132 128 6 6
133 131 6 6
133 120 6 6
134 125 6 6
134 122 6 6
135 125 6 6
135 133 6 6
136 122 6 6
136 124 6 6
137 122 6 6
137 124 6 6
138 128 6 6
138 133 6 6
139 131 6 6
139 123 6 6
120 138 6 6
120 134 6 6
121 137 6 6
121 136 6 6
142 141 7 7
142 140 7 7
143 140 7 7
143 142 7 7
144 141 7 7
144 142 7 7
145 141 7 7
145 144 7 7
146 140 7 7
146 145 7 7
147 146 7 7
147 140 7 7
148 146 7 7
148 145 7 7
149 142 7 7
149 145 7 7
150 140 7 7
150 143 7 7
151 145 7 7
151 149 7 7
152 140 7 7
152 148 7 7
153 151 7 7
153 148 7 7
154 140 7 7
154 141 7 7
155 142 7 7
155 140 7 7
156 148 7 7
156 153 7 7
157 152 7 7
157 156 7 7
158 155 7 7
158 152 7 7
159 155 7 7
159 144 7 7
140 159 7 7
140 148 7 7
141 143 7 7
141 146 7 7
162 161 8 8
162 160 8 8
163 162 8 8
163 160 8 8
164 162 8 8
164 163 8 8
165 162 8 8
165 160 8 8
166 161 8 8
166 164 8 8
167 160 8 8
167 164 8 8
168 162 8 8
168 160 8 8
169 163 8 8
169 167 8 8
170 163 8 8
170 166 8 8
171 170 8 8
171 160 8 8
172 166 8 8
172 163 8 8
173 168 8 8
173 170 8 8
174 165 8 8
174 169 8 8
175 171 8 8
175 163 8 8
176 172 8 8
176 167 8 8
177 161 8 8
177 171 8 8
178 164 8 8
178 160 8 8
179 171 8 8
179 174 8 8
160 173 8 8
160 166 8 8
161 165 8 8
161 173 8 8
182 181 9 9
182 180 9 9
183 180 9 9
183 182 9 9
184 182 9 9
184 181 9 9
185 181 9 9
185 180 9 9
186 183 9 9
186 182 9 9
187 182 9 9
187 180 9 9
188 182 9 9
188 181 9 9
189 188 9 9
189 182 9 9
190 188 9 9
190 181 9 9
191 181 9 9
191 182 9 9
192 183 9 9
192 190 9 9
193 183 9 9
193 188 9 9
194 192 9 9
194 182 9 9
195 184 9 9
195 191 9 9
196 186 9 9
196 182 9 9
197 183 9 9
197 187 9 9
198 191 9 9
198 192 9 9
199 189 9 9
199 194 9 9
180 196 9 9
180 193 9 9
181 198 9 9
181 186 9 9
202 201 10 10
202 200 10 10
203 201 10 10
203 202 10 10
204 201 10 10
204 200 10 10
205 200 10 10
205 201 10 10
206 204 10 10
206 202 10 10
207 205 10 10
207 204 10 10
208 207 10 10
208 205 10 10
209 201 10 10
209 200 10 10
210 205 10 10
210 208 10 10
211 203 10 10
211 201 10 10
212 202 10 10
212 206 10 10
213 203 10 10
213 209 10 10
214 213 10 10
214 206 10 10
215 200 10 10
215 211 10 10
216 201 10 10
216 202 10 10
217 205 10 10
217 213 10 10
218 202 10 10
218 214 10 10
219 212 10 10
219 209 10 10
200 212 10 10
200 211 10 10
201 206 10 10
201 214 10 10
222 220 11 11
222 221 11 11
223 222 11 11
223 220 11 11
224 222 11 11
224 221 11 11
225 223 11 11
225 222 11 11
226 223 11 11
226 222 11 11
227 225 11 11
227 222 11 11
228 223 11 11
228 226 11 11
229 226 11 11
229 222 11 11
230 228 11 11
230 225 11 11
231 221 11 11
231 222 11 11
232 224 11 11
232 231 11 11
233 227 11 11
233 223 11 11
234 230 11 11
234 232 11 11
235 231 11 11
235 225 11 11
236 225 11 11
236 228 11 11
237 226 11 11
237 228 11 11
238 236 11 11
238 235 11 11
239 221 11 11
239 236 11 11
220 227 11 11
220 230 11 11
221 230 11 11
221 225 11 11
242 240 12 12
242 241 12 12
243 240 12 12
243 242 12 12
244 240 12 12
244 242 12 12
245 243 12 12
245 240 12 12
246 241 12 12
246 242 12 12
247 244 12 12
247 241 12 12
248 247 12 12
248 245 12 12
249 248 12 12
249 240 12 12
250 248 12 12
250 244 12 12
251 249 12 12
251 248 12 12
252 248 12 12
252 251 12 12
253 248 12 12
253 251 12 12
254 246 12 12
254 240 12 12
255 248 12 12
255 240 12 12
256 243 12 12
256 241 12 12
257 240 12 12
257 246 12 12
258 248 12 12
258 256 12 12
259 255 12 12
259 252 12 12
240 258 12 12
240 253 12 12
241 257 12 12
241 252 12 12
262 260 13 13
262 261 13 13
263 260 13 13
263 262 13 13
264 262 13 13
264 261 13 13
265 264 13 13
265 261 13 13
266 261 13 13
266 264 13 13
267 261 13 13
267 264 13 13
268 266 13 13
268 261 13 13
269 262 13 13
269 266 13 13
270 261 13 13
270 265 13 13
271 269 13 13
271 263 13 13
272 262 13 13
272 260 13 13
273 261 13 13
273 265 13 13
274 261 13 13
274 268 13 13
275 261 13 13
275 274 13 13
276 267 13 13
276 266 13 13
277 275 13 13
277 263 13 13
278 277 13 13
278 263 13 13
279 264 13 13
279 270 13 13
260 271 13 13
260 268 13 13
261 279 13 13
261 278 13 13
282 280 14 14
282 281 14 14
283 282 14 14
283 281 14 14
284 282 14 14
284 283 14 14
285 284 14 14
285 282 14 14
286 282 14 14
286 283 14 14
287 285 14 14
287 283 14 14
288 281 14 14
288 280 14 14
289 284 14 14
289 285 14 14
290 285 14 14
290 280 14 14
291 283 14 14
291 282 14 14
292 286 14 14
292 283 14 14
293 291 14 14
293 286 14 14
294 288 14 14
294 282 14 14
295 286 14 14
295 294 14 14
296 287 14 14
296 294 14 14
297 289 14 14
297 281 14 14
298 281 14 14
298 280 14 14
299 297 14 14
299 291 14 14
280 284 14 14
280 291 14 14
281 286 14 14
281 291 14 14
302 301 15 15
302 300 15 15
303 301 15 15
303 300 15 15
304 303 15 15
304 300 15 15
305 300 15 15
305 301 15 15
306 301 15 15
306 300 15 15
307 300 15 15
307 303 15 15
308 305 15 15
308 303 15 15
309 308 15 15
309 300 15 15
310 303 15 15
310 301 15 15
311 310 15 15
311 301 15 15
312 305 15 15
312 304 15 15
313 303 15 15
313 306 15 15
314 302 15 15
314 313 15 15
315 304 15 15
315 302 15 15
316 312 15 15
316 308 15 15
317 308 15 15
317 310 15 15
318 313 15 15
318 317 15 15
319 316 15 15
319 314 15 15
300 312 15 15
300 311 15 15
301 316 15 15
301 313 15 15
57 10 2 0
47 32 2 1
60 24 3 1
75 45 3 2
92 78 4 3
95 2 4 0
109 24 5 1
116 63 5 3
135 48 6 2
130 2 6 0
157 117 7 5
158 99 7 4
166 110 8 5
163 60 8 3
190 176 9 8
186 39 9 1
205 181 10 9
208 48 10 2
238 207 11 10
220 42 11 2
250 192 12 9
255 70 12 3
274 150 13 7
275 83 13 4
282 54 14 2
293 101 14 5
314 108 15 5
302 236 15 11
6 277 0 13
11 167 0 8
37 159 1 7
31 248 1 12
