swNum = 320
edgeNum = 672

0 0
1 0
2 0
3 0
4 0
5 0
6 0
7 0
8 0
9 0
10 0
11 0
12 0
13 0
14 0
15 0
16 0
17 0
18 0
19 0
20 1
21 1
22 1
23 1
24 1
25 1
26 1
27 1
28 1
29 1
30 1
31 1
32 1
33 1
34 1
35 1
36 1
37 1
38 1
39 1
40 2
41 2
42 2
43 2
44 2
45 2
46 2
47 2
48 2
49 2
50 2
51 2
52 2
53 2
54 2
55 2
56 2
57 2
58 2
59 2
60 3
61 3
62 3
63 3
64 3
65 3
66 3
67 3
68 3
69 3
70 3
71 3
72 3
73 3
74 3
75 3
76 3
77 3
78 3
79 3
80 4
81 4
82 4
83 4
84 4
85 4
86 4
87 4
88 4
89 4
90 4
91 4
92 4
93 4
94 4
95 4
96 4
97 4
98 4
99 4
100 5
101 5
102 5
103 5
104 5
105 5
106 5
107 5
108 5
109 5
110 5
111 5
112 5
113 5
114 5
115 5
116 5
117 5
118 5
119 5
120 6
121 6
122 6
123 6
124 6
125 6
126 6
127 6
128 6
129 6
130 6
131 6
132 6
133 6
134 6
135 6
136 6
137 6
138 6
139 6
140 7
141 7
142 7
143 7
144 7
145 7
146 7
147 7
148 7
149 7
150 7
151 7
152 7
153 7
154 7
155 7
156 7
157 7
158 7
159 7
160 8
161 8
162 8
163 8
164 8
165 8
166 8
167 8
168 8
169 8
170 8
171 8
172 8
173 8
174 8
175 8
176 8
177 8
178 8
179 8
180 9
181 9
182 9
183 9
184 9
185 9
186 9
187 9
188 9
189 9
190 9
191 9
192 9
193 9
194 9
195 9
196 9
197 9
198 9
199 9
200 10
201 10
202 10
203 10
204 10
205 10
206 10
207 10
208 10
209 10
210 10
211 10
212 10
213 10
214 10
215 10
216 10
217 10
218 10
219 10
220 11
221 11
222 11
223 11
224 11
225 11
226 11
227 11
228 11
229 11
230 11
231 11
232 11
233 11
234 11
235 11
236 11
237 11
238 11
239 11
240 12
241 12
242 12
243 12
244 12
245 12
246 12
247 12
248 12
249 12
250 12
251 12
252 12
253 12
254 12
255 12
256 12
257 12
258 12
259 12
260 13
261 13
262 13
263 13
264 13
265 13
266 13
267 13
268 13
269 13
270 13
271 13
272 13
273 13
274 13
275 13
276 13
277 13
278 13
279 13
280 14
281 14
282 14
283 14
284 14
285 14
286 14
287 14
288 14
289 14
290 14
291 14
292 14
293 14
294 14
295 14
296 14
297 14
298 14
299 14
300 15
301 15
302 15
303 15
304 15
305 15
306 15
307 15
308 15
309 15
310 15
311 15
312 15
313 15
314 15
315 15
316 15
317 15
318 15
319 15

2 0 0 0
2 1 0 0
3 0 0 0
3 2 0 0
4 2 0 0
4 0 0 0
5 0 0 0
5 2 0 0
6 5 0 0
6 0 0 0
7 0 0 0
7 6 0 0
8 6 0 0
8 7 0 0
9 3 0 0
9 4 0 0
10 7 0 0
10 2 0 0
11 6 0 0
11 5 0 0
12 2 0 0
12 3 0 0
13 3 0 0
13 12 0 0
14 8 0 0
14 4 0 0
15 14 0 0
15 5 0 0
16 0 0 0
16 5 0 0
17 5 0 0
17 3 0 0
18 8 0 0
18 0 0 0
19 16 0 0
19 2 0 0
0 15 0 0
0 17 0 0
1 5 0 0
1 11 0 0
22 21 1 1
22 20 1 1
23 21 1 1
23 20 1 1
24 21 1 1
24 20 1 1
25 24 1 1
25 20 1 1
26 21 1 1
26 23 1 1
27 24 1 1
27 20 1 1
28 25 1 1
28 24 1 1
29 22 1 1
29 27 1 1
30 20 1 1
30 21 1 1
31 27 1 1
31 29 1 1
32 20 1 1
32 27 1 1
33 31 1 1
33 23 1 1
34 20 1 1
34 22 1 1
35 33 1 1
35 21 1 1
36 28 1 1
36 30 1 1
37 36 1 1
37 21 1 1
38 25 1 1
38 24 1 1
39 37 1 1
39 33 1 1
20 31 1 1
20 38 1 1
21 39 1 1
21 31 1 1
42 41 2 2
42 40 2 2
43 40 2 2
43 41 2 2
44 43 2 2
44 40 2 2
45 41 2 2
45 42 2 2
46 43 2 2
46 40 2 2
47 40 2 2
47 41 2 2
48 46 2 2
48 40 2 2
49 40 2 2
49 45 2 2
50 47 2 2
50 45 2 2
51 48 2 2
51 43 2 2
52 42 2 2
52 50 2 2
53 49 2 2
53 42 2 2
54 47 2 2
54 49 2 2
55 53 2 2
55 47 2 2
56 49 2 2
56 50 2 2
57 45 2 2
57 40 2 2
58 52 2 2
58 44 2 2
59 54 2 2
59 40 2 2
40 54 2 2
40 53 2 2
41 53 2 2
41 59 2 2
62 61 3 3
62 60 3 3
63 62 3 3
63 60 3 3
64 61 3 3
64 63 3 3
65 61 3 3
65 60 3 3
66 62 3 3
66 65 3 3
67 60 3 3
67 62 3 3
68 64 3 3
68 61 3 3
69 67 3 3
69 68 3 3
70 62 3 3
70 69 3 3
71 63 3 3
71 68 3 3
72 68 3 3
72 69 3 3
73 60 3 3
73 70 3 3
74 70 3 3
74 64 3 3
75 63 3 3
75 71 3 3
76 72 3 3
76 69 3 3
77 65 3 3
77 72 3 3
78 70 3 3
78 68 3 3
79 73 3 3
79 68 3 3
60 76 3 3
60 69 3 3
61 72 3 3
61 77 3 3
82 81 4 4
82 80 4 4
83 80 4 4
83 82 4 4
84 81 4 4
84 83 4 4
85 81 4 4
85 82 4 4
86 82 4 4
86 81 4 4
87 82 4 4
87 80 4 4
88 83 4 4
88 87 4 4
89 88 4 4
89 80 4 4
90 85 4 4
90 89 4 4
91 85 4 4
91 82 4 4
92 91 4 4
92 81 4 4
93 84 4 4
93 81 4 4
94 81 4 4
94 84 4 4
95 81 4 4
95 82 4 4
96 89 4 4
96 86 4 4
97 87 4 4
97 82 4 4
98 96 4 4
98 88 4 4
99 85 4 4
99 93 4 4
80 88 4 4
80 98 4 4
81 96 4 4
81 99 4 4
102 101 5 5
102 100 5 5
103 102 5 5
103 101 5 5
104 102 5 5
104 100 5 5
105 103 5 5
105 104 5 5
106 102 5 5
106 104 5 5
107 102 5 5
107 101 5 5
108 101 5 5
108 100 5 5
109 102 5 5
109 105 5 5
110 105 5 5
110 103 5 5
111 102 5 5
111 106 5 5
112 108 5 5
112 103 5 5
113 109 5 5
113 103 5 5
114 110 5 5
114 109 5 5
115 105 5 5
115 107 5 5
116 100 5 5
116 101 5 5
117 107 5 5
117 115 5 5
118 105 5 5
118 101 5 5
119 101 5 5
119 118 5 5
100 109 5 5
100 119 5 5
101 112 5 5
101 111 5 5
122 120 6 6
122 121 6 6
123 120 6 6
123 122 6 6
124 120 6 6
124 122 6 6
125 122 6 6
125 123 6 6
126 122 6 6
126 124 6 6
127 120 6 6
127 125 6 6
128 123 6 6
128 127 6 6
129 120 6 6
129 121 6 6
130 129 6 6
130 124 6 6
131 126 6 6
131 129 6 6
132 125 6 6
132 130 6 6
133 130 6 6
133 127 6 6
134 129 6 6
134 124 6 6
135 131 6 6
135 125 6 6
136 126 6 6
136 120 6 6
137 132 6 6
137 121 6 6
138 134 6 6
138 120 6 6
139 136 6 6
139 132 6 6
120 132 6 6
120 128 6 6
121 125 6 6
121 135 6 6
142 140 7 7
142 141 7 7
143 141 7 7
143 142 7 7
144 143 7 7
144 141 7 7
145 143 7 7
145 144 7 7
146 144 7 7
146 145 7 7
147 141 7 7
147 142 7 7
148 147 7 7
148 140 7 7
149 145 7 7
149 144 7 7
150 148 7 7
150 147 7 7
151 150 7 7
151 143 7 7
152 150 7 7
152 149 7 7
153 143 7 7
153 151 7 7
154 143 7 7
154 151 7 7
155 144 7 7
155 150 7 7
156 153 7 7
156 141 7 7
157 144 7 7
157 146 7 7
158 149 7 7
158 140 7 7
159 155 7 7
159 142 7 7
140 156 7 7
140 152 7 7
141 149 7 7
141 150 7 7
162 160 8 8
162 161 8 8
163 160 8 8
163 162 8 8
164 162 8 8
164 161 8 8
165 162 8 8
165 161 8 8
166 165 8 8
166 161 8 8
167 162 8 8
167 165 8 8
168 160 8 8
168 162 8 8
169 167 8 8
169 164 8 8
170 160 8 8
170 168 8 8
171 167 8 8
171 169 8 8
172 168 8 8
172 162 8 8
173 163 8 8
173 160 8 8
174 169 8 8
174 166 8 8
175 163 8 8
175 172 8 8
176 164 8 8
176 172 8 8
177 174 8 8
177 173 8 8
178 172 8 8
178 173 8 8
179 175 8 8
179 162 8 8
160 175 8 8
160 164 8 8
161 169 8 8
161 178 8 8
182 180 9 9
182 181 9 9
183 181 9 9
183 180 9 9
184 183 9 9
184 180 9 9
185 184 9 9
185 180 9 9
186 180 9 9
186 181 9 9
187 186 9 9
187 185 9 9
188 180 9 9
188 183 9 9
189 188 9 9
189 181 9 9
190 188 9 9
190 187 9 9
191 188 9 9
191 185 9 9
192 182 9 9
192 189 9 9
193 187 9 9
193 183 9 9
194 181 9 9
194 189 9 9
195 182 9 9
195 181 9 9
196 182 9 9
196 193 9 9
197 196 9 9
197 185 9 9
198 197 9 9
198 182 9 9
199 186 9 9
199 180 9 9
180 197 9 9
180 198 9 9
181 192 9 9
181 185 9 9
202 200 10 10
202 201 10 10
203 200 10 10
203 202 10 10
204 201 10 10
204 202 10 10
205 201 10 10
205 204 10 10
206 202 10 10
206 205 10 10
207 201 10 10
207 205 10 10
208 201 10 10
208 202 10 10
209 208 10 10
209 207 10 10
210 204 10 10
210 206 10 10
211 204 10 10
211 210 10 10
212 207 10 10
212 210 10 10
213 203 10 10
213 205 10 10
214 206 10 10
214 205 10 10
215 204 10 10
215 200 10 10
216 211 10 10
216 215 10 10
217 201 10 10
217 204 10 10
218 204 10 10
218 201 10 10
219 206 10 10
219 217 10 10
200 214 10 10
200 207 10 10
201 211 10 10
201 206 10 10
222 220 11 11
222 221 11 11
223 220 11 11
223 222 11 11
224 222 11 11
224 221 11 11
225 224 11 11
225 223 11 11
226 222 11 11
226 223 11 11
227 220 11 11
227 224 11 11
228 224 11 11
228 227 11 11
229 227 11 11
229 228 11 11
230 223 11 11
230 225 11 11
231 228 11 11
231 224 11 11
232 228 11 11
232 227 11 11
233 231 11 11
233 232 11 11
234 223 11 11
234 229 11 11
235 233 11 11
235 231 11 11
236 225 11 11
236 228 11 11
237 235 11 11
237 222 11 11
238 235 11 11
238 232 11 11
239 223 11 11
239 224 11 11
220 226 11 11
220 238 11 11
221 232 11 11
221 234 11 11
242 241 12 12
242 240 12 12
243 242 12 12
243 240 12 12
244 241 12 12
244 242 12 12
245 242 12 12
245 244 12 12
246 244 12 12
246 240 12 12
247 240 12 12
247 245 12 12
248 243 12 12
248 244 12 12
249 248 12 12
249 242 12 12
250 247 12 12
250 240 12 12
251 245 12 12
251 242 12 12
252 241 12 12
252 244 12 12
253 250 12 12
253 251 12 12
254 253 12 12
254 252 12 12
255 252 12 12
255 242 12 12
256 242 12 12
256 253 12 12
257 250 12 12
257 247 12 12
258 257 12 12
258 250 12 12
259 250 12 12
259 258 12 12
240 258 12 12
240 257 12 12
241 250 12 12
241 248 12 12
262 261 13 13
262 260 13 13
263 260 13 13
263 261 13 13
264 262 13 13
264 260 13 13
265 263 13 13
265 264 13 13
266 261 13 13
266 265 13 13
267 261 13 13
267 262 13 13
268 260 13 13
268 266 13 13
269 267 13 13
269 266 13 13
270 261 13 13
270 264 13 13
271 263 13 13
271 261 13 13
272 262 13 13
272 266 13 13
273 269 13 13
273 264 13 13
274 260 13 13
274 261 13 13
275 271 13 13
275 274 13 13
276 265 13 13
276 267 13 13
277 262 13 13
277 276 13 13
278 269 13 13
278 270 13 13
279 266 13 13
279 262 13 13
260 278 13 13
260 265 13 13
261 268 13 13
261 278 13 13
282 280 14 14
282 281 14 14
283 281 14 14
283 280 14 14
284 282 14 14
284 283 14 14
285 281 14 14
285 284 14 14
286 283 14 14
286 280 14 14
287 283 14 14
287 281 14 14
288 287 14 14
288 286 14 14
289 283 14 14
289 282 14 14
290 281 14 14
290 283 14 14
291 282 14 14
291 280 14 14
292 286 14 14
292 291 14 14
293 281 14 14
293 280 14 14
294 285 14 14
294 283 14 14
295 290 14 14
295 286 14 14
296 280 14 14
296 295 14 14
297 291 14 14
297 283 14 14
298 286 14 14
298 285 14 14
299 289 14 14
299 297 14 14
280 289 14 14
280 290 14 14
281 288 14 14
281 286 14 14
302 301 15 15
302 300 15 15
303 301 15 15
303 302 15 15
304 301 15 15
304 300 15 15
305 300 15 15
305 304 15 15
306 304 15 15
306 301 15 15
307 301 15 15
307 306 15 15
308 306 15 15
308 305 15 15
309 304 15 15
309 307 15 15
310 303 15 15
310 308 15 15
311 301 15 15
311 305 15 15
312 302 15 15
312 310 15 15
313 309 15 15
313 310 15 15
314 306 15 15
314 302 15 15
315 302 15 15
315 311 15 15
316 315 15 15
316 311 15 15
317 310 15 15
317 304 15 15
318 311 15 15
318 306 15 15
319 317 15 15
319 315 15 15
300 308 15 15
300 306 15 15
301 310 15 15
301 319 15 15
47 31 2 1
50 14 2 0
78 32 3 1
71 53 3 2
87 27 4 1
88 75 4 3
105 4 5 0
116 66 5 3
120 59 6 2
138 101 6 5
143 24 7 1
157 137 7 6
167 54 8 2
169 141 8 7
187 29 9 1
183 159 9 7
218 165 10 8
209 114 10 5
238 22 11 1
223 196 11 9
257 158 12 7
247 177 12 8
267 149 13 7
276 120 13 6
292 22 14 1
299 65 14 3
301 114 15 5
311 142 15 7
11 233 0 11
5 83 0 4
37 214 1 10
29 167 1 8
