swNum = 320
edgeNum = 672

0 0
1 0
2 0
3 0
4 0
5 0
6 0
7 0
8 0
9 0
10 0
11 0
12 0
13 0
14 0
15 0
16 0
17 0
18 0
19 0
20 1
21 1
22 1
23 1
24 1
25 1
26 1
27 1
28 1
29 1
30 1
31 1
32 1
33 1
34 1
35 1
36 1
37 1
38 1
39 1
40 2
41 2
42 2
43 2
44 2
45 2
46 2
47 2
48 2
49 2
50 2
51 2
52 2
53 2
54 2
55 2
56 2
57 2
58 2
59 2
60 3
61 3
62 3
63 3
64 3
65 3
66 3
67 3
68 3
69 3
70 3
71 3
72 3
73 3
74 3
75 3
76 3
77 3
78 3
79 3
80 4
81 4
82 4
83 4
84 4
85 4
86 4
87 4
88 4
89 4
90 4
91 4
92 4
93 4
94 4
95 4
96 4
97 4
98 4
99 4
100 5
101 5
102 5
103 5
104 5
105 5
106 5
107 5
108 5
109 5
110 5
111 5
112 5
113 5
114 5
115 5
116 5
117 5
118 5
119 5
120 6
121 6
122 6
123 6
124 6
125 6
126 6
127 6
128 6
129 6
130 6
131 6
132 6
133 6
134 6
135 6
136 6
137 6
138 6
139 6
140 7
141 7
142 7
143 7
144 7
145 7
146 7
147 7
148 7
149 7
150 7
151 7
152 7
153 7
154 7
155 7
156 7
157 7
158 7
159 7
160 8
161 8
162 8
163 8
164 8
165 8
166 8
167 8
168 8
169 8
170 8
171 8
172 8
173 8
174 8
175 8
176 8
177 8
178 8
179 8
180 9
181 9
182 9
183 9
184 9
185 9
186 9
187 9
188 9
189 9
190 9
191 9
192 9
193 9
194 9
195 9
196 9
197 9
198 9
199 9
200 10
201 10
202 10
203 10
204 10
205 10
206 10
207 10
208 10
209 10
210 10
211 10
212 10
213 10
214 10
215 10
216 10
217 10
218 10
219 10
220 11
221 11
222 11
223 11
224 11
225 11
226 11
227 11
228 11
229 11
230 11
231 11
232 11
233 11
234 11
235 11
236 11
237 11
238 11
239 11
240 12
241 12
242 12
243 12
244 12
245 12
246 12
247 12
248 12
249 12
250 12
251 12
252 12
253 12
254 12
255 12
256 12
257 12
258 12
259 12
260 13
261 13
262 13
263 13
264 13
265 13
266 13
267 13
268 13
269 13
270 13
271 13
272 13
273 13
274 13
275 13
276 13
277 13
278 13
279 13
280 14
281 14
282 14
283 14
284 14
285 14
286 14
287 14
288 14
289 14
290 14
291 14
292 14
293 14
294 14
295 14
296 14
297 14
298 14
299 14
300 15
301 15
302 15
303 15
304 15
305 15
306 15
307 15
308 15
309 15
310 15
311 15
312 15
313 15
314 15
315 15
316 15
317 15
318 15
319 15

2 0 0 0
2 1 0 0
3 0 0 0
3 1 0 0
4 2 0 0
4 3 0 0
5 3 0 0
5 4 0 0
6 5 0 0
6 3 0 0
7 4 0 0
7 5 0 0
8 4 0 0
8 1 0 0
9 0 0 0
9 5 0 0
10 5 0 0
10 3 0 0
11 6 0 0
11 2 0 0
12 5 0 0
12 11 0 0
13 10 0 0
13 7 0 0
14 5 0 0
14 11 0 0
15 1 0 0
15 10 0 0
16 13 0 0
16 2 0 0
17 11 0 0
17 13 0 0
18 17 0 0
18 1 0 0
19 13 0 0
19 7 0 0
0 19 0 0
0 12 0 0
1 17 0 0
1 5 0 0
22 21 1 1
22 20 1 1
23 22 1 1
23 21 1 1
24 20 1 1
24 21 1 1
25 23 1 1
25 24 1 1
26 21 1 1
26 23 1 1
27 22 1 1
27 26 1 1
28 27 1 1
28 20 1 1
29 28 1 1
29 24 1 1
30 27 1 1
30 28 1 1
31 30 1 1
31 29 1 1
32 31 1 1
32 22 1 1
33 23 1 1
33 22 1 1
34 32 1 1
34 27 1 1
35 32 1 1
35 30 1 1
36 35 1 1
36 25 1 1
37 26 1 1
37 23 1 1
38 31 1 1
38 27 1 1
39 27 1 1
39 28 1 1
20 35 1 1
20 36 1 1
21 32 1 1
21 36 1 1
42 41 2 2
42 40 2 2
43 42 2 2
43 40 2 2
44 42 2 2
44 40 2 2
45 41 2 2
45 42 2 2
46 44 2 2
46 42 2 2
47 44 2 2
47 46 2 2
48 46 2 2
48 47 2 2
49 48 2 2
49 44 2 2
50 42 2 2
50 45 2 2
51 41 2 2
51 44 2 2
52 48 2 2
52 42 2 2
53 48 2 2
53 45 2 2
54 52 2 2
54 43 2 2
55 52 2 2
55 51 2 2
56 48 2 2
56 44 2 2
57 54 2 2
57 45 2 2
58 42 2 2
58 44 2 2
59 51 2 2
59 47 2 2
40 45 2 2
40 47 2 2
41 48 2 2
41 47 2 2
62 61 3 3
62 60 3 3
63 60 3 3
63 61 3 3
64 63 3 3
64 60 3 3
65 60 3 3
65 64 3 3
66 63 3 3
66 60 3 3
67 63 3 3
67 64 3 3
68 62 3 3
68 67 3 3
69 61 3 3
69 60 3 3
70 61 3 3
70 65 3 3
71 63 3 3
71 62 3 3
72 60 3 3
72 71 3 3
73 60 3 3
73 62 3 3
74 63 3 3
74 71 3 3
75 74 3 3
75 62 3 3
76 69 3 3
76 71 3 3
77 60 3 3
77 64 3 3
78 65 3 3
78 74 3 3
79 65 3 3
79 71 3 3
60 79 3 3
60 68 3 3
61 66 3 3
61 64 3 3
82 81 4 4
82 80 4 4
83 81 4 4
83 80 4 4
84 82 4 4
84 80 4 4
85 83 4 4
85 84 4 4
86 84 4 4
86 82 4 4
87 82 4 4
87 80 4 4
88 80 4 4
88 87 4 4
89 81 4 4
89 82 4 4
90 83 4 4
90 80 4 4
91 85 4 4
91 80 4 4
92 87 4 4
92 82 4 4
93 92 4 4
93 85 4 4
94 81 4 4
94 80 4 4
95 81 4 4
95 89 4 4
96 92 4 4
96 86 4 4
97 80 4 4
97 94 4 4
98 82 4 4
98 97 4 4
99 80 4 4
99 81 4 4
80 89 4 4
80 95 4 4
81 92 4 4
81 98 4 4
102 101 5 5
102 100 5 5
103 101 5 5
103 102 5 5
104 103 5 5
104 102 5 5
105 104 5 5
105 100 5 5
106 103 5 5
106 102 5 5
107 100 5 5
107 103 5 5
108 104 5 5
108 106 5 5
109 104 5 5
109 102 5 5
110 101 5 5
110 103 5 5
111 101 5 5
111 103 5 5
112 109 5 5
112 101 5 5
113 111 5 5
113 108 5 5
114 112 5 5
114 101 5 5
115 110 5 5
115 101 5 5
116 115 5 5
116 102 5 5
117 101 5 5
117 103 5 5
118 112 5 5
118 102 5 5
119 113 5 5
119 114 5 5
100 112 5 5
100 109 5 5
101 108 5 5
101 116 5 5
122 120 6 6
122 121 6 6
123 121 6 6
123 122 6 6
124 122 6 6
124 121 6 6
125 123 6 6
125 124 6 6
126 124 6 6
126 125 6 6
127 120 6 6
127 124 6 6
128 123 6 6
128 126 6 6
129 123 6 6
129 121 6 6
130 124 6 6
130 121 6 6
131 127 6 6
131 130 6 6
132 129 6 6
132 125 6 6
133 127 6 6
133 128 6 6
134 131 6 6
134 125 6 6
135 130 6 6
135 121 6 6
136 126 6 6
136 124 6 6
137 128 6 6
137 126 6 6
138 126 6 6
138 128 6 6
139 134 6 6
139 122 6 6
120 126 6 6
120 124 6 6
121 134 6 6
121 138 6 6
142 141 7 7
142 140 7 7
143 140 7 7
143 142 7 7
144 143 7 7
144 141 7 7
145 144 7 7
145 141 7 7
146 142 7 7
146 144 7 7
147 144 7 7
147 141 7 7
148 144 7 7
148 140 7 7
149 147 7 7
149 144 7 7
150 145 7 7
150 140 7 7
151 141 7 7
151 146 7 7
152 142 7 7
152 150 7 7
153 142 7 7
153 146 7 7
154 147 7 7
154 144 7 7
155 149 7 7
155 143 7 7
156 152 7 7
156 149 7 7
157 144 7 7
157 143 7 7
158 142 7 7
158 147 7 7
159 154 7 7
159 143 7 7
140 154 7 7
140 158 7 7
141 149 7 7
141 146 7 7
162 160 8 8
162 161 8 8
163 161 8 8
163 162 8 8
164 161 8 8
164 163 8 8
165 160 8 8
165 161 8 8
166 161 8 8
166 164 8 8
167 165 8 8
167 166 8 8
168 161 8 8
168 163 8 8
169 160 8 8
169 162 8 8
170 166 8 8
170 161 8 8
171 168 8 8
171 163 8 8
172 166 8 8
172 163 8 8
173 161 8 8
173 164 8 8
174 171 8 8
174 169 8 8
175 168 8 8
175 167 8 8
176 175 8 8
176 174 8 8
177 160 8 8
177 166 8 8
178 166 8 8
178 177 8 8
179 178 8 8
179 175 8 8
160 168 8 8
160 179 8 8
161 171 8 8
161 172 8 8
182 180 9 9
182 181 9 9
183 181 9 9
183 182 9 9
184 183 9 9
184 181 9 9
185 180 9 9
185 181 9 9
186 182 9 9
186 184 9 9
187 182 9 9
187 185 9 9
188 183 9 9
188 185 9 9
189 180 9 9
189 184 9 9
190 189 9 9
190 184 9 9
191 181 9 9
191 190 9 9
192 183 9 9
192 186 9 9
193 187 9 9
193 180 9 9
194 192 9 9
194 186 9 9
195 183 9 9
195 181 9 9
196 181 9 9
196 188 9 9
197 187 9 9
197 180 9 9
198 194 9 9
198 186 9 9
199 180 9 9
199 198 9 9
180 183 9 9
180 194 9 9
181 192 9 9
181 199 9 9
202 200 10 10
202 201 10 10
203 201 10 10
203 202 10 10
204 200 10 10
204 203 10 10
205 202 10 10
205 201 10 10
206 205 10 10
206 200 10 10
207 205 10 10
207 203 10 10
208 205 10 10
208 200 10 10
209 200 10 10
209 206 10 10
210 202 10 10
210 208 10 10
211 203 10 10
211 207 10 10
212 200 10 10
212 205 10 10
213 205 10 10
213 203 10 10
214 201 10 10
214 212 10 10
215 211 10 10
215 204 10 10
216 200 10 10
216 210 10 10
217 215 10 10
217 211 10 10
218 207 10 10
218 211 10 10
219 200 10 10
219 210 10 10
200 213 10 10
200 207 10 10
201 213 10 10
201 207 10 10
222 220 11 11
222 221 11 11
223 221 11 11
223 220 11 11
224 222 11 11
224 223 11 11
225 221 11 11
225 224 11 11
226 224 11 11
226 223 11 11
227 221 11 11
227 226 11 11
228 226 11 11
228 222 11 11
229 223 11 11
229 224 11 11
230 224 11 11
230 222 11 11
231 225 11 11
231 224 11 11
232 221 11 11
232 231 11 11
233 220 11 11
233 223 11 11
234 220 11 11
234 230 11 11
235 227 11 11
235 222 11 11
236 235 11 11
236 225 11 11
237 225 11 11
237 230 11 11
238 228 11 11
238 220 11 11
239 224 11 11
239 227 11 11
220 235 11 11
220 237 11 11
221 229 11 11
221 234 11 11
242 241 12 12
242 240 12 12
243 240 12 12
243 242 12 12
244 240 12 12
244 241 12 12
245 241 12 12
245 242 12 12
246 241 12 12
246 245 12 12
247 243 12 12
247 244 12 12
248 246 12 12
248 244 12 12
249 243 12 12
249 240 12 12
250 243 12 12
250 240 12 12
251 243 12 12
251 250 12 12
252 245 12 12
252 248 12 12
253 252 12 12
253 242 12 12
254 249 12 12
254 252 12 12
255 252 12 12
255 240 12 12
256 240 12 12
256 249 12 12
257 247 12 12
257 240 12 12
258 257 12 12
258 243 12 12
259 254 12 12
259 255 12 12
240 254 12 12
240 253 12 12
241 254 12 12
241 250 12 12
262 261 13 13
262 260 13 13
263 261 13 13
263 260 13 13
264 262 13 13
264 263 13 13
265 260 13 13
265 264 13 13
266 263 13 13
266 264 13 13
267 264 13 13
267 261 13 13
268 265 13 13
268 260 13 13
269 262 13 13
269 263 13 13
270 265 13 13
270 266 13 13
271 268 13 13
271 260 13 13
272 269 13 13
272 261 13 13
273 271 13 13
273 266 13 13
274 264 13 13
274 273 13 13
275 262 13 13
275 274 13 13
276 273 13 13
276 275 13 13
277 269 13 13
277 275 13 13
278 265 13 13
278 274 13 13
279 276 13 13
279 273 13 13
260 269 13 13
260 276 13 13
261 276 13 13
261 277 13 13
282 281 14 14
282 280 14 14
283 281 14 14
283 282 14 14
284 281 14 14
284 283 14 14
285 284 14 14
285 283 14 14
286 284 14 14
286 283 14 14
287 280 14 14
287 284 14 14
288 284 14 14
288 281 14 14
289 282 14 14
289 285 14 14
290 284 14 14
290 287 14 14
291 283 14 14
291 287 14 14
292 285 14 14
292 282 14 14
293 284 14 14
293 288 14 14
294 282 14 14
294 291 14 14
295 287 14 14
295 286 14 14
296 293 14 14
296 281 14 14
297 288 14 14
297 286 14 14
298 291 14 14
298 283 14 14
299 280 14 14
299 286 14 14
280 295 14 14
280 288 14 14
281 291 14 14
281 285 14 14
302 301 15 15
302 300 15 15
303 302 15 15
303 301 15 15
304 302 15 15
304 301 15 15
305 302 15 15
305 301 15 15
306 303 15 15
306 301 15 15
307 305 15 15
307 302 15 15
308 306 15 15
308 301 15 15
309 305 15 15
309 307 15 15
310 303 15 15
310 307 15 15
311 307 15 15
311 310 15 15
312 304 15 15
312 310 15 15
313 300 15 15
313 309 15 15
314 304 15 15
314 306 15 15
315 305 15 15
315 308 15 15
316 315 15 15
316 302 15 15
317 307 15 15
317 309 15 15
318 309 15 15
318 304 15 15
319 315 15 15
319 305 15 15
300 309 15 15
300 318 15 15
301 313 15 15
301 316 15 15
45 10 2 0
47 27 2 1
79 16 3 0
71 40 3 2
85 32 4 1
84 45 4 2
110 14 5 0
114 97 5 4
125 51 6 2
120 67 6 3
157 11 7 0
140 73 7 3
178 85 8 4
170 32 8 1
199 67 9 3
180 51 9 2
207 53 10 2
215 115 10 5
224 74 11 3
237 121 11 6
247 185 12 9
251 79 12 3
278 259 13 12
278 189 13 9
288 87 14 4
299 4 14 0
306 74 15 3
302 213 15 10
14 242 0 12
9 311 0 15
25 278 1 13
39 314 1 15
