swNum = 320
edgeNum = 672

0 0
1 0
2 0
3 0
4 0
5 0
6 0
7 0
8 0
9 0
10 0
11 0
12 0
13 0
14 0
15 0
16 0
17 0
18 0
19 0
20 1
21 1
22 1
23 1
24 1
25 1
26 1
27 1
28 1
29 1
30 1
31 1
32 1
33 1
34 1
35 1
36 1
37 1
38 1
39 1
40 2
41 2
42 2
43 2
44 2
45 2
46 2
47 2
48 2
49 2
50 2
51 2
52 2
53 2
54 2
55 2
56 2
57 2
58 2
59 2
60 3
61 3
62 3
63 3
64 3
65 3
66 3
67 3
68 3
69 3
70 3
71 3
72 3
73 3
74 3
75 3
76 3
77 3
78 3
79 3
80 4
81 4
82 4
83 4
84 4
85 4
86 4
87 4
88 4
89 4
90 4
91 4
92 4
93 4
94 4
95 4
96 4
97 4
98 4
99 4
100 5
101 5
102 5
103 5
104 5
105 5
106 5
107 5
108 5
109 5
110 5
111 5
112 5
113 5
114 5
115 5
116 5
117 5
118 5
119 5
120 6
121 6
122 6
123 6
124 6
125 6
126 6
127 6
128 6
129 6
130 6
131 6
132 6
133 6
134 6
135 6
136 6
137 6
138 6
139 6
140 7
141 7
142 7
143 7
144 7
145 7
146 7
147 7
148 7
149 7
150 7
151 7
152 7
153 7
154 7
155 7
156 7
157 7
158 7
159 7
160 8
161 8
162 8
163 8
164 8
165 8
166 8
167 8
168 8
169 8
170 8
171 8
172 8
173 8
174 8
175 8
176 8
177 8
178 8
179 8
180 9
181 9
182 9
183 9
184 9
185 9
186 9
187 9
188 9
189 9
190 9
191 9
192 9
193 9
194 9
195 9
196 9
197 9
198 9
199 9
200 10
201 10
202 10
203 10
204 10
205 10
206 10
207 10
208 10
209 10
210 10
211 10
212 10
213 10
214 10
215 10
216 10
217 10
218 10
219 10
220 11
221 11
222 11
223 11
224 11
225 11
226 11
227 11
228 11
229 11
230 11
231 11
232 11
233 11
234 11
235 11
236 11
237 11
238 11
239 11
240 12
241 12
242 12
243 12
244 12
245 12
246 12
247 12
248 12
249 12
250 12
251 12
252 12
253 12
254 12
255 12
256 12
257 12
258 12
259 12
260 13
261 13
262 13
263 13
264 13
265 13
266 13
267 13
268 13
269 13
270 13
271 13
272 13
273 13
274 13
275 13
276 13
277 13
278 13
279 13
280 14
281 14
282 14
283 14
284 14
285 14
286 14
287 14
288 14
289 14
290 14
291 14
292 14
293 14
294 14
295 14
296 14
297 14
298 14
299 14
300 15
301 15
302 15
303 15
304 15
305 15
306 15
307 15
308 15
309 15
310 15
311 15
312 15
313 15
314 15
315 15
316 15
317 15
318 15
319 15

2 1 0 0
2 0 0 0
3 0 0 0
3 1 0 0
4 3 0 0
4 0 0 0
5 4 0 0
5 3 0 0
6 1 0 0
6 3 0 0
7 3 0 0
7 6 0 0
8 7 0 0
8 4 0 0
9 8 0 0
9 7 0 0
10 7 0 0
10 6 0 0
11 1 0 0
11 3 0 0
12 8 0 0
12 1 0 0
13 2 0 0
13 11 0 0
14 2 0 0
14 13 0 0
15 0 0 0
15 2 0 0
16 12 0 0
16 8 0 0
17 11 0 0
17 8 0 0
18 15 0 0
18 13 0 0
19 8 0 0
19 13 0 0
0 6 0 0
0 17 0 0
1 8 0 0
1 16 0 0
22 21 1 1
22 20 1 1
23 20 1 1
23 22 1 1
24 23 1 1
24 20 1 1
25 20 1 1
25 21 1 1
26 21 1 1
26 23 1 1
27 21 1 1
27 23 1 1
28 23 1 1
28 20 1 1
29 24 1 1
29 23 1 1
30 29 1 1
30 27 1 1
31 23 1 1
31 20 1 1
32 27 1 1
32 20 1 1
33 28 1 1
33 20 1 1
34 31 1 1
34 20 1 1
35 30 1 1
35 25 1 1
36 23 1 1
36 29 1 1
37 35 1 1
37 25 1 1
38 25 1 1
38 28 1 1
39 23 1 1
39 22 1 1
20 39 1 1
20 38 1 1
21 32 1 1
21 28 1 1
42 41 2 2
42 40 2 2
43 41 2 2
43 42 2 2
44 43 2 2
44 42 2 2
45 41 2 2
45 42 2 2
46 41 2 2
46 45 2 2
47 43 2 2
47 44 2 2
48 45 2 2
48 44 2 2
49 48 2 2
49 46 2 2
50 45 2 2
50 48 2 2
51 43 2 2
51 44 2 2
52 45 2 2
52 43 2 2
53 45 2 2
53 41 2 2
54 49 2 2
54 41 2 2
55 41 2 2
55 44 2 2
56 54 2 2
56 45 2 2
57 48 2 2
57 40 2 2
58 49 2 2
58 41 2 2
59 57 2 2
59 49 2 2
40 53 2 2
40 48 2 2
41 59 2 2
41 49 2 2
62 60 3 3
62 61 3 3
63 61 3 3
63 62 3 3
64 61 3 3
64 63 3 3
65 60 3 3
65 61 3 3
66 65 3 3
66 63 3 3
67 61 3 3
67 64 3 3
68 66 3 3
68 63 3 3
69 63 3 3
69 64 3 3
70 62 3 3
70 67 3 3
71 61 3 3
71 64 3 3
72 69 3 3
72 62 3 3
73 68 3 3
73 71 3 3
74 65 3 3
74 72 3 3
75 66 3 3
75 70 3 3
76 73 3 3
76 63 3 3
77 75 3 3
77 66 3 3
78 63 3 3
78 77 3 3
79 77 3 3
79 70 3 3
60 70 3 3
60 76 3 3
61 70 3 3
61 74 3 3
82 81 4 4
82 80 4 4
83 80 4 4
83 81 4 4
84 83 4 4
84 80 4 4
85 83 4 4
85 84 4 4
86 81 4 4
86 83 4 4
87 85 4 4
87 81 4 4
88 84 4 4
88 80 4 4
89 83 4 4
89 88 4 4
90 89 4 4
90 84 4 4
91 89 4 4
91 88 4 4
92 87 4 4
92 88 4 4
93 85 4 4
93 82 4 4
94 88 4 4
94 85 4 4
95 83 4 4
95 91 4 4
96 92 4 4
96 81 4 4
97 95 4 4
97 81 4 4
98 94 4 4
98 96 4 4
99 95 4 4
99 98 4 4
80 91 4 4
80 90 4 4
81 94 4 4
81 95 4 4
102 101 5 5
102 100 5 5
103 102 5 5
103 100 5 5
104 103 5 5
104 100 5 5
105 100 5 5
105 104 5 5
106 105 5 5
106 103 5 5
107 106 5 5
107 103 5 5
108 101 5 5
108 102 5 5
109 105 5 5
109 101 5 5
110 106 5 5
110 103 5 5
111 109 5 5
111 104 5 5
112 107 5 5
112 106 5 5
113 100 5 5
113 108 5 5
114 109 5 5
114 104 5 5
115 113 5 5
115 106 5 5
116 115 5 5
116 100 5 5
117 116 5 5
117 107 5 5
118 100 5 5
118 109 5 5
119 102 5 5
119 105 5 5
100 109 5 5
100 107 5 5
101 117 5 5
101 116 5 5
122 120 6 6
122 121 6 6
123 120 6 6
123 122 6 6
124 122 6 6
124 121 6 6
125 123 6 6
125 124 6 6
126 123 6 6
126 120 6 6
127 122 6 6
127 124 6 6
128 124 6 6
128 122 6 6
129 126 6 6
129 125 6 6
130 127 6 6
130 123 6 6
131 122 6 6
131 123 6 6
132 123 6 6
132 130 6 6
133 130 6 6
133 123 6 6
134 127 6 6
134 121 6 6
135 123 6 6
135 121 6 6
136 130 6 6
136 125 6 6
137 126 6 6
137 127 6 6
138 135 6 6
138 133 6 6
139 125 6 6
139 129 6 6
120 127 6 6
120 132 6 6
121 128 6 6
121 131 6 6
142 141 7 7
142 140 7 7
143 140 7 7
143 142 7 7
144 143 7 7
144 140 7 7
145 142 7 7
145 141 7 7
146 145 7 7
146 142 7 7
147 140 7 7
147 144 7 7
148 142 7 7
148 141 7 7
149 140 7 7
149 143 7 7
150 147 7 7
150 146 7 7
151 147 7 7
151 140 7 7
152 147 7 7
152 143 7 7
153 148 7 7
153 145 7 7
154 144 7 7
154 152 7 7
155 141 7 7
155 140 7 7
156 150 7 7
156 151 7 7
157 142 7 7
157 145 7 7
158 153 7 7
158 157 7 7
159 145 7 7
159 154 7 7
140 152 7 7
140 156 7 7
141 158 7 7
141 154 7 7
162 161 8 8
162 160 8 8
163 162 8 8
163 161 8 8
164 162 8 8
164 161 8 8
165 162 8 8
165 160 8 8
166 164 8 8
166 163 8 8
167 160 8 8
167 166 8 8
168 165 8 8
168 160 8 8
169 161 8 8
169 168 8 8
170 166 8 8
170 164 8 8
171 160 8 8
171 162 8 8
172 161 8 8
172 162 8 8
173 171 8 8
173 164 8 8
174 166 8 8
174 163 8 8
175 161 8 8
175 172 8 8
176 170 8 8
176 163 8 8
177 167 8 8
177 165 8 8
178 165 8 8
178 173 8 8
179 177 8 8
179 167 8 8
160 172 8 8
160 177 8 8
161 173 8 8
161 176 8 8
182 180 9 9
182 181 9 9
183 182 9 9
183 180 9 9
184 180 9 9
184 181 9 9
185 183 9 9
185 184 9 9
186 185 9 9
186 182 9 9
187 182 9 9
187 186 9 9
188 185 9 9
188 183 9 9
189 184 9 9
189 180 9 9
190 182 9 9
190 185 9 9
191 186 9 9
191 181 9 9
192 191 9 9
192 188 9 9
193 192 9 9
193 187 9 9
194 189 9 9
194 181 9 9
195 191 9 9
195 180 9 9
196 187 9 9
196 186 9 9
197 189 9 9
197 183 9 9
198 195 9 9
198 193 9 9
199 190 9 9
199 185 9 9
180 197 9 9
180 185 9 9
181 198 9 9
181 196 9 9
202 201 10 10
202 200 10 10
203 200 10 10
203 202 10 10
204 200 10 10
204 201 10 10
205 201 10 10
205 200 10 10
206 205 10 10
206 201 10 10
207 205 10 10
207 206 10 10
208 207 10 10
208 205 10 10
209 201 10 10
209 206 10 10
210 201 10 10
210 207 10 10
211 205 10 10
211 203 10 10
212 205 10 10
212 202 10 10
213 210 10 10
213 206 10 10
214 206 10 10
214 208 10 10
215 214 10 10
215 208 10 10
216 201 10 10
216 210 10 10
217 200 10 10
217 206 10 10
218 205 10 10
218 213 10 10
219 214 10 10
219 215 10 10
200 214 10 10
200 208 10 10
201 214 10 10
201 208 10 10
222 221 11 11
222 220 11 11
223 222 11 11
223 220 11 11
224 220 11 11
224 221 11 11
225 221 11 11
225 222 11 11
226 220 11 11
226 222 11 11
227 220 11 11
227 222 11 11
228 223 11 11
228 220 11 11
229 223 11 11
229 224 11 11
230 228 11 11
230 223 11 11
231 225 11 11
231 222 11 11
232 224 11 11
232 227 11 11
233 232 11 11
233 228 11 11
234 232 11 11
234 230 11 11
235 224 11 11
235 226 11 11
236 234 11 11
236 235 11 11
237 233 11 11
237 232 11 11
238 222 11 11
238 225 11 11
239 223 11 11
239 235 11 11
220 236 11 11
220 239 11 11
221 227 11 11
221 233 11 11
242 241 12 12
242 240 12 12
243 240 12 12
243 242 12 12
244 243 12 12
244 240 12 12
245 242 12 12
245 241 12 12
246 241 12 12
246 245 12 12
247 244 12 12
247 241 12 12
248 240 12 12
248 247 12 12
249 242 12 12
249 248 12 12
250 245 12 12
250 242 12 12
251 240 12 12
251 250 12 12
252 250 12 12
252 251 12 12
253 241 12 12
253 248 12 12
254 249 12 12
254 246 12 12
255 252 12 12
255 241 12 12
256 243 12 12
256 247 12 12
257 243 12 12
257 256 12 12
258 240 12 12
258 256 12 12
259 257 12 12
259 243 12 12
240 252 12 12
240 256 12 12
241 254 12 12
241 248 12 12
262 260 13 13
262 261 13 13
263 261 13 13
263 260 13 13
264 263 13 13
264 261 13 13
265 262 13 13
265 263 13 13
266 261 13 13
266 263 13 13
267 261 13 13
267 262 13 13
268 263 13 13
268 265 13 13
269 261 13 13
269 268 13 13
270 264 13 13
270 267 13 13
271 267 13 13
271 261 13 13
272 260 13 13
272 264 13 13
273 268 13 13
273 265 13 13
274 273 13 13
274 272 13 13
275 271 13 13
275 272 13 13
276 274 13 13
276 273 13 13
277 268 13 13
277 261 13 13
278 270 13 13
278 274 13 13
279 275 13 13
279 277 13 13
260 275 13 13
260 277 13 13
261 265 13 13
261 279 13 13
282 281 14 14
282 280 14 14
283 281 14 14
283 280 14 14
284 282 14 14
284 283 14 14
285 282 14 14
285 283 14 14
286 281 14 14
286 280 14 14
287 282 14 14
287 280 14 14
288 286 14 14
288 287 14 14
289 281 14 14
289 280 14 14
290 282 14 14
290 285 14 14
291 281 14 14
291 283 14 14
292 285 14 14
292 280 14 14
293 282 14 14
293 285 14 14
294 293 14 14
294 283 14 14
295 293 14 14
295 285 14 14
296 283 14 14
296 280 14 14
297 291 14 14
297 285 14 14
298 292 14 14
298 285 14 14
299 293 14 14
299 287 14 14
280 295 14 14
280 285 14 14
281 295 14 14
281 285 14 14
302 300 15 15
302 301 15 15
303 302 15 15
303 300 15 15
304 302 15 15
304 300 15 15
305 301 15 15
305 304 15 15
306 302 15 15
306 304 15 15
307 302 15 15
307 304 15 15
308 301 15 15
308 307 15 15
309 302 15 15
309 305 15 15
310 301 15 15
310 306 15 15
311 308 15 15
311 310 15 15
312 305 15 15
312 302 15 15
313 308 15 15
313 302 15 15
314 309 15 15
314 306 15 15
315 308 15 15
315 312 15 15
316 303 15 15
316 309 15 15
317 303 15 15
317 307 15 15
318 310 15 15
318 309 15 15
319 311 15 15
319 302 15 15
300 311 15 15
300 317 15 15
301 306 15 15
301 319 15 15
48 22 2 1
54 5 2 0
70 15 3 0
67 29 3 1
84 30 4 1
93 45 4 2
114 35 5 1
116 44 5 2
139 17 6 0
132 58 6 2
157 134 7 6
148 40 7 2
177 147 8 7
169 138 8 6
195 122 9 6
198 45 9 2
201 40 10 2
216 149 10 7
221 176 11 8
237 98 11 4
243 53 12 2
240 184 12 9
262 166 13 8
273 203 13 10
283 109 14 5
298 248 14 12
312 290 15 14
302 66 15 3
14 242 0 12
7 303 0 15
25 304 1 15
34 154 1 7
