swNum = 320
edgeNum = 672

0 0
1 0
2 0
3 0
4 0
5 0
6 0
7 0
8 0
9 0
10 0
11 0
12 0
13 0
14 0
15 0
16 0
17 0
18 0
19 0
20 1
21 1
22 1
23 1
24 1
25 1
26 1
27 1
28 1
29 1
30 1
31 1
32 1
33 1
34 1
35 1
36 1
37 1
38 1
39 1
40 2
41 2
42 2
43 2
44 2
45 2
46 2
47 2
48 2
49 2
50 2
51 2
52 2
53 2
54 2
55 2
56 2
57 2
58 2
59 2
60 3
61 3
62 3
63 3
64 3
65 3
66 3
67 3
68 3
69 3
70 3
71 3
72 3
73 3
74 3
75 3
76 3
77 3
78 3
79 3
80 4
81 4
82 4
83 4
84 4
85 4
86 4
87 4
88 4
89 4
90 4
91 4
92 4
93 4
94 4
95 4
96 4
97 4
98 4
99 4
100 5
101 5
102 5
103 5
104 5
105 5
106 5
107 5
108 5
109 5
110 5
111 5
112 5
113 5
114 5
115 5
116 5
117 5
118 5
119 5
120 6
121 6
122 6
123 6
124 6
125 6
126 6
127 6
128 6
129 6
130 6
131 6
132 6
133 6
134 6
135 6
136 6
137 6
138 6
139 6
140 7
141 7
142 7
143 7
144 7
145 7
146 7
147 7
148 7
149 7
150 7
151 7
152 7
153 7
154 7
155 7
156 7
157 7
158 7
159 7
160 8
161 8
162 8
163 8
164 8
165 8
166 8
167 8
168 8
169 8
170 8
171 8
172 8
173 8
174 8
175 8
176 8
177 8
178 8
179 8
180 9
181 9
182 9
183 9
184 9
185 9
186 9
187 9
188 9
189 9
190 9
191 9
192 9
193 9
194 9
195 9
196 9
197 9
198 9
199 9
200 10
201 10
202 10
203 10
204 10
205 10
206 10
207 10
208 10
209 10
210 10
211 10
212 10
213 10
214 10
215 10
216 10
217 10
218 10
219 10
220 11
221 11
222 11
223 11
224 11
225 11
226 11
227 11
228 11
229 11
230 11
231 11
232 11
233 11
234 11
235 11
236 11
237 11
238 11
239 11
240 12
241 12
242 12
243 12
244 12
245 12
246 12
247 12
248 12
249 12
250 12
251 12
252 12
253 12
254 12
255 12
256 12
257 12
258 12
259 12
260 13
261 13
262 13
263 13
264 13
265 13
266 13
267 13
268 13
269 13
270 13
271 13
272 13
273 13
274 13
275 13
276 13
277 13
278 13
279 13
280 14
281 14
282 14
283 14
284 14
285 14
286 14
287 14
288 14
289 14
290 14
291 14
292 14
293 14
294 14
295 14
296 14
297 14
298 14
299 14
300 15
301 15
302 15
303 15
304 15
305 15
306 15
307 15
308 15
309 15
310 15
311 15
312 15
313 15
314 15
315 15
316 15
317 15
318 15
319 15

2 0 0 0
2 1 0 0
3 2 0 0
3 0 0 0
4 0 0 0
4 3 0 0
5 1 0 0
5 0 0 0
6 5 0 0
6 1 0 0
7 6 0 0
7 5 0 0
8 5 0 0
8 2 0 0
9 7 0 0
9 4 0 0
10 3 0 0
10 9 0 0
11 10 0 0
11 2 0 0
12 10 0 0
12 1 0 0
13 2 0 0
13 4 0 0
14 11 0 0
14 1 0 0
15 12 0 0
15 10 0 0
16 6 0 0
16 14 0 0
17 4 0 0
17 10 0 0
18 11 0 0
18 2 0 0
19 18 0 0
19 3 0 0
0 19 0 0
0 10 0 0
1 10 0 0
1 7 0 0
22 21 1 1
22 20 1 1
23 22 1 1
23 21 1 1
24 22 1 1
24 21 1 1
25 21 1 1
25 23 1 1
26 25 1 1
26 23 1 1
27 20 1 1
27 21 1 1
28 25 1 1
28 24 1 1
29 23 1 1
29 26 1 1
30 27 1 1
30 21 1 1
31 27 1 1
31 20 1 1
32 23 1 1
32 31 1 1
33 21 1 1
33 25 1 1
34 33 1 1
34 26 1 1
35 22 1 1
35 24 1 1
36 28 1 1
36 23 1 1
37 26 1 1
37 35 1 1
38 37 1 1
38 25 1 1
39 20 1 1
39 30 1 1
20 32 1 1
20 25 1 1
21 39 1 1
21 32 1 1
42 40 2 2
42 41 2 2
43 42 2 2
43 40 2 2
44 43 2 2
44 40 2 2
45 40 2 2
45 42 2 2
46 43 2 2
46 41 2 2
47 46 2 2
47 45 2 2
48 44 2 2
48 47 2 2
49 44 2 2
49 45 2 2
50 43 2 2
50 42 2 2
51 48 2 2
51 43 2 2
52 47 2 2
52 49 2 2
53 52 2 2
53 46 2 2
54 42 2 2
54 46 2 2
55 41 2 2
55 40 2 2
56 40 2 2
56 45 2 2
57 51 2 2
57 52 2 2
58 44 2 2
58 52 2 2
59 57 2 2
59 41 2 2
40 51 2 2
40 50 2 2
41 57 2 2
41 52 2 2
62 60 3 3
62 61 3 3
63 60 3 3
63 61 3 3
64 60 3 3
64 63 3 3
65 64 3 3
65 61 3 3
66 65 3 3
66 62 3 3
67 64 3 3
67 62 3 3
68 60 3 3
68 62 3 3
69 62 3 3
69 68 3 3
70 69 3 3
70 68 3 3
71 65 3 3
71 69 3 3
72 68 3 3
72 62 3 3
73 66 3 3
73 61 3 3
74 68 3 3
74 69 3 3
75 68 3 3
75 70 3 3
76 61 3 3
76 69 3 3
77 75 3 3
77 72 3 3
78 62 3 3
78 63 3 3
79 72 3 3
79 74 3 3
60 72 3 3
60 74 3 3
61 75 3 3
61 66 3 3
82 80 4 4
82 81 4 4
83 81 4 4
83 80 4 4
84 82 4 4
84 80 4 4
85 80 4 4
85 81 4 4
86 83 4 4
86 80 4 4
87 81 4 4
87 83 4 4
88 85 4 4
88 86 4 4
89 86 4 4
89 88 4 4
90 85 4 4
90 87 4 4
91 84 4 4
91 83 4 4
92 87 4 4
92 85 4 4
93 86 4 4
93 88 4 4
94 86 4 4
94 87 4 4
95 80 4 4
95 92 4 4
96 80 4 4
96 85 4 4
97 83 4 4
97 80 4 4
98 92 4 4
98 86 4 4
99 97 4 4
99 91 4 4
80 90 4 4
80 88 4 4
81 92 4 4
81 96 4 4
102 100 5 5
102 101 5 5
103 100 5 5
103 101 5 5
104 100 5 5
104 102 5 5
105 101 5 5
105 102 5 5
106 101 5 5
106 102 5 5
107 101 5 5
107 103 5 5
108 103 5 5
108 106 5 5
109 104 5 5
109 105 5 5
110 108 5 5
110 102 5 5
111 108 5 5
111 103 5 5
112 107 5 5
112 104 5 5
113 105 5 5
113 104 5 5
114 107 5 5
114 103 5 5
115 110 5 5
115 114 5 5
116 105 5 5
116 101 5 5
117 104 5 5
117 102 5 5
118 116 5 5
118 107 5 5
119 115 5 5
119 116 5 5
100 116 5 5
100 106 5 5
101 119 5 5
101 113 5 5
122 121 6 6
122 120 6 6
123 121 6 6
123 120 6 6
124 120 6 6
124 123 6 6
125 124 6 6
125 121 6 6
126 124 6 6
126 120 6 6
127 121 6 6
127 123 6 6
128 124 6 6
128 123 6 6
129 127 6 6
129 126 6 6
130 124 6 6
130 121 6 6
131 130 6 6
131 125 6 6
132 128 6 6
132 129 6 6
133 121 6 6
133 132 6 6
134 120 6 6
134 127 6 6
135 129 6 6
135 133 6 6
136 128 6 6
136 130 6 6
137 132 6 6
137 127 6 6
138 133 6 6
138 136 6 6
139 127 6 6
139 130 6 6
120 132 6 6
120 139 6 6
121 138 6 6
121 134 6 6
142 140 7 7
142 141 7 7
143 140 7 7
143 142 7 7
144 140 7 7
144 143 7 7
145 141 7 7
145 142 7 7
146 140 7 7
146 143 7 7
147 144 7 7
147 145 7 7
148 142 7 7
148 141 7 7
149 142 7 7
149 140 7 7
150 142 7 7
150 145 7 7
151 141 7 7
151 145 7 7
152 148 7 7
152 147 7 7
153 142 7 7
153 148 7 7
154 143 7 7
154 148 7 7
155 150 7 7
155 147 7 7
156 151 7 7
156 144 7 7
157 146 7 7
157 149 7 7
158 140 7 7
158 147 7 7
159 151 7 7
159 140 7 7
140 155 7 7
140 157 7 7
141 156 7 7
141 154 7 7
162 161 8 8
162 160 8 8
163 160 8 8
163 162 8 8
164 160 8 8
164 161 8 8
165 162 8 8
165 160 8 8
166 164 8 8
166 160 8 8
167 164 8 8
167 161 8 8
168 164 8 8
168 166 8 8
169 161 8 8
169 166 8 8
170 160 8 8
170 161 8 8
171 163 8 8
171 162 8 8
172 160 8 8
172 161 8 8
173 160 8 8
173 163 8 8
174 164 8 8
174 169 8 8
175 174 8 8
175 163 8 8
176 172 8 8
176 160 8 8
177 160 8 8
177 163 8 8
178 177 8 8
178 165 8 8
179 173 8 8
179 172 8 8
160 179 8 8
160 178 8 8
161 178 8 8
161 177 8 8
182 181 9 9
182 180 9 9
183 180 9 9
183 182 9 9
184 180 9 9
184 181 9 9
185 181 9 9
185 184 9 9
186 181 9 9
186 180 9 9
187 181 9 9
187 180 9 9
188 182 9 9
188 187 9 9
189 186 9 9
189 185 9 9
190 187 9 9
190 182 9 9
191 180 9 9
191 181 9 9
192 187 9 9
192 184 9 9
193 190 9 9
193 192 9 9
194 191 9 9
194 184 9 9
195 192 9 9
195 181 9 9
196 193 9 9
196 189 9 9
197 182 9 9
197 187 9 9
198 183 9 9
198 184 9 9
199 181 9 9
199 195 9 9
180 194 9 9
180 199 9 9
181 192 9 9
181 193 9 9
202 200 10 10
202 201 10 10
203 202 10 10
203 200 10 10
204 202 10 10
204 200 10 10
205 201 10 10
205 202 10 10
206 200 10 10
206 201 10 10
207 200 10 10
207 202 10 10
208 201 10 10
208 206 10 10
209 204 10 10
209 208 10 10
210 208 10 10
210 205 10 10
211 207 10 10
211 201 10 10
212 201 10 10
212 208 10 10
213 210 10 10
213 212 10 10
214 207 10 10
214 211 10 10
215 212 10 10
215 202 10 10
216 200 10 10
216 211 10 10
217 205 10 10
217 216 10 10
218 211 10 10
218 209 10 10
219 208 10 10
219 209 10 10
200 218 10 10
200 211 10 10
201 207 10 10
201 210 10 10
222 220 11 11
222 221 11 11
223 221 11 11
223 220 11 11
224 223 11 11
224 220 11 11
225 220 11 11
225 223 11 11
226 221 11 11
226 224 11 11
227 221 11 11
227 225 11 11
228 222 11 11
228 225 11 11
229 227 11 11
229 226 11 11
230 223 11 11
230 224 11 11
231 223 11 11
231 220 11 11
232 224 11 11
232 226 11 11
233 223 11 11
233 226 11 11
234 225 11 11
234 230 11 11
235 228 11 11
235 226 11 11
236 230 11 11
236 227 11 11
237 236 11 11
237 223 11 11
238 232 11 11
238 230 11 11
239 220 11 11
239 226 11 11
220 235 11 11
220 228 11 11
221 235 11 11
221 237 11 11
242 241 12 12
242 240 12 12
243 241 12 12
243 240 12 12
244 241 12 12
244 243 12 12
245 241 12 12
245 243 12 12
246 241 12 12
246 245 12 12
247 243 12 12
247 242 12 12
248 247 12 12
248 244 12 12
249 243 12 12
249 248 12 12
250 241 12 12
250 243 12 12
251 247 12 12
251 249 12 12
252 244 12 12
252 241 12 12
253 241 12 12
253 240 12 12
254 248 12 12
254 242 12 12
255 243 12 12
255 245 12 12
256 242 12 12
256 254 12 12
257 247 12 12
257 242 12 12
258 244 12 12
258 245 12 12
259 257 12 12
259 253 12 12
240 258 12 12
240 259 12 12
241 256 12 12
241 248 12 12
262 261 13 13
262 260 13 13
263 262 13 13
263 261 13 13
264 263 13 13
264 260 13 13
265 262 13 13
265 261 13 13
266 263 13 13
266 260 13 13
267 260 13 13
267 266 13 13
268 265 13 13
268 263 13 13
269 264 13 13
269 260 13 13
270 266 13 13
270 265 13 13
271 265 13 13
271 260 13 13
272 270 13 13
272 260 13 13
273 266 13 13
273 269 13 13
274 263 13 13
274 271 13 13
275 260 13 13
275 270 13 13
276 263 13 13
276 273 13 13
277 263 13 13
277 275 13 13
278 275 13 13
278 261 13 13
279 278 13 13
279 271 13 13
260 270 13 13
260 278 13 13
261 272 13 13
261 273 13 13
282 280 14 14
282 281 14 14
283 281 14 14
283 282 14 14
284 281 14 14
284 280 14 14
285 284 14 14
285 283 14 14
286 282 14 14
286 284 14 14
287 284 14 14
287 281 14 14
288 283 14 14
288 285 14 14
289 283 14 14
289 284 14 14
290 287 14 14
290 282 14 14
291 287 14 14
291 289 14 14
292 289 14 14
292 291 14 14
293 287 14 14
293 282 14 14
294 292 14 14
294 291 14 14
295 286 14 14
295 294 14 14
296 283 14 14
296 285 14 14
297 295 14 14
297 283 14 14
298 289 14 14
298 295 14 14
299 282 14 14
299 292 14 14
280 292 14 14
280 297 14 14
281 293 14 14
281 299 14 14
302 301 15 15
302 300 15 15
303 301 15 15
303 300 15 15
304 301 15 15
304 300 15 15
305 300 15 15
305 301 15 15
306 303 15 15
306 304 15 15
307 300 15 15
307 301 15 15
308 300 15 15
308 301 15 15
309 302 15 15
309 308 15 15
310 303 15 15
310 300 15 15
311 300 15 15
311 302 15 15
312 309 15 15
312 302 15 15
313 300 15 15
313 307 15 15
314 309 15 15
314 307 15 15
315 307 15 15
315 305 15 15
316 304 15 15
316 302 15 15
317 302 15 15
317 307 15 15
318 302 15 15
318 304 15 15
319 310 15 15
319 306 15 15
300 312 15 15
300 309 15 15
301 311 15 15
301 318 15 15
59 21 2 1
45 9 2 0
65 59 3 2
66 25 3 1
99 49 4 2
92 39 4 1
118 66 5 3
118 58 5 2
129 41 6 2
132 11 6 0
146 112 7 5
152 80 7 4
168 132 8 6
175 98 8 4
182 168 9 8
189 32 9 1
202 143 10 7
203 95 10 4
231 108 11 5
221 80 11 4
248 85 12 4
248 193 12 9
271 34 13 1
262 257 13 12
293 97 14 4
287 51 14 2
314 125 15 6
302 153 15 7
5 163 0 8
9 271 0 13
28 138 1 6
24 104 1 5
