swNum = 320
edgeNum = 672

0 0
1 0
2 0
3 0
4 0
5 0
6 0
7 0
8 0
9 0
10 0
11 0
12 0
13 0
14 0
15 0
16 0
17 0
18 0
19 0
20 1
21 1
22 1
23 1
24 1
25 1
26 1
27 1
28 1
29 1
30 1
31 1
32 1
33 1
34 1
35 1
36 1
37 1
38 1
39 1
40 2
41 2
42 2
43 2
44 2
45 2
46 2
47 2
48 2
49 2
50 2
51 2
52 2
53 2
54 2
55 2
56 2
57 2
58 2
59 2
60 3
61 3
62 3
63 3
64 3
65 3
66 3
67 3
68 3
69 3
70 3
71 3
72 3
73 3
74 3
75 3
76 3
77 3
78 3
79 3
80 4
81 4
82 4
83 4
84 4
85 4
86 4
87 4
88 4
89 4
90 4
91 4
92 4
93 4
94 4
95 4
96 4
97 4
98 4
99 4
100 5
101 5
102 5
103 5
104 5
105 5
106 5
107 5
108 5
109 5
110 5
111 5
112 5
113 5
114 5
115 5
116 5
117 5
118 5
119 5
120 6
121 6
122 6
123 6
124 6
125 6
126 6
127 6
128 6
129 6
130 6
131 6
132 6
133 6
134 6
135 6
136 6
137 6
138 6
139 6
140 7
141 7
142 7
143 7
144 7
145 7
146 7
147 7
148 7
149 7
150 7
151 7
152 7
153 7
154 7
155 7
156 7
157 7
158 7
159 7
160 8
161 8
162 8
163 8
164 8
165 8
166 8
167 8
168 8
169 8
170 8
171 8
172 8
173 8
174 8
175 8
176 8
177 8
178 8
179 8
180 9
181 9
182 9
183 9
184 9
185 9
186 9
187 9
188 9
189 9
190 9
191 9
192 9
193 9
194 9
195 9
196 9
197 9
198 9
199 9
200 10
201 10
202 10
203 10
204 10
205 10
206 10
207 10
208 10
209 10
210 10
211 10
212 10
213 10
214 10
215 10
216 10
217 10
218 10
219 10
220 11
221 11
222 11
223 11
224 11
225 11
226 11
227 11
228 11
229 11
230 11
231 11
232 11
233 11
234 11
235 11
236 11
237 11
238 11
239 11
240 12
241 12
242 12
243 12
244 12
245 12
246 12
247 12
248 12
249 12
250 12
251 12
252 12
253 12
254 12
255 12
256 12
257 12
258 12
259 12
260 13
261 13
262 13
263 13
264 13
265 13
266 13
267 13
268 13
269 13
270 13
271 13
272 13
273 13
274 13
275 13
276 13
277 13
278 13
279 13
280 14
281 14
282 14
283 14
284 14
285 14
286 14
287 14
288 14
289 14
290 14
291 14
292 14
293 14
294 14
295 14
296 14
297 14
298 14
299 14
300 15
301 15
302 15
303 15
304 15
305 15
306 15
307 15
308 15
309 15
310 15
311 15
312 15
313 15
314 15
315 15
316 15
317 15
318 15
319 15

2 0 0 0
2 1 0 0
3 1 0 0
3 2 0 0
4 2 0 0
4 1 0 0
5 0 0 0
5 4 0 0
6 0 0 0
6 5 0 0
7 1 0 0
7 4 0 0
8 6 0 0
8 4 0 0
9 8 0 0
9 7 0 0
10 4 0 0
10 6 0 0
11 7 0 0
11 5 0 0
12 7 0 0
12 9 0 0
13 5 0 0
13 7 0 0
14 0 0 0
14 9 0 0
15 2 0 0
15 13 0 0
16 4 0 0
16 15 0 0
17 3 0 0
17 0 0 0
18 15 0 0
18 14 0 0
19 12 0 0
19 8 0 0
0 3 0 0
0 18 0 0
1 19 0 0
1 15 0 0
22 20 1 1
22 21 1 1
23 22 1 1
23 20 1 1
24 20 1 1
24 23 1 1
25 20 1 1
25 21 1 1
26 25 1 1
26 24 1 1
27 23 1 1
27 25 1 1
28 24 1 1
28 20 1 1
29 26 1 1
29 24 1 1
30 29 1 1
30 20 1 1
31 25 1 1
31 22 1 1
32 28 1 1
32 31 1 1
33 32 1 1
33 20 1 1
34 21 1 1
34 30 1 1
35 31 1 1
35 25 1 1
36 27 1 1
36 24 1 1
37 28 1 1
37 24 1 1
38 24 1 1
38 25 1 1
39 24 1 1
39 28 1 1
20 38 1 1
20 36 1 1
21 27 1 1
21 30 1 1
42 41 2 2
42 40 2 2
43 42 2 2
43 41 2 2
44 40 2 2
44 41 2 2
45 43 2 2
45 42 2 2
46 40 2 2
46 44 2 2
47 44 2 2
47 42 2 2
48 43 2 2
48 41 2 2
49 44 2 2
49 41 2 2
50 47 2 2
50 43 2 2
51 41 2 2
51 48 2 2
52 44 2 2
52 47 2 2
53 41 2 2
53 45 2 2
54 49 2 2
54 42 2 2
55 54 2 2
55 42 2 2
56 41 2 2
56 46 2 2
57 40 2 2
57 54 2 2
58 56 2 2
58 41 2 2
59 48 2 2
59 45 2 2
40 52 2 2
40 48 2 2
41 47 2 2
41 50 2 2
62 61 3 3
62 60 3 3
63 61 3 3
63 60 3 3
64 61 3 3
64 60 3 3
65 62 3 3
65 63 3 3
66 64 3 3
66 62 3 3
67 65 3 3
67 62 3 3
68 62 3 3
68 64 3 3
69 60 3 3
69 62 3 3
70 64 3 3
70 62 3 3
71 63 3 3
71 61 3 3
72 63 3 3
72 64 3 3
73 65 3 3
73 60 3 3
74 71 3 3
74 61 3 3
75 60 3 3
75 72 3 3
76 75 3 3
76 74 3 3
77 68 3 3
77 75 3 3
78 67 3 3
78 77 3 3
79 70 3 3
79 68 3 3
60 74 3 3
60 72 3 3
61 76 3 3
61 72 3 3
82 81 4 4
82 80 4 4
83 82 4 4
83 81 4 4
84 83 4 4
84 82 4 4
85 83 4 4
85 81 4 4
86 80 4 4
86 83 4 4
87 80 4 4
87 86 4 4
88 83 4 4
88 82 4 4
89 81 4 4
89 83 4 4
90 82 4 4
90 88 4 4
91 84 4 4
91 88 4 4
92 86 4 4
92 80 4 4
93 92 4 4
93 81 4 4
94 87 4 4
94 93 4 4
95 84 4 4
95 88 4 4
96 82 4 4
96 88 4 4
97 85 4 4
97 81 4 4
98 91 4 4
98 83 4 4
99 95 4 4
99 93 4 4
80 90 4 4
80 89 4 4
81 92 4 4
81 86 4 4
102 101 5 5
102 100 5 5
103 101 5 5
103 100 5 5
104 103 5 5
104 100 5 5
105 100 5 5
105 103 5 5
106 103 5 5
106 100 5 5
107 102 5 5
107 103 5 5
108 105 5 5
108 106 5 5
109 107 5 5
109 102 5 5
110 109 5 5
110 108 5 5
111 110 5 5
111 100 5 5
112 105 5 5
112 106 5 5
113 110 5 5
113 104 5 5
114 105 5 5
114 100 5 5
115 108 5 5
115 100 5 5
116 105 5 5
116 112 5 5
117 108 5 5
117 110 5 5
118 116 5 5
118 113 5 5
119 113 5 5
119 105 5 5
100 108 5 5
100 112 5 5
101 113 5 5
101 119 5 5
122 121 6 6
122 120 6 6
123 122 6 6
123 121 6 6
124 122 6 6
124 123 6 6
125 120 6 6
125 122 6 6
126 125 6 6
126 124 6 6
127 123 6 6
127 126 6 6
128 126 6 6
128 124 6 6
129 125 6 6
129 127 6 6
130 122 6 6
130 126 6 6
131 120 6 6
131 126 6 6
132 120 6 6
132 123 6 6
133 127 6 6
133 124 6 6
134 132 6 6
134 123 6 6
135 132 6 6
135 124 6 6
136 129 6 6
136 121 6 6
137 129 6 6
137 121 6 6
138 136 6 6
138 127 6 6
139 134 6 6
139 120 6 6
120 135 6 6
120 124 6 6
121 139 6 6
121 127 6 6
142 141 7 7
142 140 7 7
143 142 7 7
143 141 7 7
144 140 7 7
144 141 7 7
145 142 7 7
145 140 7 7
146 141 7 7
146 145 7 7
147 145 7 7
147 141 7 7
148 142 7 7
148 143 7 7
149 141 7 7
149 146 7 7
150 141 7 7
150 149 7 7
151 147 7 7
151 146 7 7
152 148 7 7
152 142 7 7
153 143 7 7
153 146 7 7
154 150 7 7
154 149 7 7
155 143 7 7
155 145 7 7
156 146 7 7
156 148 7 7
157 143 7 7
157 154 7 7
158 141 7 7
158 145 7 7
159 151 7 7
159 146 7 7
140 154 7 7
140 159 7 7
141 153 7 7
141 156 7 7
162 160 8 8
162 161 8 8
163 162 8 8
163 160 8 8
164 160 8 8
164 163 8 8
165 161 8 8
165 163 8 8
166 165 8 8
166 162 8 8
167 164 8 8
167 163 8 8
168 166 8 8
168 161 8 8
169 167 8 8
169 168 8 8
170 169 8 8
170 164 8 8
171 165 8 8
171 168 8 8
172 163 8 8
172 171 8 8
173 168 8 8
173 164 8 8
174 168 8 8
174 172 8 8
175 162 8 8
175 168 8 8
176 167 8 8
176 163 8 8
177 160 8 8
177 161 8 8
178 164 8 8
178 160 8 8
179 178 8 8
179 164 8 8
160 166 8 8
160 167 8 8
161 167 8 8
161 178 8 8
182 181 9 9
182 180 9 9
183 180 9 9
183 181 9 9
184 183 9 9
184 181 9 9
185 182 9 9
185 181 9 9
186 180 9 9
186 182 9 9
187 180 9 9
187 181 9 9
188 183 9 9
188 184 9 9
189 185 9 9
189 187 9 9
190 189 9 9
190 187 9 9
191 184 9 9
191 180 9 9
192 191 9 9
192 186 9 9
193 182 9 9
193 186 9 9
194 180 9 9
194 188 9 9
195 192 9 9
195 185 9 9
196 195 9 9
196 186 9 9
197 195 9 9
197 184 9 9
198 197 9 9
198 196 9 9
199 182 9 9
199 190 9 9
180 188 9 9
180 198 9 9
181 186 9 9
181 195 9 9
202 201 10 10
202 200 10 10
203 201 10 10
203 200 10 10
204 202 10 10
204 201 10 10
205 201 10 10
205 202 10 10
206 200 10 10
206 203 10 10
207 204 10 10
207 203 10 10
208 205 10 10
208 201 10 10
209 204 10 10
209 200 10 10
210 201 10 10
210 205 10 10
211 202 10 10
211 207 10 10
212 206 10 10
212 207 10 10
213 210 10 10
213 201 10 10
214 204 10 10
214 202 10 10
215 214 10 10
215 206 10 10
216 201 10 10
216 203 10 10
217 216 10 10
217 208 10 10
218 204 10 10
218 217 10 10
219 203 10 10
219 210 10 10
200 218 10 10
200 213 10 10
201 209 10 10
201 218 10 10
222 221 11 11
222 220 11 11
223 220 11 11
223 221 11 11
224 220 11 11
224 223 11 11
225 222 11 11
225 223 11 11
226 225 11 11
226 221 11 11
227 221 11 11
227 222 11 11
228 225 11 11
228 221 11 11
229 225 11 11
229 228 11 11
230 220 11 11
230 226 11 11
231 229 11 11
231 221 11 11
232 221 11 11
232 227 11 11
233 220 11 11
233 232 11 11
234 220 11 11
234 223 11 11
235 220 11 11
235 230 11 11
236 231 11 11
236 228 11 11
237 229 11 11
237 225 11 11
238 230 11 11
238 232 11 11
239 226 11 11
239 221 11 11
220 229 11 11
220 231 11 11
221 236 11 11
221 237 11 11
242 240 12 12
242 241 12 12
243 242 12 12
243 241 12 12
244 240 12 12
244 243 12 12
245 243 12 12
245 240 12 12
246 243 12 12
246 245 12 12
247 241 12 12
247 244 12 12
248 247 12 12
248 241 12 12
249 241 12 12
249 248 12 12
250 248 12 12
250 244 12 12
251 243 12 12
251 242 12 12
252 247 12 12
252 249 12 12
253 242 12 12
253 251 12 12
254 253 12 12
254 245 12 12
255 241 12 12
255 250 12 12
256 246 12 12
256 248 12 12
257 248 12 12
257 241 12 12
258 244 12 12
258 241 12 12
259 240 12 12
259 252 12 12
240 246 12 12
240 252 12 12
241 252 12 12
241 253 12 12
262 260 13 13
262 261 13 13
263 260 13 13
263 261 13 13
264 263 13 13
264 260 13 13
265 262 13 13
265 264 13 13
266 263 13 13
266 262 13 13
267 266 13 13
267 265 13 13
268 261 13 13
268 266 13 13
269 266 13 13
269 261 13 13
270 263 13 13
270 264 13 13
271 270 13 13
271 267 13 13
272 260 13 13
272 264 13 13
273 260 13 13
273 263 13 13
274 269 13 13
274 272 13 13
275 266 13 13
275 261 13 13
276 267 13 13
276 266 13 13
277 274 13 13
277 275 13 13
278 271 13 13
278 273 13 13
279 275 13 13
279 264 13 13
260 279 13 13
260 268 13 13
261 274 13 13
261 272 13 13
282 280 14 14
282 281 14 14
283 280 14 14
283 282 14 14
284 281 14 14
284 283 14 14
285 282 14 14
285 283 14 14
286 280 14 14
286 285 14 14
287 285 14 14
287 280 14 14
288 285 14 14
288 284 14 14
289 285 14 14
289 288 14 14
290 282 14 14
290 287 14 14
291 284 14 14
291 280 14 14
292 286 14 14
292 288 14 14
293 290 14 14
293 285 14 14
294 290 14 14
294 288 14 14
295 289 14 14
295 282 14 14
296 291 14 14
296 293 14 14
297 283 14 14
297 291 14 14
298 290 14 14
298 281 14 14
299 292 14 14
299 296 14 14
280 297 14 14
280 296 14 14
281 285 14 14
281 292 14 14
302 301 15 15
302 300 15 15
303 302 15 15
303 300 15 15
304 301 15 15
304 300 15 15
305 301 15 15
305 302 15 15
306 300 15 15
306 302 15 15
307 300 15 15
307 303 15 15
308 306 15 15
308 302 15 15
309 303 15 15
309 300 15 15
310 304 15 15
310 307 15 15
311 306 15 15
311 310 15 15
312 309 15 15
312 302 15 15
313 302 15 15
313 308 15 15
314 312 15 15
314 305 15 15
315 310 15 15
315 304 15 15
316 311 15 15
316 314 15 15
317 310 15 15
317 303 15 15
318 316 15 15
318 300 15 15
319 312 15 15
319 301 15 15
300 319 15 15
300 313 15 15
301 316 15 15
301 314 15 15
51 12 2 0
54 26 2 1
69 45 3 2
74 29 3 1
96 41 4 2
82 62 4 3
102 29 5 1
107 44 5 2
137 12 6 0
133 88 6 4
141 53 7 2
151 124 7 6
167 125 8 6
174 12 8 0
182 163 9 8
192 81 9 4
217 111 10 5
209 86 10 4
234 51 11 2
235 134 11 6
255 131 12 6
243 150 12 7
266 75 13 3
264 44 13 2
284 257 14 12
287 47 14 2
313 3 15 0
304 129 15 6
7 289 0 14
4 241 0 12
29 218 1 10
23 289 1 14
