swNum = 320
edgeNum = 672

0 0
1 0
2 0
3 0
4 0
5 0
6 0
7 0
8 0
9 0
10 0
11 0
12 0
13 0
14 0
15 0
16 0
17 0
18 0
19 0
20 1
21 1
22 1
23 1
24 1
25 1
26 1
27 1
28 1
29 1
30 1
31 1
32 1
33 1
34 1
35 1
36 1
37 1
38 1
39 1
40 2
41 2
42 2
43 2
44 2
45 2
46 2
47 2
48 2
49 2
50 2
51 2
52 2
53 2
54 2
55 2
56 2
57 2
58 2
59 2
60 3
61 3
62 3
63 3
64 3
65 3
66 3
67 3
68 3
69 3
70 3
71 3
72 3
73 3
74 3
75 3
76 3
77 3
78 3
79 3
80 4
81 4
82 4
83 4
84 4
85 4
86 4
87 4
88 4
89 4
90 4
91 4
92 4
93 4
94 4
95 4
96 4
97 4
98 4
99 4
100 5
101 5
102 5
103 5
104 5
105 5
106 5
107 5
108 5
109 5
110 5
111 5
112 5
113 5
114 5
115 5
116 5
117 5
118 5
119 5
120 6
121 6
122 6
123 6
124 6
125 6
126 6
127 6
128 6
129 6
130 6
131 6
132 6
133 6
134 6
135 6
136 6
137 6
138 6
139 6
140 7
141 7
142 7
143 7
144 7
145 7
146 7
147 7
148 7
149 7
150 7
151 7
152 7
153 7
154 7
155 7
156 7
157 7
158 7
159 7
160 8
161 8
162 8
163 8
164 8
165 8
166 8
167 8
168 8
169 8
170 8
171 8
172 8
173 8
174 8
175 8
176 8
177 8
178 8
179 8
180 9
181 9
182 9
183 9
184 9
185 9
186 9
187 9
188 9
189 9
190 9
191 9
192 9
193 9
194 9
195 9
196 9
197 9
198 9
199 9
200 10
201 10
202 10
203 10
204 10
205 10
206 10
207 10
208 10
209 10
210 10
211 10
212 10
213 10
214 10
215 10
216 10
217 10
218 10
219 10
220 11
221 11
222 11
223 11
224 11
225 11
226 11
227 11
228 11
229 11
230 11
231 11
232 11
233 11
234 11
235 11
236 11
237 11
238 11
239 11
240 12
241 12
242 12
243 12
244 12
245 12
246 12
247 12
248 12
249 12
250 12
251 12
252 12
253 12
254 12
255 12
256 12
257 12
258 12
259 12
260 13
261 13
262 13
263 13
264 13
265 13
266 13
267 13
268 13
269 13
270 13
271 13
272 13
273 13
274 13
275 13
276 13
277 13
278 13
279 13
280 14
281 14
282 14
283 14
284 14
285 14
286 14
287 14
288 14
289 14
290 14
291 14
292 14
293 14
294 14
295 14
296 14
297 14
298 14
299 14
300 15
301 15
302 15
303 15
304 15
305 15
306 15
307 15
308 15
309 15
310 15
311 15
312 15
313 15
314 15
315 15
316 15
317 15
318 15
319 15

2 0 0 0
2 1 0 0
3 2 0 0
3 0 0 0
4 2 0 0
4 0 0 0
5 4 0 0
5 3 0 0
6 2 0 0
6 3 0 0
7 1 0 0
7 5 0 0
8 5 0 0
8 0 0 0
9 6 0 0
9 5 0 0
10 0 0 0
10 9 0 0
11 2 0 0
11 5 0 0
12 7 0 0
12 0 0 0
13 5 0 0
13 8 0 0
14 6 0 0
14 1 0 0
15 11 0 0
15 4 0 0
16 15 0 0
16 3 0 0
17 9 0 0
17 13 0 0
18 14 0 0
18 12 0 0
19 9 0 0
19 16 0 0
0 11 0 0
0 14 0 0
1 15 0 0
1 16 0 0
22 20 1 1
22 21 1 1
23 21 1 1
23 20 1 1
24 23 1 1
24 21 1 1
25 24 1 1
25 22 1 1
26 24 1 1
26 20 1 1
27 21 1 1
27 20 1 1
28 27 1 1
28 24 1 1
29 26 1 1
29 25 1 1
30 22 1 1
30 27 1 1
31 28 1 1
31 29 1 1
32 30 1 1
32 28 1 1
33 24 1 1
33 32 1 1
34 30 1 1
34 23 1 1
35 22 1 1
35 28 1 1
36 28 1 1
36 21 1 1
37 33 1 1
37 32 1 1
38 32 1 1
38 26 1 1
39 23 1 1
39 20 1 1
20 33 1 1
20 24 1 1
21 39 1 1
21 29 1 1
42 40 2 2
42 41 2 2
43 41 2 2
43 40 2 2
44 43 2 2
44 41 2 2
45 41 2 2
45 42 2 2
46 40 2 2
46 43 2 2
47 43 2 2
47 46 2 2
48 47 2 2
48 43 2 2
49 44 2 2
49 46 2 2
50 46 2 2
50 40 2 2
51 46 2 2
51 48 2 2
52 41 2 2
52 47 2 2
53 48 2 2
53 45 2 2
54 40 2 2
54 47 2 2
55 40 2 2
55 51 2 2
56 50 2 2
56 53 2 2
57 53 2 2
57 45 2 2
58 50 2 2
58 47 2 2
59 40 2 2
59 47 2 2
40 57 2 2
40 53 2 2
41 55 2 2
41 48 2 2
62 61 3 3
62 60 3 3
63 61 3 3
63 62 3 3
64 60 3 3
64 61 3 3
65 61 3 3
65 63 3 3
66 60 3 3
66 64 3 3
67 60 3 3
67 61 3 3
68 64 3 3
68 67 3 3
69 66 3 3
69 65 3 3
70 61 3 3
70 64 3 3
71 63 3 3
71 70 3 3
72 65 3 3
72 64 3 3
73 63 3 3
73 72 3 3
74 64 3 3
74 73 3 3
75 70 3 3
75 62 3 3
76 68 3 3
76 73 3 3
77 65 3 3
77 74 3 3
78 63 3 3
78 61 3 3
79 61 3 3
79 60 3 3
60 63 3 3
60 65 3 3
61 74 3 3
61 76 3 3
82 81 4 4
82 80 4 4
83 81 4 4
83 82 4 4
84 80 4 4
84 81 4 4
85 82 4 4
85 83 4 4
86 85 4 4
86 82 4 4
87 83 4 4
87 81 4 4
88 80 4 4
88 85 4 4
89 82 4 4
89 80 4 4
90 81 4 4
90 88 4 4
91 87 4 4
91 85 4 4
92 82 4 4
92 91 4 4
93 84 4 4
93 83 4 4
94 81 4 4
94 86 4 4
95 92 4 4
95 94 4 4
96 91 4 4
96 88 4 4
97 82 4 4
97 81 4 4
98 83 4 4
98 90 4 4
99 91 4 4
99 98 4 4
80 90 4 4
80 93 4 4
81 88 4 4
81 86 4 4
102 100 5 5
102 101 5 5
103 100 5 5
103 102 5 5
104 102 5 5
104 103 5 5
105 101 5 5
105 102 5 5
106 100 5 5
106 101 5 5
107 101 5 5
107 102 5 5
108 104 5 5
108 102 5 5
109 107 5 5
109 105 5 5
110 107 5 5
110 100 5 5
111 106 5 5
111 107 5 5
112 104 5 5
112 107 5 5
113 102 5 5
113 111 5 5
114 106 5 5
114 108 5 5
115 100 5 5
115 102 5 5
116 113 5 5
116 109 5 5
117 108 5 5
117 106 5 5
118 100 5 5
118 109 5 5
119 109 5 5
119 110 5 5
100 104 5 5
100 117 5 5
101 115 5 5
101 103 5 5
122 120 6 6
122 121 6 6
123 122 6 6
123 121 6 6
124 122 6 6
124 121 6 6
125 124 6 6
125 120 6 6
126 120 6 6
126 122 6 6
127 125 6 6
127 120 6 6
128 122 6 6
128 120 6 6
129 125 6 6
129 124 6 6
130 122 6 6
130 126 6 6
131 129 6 6
131 123 6 6
132 131 6 6
132 120 6 6
133 125 6 6
133 129 6 6
134 131 6 6
134 128 6 6
135 131 6 6
135 126 6 6
136 133 6 6
136 124 6 6
137 132 6 6
137 131 6 6
138 123 6 6
138 128 6 6
139 132 6 6
139 130 6 6
120 135 6 6
120 123 6 6
121 132 6 6
121 136 6 6
142 141 7 7
142 140 7 7
143 141 7 7
143 142 7 7
144 141 7 7
144 140 7 7
145 140 7 7
145 144 7 7
146 141 7 7
146 140 7 7
147 142 7 7
147 141 7 7
148 144 7 7
148 147 7 7
149 147 7 7
149 142 7 7
150 142 7 7
150 145 7 7
151 140 7 7
151 141 7 7
152 146 7 7
152 150 7 7
153 144 7 7
153 148 7 7
154 151 7 7
154 145 7 7
155 153 7 7
155 148 7 7
156 140 7 7
156 151 7 7
157 153 7 7
157 148 7 7
158 149 7 7
158 142 7 7
159 148 7 7
159 157 7 7
140 150 7 7
140 143 7 7
141 156 7 7
141 154 7 7
162 160 8 8
162 161 8 8
163 160 8 8
163 161 8 8
164 161 8 8
164 162 8 8
165 162 8 8
165 163 8 8
166 162 8 8
166 164 8 8
167 163 8 8
167 162 8 8
168 166 8 8
168 163 8 8
169 163 8 8
169 167 8 8
170 163 8 8
170 160 8 8
171 161 8 8
171 168 8 8
172 164 8 8
172 170 8 8
173 169 8 8
173 172 8 8
174 161 8 8
174 166 8 8
175 173 8 8
175 169 8 8
176 172 8 8
176 160 8 8
177 174 8 8
177 171 8 8
178 164 8 8
178 173 8 8
179 171 8 8
179 168 8 8
160 164 8 8
160 172 8 8
161 179 8 8
161 166 8 8
182 181 9 9
182 180 9 9
183 182 9 9
183 181 9 9
184 180 9 9
184 182 9 9
185 183 9 9
185 181 9 9
186 185 9 9
186 182 9 9
187 185 9 9
187 180 9 9
188 183 9 9
188 182 9 9
189 180 9 9
189 181 9 9
190 185 9 9
190 189 9 9
191 184 9 9
191 181 9 9
192 185 9 9
192 189 9 9
193 189 9 9
193 187 9 9
194 192 9 9
194 183 9 9
195 182 9 9
195 194 9 9
196 188 9 9
196 189 9 9
197 195 9 9
197 184 9 9
198 183 9 9
198 190 9 9
199 197 9 9
199 198 9 9
180 192 9 9
180 193 9 9
181 186 9 9
181 196 9 9
202 200 10 10
202 201 10 10
203 200 10 10
203 202 10 10
204 200 10 10
204 202 10 10
205 201 10 10
205 203 10 10
206 201 10 10
206 200 10 10
207 204 10 10
207 206 10 10
208 203 10 10
208 206 10 10
209 207 10 10
209 205 10 10
210 204 10 10
210 202 10 10
211 203 10 10
211 202 10 10
212 209 10 10
212 202 10 10
213 207 10 10
213 212 10 10
214 209 10 10
214 204 10 10
215 207 10 10
215 204 10 10
216 202 10 10
216 204 10 10
217 213 10 10
217 208 10 10
218 205 10 10
218 203 10 10
219 213 10 10
219 215 10 10
200 211 10 10
200 208 10 10
201 216 10 10
201 218 10 10
222 220 11 11
222 221 11 11
223 222 11 11
223 221 11 11
224 223 11 11
224 220 11 11
225 224 11 11
225 220 11 11
226 220 11 11
226 221 11 11
227 221 11 11
227 220 11 11
228 226 11 11
228 223 11 11
229 222 11 11
229 225 11 11
230 223 11 11
230 224 11 11
231 226 11 11
231 223 11 11
232 222 11 11
232 224 11 11
233 229 11 11
233 227 11 11
234 222 11 11
234 223 11 11
235 220 11 11
235 224 11 11
236 235 11 11
236 228 11 11
237 226 11 11
237 223 11 11
238 236 11 11
238 228 11 11
239 229 11 11
239 238 11 11
220 239 11 11
220 232 11 11
221 229 11 11
221 239 11 11
242 240 12 12
242 241 12 12
243 241 12 12
243 240 12 12
244 240 12 12
244 242 12 12
245 243 12 12
245 241 12 12
246 240 12 12
246 242 12 12
247 242 12 12
247 245 12 12
248 241 12 12
248 247 12 12
249 241 12 12
249 246 12 12
250 245 12 12
250 247 12 12
251 247 12 12
251 245 12 12
252 240 12 12
252 242 12 12
253 251 12 12
253 241 12 12
254 243 12 12
254 246 12 12
255 241 12 12
255 254 12 12
256 253 12 12
256 242 12 12
257 243 12 12
257 251 12 12
258 249 12 12
258 255 12 12
259 249 12 12
259 251 12 12
240 254 12 12
240 247 12 12
241 259 12 12
241 257 12 12
262 261 13 13
262 260 13 13
263 262 13 13
263 260 13 13
264 260 13 13
264 262 13 13
265 264 13 13
265 261 13 13
266 262 13 13
266 264 13 13
267 265 13 13
267 264 13 13
268 260 13 13
268 267 13 13
269 264 13 13
269 260 13 13
270 267 13 13
270 261 13 13
271 264 13 13
271 261 13 13
272 262 13 13
272 264 13 13
273 261 13 13
273 272 13 13
274 262 13 13
274 272 13 13
275 265 13 13
275 272 13 13
276 275 13 13
276 263 13 13
277 272 13 13
277 265 13 13
278 261 13 13
278 276 13 13
279 265 13 13
279 266 13 13
260 267 13 13
260 270 13 13
261 277 13 13
261 269 13 13
282 281 14 14
282 280 14 14
283 281 14 14
283 280 14 14
284 282 14 14
284 281 14 14
285 282 14 14
285 280 14 14
286 281 14 14
286 283 14 14
287 283 14 14
287 286 14 14
288 285 14 14
288 284 14 14
289 288 14 14
289 284 14 14
290 287 14 14
290 289 14 14
291 288 14 14
291 286 14 14
292 285 14 14
292 286 14 14
293 289 14 14
293 283 14 14
294 291 14 14
294 290 14 14
295 294 14 14
295 288 14 14
296 286 14 14
296 291 14 14
297 282 14 14
297 295 14 14
298 283 14 14
298 290 14 14
299 291 14 14
299 286 14 14
280 295 14 14
280 297 14 14
281 292 14 14
281 290 14 14
302 300 15 15
302 301 15 15
303 301 15 15
303 300 15 15
304 301 15 15
304 302 15 15
305 303 15 15
305 304 15 15
306 305 15 15
306 304 15 15
307 303 15 15
307 300 15 15
308 302 15 15
308 300 15 15
309 303 15 15
309 305 15 15
310 306 15 15
310 308 15 15
311 308 15 15
311 303 15 15
312 310 15 15
312 309 15 15
313 311 15 15
313 306 15 15
314 300 15 15
314 302 15 15
315 302 15 15
315 304 15 15
316 310 15 15
316 315 15 15
317 315 15 15
317 311 15 15
318 305 15 15
318 302 15 15
319 315 15 15
319 304 15 15
300 311 15 15
300 304 15 15
301 311 15 15
301 308 15 15
46 37 2 1
45 10 2 0
73 39 3 1
75 17 3 0
95 29 4 1
97 1 4 0
100 3 5 0
101 98 5 4
124 19 6 0
133 86 6 4
153 113 7 5
147 63 7 3
170 32 8 1
168 142 8 7
180 59 9 2
198 9 9 0
216 114 10 5
210 31 10 1
233 196 11 9
236 91 11 4
259 232 12 11
241 137 12 6
274 26 13 1
272 70 13 3
282 198 14 9
285 255 14 12
318 248 15 12
304 190 15 9
2 300 0 15
6 220 0 11
28 247 1 12
22 186 1 9
