swNum = 320
edgeNum = 672

0 0
1 0
2 0
3 0
4 0
5 0
6 0
7 0
8 0
9 0
10 0
11 0
12 0
13 0
14 0
15 0
16 0
17 0
18 0
19 0
20 1
21 1
22 1
23 1
24 1
25 1
26 1
27 1
28 1
29 1
30 1
31 1
32 1
33 1
34 1
35 1
36 1
37 1
38 1
39 1
40 2
41 2
42 2
43 2
44 2
45 2
46 2
47 2
48 2
49 2
50 2
51 2
52 2
53 2
54 2
55 2
56 2
57 2
58 2
59 2
60 3
61 3
62 3
63 3
64 3
65 3
66 3
67 3
68 3
69 3
70 3
71 3
72 3
73 3
74 3
75 3
76 3
77 3
78 3
79 3
80 4
81 4
82 4
83 4
84 4
85 4
86 4
87 4
88 4
89 4
90 4
91 4
92 4
93 4
94 4
95 4
96 4
97 4
98 4
99 4
100 5
101 5
102 5
103 5
104 5
105 5
106 5
107 5
108 5
109 5
110 5
111 5
112 5
113 5
114 5
115 5
116 5
117 5
118 5
119 5
120 6
121 6
122 6
123 6
124 6
125 6
126 6
127 6
128 6
129 6
130 6
131 6
132 6
133 6
134 6
135 6
136 6
137 6
138 6
139 6
140 7
141 7
142 7
143 7
144 7
145 7
146 7
147 7
148 7
149 7
150 7
151 7
152 7
153 7
154 7
155 7
156 7
157 7
158 7
159 7
160 8
161 8
162 8
163 8
164 8
165 8
166 8
167 8
168 8
169 8
170 8
171 8
172 8
173 8
174 8
175 8
176 8
177 8
178 8
179 8
180 9
181 9
182 9
183 9
184 9
185 9
186 9
187 9
188 9
189 9
190 9
191 9
192 9
193 9
194 9
195 9
196 9
197 9
198 9
199 9
200 10
201 10
202 10
203 10
204 10
205 10
206 10
207 10
208 10
209 10
210 10
211 10
212 10
213 10
214 10
215 10
216 10
217 10
218 10
219 10
220 11
221 11
222 11
223 11
224 11
225 11
226 11
227 11
228 11
229 11
230 11
231 11
232 11
233 11
234 11
235 11
236 11
237 11
238 11
239 11
240 12
241 12
242 12
243 12
244 12
245 12
246 12
247 12
248 12
249 12
250 12
251 12
252 12
253 12
254 12
255 12
256 12
257 12
258 12
259 12
260 13
261 13
262 13
263 13
264 13
265 13
266 13
267 13
268 13
269 13
270 13
271 13
272 13
273 13
274 13
275 13
276 13
277 13
278 13
279 13
280 14
281 14
282 14
283 14
284 14
285 14
286 14
287 14
288 14
289 14
290 14
291 14
292 14
293 14
294 14
295 14
296 14
297 14
298 14
299 14
300 15
301 15
302 15
303 15
304 15
305 15
306 15
307 15
308 15
309 15
310 15
311 15
312 15
313 15
314 15
315 15
316 15
317 15
318 15
319 15

2 1 0 0
2 0 0 0
3 0 0 0
3 1 0 0
4 1 0 0
4 2 0 0
5 3 0 0
5 0 0 0
6 4 0 0
6 3 0 0
7 0 0 0
7 5 0 0
8 6 0 0
8 2 0 0
9 6 0 0
9 5 0 0
10 1 0 0
10 8 0 0
11 7 0 0
11 5 0 0
12 11 0 0
12 10 0 0
13 8 0 0
13 11 0 0
14 4 0 0
14 0 0 0
15 10 0 0
15 1 0 0
16 5 0 0
16 15 0 0
17 12 0 0
17 8 0 0
18 10 0 0
18 6 0 0
19 3 0 0
19 4 0 0
0 6 0 0
0 11 0 0
1 6 0 0
1 16 0 0
22 20 1 1
22 21 1 1
23 20 1 1
23 21 1 1
24 22 1 1
24 23 1 1
25 20 1 1
25 21 1 1
26 25 1 1
26 24 1 1
27 24 1 1
27 21 1 1
28 27 1 1
28 22 1 1
29 22 1 1
29 24 1 1
30 27 1 1
30 29 1 1
31 24 1 1
31 29 1 1
32 22 1 1
32 26 1 1
33 22 1 1
33 31 1 1
34 24 1 1
34 27 1 1
35 23 1 1
35 27 1 1
36 25 1 1
36 22 1 1
37 27 1 1
37 20 1 1
38 21 1 1
38 26 1 1
39 29 1 1
39 34 1 1
20 29 1 1
20 24 1 1
21 26 1 1
21 29 1 1
42 40 2 2
42 41 2 2
43 41 2 2
43 40 2 2
44 43 2 2
44 42 2 2
45 40 2 2
45 41 2 2
46 43 2 2
46 44 2 2
47 42 2 2
47 40 2 2
48 40 2 2
48 42 2 2
49 40 2 2
49 42 2 2
50 41 2 2
50 43 2 2
51 40 2 2
51 42 2 2
52 46 2 2
52 41 2 2
53 45 2 2
53 43 2 2
54 46 2 2
54 43 2 2
55 50 2 2
55 51 2 2
56 47 2 2
56 42 2 2
57 40 2 2
57 50 2 2
58 46 2 2
58 41 2 2
59 45 2 2
59 57 2 2
40 53 2 2
40 44 2 2
41 55 2 2
41 59 2 2
62 60 3 3
62 61 3 3
63 61 3 3
63 60 3 3
64 63 3 3
64 60 3 3
65 61 3 3
65 62 3 3
66 64 3 3
66 63 3 3
67 62 3 3
67 60 3 3
68 63 3 3
68 64 3 3
69 61 3 3
69 63 3 3
70 62 3 3
70 67 3 3
71 61 3 3
71 64 3 3
72 64 3 3
72 71 3 3
73 72 3 3
73 64 3 3
74 65 3 3
74 62 3 3
75 65 3 3
75 72 3 3
76 67 3 3
76 65 3 3
77 70 3 3
77 72 3 3
78 75 3 3
78 70 3 3
79 60 3 3
79 63 3 3
60 72 3 3
60 75 3 3
61 74 3 3
61 67 3 3
82 81 4 4
82 80 4 4
83 82 4 4
83 80 4 4
84 81 4 4
84 80 4 4
85 82 4 4
85 83 4 4
86 83 4 4
86 81 4 4
87 80 4 4
87 84 4 4
88 85 4 4
88 83 4 4
89 84 4 4
89 85 4 4
90 85 4 4
90 82 4 4
91 90 4 4
91 82 4 4
92 82 4 4
92 80 4 4
93 83 4 4
93 88 4 4
94 80 4 4
94 83 4 4
95 93 4 4
95 83 4 4
96 89 4 4
96 85 4 4
97 89 4 4
97 87 4 4
98 80 4 4
98 94 4 4
99 82 4 4
99 81 4 4
80 97 4 4
80 93 4 4
81 95 4 4
81 94 4 4
102 100 5 5
102 101 5 5
103 101 5 5
103 102 5 5
104 102 5 5
104 101 5 5
105 103 5 5
105 101 5 5
106 102 5 5
106 105 5 5
107 106 5 5
107 105 5 5
108 102 5 5
108 104 5 5
109 107 5 5
109 106 5 5
110 102 5 5
110 107 5 5
111 101 5 5
111 106 5 5
112 101 5 5
112 105 5 5
113 104 5 5
113 101 5 5
114 100 5 5
114 113 5 5
115 101 5 5
115 104 5 5
116 107 5 5
116 114 5 5
117 110 5 5
117 107 5 5
118 111 5 5
118 100 5 5
119 118 5 5
119 105 5 5
100 107 5 5
100 112 5 5
101 119 5 5
101 108 5 5
122 120 6 6
122 121 6 6
123 120 6 6
123 121 6 6
124 123 6 6
124 120 6 6
125 124 6 6
125 120 6 6
126 120 6 6
126 124 6 6
127 123 6 6
127 120 6 6
128 126 6 6
128 120 6 6
129 120 6 6
129 128 6 6
130 121 6 6
130 129 6 6
131 124 6 6
131 128 6 6
132 125 6 6
132 120 6 6
133 132 6 6
133 130 6 6
134 122 6 6
134 132 6 6
135 134 6 6
135 124 6 6
136 134 6 6
136 125 6 6
137 129 6 6
137 127 6 6
138 120 6 6
138 131 6 6
139 132 6 6
139 122 6 6
120 131 6 6
120 139 6 6
121 139 6 6
121 137 6 6
142 140 7 7
142 141 7 7
143 140 7 7
143 141 7 7
144 142 7 7
144 141 7 7
145 140 7 7
145 143 7 7
146 143 7 7
146 140 7 7
147 144 7 7
147 140 7 7
148 141 7 7
148 143 7 7
149 148 7 7
149 146 7 7
150 143 7 7
150 146 7 7
151 149 7 7
151 143 7 7
152 145 7 7
152 148 7 7
153 140 7 7
153 146 7 7
154 143 7 7
154 142 7 7
155 142 7 7
155 143 7 7
156 148 7 7
156 143 7 7
157 148 7 7
157 144 7 7
158 155 7 7
158 140 7 7
159 154 7 7
159 142 7 7
140 159 7 7
140 154 7 7
141 154 7 7
141 155 7 7
162 160 8 8
162 161 8 8
163 161 8 8
163 160 8 8
164 160 8 8
164 162 8 8
165 164 8 8
165 163 8 8
166 165 8 8
166 162 8 8
167 163 8 8
167 160 8 8
168 166 8 8
168 165 8 8
169 161 8 8
169 165 8 8
170 166 8 8
170 161 8 8
171 170 8 8
171 166 8 8
172 171 8 8
172 162 8 8
173 164 8 8
173 172 8 8
174 163 8 8
174 170 8 8
175 162 8 8
175 173 8 8
176 161 8 8
176 173 8 8
177 172 8 8
177 170 8 8
178 161 8 8
178 167 8 8
179 178 8 8
179 172 8 8
160 176 8 8
160 172 8 8
161 174 8 8
161 179 8 8
182 180 9 9
182 181 9 9
183 181 9 9
183 180 9 9
184 182 9 9
184 181 9 9
185 180 9 9
185 181 9 9
186 184 9 9
186 185 9 9
187 184 9 9
187 185 9 9
188 182 9 9
188 180 9 9
189 182 9 9
189 188 9 9
190 186 9 9
190 185 9 9
191 184 9 9
191 186 9 9
192 186 9 9
192 189 9 9
193 180 9 9
193 186 9 9
194 192 9 9
194 189 9 9
195 191 9 9
195 193 9 9
196 184 9 9
196 185 9 9
197 189 9 9
197 190 9 9
198 193 9 9
198 182 9 9
199 197 9 9
199 185 9 9
180 194 9 9
180 190 9 9
181 188 9 9
181 186 9 9
202 200 10 10
202 201 10 10
203 201 10 10
203 202 10 10
204 202 10 10
204 201 10 10
205 204 10 10
205 202 10 10
206 204 10 10
206 201 10 10
207 205 10 10
207 200 10 10
208 203 10 10
208 207 10 10
209 202 10 10
209 203 10 10
210 202 10 10
210 204 10 10
211 205 10 10
211 207 10 10
212 201 10 10
212 204 10 10
213 203 10 10
213 209 10 10
214 207 10 10
214 205 10 10
215 202 10 10
215 209 10 10
216 214 10 10
216 212 10 10
217 213 10 10
217 208 10 10
218 215 10 10
218 210 10 10
219 207 10 10
219 214 10 10
200 212 10 10
200 204 10 10
201 216 10 10
201 214 10 10
222 221 11 11
222 220 11 11
223 221 11 11
223 222 11 11
224 220 11 11
224 221 11 11
225 224 11 11
225 223 11 11
226 225 11 11
226 224 11 11
227 221 11 11
227 223 11 11
228 220 11 11
228 225 11 11
229 223 11 11
229 225 11 11
230 227 11 11
230 226 11 11
231 222 11 11
231 223 11 11
232 231 11 11
232 221 11 11
233 232 11 11
233 228 11 11
234 227 11 11
234 232 11 11
235 224 11 11
235 229 11 11
236 228 11 11
236 221 11 11
237 223 11 11
237 227 11 11
238 232 11 11
238 236 11 11
239 224 11 11
239 238 11 11
220 235 11 11
220 227 11 11
221 231 11 11
221 230 11 11
242 241 12 12
242 240 12 12
243 242 12 12
243 241 12 12
244 241 12 12
244 243 12 12
245 241 12 12
245 240 12 12
246 241 12 12
246 242 12 12
247 244 12 12
247 245 12 12
248 247 12 12
248 243 12 12
249 242 12 12
249 245 12 12
250 247 12 12
250 248 12 12
251 243 12 12
251 242 12 12
252 242 12 12
252 241 12 12
253 243 12 12
253 246 12 12
254 241 12 12
254 240 12 12
255 245 12 12
255 242 12 12
256 254 12 12
256 246 12 12
257 242 12 12
257 254 12 12
258 243 12 12
258 256 12 12
259 255 12 12
259 258 12 12
240 250 12 12
240 246 12 12
241 257 12 12
241 255 12 12
262 261 13 13
262 260 13 13
263 260 13 13
263 262 13 13
264 261 13 13
264 260 13 13
265 260 13 13
265 263 13 13
266 263 13 13
266 264 13 13
267 265 13 13
267 263 13 13
268 262 13 13
268 264 13 13
269 261 13 13
269 262 13 13
270 265 13 13
270 262 13 13
271 263 13 13
271 268 13 13
272 271 13 13
272 262 13 13
273 261 13 13
273 271 13 13
274 269 13 13
274 268 13 13
275 273 13 13
275 263 13 13
276 263 13 13
276 264 13 13
277 269 13 13
277 272 13 13
278 273 13 13
278 262 13 13
279 269 13 13
279 273 13 13
260 277 13 13
260 266 13 13
261 279 13 13
261 275 13 13
282 280 14 14
282 281 14 14
283 282 14 14
283 280 14 14
284 281 14 14
284 280 14 14
285 284 14 14
285 281 14 14
286 284 14 14
286 285 14 14
287 281 14 14
287 282 14 14
288 286 14 14
288 285 14 14
289 284 14 14
289 286 14 14
290 288 14 14
290 281 14 14
291 282 14 14
291 284 14 14
292 284 14 14
292 287 14 14
293 282 14 14
293 291 14 14
294 285 14 14
294 289 14 14
295 294 14 14
295 287 14 14
296 294 14 14
296 290 14 14
297 280 14 14
297 283 14 14
298 295 14 14
298 289 14 14
299 296 14 14
299 294 14 14
280 290 14 14
280 292 14 14
281 299 14 14
281 298 14 14
302 300 15 15
302 301 15 15
303 301 15 15
303 300 15 15
304 300 15 15
304 302 15 15
305 303 15 15
305 302 15 15
306 301 15 15
306 303 15 15
307 306 15 15
307 302 15 15
308 301 15 15
308 302 15 15
309 307 15 15
309 301 15 15
310 302 15 15
310 309 15 15
311 307 15 15
311 303 15 15
312 305 15 15
312 311 15 15
313 303 15 15
313 307 15 15
314 300 15 15
314 310 15 15
315 305 15 15
315 310 15 15
316 309 15 15
316 312 15 15
317 313 15 15
317 310 15 15
318 315 15 15
318 316 15 15
319 316 15 15
319 308 15 15
300 306 15 15
300 313 15 15
301 319 15 15
301 311 15 15
41 35 2 1
42 9 2 0
62 34 3 1
62 3 3 0
92 2 4 0
81 31 4 1
102 99 5 4
105 54 5 2
129 22 6 1
120 108 6 5
149 66 7 3
157 13 7 0
169 20 8 1
172 128 8 6
183 84 9 4
182 15 9 0
219 52 10 2
209 113 10 5
238 86 11 4
230 55 11 2
240 137 12 6
243 209 12 10
270 194 13 9
275 12 13 0
280 243 14 12
281 138 14 6
305 137 15 6
318 63 15 3
13 120 0 6
4 307 0 15
32 299 1 14
22 247 1 12
