swNum = 320
edgeNum = 672

0 0
1 0
2 0
3 0
4 0
5 0
6 0
7 0
8 0
9 0
10 0
11 0
12 0
13 0
14 0
15 0
16 0
17 0
18 0
19 0
20 1
21 1
22 1
23 1
24 1
25 1
26 1
27 1
28 1
29 1
30 1
31 1
32 1
33 1
34 1
35 1
36 1
37 1
38 1
39 1
40 2
41 2
42 2
43 2
44 2
45 2
46 2
47 2
48 2
49 2
50 2
51 2
52 2
53 2
54 2
55 2
56 2
57 2
58 2
59 2
60 3
61 3
62 3
63 3
64 3
65 3
66 3
67 3
68 3
69 3
70 3
71 3
72 3
73 3
74 3
75 3
76 3
77 3
78 3
79 3
80 4
81 4
82 4
83 4
84 4
85 4
86 4
87 4
88 4
89 4
90 4
91 4
92 4
93 4
94 4
95 4
96 4
97 4
98 4
99 4
100 5
101 5
102 5
103 5
104 5
105 5
106 5
107 5
108 5
109 5
110 5
111 5
112 5
113 5
114 5
115 5
116 5
117 5
118 5
119 5
120 6
121 6
122 6
123 6
124 6
125 6
126 6
127 6
128 6
129 6
130 6
131 6
132 6
133 6
134 6
135 6
136 6
137 6
138 6
139 6
140 7
141 7
142 7
143 7
144 7
145 7
146 7
147 7
148 7
149 7
150 7
151 7
152 7
153 7
154 7
155 7
156 7
157 7
158 7
159 7
160 8
161 8
162 8
163 8
164 8
165 8
166 8
167 8
168 8
169 8
170 8
171 8
172 8
173 8
174 8
175 8
176 8
177 8
178 8
179 8
180 9
181 9
182 9
183 9
184 9
185 9
186 9
187 9
188 9
189 9
190 9
191 9
192 9
193 9
194 9
195 9
196 9
197 9
198 9
199 9
200 10
201 10
202 10
203 10
204 10
205 10
206 10
207 10
208 10
209 10
210 10
211 10
212 10
213 10
214 10
215 10
216 10
217 10
218 10
219 10
220 11
221 11
222 11
223 11
224 11
225 11
226 11
227 11
228 11
229 11
230 11
231 11
232 11
233 11
234 11
235 11
236 11
237 11
238 11
239 11
240 12
241 12
242 12
243 12
244 12
245 12
246 12
247 12
248 12
249 12
250 12
251 12
252 12
253 12
254 12
255 12
256 12
257 12
258 12
259 12
260 13
261 13
262 13
263 13
264 13
265 13
266 13
267 13
268 13
269 13
270 13
271 13
272 13
273 13
274 13
275 13
276 13
277 13
278 13
279 13
280 14
281 14
282 14
283 14
284 14
285 14
286 14
287 14
288 14
289 14
290 14
291 14
292 14
293 14
294 14
295 14
296 14
297 14
298 14
299 14
300 15
301 15
302 15
303 15
304 15
305 15
306 15
307 15
308 15
309 15
310 15
311 15
312 15
313 15
314 15
315 15
316 15
317 15
318 15
319 15

2 0 0 0
2 1 0 0
3 1 0 0
3 2 0 0
4 0 0 0
4 2 0 0
5 3 0 0
5 0 0 0
6 3 0 0
6 0 0 0
7 5 0 0
7 6 0 0
8 1 0 0
8 3 0 0
9 7 0 0
9 5 0 0
10 4 0 0
10 5 0 0
11 8 0 0
11 4 0 0
12 2 0 0
12 7 0 0
13 3 0 0
13 4 0 0
14 13 0 0
14 3 0 0
15 0 0 0
15 11 0 0
16 4 0 0
16 1 0 0
17 2 0 0
17 3 0 0
18 14 0 0
18 13 0 0
19 2 0 0
19 9 0 0
0 18 0 0
0 16 0 0
1 17 0 0
1 14 0 0
22 21 1 1
22 20 1 1
23 22 1 1
23 20 1 1
24 20 1 1
24 21 1 1
25 23 1 1
25 20 1 1
26 24 1 1
26 21 1 1
27 21 1 1
27 26 1 1
28 20 1 1
28 24 1 1
29 22 1 1
29 24 1 1
30 24 1 1
30 29 1 1
31 22 1 1
31 28 1 1
32 21 1 1
32 26 1 1
33 20 1 1
33 23 1 1
34 21 1 1
34 33 1 1
35 27 1 1
35 20 1 1
36 28 1 1
36 27 1 1
37 23 1 1
37 25 1 1
38 33 1 1
38 34 1 1
39 37 1 1
39 34 1 1
20 36 1 1
20 38 1 1
21 39 1 1
21 25 1 1
42 41 2 2
42 40 2 2
43 42 2 2
43 41 2 2
44 41 2 2
44 43 2 2
45 40 2 2
45 42 2 2
46 40 2 2
46 41 2 2
47 43 2 2
47 46 2 2
48 40 2 2
48 46 2 2
49 48 2 2
49 45 2 2
50 45 2 2
50 49 2 2
51 42 2 2
51 48 2 2
52 41 2 2
52 44 2 2
53 46 2 2
53 43 2 2
54 50 2 2
54 49 2 2
55 47 2 2
55 53 2 2
56 45 2 2
56 49 2 2
57 48 2 2
57 49 2 2
58 52 2 2
58 53 2 2
59 50 2 2
59 51 2 2
40 56 2 2
40 55 2 2
41 56 2 2
41 48 2 2
62 60 3 3
62 61 3 3
63 61 3 3
63 60 3 3
64 60 3 3
64 63 3 3
65 62 3 3
65 61 3 3
66 61 3 3
66 60 3 3
67 66 3 3
67 63 3 3
68 62 3 3
68 67 3 3
69 64 3 3
69 67 3 3
70 62 3 3
70 60 3 3
71 60 3 3
71 69 3 3
72 62 3 3
72 69 3 3
73 65 3 3
73 68 3 3
74 62 3 3
74 60 3 3
75 70 3 3
75 74 3 3
76 65 3 3
76 62 3 3
77 76 3 3
77 68 3 3
78 66 3 3
78 62 3 3
79 77 3 3
79 73 3 3
60 78 3 3
60 69 3 3
61 78 3 3
61 67 3 3
82 80 4 4
82 81 4 4
83 80 4 4
83 82 4 4
84 83 4 4
84 81 4 4
85 84 4 4
85 83 4 4
86 80 4 4
86 82 4 4
87 84 4 4
87 80 4 4
88 82 4 4
88 85 4 4
89 80 4 4
89 84 4 4
90 86 4 4
90 85 4 4
91 80 4 4
91 87 4 4
92 87 4 4
92 89 4 4
93 90 4 4
93 92 4 4
94 81 4 4
94 90 4 4
95 83 4 4
95 80 4 4
96 90 4 4
96 89 4 4
97 85 4 4
97 80 4 4
98 88 4 4
98 80 4 4
99 85 4 4
99 87 4 4
80 96 4 4
80 99 4 4
81 98 4 4
81 83 4 4
102 100 5 5
102 101 5 5
103 101 5 5
103 102 5 5
104 100 5 5
104 103 5 5
105 104 5 5
105 100 5 5
106 103 5 5
106 104 5 5
107 102 5 5
107 105 5 5
108 102 5 5
108 100 5 5
109 102 5 5
109 106 5 5
110 100 5 5
110 104 5 5
111 100 5 5
111 108 5 5
112 110 5 5
112 108 5 5
113 104 5 5
113 109 5 5
114 101 5 5
114 112 5 5
115 108 5 5
115 102 5 5
116 102 5 5
116 113 5 5
117 108 5 5
117 103 5 5
118 107 5 5
118 109 5 5
119 100 5 5
119 108 5 5
100 112 5 5
100 113 5 5
101 106 5 5
101 110 5 5
122 120 6 6
122 121 6 6
123 122 6 6
123 120 6 6
124 123 6 6
124 122 6 6
125 124 6 6
125 122 6 6
126 124 6 6
126 125 6 6
127 125 6 6
127 120 6 6
128 127 6 6
128 126 6 6
129 120 6 6
129 127 6 6
130 127 6 6
130 128 6 6
131 125 6 6
131 130 6 6
132 123 6 6
132 127 6 6
133 131 6 6
133 130 6 6
134 125 6 6
134 121 6 6
135 128 6 6
135 120 6 6
136 133 6 6
136 127 6 6
137 128 6 6
137 135 6 6
138 129 6 6
138 136 6 6
139 128 6 6
139 122 6 6
120 130 6 6
120 139 6 6
121 123 6 6
121 135 6 6
142 141 7 7
142 140 7 7
143 142 7 7
143 141 7 7
144 140 7 7
144 143 7 7
145 142 7 7
145 144 7 7
146 142 7 7
146 145 7 7
147 143 7 7
147 142 7 7
148 143 7 7
148 146 7 7
149 140 7 7
149 146 7 7
150 141 7 7
150 146 7 7
151 144 7 7
151 148 7 7
152 146 7 7
152 149 7 7
153 152 7 7
153 143 7 7
154 143 7 7
154 150 7 7
155 140 7 7
155 142 7 7
156 150 7 7
156 154 7 7
157 149 7 7
157 145 7 7
158 156 7 7
158 140 7 7
159 146 7 7
159 156 7 7
140 150 7 7
140 159 7 7
141 149 7 7
141 152 7 7
162 161 8 8
162 160 8 8
163 161 8 8
163 162 8 8
164 162 8 8
164 160 8 8
165 164 8 8
165 160 8 8
166 162 8 8
166 160 8 8
167 163 8 8
167 162 8 8
168 165 8 8
168 161 8 8
169 167 8 8
169 160 8 8
170 160 8 8
170 164 8 8
171 160 8 8
171 170 8 8
172 171 8 8
172 164 8 8
173 162 8 8
173 163 8 8
174 163 8 8
174 161 8 8
175 160 8 8
175 166 8 8
176 164 8 8
176 170 8 8
177 172 8 8
177 160 8 8
178 169 8 8
178 162 8 8
179 176 8 8
179 174 8 8
160 176 8 8
160 178 8 8
161 169 8 8
161 171 8 8
182 180 9 9
182 181 9 9
183 182 9 9
183 180 9 9
184 180 9 9
184 183 9 9
185 183 9 9
185 182 9 9
186 183 9 9
186 184 9 9
187 180 9 9
187 185 9 9
188 180 9 9
188 187 9 9
189 184 9 9
189 187 9 9
190 189 9 9
190 185 9 9
191 189 9 9
191 186 9 9
192 186 9 9
192 182 9 9
193 188 9 9
193 192 9 9
194 187 9 9
194 186 9 9
195 191 9 9
195 189 9 9
196 191 9 9
196 186 9 9
197 195 9 9
197 190 9 9
198 180 9 9
198 193 9 9
199 187 9 9
199 195 9 9
180 190 9 9
180 195 9 9
181 196 9 9
181 186 9 9
202 201 10 10
202 200 10 10
203 202 10 10
203 201 10 10
204 203 10 10
204 201 10 10
205 202 10 10
205 204 10 10
206 205 10 10
206 201 10 10
207 205 10 10
207 206 10 10
208 203 10 10
208 206 10 10
209 203 10 10
209 202 10 10
210 205 10 10
210 204 10 10
211 201 10 10
211 205 10 10
212 207 10 10
212 211 10 10
213 210 10 10
213 208 10 10
214 213 10 10
214 210 10 10
215 204 10 10
215 202 10 10
216 211 10 10
216 212 10 10
217 210 10 10
217 200 10 10
218 213 10 10
218 211 10 10
219 209 10 10
219 203 10 10
200 211 10 10
200 216 10 10
201 216 10 10
201 212 10 10
222 221 11 11
222 220 11 11
223 222 11 11
223 220 11 11
224 223 11 11
224 220 11 11
225 224 11 11
225 220 11 11
226 220 11 11
226 223 11 11
227 223 11 11
227 222 11 11
228 225 11 11
228 224 11 11
229 228 11 11
229 225 11 11
230 221 11 11
230 228 11 11
231 223 11 11
231 224 11 11
232 227 11 11
232 220 11 11
233 223 11 11
233 230 11 11
234 227 11 11
234 230 11 11
235 222 11 11
235 227 11 11
236 230 11 11
236 221 11 11
237 234 11 11
237 232 11 11
238 224 11 11
238 232 11 11
239 230 11 11
239 229 11 11
220 238 11 11
220 233 11 11
221 225 11 11
221 235 11 11
242 240 12 12
242 241 12 12
243 240 12 12
243 241 12 12
244 241 12 12
244 242 12 12
245 243 12 12
245 242 12 12
246 240 12 12
246 243 12 12
247 245 12 12
247 243 12 12
248 240 12 12
248 246 12 12
249 243 12 12
249 242 12 12
250 246 12 12
250 243 12 12
251 246 12 12
251 249 12 12
252 242 12 12
252 250 12 12
253 251 12 12
253 243 12 12
254 249 12 12
254 253 12 12
255 245 12 12
255 250 12 12
256 250 12 12
256 247 12 12
257 255 12 12
257 247 12 12
258 241 12 12
258 256 12 12
259 242 12 12
259 250 12 12
240 252 12 12
240 249 12 12
241 248 12 12
241 251 12 12
262 260 13 13
262 261 13 13
263 262 13 13
263 261 13 13
264 260 13 13
264 261 13 13
265 263 13 13
265 262 13 13
266 262 13 13
266 263 13 13
267 264 13 13
267 261 13 13
268 264 13 13
268 260 13 13
269 266 13 13
269 265 13 13
270 267 13 13
270 264 13 13
271 262 13 13
271 260 13 13
272 265 13 13
272 266 13 13
273 269 13 13
273 265 13 13
274 272 13 13
274 273 13 13
275 267 13 13
275 266 13 13
276 273 13 13
276 267 13 13
277 276 13 13
277 267 13 13
278 260 13 13
278 271 13 13
279 260 13 13
279 276 13 13
260 270 13 13
260 277 13 13
261 265 13 13
261 271 13 13
282 280 14 14
282 281 14 14
283 281 14 14
283 280 14 14
284 282 14 14
284 280 14 14
285 280 14 14
285 284 14 14
286 281 14 14
286 285 14 14
287 283 14 14
287 281 14 14
288 282 14 14
288 284 14 14
289 285 14 14
289 286 14 14
290 289 14 14
290 287 14 14
291 285 14 14
291 288 14 14
292 285 14 14
292 284 14 14
293 286 14 14
293 282 14 14
294 286 14 14
294 291 14 14
295 289 14 14
295 292 14 14
296 280 14 14
296 288 14 14
297 280 14 14
297 292 14 14
298 292 14 14
298 283 14 14
299 290 14 14
299 285 14 14
280 295 14 14
280 293 14 14
281 298 14 14
281 290 14 14
302 300 15 15
302 301 15 15
303 301 15 15
303 302 15 15
304 302 15 15
304 303 15 15
305 303 15 15
305 300 15 15
306 305 15 15
306 302 15 15
307 304 15 15
307 301 15 15
308 300 15 15
308 305 15 15
309 303 15 15
309 302 15 15
310 302 15 15
310 304 15 15
311 305 15 15
311 306 15 15
312 306 15 15
312 301 15 15
313 311 15 15
313 303 15 15
314 301 15 15
314 312 15 15
315 303 15 15
315 314 15 15
316 307 15 15
316 313 15 15
317 310 15 15
317 316 15 15
318 310 15 15
318 313 15 15
319 318 15 15
319 303 15 15
300 311 15 15
300 309 15 15
301 317 15 15
301 319 15 15
53 21 2 1
47 15 2 0
70 53 3 2
63 14 3 0
84 49 4 2
81 11 4 0
116 82 5 4
114 1 5 0
131 26 6 1
129 73 6 3
143 48 7 2
148 136 7 6
165 102 8 5
172 93 8 4
195 36 9 1
191 150 9 7
218 49 10 2
204 67 10 3
220 207 11 10
222 18 11 0
259 148 12 7
253 224 12 11
270 175 13 8
267 85 13 4
291 261 14 13
296 154 14 7
308 272 15 13
319 98 15 4
16 269 0 13
17 126 0 6
20 309 1 15
27 146 1 7
