swNum = 320
edgeNum = 672

0 0
1 0
2 0
3 0
4 0
5 0
6 0
7 0
8 0
9 0
10 0
11 0
12 0
13 0
14 0
15 0
16 0
17 0
18 0
19 0
20 1
21 1
22 1
23 1
24 1
25 1
26 1
27 1
28 1
29 1
30 1
31 1
32 1
33 1
34 1
35 1
36 1
37 1
38 1
39 1
40 2
41 2
42 2
43 2
44 2
45 2
46 2
47 2
48 2
49 2
50 2
51 2
52 2
53 2
54 2
55 2
56 2
57 2
58 2
59 2
60 3
61 3
62 3
63 3
64 3
65 3
66 3
67 3
68 3
69 3
70 3
71 3
72 3
73 3
74 3
75 3
76 3
77 3
78 3
79 3
80 4
81 4
82 4
83 4
84 4
85 4
86 4
87 4
88 4
89 4
90 4
91 4
92 4
93 4
94 4
95 4
96 4
97 4
98 4
99 4
100 5
101 5
102 5
103 5
104 5
105 5
106 5
107 5
108 5
109 5
110 5
111 5
112 5
113 5
114 5
115 5
116 5
117 5
118 5
119 5
120 6
121 6
122 6
123 6
124 6
125 6
126 6
127 6
128 6
129 6
130 6
131 6
132 6
133 6
134 6
135 6
136 6
137 6
138 6
139 6
140 7
141 7
142 7
143 7
144 7
145 7
146 7
147 7
148 7
149 7
150 7
151 7
152 7
153 7
154 7
155 7
156 7
157 7
158 7
159 7
160 8
161 8
162 8
163 8
164 8
165 8
166 8
167 8
168 8
169 8
170 8
171 8
172 8
173 8
174 8
175 8
176 8
177 8
178 8
179 8
180 9
181 9
182 9
183 9
184 9
185 9
186 9
187 9
188 9
189 9
190 9
191 9
192 9
193 9
194 9
195 9
196 9
197 9
198 9
199 9
200 10
201 10
202 10
203 10
204 10
205 10
206 10
207 10
208 10
209 10
210 10
211 10
212 10
213 10
214 10
215 10
216 10
217 10
218 10
219 10
220 11
221 11
222 11
223 11
224 11
225 11
226 11
227 11
228 11
229 11
230 11
231 11
232 11
233 11
234 11
235 11
236 11
237 11
238 11
239 11
240 12
241 12
242 12
243 12
244 12
245 12
246 12
247 12
248 12
249 12
250 12
251 12
252 12
253 12
254 12
255 12
256 12
257 12
258 12
259 12
260 13
261 13
262 13
263 13
264 13
265 13
266 13
267 13
268 13
269 13
270 13
271 13
272 13
273 13
274 13
275 13
276 13
277 13
278 13
279 13
280 14
281 14
282 14
283 14
284 14
285 14
286 14
287 14
288 14
289 14
290 14
291 14
292 14
293 14
294 14
295 14
296 14
297 14
298 14
299 14
300 15
301 15
302 15
303 15
304 15
305 15
306 15
307 15
308 15
309 15
310 15
311 15
312 15
313 15
314 15
315 15
316 15
317 15
318 15
319 15

2 1 0 0
2 0 0 0
3 2 0 0
3 0 0 0
4 1 0 0
4 2 0 0
5 2 0 0
5 3 0 0
6 5 0 0
6 3 0 0
7 5 0 0
7 0 0 0
8 1 0 0
8 3 0 0
9 2 0 0
9 5 0 0
10 3 0 0
10 4 0 0
11 4 0 0
11 8 0 0
12 2 0 0
12 7 0 0
13 1 0 0
13 5 0 0
14 2 0 0
14 7 0 0
15 5 0 0
15 7 0 0
16 4 0 0
16 14 0 0
17 4 0 0
17 10 0 0
18 6 0 0
18 17 0 0
19 18 0 0
19 10 0 0
0 16 0 0
0 14 0 0
1 19 0 0
1 6 0 0
22 21 1 1
22 20 1 1
23 22 1 1
23 21 1 1
24 23 1 1
24 22 1 1
25 21 1 1
25 22 1 1
26 25 1 1
26 23 1 1
27 26 1 1
27 21 1 1
28 27 1 1
28 21 1 1
29 20 1 1
29 21 1 1
30 24 1 1
30 20 1 1
31 22 1 1
31 29 1 1
32 30 1 1
32 22 1 1
33 32 1 1
33 20 1 1
34 26 1 1
34 27 1 1
35 28 1 1
35 30 1 1
36 27 1 1
36 29 1 1
37 34 1 1
37 21 1 1
38 36 1 1
38 23 1 1
39 29 1 1
39 34 1 1
20 24 1 1
20 39 1 1
21 31 1 1
21 34 1 1
42 41 2 2
42 40 2 2
43 41 2 2
43 40 2 2
44 43 2 2
44 42 2 2
45 41 2 2
45 43 2 2
46 42 2 2
46 41 2 2
47 46 2 2
47 42 2 2
48 40 2 2
48 46 2 2
49 45 2 2
49 42 2 2
50 46 2 2
50 45 2 2
51 45 2 2
51 50 2 2
52 51 2 2
52 41 2 2
53 46 2 2
53 50 2 2
54 42 2 2
54 43 2 2
55 43 2 2
55 44 2 2
56 50 2 2
56 52 2 2
57 45 2 2
57 55 2 2
58 46 2 2
58 42 2 2
59 58 2 2
59 49 2 2
40 45 2 2
40 56 2 2
41 49 2 2
41 56 2 2
62 61 3 3
62 60 3 3
63 62 3 3
63 60 3 3
64 61 3 3
64 60 3 3
65 62 3 3
65 63 3 3
66 64 3 3
66 61 3 3
67 63 3 3
67 64 3 3
68 64 3 3
68 60 3 3
69 63 3 3
69 65 3 3
70 69 3 3
70 63 3 3
71 64 3 3
71 65 3 3
72 61 3 3
72 64 3 3
73 69 3 3
73 65 3 3
74 64 3 3
74 71 3 3
75 63 3 3
75 61 3 3
76 75 3 3
76 65 3 3
77 66 3 3
77 62 3 3
78 60 3 3
78 61 3 3
79 66 3 3
79 71 3 3
60 75 3 3
60 73 3 3
61 76 3 3
61 74 3 3
82 80 4 4
82 81 4 4
83 81 4 4
83 82 4 4
84 83 4 4
84 80 4 4
85 82 4 4
85 80 4 4
86 80 4 4
86 82 4 4
87 81 4 4
87 86 4 4
88 83 4 4
88 82 4 4
89 85 4 4
89 81 4 4
90 83 4 4
90 88 4 4
91 84 4 4
91 85 4 4
92 85 4 4
92 86 4 4
93 87 4 4
93 85 4 4
94 82 4 4
94 84 4 4
95 86 4 4
95 93 4 4
96 91 4 4
96 80 4 4
97 93 4 4
97 95 4 4
98 94 4 4
98 91 4 4
99 94 4 4
99 93 4 4
80 91 4 4
80 98 4 4
81 94 4 4
81 86 4 4
102 101 5 5
102 100 5 5
103 100 5 5
103 101 5 5
104 101 5 5
104 102 5 5
105 100 5 5
105 104 5 5
106 100 5 5
106 105 5 5
107 100 5 5
107 103 5 5
108 100 5 5
108 106 5 5
109 101 5 5
109 108 5 5
110 106 5 5
110 107 5 5
111 108 5 5
111 107 5 5
112 100 5 5
112 107 5 5
113 111 5 5
113 102 5 5
114 108 5 5
114 111 5 5
115 105 5 5
115 100 5 5
116 111 5 5
116 107 5 5
117 105 5 5
117 116 5 5
118 100 5 5
118 103 5 5
119 118 5 5
119 106 5 5
100 119 5 5
100 110 5 5
101 114 5 5
101 117 5 5
122 120 6 6
122 121 6 6
123 122 6 6
123 121 6 6
124 123 6 6
124 121 6 6
125 121 6 6
125 120 6 6
126 123 6 6
126 121 6 6
127 124 6 6
127 120 6 6
128 124 6 6
128 126 6 6
129 126 6 6
129 122 6 6
130 128 6 6
130 127 6 6
131 121 6 6
131 126 6 6
132 122 6 6
132 121 6 6
133 122 6 6
133 126 6 6
134 128 6 6
134 129 6 6
135 120 6 6
135 127 6 6
136 131 6 6
136 135 6 6
137 122 6 6
137 123 6 6
138 131 6 6
138 121 6 6
139 137 6 6
139 122 6 6
120 129 6 6
120 123 6 6
121 139 6 6
121 127 6 6
142 140 7 7
142 141 7 7
143 140 7 7
143 141 7 7
144 143 7 7
144 141 7 7
145 144 7 7
145 141 7 7
146 140 7 7
146 143 7 7
147 142 7 7
147 145 7 7
148 141 7 7
148 143 7 7
149 143 7 7
149 140 7 7
150 146 7 7
150 147 7 7
151 146 7 7
151 148 7 7
152 147 7 7
152 142 7 7
153 144 7 7
153 145 7 7
154 145 7 7
154 151 7 7
155 153 7 7
155 146 7 7
156 141 7 7
156 155 7 7
157 146 7 7
157 152 7 7
158 147 7 7
158 144 7 7
159 140 7 7
159 153 7 7
140 151 7 7
140 156 7 7
141 150 7 7
141 147 7 7
162 161 8 8
162 160 8 8
163 160 8 8
163 161 8 8
164 161 8 8
164 162 8 8
165 162 8 8
165 161 8 8
166 162 8 8
166 165 8 8
167 161 8 8
167 160 8 8
168 166 8 8
168 161 8 8
169 161 8 8
169 165 8 8
170 165 8 8
170 162 8 8
171 167 8 8
171 164 8 8
172 169 8 8
172 164 8 8
173 171 8 8
173 168 8 8
174 169 8 8
174 163 8 8
175 166 8 8
175 170 8 8
176 175 8 8
176 162 8 8
177 160 8 8
177 171 8 8
178 164 8 8
178 177 8 8
179 171 8 8
179 177 8 8
160 171 8 8
160 176 8 8
161 175 8 8
161 171 8 8
182 180 9 9
182 181 9 9
183 181 9 9
183 182 9 9
184 182 9 9
184 181 9 9
185 180 9 9
185 184 9 9
186 184 9 9
186 182 9 9
187 186 9 9
187 183 9 9
188 181 9 9
188 180 9 9
189 188 9 9
189 182 9 9
190 185 9 9
190 183 9 9
191 183 9 9
191 184 9 9
192 180 9 9
192 181 9 9
193 180 9 9
193 181 9 9
194 185 9 9
194 187 9 9
195 190 9 9
195 183 9 9
196 187 9 9
196 191 9 9
197 186 9 9
197 184 9 9
198 182 9 9
198 180 9 9
199 197 9 9
199 190 9 9
180 184 9 9
180 196 9 9
181 198 9 9
181 187 9 9
202 200 10 10
202 201 10 10
203 200 10 10
203 202 10 10
204 201 10 10
204 200 10 10
205 200 10 10
205 204 10 10
206 200 10 10
206 202 10 10
207 200 10 10
207 205 10 10
208 205 10 10
208 200 10 10
209 200 10 10
209 205 10 10
210 205 10 10
210 202 10 10
211 204 10 10
211 202 10 10
212 201 10 10
212 202 10 10
213 206 10 10
213 205 10 10
214 212 10 10
214 211 10 10
215 211 10 10
215 212 10 10
216 203 10 10
216 207 10 10
217 203 10 10
217 214 10 10
218 207 10 10
218 216 10 10
219 214 10 10
219 213 10 10
200 215 10 10
200 217 10 10
201 215 10 10
201 207 10 10
222 221 11 11
222 220 11 11
223 221 11 11
223 222 11 11
224 222 11 11
224 221 11 11
225 222 11 11
225 220 11 11
226 221 11 11
226 222 11 11
227 220 11 11
227 226 11 11
228 220 11 11
228 224 11 11
229 221 11 11
229 222 11 11
230 229 11 11
230 222 11 11
231 229 11 11
231 224 11 11
232 231 11 11
232 222 11 11
233 228 11 11
233 230 11 11
234 221 11 11
234 229 11 11
235 233 11 11
235 222 11 11
236 223 11 11
236 233 11 11
237 224 11 11
237 235 11 11
238 224 11 11
238 237 11 11
239 227 11 11
239 237 11 11
220 233 11 11
220 230 11 11
221 237 11 11
221 227 11 11
242 240 12 12
242 241 12 12
243 242 12 12
243 240 12 12
244 241 12 12
244 243 12 12
245 244 12 12
245 243 12 12
246 241 12 12
246 244 12 12
247 244 12 12
247 243 12 12
248 245 12 12
248 244 12 12
249 243 12 12
249 247 12 12
250 246 12 12
250 243 12 12
251 247 12 12
251 240 12 12
252 248 12 12
252 241 12 12
253 244 12 12
253 243 12 12
254 240 12 12
254 253 12 12
255 246 12 12
255 249 12 12
256 248 12 12
256 240 12 12
257 244 12 12
257 252 12 12
258 256 12 12
258 240 12 12
259 244 12 12
259 241 12 12
240 252 12 12
240 247 12 12
241 243 12 12
241 253 12 12
262 261 13 13
262 260 13 13
263 260 13 13
263 261 13 13
264 260 13 13
264 261 13 13
265 263 13 13
265 260 13 13
266 261 13 13
266 260 13 13
267 264 13 13
267 262 13 13
268 261 13 13
268 263 13 13
269 266 13 13
269 267 13 13
270 265 13 13
270 264 13 13
271 269 13 13
271 265 13 13
272 266 13 13
272 263 13 13
273 270 13 13
273 262 13 13
274 265 13 13
274 273 13 13
275 265 13 13
275 264 13 13
276 272 13 13
276 269 13 13
277 273 13 13
277 268 13 13
278 273 13 13
278 262 13 13
279 275 13 13
279 276 13 13
260 268 13 13
260 272 13 13
261 276 13 13
261 270 13 13
282 280 14 14
282 281 14 14
283 281 14 14
283 280 14 14
284 280 14 14
284 282 14 14
285 283 14 14
285 284 14 14
286 283 14 14
286 285 14 14
287 286 14 14
287 281 14 14
288 286 14 14
288 287 14 14
289 285 14 14
289 283 14 14
290 286 14 14
290 280 14 14
291 283 14 14
291 281 14 14
292 280 14 14
292 289 14 14
293 284 14 14
293 280 14 14
294 287 14 14
294 293 14 14
295 292 14 14
295 293 14 14
296 293 14 14
296 283 14 14
297 288 14 14
297 287 14 14
298 295 14 14
298 293 14 14
299 289 14 14
299 286 14 14
280 299 14 14
280 297 14 14
281 288 14 14
281 289 14 14
302 301 15 15
302 300 15 15
303 301 15 15
303 300 15 15
304 300 15 15
304 303 15 15
305 303 15 15
305 304 15 15
306 303 15 15
306 304 15 15
307 302 15 15
307 303 15 15
308 301 15 15
308 307 15 15
309 304 15 15
309 306 15 15
310 309 15 15
310 302 15 15
311 310 15 15
311 304 15 15
312 302 15 15
312 307 15 15
313 305 15 15
313 310 15 15
314 304 15 15
314 312 15 15
315 309 15 15
315 300 15 15
316 309 15 15
316 300 15 15
317 307 15 15
317 311 15 15
318 303 15 15
318 315 15 15
319 302 15 15
319 300 15 15
300 305 15 15
300 308 15 15
301 305 15 15
301 315 15 15
45 2 2 0
53 24 2 1
69 16 3 0
71 41 3 2
87 0 4 0
88 52 4 2
114 87 5 4
110 76 5 3
130 18 6 0
136 52 6 2
147 73 7 3
158 40 7 2
170 0 8 0
174 107 8 5
196 7 9 0
196 39 9 1
204 182 10 9
200 23 10 1
239 96 11 4
229 177 11 8
243 6 12 0
248 232 12 11
276 197 13 9
268 64 13 3
289 181 14 9
295 179 14 8
306 234 15 11
312 85 15 4
18 222 0 11
6 287 0 14
25 131 1 6
33 269 1 13
