swNum = 320
edgeNum = 672

0 0
1 0
2 0
3 0
4 0
5 0
6 0
7 0
8 0
9 0
10 0
11 0
12 0
13 0
14 0
15 0
16 0
17 0
18 0
19 0
20 1
21 1
22 1
23 1
24 1
25 1
26 1
27 1
28 1
29 1
30 1
31 1
32 1
33 1
34 1
35 1
36 1
37 1
38 1
39 1
40 2
41 2
42 2
43 2
44 2
45 2
46 2
47 2
48 2
49 2
50 2
51 2
52 2
53 2
54 2
55 2
56 2
57 2
58 2
59 2
60 3
61 3
62 3
63 3
64 3
65 3
66 3
67 3
68 3
69 3
70 3
71 3
72 3
73 3
74 3
75 3
76 3
77 3
78 3
79 3
80 4
81 4
82 4
83 4
84 4
85 4
86 4
87 4
88 4
89 4
90 4
91 4
92 4
93 4
94 4
95 4
96 4
97 4
98 4
99 4
100 5
101 5
102 5
103 5
104 5
105 5
106 5
107 5
108 5
109 5
110 5
111 5
112 5
113 5
114 5
115 5
116 5
117 5
118 5
119 5
120 6
121 6
122 6
123 6
124 6
125 6
126 6
127 6
128 6
129 6
130 6
131 6
132 6
133 6
134 6
135 6
136 6
137 6
138 6
139 6
140 7
141 7
142 7
143 7
144 7
145 7
146 7
147 7
148 7
149 7
150 7
151 7
152 7
153 7
154 7
155 7
156 7
157 7
158 7
159 7
160 8
161 8
162 8
163 8
164 8
165 8
166 8
167 8
168 8
169 8
170 8
171 8
172 8
173 8
174 8
175 8
176 8
177 8
178 8
179 8
180 9
181 9
182 9
183 9
184 9
185 9
186 9
187 9
188 9
189 9
190 9
191 9
192 9
193 9
194 9
195 9
196 9
197 9
198 9
199 9
200 10
201 10
202 10
203 10
204 10
205 10
206 10
207 10
208 10
209 10
210 10
211 10
212 10
213 10
214 10
215 10
216 10
217 10
218 10
219 10
220 11
221 11
222 11
223 11
224 11
225 11
226 11
227 11
228 11
229 11
230 11
231 11
232 11
233 11
234 11
235 11
236 11
237 11
238 11
239 11
240 12
241 12
242 12
243 12
244 12
245 12
246 12
247 12
248 12
249 12
250 12
251 12
252 12
253 12
254 12
255 12
256 12
257 12
258 12
259 12
260 13
261 13
262 13
263 13
264 13
265 13
266 13
267 13
268 13
269 13
270 13
271 13
272 13
273 13
274 13
275 13
276 13
277 13
278 13
279 13
280 14
281 14
282 14
283 14
284 14
285 14
286 14
287 14
288 14
289 14
290 14
291 14
292 14
293 14
294 14
295 14
296 14
297 14
298 14
299 14
300 15
301 15
302 15
303 15
304 15
305 15
306 15
307 15
308 15
309 15
310 15
311 15
312 15
313 15
314 15
315 15
316 15
317 15
318 15
319 15

2 0 0 0
2 1 0 0
3 0 0 0
3 2 0 0
4 0 0 0
4 1 0 0
5 3 0 0
5 0 0 0
6 0 0 0
6 5 0 0
7 2 0 0
7 6 0 0
8 1 0 0
8 4 0 0
9 1 0 0
9 3 0 0
10 5 0 0
10 9 0 0
11 9 0 0
11 10 0 0
12 0 0 0
12 8 0 0
13 8 0 0
13 11 0 0
14 3 0 0
14 5 0 0
15 10 0 0
15 5 0 0
16 7 0 0
16 13 0 0
17 9 0 0
17 11 0 0
18 3 0 0
18 5 0 0
19 3 0 0
19 16 0 0
0 18 0 0
0 13 0 0
1 11 0 0
1 10 0 0
22 20 1 1
22 21 1 1
23 22 1 1
23 20 1 1
24 23 1 1
24 22 1 1
25 23 1 1
25 20 1 1
26 22 1 1
26 25 1 1
27 26 1 1
27 23 1 1
28 20 1 1
28 23 1 1
29 27 1 1
29 26 1 1
30 25 1 1
30 23 1 1
31 26 1 1
31 23 1 1
32 21 1 1
32 26 1 1
33 23 1 1
33 21 1 1
34 22 1 1
34 32 1 1
35 26 1 1
35 25 1 1
36 27 1 1
36 22 1 1
37 30 1 1
37 31 1 1
38 21 1 1
38 30 1 1
39 30 1 1
39 21 1 1
20 27 1 1
20 36 1 1
21 30 1 1
21 24 1 1
42 40 2 2
42 41 2 2
43 42 2 2
43 41 2 2
44 43 2 2
44 42 2 2
45 43 2 2
45 41 2 2
46 42 2 2
46 43 2 2
47 41 2 2
47 45 2 2
48 45 2 2
48 41 2 2
49 40 2 2
49 45 2 2
50 40 2 2
50 41 2 2
51 42 2 2
51 43 2 2
52 40 2 2
52 46 2 2
53 47 2 2
53 48 2 2
54 49 2 2
54 50 2 2
55 44 2 2
55 47 2 2
56 42 2 2
56 47 2 2
57 52 2 2
57 47 2 2
58 45 2 2
58 46 2 2
59 47 2 2
59 48 2 2
40 46 2 2
40 58 2 2
41 52 2 2
41 58 2 2
62 60 3 3
62 61 3 3
63 60 3 3
63 61 3 3
64 63 3 3
64 62 3 3
65 62 3 3
65 61 3 3
66 63 3 3
66 61 3 3
67 61 3 3
67 63 3 3
68 61 3 3
68 64 3 3
69 64 3 3
69 65 3 3
70 66 3 3
70 61 3 3
71 68 3 3
71 65 3 3
72 69 3 3
72 61 3 3
73 68 3 3
73 63 3 3
74 69 3 3
74 73 3 3
75 72 3 3
75 62 3 3
76 75 3 3
76 74 3 3
77 70 3 3
77 72 3 3
78 72 3 3
78 68 3 3
79 61 3 3
79 68 3 3
60 68 3 3
60 79 3 3
61 69 3 3
61 77 3 3
82 81 4 4
82 80 4 4
83 80 4 4
83 82 4 4
84 82 4 4
84 80 4 4
85 80 4 4
85 84 4 4
86 85 4 4
86 81 4 4
87 80 4 4
87 86 4 4
88 84 4 4
88 87 4 4
89 87 4 4
89 84 4 4
90 84 4 4
90 83 4 4
91 81 4 4
91 80 4 4
92 80 4 4
92 86 4 4
93 90 4 4
93 85 4 4
94 82 4 4
94 93 4 4
95 85 4 4
95 87 4 4
96 83 4 4
96 81 4 4
97 95 4 4
97 88 4 4
98 97 4 4
98 87 4 4
99 91 4 4
99 98 4 4
80 98 4 4
80 89 4 4
81 87 4 4
81 90 4 4
102 101 5 5
102 100 5 5
103 102 5 5
103 100 5 5
104 102 5 5
104 103 5 5
105 101 5 5
105 102 5 5
106 101 5 5
106 103 5 5
107 102 5 5
107 100 5 5
108 107 5 5
108 106 5 5
109 104 5 5
109 107 5 5
110 107 5 5
110 103 5 5
111 110 5 5
111 104 5 5
112 106 5 5
112 108 5 5
113 102 5 5
113 111 5 5
114 109 5 5
114 111 5 5
115 107 5 5
115 111 5 5
116 102 5 5
116 113 5 5
117 115 5 5
117 111 5 5
118 111 5 5
118 112 5 5
119 106 5 5
119 101 5 5
100 118 5 5
100 106 5 5
101 112 5 5
101 117 5 5
122 120 6 6
122 121 6 6
123 120 6 6
123 122 6 6
124 122 6 6
124 121 6 6
125 122 6 6
125 123 6 6
126 124 6 6
126 120 6 6
127 125 6 6
127 122 6 6
128 127 6 6
128 122 6 6
129 123 6 6
129 128 6 6
130 128 6 6
130 125 6 6
131 129 6 6
131 124 6 6
132 130 6 6
132 120 6 6
133 122 6 6
133 125 6 6
134 127 6 6
134 125 6 6
135 133 6 6
135 120 6 6
136 125 6 6
136 127 6 6
137 129 6 6
137 131 6 6
138 130 6 6
138 133 6 6
139 129 6 6
139 137 6 6
120 138 6 6
120 129 6 6
121 129 6 6
121 137 6 6
142 140 7 7
142 141 7 7
143 140 7 7
143 142 7 7
144 143 7 7
144 140 7 7
145 141 7 7
145 142 7 7
146 145 7 7
146 144 7 7
147 144 7 7
147 143 7 7
148 141 7 7
148 145 7 7
149 145 7 7
149 148 7 7
150 148 7 7
150 149 7 7
151 150 7 7
151 147 7 7
152 149 7 7
152 145 7 7
153 148 7 7
153 151 7 7
154 152 7 7
154 150 7 7
155 149 7 7
155 148 7 7
156 140 7 7
156 147 7 7
157 145 7 7
157 154 7 7
158 146 7 7
158 142 7 7
159 143 7 7
159 157 7 7
140 145 7 7
140 148 7 7
141 152 7 7
141 154 7 7
162 160 8 8
162 161 8 8
163 162 8 8
163 161 8 8
164 161 8 8
164 163 8 8
165 164 8 8
165 163 8 8
166 163 8 8
166 160 8 8
167 163 8 8
167 161 8 8
168 165 8 8
168 162 8 8
169 163 8 8
169 166 8 8
170 160 8 8
170 168 8 8
171 170 8 8
171 163 8 8
172 165 8 8
172 162 8 8
173 162 8 8
173 160 8 8
174 167 8 8
174 162 8 8
175 161 8 8
175 163 8 8
176 169 8 8
176 174 8 8
177 163 8 8
177 175 8 8
178 176 8 8
178 171 8 8
179 164 8 8
179 168 8 8
160 165 8 8
160 167 8 8
161 166 8 8
161 177 8 8
182 181 9 9
182 180 9 9
183 180 9 9
183 182 9 9
184 181 9 9
184 183 9 9
185 182 9 9
185 181 9 9
186 183 9 9
186 181 9 9
187 184 9 9
187 182 9 9
188 185 9 9
188 180 9 9
189 182 9 9
189 187 9 9
190 183 9 9
190 187 9 9
191 180 9 9
191 181 9 9
192 191 9 9
192 188 9 9
193 183 9 9
193 184 9 9
194 183 9 9
194 189 9 9
195 194 9 9
195 193 9 9
196 185 9 9
196 194 9 9
197 181 9 9
197 190 9 9
198 186 9 9
198 195 9 9
199 194 9 9
199 182 9 9
180 193 9 9
180 189 9 9
181 192 9 9
181 188 9 9
202 200 10 10
202 201 10 10
203 201 10 10
203 202 10 10
204 200 10 10
204 201 10 10
205 203 10 10
205 202 10 10
206 204 10 10
206 205 10 10
207 206 10 10
207 205 10 10
208 200 10 10
208 205 10 10
209 205 10 10
209 203 10 10
210 207 10 10
210 209 10 10
211 209 10 10
211 200 10 10
212 208 10 10
212 203 10 10
213 209 10 10
213 205 10 10
214 204 10 10
214 202 10 10
215 201 10 10
215 204 10 10
216 202 10 10
216 203 10 10
217 207 10 10
217 206 10 10
218 211 10 10
218 204 10 10
219 200 10 10
219 210 10 10
200 214 10 10
200 210 10 10
201 219 10 10
201 208 10 10
222 221 11 11
222 220 11 11
223 222 11 11
223 220 11 11
224 223 11 11
224 222 11 11
225 222 11 11
225 223 11 11
226 225 11 11
226 224 11 11
227 222 11 11
227 220 11 11
228 220 11 11
228 222 11 11
229 220 11 11
229 221 11 11
230 222 11 11
230 227 11 11
231 227 11 11
231 222 11 11
232 225 11 11
232 227 11 11
233 229 11 11
233 223 11 11
234 229 11 11
234 233 11 11
235 226 11 11
235 228 11 11
236 225 11 11
236 224 11 11
237 229 11 11
237 225 11 11
238 229 11 11
238 234 11 11
239 230 11 11
239 226 11 11
220 239 11 11
220 225 11 11
221 239 11 11
221 230 11 11
242 240 12 12
242 241 12 12
243 241 12 12
243 240 12 12
244 241 12 12
244 243 12 12
245 244 12 12
245 242 12 12
246 244 12 12
246 241 12 12
247 240 12 12
247 244 12 12
248 246 12 12
248 241 12 12
249 247 12 12
249 246 12 12
250 248 12 12
250 242 12 12
251 246 12 12
251 241 12 12
252 242 12 12
252 250 12 12
253 248 12 12
253 249 12 12
254 241 12 12
254 251 12 12
255 243 12 12
255 251 12 12
256 250 12 12
256 247 12 12
257 250 12 12
257 241 12 12
258 247 12 12
258 250 12 12
259 245 12 12
259 252 12 12
240 255 12 12
240 259 12 12
241 258 12 12
241 250 12 12
262 261 13 13
262 260 13 13
263 261 13 13
263 260 13 13
264 261 13 13
264 263 13 13
265 260 13 13
265 263 13 13
266 261 13 13
266 264 13 13
267 263 13 13
267 260 13 13
268 263 13 13
268 261 13 13
269 266 13 13
269 263 13 13
270 268 13 13
270 267 13 13
271 265 13 13
271 269 13 13
272 263 13 13
272 271 13 13
273 267 13 13
273 270 13 13
274 265 13 13
274 263 13 13
275 274 13 13
275 265 13 13
276 260 13 13
276 261 13 13
277 270 13 13
277 262 13 13
278 266 13 13
278 270 13 13
279 261 13 13
279 268 13 13
260 271 13 13
260 274 13 13
261 272 13 13
261 267 13 13
282 280 14 14
282 281 14 14
283 280 14 14
283 282 14 14
284 281 14 14
284 280 14 14
285 281 14 14
285 280 14 14
286 284 14 14
286 282 14 14
287 282 14 14
287 284 14 14
288 287 14 14
288 283 14 14
289 282 14 14
289 285 14 14
290 282 14 14
290 289 14 14
291 281 14 14
291 284 14 14
292 285 14 14
292 291 14 14
293 290 14 14
293 292 14 14
294 290 14 14
294 287 14 14
295 285 14 14
295 288 14 14
296 291 14 14
296 286 14 14
297 294 14 14
297 285 14 14
298 280 14 14
298 285 14 14
299 286 14 14
299 296 14 14
280 290 14 14
280 294 14 14
281 289 14 14
281 287 14 14
302 300 15 15
302 301 15 15
303 302 15 15
303 300 15 15
304 303 15 15
304 300 15 15
305 300 15 15
305 304 15 15
306 305 15 15
306 301 15 15
307 300 15 15
307 301 15 15
308 307 15 15
308 300 15 15
309 301 15 15
309 306 15 15
310 308 15 15
310 303 15 15
311 304 15 15
311 302 15 15
312 308 15 15
312 303 15 15
313 301 15 15
313 302 15 15
314 310 15 15
314 302 15 15
315 310 15 15
315 308 15 15
316 304 15 15
316 305 15 15
317 306 15 15
317 308 15 15
318 313 15 15
318 309 15 15
319 317 15 15
319 307 15 15
300 318 15 15
300 312 15 15
301 305 15 15
301 310 15 15
42 15 2 0
53 37 2 1
72 41 3 2
66 4 3 0
83 64 4 3
90 42 4 2
106 42 5 2
112 80 5 4
123 83 6 4
134 102 6 5
142 82 7 4
159 104 7 5
170 127 8 6
165 118 8 5
183 99 9 4
193 102 9 5
214 99 10 4
214 160 10 8
223 69 11 3
237 21 11 1
259 71 12 3
241 97 12 4
262 60 13 3
279 146 13 7
293 106 14 5
281 80 14 4
309 37 15 1
302 163 15 8
11 188 0 9
11 302 0 15
34 79 1 3
21 275 1 13
