swNum = 320
edgeNum = 672

0 0
1 0
2 0
3 0
4 0
5 0
6 0
7 0
8 0
9 0
10 0
11 0
12 0
13 0
14 0
15 0
16 0
17 0
18 0
19 0
20 1
21 1
22 1
23 1
24 1
25 1
26 1
27 1
28 1
29 1
30 1
31 1
32 1
33 1
34 1
35 1
36 1
37 1
38 1
39 1
40 2
41 2
42 2
43 2
44 2
45 2
46 2
47 2
48 2
49 2
50 2
51 2
52 2
53 2
54 2
55 2
56 2
57 2
58 2
59 2
60 3
61 3
62 3
63 3
64 3
65 3
66 3
67 3
68 3
69 3
70 3
71 3
72 3
73 3
74 3
75 3
76 3
77 3
78 3
79 3
80 4
81 4
82 4
83 4
84 4
85 4
86 4
87 4
88 4
89 4
90 4
91 4
92 4
93 4
94 4
95 4
96 4
97 4
98 4
99 4
100 5
101 5
102 5
103 5
104 5
105 5
106 5
107 5
108 5
109 5
110 5
111 5
112 5
113 5
114 5
115 5
116 5
117 5
118 5
119 5
120 6
121 6
122 6
123 6
124 6
125 6
126 6
127 6
128 6
129 6
130 6
131 6
132 6
133 6
134 6
135 6
136 6
137 6
138 6
139 6
140 7
141 7
142 7
143 7
144 7
145 7
146 7
147 7
148 7
149 7
150 7
151 7
152 7
153 7
154 7
155 7
156 7
157 7
158 7
159 7
160 8
161 8
162 8
163 8
164 8
165 8
166 8
167 8
168 8
169 8
170 8
171 8
172 8
173 8
174 8
175 8
176 8
177 8
178 8
179 8
180 9
181 9
182 9
183 9
184 9
185 9
186 9
187 9
188 9
189 9
190 9
191 9
192 9
193 9
194 9
195 9
196 9
197 9
198 9
199 9
200 10
201 10
202 10
203 10
204 10
205 10
206 10
207 10
208 10
209 10
210 10
211 10
212 10
213 10
214 10
215 10
216 10
217 10
218 10
219 10
220 11
221 11
222 11
223 11
224 11
225 11
226 11
227 11
228 11
229 11
230 11
231 11
232 11
233 11
234 11
235 11
236 11
237 11
238 11
239 11
240 12
241 12
242 12
243 12
244 12
245 12
246 12
247 12
248 12
249 12
250 12
251 12
252 12
253 12
254 12
255 12
256 12
257 12
258 12
259 12
260 13
261 13
262 13
263 13
264 13
265 13
266 13
267 13
268 13
269 13
270 13
271 13
272 13
273 13
274 13
275 13
276 13
277 13
278 13
279 13
280 14
281 14
282 14
283 14
284 14
285 14
286 14
287 14
288 14
289 14
290 14
291 14
292 14
293 14
294 14
295 14
296 14
297 14
298 14
299 14
300 15
301 15
302 15
303 15
304 15
305 15
306 15
307 15
308 15
309 15
310 15
311 15
312 15
313 15
314 15
315 15
316 15
317 15
318 15
319 15

2 0 0 0
2 1 0 0
3 0 0 0
3 1 0 0
4 2 0 0
4 0 0 0
5 2 0 0
5 3 0 0
6 3 0 0
6 0 0 0
7 0 0 0
7 6 0 0
8 0 0 0
8 7 0 0
9 5 0 0
9 2 0 0
10 0 0 0
10 1 0 0
11 8 0 0
11 1 0 0
12 7 0 0
12 3 0 0
13 8 0 0
13 0 0 0
14 9 0 0
14 0 0 0
15 13 0 0
15 1 0 0
16 2 0 0
16 14 0 0
17 0 0 0
17 9 0 0
18 13 0 0
18 0 0 0
19 16 0 0
19 6 0 0
0 16 0 0
0 12 0 0
1 5 0 0
1 16 0 0
22 21 1 1
22 20 1 1
23 21 1 1
23 22 1 1
24 20 1 1
24 21 1 1
25 24 1 1
25 20 1 1
26 23 1 1
26 21 1 1
27 25 1 1
27 20 1 1
28 23 1 1
28 27 1 1
29 23 1 1
29 27 1 1
30 29 1 1
30 23 1 1
31 30 1 1
31 29 1 1
32 20 1 1
32 31 1 1
33 28 1 1
33 30 1 1
34 26 1 1
34 29 1 1
35 33 1 1
35 21 1 1
36 25 1 1
36 29 1 1
37 21 1 1
37 27 1 1
38 25 1 1
38 30 1 1
39 25 1 1
39 21 1 1
20 36 1 1
20 31 1 1
21 27 1 1
21 33 1 1
42 41 2 2
42 40 2 2
43 40 2 2
43 41 2 2
44 40 2 2
44 41 2 2
45 41 2 2
45 42 2 2
46 44 2 2
46 45 2 2
47 44 2 2
47 43 2 2
48 45 2 2
48 40 2 2
49 45 2 2
49 41 2 2
50 42 2 2
50 41 2 2
51 41 2 2
51 45 2 2
52 40 2 2
52 49 2 2
53 50 2 2
53 41 2 2
54 42 2 2
54 46 2 2
55 47 2 2
55 40 2 2
56 47 2 2
56 40 2 2
57 56 2 2
57 52 2 2
58 45 2 2
58 51 2 2
59 55 2 2
59 51 2 2
40 57 2 2
40 50 2 2
41 46 2 2
41 54 2 2
62 61 3 3
62 60 3 3
63 62 3 3
63 61 3 3
64 63 3 3
64 62 3 3
65 61 3 3
65 64 3 3
66 64 3 3
66 60 3 3
67 61 3 3
67 60 3 3
68 67 3 3
68 62 3 3
69 61 3 3
69 60 3 3
70 66 3 3
70 65 3 3
71 66 3 3
71 69 3 3
72 65 3 3
72 67 3 3
73 64 3 3
73 65 3 3
74 66 3 3
74 60 3 3
75 61 3 3
75 64 3 3
76 62 3 3
76 71 3 3
77 64 3 3
77 71 3 3
78 60 3 3
78 69 3 3
79 77 3 3
79 78 3 3
60 75 3 3
60 79 3 3
61 71 3 3
61 64 3 3
82 80 4 4
82 81 4 4
83 82 4 4
83 80 4 4
84 81 4 4
84 80 4 4
85 81 4 4
85 83 4 4
86 82 4 4
86 81 4 4
87 82 4 4
87 83 4 4
88 80 4 4
88 87 4 4
89 88 4 4
89 87 4 4
90 85 4 4
90 81 4 4
91 85 4 4
91 83 4 4
92 85 4 4
92 81 4 4
93 84 4 4
93 91 4 4
94 80 4 4
94 87 4 4
95 80 4 4
95 81 4 4
96 86 4 4
96 89 4 4
97 90 4 4
97 84 4 4
98 83 4 4
98 82 4 4
99 81 4 4
99 86 4 4
80 96 4 4
80 87 4 4
81 98 4 4
81 96 4 4
102 100 5 5
102 101 5 5
103 102 5 5
103 100 5 5
104 101 5 5
104 100 5 5
105 101 5 5
105 100 5 5
106 105 5 5
106 102 5 5
107 104 5 5
107 102 5 5
108 107 5 5
108 104 5 5
109 105 5 5
109 107 5 5
110 105 5 5
110 103 5 5
111 108 5 5
111 109 5 5
112 104 5 5
112 111 5 5
113 110 5 5
113 105 5 5
114 101 5 5
114 105 5 5
115 105 5 5
115 107 5 5
116 102 5 5
116 112 5 5
117 112 5 5
117 115 5 5
118 105 5 5
118 116 5 5
119 112 5 5
119 116 5 5
100 110 5 5
100 119 5 5
101 115 5 5
101 107 5 5
122 120 6 6
122 121 6 6
123 122 6 6
123 120 6 6
124 121 6 6
124 122 6 6
125 120 6 6
125 124 6 6
126 125 6 6
126 121 6 6
127 122 6 6
127 121 6 6
128 127 6 6
128 121 6 6
129 121 6 6
129 122 6 6
130 129 6 6
130 123 6 6
131 127 6 6
131 122 6 6
132 123 6 6
132 130 6 6
133 130 6 6
133 120 6 6
134 129 6 6
134 120 6 6
135 121 6 6
135 129 6 6
136 130 6 6
136 133 6 6
137 131 6 6
137 136 6 6
138 131 6 6
138 127 6 6
139 134 6 6
139 136 6 6
120 137 6 6
120 130 6 6
121 134 6 6
121 136 6 6
142 141 7 7
142 140 7 7
143 141 7 7
143 142 7 7
144 142 7 7
144 143 7 7
145 141 7 7
145 140 7 7
146 144 7 7
146 141 7 7
147 145 7 7
147 143 7 7
148 147 7 7
148 141 7 7
149 146 7 7
149 148 7 7
150 144 7 7
150 147 7 7
151 148 7 7
151 140 7 7
152 140 7 7
152 141 7 7
153 141 7 7
153 148 7 7
154 140 7 7
154 152 7 7
155 148 7 7
155 152 7 7
156 155 7 7
156 150 7 7
157 143 7 7
157 140 7 7
158 146 7 7
158 144 7 7
159 153 7 7
159 141 7 7
140 153 7 7
140 147 7 7
141 149 7 7
141 150 7 7
162 161 8 8
162 160 8 8
163 161 8 8
163 162 8 8
164 161 8 8
164 162 8 8
165 162 8 8
165 160 8 8
166 162 8 8
166 164 8 8
167 163 8 8
167 162 8 8
168 161 8 8
168 164 8 8
169 166 8 8
169 163 8 8
170 160 8 8
170 166 8 8
171 161 8 8
171 164 8 8
172 163 8 8
172 169 8 8
173 171 8 8
173 166 8 8
174 167 8 8
174 161 8 8
175 162 8 8
175 165 8 8
176 164 8 8
176 165 8 8
177 165 8 8
177 167 8 8
178 176 8 8
178 165 8 8
179 169 8 8
179 160 8 8
160 168 8 8
160 164 8 8
161 175 8 8
161 166 8 8
182 180 9 9
182 181 9 9
183 180 9 9
183 181 9 9
184 180 9 9
184 183 9 9
185 180 9 9
185 182 9 9
186 183 9 9
186 184 9 9
187 182 9 9
187 184 9 9
188 185 9 9
188 187 9 9
189 186 9 9
189 181 9 9
190 187 9 9
190 184 9 9
191 190 9 9
191 181 9 9
192 190 9 9
192 185 9 9
193 189 9 9
193 191 9 9
194 188 9 9
194 183 9 9
195 190 9 9
195 189 9 9
196 185 9 9
196 184 9 9
197 195 9 9
197 186 9 9
198 181 9 9
198 186 9 9
199 185 9 9
199 186 9 9
180 189 9 9
180 197 9 9
181 188 9 9
181 193 9 9
202 201 10 10
202 200 10 10
203 201 10 10
203 200 10 10
204 201 10 10
204 203 10 10
205 201 10 10
205 200 10 10
206 205 10 10
206 203 10 10
207 205 10 10
207 202 10 10
208 207 10 10
208 203 10 10
209 207 10 10
209 206 10 10
210 208 10 10
210 206 10 10
211 205 10 10
211 210 10 10
212 204 10 10
212 201 10 10
213 205 10 10
213 208 10 10
214 207 10 10
214 211 10 10
215 210 10 10
215 203 10 10
216 202 10 10
216 204 10 10
217 201 10 10
217 204 10 10
218 216 10 10
218 208 10 10
219 201 10 10
219 211 10 10
200 218 10 10
200 208 10 10
201 211 10 10
201 213 10 10
222 220 11 11
222 221 11 11
223 221 11 11
223 222 11 11
224 223 11 11
224 222 11 11
225 222 11 11
225 221 11 11
226 222 11 11
226 224 11 11
227 220 11 11
227 225 11 11
228 224 11 11
228 226 11 11
229 227 11 11
229 223 11 11
230 222 11 11
230 225 11 11
231 230 11 11
231 222 11 11
232 227 11 11
232 222 11 11
233 231 11 11
233 230 11 11
234 222 11 11
234 223 11 11
235 231 11 11
235 233 11 11
236 221 11 11
236 233 11 11
237 231 11 11
237 227 11 11
238 231 11 11
238 230 11 11
239 225 11 11
239 221 11 11
220 237 11 11
220 231 11 11
221 238 11 11
221 229 11 11
242 241 12 12
242 240 12 12
243 240 12 12
243 242 12 12
244 242 12 12
244 241 12 12
245 242 12 12
245 244 12 12
246 242 12 12
246 241 12 12
247 244 12 12
247 246 12 12
248 241 12 12
248 245 12 12
249 244 12 12
249 245 12 12
250 245 12 12
250 242 12 12
251 244 12 12
251 250 12 12
252 247 12 12
252 248 12 12
253 243 12 12
253 246 12 12
254 242 12 12
254 253 12 12
255 244 12 12
255 250 12 12
256 246 12 12
256 252 12 12
257 243 12 12
257 246 12 12
258 245 12 12
258 250 12 12
259 256 12 12
259 250 12 12
240 253 12 12
240 246 12 12
241 252 12 12
241 257 12 12
262 261 13 13
262 260 13 13
263 262 13 13
263 261 13 13
264 262 13 13
264 261 13 13
265 262 13 13
265 263 13 13
266 264 13 13
266 261 13 13
267 264 13 13
267 263 13 13
268 262 13 13
268 260 13 13
269 264 13 13
269 266 13 13
270 267 13 13
270 264 13 13
271 268 13 13
271 260 13 13
272 271 13 13
272 260 13 13
273 271 13 13
273 268 13 13
274 267 13 13
274 263 13 13
275 260 13 13
275 262 13 13
276 261 13 13
276 268 13 13
277 265 13 13
277 276 13 13
278 269 13 13
278 274 13 13
279 272 13 13
279 269 13 13
260 266 13 13
260 278 13 13
261 272 13 13
261 274 13 13
282 280 14 14
282 281 14 14
283 280 14 14
283 281 14 14
284 283 14 14
284 280 14 14
285 283 14 14
285 284 14 14
286 281 14 14
286 280 14 14
287 285 14 14
287 282 14 14
288 280 14 14
288 286 14 14
289 280 14 14
289 285 14 14
290 289 14 14
290 282 14 14
291 282 14 14
291 289 14 14
292 291 14 14
292 280 14 14
293 287 14 14
293 284 14 14
294 292 14 14
294 287 14 14
295 287 14 14
295 294 14 14
296 287 14 14
296 285 14 14
297 294 14 14
297 290 14 14
298 286 14 14
298 297 14 14
299 286 14 14
299 282 14 14
280 291 14 14
280 290 14 14
281 294 14 14
281 287 14 14
302 300 15 15
302 301 15 15
303 300 15 15
303 301 15 15
304 302 15 15
304 301 15 15
305 303 15 15
305 302 15 15
306 304 15 15
306 300 15 15
307 304 15 15
307 301 15 15
308 305 15 15
308 304 15 15
309 303 15 15
309 307 15 15
310 304 15 15
310 301 15 15
311 308 15 15
311 304 15 15
312 300 15 15
312 307 15 15
313 306 15 15
313 302 15 15
314 306 15 15
314 301 15 15
315 306 15 15
315 309 15 15
316 305 15 15
316 314 15 15
317 314 15 15
317 306 15 15
318 311 15 15
318 314 15 15
319 300 15 15
319 302 15 15
300 310 15 15
300 315 15 15
301 312 15 15
301 315 15 15
40 18 2 0
55 21 2 1
62 14 3 0
79 33 3 1
90 56 4 2
92 17 4 0
114 41 5 2
111 80 5 4
133 100 6 5
134 65 6 3
158 13 7 0
146 90 7 4
169 140 8 7
164 10 8 0
190 0 9 0
190 148 9 7
215 140 10 7
204 170 10 8
227 143 11 7
220 167 11 8
245 127 12 6
250 228 12 11
277 169 13 8
275 211 13 10
285 232 14 11
283 54 14 2
302 227 15 11
307 285 15 14
7 122 0 6
2 286 0 14
33 287 1 14
27 212 1 10
