swNum = 320
edgeNum = 672

0 0
1 0
2 0
3 0
4 0
5 0
6 0
7 0
8 0
9 0
10 0
11 0
12 0
13 0
14 0
15 0
16 0
17 0
18 0
19 0
20 1
21 1
22 1
23 1
24 1
25 1
26 1
27 1
28 1
29 1
30 1
31 1
32 1
33 1
34 1
35 1
36 1
37 1
38 1
39 1
40 2
41 2
42 2
43 2
44 2
45 2
46 2
47 2
48 2
49 2
50 2
51 2
52 2
53 2
54 2
55 2
56 2
57 2
58 2
59 2
60 3
61 3
62 3
63 3
64 3
65 3
66 3
67 3
68 3
69 3
70 3
71 3
72 3
73 3
74 3
75 3
76 3
77 3
78 3
79 3
80 4
81 4
82 4
83 4
84 4
85 4
86 4
87 4
88 4
89 4
90 4
91 4
92 4
93 4
94 4
95 4
96 4
97 4
98 4
99 4
100 5
101 5
102 5
103 5
104 5
105 5
106 5
107 5
108 5
109 5
110 5
111 5
112 5
113 5
114 5
115 5
116 5
117 5
118 5
119 5
120 6
121 6
122 6
123 6
124 6
125 6
126 6
127 6
128 6
129 6
130 6
131 6
132 6
133 6
134 6
135 6
136 6
137 6
138 6
139 6
140 7
141 7
142 7
143 7
144 7
145 7
146 7
147 7
148 7
149 7
150 7
151 7
152 7
153 7
154 7
155 7
156 7
157 7
158 7
159 7
160 8
161 8
162 8
163 8
164 8
165 8
166 8
167 8
168 8
169 8
170 8
171 8
172 8
173 8
174 8
175 8
176 8
177 8
178 8
179 8
180 9
181 9
182 9
183 9
184 9
185 9
186 9
187 9
188 9
189 9
190 9
191 9
192 9
193 9
194 9
195 9
196 9
197 9
198 9
199 9
200 10
201 10
202 10
203 10
204 10
205 10
206 10
207 10
208 10
209 10
210 10
211 10
212 10
213 10
214 10
215 10
216 10
217 10
218 10
219 10
220 11
221 11
222 11
223 11
224 11
225 11
226 11
227 11
228 11
229 11
230 11
231 11
232 11
233 11
234 11
235 11
236 11
237 11
238 11
239 11
240 12
241 12
242 12
243 12
244 12
245 12
246 12
247 12
248 12
249 12
250 12
251 12
252 12
253 12
254 12
255 12
256 12
257 12
258 12
259 12
260 13
261 13
262 13
263 13
264 13
265 13
266 13
267 13
268 13
269 13
270 13
271 13
272 13
273 13
274 13
275 13
276 13
277 13
278 13
279 13
280 14
281 14
282 14
283 14
284 14
285 14
286 14
287 14
288 14
289 14
290 14
291 14
292 14
293 14
294 14
295 14
296 14
297 14
298 14
299 14
300 15
301 15
302 15
303 15
304 15
305 15
306 15
307 15
308 15
309 15
310 15
311 15
312 15
313 15
314 15
315 15
316 15
317 15
318 15
319 15

2 1 0 0
2 0 0 0
3 1 0 0
3 0 0 0
4 1 0 0
4 3 0 0
5 0 0 0
5 3 0 0
6 5 0 0
6 4 0 0
7 6 0 0
7 1 0 0
8 7 0 0
8 0 0 0
9 1 0 0
9 8 0 0
10 0 0 0
10 5 0 0
11 1 0 0
11 3 0 0
12 7 0 0
12 10 0 0
13 3 0 0
13 12 0 0
14 2 0 0
14 11 0 0
15 10 0 0
15 7 0 0
16 12 0 0
16 15 0 0
17 9 0 0
17 12 0 0
18 12 0 0
18 5 0 0
19 13 0 0
19 16 0 0
0 13 0 0
0 14 0 0
1 18 0 0
1 5 0 0
22 20 1 1
22 21 1 1
23 21 1 1
23 22 1 1
24 21 1 1
24 23 1 1
25 23 1 1
25 20 1 1
26 20 1 1
26 21 1 1
27 25 1 1
27 21 1 1
28 23 1 1
28 21 1 1
29 21 1 1
29 28 1 1
30 27 1 1
30 29 1 1
31 20 1 1
31 22 1 1
32 22 1 1
32 25 1 1
33 28 1 1
33 20 1 1
34 21 1 1
34 29 1 1
35 28 1 1
35 26 1 1
36 28 1 1
36 29 1 1
37 20 1 1
37 31 1 1
38 37 1 1
38 30 1 1
39 21 1 1
39 20 1 1
20 30 1 1
20 34 1 1
21 36 1 1
21 35 1 1
42 41 2 2
42 40 2 2
43 41 2 2
43 42 2 2
44 42 2 2
44 41 2 2
45 44 2 2
45 43 2 2
46 42 2 2
46 44 2 2
47 43 2 2
47 40 2 2
48 46 2 2
48 44 2 2
49 45 2 2
49 44 2 2
50 45 2 2
50 43 2 2
51 49 2 2
51 42 2 2
52 48 2 2
52 50 2 2
53 43 2 2
53 49 2 2
54 45 2 2
54 50 2 2
55 53 2 2
55 40 2 2
56 54 2 2
56 52 2 2
57 40 2 2
57 54 2 2
58 50 2 2
58 46 2 2
59 51 2 2
59 47 2 2
40 51 2 2
40 44 2 2
41 47 2 2
41 45 2 2
62 61 3 3
62 60 3 3
63 61 3 3
63 62 3 3
64 61 3 3
64 63 3 3
65 63 3 3
65 64 3 3
66 63 3 3
66 62 3 3
67 65 3 3
67 66 3 3
68 63 3 3
68 62 3 3
69 60 3 3
69 61 3 3
70 66 3 3
70 65 3 3
71 68 3 3
71 62 3 3
72 61 3 3
72 64 3 3
73 67 3 3
73 70 3 3
74 69 3 3
74 63 3 3
75 63 3 3
75 68 3 3
76 75 3 3
76 69 3 3
77 62 3 3
77 63 3 3
78 65 3 3
78 66 3 3
79 61 3 3
79 63 3 3
60 71 3 3
60 74 3 3
61 78 3 3
61 66 3 3
82 81 4 4
82 80 4 4
83 81 4 4
83 80 4 4
84 81 4 4
84 80 4 4
85 81 4 4
85 83 4 4
86 81 4 4
86 82 4 4
87 83 4 4
87 86 4 4
88 82 4 4
88 84 4 4
89 84 4 4
89 80 4 4
90 88 4 4
90 89 4 4
91 89 4 4
91 84 4 4
92 90 4 4
92 86 4 4
93 86 4 4
93 85 4 4
94 82 4 4
94 87 4 4
95 85 4 4
95 89 4 4
96 94 4 4
96 88 4 4
97 94 4 4
97 82 4 4
98 81 4 4
98 91 4 4
99 80 4 4
99 82 4 4
80 95 4 4
80 91 4 4
81 89 4 4
81 93 4 4
102 100 5 5
102 101 5 5
103 102 5 5
103 101 5 5
104 101 5 5
104 102 5 5
105 103 5 5
105 100 5 5
106 105 5 5
106 100 5 5
107 103 5 5
107 102 5 5
108 102 5 5
108 106 5 5
109 102 5 5
109 108 5 5
110 104 5 5
110 109 5 5
111 110 5 5
111 102 5 5
112 103 5 5
112 102 5 5
113 108 5 5
113 110 5 5
114 110 5 5
114 102 5 5
115 101 5 5
115 104 5 5
116 101 5 5
116 110 5 5
117 100 5 5
117 104 5 5
118 103 5 5
118 107 5 5
119 101 5 5
119 110 5 5
100 114 5 5
100 115 5 5
101 114 5 5
101 105 5 5
122 120 6 6
122 121 6 6
123 120 6 6
123 122 6 6
124 121 6 6
124 122 6 6
125 121 6 6
125 122 6 6
126 122 6 6
126 125 6 6
127 123 6 6
127 122 6 6
128 120 6 6
128 125 6 6
129 125 6 6
129 128 6 6
130 126 6 6
130 124 6 6
131 129 6 6
131 125 6 6
132 128 6 6
132 131 6 6
133 122 6 6
133 131 6 6
134 121 6 6
134 131 6 6
135 124 6 6
135 129 6 6
136 127 6 6
136 120 6 6
137 123 6 6
137 134 6 6
138 124 6 6
138 120 6 6
139 123 6 6
139 124 6 6
120 132 6 6
120 137 6 6
121 132 6 6
121 128 6 6
142 140 7 7
142 141 7 7
143 140 7 7
143 141 7 7
144 143 7 7
144 140 7 7
145 140 7 7
145 142 7 7
146 143 7 7
146 142 7 7
147 144 7 7
147 146 7 7
148 147 7 7
148 144 7 7
149 147 7 7
149 142 7 7
150 145 7 7
150 143 7 7
151 141 7 7
151 148 7 7
152 150 7 7
152 148 7 7
153 141 7 7
153 149 7 7
154 143 7 7
154 145 7 7
155 144 7 7
155 143 7 7
156 141 7 7
156 151 7 7
157 155 7 7
157 142 7 7
158 156 7 7
158 157 7 7
159 156 7 7
159 157 7 7
140 147 7 7
140 146 7 7
141 147 7 7
141 149 7 7
162 160 8 8
162 161 8 8
163 161 8 8
163 160 8 8
164 162 8 8
164 161 8 8
165 162 8 8
165 161 8 8
166 164 8 8
166 163 8 8
167 165 8 8
167 166 8 8
168 167 8 8
168 160 8 8
169 161 8 8
169 160 8 8
170 166 8 8
170 161 8 8
171 170 8 8
171 169 8 8
172 161 8 8
172 170 8 8
173 170 8 8
173 167 8 8
174 168 8 8
174 163 8 8
175 163 8 8
175 168 8 8
176 171 8 8
176 161 8 8
177 169 8 8
177 171 8 8
178 170 8 8
178 163 8 8
179 177 8 8
179 162 8 8
160 166 8 8
160 176 8 8
161 175 8 8
161 167 8 8
182 181 9 9
182 180 9 9
183 182 9 9
183 180 9 9
184 181 9 9
184 180 9 9
185 184 9 9
185 182 9 9
186 183 9 9
186 181 9 9
187 180 9 9
187 184 9 9
188 181 9 9
188 183 9 9
189 184 9 9
189 180 9 9
190 182 9 9
190 183 9 9
191 182 9 9
191 188 9 9
192 181 9 9
192 183 9 9
193 188 9 9
193 184 9 9
194 184 9 9
194 189 9 9
195 189 9 9
195 190 9 9
196 188 9 9
196 183 9 9
197 195 9 9
197 188 9 9
198 180 9 9
198 186 9 9
199 194 9 9
199 189 9 9
180 191 9 9
180 188 9 9
181 198 9 9
181 193 9 9
202 200 10 10
202 201 10 10
203 201 10 10
203 200 10 10
204 202 10 10
204 201 10 10
205 201 10 10
205 203 10 10
206 204 10 10
206 205 10 10
207 204 10 10
207 206 10 10
208 206 10 10
208 202 10 10
209 200 10 10
209 201 10 10
210 208 10 10
210 200 10 10
211 206 10 10
211 205 10 10
212 207 10 10
212 209 10 10
213 209 10 10
213 203 10 10
214 200 10 10
214 208 10 10
215 208 10 10
215 214 10 10
216 202 10 10
216 210 10 10
217 214 10 10
217 211 10 10
218 217 10 10
218 201 10 10
219 218 10 10
219 214 10 10
200 217 10 10
200 219 10 10
201 217 10 10
201 211 10 10
222 221 11 11
222 220 11 11
223 220 11 11
223 221 11 11
224 223 11 11
224 221 11 11
225 223 11 11
225 222 11 11
226 222 11 11
226 220 11 11
227 223 11 11
227 220 11 11
228 227 11 11
228 223 11 11
229 227 11 11
229 226 11 11
230 229 11 11
230 223 11 11
231 224 11 11
231 228 11 11
232 225 11 11
232 230 11 11
233 232 11 11
233 229 11 11
234 223 11 11
234 227 11 11
235 228 11 11
235 233 11 11
236 230 11 11
236 226 11 11
237 228 11 11
237 229 11 11
238 229 11 11
238 236 11 11
239 233 11 11
239 232 11 11
220 237 11 11
220 236 11 11
221 232 11 11
221 228 11 11
242 241 12 12
242 240 12 12
243 240 12 12
243 242 12 12
244 242 12 12
244 241 12 12
245 242 12 12
245 240 12 12
246 244 12 12
246 242 12 12
247 246 12 12
247 243 12 12
248 245 12 12
248 243 12 12
249 248 12 12
249 245 12 12
250 243 12 12
250 241 12 12
251 248 12 12
251 240 12 12
252 247 12 12
252 244 12 12
253 252 12 12
253 247 12 12
254 241 12 12
254 247 12 12
255 245 12 12
255 251 12 12
256 253 12 12
256 241 12 12
257 254 12 12
257 247 12 12
258 255 12 12
258 256 12 12
259 248 12 12
259 241 12 12
240 255 12 12
240 256 12 12
241 251 12 12
241 258 12 12
262 261 13 13
262 260 13 13
263 262 13 13
263 261 13 13
264 260 13 13
264 263 13 13
265 260 13 13
265 264 13 13
266 264 13 13
266 261 13 13
267 264 13 13
267 266 13 13
268 267 13 13
268 264 13 13
269 261 13 13
269 263 13 13
270 269 13 13
270 264 13 13
271 269 13 13
271 270 13 13
272 260 13 13
272 267 13 13
273 270 13 13
273 266 13 13
274 265 13 13
274 271 13 13
275 272 13 13
275 270 13 13
276 261 13 13
276 271 13 13
277 267 13 13
277 270 13 13
278 265 13 13
278 272 13 13
279 262 13 13
279 271 13 13
260 278 13 13
260 274 13 13
261 273 13 13
261 275 13 13
282 281 14 14
282 280 14 14
283 281 14 14
283 280 14 14
284 280 14 14
284 282 14 14
285 283 14 14
285 284 14 14
286 280 14 14
286 285 14 14
287 285 14 14
287 286 14 14
288 283 14 14
288 282 14 14
289 283 14 14
289 284 14 14
290 282 14 14
290 285 14 14
291 285 14 14
291 286 14 14
292 280 14 14
292 285 14 14
293 290 14 14
293 280 14 14
294 288 14 14
294 287 14 14
295 282 14 14
295 288 14 14
296 291 14 14
296 288 14 14
297 292 14 14
297 283 14 14
298 287 14 14
298 283 14 14
299 291 14 14
299 288 14 14
280 294 14 14
280 291 14 14
281 299 14 14
281 295 14 14
302 300 15 15
302 301 15 15
303 302 15 15
303 301 15 15
304 301 15 15
304 303 15 15
305 303 15 15
305 300 15 15
306 302 15 15
306 303 15 15
307 300 15 15
307 304 15 15
308 301 15 15
308 303 15 15
309 308 15 15
309 304 15 15
310 304 15 15
310 308 15 15
311 305 15 15
311 306 15 15
312 311 15 15
312 307 15 15
313 309 15 15
313 305 15 15
314 300 15 15
314 301 15 15
315 312 15 15
315 314 15 15
316 305 15 15
316 310 15 15
317 311 15 15
317 308 15 15
318 311 15 15
318 304 15 15
319 318 15 15
319 315 15 15
300 315 15 15
300 311 15 15
301 312 15 15
301 319 15 15
53 9 2 0
41 30 2 1
70 8 3 0
66 50 3 2
91 25 4 1
84 43 4 2
102 42 5 2
116 19 5 0
131 25 6 1
126 5 6 0
157 80 7 4
155 9 7 0
173 97 8 4
165 50 8 2
181 94 9 4
195 63 9 3
217 85 10 4
217 15 10 0
239 1 11 0
228 78 11 3
255 182 12 9
247 29 12 1
277 170 13 8
278 204 13 10
288 75 14 3
288 224 14 11
301 259 15 12
318 24 15 1
15 168 0 8
0 269 0 13
35 78 1 3
34 107 1 5
