swNum = 320
edgeNum = 672

0 0
1 0
2 0
3 0
4 0
5 0
6 0
7 0
8 0
9 0
10 0
11 0
12 0
13 0
14 0
15 0
16 0
17 0
18 0
19 0
20 1
21 1
22 1
23 1
24 1
25 1
26 1
27 1
28 1
29 1
30 1
31 1
32 1
33 1
34 1
35 1
36 1
37 1
38 1
39 1
40 2
41 2
42 2
43 2
44 2
45 2
46 2
47 2
48 2
49 2
50 2
51 2
52 2
53 2
54 2
55 2
56 2
57 2
58 2
59 2
60 3
61 3
62 3
63 3
64 3
65 3
66 3
67 3
68 3
69 3
70 3
71 3
72 3
73 3
74 3
75 3
76 3
77 3
78 3
79 3
80 4
81 4
82 4
83 4
84 4
85 4
86 4
87 4
88 4
89 4
90 4
91 4
92 4
93 4
94 4
95 4
96 4
97 4
98 4
99 4
100 5
101 5
102 5
103 5
104 5
105 5
106 5
107 5
108 5
109 5
110 5
111 5
112 5
113 5
114 5
115 5
116 5
117 5
118 5
119 5
120 6
121 6
122 6
123 6
124 6
125 6
126 6
127 6
128 6
129 6
130 6
131 6
132 6
133 6
134 6
135 6
136 6
137 6
138 6
139 6
140 7
141 7
142 7
143 7
144 7
145 7
146 7
147 7
148 7
149 7
150 7
151 7
152 7
153 7
154 7
155 7
156 7
157 7
158 7
159 7
160 8
161 8
162 8
163 8
164 8
165 8
166 8
167 8
168 8
169 8
170 8
171 8
172 8
173 8
174 8
175 8
176 8
177 8
178 8
179 8
180 9
181 9
182 9
183 9
184 9
185 9
186 9
187 9
188 9
189 9
190 9
191 9
192 9
193 9
194 9
195 9
196 9
197 9
198 9
199 9
200 10
201 10
202 10
203 10
204 10
205 10
206 10
207 10
208 10
209 10
210 10
211 10
212 10
213 10
214 10
215 10
216 10
217 10
218 10
219 10
220 11
221 11
222 11
223 11
224 11
225 11
226 11
227 11
228 11
229 11
230 11
231 11
232 11
233 11
234 11
235 11
236 11
237 11
238 11
239 11
240 12
241 12
242 12
243 12
244 12
245 12
246 12
247 12
248 12
249 12
250 12
251 12
252 12
253 12
254 12
255 12
256 12
257 12
258 12
259 12
260 13
261 13
262 13
263 13
264 13
265 13
266 13
267 13
268 13
269 13
270 13
271 13
272 13
273 13
274 13
275 13
276 13
277 13
278 13
279 13
280 14
281 14
282 14
283 14
284 14
285 14
286 14
287 14
288 14
289 14
290 14
291 14
292 14
293 14
294 14
295 14
296 14
297 14
298 14
299 14
300 15
301 15
302 15
303 15
304 15
305 15
306 15
307 15
308 15
309 15
310 15
311 15
312 15
313 15
314 15
315 15
316 15
317 15
318 15
319 15

2 1 0 0
2 0 0 0
3 2 0 0
3 1 0 0
4 3 0 0
4 1 0 0
5 0 0 0
5 1 0 0
6 0 0 0
6 4 0 0
7 5 0 0
7 3 0 0
8 6 0 0
8 4 0 0
9 2 0 0
9 7 0 0
10 2 0 0
10 3 0 0
11 3 0 0
11 4 0 0
12 5 0 0
12 10 0 0
13 7 0 0
13 4 0 0
14 10 0 0
14 13 0 0
15 5 0 0
15 4 0 0
16 3 0 0
16 9 0 0
17 12 0 0
17 16 0 0
18 0 0 0
18 7 0 0
19 9 0 0
19 5 0 0
0 9 0 0
0 19 0 0
1 15 0 0
1 13 0 0
22 21 1 1
22 20 1 1
23 20 1 1
23 22 1 1
24 20 1 1
24 23 1 1
25 22 1 1
25 21 1 1
26 24 1 1
26 20 1 1
27 25 1 1
27 22 1 1
28 23 1 1
28 20 1 1
29 26 1 1
29 28 1 1
30 29 1 1
30 20 1 1
31 25 1 1
31 20 1 1
32 21 1 1
32 25 1 1
33 31 1 1
33 32 1 1
34 20 1 1
34 29 1 1
35 23 1 1
35 33 1 1
36 31 1 1
36 22 1 1
37 23 1 1
37 24 1 1
38 22 1 1
38 21 1 1
39 37 1 1
39 35 1 1
20 27 1 1
20 35 1 1
21 35 1 1
21 29 1 1
42 41 2 2
42 40 2 2
43 42 2 2
43 41 2 2
44 40 2 2
44 41 2 2
45 40 2 2
45 42 2 2
46 40 2 2
46 43 2 2
47 45 2 2
47 43 2 2
48 45 2 2
48 47 2 2
49 43 2 2
49 45 2 2
50 48 2 2
50 42 2 2
51 44 2 2
51 43 2 2
52 50 2 2
52 44 2 2
53 41 2 2
53 45 2 2
54 49 2 2
54 52 2 2
55 45 2 2
55 47 2 2
56 45 2 2
56 47 2 2
57 44 2 2
57 42 2 2
58 54 2 2
58 53 2 2
59 53 2 2
59 41 2 2
40 49 2 2
40 52 2 2
41 46 2 2
41 54 2 2
62 60 3 3
62 61 3 3
63 61 3 3
63 62 3 3
64 61 3 3
64 63 3 3
65 62 3 3
65 61 3 3
66 64 3 3
66 62 3 3
67 64 3 3
67 60 3 3
68 67 3 3
68 66 3 3
69 65 3 3
69 66 3 3
70 66 3 3
70 69 3 3
71 62 3 3
71 65 3 3
72 61 3 3
72 64 3 3
73 69 3 3
73 66 3 3
74 67 3 3
74 72 3 3
75 72 3 3
75 66 3 3
76 60 3 3
76 66 3 3
77 63 3 3
77 61 3 3
78 61 3 3
78 62 3 3
79 77 3 3
79 75 3 3
60 68 3 3
60 63 3 3
61 76 3 3
61 68 3 3
82 81 4 4
82 80 4 4
83 82 4 4
83 81 4 4
84 82 4 4
84 81 4 4
85 81 4 4
85 82 4 4
86 83 4 4
86 82 4 4
87 81 4 4
87 86 4 4
88 84 4 4
88 87 4 4
89 85 4 4
89 81 4 4
90 88 4 4
90 81 4 4
91 89 4 4
91 83 4 4
92 81 4 4
92 90 4 4
93 84 4 4
93 92 4 4
94 86 4 4
94 87 4 4
95 80 4 4
95 90 4 4
96 94 4 4
96 81 4 4
97 84 4 4
97 81 4 4
98 88 4 4
98 82 4 4
99 90 4 4
99 83 4 4
80 86 4 4
80 97 4 4
81 99 4 4
81 98 4 4
102 101 5 5
102 100 5 5
103 101 5 5
103 100 5 5
104 102 5 5
104 101 5 5
105 103 5 5
105 101 5 5
106 105 5 5
106 103 5 5
107 103 5 5
107 101 5 5
108 101 5 5
108 106 5 5
109 108 5 5
109 105 5 5
110 107 5 5
110 108 5 5
111 109 5 5
111 107 5 5
112 104 5 5
112 110 5 5
113 101 5 5
113 110 5 5
114 102 5 5
114 105 5 5
115 112 5 5
115 104 5 5
116 101 5 5
116 110 5 5
117 115 5 5
117 116 5 5
118 116 5 5
118 101 5 5
119 109 5 5
119 118 5 5
100 113 5 5
100 108 5 5
101 112 5 5
101 111 5 5
122 120 6 6
122 121 6 6
123 121 6 6
123 122 6 6
124 120 6 6
124 123 6 6
125 121 6 6
125 123 6 6
126 120 6 6
126 125 6 6
127 120 6 6
127 126 6 6
128 122 6 6
128 124 6 6
129 120 6 6
129 121 6 6
130 129 6 6
130 126 6 6
131 123 6 6
131 129 6 6
132 120 6 6
132 127 6 6
133 125 6 6
133 120 6 6
134 124 6 6
134 131 6 6
135 129 6 6
135 126 6 6
136 134 6 6
136 120 6 6
137 131 6 6
137 127 6 6
138 125 6 6
138 136 6 6
139 131 6 6
139 126 6 6
120 139 6 6
120 134 6 6
121 126 6 6
121 136 6 6
142 140 7 7
142 141 7 7
143 140 7 7
143 142 7 7
144 143 7 7
144 142 7 7
145 140 7 7
145 143 7 7
146 144 7 7
146 141 7 7
147 143 7 7
147 142 7 7
148 142 7 7
148 147 7 7
149 142 7 7
149 140 7 7
150 148 7 7
150 143 7 7
151 142 7 7
151 148 7 7
152 140 7 7
152 143 7 7
153 149 7 7
153 146 7 7
154 148 7 7
154 152 7 7
155 142 7 7
155 151 7 7
156 143 7 7
156 147 7 7
157 149 7 7
157 140 7 7
158 150 7 7
158 140 7 7
159 151 7 7
159 149 7 7
140 147 7 7
140 144 7 7
141 153 7 7
141 145 7 7
162 160 8 8
162 161 8 8
163 162 8 8
163 161 8 8
164 161 8 8
164 162 8 8
165 160 8 8
165 161 8 8
166 163 8 8
166 162 8 8
167 162 8 8
167 163 8 8
168 161 8 8
168 163 8 8
169 168 8 8
169 164 8 8
170 160 8 8
170 165 8 8
171 166 8 8
171 161 8 8
172 168 8 8
172 164 8 8
173 168 8 8
173 170 8 8
174 163 8 8
174 162 8 8
175 165 8 8
175 169 8 8
176 174 8 8
176 171 8 8
177 172 8 8
177 175 8 8
178 177 8 8
178 162 8 8
179 172 8 8
179 173 8 8
160 178 8 8
160 177 8 8
161 179 8 8
161 175 8 8
182 181 9 9
182 180 9 9
183 182 9 9
183 181 9 9
184 181 9 9
184 182 9 9
185 183 9 9
185 181 9 9
186 184 9 9
186 181 9 9
187 184 9 9
187 180 9 9
188 184 9 9
188 182 9 9
189 183 9 9
189 185 9 9
190 187 9 9
190 185 9 9
191 189 9 9
191 183 9 9
192 184 9 9
192 188 9 9
193 188 9 9
193 192 9 9
194 192 9 9
194 184 9 9
195 183 9 9
195 194 9 9
196 187 9 9
196 195 9 9
197 182 9 9
197 190 9 9
198 185 9 9
198 183 9 9
199 180 9 9
199 183 9 9
180 185 9 9
180 184 9 9
181 194 9 9
181 199 9 9
202 200 10 10
202 201 10 10
203 200 10 10
203 201 10 10
204 202 10 10
204 203 10 10
205 202 10 10
205 204 10 10
206 200 10 10
206 202 10 10
207 206 10 10
207 200 10 10
208 202 10 10
208 205 10 10
209 204 10 10
209 203 10 10
210 205 10 10
210 206 10 10
211 207 10 10
211 206 10 10
212 208 10 10
212 202 10 10
213 206 10 10
213 201 10 10
214 208 10 10
214 212 10 10
215 211 10 10
215 206 10 10
216 211 10 10
216 204 10 10
217 200 10 10
217 208 10 10
218 205 10 10
218 204 10 10
219 201 10 10
219 215 10 10
200 216 10 10
200 210 10 10
201 208 10 10
201 206 10 10
222 220 11 11
222 221 11 11
223 222 11 11
223 220 11 11
224 221 11 11
224 222 11 11
225 223 11 11
225 220 11 11
226 225 11 11
226 222 11 11
227 223 11 11
227 222 11 11
228 223 11 11
228 225 11 11
229 226 11 11
229 225 11 11
230 223 11 11
230 220 11 11
231 221 11 11
231 224 11 11
232 222 11 11
232 228 11 11
233 230 11 11
233 231 11 11
234 231 11 11
234 227 11 11
235 227 11 11
235 233 11 11
236 229 11 11
236 231 11 11
237 223 11 11
237 227 11 11
238 224 11 11
238 230 11 11
239 231 11 11
239 226 11 11
220 231 11 11
220 235 11 11
221 223 11 11
221 236 11 11
242 240 12 12
242 241 12 12
243 240 12 12
243 241 12 12
244 241 12 12
244 243 12 12
245 242 12 12
245 240 12 12
246 243 12 12
246 245 12 12
247 244 12 12
247 246 12 12
248 240 12 12
248 247 12 12
249 242 12 12
249 246 12 12
250 247 12 12
250 243 12 12
251 245 12 12
251 249 12 12
252 249 12 12
252 248 12 12
253 243 12 12
253 247 12 12
254 250 12 12
254 241 12 12
255 250 12 12
255 244 12 12
256 252 12 12
256 243 12 12
257 241 12 12
257 248 12 12
258 254 12 12
258 252 12 12
259 241 12 12
259 248 12 12
240 252 12 12
240 256 12 12
241 248 12 12
241 252 12 12
262 261 13 13
262 260 13 13
263 261 13 13
263 262 13 13
264 262 13 13
264 260 13 13
265 262 13 13
265 263 13 13
266 265 13 13
266 262 13 13
267 262 13 13
267 263 13 13
268 266 13 13
268 262 13 13
269 264 13 13
269 268 13 13
270 268 13 13
270 266 13 13
271 264 13 13
271 262 13 13
272 262 13 13
272 267 13 13
273 268 13 13
273 271 13 13
274 260 13 13
274 273 13 13
275 270 13 13
275 264 13 13
276 260 13 13
276 265 13 13
277 267 13 13
277 261 13 13
278 270 13 13
278 275 13 13
279 267 13 13
279 262 13 13
260 273 13 13
260 278 13 13
261 268 13 13
261 272 13 13
282 280 14 14
282 281 14 14
283 282 14 14
283 281 14 14
284 282 14 14
284 283 14 14
285 281 14 14
285 280 14 14
286 285 14 14
286 283 14 14
287 286 14 14
287 281 14 14
288 287 14 14
288 282 14 14
289 288 14 14
289 283 14 14
290 285 14 14
290 286 14 14
291 286 14 14
291 283 14 14
292 289 14 14
292 291 14 14
293 290 14 14
293 287 14 14
294 281 14 14
294 285 14 14
295 287 14 14
295 288 14 14
296 283 14 14
296 294 14 14
297 292 14 14
297 289 14 14
298 297 14 14
298 296 14 14
299 298 14 14
299 284 14 14
280 288 14 14
280 296 14 14
281 288 14 14
281 298 14 14
302 300 15 15
302 301 15 15
303 300 15 15
303 302 15 15
304 302 15 15
304 301 15 15
305 304 15 15
305 303 15 15
306 305 15 15
306 304 15 15
307 300 15 15
307 303 15 15
308 305 15 15
308 302 15 15
309 308 15 15
309 301 15 15
310 305 15 15
310 301 15 15
311 306 15 15
311 303 15 15
312 300 15 15
312 303 15 15
313 310 15 15
313 311 15 15
314 311 15 15
314 313 15 15
315 311 15 15
315 305 15 15
316 305 15 15
316 315 15 15
317 305 15 15
317 300 15 15
318 301 15 15
318 310 15 15
319 310 15 15
319 313 15 15
300 314 15 15
300 313 15 15
301 308 15 15
301 305 15 15
58 33 2 1
46 0 2 0
69 16 3 0
62 46 3 2
90 46 4 2
92 26 4 1
118 73 5 3
105 52 5 2
138 75 6 3
122 59 6 2
144 49 7 2
140 131 7 6
166 58 8 2
172 115 8 5
184 112 9 5
197 142 9 7
218 29 10 1
217 65 10 3
223 9 11 0
232 148 11 7
259 5 12 0
248 215 12 10
267 221 13 11
272 77 13 3
295 192 14 9
285 209 14 10
313 168 15 8
303 70 15 3
2 263 0 13
5 113 0 5
20 236 1 11
21 75 1 3
