swNum = 320
edgeNum = 672

0 0
1 0
2 0
3 0
4 0
5 0
6 0
7 0
8 0
9 0
10 0
11 0
12 0
13 0
14 0
15 0
16 0
17 0
18 0
19 0
20 1
21 1
22 1
23 1
24 1
25 1
26 1
27 1
28 1
29 1
30 1
31 1
32 1
33 1
34 1
35 1
36 1
37 1
38 1
39 1
40 2
41 2
42 2
43 2
44 2
45 2
46 2
47 2
48 2
49 2
50 2
51 2
52 2
53 2
54 2
55 2
56 2
57 2
58 2
59 2
60 3
61 3
62 3
63 3
64 3
65 3
66 3
67 3
68 3
69 3
70 3
71 3
72 3
73 3
74 3
75 3
76 3
77 3
78 3
79 3
80 4
81 4
82 4
83 4
84 4
85 4
86 4
87 4
88 4
89 4
90 4
91 4
92 4
93 4
94 4
95 4
96 4
97 4
98 4
99 4
100 5
101 5
102 5
103 5
104 5
105 5
106 5
107 5
108 5
109 5
110 5
111 5
112 5
113 5
114 5
115 5
116 5
117 5
118 5
119 5
120 6
121 6
122 6
123 6
124 6
125 6
126 6
127 6
128 6
129 6
130 6
131 6
132 6
133 6
134 6
135 6
136 6
137 6
138 6
139 6
140 7
141 7
142 7
143 7
144 7
145 7
146 7
147 7
148 7
149 7
150 7
151 7
152 7
153 7
154 7
155 7
156 7
157 7
158 7
159 7
160 8
161 8
162 8
163 8
164 8
165 8
166 8
167 8
168 8
169 8
170 8
171 8
172 8
173 8
174 8
175 8
176 8
177 8
178 8
179 8
180 9
181 9
182 9
183 9
184 9
185 9
186 9
187 9
188 9
189 9
190 9
191 9
192 9
193 9
194 9
195 9
196 9
197 9
198 9
199 9
200 10
201 10
202 10
203 10
204 10
205 10
206 10
207 10
208 10
209 10
210 10
211 10
212 10
213 10
214 10
215 10
216 10
217 10
218 10
219 10
220 11
221 11
222 11
223 11
224 11
225 11
226 11
227 11
228 11
229 11
230 11
231 11
232 11
233 11
234 11
235 11
236 11
237 11
238 11
239 11
240 12
241 12
242 12
243 12
244 12
245 12
246 12
247 12
248 12
249 12
250 12
251 12
252 12
253 12
254 12
255 12
256 12
257 12
258 12
259 12
260 13
261 13
262 13
263 13
264 13
265 13
266 13
267 13
268 13
269 13
270 13
271 13
272 13
273 13
274 13
275 13
276 13
277 13
278 13
279 13
280 14
281 14
282 14
283 14
284 14
285 14
286 14
287 14
288 14
289 14
290 14
291 14
292 14
293 14
294 14
295 14
296 14
297 14
298 14
299 14
300 15
301 15
302 15
303 15
304 15
305 15
306 15
307 15
308 15
309 15
310 15
311 15
312 15
313 15
314 15
315 15
316 15
317 15
318 15
319 15

2 0 0 0
2 1 0 0
3 0 0 0
3 1 0 0
4 3 0 0
4 1 0 0
5 1 0 0
5 3 0 0
6 2 0 0
6 1 0 0
7 6 0 0
7 5 0 0
8 7 0 0
8 1 0 0
9 5 0 0
9 1 0 0
10 9 0 0
10 0 0 0
11 4 0 0
11 3 0 0
12 3 0 0
12 4 0 0
13 4 0 0
13 7 0 0
14 11 0 0
14 3 0 0
15 13 0 0
15 2 0 0
16 5 0 0
16 12 0 0
17 16 0 0
17 14 0 0
18 4 0 0
18 1 0 0
19 10 0 0
19 18 0 0
0 18 0 0
0 8 0 0
1 14 0 0
1 7 0 0
22 21 1 1
22 20 1 1
23 22 1 1
23 20 1 1
24 22 1 1
24 23 1 1
25 21 1 1
25 22 1 1
26 24 1 1
26 20 1 1
27 26 1 1
27 23 1 1
28 21 1 1
28 22 1 1
29 23 1 1
29 27 1 1
30 25 1 1
30 29 1 1
31 26 1 1
31 20 1 1
32 20 1 1
32 27 1 1
33 23 1 1
33 21 1 1
34 22 1 1
34 24 1 1
35 34 1 1
35 22 1 1
36 24 1 1
36 34 1 1
37 33 1 1
37 20 1 1
38 28 1 1
38 29 1 1
39 27 1 1
39 28 1 1
20 36 1 1
20 27 1 1
21 30 1 1
21 35 1 1
42 41 2 2
42 40 2 2
43 42 2 2
43 41 2 2
44 40 2 2
44 41 2 2
45 43 2 2
45 41 2 2
46 45 2 2
46 42 2 2
47 46 2 2
47 43 2 2
48 40 2 2
48 42 2 2
49 43 2 2
49 47 2 2
50 40 2 2
50 48 2 2
51 46 2 2
51 49 2 2
52 42 2 2
52 48 2 2
53 41 2 2
53 40 2 2
54 44 2 2
54 41 2 2
55 43 2 2
55 54 2 2
56 43 2 2
56 42 2 2
57 44 2 2
57 43 2 2
58 40 2 2
58 50 2 2
59 54 2 2
59 51 2 2
40 45 2 2
40 47 2 2
41 48 2 2
41 49 2 2
62 61 3 3
62 60 3 3
63 62 3 3
63 61 3 3
64 61 3 3
64 63 3 3
65 61 3 3
65 62 3 3
66 60 3 3
66 62 3 3
67 66 3 3
67 63 3 3
68 63 3 3
68 65 3 3
69 63 3 3
69 62 3 3
70 66 3 3
70 64 3 3
71 61 3 3
71 69 3 3
72 64 3 3
72 67 3 3
73 69 3 3
73 66 3 3
74 73 3 3
74 64 3 3
75 71 3 3
75 69 3 3
76 70 3 3
76 63 3 3
77 63 3 3
77 69 3 3
78 61 3 3
78 62 3 3
79 74 3 3
79 60 3 3
60 77 3 3
60 63 3 3
61 69 3 3
61 79 3 3
82 80 4 4
82 81 4 4
83 81 4 4
83 82 4 4
84 80 4 4
84 82 4 4
85 83 4 4
85 82 4 4
86 81 4 4
86 84 4 4
87 85 4 4
87 82 4 4
88 81 4 4
88 80 4 4
89 86 4 4
89 87 4 4
90 88 4 4
90 86 4 4
91 81 4 4
91 88 4 4
92 86 4 4
92 81 4 4
93 81 4 4
93 86 4 4
94 93 4 4
94 89 4 4
95 87 4 4
95 88 4 4
96 94 4 4
96 93 4 4
97 82 4 4
97 91 4 4
98 96 4 4
98 80 4 4
99 82 4 4
99 83 4 4
80 93 4 4
80 90 4 4
81 96 4 4
81 94 4 4
102 100 5 5
102 101 5 5
103 100 5 5
103 102 5 5
104 103 5 5
104 100 5 5
105 102 5 5
105 101 5 5
106 101 5 5
106 100 5 5
107 104 5 5
107 106 5 5
108 101 5 5
108 104 5 5
109 108 5 5
109 107 5 5
110 101 5 5
110 105 5 5
111 104 5 5
111 107 5 5
112 109 5 5
112 108 5 5
113 108 5 5
113 109 5 5
114 113 5 5
114 106 5 5
115 108 5 5
115 113 5 5
116 104 5 5
116 101 5 5
117 100 5 5
117 103 5 5
118 101 5 5
118 106 5 5
119 110 5 5
119 101 5 5
100 114 5 5
100 110 5 5
101 113 5 5
101 112 5 5
122 120 6 6
122 121 6 6
123 121 6 6
123 122 6 6
124 123 6 6
124 120 6 6
125 123 6 6
125 122 6 6
126 125 6 6
126 120 6 6
127 123 6 6
127 126 6 6
128 121 6 6
128 122 6 6
129 121 6 6
129 127 6 6
130 128 6 6
130 121 6 6
131 123 6 6
131 121 6 6
132 120 6 6
132 128 6 6
133 130 6 6
133 123 6 6
134 125 6 6
134 120 6 6
135 122 6 6
135 125 6 6
136 123 6 6
136 133 6 6
137 129 6 6
137 127 6 6
138 134 6 6
138 120 6 6
139 122 6 6
139 121 6 6
120 125 6 6
120 133 6 6
121 135 6 6
121 126 6 6
142 141 7 7
142 140 7 7
143 142 7 7
143 141 7 7
144 143 7 7
144 140 7 7
145 141 7 7
145 143 7 7
146 144 7 7
146 140 7 7
147 146 7 7
147 140 7 7
148 145 7 7
148 144 7 7
149 142 7 7
149 144 7 7
150 142 7 7
150 144 7 7
151 142 7 7
151 147 7 7
152 146 7 7
152 143 7 7
153 143 7 7
153 149 7 7
154 152 7 7
154 146 7 7
155 150 7 7
155 147 7 7
156 151 7 7
156 147 7 7
157 153 7 7
157 142 7 7
158 151 7 7
158 146 7 7
159 158 7 7
159 154 7 7
140 150 7 7
140 154 7 7
141 149 7 7
141 158 7 7
162 161 8 8
162 160 8 8
163 160 8 8
163 162 8 8
164 160 8 8
164 163 8 8
165 163 8 8
165 162 8 8
166 162 8 8
166 165 8 8
167 164 8 8
167 161 8 8
168 166 8 8
168 162 8 8
169 163 8 8
169 168 8 8
170 160 8 8
170 166 8 8
171 165 8 8
171 160 8 8
172 160 8 8
172 171 8 8
173 160 8 8
173 161 8 8
174 167 8 8
174 163 8 8
175 169 8 8
175 168 8 8
176 161 8 8
176 160 8 8
177 163 8 8
177 169 8 8
178 175 8 8
178 170 8 8
179 173 8 8
179 171 8 8
160 169 8 8
160 165 8 8
161 164 8 8
161 177 8 8
182 181 9 9
182 180 9 9
183 182 9 9
183 181 9 9
184 181 9 9
184 180 9 9
185 181 9 9
185 182 9 9
186 181 9 9
186 182 9 9
187 182 9 9
187 185 9 9
188 186 9 9
188 185 9 9
189 183 9 9
189 180 9 9
190 189 9 9
190 188 9 9
191 183 9 9
191 186 9 9
192 185 9 9
192 188 9 9
193 187 9 9
193 188 9 9
194 189 9 9
194 185 9 9
195 180 9 9
195 192 9 9
196 189 9 9
196 187 9 9
197 195 9 9
197 188 9 9
198 194 9 9
198 187 9 9
199 198 9 9
199 190 9 9
180 197 9 9
180 185 9 9
181 191 9 9
181 188 9 9
202 200 10 10
202 201 10 10
203 201 10 10
203 200 10 10
204 200 10 10
204 201 10 10
205 200 10 10
205 202 10 10
206 201 10 10
206 205 10 10
207 202 10 10
207 204 10 10
208 200 10 10
208 207 10 10
209 200 10 10
209 203 10 10
210 209 10 10
210 200 10 10
211 210 10 10
211 204 10 10
212 200 10 10
212 209 10 10
213 201 10 10
213 205 10 10
214 201 10 10
214 208 10 10
215 201 10 10
215 200 10 10
216 204 10 10
216 209 10 10
217 214 10 10
217 212 10 10
218 213 10 10
218 204 10 10
219 214 10 10
219 209 10 10
200 217 10 10
200 214 10 10
201 218 10 10
201 217 10 10
222 220 11 11
222 221 11 11
223 221 11 11
223 222 11 11
224 222 11 11
224 223 11 11
225 221 11 11
225 223 11 11
226 225 11 11
226 220 11 11
227 220 11 11
227 222 11 11
228 226 11 11
228 227 11 11
229 225 11 11
229 220 11 11
230 226 11 11
230 221 11 11
231 228 11 11
231 230 11 11
232 224 11 11
232 230 11 11
233 229 11 11
233 226 11 11
234 220 11 11
234 223 11 11
235 221 11 11
235 223 11 11
236 221 11 11
236 225 11 11
237 235 11 11
237 225 11 11
238 227 11 11
238 224 11 11
239 228 11 11
239 227 11 11
220 233 11 11
220 223 11 11
221 239 11 11
221 234 11 11
242 241 12 12
242 240 12 12
243 241 12 12
243 242 12 12
244 240 12 12
244 242 12 12
245 242 12 12
245 244 12 12
246 241 12 12
246 242 12 12
247 241 12 12
247 243 12 12
248 241 12 12
248 244 12 12
249 240 12 12
249 246 12 12
250 249 12 12
250 247 12 12
251 246 12 12
251 245 12 12
252 251 12 12
252 249 12 12
253 247 12 12
253 246 12 12
254 249 12 12
254 244 12 12
255 243 12 12
255 252 12 12
256 254 12 12
256 252 12 12
257 254 12 12
257 241 12 12
258 244 12 12
258 247 12 12
259 243 12 12
259 245 12 12
240 256 12 12
240 258 12 12
241 251 12 12
241 245 12 12
262 261 13 13
262 260 13 13
263 261 13 13
263 260 13 13
264 261 13 13
264 263 13 13
265 264 13 13
265 260 13 13
266 263 13 13
266 264 13 13
267 264 13 13
267 261 13 13
268 267 13 13
268 260 13 13
269 261 13 13
269 263 13 13
270 266 13 13
270 263 13 13
271 264 13 13
271 269 13 13
272 260 13 13
272 262 13 13
273 261 13 13
273 265 13 13
274 270 13 13
274 261 13 13
275 273 13 13
275 263 13 13
276 273 13 13
276 265 13 13
277 268 13 13
277 267 13 13
278 262 13 13
278 274 13 13
279 267 13 13
279 278 13 13
260 264 13 13
260 270 13 13
261 271 13 13
261 276 13 13
282 280 14 14
282 281 14 14
283 282 14 14
283 280 14 14
284 280 14 14
284 282 14 14
285 282 14 14
285 283 14 14
286 283 14 14
286 285 14 14
287 284 14 14
287 283 14 14
288 283 14 14
288 285 14 14
289 288 14 14
289 282 14 14
290 286 14 14
290 284 14 14
291 285 14 14
291 284 14 14
292 290 14 14
292 289 14 14
293 292 14 14
293 288 14 14
294 285 14 14
294 288 14 14
295 292 14 14
295 280 14 14
296 284 14 14
296 282 14 14
297 281 14 14
297 287 14 14
298 291 14 14
298 292 14 14
299 291 14 14
299 282 14 14
280 286 14 14
280 296 14 14
281 299 14 14
281 284 14 14
302 300 15 15
302 301 15 15
303 300 15 15
303 302 15 15
304 300 15 15
304 303 15 15
305 302 15 15
305 303 15 15
306 301 15 15
306 304 15 15
307 301 15 15
307 302 15 15
308 303 15 15
308 302 15 15
309 303 15 15
309 306 15 15
310 300 15 15
310 309 15 15
311 310 15 15
311 309 15 15
312 306 15 15
312 305 15 15
313 305 15 15
313 311 15 15
314 303 15 15
314 309 15 15
315 307 15 15
315 308 15 15
316 307 15 15
316 314 15 15
317 311 15 15
317 301 15 15
318 308 15 15
318 304 15 15
319 304 15 15
319 315 15 15
300 312 15 15
300 305 15 15
301 308 15 15
301 313 15 15
54 16 2 0
58 23 2 1
76 42 3 2
74 7 3 0
83 42 4 2
95 8 4 0
119 58 5 2
104 78 5 3
120 94 6 4
129 6 6 0
140 73 7 3
148 38 7 1
175 16 8 0
175 112 8 5
183 151 9 7
199 21 9 1
216 187 10 9
208 31 10 1
238 70 11 3
220 124 11 6
257 80 12 4
258 138 12 6
268 20 13 1
268 218 13 10
286 33 14 1
299 74 14 3
301 9 15 0
301 264 15 13
11 151 0 7
0 215 0 10
23 171 1 8
30 243 1 12
