swNum = 320
edgeNum = 672

0 0
1 0
2 0
3 0
4 0
5 0
6 0
7 0
8 0
9 0
10 0
11 0
12 0
13 0
14 0
15 0
16 0
17 0
18 0
19 0
20 1
21 1
22 1
23 1
24 1
25 1
26 1
27 1
28 1
29 1
30 1
31 1
32 1
33 1
34 1
35 1
36 1
37 1
38 1
39 1
40 2
41 2
42 2
43 2
44 2
45 2
46 2
47 2
48 2
49 2
50 2
51 2
52 2
53 2
54 2
55 2
56 2
57 2
58 2
59 2
60 3
61 3
62 3
63 3
64 3
65 3
66 3
67 3
68 3
69 3
70 3
71 3
72 3
73 3
74 3
75 3
76 3
77 3
78 3
79 3
80 4
81 4
82 4
83 4
84 4
85 4
86 4
87 4
88 4
89 4
90 4
91 4
92 4
93 4
94 4
95 4
96 4
97 4
98 4
99 4
100 5
101 5
102 5
103 5
104 5
105 5
106 5
107 5
108 5
109 5
110 5
111 5
112 5
113 5
114 5
115 5
116 5
117 5
118 5
119 5
120 6
121 6
122 6
123 6
124 6
125 6
126 6
127 6
128 6
129 6
130 6
131 6
132 6
133 6
134 6
135 6
136 6
137 6
138 6
139 6
140 7
141 7
142 7
143 7
144 7
145 7
146 7
147 7
148 7
149 7
150 7
151 7
152 7
153 7
154 7
155 7
156 7
157 7
158 7
159 7
160 8
161 8
162 8
163 8
164 8
165 8
166 8
167 8
168 8
169 8
170 8
171 8
172 8
173 8
174 8
175 8
176 8
177 8
178 8
179 8
180 9
181 9
182 9
183 9
184 9
185 9
186 9
187 9
188 9
189 9
190 9
191 9
192 9
193 9
194 9
195 9
196 9
197 9
198 9
199 9
200 10
201 10
202 10
203 10
204 10
205 10
206 10
207 10
208 10
209 10
210 10
211 10
212 10
213 10
214 10
215 10
216 10
217 10
218 10
219 10
220 11
221 11
222 11
223 11
224 11
225 11
226 11
227 11
228 11
229 11
230 11
231 11
232 11
233 11
234 11
235 11
236 11
237 11
238 11
239 11
240 12
241 12
242 12
243 12
244 12
245 12
246 12
247 12
248 12
249 12
250 12
251 12
252 12
253 12
254 12
255 12
256 12
257 12
258 12
259 12
260 13
261 13
262 13
263 13
264 13
265 13
266 13
267 13
268 13
269 13
270 13
271 13
272 13
273 13
274 13
275 13
276 13
277 13
278 13
279 13
280 14
281 14
282 14
283 14
284 14
285 14
286 14
287 14
288 14
289 14
290 14
291 14
292 14
293 14
294 14
295 14
296 14
297 14
298 14
299 14
300 15
301 15
302 15
303 15
304 15
305 15
306 15
307 15
308 15
309 15
310 15
311 15
312 15
313 15
314 15
315 15
316 15
317 15
318 15
319 15

2 1 0 0
2 0 0 0
3 1 0 0
3 0 0 0
4 3 0 0
4 0 0 0
5 4 0 0
5 1 0 0
6 5 0 0
6 2 0 0
7 6 0 0
7 4 0 0
8 6 0 0
8 2 0 0
9 4 0 0
9 3 0 0
10 0 0 0
10 3 0 0
11 9 0 0
11 10 0 0
12 8 0 0
12 6 0 0
13 6 0 0
13 4 0 0
14 4 0 0
14 5 0 0
15 0 0 0
15 14 0 0
16 2 0 0
16 13 0 0
17 14 0 0
17 7 0 0
18 16 0 0
18 6 0 0
19 10 0 0
19 14 0 0
0 14 0 0
0 12 0 0
1 6 0 0
1 9 0 0
22 20 1 1
22 21 1 1
23 20 1 1
23 21 1 1
24 23 1 1
24 21 1 1
25 21 1 1
25 23 1 1
26 25 1 1
26 24 1 1
27 21 1 1
27 26 1 1
28 23 1 1
28 24 1 1
29 21 1 1
29 26 1 1
30 29 1 1
30 21 1 1
31 28 1 1
31 22 1 1
32 27 1 1
32 23 1 1
33 31 1 1
33 24 1 1
34 21 1 1
34 24 1 1
35 34 1 1
35 31 1 1
36 26 1 1
36 32 1 1
37 26 1 1
37 31 1 1
38 26 1 1
38 25 1 1
39 26 1 1
39 23 1 1
20 35 1 1
20 25 1 1
21 36 1 1
21 38 1 1
42 40 2 2
42 41 2 2
43 40 2 2
43 41 2 2
44 41 2 2
44 43 2 2
45 43 2 2
45 41 2 2
46 41 2 2
46 43 2 2
47 46 2 2
47 42 2 2
48 41 2 2
48 45 2 2
49 46 2 2
49 40 2 2
50 49 2 2
50 48 2 2
51 42 2 2
51 43 2 2
52 49 2 2
52 40 2 2
53 47 2 2
53 43 2 2
54 52 2 2
54 46 2 2
55 49 2 2
55 52 2 2
56 53 2 2
56 46 2 2
57 41 2 2
57 48 2 2
58 43 2 2
58 57 2 2
59 50 2 2
59 47 2 2
40 55 2 2
40 45 2 2
41 49 2 2
41 54 2 2
62 60 3 3
62 61 3 3
63 60 3 3
63 62 3 3
64 62 3 3
64 63 3 3
65 63 3 3
65 61 3 3
66 60 3 3
66 61 3 3
67 64 3 3
67 63 3 3
68 60 3 3
68 65 3 3
69 65 3 3
69 64 3 3
70 63 3 3
70 64 3 3
71 65 3 3
71 66 3 3
72 67 3 3
72 64 3 3
73 66 3 3
73 67 3 3
74 68 3 3
74 60 3 3
75 63 3 3
75 62 3 3
76 65 3 3
76 75 3 3
77 74 3 3
77 72 3 3
78 69 3 3
78 68 3 3
79 66 3 3
79 65 3 3
60 71 3 3
60 76 3 3
61 72 3 3
61 73 3 3
82 81 4 4
82 80 4 4
83 80 4 4
83 81 4 4
84 83 4 4
84 80 4 4
85 81 4 4
85 82 4 4
86 81 4 4
86 82 4 4
87 82 4 4
87 86 4 4
88 80 4 4
88 85 4 4
89 85 4 4
89 84 4 4
90 83 4 4
90 89 4 4
91 90 4 4
91 86 4 4
92 80 4 4
92 88 4 4
93 86 4 4
93 91 4 4
94 82 4 4
94 84 4 4
95 92 4 4
95 81 4 4
96 93 4 4
96 81 4 4
97 86 4 4
97 94 4 4
98 94 4 4
98 87 4 4
99 91 4 4
99 97 4 4
80 87 4 4
80 96 4 4
81 98 4 4
81 94 4 4
102 100 5 5
102 101 5 5
103 101 5 5
103 100 5 5
104 103 5 5
104 100 5 5
105 104 5 5
105 101 5 5
106 104 5 5
106 100 5 5
107 103 5 5
107 104 5 5
108 100 5 5
108 102 5 5
109 100 5 5
109 105 5 5
110 101 5 5
110 107 5 5
111 105 5 5
111 109 5 5
112 111 5 5
112 107 5 5
113 101 5 5
113 111 5 5
114 103 5 5
114 108 5 5
115 101 5 5
115 114 5 5
116 102 5 5
116 108 5 5
117 108 5 5
117 114 5 5
118 110 5 5
118 113 5 5
119 100 5 5
119 112 5 5
100 117 5 5
100 116 5 5
101 109 5 5
101 118 5 5
122 121 6 6
122 120 6 6
123 120 6 6
123 122 6 6
124 123 6 6
124 122 6 6
125 124 6 6
125 122 6 6
126 122 6 6
126 121 6 6
127 123 6 6
127 125 6 6
128 124 6 6
128 122 6 6
129 128 6 6
129 123 6 6
130 125 6 6
130 127 6 6
131 124 6 6
131 127 6 6
132 130 6 6
132 127 6 6
133 120 6 6
133 129 6 6
134 132 6 6
134 130 6 6
135 134 6 6
135 128 6 6
136 131 6 6
136 130 6 6
137 134 6 6
137 136 6 6
138 124 6 6
138 120 6 6
139 123 6 6
139 125 6 6
120 139 6 6
120 124 6 6
121 132 6 6
121 134 6 6
142 140 7 7
142 141 7 7
143 140 7 7
143 142 7 7
144 142 7 7
144 141 7 7
145 142 7 7
145 144 7 7
146 144 7 7
146 140 7 7
147 145 7 7
147 141 7 7
148 144 7 7
148 141 7 7
149 142 7 7
149 141 7 7
150 141 7 7
150 144 7 7
151 140 7 7
151 143 7 7
152 142 7 7
152 144 7 7
153 148 7 7
153 140 7 7
154 146 7 7
154 140 7 7
155 141 7 7
155 142 7 7
156 147 7 7
156 144 7 7
157 149 7 7
157 142 7 7
158 154 7 7
158 157 7 7
159 149 7 7
159 145 7 7
140 149 7 7
140 150 7 7
141 156 7 7
141 153 7 7
162 160 8 8
162 161 8 8
163 160 8 8
163 162 8 8
164 163 8 8
164 160 8 8
165 160 8 8
165 164 8 8
166 162 8 8
166 160 8 8
167 161 8 8
167 162 8 8
168 164 8 8
168 165 8 8
169 161 8 8
169 164 8 8
170 161 8 8
170 163 8 8
171 163 8 8
171 166 8 8
172 171 8 8
172 168 8 8
173 172 8 8
173 162 8 8
174 165 8 8
174 168 8 8
175 173 8 8
175 167 8 8
176 161 8 8
176 170 8 8
177 162 8 8
177 176 8 8
178 176 8 8
178 161 8 8
179 174 8 8
179 165 8 8
160 175 8 8
160 177 8 8
161 177 8 8
161 175 8 8
182 180 9 9
182 181 9 9
183 182 9 9
183 181 9 9
184 180 9 9
184 181 9 9
185 180 9 9
185 183 9 9
186 184 9 9
186 182 9 9
187 182 9 9
187 186 9 9
188 180 9 9
188 184 9 9
189 184 9 9
189 186 9 9
190 185 9 9
190 183 9 9
191 183 9 9
191 180 9 9
192 184 9 9
192 187 9 9
193 186 9 9
193 180 9 9
194 183 9 9
194 190 9 9
195 189 9 9
195 191 9 9
196 180 9 9
196 188 9 9
197 188 9 9
197 193 9 9
198 183 9 9
198 195 9 9
199 189 9 9
199 192 9 9
180 186 9 9
180 192 9 9
181 189 9 9
181 191 9 9
202 200 10 10
202 201 10 10
203 200 10 10
203 201 10 10
204 202 10 10
204 200 10 10
205 202 10 10
205 201 10 10
206 200 10 10
206 201 10 10
207 201 10 10
207 205 10 10
208 204 10 10
208 205 10 10
209 207 10 10
209 208 10 10
210 208 10 10
210 206 10 10
211 203 10 10
211 202 10 10
212 208 10 10
212 207 10 10
213 207 10 10
213 209 10 10
214 211 10 10
214 212 10 10
215 211 10 10
215 213 10 10
216 209 10 10
216 204 10 10
217 200 10 10
217 212 10 10
218 217 10 10
218 215 10 10
219 210 10 10
219 213 10 10
200 205 10 10
200 211 10 10
201 214 10 10
201 211 10 10
222 221 11 11
222 220 11 11
223 221 11 11
223 220 11 11
224 223 11 11
224 221 11 11
225 220 11 11
225 223 11 11
226 225 11 11
226 223 11 11
227 224 11 11
227 221 11 11
228 223 11 11
228 226 11 11
229 228 11 11
229 225 11 11
230 221 11 11
230 222 11 11
231 225 11 11
231 229 11 11
232 220 11 11
232 223 11 11
233 228 11 11
233 227 11 11
234 222 11 11
234 223 11 11
235 229 11 11
235 221 11 11
236 230 11 11
236 228 11 11
237 221 11 11
237 224 11 11
238 236 11 11
238 228 11 11
239 234 11 11
239 224 11 11
220 231 11 11
220 228 11 11
221 236 11 11
221 239 11 11
242 240 12 12
242 241 12 12
243 241 12 12
243 242 12 12
244 241 12 12
244 243 12 12
245 242 12 12
245 241 12 12
246 244 12 12
246 242 12 12
247 240 12 12
247 244 12 12
248 245 12 12
248 243 12 12
249 245 12 12
249 242 12 12
250 249 12 12
250 248 12 12
251 243 12 12
251 244 12 12
252 247 12 12
252 240 12 12
253 249 12 12
253 244 12 12
254 245 12 12
254 246 12 12
255 244 12 12
255 248 12 12
256 255 12 12
256 252 12 12
257 256 12 12
257 253 12 12
258 255 12 12
258 251 12 12
259 240 12 12
259 254 12 12
240 256 12 12
240 245 12 12
241 254 12 12
241 250 12 12
262 261 13 13
262 260 13 13
263 262 13 13
263 260 13 13
264 260 13 13
264 263 13 13
265 261 13 13
265 260 13 13
266 262 13 13
266 261 13 13
267 264 13 13
267 266 13 13
268 266 13 13
268 260 13 13
269 265 13 13
269 268 13 13
270 262 13 13
270 264 13 13
271 261 13 13
271 262 13 13
272 260 13 13
272 270 13 13
273 268 13 13
273 263 13 13
274 264 13 13
274 271 13 13
275 267 13 13
275 272 13 13
276 273 13 13
276 274 13 13
277 274 13 13
277 271 13 13
278 274 13 13
278 277 13 13
279 262 13 13
279 275 13 13
260 270 13 13
260 267 13 13
261 264 13 13
261 267 13 13
282 280 14 14
282 281 14 14
283 282 14 14
283 281 14 14
284 283 14 14
284 280 14 14
285 283 14 14
285 282 14 14
286 285 14 14
286 282 14 14
287 284 14 14
287 283 14 14
288 281 14 14
288 284 14 14
289 285 14 14
289 283 14 14
290 284 14 14
290 280 14 14
291 284 14 14
291 290 14 14
292 283 14 14
292 288 14 14
293 280 14 14
293 286 14 14
294 282 14 14
294 287 14 14
295 291 14 14
295 290 14 14
296 287 14 14
296 291 14 14
297 294 14 14
297 290 14 14
298 295 14 14
298 281 14 14
299 280 14 14
299 281 14 14
280 297 14 14
280 298 14 14
281 287 14 14
281 284 14 14
302 300 15 15
302 301 15 15
303 302 15 15
303 300 15 15
304 303 15 15
304 301 15 15
305 304 15 15
305 300 15 15
306 303 15 15
306 302 15 15
307 300 15 15
307 304 15 15
308 301 15 15
308 300 15 15
309 302 15 15
309 303 15 15
310 303 15 15
310 309 15 15
311 308 15 15
311 303 15 15
312 306 15 15
312 303 15 15
313 312 15 15
313 311 15 15
314 302 15 15
314 304 15 15
315 312 15 15
315 308 15 15
316 302 15 15
316 309 15 15
317 316 15 15
317 309 15 15
318 316 15 15
318 317 15 15
319 311 15 15
319 307 15 15
300 319 15 15
300 304 15 15
301 307 15 15
301 314 15 15
45 26 2 1
51 12 2 0
73 59 3 2
60 34 3 1
88 26 4 1
96 43 4 2
114 20 5 1
112 17 5 0
135 91 6 4
139 35 6 1
144 38 7 1
156 73 7 3
173 63 8 3
166 127 8 6
182 44 9 2
181 83 9 4
205 60 10 3
204 21 10 1
220 7 11 0
236 202 11 10
259 60 12 3
258 212 12 10
260 105 13 5
277 233 13 11
283 70 14 3
285 136 14 6
314 163 15 8
307 247 15 12
8 268 0 13
6 218 0 10
37 285 1 14
25 256 1 12
