swNum = 320
edgeNum = 672

0 0
1 0
2 0
3 0
4 0
5 0
6 0
7 0
8 0
9 0
10 0
11 0
12 0
13 0
14 0
15 0
16 0
17 0
18 0
19 0
20 1
21 1
22 1
23 1
24 1
25 1
26 1
27 1
28 1
29 1
30 1
31 1
32 1
33 1
34 1
35 1
36 1
37 1
38 1
39 1
40 2
41 2
42 2
43 2
44 2
45 2
46 2
47 2
48 2
49 2
50 2
51 2
52 2
53 2
54 2
55 2
56 2
57 2
58 2
59 2
60 3
61 3
62 3
63 3
64 3
65 3
66 3
67 3
68 3
69 3
70 3
71 3
72 3
73 3
74 3
75 3
76 3
77 3
78 3
79 3
80 4
81 4
82 4
83 4
84 4
85 4
86 4
87 4
88 4
89 4
90 4
91 4
92 4
93 4
94 4
95 4
96 4
97 4
98 4
99 4
100 5
101 5
102 5
103 5
104 5
105 5
106 5
107 5
108 5
109 5
110 5
111 5
112 5
113 5
114 5
115 5
116 5
117 5
118 5
119 5
120 6
121 6
122 6
123 6
124 6
125 6
126 6
127 6
128 6
129 6
130 6
131 6
132 6
133 6
134 6
135 6
136 6
137 6
138 6
139 6
140 7
141 7
142 7
143 7
144 7
145 7
146 7
147 7
148 7
149 7
150 7
151 7
152 7
153 7
154 7
155 7
156 7
157 7
158 7
159 7
160 8
161 8
162 8
163 8
164 8
165 8
166 8
167 8
168 8
169 8
170 8
171 8
172 8
173 8
174 8
175 8
176 8
177 8
178 8
179 8
180 9
181 9
182 9
183 9
184 9
185 9
186 9
187 9
188 9
189 9
190 9
191 9
192 9
193 9
194 9
195 9
196 9
197 9
198 9
199 9
200 10
201 10
202 10
203 10
204 10
205 10
206 10
207 10
208 10
209 10
210 10
211 10
212 10
213 10
214 10
215 10
216 10
217 10
218 10
219 10
220 11
221 11
222 11
223 11
224 11
225 11
226 11
227 11
228 11
229 11
230 11
231 11
232 11
233 11
234 11
235 11
236 11
237 11
238 11
239 11
240 12
241 12
242 12
243 12
244 12
245 12
246 12
247 12
248 12
249 12
250 12
251 12
252 12
253 12
254 12
255 12
256 12
257 12
258 12
259 12
260 13
261 13
262 13
263 13
264 13
265 13
266 13
267 13
268 13
269 13
270 13
271 13
272 13
273 13
274 13
275 13
276 13
277 13
278 13
279 13
280 14
281 14
282 14
283 14
284 14
285 14
286 14
287 14
288 14
289 14
290 14
291 14
292 14
293 14
294 14
295 14
296 14
297 14
298 14
299 14
300 15
301 15
302 15
303 15
304 15
305 15
306 15
307 15
308 15
309 15
310 15
311 15
312 15
313 15
314 15
315 15
316 15
317 15
318 15
319 15

2 0 0 0
2 1 0 0
3 1 0 0
3 0 0 0
4 1 0 0
4 3 0 0
5 1 0 0
5 4 0 0
6 2 0 0
6 4 0 0
7 0 0 0
7 4 0 0
8 5 0 0
8 3 0 0
9 6 0 0
9 8 0 0
10 7 0 0
10 8 0 0
11 1 0 0
11 4 0 0
12 8 0 0
12 7 0 0
13 10 0 0
13 7 0 0
14 0 0 0
14 4 0 0
15 11 0 0
15 7 0 0
16 3 0 0
16 7 0 0
17 14 0 0
17 3 0 0
18 17 0 0
18 16 0 0
19 7 0 0
19 10 0 0
0 15 0 0
0 4 0 0
1 16 0 0
1 14 0 0
22 21 1 1
22 20 1 1
23 20 1 1
23 22 1 1
24 22 1 1
24 21 1 1
25 21 1 1
25 23 1 1
26 24 1 1
26 22 1 1
27 26 1 1
27 25 1 1
28 27 1 1
28 22 1 1
29 22 1 1
29 20 1 1
30 27 1 1
30 29 1 1
31 24 1 1
31 26 1 1
32 23 1 1
32 27 1 1
33 21 1 1
33 25 1 1
34 26 1 1
34 31 1 1
35 30 1 1
35 26 1 1
36 28 1 1
36 32 1 1
37 21 1 1
37 22 1 1
38 32 1 1
38 26 1 1
39 33 1 1
39 29 1 1
20 30 1 1
20 28 1 1
21 26 1 1
21 30 1 1
42 41 2 2
42 40 2 2
43 42 2 2
43 41 2 2
44 41 2 2
44 43 2 2
45 40 2 2
45 44 2 2
46 44 2 2
46 43 2 2
47 44 2 2
47 42 2 2
48 46 2 2
48 42 2 2
49 44 2 2
49 46 2 2
50 48 2 2
50 43 2 2
51 44 2 2
51 41 2 2
52 44 2 2
52 40 2 2
53 51 2 2
53 44 2 2
54 49 2 2
54 41 2 2
55 49 2 2
55 48 2 2
56 53 2 2
56 47 2 2
57 54 2 2
57 44 2 2
58 45 2 2
58 46 2 2
59 48 2 2
59 44 2 2
40 44 2 2
40 53 2 2
41 49 2 2
41 48 2 2
62 61 3 3
62 60 3 3
63 62 3 3
63 60 3 3
64 62 3 3
64 60 3 3
65 60 3 3
65 63 3 3
66 61 3 3
66 64 3 3
67 66 3 3
67 65 3 3
68 67 3 3
68 62 3 3
69 67 3 3
69 63 3 3
70 65 3 3
70 62 3 3
71 60 3 3
71 63 3 3
72 61 3 3
72 69 3 3
73 61 3 3
73 70 3 3
74 60 3 3
74 61 3 3
75 72 3 3
75 63 3 3
76 71 3 3
76 69 3 3
77 61 3 3
77 70 3 3
78 74 3 3
78 62 3 3
79 60 3 3
79 78 3 3
60 70 3 3
60 66 3 3
61 63 3 3
61 75 3 3
82 81 4 4
82 80 4 4
83 81 4 4
83 80 4 4
84 80 4 4
84 83 4 4
85 84 4 4
85 80 4 4
86 82 4 4
86 84 4 4
87 84 4 4
87 86 4 4
88 82 4 4
88 81 4 4
89 84 4 4
89 83 4 4
90 86 4 4
90 81 4 4
91 83 4 4
91 87 4 4
92 86 4 4
92 84 4 4
93 81 4 4
93 84 4 4
94 88 4 4
94 91 4 4
95 92 4 4
95 80 4 4
96 86 4 4
96 81 4 4
97 96 4 4
97 91 4 4
98 94 4 4
98 96 4 4
99 80 4 4
99 84 4 4
80 89 4 4
80 87 4 4
81 86 4 4
81 84 4 4
102 101 5 5
102 100 5 5
103 102 5 5
103 101 5 5
104 102 5 5
104 103 5 5
105 100 5 5
105 102 5 5
106 100 5 5
106 102 5 5
107 104 5 5
107 102 5 5
108 103 5 5
108 100 5 5
109 107 5 5
109 106 5 5
110 100 5 5
110 105 5 5
111 106 5 5
111 100 5 5
112 104 5 5
112 101 5 5
113 111 5 5
113 102 5 5
114 107 5 5
114 113 5 5
115 105 5 5
115 113 5 5
116 107 5 5
116 113 5 5
117 115 5 5
117 107 5 5
118 106 5 5
118 109 5 5
119 110 5 5
119 106 5 5
100 104 5 5
100 119 5 5
101 116 5 5
101 111 5 5
122 120 6 6
122 121 6 6
123 120 6 6
123 122 6 6
124 122 6 6
124 123 6 6
125 120 6 6
125 123 6 6
126 125 6 6
126 120 6 6
127 126 6 6
127 124 6 6
128 124 6 6
128 120 6 6
129 128 6 6
129 123 6 6
130 127 6 6
130 126 6 6
131 121 6 6
131 120 6 6
132 123 6 6
132 127 6 6
133 122 6 6
133 130 6 6
134 129 6 6
134 120 6 6
135 127 6 6
135 128 6 6
136 121 6 6
136 134 6 6
137 135 6 6
137 127 6 6
138 120 6 6
138 128 6 6
139 136 6 6
139 137 6 6
120 136 6 6
120 129 6 6
121 123 6 6
121 128 6 6
142 140 7 7
142 141 7 7
143 141 7 7
143 140 7 7
144 140 7 7
144 143 7 7
145 143 7 7
145 144 7 7
146 140 7 7
146 143 7 7
147 146 7 7
147 145 7 7
148 141 7 7
148 142 7 7
149 144 7 7
149 147 7 7
150 148 7 7
150 143 7 7
151 150 7 7
151 141 7 7
152 145 7 7
152 150 7 7
153 150 7 7
153 145 7 7
154 140 7 7
154 147 7 7
155 144 7 7
155 153 7 7
156 141 7 7
156 143 7 7
157 156 7 7
157 148 7 7
158 141 7 7
158 149 7 7
159 156 7 7
159 141 7 7
140 149 7 7
140 157 7 7
141 146 7 7
141 157 7 7
162 161 8 8
162 160 8 8
163 161 8 8
163 160 8 8
164 160 8 8
164 162 8 8
165 163 8 8
165 161 8 8
166 164 8 8
166 165 8 8
167 163 8 8
167 160 8 8
168 165 8 8
168 162 8 8
169 162 8 8
169 163 8 8
170 161 8 8
170 166 8 8
171 167 8 8
171 163 8 8
172 166 8 8
172 160 8 8
173 160 8 8
173 170 8 8
174 170 8 8
174 162 8 8
175 162 8 8
175 173 8 8
176 162 8 8
176 167 8 8
177 162 8 8
177 166 8 8
178 169 8 8
178 162 8 8
179 174 8 8
179 169 8 8
160 177 8 8
160 174 8 8
161 177 8 8
161 166 8 8
182 181 9 9
182 180 9 9
183 182 9 9
183 180 9 9
184 180 9 9
184 183 9 9
185 182 9 9
185 183 9 9
186 184 9 9
186 183 9 9
187 186 9 9
187 184 9 9
188 180 9 9
188 181 9 9
189 183 9 9
189 181 9 9
190 181 9 9
190 189 9 9
191 188 9 9
191 187 9 9
192 184 9 9
192 189 9 9
193 183 9 9
193 185 9 9
194 191 9 9
194 188 9 9
195 187 9 9
195 188 9 9
196 186 9 9
196 188 9 9
197 191 9 9
197 184 9 9
198 191 9 9
198 187 9 9
199 195 9 9
199 194 9 9
180 198 9 9
180 186 9 9
181 186 9 9
181 184 9 9
202 200 10 10
202 201 10 10
203 202 10 10
203 200 10 10
204 201 10 10
204 203 10 10
205 204 10 10
205 200 10 10
206 201 10 10
206 202 10 10
207 204 10 10
207 200 10 10
208 205 10 10
208 202 10 10
209 208 10 10
209 204 10 10
210 201 10 10
210 203 10 10
211 209 10 10
211 203 10 10
212 208 10 10
212 205 10 10
213 212 10 10
213 208 10 10
214 200 10 10
214 208 10 10
215 207 10 10
215 202 10 10
216 203 10 10
216 201 10 10
217 209 10 10
217 205 10 10
218 206 10 10
218 217 10 10
219 216 10 10
219 208 10 10
200 217 10 10
200 211 10 10
201 205 10 10
201 203 10 10
222 221 11 11
222 220 11 11
223 222 11 11
223 221 11 11
224 222 11 11
224 220 11 11
225 223 11 11
225 222 11 11
226 225 11 11
226 222 11 11
227 221 11 11
227 226 11 11
228 223 11 11
228 224 11 11
229 225 11 11
229 223 11 11
230 226 11 11
230 225 11 11
231 224 11 11
231 221 11 11
232 230 11 11
232 220 11 11
233 223 11 11
233 231 11 11
234 227 11 11
234 223 11 11
235 221 11 11
235 224 11 11
236 233 11 11
236 223 11 11
237 235 11 11
237 225 11 11
238 222 11 11
238 227 11 11
239 230 11 11
239 237 11 11
220 236 11 11
220 231 11 11
221 238 11 11
221 239 11 11
242 240 12 12
242 241 12 12
243 242 12 12
243 240 12 12
244 243 12 12
244 241 12 12
245 242 12 12
245 243 12 12
246 241 12 12
246 243 12 12
247 240 12 12
247 241 12 12
248 243 12 12
248 246 12 12
249 245 12 12
249 246 12 12
250 242 12 12
250 249 12 12
251 241 12 12
251 250 12 12
252 251 12 12
252 244 12 12
253 248 12 12
253 252 12 12
254 252 12 12
254 240 12 12
255 250 12 12
255 251 12 12
256 251 12 12
256 254 12 12
257 245 12 12
257 247 12 12
258 243 12 12
258 257 12 12
259 252 12 12
259 258 12 12
240 246 12 12
240 249 12 12
241 250 12 12
241 255 12 12
262 261 13 13
262 260 13 13
263 261 13 13
263 262 13 13
264 260 13 13
264 263 13 13
265 263 13 13
265 264 13 13
266 262 13 13
266 263 13 13
267 261 13 13
267 260 13 13
268 261 13 13
268 260 13 13
269 265 13 13
269 262 13 13
270 266 13 13
270 262 13 13
271 269 13 13
271 263 13 13
272 269 13 13
272 260 13 13
273 272 13 13
273 268 13 13
274 263 13 13
274 265 13 13
275 271 13 13
275 274 13 13
276 266 13 13
276 267 13 13
277 260 13 13
277 264 13 13
278 270 13 13
278 275 13 13
279 271 13 13
279 269 13 13
260 273 13 13
260 270 13 13
261 276 13 13
261 278 13 13
282 280 14 14
282 281 14 14
283 281 14 14
283 280 14 14
284 282 14 14
284 280 14 14
285 283 14 14
285 284 14 14
286 281 14 14
286 280 14 14
287 280 14 14
287 284 14 14
288 283 14 14
288 284 14 14
289 288 14 14
289 283 14 14
290 286 14 14
290 282 14 14
291 286 14 14
291 290 14 14
292 284 14 14
292 288 14 14
293 286 14 14
293 287 14 14
294 290 14 14
294 281 14 14
295 290 14 14
295 285 14 14
296 294 14 14
296 281 14 14
297 281 14 14
297 290 14 14
298 297 14 14
298 281 14 14
299 293 14 14
299 297 14 14
280 290 14 14
280 292 14 14
281 290 14 14
281 291 14 14
302 300 15 15
302 301 15 15
303 300 15 15
303 302 15 15
304 302 15 15
304 303 15 15
305 302 15 15
305 300 15 15
306 300 15 15
306 305 15 15
307 303 15 15
307 302 15 15
308 300 15 15
308 302 15 15
309 303 15 15
309 306 15 15
310 309 15 15
310 307 15 15
311 307 15 15
311 300 15 15
312 311 15 15
312 310 15 15
313 309 15 15
313 310 15 15
314 308 15 15
314 302 15 15
315 302 15 15
315 300 15 15
316 310 15 15
316 306 15 15
317 311 15 15
317 313 15 15
318 308 15 15
318 303 15 15
319 313 15 15
319 307 15 15
300 314 15 15
300 319 15 15
301 305 15 15
301 318 15 15
40 10 2 0
43 30 2 1
65 53 3 2
73 16 3 0
88 53 4 2
85 64 4 3
101 47 5 2
115 5 5 0
137 103 6 5
129 37 6 1
157 54 7 2
158 29 7 1
162 84 8 4
164 27 8 1
194 99 9 4
180 7 9 0
212 112 10 5
207 73 10 3
237 123 11 6
220 58 11 2
246 98 12 4
240 211 12 10
273 140 13 7
275 33 13 1
290 119 14 5
292 92 14 4
302 92 15 4
316 33 15 1
7 141 0 7
18 84 0 4
21 107 1 5
39 228 1 11
