swNum = 320
edgeNum = 672

0 0
1 0
2 0
3 0
4 0
5 0
6 0
7 0
8 0
9 0
10 0
11 0
12 0
13 0
14 0
15 0
16 0
17 0
18 0
19 0
20 1
21 1
22 1
23 1
24 1
25 1
26 1
27 1
28 1
29 1
30 1
31 1
32 1
33 1
34 1
35 1
36 1
37 1
38 1
39 1
40 2
41 2
42 2
43 2
44 2
45 2
46 2
47 2
48 2
49 2
50 2
51 2
52 2
53 2
54 2
55 2
56 2
57 2
58 2
59 2
60 3
61 3
62 3
63 3
64 3
65 3
66 3
67 3
68 3
69 3
70 3
71 3
72 3
73 3
74 3
75 3
76 3
77 3
78 3
79 3
80 4
81 4
82 4
83 4
84 4
85 4
86 4
87 4
88 4
89 4
90 4
91 4
92 4
93 4
94 4
95 4
96 4
97 4
98 4
99 4
100 5
101 5
102 5
103 5
104 5
105 5
106 5
107 5
108 5
109 5
110 5
111 5
112 5
113 5
114 5
115 5
116 5
117 5
118 5
119 5
120 6
121 6
122 6
123 6
124 6
125 6
126 6
127 6
128 6
129 6
130 6
131 6
132 6
133 6
134 6
135 6
136 6
137 6
138 6
139 6
140 7
141 7
142 7
143 7
144 7
145 7
146 7
147 7
148 7
149 7
150 7
151 7
152 7
153 7
154 7
155 7
156 7
157 7
158 7
159 7
160 8
161 8
162 8
163 8
164 8
165 8
166 8
167 8
168 8
169 8
170 8
171 8
172 8
173 8
174 8
175 8
176 8
177 8
178 8
179 8
180 9
181 9
182 9
183 9
184 9
185 9
186 9
187 9
188 9
189 9
190 9
191 9
192 9
193 9
194 9
195 9
196 9
197 9
198 9
199 9
200 10
201 10
202 10
203 10
204 10
205 10
206 10
207 10
208 10
209 10
210 10
211 10
212 10
213 10
214 10
215 10
216 10
217 10
218 10
219 10
220 11
221 11
222 11
223 11
224 11
225 11
226 11
227 11
228 11
229 11
230 11
231 11
232 11
233 11
234 11
235 11
236 11
237 11
238 11
239 11
240 12
241 12
242 12
243 12
244 12
245 12
246 12
247 12
248 12
249 12
250 12
251 12
252 12
253 12
254 12
255 12
256 12
257 12
258 12
259 12
260 13
261 13
262 13
263 13
264 13
265 13
266 13
267 13
268 13
269 13
270 13
271 13
272 13
273 13
274 13
275 13
276 13
277 13
278 13
279 13
280 14
281 14
282 14
283 14
284 14
285 14
286 14
287 14
288 14
289 14
290 14
291 14
292 14
293 14
294 14
295 14
296 14
297 14
298 14
299 14
300 15
301 15
302 15
303 15
304 15
305 15
306 15
307 15
308 15
309 15
310 15
311 15
312 15
313 15
314 15
315 15
316 15
317 15
318 15
319 15

2 1 0 0
2 0 0 0
3 2 0 0
3 0 0 0
4 1 0 0
4 2 0 0
5 2 0 0
5 3 0 0
6 3 0 0
6 4 0 0
7 5 0 0
7 1 0 0
8 4 0 0
8 2 0 0
9 8 0 0
9 7 0 0
10 3 0 0
10 2 0 0
11 7 0 0
11 2 0 0
12 8 0 0
12 7 0 0
13 1 0 0
13 5 0 0
14 1 0 0
14 13 0 0
15 13 0 0
15 11 0 0
16 5 0 0
16 14 0 0
17 4 0 0
17 0 0 0
18 13 0 0
18 3 0 0
19 1 0 0
19 2 0 0
0 12 0 0
0 5 0 0
1 10 0 0
1 15 0 0
22 21 1 1
22 20 1 1
23 22 1 1
23 20 1 1
24 22 1 1
24 21 1 1
25 20 1 1
25 21 1 1
26 20 1 1
26 22 1 1
27 22 1 1
27 25 1 1
28 23 1 1
28 24 1 1
29 28 1 1
29 23 1 1
30 28 1 1
30 26 1 1
31 23 1 1
31 20 1 1
32 28 1 1
32 27 1 1
33 30 1 1
33 20 1 1
34 29 1 1
34 25 1 1
35 33 1 1
35 21 1 1
36 26 1 1
36 29 1 1
37 31 1 1
37 35 1 1
38 25 1 1
38 22 1 1
39 25 1 1
39 37 1 1
20 39 1 1
20 30 1 1
21 34 1 1
21 36 1 1
42 40 2 2
42 41 2 2
43 40 2 2
43 41 2 2
44 42 2 2
44 43 2 2
45 41 2 2
45 44 2 2
46 40 2 2
46 45 2 2
47 43 2 2
47 40 2 2
48 47 2 2
48 41 2 2
49 48 2 2
49 47 2 2
50 48 2 2
50 42 2 2
51 47 2 2
51 50 2 2
52 50 2 2
52 49 2 2
53 44 2 2
53 50 2 2
54 52 2 2
54 50 2 2
55 41 2 2
55 40 2 2
56 48 2 2
56 47 2 2
57 52 2 2
57 44 2 2
58 56 2 2
58 53 2 2
59 43 2 2
59 47 2 2
40 49 2 2
40 56 2 2
41 50 2 2
41 47 2 2
62 60 3 3
62 61 3 3
63 61 3 3
63 62 3 3
64 60 3 3
64 62 3 3
65 62 3 3
65 64 3 3
66 62 3 3
66 63 3 3
67 66 3 3
67 64 3 3
68 64 3 3
68 63 3 3
69 67 3 3
69 62 3 3
70 68 3 3
70 61 3 3
71 60 3 3
71 68 3 3
72 70 3 3
72 65 3 3
73 71 3 3
73 69 3 3
74 67 3 3
74 60 3 3
75 71 3 3
75 74 3 3
76 63 3 3
76 74 3 3
77 65 3 3
77 60 3 3
78 75 3 3
78 69 3 3
79 60 3 3
79 62 3 3
60 73 3 3
60 69 3 3
61 76 3 3
61 77 3 3
82 81 4 4
82 80 4 4
83 80 4 4
83 81 4 4
84 83 4 4
84 80 4 4
85 82 4 4
85 84 4 4
86 81 4 4
86 85 4 4
87 81 4 4
87 84 4 4
88 85 4 4
88 86 4 4
89 84 4 4
89 81 4 4
90 85 4 4
90 89 4 4
91 89 4 4
91 83 4 4
92 83 4 4
92 86 4 4
93 91 4 4
93 84 4 4
94 90 4 4
94 86 4 4
95 90 4 4
95 84 4 4
96 87 4 4
96 81 4 4
97 92 4 4
97 81 4 4
98 93 4 4
98 86 4 4
99 93 4 4
99 92 4 4
80 85 4 4
80 99 4 4
81 98 4 4
81 92 4 4
102 100 5 5
102 101 5 5
103 100 5 5
103 101 5 5
104 102 5 5
104 101 5 5
105 101 5 5
105 100 5 5
106 105 5 5
106 102 5 5
107 106 5 5
107 103 5 5
108 103 5 5
108 107 5 5
109 107 5 5
109 106 5 5
110 103 5 5
110 106 5 5
111 104 5 5
111 102 5 5
112 101 5 5
112 107 5 5
113 112 5 5
113 109 5 5
114 111 5 5
114 103 5 5
115 109 5 5
115 100 5 5
116 102 5 5
116 100 5 5
117 116 5 5
117 100 5 5
118 112 5 5
118 102 5 5
119 106 5 5
119 111 5 5
100 119 5 5
100 107 5 5
101 108 5 5
101 113 5 5
122 121 6 6
122 120 6 6
123 121 6 6
123 122 6 6
124 121 6 6
124 122 6 6
125 122 6 6
125 121 6 6
126 124 6 6
126 123 6 6
127 121 6 6
127 125 6 6
128 125 6 6
128 122 6 6
129 121 6 6
129 126 6 6
130 123 6 6
130 124 6 6
131 126 6 6
131 125 6 6
132 126 6 6
132 123 6 6
133 124 6 6
133 123 6 6
134 120 6 6
134 124 6 6
135 120 6 6
135 124 6 6
136 120 6 6
136 125 6 6
137 128 6 6
137 127 6 6
138 123 6 6
138 134 6 6
139 126 6 6
139 131 6 6
120 124 6 6
120 138 6 6
121 136 6 6
121 128 6 6
142 140 7 7
142 141 7 7
143 141 7 7
143 142 7 7
144 140 7 7
144 142 7 7
145 143 7 7
145 141 7 7
146 140 7 7
146 144 7 7
147 140 7 7
147 142 7 7
148 143 7 7
148 147 7 7
149 143 7 7
149 145 7 7
150 146 7 7
150 143 7 7
151 146 7 7
151 144 7 7
152 140 7 7
152 144 7 7
153 143 7 7
153 146 7 7
154 151 7 7
154 153 7 7
155 143 7 7
155 141 7 7
156 150 7 7
156 147 7 7
157 140 7 7
157 144 7 7
158 154 7 7
158 153 7 7
159 157 7 7
159 142 7 7
140 158 7 7
140 151 7 7
141 150 7 7
141 158 7 7
162 161 8 8
162 160 8 8
163 160 8 8
163 161 8 8
164 161 8 8
164 162 8 8
165 160 8 8
165 164 8 8
166 160 8 8
166 161 8 8
167 161 8 8
167 163 8 8
168 166 8 8
168 160 8 8
169 163 8 8
169 161 8 8
170 162 8 8
170 169 8 8
171 162 8 8
171 169 8 8
172 163 8 8
172 160 8 8
173 161 8 8
173 168 8 8
174 168 8 8
174 165 8 8
175 172 8 8
175 169 8 8
176 162 8 8
176 172 8 8
177 163 8 8
177 161 8 8
178 163 8 8
178 174 8 8
179 163 8 8
179 177 8 8
160 175 8 8
160 169 8 8
161 179 8 8
161 171 8 8
182 180 9 9
182 181 9 9
183 180 9 9
183 181 9 9
184 181 9 9
184 180 9 9
185 182 9 9
185 183 9 9
186 180 9 9
186 181 9 9
187 181 9 9
187 184 9 9
188 182 9 9
188 183 9 9
189 183 9 9
189 181 9 9
190 187 9 9
190 189 9 9
191 189 9 9
191 186 9 9
192 184 9 9
192 181 9 9
193 188 9 9
193 184 9 9
194 193 9 9
194 190 9 9
195 194 9 9
195 181 9 9
196 180 9 9
196 185 9 9
197 194 9 9
197 188 9 9
198 185 9 9
198 182 9 9
199 198 9 9
199 180 9 9
180 185 9 9
180 198 9 9
181 191 9 9
181 190 9 9
202 200 10 10
202 201 10 10
203 201 10 10
203 200 10 10
204 203 10 10
204 201 10 10
205 203 10 10
205 201 10 10
206 205 10 10
206 200 10 10
207 205 10 10
207 201 10 10
208 200 10 10
208 202 10 10
209 202 10 10
209 204 10 10
210 204 10 10
210 208 10 10
211 206 10 10
211 207 10 10
212 200 10 10
212 205 10 10
213 201 10 10
213 205 10 10
214 200 10 10
214 203 10 10
215 210 10 10
215 212 10 10
216 210 10 10
216 213 10 10
217 201 10 10
217 213 10 10
218 214 10 10
218 207 10 10
219 208 10 10
219 200 10 10
200 210 10 10
200 204 10 10
201 209 10 10
201 212 10 10
222 221 11 11
222 220 11 11
223 222 11 11
223 220 11 11
224 220 11 11
224 222 11 11
225 223 11 11
225 220 11 11
226 224 11 11
226 225 11 11
227 222 11 11
227 221 11 11
228 220 11 11
228 227 11 11
229 226 11 11
229 224 11 11
230 220 11 11
230 229 11 11
231 220 11 11
231 226 11 11
232 220 11 11
232 223 11 11
233 230 11 11
233 225 11 11
234 223 11 11
234 232 11 11
235 230 11 11
235 228 11 11
236 228 11 11
236 233 11 11
237 227 11 11
237 225 11 11
238 221 11 11
238 228 11 11
239 235 11 11
239 230 11 11
220 237 11 11
220 235 11 11
221 225 11 11
221 224 11 11
242 240 12 12
242 241 12 12
243 240 12 12
243 242 12 12
244 242 12 12
244 240 12 12
245 244 12 12
245 243 12 12
246 242 12 12
246 240 12 12
247 240 12 12
247 246 12 12
248 240 12 12
248 247 12 12
249 241 12 12
249 245 12 12
250 244 12 12
250 245 12 12
251 241 12 12
251 247 12 12
252 240 12 12
252 250 12 12
253 250 12 12
253 241 12 12
254 249 12 12
254 250 12 12
255 240 12 12
255 241 12 12
256 242 12 12
256 251 12 12
257 244 12 12
257 253 12 12
258 243 12 12
258 246 12 12
259 257 12 12
259 249 12 12
240 245 12 12
240 250 12 12
241 259 12 12
241 245 12 12
262 260 13 13
262 261 13 13
263 261 13 13
263 260 13 13
264 260 13 13
264 262 13 13
265 264 13 13
265 262 13 13
266 261 13 13
266 263 13 13
267 266 13 13
267 261 13 13
268 264 13 13
268 260 13 13
269 267 13 13
269 262 13 13
270 264 13 13
270 267 13 13
271 266 13 13
271 270 13 13
272 268 13 13
272 271 13 13
273 268 13 13
273 270 13 13
274 272 13 13
274 269 13 13
275 273 13 13
275 274 13 13
276 275 13 13
276 264 13 13
277 267 13 13
277 272 13 13
278 273 13 13
278 274 13 13
279 275 13 13
279 263 13 13
260 270 13 13
260 269 13 13
261 279 13 13
261 277 13 13
282 281 14 14
282 280 14 14
283 280 14 14
283 281 14 14
284 280 14 14
284 283 14 14
285 281 14 14
285 284 14 14
286 285 14 14
286 283 14 14
287 282 14 14
287 285 14 14
288 284 14 14
288 282 14 14
289 288 14 14
289 281 14 14
290 289 14 14
290 287 14 14
291 288 14 14
291 284 14 14
292 290 14 14
292 287 14 14
293 281 14 14
293 285 14 14
294 290 14 14
294 288 14 14
295 281 14 14
295 291 14 14
296 292 14 14
296 284 14 14
297 292 14 14
297 280 14 14
298 295 14 14
298 281 14 14
299 294 14 14
299 289 14 14
280 288 14 14
280 295 14 14
281 299 14 14
281 292 14 14
302 300 15 15
302 301 15 15
303 301 15 15
303 300 15 15
304 302 15 15
304 301 15 15
305 301 15 15
305 302 15 15
306 300 15 15
306 305 15 15
307 301 15 15
307 303 15 15
308 302 15 15
308 303 15 15
309 300 15 15
309 306 15 15
310 307 15 15
310 305 15 15
311 302 15 15
311 308 15 15
312 309 15 15
312 305 15 15
313 302 15 15
313 305 15 15
314 312 15 15
314 308 15 15
315 312 15 15
315 301 15 15
316 303 15 15
316 304 15 15
317 301 15 15
317 315 15 15
318 300 15 15
318 314 15 15
319 304 15 15
319 305 15 15
300 305 15 15
300 311 15 15
301 310 15 15
301 306 15 15
49 7 2 0
59 31 2 1
66 13 3 0
65 56 3 2
89 78 4 3
94 57 4 2
109 47 5 2
113 34 5 1
128 54 6 2
132 114 6 5
148 115 7 5
151 25 7 1
178 127 8 6
173 24 8 1
181 175 9 8
187 21 9 1
218 21 10 1
203 40 10 2
228 131 11 6
238 215 11 10
245 94 12 4
245 161 12 8
277 116 13 5
267 223 13 11
296 251 14 12
293 93 14 4
308 211 15 10
314 236 15 11
10 160 0 8
5 192 0 9
23 256 1 12
34 70 1 3
