swNum = 320
edgeNum = 672

0 0
1 0
2 0
3 0
4 0
5 0
6 0
7 0
8 0
9 0
10 0
11 0
12 0
13 0
14 0
15 0
16 0
17 0
18 0
19 0
20 1
21 1
22 1
23 1
24 1
25 1
26 1
27 1
28 1
29 1
30 1
31 1
32 1
33 1
34 1
35 1
36 1
37 1
38 1
39 1
40 2
41 2
42 2
43 2
44 2
45 2
46 2
47 2
48 2
49 2
50 2
51 2
52 2
53 2
54 2
55 2
56 2
57 2
58 2
59 2
60 3
61 3
62 3
63 3
64 3
65 3
66 3
67 3
68 3
69 3
70 3
71 3
72 3
73 3
74 3
75 3
76 3
77 3
78 3
79 3
80 4
81 4
82 4
83 4
84 4
85 4
86 4
87 4
88 4
89 4
90 4
91 4
92 4
93 4
94 4
95 4
96 4
97 4
98 4
99 4
100 5
101 5
102 5
103 5
104 5
105 5
106 5
107 5
108 5
109 5
110 5
111 5
112 5
113 5
114 5
115 5
116 5
117 5
118 5
119 5
120 6
121 6
122 6
123 6
124 6
125 6
126 6
127 6
128 6
129 6
130 6
131 6
132 6
133 6
134 6
135 6
136 6
137 6
138 6
139 6
140 7
141 7
142 7
143 7
144 7
145 7
146 7
147 7
148 7
149 7
150 7
151 7
152 7
153 7
154 7
155 7
156 7
157 7
158 7
159 7
160 8
161 8
162 8
163 8
164 8
165 8
166 8
167 8
168 8
169 8
170 8
171 8
172 8
173 8
174 8
175 8
176 8
177 8
178 8
179 8
180 9
181 9
182 9
183 9
184 9
185 9
186 9
187 9
188 9
189 9
190 9
191 9
192 9
193 9
194 9
195 9
196 9
197 9
198 9
199 9
200 10
201 10
202 10
203 10
204 10
205 10
206 10
207 10
208 10
209 10
210 10
211 10
212 10
213 10
214 10
215 10
216 10
217 10
218 10
219 10
220 11
221 11
222 11
223 11
224 11
225 11
226 11
227 11
228 11
229 11
230 11
231 11
232 11
233 11
234 11
235 11
236 11
237 11
238 11
239 11
240 12
241 12
242 12
243 12
244 12
245 12
246 12
247 12
248 12
249 12
250 12
251 12
252 12
253 12
254 12
255 12
256 12
257 12
258 12
259 12
260 13
261 13
262 13
263 13
264 13
265 13
266 13
267 13
268 13
269 13
270 13
271 13
272 13
273 13
274 13
275 13
276 13
277 13
278 13
279 13
280 14
281 14
282 14
283 14
284 14
285 14
286 14
287 14
288 14
289 14
290 14
291 14
292 14
293 14
294 14
295 14
296 14
297 14
298 14
299 14
300 15
301 15
302 15
303 15
304 15
305 15
306 15
307 15
308 15
309 15
310 15
311 15
312 15
313 15
314 15
315 15
316 15
317 15
318 15
319 15

2 1 0 0
2 0 0 0
3 1 0 0
3 0 0 0
4 3 0 0
4 2 0 0
5 1 0 0
5 4 0 0
6 4 0 0
6 0 0 0
7 6 0 0
7 4 0 0
8 3 0 0
8 0 0 0
9 8 0 0
9 2 0 0
10 7 0 0
10 6 0 0
11 4 0 0
11 1 0 0
12 5 0 0
12 3 0 0
13 5 0 0
13 12 0 0
14 0 0 0
14 13 0 0
15 12 0 0
15 5 0 0
16 11 0 0
16 3 0 0
17 5 0 0
17 1 0 0
18 4 0 0
18 12 0 0
19 9 0 0
19 2 0 0
0 7 0 0
0 5 0 0
1 8 0 0
1 13 0 0
22 21 1 1
22 20 1 1
23 22 1 1
23 21 1 1
24 20 1 1
24 21 1 1
25 23 1 1
25 24 1 1
26 20 1 1
26 23 1 1
27 23 1 1
27 26 1 1
28 21 1 1
28 26 1 1
29 20 1 1
29 27 1 1
30 21 1 1
30 27 1 1
31 30 1 1
31 26 1 1
32 27 1 1
32 29 1 1
33 27 1 1
33 26 1 1
34 26 1 1
34 29 1 1
35 23 1 1
35 22 1 1
36 25 1 1
36 23 1 1
37 26 1 1
37 32 1 1
38 25 1 1
38 30 1 1
39 35 1 1
39 23 1 1
20 28 1 1
20 32 1 1
21 31 1 1
21 26 1 1
42 40 2 2
42 41 2 2
43 40 2 2
43 41 2 2
44 42 2 2
44 40 2 2
45 40 2 2
45 41 2 2
46 43 2 2
46 40 2 2
47 46 2 2
47 43 2 2
48 40 2 2
48 44 2 2
49 48 2 2
49 46 2 2
50 48 2 2
50 45 2 2
51 43 2 2
51 44 2 2
52 46 2 2
52 43 2 2
53 46 2 2
53 52 2 2
54 47 2 2
54 46 2 2
55 44 2 2
55 51 2 2
56 47 2 2
56 42 2 2
57 41 2 2
57 51 2 2
58 46 2 2
58 41 2 2
59 56 2 2
59 44 2 2
40 55 2 2
40 49 2 2
41 55 2 2
41 44 2 2
62 60 3 3
62 61 3 3
63 61 3 3
63 62 3 3
64 60 3 3
64 61 3 3
65 60 3 3
65 63 3 3
66 65 3 3
66 63 3 3
67 60 3 3
67 63 3 3
68 65 3 3
68 62 3 3
69 60 3 3
69 61 3 3
70 65 3 3
70 62 3 3
71 60 3 3
71 67 3 3
72 67 3 3
72 71 3 3
73 70 3 3
73 60 3 3
74 73 3 3
74 66 3 3
75 71 3 3
75 69 3 3
76 73 3 3
76 70 3 3
77 72 3 3
77 76 3 3
78 63 3 3
78 64 3 3
79 63 3 3
79 62 3 3
60 68 3 3
60 74 3 3
61 75 3 3
61 79 3 3
82 80 4 4
82 81 4 4
83 81 4 4
83 80 4 4
84 83 4 4
84 82 4 4
85 81 4 4
85 84 4 4
86 82 4 4
86 80 4 4
87 82 4 4
87 85 4 4
88 87 4 4
88 81 4 4
89 86 4 4
89 80 4 4
90 84 4 4
90 87 4 4
91 80 4 4
91 82 4 4
92 82 4 4
92 81 4 4
93 90 4 4
93 86 4 4
94 86 4 4
94 81 4 4
95 81 4 4
95 82 4 4
96 94 4 4
96 95 4 4
97 96 4 4
97 84 4 4
98 90 4 4
98 82 4 4
99 93 4 4
99 86 4 4
80 88 4 4
80 97 4 4
81 96 4 4
81 86 4 4
102 100 5 5
102 101 5 5
103 101 5 5
103 100 5 5
104 101 5 5
104 100 5 5
105 100 5 5
105 102 5 5
106 104 5 5
106 102 5 5
107 106 5 5
107 105 5 5
108 101 5 5
108 105 5 5
109 107 5 5
109 102 5 5
110 102 5 5
110 105 5 5
111 104 5 5
111 107 5 5
112 109 5 5
112 106 5 5
113 112 5 5
113 105 5 5
114 107 5 5
114 106 5 5
115 112 5 5
115 109 5 5
116 107 5 5
116 112 5 5
117 110 5 5
117 107 5 5
118 100 5 5
118 106 5 5
119 100 5 5
119 102 5 5
100 110 5 5
100 115 5 5
101 116 5 5
101 111 5 5
122 120 6 6
122 121 6 6
123 121 6 6
123 120 6 6
124 121 6 6
124 120 6 6
125 120 6 6
125 122 6 6
126 123 6 6
126 125 6 6
127 120 6 6
127 122 6 6
128 127 6 6
128 126 6 6
129 128 6 6
129 120 6 6
130 121 6 6
130 127 6 6
131 122 6 6
131 126 6 6
132 121 6 6
132 126 6 6
133 124 6 6
133 125 6 6
134 123 6 6
134 129 6 6
135 128 6 6
135 131 6 6
136 129 6 6
136 127 6 6
137 121 6 6
137 133 6 6
138 126 6 6
138 120 6 6
139 136 6 6
139 120 6 6
120 136 6 6
120 128 6 6
121 139 6 6
121 127 6 6
142 141 7 7
142 140 7 7
143 141 7 7
143 140 7 7
144 142 7 7
144 140 7 7
145 140 7 7
145 141 7 7
146 143 7 7
146 144 7 7
147 140 7 7
147 144 7 7
148 142 7 7
148 141 7 7
149 148 7 7
149 143 7 7
150 143 7 7
150 145 7 7
151 141 7 7
151 145 7 7
152 145 7 7
152 141 7 7
153 143 7 7
153 144 7 7
154 143 7 7
154 144 7 7
155 141 7 7
155 140 7 7
156 142 7 7
156 146 7 7
157 151 7 7
157 156 7 7
158 143 7 7
158 140 7 7
159 142 7 7
159 157 7 7
140 159 7 7
140 157 7 7
141 149 7 7
141 144 7 7
162 161 8 8
162 160 8 8
163 160 8 8
163 161 8 8
164 162 8 8
164 160 8 8
165 161 8 8
165 164 8 8
166 165 8 8
166 162 8 8
167 161 8 8
167 164 8 8
168 166 8 8
168 165 8 8
169 161 8 8
169 160 8 8
170 168 8 8
170 161 8 8
171 170 8 8
171 161 8 8
172 170 8 8
172 164 8 8
173 169 8 8
173 172 8 8
174 170 8 8
174 163 8 8
175 168 8 8
175 171 8 8
176 167 8 8
176 170 8 8
177 165 8 8
177 171 8 8
178 161 8 8
178 165 8 8
179 171 8 8
179 169 8 8
160 168 8 8
160 172 8 8
161 179 8 8
161 168 8 8
182 180 9 9
182 181 9 9
183 180 9 9
183 182 9 9
184 182 9 9
184 183 9 9
185 183 9 9
185 184 9 9
186 184 9 9
186 182 9 9
187 180 9 9
187 186 9 9
188 186 9 9
188 182 9 9
189 182 9 9
189 187 9 9
190 185 9 9
190 180 9 9
191 185 9 9
191 190 9 9
192 185 9 9
192 191 9 9
193 182 9 9
193 191 9 9
194 188 9 9
194 190 9 9
195 185 9 9
195 180 9 9
196 183 9 9
196 194 9 9
197 182 9 9
197 191 9 9
198 196 9 9
198 195 9 9
199 188 9 9
199 184 9 9
180 189 9 9
180 193 9 9
181 189 9 9
181 192 9 9
202 200 10 10
202 201 10 10
203 202 10 10
203 200 10 10
204 200 10 10
204 201 10 10
205 201 10 10
205 204 10 10
206 200 10 10
206 202 10 10
207 202 10 10
207 206 10 10
208 204 10 10
208 200 10 10
209 204 10 10
209 208 10 10
210 200 10 10
210 205 10 10
211 209 10 10
211 208 10 10
212 209 10 10
212 204 10 10
213 204 10 10
213 205 10 10
214 209 10 10
214 213 10 10
215 210 10 10
215 212 10 10
216 200 10 10
216 202 10 10
217 204 10 10
217 201 10 10
218 213 10 10
218 217 10 10
219 213 10 10
219 202 10 10
200 212 10 10
200 209 10 10
201 213 10 10
201 214 10 10
222 221 11 11
222 220 11 11
223 222 11 11
223 221 11 11
224 221 11 11
224 220 11 11
225 221 11 11
225 224 11 11
226 220 11 11
226 223 11 11
227 220 11 11
227 226 11 11
228 226 11 11
228 221 11 11
229 222 11 11
229 224 11 11
230 229 11 11
230 222 11 11
231 230 11 11
231 226 11 11
232 228 11 11
232 223 11 11
233 230 11 11
233 221 11 11
234 228 11 11
234 231 11 11
235 223 11 11
235 233 11 11
236 230 11 11
236 224 11 11
237 233 11 11
237 234 11 11
238 229 11 11
238 231 11 11
239 229 11 11
239 231 11 11
220 228 11 11
220 239 11 11
221 237 11 11
221 226 11 11
242 240 12 12
242 241 12 12
243 240 12 12
243 241 12 12
244 241 12 12
244 242 12 12
245 241 12 12
245 244 12 12
246 243 12 12
246 240 12 12
247 240 12 12
247 245 12 12
248 241 12 12
248 247 12 12
249 247 12 12
249 242 12 12
250 243 12 12
250 240 12 12
251 249 12 12
251 250 12 12
252 242 12 12
252 245 12 12
253 248 12 12
253 245 12 12
254 248 12 12
254 247 12 12
255 244 12 12
255 248 12 12
256 250 12 12
256 240 12 12
257 247 12 12
257 244 12 12
258 257 12 12
258 249 12 12
259 243 12 12
259 246 12 12
240 251 12 12
240 253 12 12
241 247 12 12
241 254 12 12
262 260 13 13
262 261 13 13
263 262 13 13
263 261 13 13
264 263 13 13
264 261 13 13
265 264 13 13
265 261 13 13
266 261 13 13
266 265 13 13
267 260 13 13
267 264 13 13
268 262 13 13
268 261 13 13
269 260 13 13
269 262 13 13
270 267 13 13
270 269 13 13
271 267 13 13
271 269 13 13
272 270 13 13
272 265 13 13
273 265 13 13
273 272 13 13
274 265 13 13
274 266 13 13
275 265 13 13
275 271 13 13
276 269 13 13
276 271 13 13
277 268 13 13
277 276 13 13
278 270 13 13
278 267 13 13
279 261 13 13
279 267 13 13
260 278 13 13
260 266 13 13
261 270 13 13
261 273 13 13
282 280 14 14
282 281 14 14
283 281 14 14
283 280 14 14
284 282 14 14
284 281 14 14
285 282 14 14
285 284 14 14
286 283 14 14
286 280 14 14
287 283 14 14
287 280 14 14
288 282 14 14
288 280 14 14
289 281 14 14
289 284 14 14
290 289 14 14
290 280 14 14
291 288 14 14
291 290 14 14
292 286 14 14
292 289 14 14
293 291 14 14
293 285 14 14
294 285 14 14
294 293 14 14
295 290 14 14
295 292 14 14
296 292 14 14
296 288 14 14
297 293 14 14
297 283 14 14
298 281 14 14
298 297 14 14
299 291 14 14
299 297 14 14
280 294 14 14
280 285 14 14
281 299 14 14
281 292 14 14
302 301 15 15
302 300 15 15
303 301 15 15
303 302 15 15
304 301 15 15
304 302 15 15
305 300 15 15
305 303 15 15
306 304 15 15
306 302 15 15
307 306 15 15
307 305 15 15
308 306 15 15
308 303 15 15
309 300 15 15
309 302 15 15
310 301 15 15
310 309 15 15
311 300 15 15
311 304 15 15
312 303 15 15
312 309 15 15
313 302 15 15
313 300 15 15
314 306 15 15
314 313 15 15
315 306 15 15
315 314 15 15
316 300 15 15
316 305 15 15
317 308 15 15
317 314 15 15
318 315 15 15
318 303 15 15
319 316 15 15
319 300 15 15
300 314 15 15
300 308 15 15
301 317 15 15
301 305 15 15
53 16 2 0
49 33 2 1
66 29 3 1
77 55 3 2
80 56 4 2
86 7 4 0
106 12 5 0
108 26 5 1
127 111 6 5
128 86 6 4
148 113 7 5
158 15 7 0
169 10 8 0
168 98 8 4
198 19 9 0
180 129 9 6
217 19 10 0
216 194 10 9
239 14 11 0
232 84 11 4
240 204 12 10
245 145 12 7
266 92 13 4
268 176 13 8
299 52 14 2
290 143 14 7
305 186 15 9
309 241 15 12
19 247 0 12
1 282 0 14
36 281 1 14
29 194 1 9
