swNum = 320
edgeNum = 672

0 0
1 0
2 0
3 0
4 0
5 0
6 0
7 0
8 0
9 0
10 0
11 0
12 0
13 0
14 0
15 0
16 0
17 0
18 0
19 0
20 1
21 1
22 1
23 1
24 1
25 1
26 1
27 1
28 1
29 1
30 1
31 1
32 1
33 1
34 1
35 1
36 1
37 1
38 1
39 1
40 2
41 2
42 2
43 2
44 2
45 2
46 2
47 2
48 2
49 2
50 2
51 2
52 2
53 2
54 2
55 2
56 2
57 2
58 2
59 2
60 3
61 3
62 3
63 3
64 3
65 3
66 3
67 3
68 3
69 3
70 3
71 3
72 3
73 3
74 3
75 3
76 3
77 3
78 3
79 3
80 4
81 4
82 4
83 4
84 4
85 4
86 4
87 4
88 4
89 4
90 4
91 4
92 4
93 4
94 4
95 4
96 4
97 4
98 4
99 4
100 5
101 5
102 5
103 5
104 5
105 5
106 5
107 5
108 5
109 5
110 5
111 5
112 5
113 5
114 5
115 5
116 5
117 5
118 5
119 5
120 6
121 6
122 6
123 6
124 6
125 6
126 6
127 6
128 6
129 6
130 6
131 6
132 6
133 6
134 6
135 6
136 6
137 6
138 6
139 6
140 7
141 7
142 7
143 7
144 7
145 7
146 7
147 7
148 7
149 7
150 7
151 7
152 7
153 7
154 7
155 7
156 7
157 7
158 7
159 7
160 8
161 8
162 8
163 8
164 8
165 8
166 8
167 8
168 8
169 8
170 8
171 8
172 8
173 8
174 8
175 8
176 8
177 8
178 8
179 8
180 9
181 9
182 9
183 9
184 9
185 9
186 9
187 9
188 9
189 9
190 9
191 9
192 9
193 9
194 9
195 9
196 9
197 9
198 9
199 9
200 10
201 10
202 10
203 10
204 10
205 10
206 10
207 10
208 10
209 10
210 10
211 10
212 10
213 10
214 10
215 10
216 10
217 10
218 10
219 10
220 11
221 11
222 11
223 11
224 11
225 11
226 11
227 11
228 11
229 11
230 11
231 11
232 11
233 11
234 11
235 11
236 11
237 11
238 11
239 11
240 12
241 12
242 12
243 12
244 12
245 12
246 12
247 12
248 12
249 12
250 12
251 12
252 12
253 12
254 12
255 12
256 12
257 12
258 12
259 12
260 13
261 13
262 13
263 13
264 13
265 13
266 13
267 13
268 13
269 13
270 13
271 13
272 13
273 13
274 13
275 13
276 13
277 13
278 13
279 13
280 14
281 14
282 14
283 14
284 14
285 14
286 14
287 14
288 14
289 14
290 14
291 14
292 14
293 14
294 14
295 14
296 14
297 14
298 14
299 14
300 15
301 15
302 15
303 15
304 15
305 15
306 15
307 15
308 15
309 15
310 15
311 15
312 15
313 15
314 15
315 15
316 15
317 15
318 15
319 15

2 1 0 0
2 0 0 0
3 2 0 0
3 1 0 0
4 3 0 0
4 1 0 0
5 4 0 0
5 0 0 0
6 0 0 0
6 4 0 0
7 4 0 0
7 3 0 0
8 2 0 0
8 6 0 0
9 6 0 0
9 7 0 0
10 5 0 0
10 8 0 0
11 1 0 0
11 6 0 0
12 6 0 0
12 11 0 0
13 4 0 0
13 3 0 0
14 0 0 0
14 10 0 0
15 10 0 0
15 9 0 0
16 5 0 0
16 9 0 0
17 0 0 0
17 12 0 0
18 10 0 0
18 0 0 0
19 11 0 0
19 12 0 0
0 15 0 0
0 19 0 0
1 17 0 0
1 13 0 0
22 20 1 1
22 21 1 1
23 21 1 1
23 20 1 1
24 22 1 1
24 20 1 1
25 22 1 1
25 23 1 1
26 23 1 1
26 25 1 1
27 22 1 1
27 26 1 1
28 21 1 1
28 22 1 1
29 23 1 1
29 28 1 1
30 23 1 1
30 21 1 1
31 26 1 1
31 22 1 1
32 22 1 1
32 20 1 1
33 31 1 1
33 24 1 1
34 22 1 1
34 30 1 1
35 32 1 1
35 26 1 1
36 26 1 1
36 30 1 1
37 22 1 1
37 32 1 1
38 31 1 1
38 24 1 1
39 30 1 1
39 36 1 1
20 39 1 1
20 35 1 1
21 25 1 1
21 36 1 1
42 41 2 2
42 40 2 2
43 40 2 2
43 41 2 2
44 40 2 2
44 42 2 2
45 40 2 2
45 43 2 2
46 43 2 2
46 44 2 2
47 45 2 2
47 41 2 2
48 42 2 2
48 41 2 2
49 48 2 2
49 46 2 2
50 40 2 2
50 46 2 2
51 45 2 2
51 43 2 2
52 50 2 2
52 40 2 2
53 49 2 2
53 46 2 2
54 41 2 2
54 43 2 2
55 46 2 2
55 52 2 2
56 53 2 2
56 44 2 2
57 55 2 2
57 52 2 2
58 50 2 2
58 49 2 2
59 48 2 2
59 50 2 2
40 46 2 2
40 58 2 2
41 56 2 2
41 59 2 2
62 60 3 3
62 61 3 3
63 60 3 3
63 62 3 3
64 62 3 3
64 60 3 3
65 62 3 3
65 61 3 3
66 62 3 3
66 65 3 3
67 61 3 3
67 60 3 3
68 67 3 3
68 63 3 3
69 66 3 3
69 60 3 3
70 69 3 3
70 64 3 3
71 64 3 3
71 68 3 3
72 67 3 3
72 69 3 3
73 61 3 3
73 62 3 3
74 65 3 3
74 60 3 3
75 72 3 3
75 73 3 3
76 60 3 3
76 70 3 3
77 73 3 3
77 74 3 3
78 77 3 3
78 74 3 3
79 69 3 3
79 64 3 3
60 75 3 3
60 79 3 3
61 74 3 3
61 77 3 3
82 80 4 4
82 81 4 4
83 80 4 4
83 82 4 4
84 82 4 4
84 80 4 4
85 80 4 4
85 83 4 4
86 82 4 4
86 83 4 4
87 84 4 4
87 85 4 4
88 81 4 4
88 80 4 4
89 86 4 4
89 83 4 4
90 88 4 4
90 80 4 4
91 85 4 4
91 80 4 4
92 80 4 4
92 85 4 4
93 89 4 4
93 88 4 4
94 83 4 4
94 89 4 4
95 84 4 4
95 86 4 4
96 95 4 4
96 86 4 4
97 95 4 4
97 93 4 4
98 88 4 4
98 90 4 4
99 81 4 4
99 98 4 4
80 89 4 4
80 96 4 4
81 83 4 4
81 84 4 4
102 101 5 5
102 100 5 5
103 100 5 5
103 101 5 5
104 101 5 5
104 100 5 5
105 100 5 5
105 102 5 5
106 105 5 5
106 104 5 5
107 103 5 5
107 102 5 5
108 100 5 5
108 101 5 5
109 101 5 5
109 102 5 5
110 101 5 5
110 107 5 5
111 105 5 5
111 101 5 5
112 109 5 5
112 110 5 5
113 102 5 5
113 103 5 5
114 102 5 5
114 106 5 5
115 112 5 5
115 104 5 5
116 110 5 5
116 114 5 5
117 100 5 5
117 109 5 5
118 103 5 5
118 106 5 5
119 117 5 5
119 113 5 5
100 106 5 5
100 118 5 5
101 112 5 5
101 115 5 5
122 120 6 6
122 121 6 6
123 121 6 6
123 122 6 6
124 123 6 6
124 120 6 6
125 120 6 6
125 121 6 6
126 120 6 6
126 121 6 6
127 126 6 6
127 123 6 6
128 127 6 6
128 124 6 6
129 128 6 6
129 122 6 6
130 126 6 6
130 120 6 6
131 126 6 6
131 120 6 6
132 130 6 6
132 124 6 6
133 126 6 6
133 128 6 6
134 131 6 6
134 123 6 6
135 130 6 6
135 128 6 6
136 123 6 6
136 125 6 6
137 134 6 6
137 123 6 6
138 122 6 6
138 135 6 6
139 130 6 6
139 128 6 6
120 127 6 6
120 128 6 6
121 129 6 6
121 137 6 6
142 140 7 7
142 141 7 7
143 140 7 7
143 141 7 7
144 142 7 7
144 140 7 7
145 142 7 7
145 143 7 7
146 144 7 7
146 141 7 7
147 141 7 7
147 145 7 7
148 140 7 7
148 143 7 7
149 143 7 7
149 140 7 7
150 145 7 7
150 141 7 7
151 141 7 7
151 143 7 7
152 145 7 7
152 146 7 7
153 143 7 7
153 146 7 7
154 150 7 7
154 152 7 7
155 148 7 7
155 150 7 7
156 148 7 7
156 150 7 7
157 154 7 7
157 146 7 7
158 142 7 7
158 140 7 7
159 151 7 7
159 142 7 7
140 154 7 7
140 159 7 7
141 149 7 7
141 153 7 7
162 160 8 8
162 161 8 8
163 162 8 8
163 160 8 8
164 161 8 8
164 160 8 8
165 160 8 8
165 163 8 8
166 160 8 8
166 165 8 8
167 164 8 8
167 163 8 8
168 167 8 8
168 163 8 8
169 168 8 8
169 162 8 8
170 161 8 8
170 168 8 8
171 168 8 8
171 160 8 8
172 171 8 8
172 169 8 8
173 164 8 8
173 165 8 8
174 173 8 8
174 163 8 8
175 164 8 8
175 166 8 8
176 162 8 8
176 173 8 8
177 176 8 8
177 174 8 8
178 176 8 8
178 164 8 8
179 161 8 8
179 174 8 8
160 176 8 8
160 179 8 8
161 173 8 8
161 169 8 8
182 180 9 9
182 181 9 9
183 181 9 9
183 182 9 9
184 183 9 9
184 180 9 9
185 180 9 9
185 182 9 9
186 183 9 9
186 181 9 9
187 180 9 9
187 184 9 9
188 184 9 9
188 187 9 9
189 184 9 9
189 182 9 9
190 186 9 9
190 183 9 9
191 190 9 9
191 184 9 9
192 186 9 9
192 184 9 9
193 183 9 9
193 182 9 9
194 185 9 9
194 192 9 9
195 182 9 9
195 187 9 9
196 180 9 9
196 182 9 9
197 195 9 9
197 182 9 9
198 190 9 9
198 191 9 9
199 192 9 9
199 194 9 9
180 183 9 9
180 195 9 9
181 184 9 9
181 195 9 9
202 200 10 10
202 201 10 10
203 202 10 10
203 200 10 10
204 201 10 10
204 202 10 10
205 204 10 10
205 202 10 10
206 201 10 10
206 202 10 10
207 205 10 10
207 200 10 10
208 207 10 10
208 204 10 10
209 207 10 10
209 204 10 10
210 205 10 10
210 206 10 10
211 206 10 10
211 208 10 10
212 206 10 10
212 209 10 10
213 203 10 10
213 212 10 10
214 210 10 10
214 209 10 10
215 212 10 10
215 200 10 10
216 214 10 10
216 200 10 10
217 202 10 10
217 204 10 10
218 200 10 10
218 203 10 10
219 203 10 10
219 202 10 10
200 213 10 10
200 217 10 10
201 205 10 10
201 219 10 10
222 221 11 11
222 220 11 11
223 220 11 11
223 221 11 11
224 222 11 11
224 220 11 11
225 221 11 11
225 223 11 11
226 223 11 11
226 221 11 11
227 225 11 11
227 220 11 11
228 225 11 11
228 223 11 11
229 220 11 11
229 226 11 11
230 221 11 11
230 223 11 11
231 229 11 11
231 230 11 11
232 229 11 11
232 220 11 11
233 224 11 11
233 230 11 11
234 228 11 11
234 233 11 11
235 231 11 11
235 224 11 11
236 223 11 11
236 231 11 11
237 224 11 11
237 228 11 11
238 223 11 11
238 228 11 11
239 223 11 11
239 229 11 11
220 234 11 11
220 238 11 11
221 236 11 11
221 238 11 11
242 240 12 12
242 241 12 12
243 241 12 12
243 242 12 12
244 243 12 12
244 241 12 12
245 243 12 12
245 244 12 12
246 243 12 12
246 241 12 12
247 241 12 12
247 244 12 12
248 243 12 12
248 241 12 12
249 244 12 12
249 247 12 12
250 242 12 12
250 246 12 12
251 250 12 12
251 248 12 12
252 240 12 12
252 245 12 12
253 242 12 12
253 243 12 12
254 249 12 12
254 244 12 12
255 248 12 12
255 253 12 12
256 242 12 12
256 250 12 12
257 247 12 12
257 249 12 12
258 257 12 12
258 245 12 12
259 245 12 12
259 240 12 12
240 256 12 12
240 255 12 12
241 258 12 12
241 245 12 12
262 261 13 13
262 260 13 13
263 261 13 13
263 262 13 13
264 260 13 13
264 262 13 13
265 263 13 13
265 264 13 13
266 263 13 13
266 260 13 13
267 260 13 13
267 265 13 13
268 263 13 13
268 264 13 13
269 262 13 13
269 263 13 13
270 262 13 13
270 264 13 13
271 265 13 13
271 267 13 13
272 270 13 13
272 264 13 13
273 272 13 13
273 264 13 13
274 264 13 13
274 269 13 13
275 274 13 13
275 263 13 13
276 273 13 13
276 274 13 13
277 276 13 13
277 274 13 13
278 267 13 13
278 275 13 13
279 275 13 13
279 261 13 13
260 268 13 13
260 265 13 13
261 267 13 13
261 270 13 13
282 280 14 14
282 281 14 14
283 282 14 14
283 281 14 14
284 282 14 14
284 280 14 14
285 282 14 14
285 284 14 14
286 281 14 14
286 285 14 14
287 281 14 14
287 284 14 14
288 283 14 14
288 287 14 14
289 282 14 14
289 283 14 14
290 284 14 14
290 289 14 14
291 286 14 14
291 290 14 14
292 284 14 14
292 280 14 14
293 282 14 14
293 284 14 14
294 293 14 14
294 283 14 14
295 292 14 14
295 281 14 14
296 287 14 14
296 291 14 14
297 280 14 14
297 295 14 14
298 290 14 14
298 297 14 14
299 294 14 14
299 296 14 14
280 293 14 14
280 298 14 14
281 296 14 14
281 285 14 14
302 300 15 15
302 301 15 15
303 301 15 15
303 300 15 15
304 301 15 15
304 300 15 15
305 300 15 15
305 304 15 15
306 302 15 15
306 304 15 15
307 305 15 15
307 303 15 15
308 307 15 15
308 304 15 15
309 306 15 15
309 305 15 15
310 308 15 15
310 302 15 15
311 305 15 15
311 309 15 15
312 304 15 15
312 306 15 15
313 306 15 15
313 307 15 15
314 300 15 15
314 306 15 15
315 310 15 15
315 313 15 15
316 305 15 15
316 312 15 15
317 316 15 15
317 307 15 15
318 308 15 15
318 316 15 15
319 307 15 15
319 318 15 15
300 310 15 15
300 316 15 15
301 314 15 15
301 315 15 15
46 37 2 1
57 0 2 0
70 12 3 0
75 48 3 2
82 69 4 3
97 30 4 1
112 63 5 3
113 35 5 1
121 61 6 3
127 41 6 2
144 104 7 5
146 137 7 6
174 2 8 0
165 22 8 1
192 109 9 5
180 130 9 6
202 13 10 0
200 171 10 8
238 132 11 6
220 22 11 1
249 198 12 9
248 35 12 1
277 116 13 5
279 206 13 10
284 5 14 0
286 125 14 6
315 240 15 12
315 193 15 9
9 109 0 5
11 122 0 6
23 302 1 15
38 285 1 14
