swNum = 320
edgeNum = 672

0 0
1 0
2 0
3 0
4 0
5 0
6 0
7 0
8 0
9 0
10 0
11 0
12 0
13 0
14 0
15 0
16 0
17 0
18 0
19 0
20 1
21 1
22 1
23 1
24 1
25 1
26 1
27 1
28 1
29 1
30 1
31 1
32 1
33 1
34 1
35 1
36 1
37 1
38 1
39 1
40 2
41 2
42 2
43 2
44 2
45 2
46 2
47 2
48 2
49 2
50 2
51 2
52 2
53 2
54 2
55 2
56 2
57 2
58 2
59 2
60 3
61 3
62 3
63 3
64 3
65 3
66 3
67 3
68 3
69 3
70 3
71 3
72 3
73 3
74 3
75 3
76 3
77 3
78 3
79 3
80 4
81 4
82 4
83 4
84 4
85 4
86 4
87 4
88 4
89 4
90 4
91 4
92 4
93 4
94 4
95 4
96 4
97 4
98 4
99 4
100 5
101 5
102 5
103 5
104 5
105 5
106 5
107 5
108 5
109 5
110 5
111 5
112 5
113 5
114 5
115 5
116 5
117 5
118 5
119 5
120 6
121 6
122 6
123 6
124 6
125 6
126 6
127 6
128 6
129 6
130 6
131 6
132 6
133 6
134 6
135 6
136 6
137 6
138 6
139 6
140 7
141 7
142 7
143 7
144 7
145 7
146 7
147 7
148 7
149 7
150 7
151 7
152 7
153 7
154 7
155 7
156 7
157 7
158 7
159 7
160 8
161 8
162 8
163 8
164 8
165 8
166 8
167 8
168 8
169 8
170 8
171 8
172 8
173 8
174 8
175 8
176 8
177 8
178 8
179 8
180 9
181 9
182 9
183 9
184 9
185 9
186 9
187 9
188 9
189 9
190 9
191 9
192 9
193 9
194 9
195 9
196 9
197 9
198 9
199 9
200 10
201 10
202 10
203 10
204 10
205 10
206 10
207 10
208 10
209 10
210 10
211 10
212 10
213 10
214 10
215 10
216 10
217 10
218 10
219 10
220 11
221 11
222 11
223 11
224 11
225 11
226 11
227 11
228 11
229 11
230 11
231 11
232 11
233 11
234 11
235 11
236 11
237 11
238 11
239 11
240 12
241 12
242 12
243 12
244 12
245 12
246 12
247 12
248 12
249 12
250 12
251 12
252 12
253 12
254 12
255 12
256 12
257 12
258 12
259 12
260 13
261 13
262 13
263 13
264 13
265 13
266 13
267 13
268 13
269 13
270 13
271 13
272 13
273 13
274 13
275 13
276 13
277 13
278 13
279 13
280 14
281 14
282 14
283 14
284 14
285 14
286 14
287 14
288 14
289 14
290 14
291 14
292 14
293 14
294 14
295 14
296 14
297 14
298 14
299 14
300 15
301 15
302 15
303 15
304 15
305 15
306 15
307 15
308 15
309 15
310 15
311 15
312 15
313 15
314 15
315 15
316 15
317 15
318 15
319 15

2 1 0 0
2 0 0 0
3 1 0 0
3 2 0 0
4 2 0 0
4 3 0 0
5 2 0 0
5 0 0 0
6 2 0 0
6 3 0 0
7 4 0 0
7 5 0 0
8 1 0 0
8 5 0 0
9 2 0 0
9 0 0 0
10 6 0 0
10 7 0 0
11 7 0 0
11 4 0 0
12 2 0 0
12 3 0 0
13 8 0 0
13 5 0 0
14 12 0 0
14 2 0 0
15 5 0 0
15 6 0 0
16 12 0 0
16 4 0 0
17 16 0 0
17 7 0 0
18 16 0 0
18 15 0 0
19 10 0 0
19 4 0 0
0 7 0 0
0 17 0 0
1 10 0 0
1 15 0 0
22 21 1 1
22 20 1 1
23 21 1 1
23 22 1 1
24 20 1 1
24 23 1 1
25 23 1 1
25 21 1 1
26 23 1 1
26 22 1 1
27 23 1 1
27 21 1 1
28 20 1 1
28 26 1 1
29 24 1 1
29 28 1 1
30 27 1 1
30 24 1 1
31 26 1 1
31 20 1 1
32 28 1 1
32 27 1 1
33 28 1 1
33 24 1 1
34 27 1 1
34 28 1 1
35 20 1 1
35 28 1 1
36 20 1 1
36 35 1 1
37 27 1 1
37 31 1 1
38 27 1 1
38 21 1 1
39 28 1 1
39 36 1 1
20 39 1 1
20 27 1 1
21 39 1 1
21 29 1 1
42 41 2 2
42 40 2 2
43 41 2 2
43 40 2 2
44 40 2 2
44 41 2 2
45 43 2 2
45 41 2 2
46 42 2 2
46 43 2 2
47 44 2 2
47 45 2 2
48 46 2 2
48 41 2 2
49 41 2 2
49 45 2 2
50 43 2 2
50 45 2 2
51 47 2 2
51 43 2 2
52 46 2 2
52 51 2 2
53 50 2 2
53 52 2 2
54 43 2 2
54 48 2 2
55 50 2 2
55 44 2 2
56 45 2 2
56 48 2 2
57 49 2 2
57 51 2 2
58 52 2 2
58 49 2 2
59 58 2 2
59 53 2 2
40 53 2 2
40 49 2 2
41 46 2 2
41 47 2 2
62 60 3 3
62 61 3 3
63 60 3 3
63 61 3 3
64 62 3 3
64 61 3 3
65 64 3 3
65 62 3 3
66 65 3 3
66 61 3 3
67 63 3 3
67 65 3 3
68 64 3 3
68 60 3 3
69 62 3 3
69 65 3 3
70 66 3 3
70 60 3 3
71 70 3 3
71 60 3 3
72 63 3 3
72 66 3 3
73 66 3 3
73 69 3 3
74 68 3 3
74 62 3 3
75 62 3 3
75 65 3 3
76 66 3 3
76 60 3 3
77 69 3 3
77 66 3 3
78 71 3 3
78 65 3 3
79 65 3 3
79 72 3 3
60 72 3 3
60 73 3 3
61 72 3 3
61 73 3 3
82 80 4 4
82 81 4 4
83 81 4 4
83 82 4 4
84 83 4 4
84 81 4 4
85 80 4 4
85 81 4 4
86 83 4 4
86 84 4 4
87 83 4 4
87 85 4 4
88 82 4 4
88 80 4 4
89 88 4 4
89 80 4 4
90 84 4 4
90 88 4 4
91 82 4 4
91 81 4 4
92 89 4 4
92 80 4 4
93 81 4 4
93 86 4 4
94 87 4 4
94 81 4 4
95 86 4 4
95 92 4 4
96 95 4 4
96 92 4 4
97 93 4 4
97 81 4 4
98 92 4 4
98 87 4 4
99 84 4 4
99 93 4 4
80 94 4 4
80 99 4 4
81 95 4 4
81 96 4 4
102 100 5 5
102 101 5 5
103 101 5 5
103 102 5 5
104 103 5 5
104 102 5 5
105 102 5 5
105 104 5 5
106 101 5 5
106 105 5 5
107 100 5 5
107 105 5 5
108 100 5 5
108 103 5 5
109 108 5 5
109 106 5 5
110 101 5 5
110 102 5 5
111 100 5 5
111 101 5 5
112 101 5 5
112 111 5 5
113 103 5 5
113 105 5 5
114 107 5 5
114 103 5 5
115 105 5 5
115 106 5 5
116 110 5 5
116 100 5 5
117 110 5 5
117 106 5 5
118 113 5 5
118 103 5 5
119 111 5 5
119 102 5 5
100 109 5 5
100 118 5 5
101 116 5 5
101 107 5 5
122 121 6 6
122 120 6 6
123 120 6 6
123 122 6 6
124 121 6 6
124 120 6 6
125 123 6 6
125 122 6 6
126 125 6 6
126 120 6 6
127 121 6 6
127 123 6 6
128 126 6 6
128 121 6 6
129 126 6 6
129 128 6 6
130 121 6 6
130 124 6 6
131 129 6 6
131 121 6 6
132 130 6 6
132 128 6 6
133 124 6 6
133 127 6 6
134 131 6 6
134 133 6 6
135 133 6 6
135 128 6 6
136 123 6 6
136 129 6 6
137 135 6 6
137 125 6 6
138 132 6 6
138 136 6 6
139 121 6 6
139 130 6 6
120 129 6 6
120 134 6 6
121 133 6 6
121 134 6 6
142 140 7 7
142 141 7 7
143 140 7 7
143 142 7 7
144 140 7 7
144 141 7 7
145 140 7 7
145 144 7 7
146 141 7 7
146 143 7 7
147 145 7 7
147 143 7 7
148 141 7 7
148 146 7 7
149 143 7 7
149 141 7 7
150 141 7 7
150 143 7 7
151 148 7 7
151 147 7 7
152 151 7 7
152 145 7 7
153 142 7 7
153 141 7 7
154 146 7 7
154 143 7 7
155 143 7 7
155 153 7 7
156 143 7 7
156 147 7 7
157 153 7 7
157 156 7 7
158 146 7 7
158 154 7 7
159 157 7 7
159 151 7 7
140 146 7 7
140 154 7 7
141 152 7 7
141 147 7 7
162 161 8 8
162 160 8 8
163 160 8 8
163 161 8 8
164 161 8 8
164 162 8 8
165 162 8 8
165 161 8 8
166 160 8 8
166 161 8 8
167 161 8 8
167 166 8 8
168 162 8 8
168 165 8 8
169 161 8 8
169 160 8 8
170 160 8 8
170 169 8 8
171 166 8 8
171 165 8 8
172 162 8 8
172 166 8 8
173 164 8 8
173 165 8 8
174 161 8 8
174 169 8 8
175 172 8 8
175 168 8 8
176 163 8 8
176 170 8 8
177 168 8 8
177 176 8 8
178 160 8 8
178 174 8 8
179 170 8 8
179 174 8 8
160 176 8 8
160 174 8 8
161 171 8 8
161 168 8 8
182 181 9 9
182 180 9 9
183 180 9 9
183 181 9 9
184 183 9 9
184 182 9 9
185 182 9 9
185 183 9 9
186 180 9 9
186 182 9 9
187 185 9 9
187 182 9 9
188 187 9 9
188 186 9 9
189 188 9 9
189 181 9 9
190 184 9 9
190 183 9 9
191 182 9 9
191 180 9 9
192 184 9 9
192 186 9 9
193 188 9 9
193 181 9 9
194 192 9 9
194 185 9 9
195 189 9 9
195 187 9 9
196 187 9 9
196 182 9 9
197 180 9 9
197 184 9 9
198 197 9 9
198 184 9 9
199 191 9 9
199 184 9 9
180 184 9 9
180 185 9 9
181 192 9 9
181 195 9 9
202 200 10 10
202 201 10 10
203 201 10 10
203 200 10 10
204 200 10 10
204 202 10 10
205 200 10 10
205 203 10 10
206 204 10 10
206 200 10 10
207 203 10 10
207 205 10 10
208 201 10 10
208 207 10 10
209 201 10 10
209 202 10 10
210 200 10 10
210 206 10 10
211 208 10 10
211 202 10 10
212 200 10 10
212 206 10 10
213 208 10 10
213 203 10 10
214 206 10 10
214 204 10 10
215 203 10 10
215 202 10 10
216 202 10 10
216 203 10 10
217 215 10 10
217 202 10 10
218 212 10 10
218 201 10 10
219 213 10 10
219 217 10 10
200 218 10 10
200 216 10 10
201 216 10 10
201 205 10 10
222 221 11 11
222 220 11 11
223 221 11 11
223 222 11 11
224 223 11 11
224 222 11 11
225 224 11 11
225 221 11 11
226 223 11 11
226 221 11 11
227 220 11 11
227 221 11 11
228 227 11 11
228 226 11 11
229 224 11 11
229 222 11 11
230 224 11 11
230 225 11 11
231 220 11 11
231 225 11 11
232 225 11 11
232 228 11 11
233 221 11 11
233 228 11 11
234 233 11 11
234 231 11 11
235 226 11 11
235 225 11 11
236 226 11 11
236 230 11 11
237 223 11 11
237 232 11 11
238 236 11 11
238 229 11 11
239 235 11 11
239 227 11 11
220 236 11 11
220 239 11 11
221 230 11 11
221 235 11 11
242 241 12 12
242 240 12 12
243 241 12 12
243 242 12 12
244 242 12 12
244 240 12 12
245 243 12 12
245 241 12 12
246 245 12 12
246 242 12 12
247 242 12 12
247 243 12 12
248 242 12 12
248 240 12 12
249 241 12 12
249 242 12 12
250 241 12 12
250 244 12 12
251 250 12 12
251 246 12 12
252 243 12 12
252 251 12 12
253 249 12 12
253 251 12 12
254 240 12 12
254 253 12 12
255 250 12 12
255 254 12 12
256 253 12 12
256 241 12 12
257 253 12 12
257 248 12 12
258 241 12 12
258 255 12 12
259 252 12 12
259 255 12 12
240 251 12 12
240 255 12 12
241 244 12 12
241 248 12 12
262 260 13 13
262 261 13 13
263 260 13 13
263 261 13 13
264 260 13 13
264 263 13 13
265 263 13 13
265 264 13 13
266 265 13 13
266 264 13 13
267 265 13 13
267 264 13 13
268 267 13 13
268 266 13 13
269 268 13 13
269 267 13 13
270 265 13 13
270 261 13 13
271 260 13 13
271 269 13 13
272 270 13 13
272 269 13 13
273 268 13 13
273 264 13 13
274 263 13 13
274 267 13 13
275 273 13 13
275 270 13 13
276 275 13 13
276 270 13 13
277 275 13 13
277 262 13 13
278 273 13 13
278 269 13 13
279 276 13 13
279 261 13 13
260 266 13 13
260 269 13 13
261 271 13 13
261 278 13 13
282 281 14 14
282 280 14 14
283 282 14 14
283 281 14 14
284 282 14 14
284 281 14 14
285 281 14 14
285 280 14 14
286 285 14 14
286 282 14 14
287 280 14 14
287 286 14 14
288 283 14 14
288 281 14 14
289 285 14 14
289 288 14 14
290 286 14 14
290 280 14 14
291 289 14 14
291 281 14 14
292 285 14 14
292 291 14 14
293 285 14 14
293 283 14 14
294 289 14 14
294 291 14 14
295 289 14 14
295 290 14 14
296 290 14 14
296 294 14 14
297 286 14 14
297 282 14 14
298 285 14 14
298 282 14 14
299 282 14 14
299 290 14 14
280 288 14 14
280 292 14 14
281 299 14 14
281 287 14 14
302 301 15 15
302 300 15 15
303 300 15 15
303 302 15 15
304 302 15 15
304 303 15 15
305 304 15 15
305 303 15 15
306 301 15 15
306 302 15 15
307 306 15 15
307 305 15 15
308 306 15 15
308 305 15 15
309 308 15 15
309 302 15 15
310 303 15 15
310 302 15 15
311 300 15 15
311 301 15 15
312 310 15 15
312 302 15 15
313 306 15 15
313 309 15 15
314 302 15 15
314 306 15 15
315 308 15 15
315 306 15 15
316 312 15 15
316 315 15 15
317 311 15 15
317 313 15 15
318 311 15 15
318 305 15 15
319 309 15 15
319 308 15 15
300 315 15 15
300 309 15 15
301 315 15 15
301 318 15 15
47 35 2 1
55 7 2 0
78 47 3 2
79 23 3 1
99 64 4 3
83 24 4 1
102 61 5 3
119 81 5 4
130 48 6 2
136 107 6 5
155 57 7 2
140 67 7 3
161 134 8 6
162 113 8 5
182 167 9 8
181 22 9 1
215 84 10 4
209 16 10 0
231 52 11 2
226 68 11 3
245 96 12 4
256 226 12 11
264 241 13 12
271 70 13 3
283 151 14 7
281 79 14 3
304 6 15 0
303 207 15 10
10 63 0 3
4 253 0 12
31 138 1 6
33 238 1 11
