swNum = 320
edgeNum = 672

0 0
1 0
2 0
3 0
4 0
5 0
6 0
7 0
8 0
9 0
10 0
11 0
12 0
13 0
14 0
15 0
16 0
17 0
18 0
19 0
20 1
21 1
22 1
23 1
24 1
25 1
26 1
27 1
28 1
29 1
30 1
31 1
32 1
33 1
34 1
35 1
36 1
37 1
38 1
39 1
40 2
41 2
42 2
43 2
44 2
45 2
46 2
47 2
48 2
49 2
50 2
51 2
52 2
53 2
54 2
55 2
56 2
57 2
58 2
59 2
60 3
61 3
62 3
63 3
64 3
65 3
66 3
67 3
68 3
69 3
70 3
71 3
72 3
73 3
74 3
75 3
76 3
77 3
78 3
79 3
80 4
81 4
82 4
83 4
84 4
85 4
86 4
87 4
88 4
89 4
90 4
91 4
92 4
93 4
94 4
95 4
96 4
97 4
98 4
99 4
100 5
101 5
102 5
103 5
104 5
105 5
106 5
107 5
108 5
109 5
110 5
111 5
112 5
113 5
114 5
115 5
116 5
117 5
118 5
119 5
120 6
121 6
122 6
123 6
124 6
125 6
126 6
127 6
128 6
129 6
130 6
131 6
132 6
133 6
134 6
135 6
136 6
137 6
138 6
139 6
140 7
141 7
142 7
143 7
144 7
145 7
146 7
147 7
148 7
149 7
150 7
151 7
152 7
153 7
154 7
155 7
156 7
157 7
158 7
159 7
160 8
161 8
162 8
163 8
164 8
165 8
166 8
167 8
168 8
169 8
170 8
171 8
172 8
173 8
174 8
175 8
176 8
177 8
178 8
179 8
180 9
181 9
182 9
183 9
184 9
185 9
186 9
187 9
188 9
189 9
190 9
191 9
192 9
193 9
194 9
195 9
196 9
197 9
198 9
199 9
200 10
201 10
202 10
203 10
204 10
205 10
206 10
207 10
208 10
209 10
210 10
211 10
212 10
213 10
214 10
215 10
216 10
217 10
218 10
219 10
220 11
221 11
222 11
223 11
224 11
225 11
226 11
227 11
228 11
229 11
230 11
231 11
232 11
233 11
234 11
235 11
236 11
237 11
238 11
239 11
240 12
241 12
242 12
243 12
244 12
245 12
246 12
247 12
248 12
249 12
250 12
251 12
252 12
253 12
254 12
255 12
256 12
257 12
258 12
259 12
260 13
261 13
262 13
263 13
264 13
265 13
266 13
267 13
268 13
269 13
270 13
271 13
272 13
273 13
274 13
275 13
276 13
277 13
278 13
279 13
280 14
281 14
282 14
283 14
284 14
285 14
286 14
287 14
288 14
289 14
290 14
291 14
292 14
293 14
294 14
295 14
296 14
297 14
298 14
299 14
300 15
301 15
302 15
303 15
304 15
305 15
306 15
307 15
308 15
309 15
310 15
311 15
312 15
313 15
314 15
315 15
316 15
317 15
318 15
319 15

2 0 0 0
2 1 0 0
3 2 0 0
3 0 0 0
4 1 0 0
4 0 0 0
5 0 0 0
5 4 0 0
6 0 0 0
6 5 0 0
7 2 0 0
7 3 0 0
8 1 0 0
8 7 0 0
9 4 0 0
9 6 0 0
10 7 0 0
10 2 0 0
11 0 0 0
11 8 0 0
12 6 0 0
12 5 0 0
13 5 0 0
13 11 0 0
14 6 0 0
14 9 0 0
15 3 0 0
15 2 0 0
16 6 0 0
16 13 0 0
17 12 0 0
17 13 0 0
18 6 0 0
18 8 0 0
19 15 0 0
19 8 0 0
0 8 0 0
0 14 0 0
1 19 0 0
1 11 0 0
22 21 1 1
22 20 1 1
23 21 1 1
23 22 1 1
24 21 1 1
24 22 1 1
25 20 1 1
25 22 1 1
26 24 1 1
26 21 1 1
27 26 1 1
27 22 1 1
28 24 1 1
28 23 1 1
29 28 1 1
29 25 1 1
30 20 1 1
30 25 1 1
31 29 1 1
31 27 1 1
32 22 1 1
32 21 1 1
33 20 1 1
33 22 1 1
34 30 1 1
34 32 1 1
35 33 1 1
35 21 1 1
36 21 1 1
36 34 1 1
37 30 1 1
37 29 1 1
38 35 1 1
38 27 1 1
39 25 1 1
39 35 1 1
20 27 1 1
20 28 1 1
21 25 1 1
21 37 1 1
42 41 2 2
42 40 2 2
43 41 2 2
43 42 2 2
44 41 2 2
44 43 2 2
45 43 2 2
45 41 2 2
46 43 2 2
46 41 2 2
47 45 2 2
47 42 2 2
48 43 2 2
48 44 2 2
49 44 2 2
49 45 2 2
50 45 2 2
50 43 2 2
51 46 2 2
51 48 2 2
52 47 2 2
52 49 2 2
53 51 2 2
53 41 2 2
54 44 2 2
54 51 2 2
55 43 2 2
55 46 2 2
56 43 2 2
56 51 2 2
57 46 2 2
57 52 2 2
58 46 2 2
58 42 2 2
59 45 2 2
59 41 2 2
40 54 2 2
40 57 2 2
41 51 2 2
41 49 2 2
62 60 3 3
62 61 3 3
63 61 3 3
63 62 3 3
64 61 3 3
64 63 3 3
65 63 3 3
65 64 3 3
66 63 3 3
66 64 3 3
67 66 3 3
67 65 3 3
68 64 3 3
68 63 3 3
69 66 3 3
69 68 3 3
70 66 3 3
70 69 3 3
71 70 3 3
71 69 3 3
72 67 3 3
72 60 3 3
73 64 3 3
73 66 3 3
74 71 3 3
74 62 3 3
75 69 3 3
75 60 3 3
76 74 3 3
76 72 3 3
77 71 3 3
77 70 3 3
78 65 3 3
78 62 3 3
79 76 3 3
79 65 3 3
60 79 3 3
60 76 3 3
61 75 3 3
61 68 3 3
82 80 4 4
82 81 4 4
83 82 4 4
83 81 4 4
84 80 4 4
84 81 4 4
85 80 4 4
85 84 4 4
86 83 4 4
86 80 4 4
87 86 4 4
87 85 4 4
88 83 4 4
88 84 4 4
89 86 4 4
89 81 4 4
90 87 4 4
90 82 4 4
91 80 4 4
91 88 4 4
92 83 4 4
92 84 4 4
93 92 4 4
93 81 4 4
94 82 4 4
94 92 4 4
95 90 4 4
95 83 4 4
96 92 4 4
96 83 4 4
97 84 4 4
97 89 4 4
98 94 4 4
98 93 4 4
99 98 4 4
99 95 4 4
80 96 4 4
80 87 4 4
81 99 4 4
81 87 4 4
102 101 5 5
102 100 5 5
103 102 5 5
103 100 5 5
104 100 5 5
104 102 5 5
105 101 5 5
105 103 5 5
106 105 5 5
106 104 5 5
107 105 5 5
107 102 5 5
108 101 5 5
108 105 5 5
109 104 5 5
109 101 5 5
110 105 5 5
110 106 5 5
111 100 5 5
111 110 5 5
112 105 5 5
112 109 5 5
113 105 5 5
113 101 5 5
114 103 5 5
114 106 5 5
115 105 5 5
115 104 5 5
116 102 5 5
116 103 5 5
117 110 5 5
117 108 5 5
118 105 5 5
118 117 5 5
119 105 5 5
119 116 5 5
100 119 5 5
100 117 5 5
101 115 5 5
101 107 5 5
122 120 6 6
122 121 6 6
123 121 6 6
123 122 6 6
124 123 6 6
124 122 6 6
125 123 6 6
125 120 6 6
126 123 6 6
126 122 6 6
127 126 6 6
127 121 6 6
128 124 6 6
128 126 6 6
129 120 6 6
129 124 6 6
130 121 6 6
130 127 6 6
131 122 6 6
131 121 6 6
132 120 6 6
132 130 6 6
133 121 6 6
133 127 6 6
134 121 6 6
134 124 6 6
135 124 6 6
135 120 6 6
136 124 6 6
136 123 6 6
137 126 6 6
137 134 6 6
138 135 6 6
138 134 6 6
139 134 6 6
139 127 6 6
120 137 6 6
120 123 6 6
121 139 6 6
121 137 6 6
142 140 7 7
142 141 7 7
143 142 7 7
143 140 7 7
144 141 7 7
144 140 7 7
145 141 7 7
145 142 7 7
146 144 7 7
146 140 7 7
147 140 7 7
147 145 7 7
148 140 7 7
148 142 7 7
149 147 7 7
149 142 7 7
150 142 7 7
150 143 7 7
151 143 7 7
151 148 7 7
152 149 7 7
152 144 7 7
153 148 7 7
153 147 7 7
154 145 7 7
154 146 7 7
155 153 7 7
155 140 7 7
156 147 7 7
156 153 7 7
157 150 7 7
157 154 7 7
158 140 7 7
158 157 7 7
159 148 7 7
159 141 7 7
140 159 7 7
140 149 7 7
141 147 7 7
141 155 7 7
162 160 8 8
162 161 8 8
163 160 8 8
163 162 8 8
164 160 8 8
164 161 8 8
165 160 8 8
165 164 8 8
166 164 8 8
166 163 8 8
167 160 8 8
167 163 8 8
168 160 8 8
168 165 8 8
169 160 8 8
169 167 8 8
170 163 8 8
170 162 8 8
171 169 8 8
171 165 8 8
172 168 8 8
172 171 8 8
173 167 8 8
173 171 8 8
174 161 8 8
174 165 8 8
175 160 8 8
175 169 8 8
176 165 8 8
176 174 8 8
177 172 8 8
177 175 8 8
178 174 8 8
178 162 8 8
179 160 8 8
179 174 8 8
160 174 8 8
160 172 8 8
161 170 8 8
161 166 8 8
182 181 9 9
182 180 9 9
183 182 9 9
183 180 9 9
184 181 9 9
184 180 9 9
185 184 9 9
185 181 9 9
186 181 9 9
186 183 9 9
187 185 9 9
187 184 9 9
188 185 9 9
188 186 9 9
189 183 9 9
189 182 9 9
190 181 9 9
190 180 9 9
191 180 9 9
191 183 9 9
192 182 9 9
192 188 9 9
193 187 9 9
193 183 9 9
194 186 9 9
194 182 9 9
195 193 9 9
195 181 9 9
196 183 9 9
196 192 9 9
197 180 9 9
197 185 9 9
198 182 9 9
198 186 9 9
199 185 9 9
199 197 9 9
180 193 9 9
180 199 9 9
181 192 9 9
181 197 9 9
202 201 10 10
202 200 10 10
203 200 10 10
203 201 10 10
204 200 10 10
204 201 10 10
205 202 10 10
205 200 10 10
206 203 10 10
206 204 10 10
207 206 10 10
207 203 10 10
208 203 10 10
208 201 10 10
209 206 10 10
209 207 10 10
210 205 10 10
210 208 10 10
211 204 10 10
211 208 10 10
212 206 10 10
212 210 10 10
213 201 10 10
213 208 10 10
214 200 10 10
214 204 10 10
215 213 10 10
215 210 10 10
216 215 10 10
216 203 10 10
217 213 10 10
217 216 10 10
218 201 10 10
218 216 10 10
219 216 10 10
219 212 10 10
200 217 10 10
200 219 10 10
201 205 10 10
201 217 10 10
222 221 11 11
222 220 11 11
223 221 11 11
223 222 11 11
224 220 11 11
224 221 11 11
225 223 11 11
225 222 11 11
226 225 11 11
226 220 11 11
227 226 11 11
227 225 11 11
228 227 11 11
228 225 11 11
229 220 11 11
229 221 11 11
230 225 11 11
230 221 11 11
231 226 11 11
231 227 11 11
232 222 11 11
232 223 11 11
233 222 11 11
233 225 11 11
234 220 11 11
234 224 11 11
235 225 11 11
235 220 11 11
236 221 11 11
236 230 11 11
237 226 11 11
237 235 11 11
238 231 11 11
238 236 11 11
239 224 11 11
239 223 11 11
220 238 11 11
220 228 11 11
221 239 11 11
221 233 11 11
242 241 12 12
242 240 12 12
243 241 12 12
243 242 12 12
244 243 12 12
244 242 12 12
245 240 12 12
245 242 12 12
246 244 12 12
246 241 12 12
247 240 12 12
247 241 12 12
248 243 12 12
248 241 12 12
249 248 12 12
249 247 12 12
250 246 12 12
250 240 12 12
251 240 12 12
251 250 12 12
252 241 12 12
252 240 12 12
253 249 12 12
253 251 12 12
254 240 12 12
254 248 12 12
255 249 12 12
255 251 12 12
256 244 12 12
256 252 12 12
257 254 12 12
257 255 12 12
258 248 12 12
258 256 12 12
259 245 12 12
259 251 12 12
240 257 12 12
240 258 12 12
241 258 12 12
241 256 12 12
262 260 13 13
262 261 13 13
263 260 13 13
263 261 13 13
264 260 13 13
264 262 13 13
265 264 13 13
265 262 13 13
266 263 13 13
266 261 13 13
267 260 13 13
267 262 13 13
268 260 13 13
268 264 13 13
269 264 13 13
269 260 13 13
270 264 13 13
270 261 13 13
271 261 13 13
271 260 13 13
272 270 13 13
272 263 13 13
273 271 13 13
273 270 13 13
274 268 13 13
274 264 13 13
275 272 13 13
275 267 13 13
276 266 13 13
276 261 13 13
277 270 13 13
277 269 13 13
278 260 13 13
278 271 13 13
279 275 13 13
279 276 13 13
260 266 13 13
260 273 13 13
261 272 13 13
261 279 13 13
282 280 14 14
282 281 14 14
283 282 14 14
283 280 14 14
284 282 14 14
284 280 14 14
285 280 14 14
285 282 14 14
286 281 14 14
286 285 14 14
287 286 14 14
287 284 14 14
288 287 14 14
288 286 14 14
289 284 14 14
289 280 14 14
290 288 14 14
290 282 14 14
291 282 14 14
291 283 14 14
292 284 14 14
292 286 14 14
293 292 14 14
293 288 14 14
294 281 14 14
294 286 14 14
295 284 14 14
295 293 14 14
296 282 14 14
296 285 14 14
297 280 14 14
297 292 14 14
298 287 14 14
298 293 14 14
299 293 14 14
299 283 14 14
280 287 14 14
280 288 14 14
281 291 14 14
281 298 14 14
302 300 15 15
302 301 15 15
303 300 15 15
303 302 15 15
304 302 15 15
304 300 15 15
305 304 15 15
305 303 15 15
306 303 15 15
306 301 15 15
307 304 15 15
307 300 15 15
308 302 15 15
308 306 15 15
309 307 15 15
309 305 15 15
310 301 15 15
310 308 15 15
311 306 15 15
311 310 15 15
312 305 15 15
312 304 15 15
313 310 15 15
313 309 15 15
314 305 15 15
314 313 15 15
315 312 15 15
315 301 15 15
316 308 15 15
316 309 15 15
317 316 15 15
317 303 15 15
318 309 15 15
318 306 15 15
319 302 15 15
319 314 15 15
300 308 15 15
300 315 15 15
301 303 15 15
301 312 15 15
47 38 2 1
48 17 2 0
70 47 3 2
75 3 3 0
88 37 4 1
92 49 4 2
104 35 5 1
116 71 5 3
129 41 6 2
137 114 6 5
153 64 7 3
149 33 7 1
167 126 8 6
174 87 8 4
186 112 9 5
193 69 9 3
210 52 10 2
200 24 10 1
228 185 11 9
235 14 11 0
246 104 12 5
247 51 12 2
262 170 13 8
264 202 13 10
282 273 14 13
290 25 14 1
313 274 15 13
309 125 15 6
10 251 0 12
9 109 0 5
37 183 1 9
31 248 1 12
