swNum = 320
edgeNum = 672

0 0
1 0
2 0
3 0
4 0
5 0
6 0
7 0
8 0
9 0
10 0
11 0
12 0
13 0
14 0
15 0
16 0
17 0
18 0
19 0
20 1
21 1
22 1
23 1
24 1
25 1
26 1
27 1
28 1
29 1
30 1
31 1
32 1
33 1
34 1
35 1
36 1
37 1
38 1
39 1
40 2
41 2
42 2
43 2
44 2
45 2
46 2
47 2
48 2
49 2
50 2
51 2
52 2
53 2
54 2
55 2
56 2
57 2
58 2
59 2
60 3
61 3
62 3
63 3
64 3
65 3
66 3
67 3
68 3
69 3
70 3
71 3
72 3
73 3
74 3
75 3
76 3
77 3
78 3
79 3
80 4
81 4
82 4
83 4
84 4
85 4
86 4
87 4
88 4
89 4
90 4
91 4
92 4
93 4
94 4
95 4
96 4
97 4
98 4
99 4
100 5
101 5
102 5
103 5
104 5
105 5
106 5
107 5
108 5
109 5
110 5
111 5
112 5
113 5
114 5
115 5
116 5
117 5
118 5
119 5
120 6
121 6
122 6
123 6
124 6
125 6
126 6
127 6
128 6
129 6
130 6
131 6
132 6
133 6
134 6
135 6
136 6
137 6
138 6
139 6
140 7
141 7
142 7
143 7
144 7
145 7
146 7
147 7
148 7
149 7
150 7
151 7
152 7
153 7
154 7
155 7
156 7
157 7
158 7
159 7
160 8
161 8
162 8
163 8
164 8
165 8
166 8
167 8
168 8
169 8
170 8
171 8
172 8
173 8
174 8
175 8
176 8
177 8
178 8
179 8
180 9
181 9
182 9
183 9
184 9
185 9
186 9
187 9
188 9
189 9
190 9
191 9
192 9
193 9
194 9
195 9
196 9
197 9
198 9
199 9
200 10
201 10
202 10
203 10
204 10
205 10
206 10
207 10
208 10
209 10
210 10
211 10
212 10
213 10
214 10
215 10
216 10
217 10
218 10
219 10
220 11
221 11
222 11
223 11
224 11
225 11
226 11
227 11
228 11
229 11
230 11
231 11
232 11
233 11
234 11
235 11
236 11
237 11
238 11
239 11
240 12
241 12
242 12
243 12
244 12
245 12
246 12
247 12
248 12
249 12
250 12
251 12
252 12
253 12
254 12
255 12
256 12
257 12
258 12
259 12
260 13
261 13
262 13
263 13
264 13
265 13
266 13
267 13
268 13
269 13
270 13
271 13
272 13
273 13
274 13
275 13
276 13
277 13
278 13
279 13
280 14
281 14
282 14
283 14
284 14
285 14
286 14
287 14
288 14
289 14
290 14
291 14
292 14
293 14
294 14
295 14
296 14
297 14
298 14
299 14
300 15
301 15
302 15
303 15
304 15
305 15
306 15
307 15
308 15
309 15
310 15
311 15
312 15
313 15
314 15
315 15
316 15
317 15
318 15
319 15

2 0 0 0
2 1 0 0
3 0 0 0
3 1 0 0
4 0 0 0
4 3 0 0
5 0 0 0
5 3 0 0
6 1 0 0
6 2 0 0
7 2 0 0
7 0 0 0
8 4 0 0
8 0 0 0
9 1 0 0
9 8 0 0
10 9 0 0
10 5 0 0
11 0 0 0
11 7 0 0
12 7 0 0
12 4 0 0
13 7 0 0
13 3 0 0
14 0 0 0
14 6 0 0
15 1 0 0
15 8 0 0
16 8 0 0
16 5 0 0
17 16 0 0
17 6 0 0
18 2 0 0
18 13 0 0
19 1 0 0
19 6 0 0
0 19 0 0
0 17 0 0
1 13 0 0
1 8 0 0
22 20 1 1
22 21 1 1
23 22 1 1
23 20 1 1
24 22 1 1
24 20 1 1
25 21 1 1
25 20 1 1
26 20 1 1
26 24 1 1
27 25 1 1
27 24 1 1
28 22 1 1
28 20 1 1
29 28 1 1
29 25 1 1
30 22 1 1
30 27 1 1
31 21 1 1
31 29 1 1
32 25 1 1
32 29 1 1
33 25 1 1
33 24 1 1
34 20 1 1
34 32 1 1
35 24 1 1
35 31 1 1
36 20 1 1
36 24 1 1
37 33 1 1
37 22 1 1
38 31 1 1
38 22 1 1
39 29 1 1
39 30 1 1
20 31 1 1
20 33 1 1
21 39 1 1
21 27 1 1
42 41 2 2
42 40 2 2
43 41 2 2
43 40 2 2
44 42 2 2
44 40 2 2
45 44 2 2
45 42 2 2
46 44 2 2
46 41 2 2
47 41 2 2
47 43 2 2
48 42 2 2
48 41 2 2
49 40 2 2
49 41 2 2
50 41 2 2
50 49 2 2
51 41 2 2
51 42 2 2
52 47 2 2
52 46 2 2
53 51 2 2
53 46 2 2
54 47 2 2
54 46 2 2
55 40 2 2
55 48 2 2
56 47 2 2
56 53 2 2
57 50 2 2
57 46 2 2
58 54 2 2
58 44 2 2
59 45 2 2
59 51 2 2
40 50 2 2
40 56 2 2
41 53 2 2
41 45 2 2
62 61 3 3
62 60 3 3
63 60 3 3
63 61 3 3
64 61 3 3
64 63 3 3
65 61 3 3
65 60 3 3
66 60 3 3
66 62 3 3
67 65 3 3
67 62 3 3
68 66 3 3
68 62 3 3
69 64 3 3
69 66 3 3
70 64 3 3
70 66 3 3
71 61 3 3
71 64 3 3
72 66 3 3
72 60 3 3
73 70 3 3
73 64 3 3
74 65 3 3
74 72 3 3
75 72 3 3
75 73 3 3
76 74 3 3
76 75 3 3
77 64 3 3
77 67 3 3
78 67 3 3
78 62 3 3
79 64 3 3
79 63 3 3
60 77 3 3
60 75 3 3
61 67 3 3
61 76 3 3
82 81 4 4
82 80 4 4
83 81 4 4
83 82 4 4
84 82 4 4
84 81 4 4
85 83 4 4
85 80 4 4
86 83 4 4
86 84 4 4
87 85 4 4
87 86 4 4
88 80 4 4
88 87 4 4
89 88 4 4
89 81 4 4
90 84 4 4
90 88 4 4
91 81 4 4
91 80 4 4
92 85 4 4
92 89 4 4
93 90 4 4
93 81 4 4
94 91 4 4
94 81 4 4
95 88 4 4
95 80 4 4
96 95 4 4
96 84 4 4
97 90 4 4
97 89 4 4
98 82 4 4
98 95 4 4
99 83 4 4
99 86 4 4
80 98 4 4
80 87 4 4
81 98 4 4
81 88 4 4
102 100 5 5
102 101 5 5
103 100 5 5
103 101 5 5
104 102 5 5
104 100 5 5
105 103 5 5
105 100 5 5
106 104 5 5
106 105 5 5
107 104 5 5
107 101 5 5
108 104 5 5
108 102 5 5
109 104 5 5
109 107 5 5
110 105 5 5
110 101 5 5
111 100 5 5
111 103 5 5
112 100 5 5
112 101 5 5
113 109 5 5
113 102 5 5
114 105 5 5
114 106 5 5
115 104 5 5
115 111 5 5
116 108 5 5
116 112 5 5
117 101 5 5
117 103 5 5
118 110 5 5
118 113 5 5
119 107 5 5
119 118 5 5
100 113 5 5
100 117 5 5
101 105 5 5
101 111 5 5
122 120 6 6
122 121 6 6
123 122 6 6
123 121 6 6
124 120 6 6
124 123 6 6
125 120 6 6
125 123 6 6
126 122 6 6
126 123 6 6
127 121 6 6
127 120 6 6
128 121 6 6
128 127 6 6
129 121 6 6
129 122 6 6
130 123 6 6
130 127 6 6
131 122 6 6
131 121 6 6
132 125 6 6
132 120 6 6
133 128 6 6
133 132 6 6
134 130 6 6
134 126 6 6
135 121 6 6
135 120 6 6
136 129 6 6
136 122 6 6
137 131 6 6
137 132 6 6
138 137 6 6
138 132 6 6
139 127 6 6
139 122 6 6
120 138 6 6
120 137 6 6
121 125 6 6
121 132 6 6
142 141 7 7
142 140 7 7
143 140 7 7
143 141 7 7
144 140 7 7
144 143 7 7
145 143 7 7
145 142 7 7
146 141 7 7
146 140 7 7
147 140 7 7
147 144 7 7
148 143 7 7
148 142 7 7
149 142 7 7
149 143 7 7
150 146 7 7
150 143 7 7
151 147 7 7
151 146 7 7
152 149 7 7
152 143 7 7
153 143 7 7
153 147 7 7
154 140 7 7
154 142 7 7
155 153 7 7
155 145 7 7
156 150 7 7
156 149 7 7
157 142 7 7
157 156 7 7
158 148 7 7
158 145 7 7
159 148 7 7
159 146 7 7
140 159 7 7
140 148 7 7
141 156 7 7
141 151 7 7
162 161 8 8
162 160 8 8
163 162 8 8
163 160 8 8
164 161 8 8
164 162 8 8
165 164 8 8
165 162 8 8
166 161 8 8
166 162 8 8
167 163 8 8
167 164 8 8
168 165 8 8
168 160 8 8
169 165 8 8
169 167 8 8
170 164 8 8
170 165 8 8
171 169 8 8
171 164 8 8
172 167 8 8
172 166 8 8
173 166 8 8
173 165 8 8
174 164 8 8
174 172 8 8
175 170 8 8
175 165 8 8
176 174 8 8
176 173 8 8
177 165 8 8
177 174 8 8
178 163 8 8
178 162 8 8
179 173 8 8
179 167 8 8
160 170 8 8
160 179 8 8
161 167 8 8
161 163 8 8
182 181 9 9
182 180 9 9
183 181 9 9
183 182 9 9
184 183 9 9
184 180 9 9
185 183 9 9
185 180 9 9
186 184 9 9
186 185 9 9
187 181 9 9
187 180 9 9
188 184 9 9
188 185 9 9
189 182 9 9
189 181 9 9
190 181 9 9
190 182 9 9
191 187 9 9
191 189 9 9
192 191 9 9
192 187 9 9
193 186 9 9
193 192 9 9
194 185 9 9
194 189 9 9
195 192 9 9
195 183 9 9
196 183 9 9
196 187 9 9
197 181 9 9
197 191 9 9
198 180 9 9
198 195 9 9
199 186 9 9
199 196 9 9
180 189 9 9
180 197 9 9
181 191 9 9
181 184 9 9
202 201 10 10
202 200 10 10
203 200 10 10
203 202 10 10
204 200 10 10
204 201 10 10
205 202 10 10
205 203 10 10
206 204 10 10
206 202 10 10
207 200 10 10
207 205 10 10
208 200 10 10
208 203 10 10
209 208 10 10
209 200 10 10
210 207 10 10
210 208 10 10
211 202 10 10
211 201 10 10
212 201 10 10
212 209 10 10
213 208 10 10
213 201 10 10
214 202 10 10
214 209 10 10
215 205 10 10
215 202 10 10
216 201 10 10
216 214 10 10
217 212 10 10
217 200 10 10
218 205 10 10
218 207 10 10
219 212 10 10
219 202 10 10
200 210 10 10
200 212 10 10
201 210 10 10
201 214 10 10
222 220 11 11
222 221 11 11
223 220 11 11
223 221 11 11
224 222 11 11
224 221 11 11
225 224 11 11
225 221 11 11
226 220 11 11
226 222 11 11
227 222 11 11
227 226 11 11
228 224 11 11
228 223 11 11
229 227 11 11
229 228 11 11
230 222 11 11
230 229 11 11
231 229 11 11
231 222 11 11
232 227 11 11
232 228 11 11
233 225 11 11
233 224 11 11
234 226 11 11
234 228 11 11
235 232 11 11
235 222 11 11
236 226 11 11
236 222 11 11
237 228 11 11
237 231 11 11
238 233 11 11
238 224 11 11
239 224 11 11
239 235 11 11
220 224 11 11
220 231 11 11
221 231 11 11
221 233 11 11
242 241 12 12
242 240 12 12
243 242 12 12
243 241 12 12
244 240 12 12
244 242 12 12
245 240 12 12
245 241 12 12
246 244 12 12
246 242 12 12
247 245 12 12
247 240 12 12
248 240 12 12
248 243 12 12
249 247 12 12
249 240 12 12
250 240 12 12
250 244 12 12
251 246 12 12
251 243 12 12
252 243 12 12
252 251 12 12
253 248 12 12
253 251 12 12
254 240 12 12
254 246 12 12
255 254 12 12
255 252 12 12
256 248 12 12
256 247 12 12
257 246 12 12
257 251 12 12
258 253 12 12
258 252 12 12
259 242 12 12
259 243 12 12
240 255 12 12
240 252 12 12
241 255 12 12
241 249 12 12
262 260 13 13
262 261 13 13
263 262 13 13
263 261 13 13
264 261 13 13
264 262 13 13
265 261 13 13
265 262 13 13
266 265 13 13
266 264 13 13
267 261 13 13
267 264 13 13
268 260 13 13
268 266 13 13
269 266 13 13
269 261 13 13
270 266 13 13
270 264 13 13
271 262 13 13
271 266 13 13
272 270 13 13
272 262 13 13
273 271 13 13
273 261 13 13
274 261 13 13
274 273 13 13
275 273 13 13
275 271 13 13
276 269 13 13
276 265 13 13
277 274 13 13
277 268 13 13
278 275 13 13
278 274 13 13
279 269 13 13
279 268 13 13
260 264 13 13
260 275 13 13
261 275 13 13
261 266 13 13
282 280 14 14
282 281 14 14
283 282 14 14
283 281 14 14
284 282 14 14
284 281 14 14
285 284 14 14
285 280 14 14
286 280 14 14
286 282 14 14
287 281 14 14
287 283 14 14
288 281 14 14
288 286 14 14
289 284 14 14
289 280 14 14
290 289 14 14
290 284 14 14
291 289 14 14
291 286 14 14
292 282 14 14
292 287 14 14
293 286 14 14
293 284 14 14
294 282 14 14
294 287 14 14
295 287 14 14
295 288 14 14
296 292 14 14
296 281 14 14
297 290 14 14
297 286 14 14
298 283 14 14
298 280 14 14
299 290 14 14
299 293 14 14
280 294 14 14
280 290 14 14
281 294 14 14
281 295 14 14
302 300 15 15
302 301 15 15
303 302 15 15
303 301 15 15
304 303 15 15
304 300 15 15
305 304 15 15
305 303 15 15
306 302 15 15
306 305 15 15
307 304 15 15
307 303 15 15
308 305 15 15
308 303 15 15
309 306 15 15
309 302 15 15
310 308 15 15
310 307 15 15
311 307 15 15
311 301 15 15
312 310 15 15
312 302 15 15
313 312 15 15
313 304 15 15
314 300 15 15
314 313 15 15
315 301 15 15
315 303 15 15
316 315 15 15
316 303 15 15
317 301 15 15
317 305 15 15
318 310 15 15
318 313 15 15
319 318 15 15
319 306 15 15
300 319 15 15
300 318 15 15
301 314 15 15
301 316 15 15
52 35 2 1
55 10 2 0
65 14 3 0
77 49 3 2
85 29 4 1
81 11 4 0
110 2 5 0
109 95 5 4
132 8 6 0
120 70 6 3
157 20 7 1
150 108 7 5
160 58 8 2
168 132 8 6
198 167 9 8
189 12 9 0
206 59 10 2
206 114 10 5
235 151 11 7
221 174 11 8
259 130 12 6
256 108 12 5
262 7 13 0
277 192 13 9
297 114 14 5
289 148 14 7
316 229 15 11
318 71 15 3
10 242 0 12
4 152 0 7
30 313 1 15
36 222 1 11
