swNum = 320
edgeNum = 672

0 0
1 0
2 0
3 0
4 0
5 0
6 0
7 0
8 0
9 0
10 0
11 0
12 0
13 0
14 0
15 0
16 0
17 0
18 0
19 0
20 1
21 1
22 1
23 1
24 1
25 1
26 1
27 1
28 1
29 1
30 1
31 1
32 1
33 1
34 1
35 1
36 1
37 1
38 1
39 1
40 2
41 2
42 2
43 2
44 2
45 2
46 2
47 2
48 2
49 2
50 2
51 2
52 2
53 2
54 2
55 2
56 2
57 2
58 2
59 2
60 3
61 3
62 3
63 3
64 3
65 3
66 3
67 3
68 3
69 3
70 3
71 3
72 3
73 3
74 3
75 3
76 3
77 3
78 3
79 3
80 4
81 4
82 4
83 4
84 4
85 4
86 4
87 4
88 4
89 4
90 4
91 4
92 4
93 4
94 4
95 4
96 4
97 4
98 4
99 4
100 5
101 5
102 5
103 5
104 5
105 5
106 5
107 5
108 5
109 5
110 5
111 5
112 5
113 5
114 5
115 5
116 5
117 5
118 5
119 5
120 6
121 6
122 6
123 6
124 6
125 6
126 6
127 6
128 6
129 6
130 6
131 6
132 6
133 6
134 6
135 6
136 6
137 6
138 6
139 6
140 7
141 7
142 7
143 7
144 7
145 7
146 7
147 7
148 7
149 7
150 7
151 7
152 7
153 7
154 7
155 7
156 7
157 7
158 7
159 7
160 8
161 8
162 8
163 8
164 8
165 8
166 8
167 8
168 8
169 8
170 8
171 8
172 8
173 8
174 8
175 8
176 8
177 8
178 8
179 8
180 9
181 9
182 9
183 9
184 9
185 9
186 9
187 9
188 9
189 9
190 9
191 9
192 9
193 9
194 9
195 9
196 9
197 9
198 9
199 9
200 10
201 10
202 10
203 10
204 10
205 10
206 10
207 10
208 10
209 10
210 10
211 10
212 10
213 10
214 10
215 10
216 10
217 10
218 10
219 10
220 11
221 11
222 11
223 11
224 11
225 11
226 11
227 11
228 11
229 11
230 11
231 11
232 11
233 11
234 11
235 11
236 11
237 11
238 11
239 11
240 12
241 12
242 12
243 12
244 12
245 12
246 12
247 12
248 12
249 12
250 12
251 12
252 12
253 12
254 12
255 12
256 12
257 12
258 12
259 12
260 13
261 13
262 13
263 13
264 13
265 13
266 13
267 13
268 13
269 13
270 13
271 13
272 13
273 13
274 13
275 13
276 13
277 13
278 13
279 13
280 14
281 14
282 14
283 14
284 14
285 14
286 14
287 14
288 14
289 14
290 14
291 14
292 14
293 14
294 14
295 14
296 14
297 14
298 14
299 14
300 15
301 15
302 15
303 15
304 15
305 15
306 15
307 15
308 15
309 15
310 15
311 15
312 15
313 15
314 15
315 15
316 15
317 15
318 15
319 15

2 0 0 0
2 1 0 0
3 0 0 0
3 1 0 0
4 1 0 0
4 3 0 0
5 2 0 0
5 4 0 0
6 0 0 0
6 5 0 0
7 4 0 0
7 5 0 0
8 5 0 0
8 7 0 0
9 4 0 0
9 5 0 0
10 9 0 0
10 5 0 0
11 3 0 0
11 10 0 0
12 10 0 0
12 2 0 0
13 10 0 0
13 8 0 0
14 4 0 0
14 13 0 0
15 0 0 0
15 4 0 0
16 4 0 0
16 10 0 0
17 1 0 0
17 2 0 0
18 1 0 0
18 14 0 0
19 3 0 0
19 6 0 0
0 14 0 0
0 4 0 0
1 14 0 0
1 8 0 0
22 21 1 1
22 20 1 1
23 20 1 1
23 21 1 1
24 22 1 1
24 21 1 1
25 21 1 1
25 23 1 1
26 24 1 1
26 23 1 1
27 24 1 1
27 20 1 1
28 20 1 1
28 22 1 1
29 25 1 1
29 23 1 1
30 21 1 1
30 24 1 1
31 25 1 1
31 21 1 1
32 29 1 1
32 23 1 1
33 25 1 1
33 24 1 1
34 25 1 1
34 21 1 1
35 27 1 1
35 21 1 1
36 28 1 1
36 24 1 1
37 28 1 1
37 29 1 1
38 31 1 1
38 22 1 1
39 37 1 1
39 28 1 1
20 24 1 1
20 36 1 1
21 29 1 1
21 28 1 1
42 41 2 2
42 40 2 2
43 40 2 2
43 41 2 2
44 41 2 2
44 40 2 2
45 42 2 2
45 41 2 2
46 43 2 2
46 45 2 2
47 40 2 2
47 41 2 2
48 42 2 2
48 47 2 2
49 43 2 2
49 46 2 2
50 45 2 2
50 44 2 2
51 47 2 2
51 50 2 2
52 42 2 2
52 50 2 2
53 50 2 2
53 48 2 2
54 51 2 2
54 48 2 2
55 52 2 2
55 41 2 2
56 54 2 2
56 40 2 2
57 52 2 2
57 41 2 2
58 54 2 2
58 56 2 2
59 51 2 2
59 44 2 2
40 57 2 2
40 55 2 2
41 50 2 2
41 59 2 2
62 61 3 3
62 60 3 3
63 62 3 3
63 60 3 3
64 62 3 3
64 61 3 3
65 61 3 3
65 62 3 3
66 60 3 3
66 63 3 3
67 61 3 3
67 60 3 3
68 67 3 3
68 62 3 3
69 66 3 3
69 67 3 3
70 68 3 3
70 61 3 3
71 66 3 3
71 61 3 3
72 65 3 3
72 71 3 3
73 60 3 3
73 62 3 3
74 70 3 3
74 71 3 3
75 67 3 3
75 69 3 3
76 68 3 3
76 65 3 3
77 73 3 3
77 63 3 3
78 76 3 3
78 74 3 3
79 75 3 3
79 60 3 3
60 75 3 3
60 77 3 3
61 77 3 3
61 76 3 3
82 80 4 4
82 81 4 4
83 82 4 4
83 81 4 4
84 81 4 4
84 83 4 4
85 82 4 4
85 80 4 4
86 84 4 4
86 83 4 4
87 86 4 4
87 82 4 4
88 84 4 4
88 81 4 4
89 87 4 4
89 82 4 4
90 86 4 4
90 83 4 4
91 84 4 4
91 85 4 4
92 87 4 4
92 82 4 4
93 80 4 4
93 85 4 4
94 86 4 4
94 84 4 4
95 88 4 4
95 85 4 4
96 89 4 4
96 92 4 4
97 83 4 4
97 80 4 4
98 82 4 4
98 89 4 4
99 98 4 4
99 91 4 4
80 95 4 4
80 90 4 4
81 93 4 4
81 86 4 4
102 101 5 5
102 100 5 5
103 100 5 5
103 101 5 5
104 100 5 5
104 101 5 5
105 101 5 5
105 102 5 5
106 105 5 5
106 103 5 5
107 105 5 5
107 104 5 5
108 101 5 5
108 103 5 5
109 103 5 5
109 106 5 5
110 107 5 5
110 105 5 5
111 107 5 5
111 104 5 5
112 109 5 5
112 107 5 5
113 109 5 5
113 100 5 5
114 108 5 5
114 110 5 5
115 100 5 5
115 104 5 5
116 111 5 5
116 113 5 5
117 111 5 5
117 107 5 5
118 102 5 5
118 114 5 5
119 104 5 5
119 117 5 5
100 108 5 5
100 109 5 5
101 116 5 5
101 115 5 5
122 120 6 6
122 121 6 6
123 120 6 6
123 122 6 6
124 123 6 6
124 122 6 6
125 121 6 6
125 123 6 6
126 121 6 6
126 120 6 6
127 126 6 6
127 125 6 6
128 127 6 6
128 124 6 6
129 126 6 6
129 122 6 6
130 128 6 6
130 124 6 6
131 123 6 6
131 124 6 6
132 122 6 6
132 127 6 6
133 131 6 6
133 127 6 6
134 128 6 6
134 126 6 6
135 128 6 6
135 131 6 6
136 123 6 6
136 126 6 6
137 125 6 6
137 121 6 6
138 131 6 6
138 132 6 6
139 121 6 6
139 135 6 6
120 124 6 6
120 127 6 6
121 131 6 6
121 138 6 6
142 141 7 7
142 140 7 7
143 141 7 7
143 140 7 7
144 143 7 7
144 140 7 7
145 140 7 7
145 144 7 7
146 143 7 7
146 141 7 7
147 145 7 7
147 146 7 7
148 145 7 7
148 146 7 7
149 143 7 7
149 142 7 7
150 141 7 7
150 148 7 7
151 150 7 7
151 141 7 7
152 149 7 7
152 141 7 7
153 146 7 7
153 149 7 7
154 147 7 7
154 145 7 7
155 144 7 7
155 140 7 7
156 141 7 7
156 152 7 7
157 152 7 7
157 150 7 7
158 150 7 7
158 152 7 7
159 143 7 7
159 141 7 7
140 151 7 7
140 149 7 7
141 145 7 7
141 153 7 7
162 161 8 8
162 160 8 8
163 161 8 8
163 162 8 8
164 160 8 8
164 163 8 8
165 163 8 8
165 160 8 8
166 162 8 8
166 163 8 8
167 164 8 8
167 165 8 8
168 163 8 8
168 164 8 8
169 162 8 8
169 163 8 8
170 169 8 8
170 165 8 8
171 170 8 8
171 162 8 8
172 166 8 8
172 162 8 8
173 163 8 8
173 165 8 8
174 171 8 8
174 170 8 8
175 173 8 8
175 169 8 8
176 174 8 8
176 175 8 8
177 163 8 8
177 176 8 8
178 166 8 8
178 161 8 8
179 162 8 8
179 164 8 8
160 163 8 8
160 177 8 8
161 166 8 8
161 174 8 8
182 180 9 9
182 181 9 9
183 182 9 9
183 181 9 9
184 181 9 9
184 182 9 9
185 181 9 9
185 180 9 9
186 183 9 9
186 185 9 9
187 182 9 9
187 181 9 9
188 181 9 9
188 186 9 9
189 185 9 9
189 188 9 9
190 181 9 9
190 186 9 9
191 182 9 9
191 184 9 9
192 191 9 9
192 186 9 9
193 182 9 9
193 187 9 9
194 181 9 9
194 185 9 9
195 189 9 9
195 186 9 9
196 181 9 9
196 184 9 9
197 192 9 9
197 186 9 9
198 187 9 9
198 180 9 9
199 184 9 9
199 193 9 9
180 192 9 9
180 188 9 9
181 192 9 9
181 199 9 9
202 200 10 10
202 201 10 10
203 200 10 10
203 201 10 10
204 203 10 10
204 200 10 10
205 204 10 10
205 202 10 10
206 205 10 10
206 202 10 10
207 203 10 10
207 201 10 10
208 203 10 10
208 201 10 10
209 207 10 10
209 203 10 10
210 200 10 10
210 203 10 10
211 210 10 10
211 203 10 10
212 205 10 10
212 206 10 10
213 203 10 10
213 204 10 10
214 210 10 10
214 204 10 10
215 201 10 10
215 213 10 10
216 212 10 10
216 206 10 10
217 212 10 10
217 213 10 10
218 201 10 10
218 216 10 10
219 204 10 10
219 200 10 10
200 209 10 10
200 211 10 10
201 211 10 10
201 216 10 10
222 220 11 11
222 221 11 11
223 221 11 11
223 220 11 11
224 222 11 11
224 223 11 11
225 223 11 11
225 224 11 11
226 220 11 11
226 223 11 11
227 223 11 11
227 226 11 11
228 224 11 11
228 220 11 11
229 221 11 11
229 220 11 11
230 227 11 11
230 222 11 11
231 222 11 11
231 226 11 11
232 227 11 11
232 229 11 11
233 227 11 11
233 229 11 11
234 223 11 11
234 224 11 11
235 223 11 11
235 224 11 11
236 220 11 11
236 224 11 11
237 235 11 11
237 225 11 11
238 231 11 11
238 224 11 11
239 235 11 11
239 231 11 11
220 233 11 11
220 239 11 11
221 232 11 11
221 233 11 11
242 241 12 12
242 240 12 12
243 242 12 12
243 240 12 12
244 241 12 12
244 243 12 12
245 241 12 12
245 242 12 12
246 243 12 12
246 244 12 12
247 240 12 12
247 245 12 12
248 242 12 12
248 245 12 12
249 245 12 12
249 240 12 12
250 246 12 12
250 245 12 12
251 241 12 12
251 244 12 12
252 240 12 12
252 247 12 12
253 242 12 12
253 243 12 12
254 240 12 12
254 244 12 12
255 251 12 12
255 240 12 12
256 253 12 12
256 249 12 12
257 242 12 12
257 252 12 12
258 253 12 12
258 240 12 12
259 256 12 12
259 253 12 12
240 248 12 12
240 253 12 12
241 250 12 12
241 258 12 12
262 261 13 13
262 260 13 13
263 261 13 13
263 260 13 13
264 262 13 13
264 261 13 13
265 261 13 13
265 262 13 13
266 261 13 13
266 263 13 13
267 266 13 13
267 265 13 13
268 267 13 13
268 265 13 13
269 262 13 13
269 260 13 13
270 267 13 13
270 268 13 13
271 269 13 13
271 264 13 13
272 263 13 13
272 269 13 13
273 266 13 13
273 267 13 13
274 260 13 13
274 269 13 13
275 266 13 13
275 267 13 13
276 273 13 13
276 266 13 13
277 265 13 13
277 260 13 13
278 262 13 13
278 272 13 13
279 277 13 13
279 273 13 13
260 276 13 13
260 265 13 13
261 277 13 13
261 268 13 13
282 281 14 14
282 280 14 14
283 282 14 14
283 280 14 14
284 283 14 14
284 280 14 14
285 280 14 14
285 282 14 14
286 280 14 14
286 285 14 14
287 283 14 14
287 285 14 14
288 286 14 14
288 284 14 14
289 283 14 14
289 284 14 14
290 284 14 14
290 287 14 14
291 283 14 14
291 289 14 14
292 283 14 14
292 291 14 14
293 285 14 14
293 287 14 14
294 282 14 14
294 292 14 14
295 282 14 14
295 286 14 14
296 290 14 14
296 289 14 14
297 284 14 14
297 294 14 14
298 297 14 14
298 287 14 14
299 281 14 14
299 284 14 14
280 297 14 14
280 296 14 14
281 289 14 14
281 294 14 14
302 301 15 15
302 300 15 15
303 300 15 15
303 302 15 15
304 300 15 15
304 302 15 15
305 301 15 15
305 302 15 15
306 301 15 15
306 305 15 15
307 306 15 15
307 304 15 15
308 300 15 15
308 302 15 15
309 303 15 15
309 308 15 15
310 301 15 15
310 308 15 15
311 301 15 15
311 303 15 15
312 305 15 15
312 309 15 15
313 301 15 15
313 302 15 15
314 303 15 15
314 302 15 15
315 308 15 15
315 302 15 15
316 311 15 15
316 315 15 15
317 302 15 15
317 315 15 15
318 312 15 15
318 317 15 15
319 309 15 15
319 302 15 15
300 312 15 15
300 311 15 15
301 312 15 15
301 319 15 15
55 37 2 1
51 11 2 0
69 46 3 2
64 28 3 1
86 67 4 3
90 42 4 2
109 62 5 3
107 55 5 2
126 119 6 5
135 85 6 4
146 27 7 1
147 89 7 4
166 150 8 7
168 10 8 0
187 57 9 2
188 117 9 5
214 124 10 6
219 41 10 2
237 173 11 8
220 116 11 5
243 238 12 11
253 95 12 4
275 198 13 9
268 211 13 10
289 240 14 12
293 12 14 0
315 288 15 14
315 258 15 12
6 72 0 3
12 207 0 10
33 310 1 15
21 294 1 14
