swNum = 320
edgeNum = 672

0 0
1 0
2 0
3 0
4 0
5 0
6 0
7 0
8 0
9 0
10 0
11 0
12 0
13 0
14 0
15 0
16 0
17 0
18 0
19 0
20 1
21 1
22 1
23 1
24 1
25 1
26 1
27 1
28 1
29 1
30 1
31 1
32 1
33 1
34 1
35 1
36 1
37 1
38 1
39 1
40 2
41 2
42 2
43 2
44 2
45 2
46 2
47 2
48 2
49 2
50 2
51 2
52 2
53 2
54 2
55 2
56 2
57 2
58 2
59 2
60 3
61 3
62 3
63 3
64 3
65 3
66 3
67 3
68 3
69 3
70 3
71 3
72 3
73 3
74 3
75 3
76 3
77 3
78 3
79 3
80 4
81 4
82 4
83 4
84 4
85 4
86 4
87 4
88 4
89 4
90 4
91 4
92 4
93 4
94 4
95 4
96 4
97 4
98 4
99 4
100 5
101 5
102 5
103 5
104 5
105 5
106 5
107 5
108 5
109 5
110 5
111 5
112 5
113 5
114 5
115 5
116 5
117 5
118 5
119 5
120 6
121 6
122 6
123 6
124 6
125 6
126 6
127 6
128 6
129 6
130 6
131 6
132 6
133 6
134 6
135 6
136 6
137 6
138 6
139 6
140 7
141 7
142 7
143 7
144 7
145 7
146 7
147 7
148 7
149 7
150 7
151 7
152 7
153 7
154 7
155 7
156 7
157 7
158 7
159 7
160 8
161 8
162 8
163 8
164 8
165 8
166 8
167 8
168 8
169 8
170 8
171 8
172 8
173 8
174 8
175 8
176 8
177 8
178 8
179 8
180 9
181 9
182 9
183 9
184 9
185 9
186 9
187 9
188 9
189 9
190 9
191 9
192 9
193 9
194 9
195 9
196 9
197 9
198 9
199 9
200 10
201 10
202 10
203 10
204 10
205 10
206 10
207 10
208 10
209 10
210 10
211 10
212 10
213 10
214 10
215 10
216 10
217 10
218 10
219 10
220 11
221 11
222 11
223 11
224 11
225 11
226 11
227 11
228 11
229 11
230 11
231 11
232 11
233 11
234 11
235 11
236 11
237 11
238 11
239 11
240 12
241 12
242 12
243 12
244 12
245 12
246 12
247 12
248 12
249 12
250 12
251 12
252 12
253 12
254 12
255 12
256 12
257 12
258 12
259 12
260 13
261 13
262 13
263 13
264 13
265 13
266 13
267 13
268 13
269 13
270 13
271 13
272 13
273 13
274 13
275 13
276 13
277 13
278 13
279 13
280 14
281 14
282 14
283 14
284 14
285 14
286 14
287 14
288 14
289 14
290 14
291 14
292 14
293 14
294 14
295 14
296 14
297 14
298 14
299 14
300 15
301 15
302 15
303 15
304 15
305 15
306 15
307 15
308 15
309 15
310 15
311 15
312 15
313 15
314 15
315 15
316 15
317 15
318 15
319 15

2 1 0 0
2 0 0 0
3 0 0 0
3 1 0 0
4 3 0 0
4 0 0 0
5 2 0 0
5 3 0 0
6 2 0 0
6 0 0 0
7 3 0 0
7 4 0 0
8 0 0 0
8 3 0 0
9 4 0 0
9 3 0 0
10 4 0 0
10 9 0 0
11 9 0 0
11 10 0 0
12 6 0 0
12 1 0 0
13 5 0 0
13 0 0 0
14 13 0 0
14 0 0 0
15 8 0 0
15 3 0 0
16 14 0 0
16 2 0 0
17 2 0 0
17 0 0 0
18 6 0 0
18 0 0 0
19 15 0 0
19 1 0 0
0 10 0 0
0 16 0 0
1 15 0 0
1 13 0 0
22 20 1 1
22 21 1 1
23 20 1 1
23 22 1 1
24 23 1 1
24 21 1 1
25 21 1 1
25 24 1 1
26 24 1 1
26 23 1 1
27 20 1 1
27 21 1 1
28 21 1 1
28 25 1 1
29 22 1 1
29 20 1 1
30 22 1 1
30 29 1 1
31 24 1 1
31 22 1 1
32 21 1 1
32 29 1 1
33 29 1 1
33 24 1 1
34 33 1 1
34 23 1 1
35 34 1 1
35 30 1 1
36 26 1 1
36 21 1 1
37 27 1 1
37 24 1 1
38 25 1 1
38 32 1 1
39 36 1 1
39 24 1 1
20 36 1 1
20 34 1 1
21 33 1 1
21 31 1 1
42 40 2 2
42 41 2 2
43 42 2 2
43 41 2 2
44 40 2 2
44 41 2 2
45 41 2 2
45 43 2 2
46 41 2 2
46 40 2 2
47 43 2 2
47 45 2 2
48 41 2 2
48 46 2 2
49 47 2 2
49 41 2 2
50 47 2 2
50 49 2 2
51 45 2 2
51 40 2 2
52 49 2 2
52 41 2 2
53 41 2 2
53 48 2 2
54 51 2 2
54 43 2 2
55 51 2 2
55 48 2 2
56 53 2 2
56 41 2 2
57 54 2 2
57 41 2 2
58 52 2 2
58 43 2 2
59 41 2 2
59 49 2 2
40 45 2 2
40 43 2 2
41 58 2 2
41 51 2 2
62 60 3 3
62 61 3 3
63 61 3 3
63 60 3 3
64 60 3 3
64 62 3 3
65 64 3 3
65 63 3 3
66 61 3 3
66 65 3 3
67 63 3 3
67 66 3 3
68 63 3 3
68 67 3 3
69 61 3 3
69 64 3 3
70 63 3 3
70 66 3 3
71 60 3 3
71 61 3 3
72 61 3 3
72 71 3 3
73 70 3 3
73 66 3 3
74 63 3 3
74 70 3 3
75 72 3 3
75 71 3 3
76 61 3 3
76 71 3 3
77 71 3 3
77 61 3 3
78 63 3 3
78 68 3 3
79 73 3 3
79 67 3 3
60 67 3 3
60 75 3 3
61 79 3 3
61 68 3 3
82 80 4 4
82 81 4 4
83 81 4 4
83 80 4 4
84 83 4 4
84 80 4 4
85 81 4 4
85 82 4 4
86 81 4 4
86 83 4 4
87 81 4 4
87 83 4 4
88 80 4 4
88 85 4 4
89 84 4 4
89 80 4 4
90 86 4 4
90 89 4 4
91 86 4 4
91 88 4 4
92 83 4 4
92 86 4 4
93 91 4 4
93 92 4 4
94 86 4 4
94 92 4 4
95 92 4 4
95 88 4 4
96 85 4 4
96 90 4 4
97 95 4 4
97 92 4 4
98 87 4 4
98 96 4 4
99 82 4 4
99 80 4 4
80 92 4 4
80 85 4 4
81 99 4 4
81 88 4 4
102 101 5 5
102 100 5 5
103 102 5 5
103 100 5 5
104 100 5 5
104 103 5 5
105 100 5 5
105 104 5 5
106 104 5 5
106 102 5 5
107 106 5 5
107 103 5 5
108 106 5 5
108 104 5 5
109 102 5 5
109 108 5 5
110 106 5 5
110 107 5 5
111 106 5 5
111 104 5 5
112 101 5 5
112 110 5 5
113 109 5 5
113 112 5 5
114 112 5 5
114 104 5 5
115 103 5 5
115 106 5 5
116 106 5 5
116 105 5 5
117 106 5 5
117 111 5 5
118 116 5 5
118 100 5 5
119 108 5 5
119 116 5 5
100 113 5 5
100 112 5 5
101 113 5 5
101 107 5 5
122 120 6 6
122 121 6 6
123 120 6 6
123 122 6 6
124 122 6 6
124 123 6 6
125 124 6 6
125 123 6 6
126 123 6 6
126 124 6 6
127 125 6 6
127 120 6 6
128 120 6 6
128 127 6 6
129 123 6 6
129 127 6 6
130 129 6 6
130 128 6 6
131 122 6 6
131 125 6 6
132 125 6 6
132 130 6 6
133 131 6 6
133 127 6 6
134 120 6 6
134 127 6 6
135 129 6 6
135 134 6 6
136 121 6 6
136 131 6 6
137 127 6 6
137 124 6 6
138 123 6 6
138 131 6 6
139 131 6 6
139 134 6 6
120 131 6 6
120 137 6 6
121 138 6 6
121 132 6 6
142 141 7 7
142 140 7 7
143 140 7 7
143 142 7 7
144 142 7 7
144 141 7 7
145 142 7 7
145 143 7 7
146 141 7 7
146 144 7 7
147 142 7 7
147 146 7 7
148 145 7 7
148 140 7 7
149 145 7 7
149 141 7 7
150 144 7 7
150 141 7 7
151 149 7 7
151 143 7 7
152 144 7 7
152 141 7 7
153 150 7 7
153 146 7 7
154 144 7 7
154 147 7 7
155 145 7 7
155 146 7 7
156 147 7 7
156 150 7 7
157 141 7 7
157 153 7 7
158 153 7 7
158 155 7 7
159 141 7 7
159 152 7 7
140 153 7 7
140 145 7 7
141 153 7 7
141 158 7 7
162 161 8 8
162 160 8 8
163 162 8 8
163 160 8 8
164 162 8 8
164 161 8 8
165 161 8 8
165 162 8 8
166 164 8 8
166 161 8 8
167 164 8 8
167 161 8 8
168 161 8 8
168 160 8 8
169 165 8 8
169 164 8 8
170 167 8 8
170 165 8 8
171 162 8 8
171 163 8 8
172 160 8 8
172 163 8 8
173 162 8 8
173 167 8 8
174 160 8 8
174 166 8 8
175 163 8 8
175 167 8 8
176 169 8 8
176 167 8 8
177 165 8 8
177 170 8 8
178 168 8 8
178 167 8 8
179 168 8 8
179 166 8 8
160 167 8 8
160 165 8 8
161 163 8 8
161 174 8 8
182 180 9 9
182 181 9 9
183 181 9 9
183 182 9 9
184 180 9 9
184 183 9 9
185 180 9 9
185 181 9 9
186 182 9 9
186 181 9 9
187 183 9 9
187 182 9 9
188 180 9 9
188 183 9 9
189 180 9 9
189 185 9 9
190 184 9 9
190 189 9 9
191 181 9 9
191 186 9 9
192 185 9 9
192 182 9 9
193 184 9 9
193 186 9 9
194 193 9 9
194 184 9 9
195 185 9 9
195 193 9 9
196 195 9 9
196 188 9 9
197 183 9 9
197 184 9 9
198 182 9 9
198 188 9 9
199 185 9 9
199 194 9 9
180 192 9 9
180 193 9 9
181 193 9 9
181 195 9 9
202 200 10 10
202 201 10 10
203 201 10 10
203 202 10 10
204 202 10 10
204 201 10 10
205 200 10 10
205 203 10 10
206 205 10 10
206 201 10 10
207 202 10 10
207 205 10 10
208 202 10 10
208 201 10 10
209 204 10 10
209 202 10 10
210 205 10 10
210 201 10 10
211 202 10 10
211 204 10 10
212 206 10 10
212 208 10 10
213 212 10 10
213 209 10 10
214 205 10 10
214 206 10 10
215 206 10 10
215 205 10 10
216 201 10 10
216 208 10 10
217 201 10 10
217 207 10 10
218 205 10 10
218 206 10 10
219 217 10 10
219 200 10 10
200 217 10 10
200 206 10 10
201 207 10 10
201 218 10 10
222 221 11 11
222 220 11 11
223 221 11 11
223 220 11 11
224 221 11 11
224 220 11 11
225 220 11 11
225 222 11 11
226 220 11 11
226 223 11 11
227 222 11 11
227 220 11 11
228 227 11 11
228 222 11 11
229 222 11 11
229 224 11 11
230 228 11 11
230 222 11 11
231 230 11 11
231 229 11 11
232 224 11 11
232 223 11 11
233 220 11 11
233 228 11 11
234 220 11 11
234 223 11 11
235 221 11 11
235 224 11 11
236 234 11 11
236 232 11 11
237 221 11 11
237 226 11 11
238 234 11 11
238 220 11 11
239 238 11 11
239 232 11 11
220 230 11 11
220 237 11 11
221 228 11 11
221 229 11 11
242 241 12 12
242 240 12 12
243 240 12 12
243 241 12 12
244 241 12 12
244 240 12 12
245 244 12 12
245 242 12 12
246 242 12 12
246 245 12 12
247 244 12 12
247 246 12 12
248 240 12 12
248 244 12 12
249 242 12 12
249 241 12 12
250 248 12 12
250 245 12 12
251 246 12 12
251 247 12 12
252 248 12 12
252 246 12 12
253 251 12 12
253 252 12 12
254 252 12 12
254 246 12 12
255 251 12 12
255 240 12 12
256 253 12 12
256 245 12 12
257 256 12 12
257 247 12 12
258 248 12 12
258 251 12 12
259 249 12 12
259 247 12 12
240 249 12 12
240 245 12 12
241 259 12 12
241 256 12 12
262 261 13 13
262 260 13 13
263 262 13 13
263 260 13 13
264 262 13 13
264 261 13 13
265 263 13 13
265 260 13 13
266 264 13 13
266 265 13 13
267 262 13 13
267 263 13 13
268 266 13 13
268 267 13 13
269 268 13 13
269 262 13 13
270 265 13 13
270 261 13 13
271 267 13 13
271 263 13 13
272 265 13 13
272 267 13 13
273 266 13 13
273 271 13 13
274 273 13 13
274 264 13 13
275 270 13 13
275 271 13 13
276 275 13 13
276 272 13 13
277 276 13 13
277 274 13 13
278 263 13 13
278 274 13 13
279 261 13 13
279 262 13 13
260 275 13 13
260 278 13 13
261 271 13 13
261 272 13 13
282 280 14 14
282 281 14 14
283 282 14 14
283 281 14 14
284 282 14 14
284 280 14 14
285 281 14 14
285 284 14 14
286 281 14 14
286 283 14 14
287 282 14 14
287 281 14 14
288 281 14 14
288 280 14 14
289 286 14 14
289 281 14 14
290 280 14 14
290 288 14 14
291 286 14 14
291 283 14 14
292 282 14 14
292 286 14 14
293 287 14 14
293 280 14 14
294 283 14 14
294 282 14 14
295 288 14 14
295 282 14 14
296 294 14 14
296 281 14 14
297 287 14 14
297 280 14 14
298 286 14 14
298 285 14 14
299 286 14 14
299 289 14 14
280 287 14 14
280 283 14 14
281 298 14 14
281 292 14 14
302 301 15 15
302 300 15 15
303 301 15 15
303 300 15 15
304 300 15 15
304 301 15 15
305 300 15 15
305 304 15 15
306 301 15 15
306 300 15 15
307 304 15 15
307 303 15 15
308 300 15 15
308 305 15 15
309 302 15 15
309 300 15 15
310 304 15 15
310 305 15 15
311 307 15 15
311 301 15 15
312 311 15 15
312 310 15 15
313 302 15 15
313 303 15 15
314 301 15 15
314 308 15 15
315 301 15 15
315 303 15 15
316 308 15 15
316 315 15 15
317 307 15 15
317 308 15 15
318 317 15 15
318 316 15 15
319 314 15 15
319 305 15 15
300 311 15 15
300 314 15 15
301 309 15 15
301 319 15 15
57 21 2 1
41 13 2 0
62 28 3 1
62 12 3 0
99 31 4 1
91 11 4 0
104 27 5 1
118 95 5 4
127 63 6 3
127 50 6 2
153 19 7 0
151 66 7 3
171 37 8 1
169 113 8 5
183 60 9 3
187 115 9 5
204 185 10 9
212 39 10 1
223 179 11 8
224 69 11 3
243 64 12 3
250 184 12 9
263 6 13 0
276 244 13 12
289 155 14 7
293 170 14 8
308 40 15 2
319 180 15 9
8 112 0 5
14 163 0 8
33 241 1 12
21 220 1 11
