swNum = 320
edgeNum = 672

0 0
1 0
2 0
3 0
4 0
5 0
6 0
7 0
8 0
9 0
10 0
11 0
12 0
13 0
14 0
15 0
16 0
17 0
18 0
19 0
20 1
21 1
22 1
23 1
24 1
25 1
26 1
27 1
28 1
29 1
30 1
31 1
32 1
33 1
34 1
35 1
36 1
37 1
38 1
39 1
40 2
41 2
42 2
43 2
44 2
45 2
46 2
47 2
48 2
49 2
50 2
51 2
52 2
53 2
54 2
55 2
56 2
57 2
58 2
59 2
60 3
61 3
62 3
63 3
64 3
65 3
66 3
67 3
68 3
69 3
70 3
71 3
72 3
73 3
74 3
75 3
76 3
77 3
78 3
79 3
80 4
81 4
82 4
83 4
84 4
85 4
86 4
87 4
88 4
89 4
90 4
91 4
92 4
93 4
94 4
95 4
96 4
97 4
98 4
99 4
100 5
101 5
102 5
103 5
104 5
105 5
106 5
107 5
108 5
109 5
110 5
111 5
112 5
113 5
114 5
115 5
116 5
117 5
118 5
119 5
120 6
121 6
122 6
123 6
124 6
125 6
126 6
127 6
128 6
129 6
130 6
131 6
132 6
133 6
134 6
135 6
136 6
137 6
138 6
139 6
140 7
141 7
142 7
143 7
144 7
145 7
146 7
147 7
148 7
149 7
150 7
151 7
152 7
153 7
154 7
155 7
156 7
157 7
158 7
159 7
160 8
161 8
162 8
163 8
164 8
165 8
166 8
167 8
168 8
169 8
170 8
171 8
172 8
173 8
174 8
175 8
176 8
177 8
178 8
179 8
180 9
181 9
182 9
183 9
184 9
185 9
186 9
187 9
188 9
189 9
190 9
191 9
192 9
193 9
194 9
195 9
196 9
197 9
198 9
199 9
200 10
201 10
202 10
203 10
204 10
205 10
206 10
207 10
208 10
209 10
210 10
211 10
212 10
213 10
214 10
215 10
216 10
217 10
218 10
219 10
220 11
221 11
222 11
223 11
224 11
225 11
226 11
227 11
228 11
229 11
230 11
231 11
232 11
233 11
234 11
235 11
236 11
237 11
238 11
239 11
240 12
241 12
242 12
243 12
244 12
245 12
246 12
247 12
248 12
249 12
250 12
251 12
252 12
253 12
254 12
255 12
256 12
257 12
258 12
259 12
260 13
261 13
262 13
263 13
264 13
265 13
266 13
267 13
268 13
269 13
270 13
271 13
272 13
273 13
274 13
275 13
276 13
277 13
278 13
279 13
280 14
281 14
282 14
283 14
284 14
285 14
286 14
287 14
288 14
289 14
290 14
291 14
292 14
293 14
294 14
295 14
296 14
297 14
298 14
299 14
300 15
301 15
302 15
303 15
304 15
305 15
306 15
307 15
308 15
309 15
310 15
311 15
312 15
313 15
314 15
315 15
316 15
317 15
318 15
319 15

2 1 0 0
2 0 0 0
3 2 0 0
3 1 0 0
4 3 0 0
4 2 0 0
5 3 0 0
5 4 0 0
6 5 0 0
6 0 0 0
7 5 0 0
7 3 0 0
8 2 0 0
8 1 0 0
9 5 0 0
9 0 0 0
10 1 0 0
10 2 0 0
11 9 0 0
11 1 0 0
12 3 0 0
12 11 0 0
13 7 0 0
13 3 0 0
14 13 0 0
14 1 0 0
15 9 0 0
15 7 0 0
16 5 0 0
16 6 0 0
17 10 0 0
17 5 0 0
18 16 0 0
18 12 0 0
19 14 0 0
19 1 0 0
0 11 0 0
0 18 0 0
1 17 0 0
1 7 0 0
22 21 1 1
22 20 1 1
23 22 1 1
23 21 1 1
24 22 1 1
24 21 1 1
25 22 1 1
25 23 1 1
26 24 1 1
26 22 1 1
27 26 1 1
27 21 1 1
28 27 1 1
28 20 1 1
29 24 1 1
29 26 1 1
30 25 1 1
30 24 1 1
31 24 1 1
31 25 1 1
32 23 1 1
32 22 1 1
33 27 1 1
33 31 1 1
34 27 1 1
34 32 1 1
35 25 1 1
35 30 1 1
36 21 1 1
36 25 1 1
37 21 1 1
37 31 1 1
38 29 1 1
38 37 1 1
39 29 1 1
39 34 1 1
20 35 1 1
20 36 1 1
21 25 1 1
21 30 1 1
42 40 2 2
42 41 2 2
43 40 2 2
43 42 2 2
44 41 2 2
44 42 2 2
45 43 2 2
45 41 2 2
46 40 2 2
46 45 2 2
47 46 2 2
47 43 2 2
48 45 2 2
48 42 2 2
49 48 2 2
49 47 2 2
50 42 2 2
50 41 2 2
51 41 2 2
51 50 2 2
52 45 2 2
52 50 2 2
53 40 2 2
53 51 2 2
54 50 2 2
54 44 2 2
55 48 2 2
55 40 2 2
56 44 2 2
56 52 2 2
57 46 2 2
57 49 2 2
58 53 2 2
58 48 2 2
59 46 2 2
59 48 2 2
40 48 2 2
40 59 2 2
41 49 2 2
41 57 2 2
62 60 3 3
62 61 3 3
63 60 3 3
63 61 3 3
64 62 3 3
64 61 3 3
65 64 3 3
65 63 3 3
66 65 3 3
66 62 3 3
67 66 3 3
67 62 3 3
68 63 3 3
68 61 3 3
69 66 3 3
69 60 3 3
70 60 3 3
70 67 3 3
71 65 3 3
71 60 3 3
72 65 3 3
72 70 3 3
73 69 3 3
73 60 3 3
74 63 3 3
74 72 3 3
75 66 3 3
75 60 3 3
76 73 3 3
76 62 3 3
77 61 3 3
77 74 3 3
78 64 3 3
78 62 3 3
79 69 3 3
79 65 3 3
60 78 3 3
60 74 3 3
61 74 3 3
61 67 3 3
82 80 4 4
82 81 4 4
83 82 4 4
83 80 4 4
84 81 4 4
84 83 4 4
85 80 4 4
85 81 4 4
86 85 4 4
86 83 4 4
87 82 4 4
87 85 4 4
88 84 4 4
88 83 4 4
89 87 4 4
89 80 4 4
90 84 4 4
90 89 4 4
91 90 4 4
91 81 4 4
92 89 4 4
92 86 4 4
93 80 4 4
93 86 4 4
94 87 4 4
94 84 4 4
95 82 4 4
95 89 4 4
96 82 4 4
96 81 4 4
97 80 4 4
97 83 4 4
98 96 4 4
98 86 4 4
99 93 4 4
99 80 4 4
80 92 4 4
80 84 4 4
81 99 4 4
81 93 4 4
102 100 5 5
102 101 5 5
103 102 5 5
103 100 5 5
104 102 5 5
104 101 5 5
105 100 5 5
105 102 5 5
106 105 5 5
106 104 5 5
107 106 5 5
107 103 5 5
108 105 5 5
108 101 5 5
109 102 5 5
109 105 5 5
110 108 5 5
110 102 5 5
111 103 5 5
111 104 5 5
112 104 5 5
112 101 5 5
113 102 5 5
113 108 5 5
114 104 5 5
114 108 5 5
115 110 5 5
115 104 5 5
116 115 5 5
116 103 5 5
117 104 5 5
117 105 5 5
118 107 5 5
118 116 5 5
119 117 5 5
119 102 5 5
100 119 5 5
100 114 5 5
101 114 5 5
101 118 5 5
122 120 6 6
122 121 6 6
123 122 6 6
123 121 6 6
124 120 6 6
124 121 6 6
125 122 6 6
125 121 6 6
126 123 6 6
126 124 6 6
127 120 6 6
127 124 6 6
128 125 6 6
128 126 6 6
129 126 6 6
129 124 6 6
130 129 6 6
130 125 6 6
131 127 6 6
131 121 6 6
132 128 6 6
132 125 6 6
133 132 6 6
133 128 6 6
134 122 6 6
134 123 6 6
135 126 6 6
135 123 6 6
136 125 6 6
136 126 6 6
137 135 6 6
137 133 6 6
138 126 6 6
138 124 6 6
139 137 6 6
139 132 6 6
120 138 6 6
120 125 6 6
121 137 6 6
121 136 6 6
142 141 7 7
142 140 7 7
143 141 7 7
143 140 7 7
144 141 7 7
144 140 7 7
145 141 7 7
145 144 7 7
146 143 7 7
146 141 7 7
147 145 7 7
147 141 7 7
148 142 7 7
148 141 7 7
149 146 7 7
149 140 7 7
150 145 7 7
150 147 7 7
151 144 7 7
151 141 7 7
152 148 7 7
152 151 7 7
153 142 7 7
153 149 7 7
154 142 7 7
154 151 7 7
155 151 7 7
155 141 7 7
156 153 7 7
156 155 7 7
157 151 7 7
157 141 7 7
158 155 7 7
158 156 7 7
159 145 7 7
159 144 7 7
140 145 7 7
140 158 7 7
141 150 7 7
141 153 7 7
162 160 8 8
162 161 8 8
163 162 8 8
163 160 8 8
164 160 8 8
164 162 8 8
165 160 8 8
165 163 8 8
166 163 8 8
166 162 8 8
167 165 8 8
167 160 8 8
168 160 8 8
168 166 8 8
169 162 8 8
169 167 8 8
170 163 8 8
170 162 8 8
171 164 8 8
171 170 8 8
172 168 8 8
172 167 8 8
173 165 8 8
173 170 8 8
174 168 8 8
174 172 8 8
175 166 8 8
175 162 8 8
176 174 8 8
176 169 8 8
177 171 8 8
177 175 8 8
178 168 8 8
178 174 8 8
179 172 8 8
179 167 8 8
160 172 8 8
160 179 8 8
161 169 8 8
161 168 8 8
182 181 9 9
182 180 9 9
183 180 9 9
183 182 9 9
184 182 9 9
184 180 9 9
185 183 9 9
185 184 9 9
186 180 9 9
186 184 9 9
187 185 9 9
187 183 9 9
188 180 9 9
188 187 9 9
189 187 9 9
189 183 9 9
190 184 9 9
190 183 9 9
191 185 9 9
191 183 9 9
192 186 9 9
192 191 9 9
193 192 9 9
193 181 9 9
194 192 9 9
194 191 9 9
195 190 9 9
195 185 9 9
196 182 9 9
196 194 9 9
197 195 9 9
197 187 9 9
198 194 9 9
198 196 9 9
199 184 9 9
199 197 9 9
180 185 9 9
180 187 9 9
181 196 9 9
181 190 9 9
202 200 10 10
202 201 10 10
203 202 10 10
203 200 10 10
204 202 10 10
204 203 10 10
205 204 10 10
205 200 10 10
206 202 10 10
206 203 10 10
207 203 10 10
207 200 10 10
208 202 10 10
208 204 10 10
209 202 10 10
209 201 10 10
210 203 10 10
210 209 10 10
211 209 10 10
211 201 10 10
212 202 10 10
212 207 10 10
213 208 10 10
213 201 10 10
214 207 10 10
214 212 10 10
215 209 10 10
215 205 10 10
216 212 10 10
216 213 10 10
217 207 10 10
217 213 10 10
218 210 10 10
218 203 10 10
219 209 10 10
219 218 10 10
200 213 10 10
200 208 10 10
201 218 10 10
201 203 10 10
222 221 11 11
222 220 11 11
223 222 11 11
223 220 11 11
224 220 11 11
224 222 11 11
225 220 11 11
225 221 11 11
226 221 11 11
226 224 11 11
227 223 11 11
227 222 11 11
228 223 11 11
228 220 11 11
229 228 11 11
229 224 11 11
230 220 11 11
230 228 11 11
231 224 11 11
231 228 11 11
232 226 11 11
232 222 11 11
233 231 11 11
233 222 11 11
234 229 11 11
234 233 11 11
235 221 11 11
235 232 11 11
236 220 11 11
236 228 11 11
237 232 11 11
237 236 11 11
238 222 11 11
238 235 11 11
239 224 11 11
239 220 11 11
220 233 11 11
220 232 11 11
221 236 11 11
221 223 11 11
242 240 12 12
242 241 12 12
243 242 12 12
243 241 12 12
244 241 12 12
244 240 12 12
245 244 12 12
245 243 12 12
246 244 12 12
246 242 12 12
247 240 12 12
247 246 12 12
248 245 12 12
248 246 12 12
249 242 12 12
249 246 12 12
250 246 12 12
250 247 12 12
251 247 12 12
251 248 12 12
252 245 12 12
252 246 12 12
253 247 12 12
253 241 12 12
254 252 12 12
254 241 12 12
255 244 12 12
255 253 12 12
256 250 12 12
256 243 12 12
257 250 12 12
257 255 12 12
258 254 12 12
258 245 12 12
259 240 12 12
259 249 12 12
240 258 12 12
240 255 12 12
241 255 12 12
241 246 12 12
262 261 13 13
262 260 13 13
263 260 13 13
263 261 13 13
264 262 13 13
264 263 13 13
265 263 13 13
265 260 13 13
266 261 13 13
266 265 13 13
267 261 13 13
267 264 13 13
268 261 13 13
268 267 13 13
269 262 13 13
269 267 13 13
270 262 13 13
270 269 13 13
271 260 13 13
271 264 13 13
272 264 13 13
272 270 13 13
273 268 13 13
273 264 13 13
274 272 13 13
274 270 13 13
275 270 13 13
275 262 13 13
276 267 13 13
276 260 13 13
277 275 13 13
277 270 13 13
278 272 13 13
278 273 13 13
279 260 13 13
279 266 13 13
260 268 13 13
260 278 13 13
261 265 13 13
261 279 13 13
282 281 14 14
282 280 14 14
283 282 14 14
283 281 14 14
284 280 14 14
284 282 14 14
285 281 14 14
285 280 14 14
286 282 14 14
286 281 14 14
287 282 14 14
287 280 14 14
288 286 14 14
288 280 14 14
289 282 14 14
289 284 14 14
290 284 14 14
290 283 14 14
291 284 14 14
291 289 14 14
292 282 14 14
292 289 14 14
293 287 14 14
293 285 14 14
294 285 14 14
294 293 14 14
295 292 14 14
295 288 14 14
296 293 14 14
296 285 14 14
297 286 14 14
297 282 14 14
298 291 14 14
298 297 14 14
299 289 14 14
299 298 14 14
280 286 14 14
280 291 14 14
281 292 14 14
281 284 14 14
302 301 15 15
302 300 15 15
303 302 15 15
303 300 15 15
304 302 15 15
304 303 15 15
305 301 15 15
305 302 15 15
306 302 15 15
306 305 15 15
307 304 15 15
307 302 15 15
308 302 15 15
308 301 15 15
309 304 15 15
309 308 15 15
310 307 15 15
310 308 15 15
311 301 15 15
311 306 15 15
312 304 15 15
312 307 15 15
313 305 15 15
313 306 15 15
314 302 15 15
314 312 15 15
315 310 15 15
315 305 15 15
316 305 15 15
316 301 15 15
317 300 15 15
317 311 15 15
318 303 15 15
318 300 15 15
319 313 15 15
319 303 15 15
300 319 15 15
300 308 15 15
301 317 15 15
301 306 15 15
55 33 2 1
55 3 2 0
63 42 3 2
70 25 3 1
89 11 4 0
90 72 4 3
112 77 5 3
110 18 5 0
132 58 6 2
127 72 6 3
152 32 7 1
155 16 7 0
160 69 8 3
169 107 8 5
187 66 9 3
194 166 9 8
201 102 10 5
206 165 10 8
236 92 11 4
228 0 11 0
242 224 12 11
259 197 12 9
270 144 13 7
269 55 13 2
287 32 14 1
290 171 14 8
316 170 15 8
318 255 15 12
19 61 0 3
15 289 0 14
37 117 1 5
27 205 1 10
