swNum = 320
edgeNum = 672

0 0
1 0
2 0
3 0
4 0
5 0
6 0
7 0
8 0
9 0
10 0
11 0
12 0
13 0
14 0
15 0
16 0
17 0
18 0
19 0
20 1
21 1
22 1
23 1
24 1
25 1
26 1
27 1
28 1
29 1
30 1
31 1
32 1
33 1
34 1
35 1
36 1
37 1
38 1
39 1
40 2
41 2
42 2
43 2
44 2
45 2
46 2
47 2
48 2
49 2
50 2
51 2
52 2
53 2
54 2
55 2
56 2
57 2
58 2
59 2
60 3
61 3
62 3
63 3
64 3
65 3
66 3
67 3
68 3
69 3
70 3
71 3
72 3
73 3
74 3
75 3
76 3
77 3
78 3
79 3
80 4
81 4
82 4
83 4
84 4
85 4
86 4
87 4
88 4
89 4
90 4
91 4
92 4
93 4
94 4
95 4
96 4
97 4
98 4
99 4
100 5
101 5
102 5
103 5
104 5
105 5
106 5
107 5
108 5
109 5
110 5
111 5
112 5
113 5
114 5
115 5
116 5
117 5
118 5
119 5
120 6
121 6
122 6
123 6
124 6
125 6
126 6
127 6
128 6
129 6
130 6
131 6
132 6
133 6
134 6
135 6
136 6
137 6
138 6
139 6
140 7
141 7
142 7
143 7
144 7
145 7
146 7
147 7
148 7
149 7
150 7
151 7
152 7
153 7
154 7
155 7
156 7
157 7
158 7
159 7
160 8
161 8
162 8
163 8
164 8
165 8
166 8
167 8
168 8
169 8
170 8
171 8
172 8
173 8
174 8
175 8
176 8
177 8
178 8
179 8
180 9
181 9
182 9
183 9
184 9
185 9
186 9
187 9
188 9
189 9
190 9
191 9
192 9
193 9
194 9
195 9
196 9
197 9
198 9
199 9
200 10
201 10
202 10
203 10
204 10
205 10
206 10
207 10
208 10
209 10
210 10
211 10
212 10
213 10
214 10
215 10
216 10
217 10
218 10
219 10
220 11
221 11
222 11
223 11
224 11
225 11
226 11
227 11
228 11
229 11
230 11
231 11
232 11
233 11
234 11
235 11
236 11
237 11
238 11
239 11
240 12
241 12
242 12
243 12
244 12
245 12
246 12
247 12
248 12
249 12
250 12
251 12
252 12
253 12
254 12
255 12
256 12
257 12
258 12
259 12
260 13
261 13
262 13
263 13
264 13
265 13
266 13
267 13
268 13
269 13
270 13
271 13
272 13
273 13
274 13
275 13
276 13
277 13
278 13
279 13
280 14
281 14
282 14
283 14
284 14
285 14
286 14
287 14
288 14
289 14
290 14
291 14
292 14
293 14
294 14
295 14
296 14
297 14
298 14
299 14
300 15
301 15
302 15
303 15
304 15
305 15
306 15
307 15
308 15
309 15
310 15
311 15
312 15
313 15
314 15
315 15
316 15
317 15
318 15
319 15

2 0 0 0
2 1 0 0
3 2 0 0
3 0 0 0
4 3 0 0
4 0 0 0
5 3 0 0
5 2 0 0
6 1 0 0
6 0 0 0
7 5 0 0
7 2 0 0
8 2 0 0
8 6 0 0
9 6 0 0
9 1 0 0
10 8 0 0
10 1 0 0
11 1 0 0
11 3 0 0
12 4 0 0
12 5 0 0
13 12 0 0
13 3 0 0
14 5 0 0
14 6 0 0
15 3 0 0
15 11 0 0
16 3 0 0
16 14 0 0
17 12 0 0
17 13 0 0
18 15 0 0
18 5 0 0
19 7 0 0
19 18 0 0
0 9 0 0
0 17 0 0
1 15 0 0
1 14 0 0
22 21 1 1
22 20 1 1
23 21 1 1
23 20 1 1
24 23 1 1
24 21 1 1
25 23 1 1
25 24 1 1
26 24 1 1
26 25 1 1
27 25 1 1
27 21 1 1
28 20 1 1
28 25 1 1
29 25 1 1
29 22 1 1
30 20 1 1
30 29 1 1
31 25 1 1
31 24 1 1
32 27 1 1
32 20 1 1
33 24 1 1
33 32 1 1
34 20 1 1
34 25 1 1
35 23 1 1
35 21 1 1
36 26 1 1
36 33 1 1
37 28 1 1
37 27 1 1
38 23 1 1
38 24 1 1
39 35 1 1
39 31 1 1
20 24 1 1
20 37 1 1
21 30 1 1
21 31 1 1
42 41 2 2
42 40 2 2
43 40 2 2
43 41 2 2
44 40 2 2
44 42 2 2
45 40 2 2
45 41 2 2
46 41 2 2
46 45 2 2
47 41 2 2
47 45 2 2
48 41 2 2
48 44 2 2
49 44 2 2
49 40 2 2
50 48 2 2
50 44 2 2
51 45 2 2
51 48 2 2
52 51 2 2
52 40 2 2
53 50 2 2
53 41 2 2
54 40 2 2
54 49 2 2
55 42 2 2
55 50 2 2
56 46 2 2
56 51 2 2
57 50 2 2
57 53 2 2
58 54 2 2
58 51 2 2
59 56 2 2
59 49 2 2
40 57 2 2
40 55 2 2
41 54 2 2
41 59 2 2
62 60 3 3
62 61 3 3
63 62 3 3
63 61 3 3
64 63 3 3
64 60 3 3
65 62 3 3
65 60 3 3
66 65 3 3
66 63 3 3
67 65 3 3
67 66 3 3
68 60 3 3
68 64 3 3
69 61 3 3
69 68 3 3
70 64 3 3
70 63 3 3
71 62 3 3
71 60 3 3
72 70 3 3
72 61 3 3
73 60 3 3
73 66 3 3
74 73 3 3
74 71 3 3
75 70 3 3
75 69 3 3
76 69 3 3
76 64 3 3
77 67 3 3
77 70 3 3
78 67 3 3
78 73 3 3
79 76 3 3
79 60 3 3
60 74 3 3
60 66 3 3
61 76 3 3
61 68 3 3
82 80 4 4
82 81 4 4
83 80 4 4
83 82 4 4
84 83 4 4
84 81 4 4
85 81 4 4
85 84 4 4
86 83 4 4
86 80 4 4
87 83 4 4
87 81 4 4
88 81 4 4
88 85 4 4
89 86 4 4
89 82 4 4
90 82 4 4
90 89 4 4
91 86 4 4
91 83 4 4
92 90 4 4
92 86 4 4
93 82 4 4
93 85 4 4
94 87 4 4
94 91 4 4
95 89 4 4
95 91 4 4
96 83 4 4
96 91 4 4
97 95 4 4
97 89 4 4
98 90 4 4
98 89 4 4
99 83 4 4
99 88 4 4
80 98 4 4
80 90 4 4
81 97 4 4
81 93 4 4
102 100 5 5
102 101 5 5
103 102 5 5
103 100 5 5
104 101 5 5
104 100 5 5
105 104 5 5
105 103 5 5
106 100 5 5
106 104 5 5
107 104 5 5
107 102 5 5
108 103 5 5
108 104 5 5
109 107 5 5
109 104 5 5
110 103 5 5
110 101 5 5
111 106 5 5
111 102 5 5
112 111 5 5
112 102 5 5
113 104 5 5
113 110 5 5
114 107 5 5
114 108 5 5
115 107 5 5
115 112 5 5
116 106 5 5
116 102 5 5
117 108 5 5
117 111 5 5
118 113 5 5
118 108 5 5
119 101 5 5
119 104 5 5
100 114 5 5
100 119 5 5
101 114 5 5
101 106 5 5
122 120 6 6
122 121 6 6
123 121 6 6
123 122 6 6
124 120 6 6
124 121 6 6
125 120 6 6
125 122 6 6
126 123 6 6
126 122 6 6
127 125 6 6
127 122 6 6
128 122 6 6
128 126 6 6
129 125 6 6
129 124 6 6
130 124 6 6
130 128 6 6
131 125 6 6
131 129 6 6
132 130 6 6
132 120 6 6
133 132 6 6
133 129 6 6
134 123 6 6
134 132 6 6
135 133 6 6
135 132 6 6
136 129 6 6
136 120 6 6
137 135 6 6
137 123 6 6
138 120 6 6
138 127 6 6
139 133 6 6
139 130 6 6
120 131 6 6
120 128 6 6
121 128 6 6
121 139 6 6
142 140 7 7
142 141 7 7
143 142 7 7
143 140 7 7
144 141 7 7
144 142 7 7
145 140 7 7
145 142 7 7
146 143 7 7
146 140 7 7
147 140 7 7
147 141 7 7
148 142 7 7
148 140 7 7
149 146 7 7
149 145 7 7
150 141 7 7
150 147 7 7
151 147 7 7
151 144 7 7
152 143 7 7
152 151 7 7
153 142 7 7
153 144 7 7
154 150 7 7
154 141 7 7
155 142 7 7
155 149 7 7
156 155 7 7
156 148 7 7
157 144 7 7
157 155 7 7
158 148 7 7
158 143 7 7
159 149 7 7
159 152 7 7
140 152 7 7
140 159 7 7
141 153 7 7
141 151 7 7
162 161 8 8
162 160 8 8
163 160 8 8
163 161 8 8
164 162 8 8
164 161 8 8
165 164 8 8
165 162 8 8
166 164 8 8
166 160 8 8
167 162 8 8
167 160 8 8
168 160 8 8
168 164 8 8
169 161 8 8
169 160 8 8
170 160 8 8
170 167 8 8
171 168 8 8
171 164 8 8
172 165 8 8
172 166 8 8
173 167 8 8
173 160 8 8
174 163 8 8
174 173 8 8
175 161 8 8
175 169 8 8
176 166 8 8
176 164 8 8
177 176 8 8
177 164 8 8
178 170 8 8
178 177 8 8
179 173 8 8
179 161 8 8
160 171 8 8
160 174 8 8
161 168 8 8
161 177 8 8
182 181 9 9
182 180 9 9
183 180 9 9
183 182 9 9
184 180 9 9
184 181 9 9
185 183 9 9
185 180 9 9
186 181 9 9
186 182 9 9
187 181 9 9
187 182 9 9
188 184 9 9
188 182 9 9
189 185 9 9
189 187 9 9
190 180 9 9
190 189 9 9
191 180 9 9
191 185 9 9
192 183 9 9
192 185 9 9
193 189 9 9
193 185 9 9
194 180 9 9
194 190 9 9
195 182 9 9
195 180 9 9
196 192 9 9
196 186 9 9
197 189 9 9
197 181 9 9
198 185 9 9
198 184 9 9
199 195 9 9
199 190 9 9
180 189 9 9
180 186 9 9
181 192 9 9
181 191 9 9
202 200 10 10
202 201 10 10
203 202 10 10
203 201 10 10
204 203 10 10
204 202 10 10
205 202 10 10
205 201 10 10
206 202 10 10
206 200 10 10
207 203 10 10
207 206 10 10
208 205 10 10
208 201 10 10
209 200 10 10
209 208 10 10
210 201 10 10
210 200 10 10
211 206 10 10
211 202 10 10
212 205 10 10
212 203 10 10
213 212 10 10
213 211 10 10
214 210 10 10
214 211 10 10
215 203 10 10
215 205 10 10
216 203 10 10
216 202 10 10
217 213 10 10
217 205 10 10
218 204 10 10
218 214 10 10
219 200 10 10
219 207 10 10
200 216 10 10
200 207 10 10
201 219 10 10
201 209 10 10
222 221 11 11
222 220 11 11
223 221 11 11
223 222 11 11
224 222 11 11
224 223 11 11
225 223 11 11
225 224 11 11
226 222 11 11
226 221 11 11
227 224 11 11
227 222 11 11
228 223 11 11
228 222 11 11
229 226 11 11
229 228 11 11
230 226 11 11
230 220 11 11
231 230 11 11
231 227 11 11
232 220 11 11
232 230 11 11
233 226 11 11
233 222 11 11
234 224 11 11
234 225 11 11
235 231 11 11
235 229 11 11
236 232 11 11
236 220 11 11
237 223 11 11
237 225 11 11
238 228 11 11
238 226 11 11
239 222 11 11
239 223 11 11
220 228 11 11
220 231 11 11
221 231 11 11
221 238 11 11
242 241 12 12
242 240 12 12
243 242 12 12
243 240 12 12
244 241 12 12
244 243 12 12
245 242 12 12
245 244 12 12
246 244 12 12
246 242 12 12
247 241 12 12
247 242 12 12
248 245 12 12
248 242 12 12
249 240 12 12
249 241 12 12
250 243 12 12
250 242 12 12
251 246 12 12
251 248 12 12
252 243 12 12
252 241 12 12
253 252 12 12
253 245 12 12
254 251 12 12
254 252 12 12
255 249 12 12
255 244 12 12
256 248 12 12
256 245 12 12
257 247 12 12
257 256 12 12
258 241 12 12
258 243 12 12
259 251 12 12
259 253 12 12
240 252 12 12
240 257 12 12
241 253 12 12
241 254 12 12
262 260 13 13
262 261 13 13
263 260 13 13
263 262 13 13
264 260 13 13
264 262 13 13
265 263 13 13
265 261 13 13
266 263 13 13
266 265 13 13
267 266 13 13
267 261 13 13
268 262 13 13
268 260 13 13
269 262 13 13
269 264 13 13
270 269 13 13
270 266 13 13
271 269 13 13
271 262 13 13
272 270 13 13
272 269 13 13
273 262 13 13
273 264 13 13
274 273 13 13
274 262 13 13
275 260 13 13
275 261 13 13
276 260 13 13
276 270 13 13
277 267 13 13
277 270 13 13
278 268 13 13
278 269 13 13
279 268 13 13
279 273 13 13
260 267 13 13
260 269 13 13
261 272 13 13
261 279 13 13
282 281 14 14
282 280 14 14
283 282 14 14
283 280 14 14
284 280 14 14
284 281 14 14
285 280 14 14
285 284 14 14
286 282 14 14
286 285 14 14
287 286 14 14
287 282 14 14
288 284 14 14
288 287 14 14
289 281 14 14
289 282 14 14
290 288 14 14
290 283 14 14
291 281 14 14
291 290 14 14
292 283 14 14
292 290 14 14
293 282 14 14
293 286 14 14
294 282 14 14
294 293 14 14
295 282 14 14
295 283 14 14
296 291 14 14
296 283 14 14
297 287 14 14
297 295 14 14
298 281 14 14
298 288 14 14
299 292 14 14
299 287 14 14
280 289 14 14
280 293 14 14
281 286 14 14
281 288 14 14
302 301 15 15
302 300 15 15
303 300 15 15
303 301 15 15
304 300 15 15
304 302 15 15
305 301 15 15
305 304 15 15
306 300 15 15
306 302 15 15
307 301 15 15
307 305 15 15
308 305 15 15
308 301 15 15
309 302 15 15
309 301 15 15
310 300 15 15
310 304 15 15
311 309 15 15
311 306 15 15
312 305 15 15
312 309 15 15
313 303 15 15
313 311 15 15
314 313 15 15
314 307 15 15
315 312 15 15
315 309 15 15
316 301 15 15
316 302 15 15
317 313 15 15
317 300 15 15
318 310 15 15
318 301 15 15
319 310 15 15
319 301 15 15
300 318 15 15
300 312 15 15
301 310 15 15
301 312 15 15
40 8 2 0
57 38 2 1
71 37 3 1
77 47 3 2
89 19 4 0
82 72 4 3
110 0 5 0
114 91 5 4
121 69 6 3
129 38 6 1
145 86 7 4
140 14 7 0
175 60 8 3
161 102 8 5
182 73 9 3
191 100 9 5
210 176 10 8
216 79 10 3
233 186 11 9
231 10 11 0
257 107 12 5
249 13 12 0
263 30 13 1
261 236 13 11
287 164 14 8
290 102 14 5
301 166 15 8
302 61 15 3
12 188 0 9
9 291 0 14
33 285 1 14
32 170 1 8
