swNum = 320
edgeNum = 672

0 0
1 0
2 0
3 0
4 0
5 0
6 0
7 0
8 0
9 0
10 0
11 0
12 0
13 0
14 0
15 0
16 0
17 0
18 0
19 0
20 1
21 1
22 1
23 1
24 1
25 1
26 1
27 1
28 1
29 1
30 1
31 1
32 1
33 1
34 1
35 1
36 1
37 1
38 1
39 1
40 2
41 2
42 2
43 2
44 2
45 2
46 2
47 2
48 2
49 2
50 2
51 2
52 2
53 2
54 2
55 2
56 2
57 2
58 2
59 2
60 3
61 3
62 3
63 3
64 3
65 3
66 3
67 3
68 3
69 3
70 3
71 3
72 3
73 3
74 3
75 3
76 3
77 3
78 3
79 3
80 4
81 4
82 4
83 4
84 4
85 4
86 4
87 4
88 4
89 4
90 4
91 4
92 4
93 4
94 4
95 4
96 4
97 4
98 4
99 4
100 5
101 5
102 5
103 5
104 5
105 5
106 5
107 5
108 5
109 5
110 5
111 5
112 5
113 5
114 5
115 5
116 5
117 5
118 5
119 5
120 6
121 6
122 6
123 6
124 6
125 6
126 6
127 6
128 6
129 6
130 6
131 6
132 6
133 6
134 6
135 6
136 6
137 6
138 6
139 6
140 7
141 7
142 7
143 7
144 7
145 7
146 7
147 7
148 7
149 7
150 7
151 7
152 7
153 7
154 7
155 7
156 7
157 7
158 7
159 7
160 8
161 8
162 8
163 8
164 8
165 8
166 8
167 8
168 8
169 8
170 8
171 8
172 8
173 8
174 8
175 8
176 8
177 8
178 8
179 8
180 9
181 9
182 9
183 9
184 9
185 9
186 9
187 9
188 9
189 9
190 9
191 9
192 9
193 9
194 9
195 9
196 9
197 9
198 9
199 9
200 10
201 10
202 10
203 10
204 10
205 10
206 10
207 10
208 10
209 10
210 10
211 10
212 10
213 10
214 10
215 10
216 10
217 10
218 10
219 10
220 11
221 11
222 11
223 11
224 11
225 11
226 11
227 11
228 11
229 11
230 11
231 11
232 11
233 11
234 11
235 11
236 11
237 11
238 11
239 11
240 12
241 12
242 12
243 12
244 12
245 12
246 12
247 12
248 12
249 12
250 12
251 12
252 12
253 12
254 12
255 12
256 12
257 12
258 12
259 12
260 13
261 13
262 13
263 13
264 13
265 13
266 13
267 13
268 13
269 13
270 13
271 13
272 13
273 13
274 13
275 13
276 13
277 13
278 13
279 13
280 14
281 14
282 14
283 14
284 14
285 14
286 14
287 14
288 14
289 14
290 14
291 14
292 14
293 14
294 14
295 14
296 14
297 14
298 14
299 14
300 15
301 15
302 15
303 15
304 15
305 15
306 15
307 15
308 15
309 15
310 15
311 15
312 15
313 15
314 15
315 15
316 15
317 15
318 15
319 15

2 0 0 0
2 1 0 0
3 0 0 0
3 1 0 0
4 2 0 0
4 1 0 0
5 1 0 0
5 4 0 0
6 0 0 0
6 3 0 0
7 1 0 0
7 2 0 0
8 2 0 0
8 5 0 0
9 0 0 0
9 4 0 0
10 7 0 0
10 4 0 0
11 7 0 0
11 5 0 0
12 9 0 0
12 8 0 0
13 12 0 0
13 3 0 0
14 0 0 0
14 12 0 0
15 3 0 0
15 13 0 0
16 13 0 0
16 14 0 0
17 0 0 0
17 9 0 0
18 6 0 0
18 17 0 0
19 13 0 0
19 10 0 0
0 18 0 0
0 11 0 0
1 15 0 0
1 9 0 0
22 21 1 1
22 20 1 1
23 20 1 1
23 21 1 1
24 21 1 1
24 22 1 1
25 20 1 1
25 23 1 1
26 23 1 1
26 20 1 1
27 24 1 1
27 20 1 1
28 24 1 1
28 27 1 1
29 28 1 1
29 24 1 1
30 24 1 1
30 29 1 1
31 25 1 1
31 21 1 1
32 20 1 1
32 23 1 1
33 28 1 1
33 21 1 1
34 23 1 1
34 30 1 1
35 33 1 1
35 22 1 1
36 24 1 1
36 26 1 1
37 21 1 1
37 31 1 1
38 23 1 1
38 20 1 1
39 31 1 1
39 33 1 1
20 30 1 1
20 31 1 1
21 27 1 1
21 36 1 1
42 40 2 2
42 41 2 2
43 42 2 2
43 40 2 2
44 42 2 2
44 41 2 2
45 40 2 2
45 42 2 2
46 43 2 2
46 40 2 2
47 42 2 2
47 44 2 2
48 43 2 2
48 41 2 2
49 45 2 2
49 41 2 2
50 49 2 2
50 42 2 2
51 45 2 2
51 41 2 2
52 51 2 2
52 50 2 2
53 47 2 2
53 51 2 2
54 45 2 2
54 43 2 2
55 41 2 2
55 48 2 2
56 53 2 2
56 49 2 2
57 41 2 2
57 49 2 2
58 46 2 2
58 53 2 2
59 52 2 2
59 51 2 2
40 57 2 2
40 50 2 2
41 45 2 2
41 53 2 2
62 61 3 3
62 60 3 3
63 62 3 3
63 60 3 3
64 61 3 3
64 62 3 3
65 60 3 3
65 61 3 3
66 63 3 3
66 60 3 3
67 65 3 3
67 60 3 3
68 67 3 3
68 60 3 3
69 67 3 3
69 65 3 3
70 68 3 3
70 69 3 3
71 68 3 3
71 69 3 3
72 71 3 3
72 63 3 3
73 70 3 3
73 72 3 3
74 60 3 3
74 67 3 3
75 68 3 3
75 61 3 3
76 66 3 3
76 65 3 3
77 76 3 3
77 64 3 3
78 76 3 3
78 66 3 3
79 68 3 3
79 67 3 3
60 64 3 3
60 70 3 3
61 76 3 3
61 77 3 3
82 80 4 4
82 81 4 4
83 80 4 4
83 81 4 4
84 83 4 4
84 80 4 4
85 83 4 4
85 84 4 4
86 85 4 4
86 81 4 4
87 81 4 4
87 82 4 4
88 82 4 4
88 84 4 4
89 82 4 4
89 84 4 4
90 88 4 4
90 81 4 4
91 84 4 4
91 80 4 4
92 84 4 4
92 81 4 4
93 84 4 4
93 89 4 4
94 83 4 4
94 80 4 4
95 89 4 4
95 94 4 4
96 90 4 4
96 85 4 4
97 85 4 4
97 96 4 4
98 96 4 4
98 86 4 4
99 95 4 4
99 96 4 4
80 89 4 4
80 87 4 4
81 98 4 4
81 93 4 4
102 101 5 5
102 100 5 5
103 101 5 5
103 102 5 5
104 100 5 5
104 103 5 5
105 103 5 5
105 104 5 5
106 104 5 5
106 101 5 5
107 105 5 5
107 101 5 5
108 102 5 5
108 106 5 5
109 103 5 5
109 108 5 5
110 100 5 5
110 108 5 5
111 108 5 5
111 100 5 5
112 106 5 5
112 104 5 5
113 110 5 5
113 102 5 5
114 103 5 5
114 110 5 5
115 101 5 5
115 102 5 5
116 103 5 5
116 115 5 5
117 102 5 5
117 112 5 5
118 106 5 5
118 110 5 5
119 103 5 5
119 105 5 5
100 114 5 5
100 116 5 5
101 119 5 5
101 110 5 5
122 120 6 6
122 121 6 6
123 121 6 6
123 120 6 6
124 123 6 6
124 121 6 6
125 121 6 6
125 123 6 6
126 123 6 6
126 121 6 6
127 123 6 6
127 122 6 6
128 127 6 6
128 123 6 6
129 128 6 6
129 126 6 6
130 129 6 6
130 122 6 6
131 120 6 6
131 128 6 6
132 125 6 6
132 127 6 6
133 120 6 6
133 130 6 6
134 120 6 6
134 131 6 6
135 121 6 6
135 122 6 6
136 120 6 6
136 125 6 6
137 122 6 6
137 134 6 6
138 134 6 6
138 130 6 6
139 130 6 6
139 126 6 6
120 128 6 6
120 127 6 6
121 127 6 6
121 136 6 6
142 141 7 7
142 140 7 7
143 140 7 7
143 141 7 7
144 141 7 7
144 143 7 7
145 141 7 7
145 144 7 7
146 140 7 7
146 145 7 7
147 143 7 7
147 142 7 7
148 143 7 7
148 145 7 7
149 143 7 7
149 145 7 7
150 142 7 7
150 145 7 7
151 146 7 7
151 142 7 7
152 144 7 7
152 147 7 7
153 143 7 7
153 144 7 7
154 143 7 7
154 153 7 7
155 146 7 7
155 151 7 7
156 154 7 7
156 146 7 7
157 156 7 7
157 155 7 7
158 154 7 7
158 147 7 7
159 151 7 7
159 150 7 7
140 154 7 7
140 147 7 7
141 146 7 7
141 156 7 7
162 160 8 8
162 161 8 8
163 160 8 8
163 161 8 8
164 163 8 8
164 161 8 8
165 163 8 8
165 161 8 8
166 165 8 8
166 164 8 8
167 161 8 8
167 162 8 8
168 162 8 8
168 161 8 8
169 163 8 8
169 164 8 8
170 164 8 8
170 165 8 8
171 167 8 8
171 166 8 8
172 163 8 8
172 162 8 8
173 171 8 8
173 168 8 8
174 163 8 8
174 169 8 8
175 160 8 8
175 163 8 8
176 164 8 8
176 166 8 8
177 168 8 8
177 175 8 8
178 165 8 8
178 173 8 8
179 169 8 8
179 166 8 8
160 179 8 8
160 169 8 8
161 172 8 8
161 169 8 8
182 180 9 9
182 181 9 9
183 181 9 9
183 182 9 9
184 183 9 9
184 180 9 9
185 183 9 9
185 180 9 9
186 181 9 9
186 185 9 9
187 182 9 9
187 180 9 9
188 184 9 9
188 185 9 9
189 186 9 9
189 185 9 9
190 181 9 9
190 188 9 9
191 189 9 9
191 190 9 9
192 189 9 9
192 187 9 9
193 183 9 9
193 181 9 9
194 182 9 9
194 187 9 9
195 180 9 9
195 186 9 9
196 181 9 9
196 180 9 9
197 186 9 9
197 180 9 9
198 191 9 9
198 183 9 9
199 185 9 9
199 186 9 9
180 188 9 9
180 199 9 9
181 191 9 9
181 185 9 9
202 201 10 10
202 200 10 10
203 202 10 10
203 200 10 10
204 200 10 10
204 203 10 10
205 201 10 10
205 203 10 10
206 205 10 10
206 201 10 10
207 201 10 10
207 202 10 10
208 204 10 10
208 203 10 10
209 201 10 10
209 208 10 10
210 209 10 10
210 203 10 10
211 209 10 10
211 203 10 10
212 202 10 10
212 203 10 10
213 208 10 10
213 206 10 10
214 209 10 10
214 208 10 10
215 201 10 10
215 205 10 10
216 215 10 10
216 210 10 10
217 208 10 10
217 213 10 10
218 201 10 10
218 202 10 10
219 201 10 10
219 209 10 10
200 205 10 10
200 208 10 10
201 211 10 10
201 212 10 10
222 221 11 11
222 220 11 11
223 221 11 11
223 220 11 11
224 221 11 11
224 220 11 11
225 222 11 11
225 224 11 11
226 220 11 11
226 221 11 11
227 225 11 11
227 221 11 11
228 221 11 11
228 225 11 11
229 225 11 11
229 227 11 11
230 229 11 11
230 227 11 11
231 220 11 11
231 229 11 11
232 224 11 11
232 221 11 11
233 223 11 11
233 222 11 11
234 220 11 11
234 231 11 11
235 225 11 11
235 223 11 11
236 224 11 11
236 227 11 11
237 223 11 11
237 233 11 11
238 225 11 11
238 220 11 11
239 238 11 11
239 227 11 11
220 237 11 11
220 225 11 11
221 231 11 11
221 237 11 11
242 241 12 12
242 240 12 12
243 241 12 12
243 240 12 12
244 241 12 12
244 242 12 12
245 240 12 12
245 244 12 12
246 245 12 12
246 241 12 12
247 242 12 12
247 241 12 12
248 246 12 12
248 243 12 12
249 246 12 12
249 243 12 12
250 244 12 12
250 240 12 12
251 246 12 12
251 240 12 12
252 249 12 12
252 250 12 12
253 246 12 12
253 251 12 12
254 246 12 12
254 243 12 12
255 252 12 12
255 240 12 12
256 254 12 12
256 250 12 12
257 255 12 12
257 249 12 12
258 252 12 12
258 241 12 12
259 243 12 12
259 241 12 12
240 256 12 12
240 252 12 12
241 251 12 12
241 245 12 12
262 260 13 13
262 261 13 13
263 262 13 13
263 260 13 13
264 262 13 13
264 260 13 13
265 262 13 13
265 264 13 13
266 264 13 13
266 261 13 13
267 264 13 13
267 260 13 13
268 267 13 13
268 264 13 13
269 261 13 13
269 264 13 13
270 268 13 13
270 261 13 13
271 265 13 13
271 263 13 13
272 271 13 13
272 270 13 13
273 263 13 13
273 267 13 13
274 262 13 13
274 266 13 13
275 267 13 13
275 266 13 13
276 266 13 13
276 270 13 13
277 267 13 13
277 268 13 13
278 272 13 13
278 262 13 13
279 262 13 13
279 278 13 13
260 275 13 13
260 279 13 13
261 279 13 13
261 275 13 13
282 281 14 14
282 280 14 14
283 282 14 14
283 280 14 14
284 283 14 14
284 281 14 14
285 283 14 14
285 281 14 14
286 282 14 14
286 280 14 14
287 285 14 14
287 282 14 14
288 284 14 14
288 285 14 14
289 284 14 14
289 285 14 14
290 281 14 14
290 282 14 14
291 287 14 14
291 280 14 14
292 284 14 14
292 288 14 14
293 281 14 14
293 283 14 14
294 281 14 14
294 289 14 14
295 280 14 14
295 291 14 14
296 294 14 14
296 288 14 14
297 286 14 14
297 290 14 14
298 284 14 14
298 289 14 14
299 284 14 14
299 285 14 14
280 296 14 14
280 298 14 14
281 283 14 14
281 292 14 14
302 300 15 15
302 301 15 15
303 302 15 15
303 301 15 15
304 303 15 15
304 300 15 15
305 304 15 15
305 303 15 15
306 301 15 15
306 300 15 15
307 304 15 15
307 301 15 15
308 302 15 15
308 301 15 15
309 302 15 15
309 300 15 15
310 304 15 15
310 301 15 15
311 307 15 15
311 304 15 15
312 306 15 15
312 310 15 15
313 303 15 15
313 308 15 15
314 307 15 15
314 300 15 15
315 302 15 15
315 304 15 15
316 307 15 15
316 313 15 15
317 312 15 15
317 300 15 15
318 312 15 15
318 314 15 15
319 305 15 15
319 309 15 15
300 312 15 15
300 319 15 15
301 309 15 15
301 313 15 15
51 9 2 0
54 36 2 1
72 25 3 1
65 5 3 0
94 14 4 0
88 39 4 1
103 85 5 4
108 41 5 2
135 116 6 5
135 69 6 3
140 104 7 5
151 42 7 2
170 122 8 6
166 65 8 3
191 115 9 5
188 80 9 4
214 115 10 5
208 155 10 7
234 202 11 10
222 95 11 4
248 169 12 8
245 69 12 3
261 86 13 4
267 174 13 8
284 80 14 4
293 126 14 6
318 220 15 11
319 5 15 0
9 182 0 9
15 227 0 11
38 177 1 8
21 259 1 12
