swNum = 320
edgeNum = 672

0 0
1 0
2 0
3 0
4 0
5 0
6 0
7 0
8 0
9 0
10 0
11 0
12 0
13 0
14 0
15 0
16 0
17 0
18 0
19 0
20 1
21 1
22 1
23 1
24 1
25 1
26 1
27 1
28 1
29 1
30 1
31 1
32 1
33 1
34 1
35 1
36 1
37 1
38 1
39 1
40 2
41 2
42 2
43 2
44 2
45 2
46 2
47 2
48 2
49 2
50 2
51 2
52 2
53 2
54 2
55 2
56 2
57 2
58 2
59 2
60 3
61 3
62 3
63 3
64 3
65 3
66 3
67 3
68 3
69 3
70 3
71 3
72 3
73 3
74 3
75 3
76 3
77 3
78 3
79 3
80 4
81 4
82 4
83 4
84 4
85 4
86 4
87 4
88 4
89 4
90 4
91 4
92 4
93 4
94 4
95 4
96 4
97 4
98 4
99 4
100 5
101 5
102 5
103 5
104 5
105 5
106 5
107 5
108 5
109 5
110 5
111 5
112 5
113 5
114 5
115 5
116 5
117 5
118 5
119 5
120 6
121 6
122 6
123 6
124 6
125 6
126 6
127 6
128 6
129 6
130 6
131 6
132 6
133 6
134 6
135 6
136 6
137 6
138 6
139 6
140 7
141 7
142 7
143 7
144 7
145 7
146 7
147 7
148 7
149 7
150 7
151 7
152 7
153 7
154 7
155 7
156 7
157 7
158 7
159 7
160 8
161 8
162 8
163 8
164 8
165 8
166 8
167 8
168 8
169 8
170 8
171 8
172 8
173 8
174 8
175 8
176 8
177 8
178 8
179 8
180 9
181 9
182 9
183 9
184 9
185 9
186 9
187 9
188 9
189 9
190 9
191 9
192 9
193 9
194 9
195 9
196 9
197 9
198 9
199 9
200 10
201 10
202 10
203 10
204 10
205 10
206 10
207 10
208 10
209 10
210 10
211 10
212 10
213 10
214 10
215 10
216 10
217 10
218 10
219 10
220 11
221 11
222 11
223 11
224 11
225 11
226 11
227 11
228 11
229 11
230 11
231 11
232 11
233 11
234 11
235 11
236 11
237 11
238 11
239 11
240 12
241 12
242 12
243 12
244 12
245 12
246 12
247 12
248 12
249 12
250 12
251 12
252 12
253 12
254 12
255 12
256 12
257 12
258 12
259 12
260 13
261 13
262 13
263 13
264 13
265 13
266 13
267 13
268 13
269 13
270 13
271 13
272 13
273 13
274 13
275 13
276 13
277 13
278 13
279 13
280 14
281 14
282 14
283 14
284 14
285 14
286 14
287 14
288 14
289 14
290 14
291 14
292 14
293 14
294 14
295 14
296 14
297 14
298 14
299 14
300 15
301 15
302 15
303 15
304 15
305 15
306 15
307 15
308 15
309 15
310 15
311 15
312 15
313 15
314 15
315 15
316 15
317 15
318 15
319 15

2 0 0 0
2 1 0 0
3 2 0 0
3 1 0 0
4 1 0 0
4 2 0 0
5 4 0 0
5 0 0 0
6 4 0 0
6 3 0 0
7 6 0 0
7 3 0 0
8 2 0 0
8 5 0 0
9 3 0 0
9 7 0 0
10 7 0 0
10 0 0 0
11 10 0 0
11 7 0 0
12 4 0 0
12 6 0 0
13 5 0 0
13 10 0 0
14 12 0 0
14 9 0 0
15 9 0 0
15 3 0 0
16 10 0 0
16 9 0 0
17 16 0 0
17 8 0 0
18 6 0 0
18 10 0 0
19 15 0 0
19 3 0 0
0 8 0 0
0 4 0 0
1 18 0 0
1 8 0 0
22 21 1 1
22 20 1 1
23 22 1 1
23 20 1 1
24 23 1 1
24 21 1 1
25 23 1 1
25 22 1 1
26 23 1 1
26 22 1 1
27 21 1 1
27 26 1 1
28 25 1 1
28 20 1 1
29 24 1 1
29 23 1 1
30 29 1 1
30 26 1 1
31 20 1 1
31 22 1 1
32 26 1 1
32 29 1 1
33 30 1 1
33 25 1 1
34 23 1 1
34 24 1 1
35 31 1 1
35 25 1 1
36 29 1 1
36 35 1 1
37 31 1 1
37 23 1 1
38 27 1 1
38 24 1 1
39 26 1 1
39 35 1 1
20 24 1 1
20 29 1 1
21 38 1 1
21 35 1 1
42 41 2 2
42 40 2 2
43 40 2 2
43 41 2 2
44 40 2 2
44 43 2 2
45 43 2 2
45 44 2 2
46 40 2 2
46 44 2 2
47 40 2 2
47 43 2 2
48 47 2 2
48 42 2 2
49 48 2 2
49 40 2 2
50 42 2 2
50 45 2 2
51 44 2 2
51 40 2 2
52 51 2 2
52 40 2 2
53 47 2 2
53 49 2 2
54 41 2 2
54 52 2 2
55 45 2 2
55 43 2 2
56 50 2 2
56 47 2 2
57 55 2 2
57 40 2 2
58 53 2 2
58 42 2 2
59 57 2 2
59 41 2 2
40 50 2 2
40 59 2 2
41 53 2 2
41 51 2 2
62 60 3 3
62 61 3 3
63 61 3 3
63 62 3 3
64 61 3 3
64 63 3 3
65 63 3 3
65 60 3 3
66 65 3 3
66 64 3 3
67 62 3 3
67 61 3 3
68 67 3 3
68 64 3 3
69 64 3 3
69 61 3 3
70 68 3 3
70 67 3 3
71 60 3 3
71 70 3 3
72 60 3 3
72 69 3 3
73 69 3 3
73 65 3 3
74 72 3 3
74 62 3 3
75 67 3 3
75 60 3 3
76 71 3 3
76 62 3 3
77 64 3 3
77 68 3 3
78 62 3 3
78 65 3 3
79 68 3 3
79 75 3 3
60 74 3 3
60 64 3 3
61 78 3 3
61 75 3 3
82 81 4 4
82 80 4 4
83 82 4 4
83 80 4 4
84 83 4 4
84 81 4 4
85 84 4 4
85 82 4 4
86 83 4 4
86 82 4 4
87 82 4 4
87 85 4 4
88 81 4 4
88 83 4 4
89 88 4 4
89 86 4 4
90 83 4 4
90 87 4 4
91 80 4 4
91 88 4 4
92 86 4 4
92 81 4 4
93 89 4 4
93 85 4 4
94 85 4 4
94 89 4 4
95 87 4 4
95 90 4 4
96 84 4 4
96 95 4 4
97 84 4 4
97 90 4 4
98 94 4 4
98 80 4 4
99 97 4 4
99 94 4 4
80 92 4 4
80 88 4 4
81 87 4 4
81 98 4 4
102 101 5 5
102 100 5 5
103 100 5 5
103 101 5 5
104 101 5 5
104 100 5 5
105 101 5 5
105 103 5 5
106 101 5 5
106 102 5 5
107 101 5 5
107 104 5 5
108 102 5 5
108 107 5 5
109 104 5 5
109 106 5 5
110 101 5 5
110 103 5 5
111 103 5 5
111 101 5 5
112 106 5 5
112 108 5 5
113 112 5 5
113 100 5 5
114 104 5 5
114 102 5 5
115 104 5 5
115 100 5 5
116 111 5 5
116 101 5 5
117 106 5 5
117 109 5 5
118 108 5 5
118 105 5 5
119 115 5 5
119 114 5 5
100 110 5 5
100 117 5 5
101 115 5 5
101 119 5 5
122 121 6 6
122 120 6 6
123 120 6 6
123 121 6 6
124 123 6 6
124 120 6 6
125 124 6 6
125 121 6 6
126 122 6 6
126 124 6 6
127 124 6 6
127 123 6 6
128 126 6 6
128 124 6 6
129 127 6 6
129 120 6 6
130 120 6 6
130 124 6 6
131 125 6 6
131 126 6 6
132 131 6 6
132 122 6 6
133 121 6 6
133 120 6 6
134 129 6 6
134 130 6 6
135 125 6 6
135 133 6 6
136 128 6 6
136 125 6 6
137 128 6 6
137 130 6 6
138 126 6 6
138 132 6 6
139 130 6 6
139 137 6 6
120 139 6 6
120 134 6 6
121 131 6 6
121 137 6 6
142 140 7 7
142 141 7 7
143 141 7 7
143 142 7 7
144 143 7 7
144 141 7 7
145 141 7 7
145 143 7 7
146 143 7 7
146 144 7 7
147 140 7 7
147 142 7 7
148 141 7 7
148 143 7 7
149 147 7 7
149 140 7 7
150 143 7 7
150 146 7 7
151 145 7 7
151 140 7 7
152 140 7 7
152 150 7 7
153 144 7 7
153 142 7 7
154 147 7 7
154 150 7 7
155 144 7 7
155 148 7 7
156 151 7 7
156 140 7 7
157 148 7 7
157 153 7 7
158 145 7 7
158 143 7 7
159 153 7 7
159 146 7 7
140 153 7 7
140 143 7 7
141 156 7 7
141 151 7 7
162 161 8 8
162 160 8 8
163 162 8 8
163 161 8 8
164 161 8 8
164 163 8 8
165 160 8 8
165 163 8 8
166 165 8 8
166 162 8 8
167 165 8 8
167 162 8 8
168 167 8 8
168 166 8 8
169 162 8 8
169 161 8 8
170 160 8 8
170 168 8 8
171 163 8 8
171 160 8 8
172 161 8 8
172 171 8 8
173 161 8 8
173 167 8 8
174 163 8 8
174 172 8 8
175 163 8 8
175 167 8 8
176 162 8 8
176 161 8 8
177 171 8 8
177 161 8 8
178 168 8 8
178 163 8 8
179 176 8 8
179 172 8 8
160 164 8 8
160 167 8 8
161 170 8 8
161 167 8 8
182 181 9 9
182 180 9 9
183 182 9 9
183 180 9 9
184 182 9 9
184 181 9 9
185 184 9 9
185 183 9 9
186 183 9 9
186 181 9 9
187 184 9 9
187 182 9 9
188 181 9 9
188 182 9 9
189 187 9 9
189 186 9 9
190 186 9 9
190 187 9 9
191 182 9 9
191 190 9 9
192 187 9 9
192 189 9 9
193 186 9 9
193 183 9 9
194 180 9 9
194 192 9 9
195 184 9 9
195 182 9 9
196 195 9 9
196 189 9 9
197 181 9 9
197 189 9 9
198 183 9 9
198 182 9 9
199 181 9 9
199 188 9 9
180 192 9 9
180 186 9 9
181 195 9 9
181 190 9 9
202 200 10 10
202 201 10 10
203 201 10 10
203 202 10 10
204 200 10 10
204 201 10 10
205 201 10 10
205 203 10 10
206 203 10 10
206 205 10 10
207 200 10 10
207 204 10 10
208 207 10 10
208 206 10 10
209 204 10 10
209 208 10 10
210 203 10 10
210 209 10 10
211 203 10 10
211 202 10 10
212 207 10 10
212 209 10 10
213 200 10 10
213 204 10 10
214 208 10 10
214 212 10 10
215 208 10 10
215 201 10 10
216 215 10 10
216 204 10 10
217 205 10 10
217 202 10 10
218 202 10 10
218 206 10 10
219 217 10 10
219 211 10 10
200 211 10 10
200 214 10 10
201 218 10 10
201 216 10 10
222 221 11 11
222 220 11 11
223 222 11 11
223 220 11 11
224 222 11 11
224 223 11 11
225 223 11 11
225 222 11 11
226 222 11 11
226 225 11 11
227 226 11 11
227 223 11 11
228 222 11 11
228 221 11 11
229 228 11 11
229 220 11 11
230 223 11 11
230 225 11 11
231 229 11 11
231 227 11 11
232 222 11 11
232 228 11 11
233 225 11 11
233 229 11 11
234 224 11 11
234 233 11 11
235 234 11 11
235 229 11 11
236 233 11 11
236 229 11 11
237 224 11 11
237 228 11 11
238 234 11 11
238 226 11 11
239 223 11 11
239 237 11 11
220 231 11 11
220 224 11 11
221 233 11 11
221 231 11 11
242 241 12 12
242 240 12 12
243 241 12 12
243 240 12 12
244 240 12 12
244 241 12 12
245 241 12 12
245 244 12 12
246 244 12 12
246 242 12 12
247 240 12 12
247 244 12 12
248 246 12 12
248 242 12 12
249 248 12 12
249 245 12 12
250 247 12 12
250 245 12 12
251 248 12 12
251 241 12 12
252 251 12 12
252 250 12 12
253 243 12 12
253 250 12 12
254 246 12 12
254 249 12 12
255 254 12 12
255 253 12 12
256 241 12 12
256 255 12 12
257 245 12 12
257 254 12 12
258 250 12 12
258 252 12 12
259 256 12 12
259 251 12 12
240 256 12 12
240 253 12 12
241 247 12 12
241 257 12 12
262 260 13 13
262 261 13 13
263 261 13 13
263 260 13 13
264 262 13 13
264 263 13 13
265 261 13 13
265 260 13 13
266 265 13 13
266 261 13 13
267 265 13 13
267 260 13 13
268 264 13 13
268 266 13 13
269 265 13 13
269 260 13 13
270 263 13 13
270 264 13 13
271 261 13 13
271 267 13 13
272 265 13 13
272 271 13 13
273 262 13 13
273 268 13 13
274 266 13 13
274 270 13 13
275 262 13 13
275 273 13 13
276 266 13 13
276 273 13 13
277 275 13 13
277 276 13 13
278 273 13 13
278 264 13 13
279 278 13 13
279 269 13 13
260 271 13 13
260 272 13 13
261 267 13 13
261 269 13 13
282 281 14 14
282 280 14 14
283 281 14 14
283 282 14 14
284 282 14 14
284 281 14 14
285 281 14 14
285 283 14 14
286 285 14 14
286 283 14 14
287 283 14 14
287 281 14 14
288 282 14 14
288 286 14 14
289 284 14 14
289 288 14 14
290 288 14 14
290 286 14 14
291 280 14 14
291 290 14 14
292 288 14 14
292 283 14 14
293 289 14 14
293 281 14 14
294 291 14 14
294 281 14 14
295 293 14 14
295 289 14 14
296 295 14 14
296 284 14 14
297 289 14 14
297 282 14 14
298 295 14 14
298 280 14 14
299 293 14 14
299 285 14 14
280 286 14 14
280 299 14 14
281 291 14 14
281 286 14 14
302 301 15 15
302 300 15 15
303 301 15 15
303 302 15 15
304 303 15 15
304 302 15 15
305 304 15 15
305 303 15 15
306 305 15 15
306 304 15 15
307 303 15 15
307 301 15 15
308 305 15 15
308 301 15 15
309 303 15 15
309 304 15 15
310 305 15 15
310 304 15 15
311 308 15 15
311 304 15 15
312 300 15 15
312 308 15 15
313 312 15 15
313 309 15 15
314 312 15 15
314 309 15 15
315 301 15 15
315 312 15 15
316 305 15 15
316 304 15 15
317 300 15 15
317 307 15 15
318 308 15 15
318 305 15 15
319 301 15 15
319 305 15 15
300 303 15 15
300 314 15 15
301 317 15 15
301 318 15 15
40 24 2 1
48 7 2 0
72 20 3 1
67 54 3 2
87 16 4 0
88 53 4 2
117 72 5 3
116 21 5 1
122 98 6 4
129 73 6 3
155 1 7 0
154 111 7 5
174 159 8 7
174 92 8 4
199 24 9 1
186 168 9 8
207 56 10 2
208 164 10 8
230 12 11 0
222 41 11 2
251 169 12 8
255 81 12 4
271 53 13 2
273 65 13 3
287 193 14 9
288 111 14 5
302 203 15 10
301 50 15 2
3 280 0 14
7 136 0 6
25 200 1 10
30 163 1 8
