swNum = 320
edgeNum = 672

0 0
1 0
2 0
3 0
4 0
5 0
6 0
7 0
8 0
9 0
10 0
11 0
12 0
13 0
14 0
15 0
16 0
17 0
18 0
19 0
20 1
21 1
22 1
23 1
24 1
25 1
26 1
27 1
28 1
29 1
30 1
31 1
32 1
33 1
34 1
35 1
36 1
37 1
38 1
39 1
40 2
41 2
42 2
43 2
44 2
45 2
46 2
47 2
48 2
49 2
50 2
51 2
52 2
53 2
54 2
55 2
56 2
57 2
58 2
59 2
60 3
61 3
62 3
63 3
64 3
65 3
66 3
67 3
68 3
69 3
70 3
71 3
72 3
73 3
74 3
75 3
76 3
77 3
78 3
79 3
80 4
81 4
82 4
83 4
84 4
85 4
86 4
87 4
88 4
89 4
90 4
91 4
92 4
93 4
94 4
95 4
96 4
97 4
98 4
99 4
100 5
101 5
102 5
103 5
104 5
105 5
106 5
107 5
108 5
109 5
110 5
111 5
112 5
113 5
114 5
115 5
116 5
117 5
118 5
119 5
120 6
121 6
122 6
123 6
124 6
125 6
126 6
127 6
128 6
129 6
130 6
131 6
132 6
133 6
134 6
135 6
136 6
137 6
138 6
139 6
140 7
141 7
142 7
143 7
144 7
145 7
146 7
147 7
148 7
149 7
150 7
151 7
152 7
153 7
154 7
155 7
156 7
157 7
158 7
159 7
160 8
161 8
162 8
163 8
164 8
165 8
166 8
167 8
168 8
169 8
170 8
171 8
172 8
173 8
174 8
175 8
176 8
177 8
178 8
179 8
180 9
181 9
182 9
183 9
184 9
185 9
186 9
187 9
188 9
189 9
190 9
191 9
192 9
193 9
194 9
195 9
196 9
197 9
198 9
199 9
200 10
201 10
202 10
203 10
204 10
205 10
206 10
207 10
208 10
209 10
210 10
211 10
212 10
213 10
214 10
215 10
216 10
217 10
218 10
219 10
220 11
221 11
222 11
223 11
224 11
225 11
226 11
227 11
228 11
229 11
230 11
231 11
232 11
233 11
234 11
235 11
236 11
237 11
238 11
239 11
240 12
241 12
242 12
243 12
244 12
245 12
246 12
247 12
248 12
249 12
250 12
251 12
252 12
253 12
254 12
255 12
256 12
257 12
258 12
259 12
260 13
261 13
262 13
263 13
264 13
265 13
266 13
267 13
268 13
269 13
270 13
271 13
272 13
273 13
274 13
275 13
276 13
277 13
278 13
279 13
280 14
281 14
282 14
283 14
284 14
285 14
286 14
287 14
288 14
289 14
290 14
291 14
292 14
293 14
294 14
295 14
296 14
297 14
298 14
299 14
300 15
301 15
302 15
303 15
304 15
305 15
306 15
307 15
308 15
309 15
310 15
311 15
312 15
313 15
314 15
315 15
316 15
317 15
318 15
319 15

2 1 0 0
2 0 0 0
3 1 0 0
3 0 0 0
4 2 0 0
4 1 0 0
5 0 0 0
5 2 0 0
6 5 0 0
6 1 0 0
7 1 0 0
7 3 0 0
8 4 0 0
8 0 0 0
9 3 0 0
9 2 0 0
10 3 0 0
10 8 0 0
11 5 0 0
11 10 0 0
12 2 0 0
12 5 0 0
13 0 0 0
13 5 0 0
14 5 0 0
14 11 0 0
15 6 0 0
15 3 0 0
16 4 0 0
16 14 0 0
17 4 0 0
17 8 0 0
18 2 0 0
18 4 0 0
19 8 0 0
19 17 0 0
0 12 0 0
0 11 0 0
1 14 0 0
1 15 0 0
22 21 1 1
22 20 1 1
23 21 1 1
23 22 1 1
24 23 1 1
24 22 1 1
25 23 1 1
25 24 1 1
26 21 1 1
26 24 1 1
27 25 1 1
27 21 1 1
28 25 1 1
28 23 1 1
29 23 1 1
29 25 1 1
30 28 1 1
30 24 1 1
31 23 1 1
31 20 1 1
32 26 1 1
32 24 1 1
33 25 1 1
33 28 1 1
34 24 1 1
34 33 1 1
35 20 1 1
35 32 1 1
36 34 1 1
36 35 1 1
37 34 1 1
37 35 1 1
38 34 1 1
38 21 1 1
39 37 1 1
39 30 1 1
20 37 1 1
20 39 1 1
21 35 1 1
21 24 1 1
42 40 2 2
42 41 2 2
43 40 2 2
43 41 2 2
44 43 2 2
44 40 2 2
45 43 2 2
45 42 2 2
46 45 2 2
46 43 2 2
47 44 2 2
47 41 2 2
48 47 2 2
48 44 2 2
49 46 2 2
49 43 2 2
50 49 2 2
50 42 2 2
51 43 2 2
51 46 2 2
52 44 2 2
52 50 2 2
53 44 2 2
53 48 2 2
54 47 2 2
54 45 2 2
55 52 2 2
55 42 2 2
56 53 2 2
56 50 2 2
57 54 2 2
57 46 2 2
58 43 2 2
58 48 2 2
59 47 2 2
59 53 2 2
40 51 2 2
40 56 2 2
41 49 2 2
41 50 2 2
62 61 3 3
62 60 3 3
63 61 3 3
63 60 3 3
64 60 3 3
64 61 3 3
65 63 3 3
65 64 3 3
66 62 3 3
66 64 3 3
67 60 3 3
67 63 3 3
68 67 3 3
68 61 3 3
69 60 3 3
69 62 3 3
70 66 3 3
70 67 3 3
71 60 3 3
71 67 3 3
72 60 3 3
72 61 3 3
73 62 3 3
73 60 3 3
74 66 3 3
74 71 3 3
75 71 3 3
75 67 3 3
76 75 3 3
76 71 3 3
77 62 3 3
77 66 3 3
78 63 3 3
78 71 3 3
79 66 3 3
79 77 3 3
60 79 3 3
60 76 3 3
61 66 3 3
61 70 3 3
82 80 4 4
82 81 4 4
83 81 4 4
83 82 4 4
84 80 4 4
84 82 4 4
85 84 4 4
85 80 4 4
86 85 4 4
86 82 4 4
87 80 4 4
87 82 4 4
88 84 4 4
88 86 4 4
89 81 4 4
89 80 4 4
90 87 4 4
90 81 4 4
91 86 4 4
91 81 4 4
92 86 4 4
92 81 4 4
93 87 4 4
93 85 4 4
94 84 4 4
94 91 4 4
95 84 4 4
95 93 4 4
96 90 4 4
96 85 4 4
97 95 4 4
97 88 4 4
98 86 4 4
98 94 4 4
99 86 4 4
99 92 4 4
80 86 4 4
80 90 4 4
81 93 4 4
81 94 4 4
102 101 5 5
102 100 5 5
103 102 5 5
103 100 5 5
104 103 5 5
104 101 5 5
105 102 5 5
105 104 5 5
106 101 5 5
106 105 5 5
107 104 5 5
107 100 5 5
108 107 5 5
108 103 5 5
109 100 5 5
109 102 5 5
110 104 5 5
110 101 5 5
111 109 5 5
111 100 5 5
112 107 5 5
112 103 5 5
113 106 5 5
113 101 5 5
114 105 5 5
114 102 5 5
115 102 5 5
115 108 5 5
116 106 5 5
116 113 5 5
117 105 5 5
117 107 5 5
118 102 5 5
118 110 5 5
119 118 5 5
119 105 5 5
100 105 5 5
100 112 5 5
101 118 5 5
101 108 5 5
122 120 6 6
122 121 6 6
123 121 6 6
123 122 6 6
124 121 6 6
124 123 6 6
125 121 6 6
125 122 6 6
126 122 6 6
126 121 6 6
127 125 6 6
127 123 6 6
128 124 6 6
128 123 6 6
129 126 6 6
129 127 6 6
130 123 6 6
130 122 6 6
131 121 6 6
131 124 6 6
132 120 6 6
132 122 6 6
133 125 6 6
133 122 6 6
134 125 6 6
134 123 6 6
135 120 6 6
135 130 6 6
136 131 6 6
136 122 6 6
137 125 6 6
137 131 6 6
138 134 6 6
138 125 6 6
139 124 6 6
139 138 6 6
120 126 6 6
120 137 6 6
121 139 6 6
121 136 6 6
142 141 7 7
142 140 7 7
143 140 7 7
143 141 7 7
144 141 7 7
144 143 7 7
145 140 7 7
145 141 7 7
146 141 7 7
146 142 7 7
147 143 7 7
147 144 7 7
148 144 7 7
148 143 7 7
149 140 7 7
149 145 7 7
150 144 7 7
150 143 7 7
151 145 7 7
151 149 7 7
152 140 7 7
152 149 7 7
153 144 7 7
153 152 7 7
154 147 7 7
154 150 7 7
155 154 7 7
155 151 7 7
156 154 7 7
156 150 7 7
157 149 7 7
157 151 7 7
158 141 7 7
158 143 7 7
159 158 7 7
159 154 7 7
140 153 7 7
140 154 7 7
141 147 7 7
141 153 7 7
162 160 8 8
162 161 8 8
163 160 8 8
163 162 8 8
164 160 8 8
164 162 8 8
165 160 8 8
165 161 8 8
166 162 8 8
166 164 8 8
167 162 8 8
167 164 8 8
168 164 8 8
168 163 8 8
169 164 8 8
169 168 8 8
170 164 8 8
170 161 8 8
171 168 8 8
171 167 8 8
172 165 8 8
172 161 8 8
173 172 8 8
173 168 8 8
174 164 8 8
174 171 8 8
175 162 8 8
175 163 8 8
176 175 8 8
176 168 8 8
177 163 8 8
177 176 8 8
178 164 8 8
178 171 8 8
179 173 8 8
179 169 8 8
160 177 8 8
160 179 8 8
161 175 8 8
161 173 8 8
182 180 9 9
182 181 9 9
183 181 9 9
183 180 9 9
184 180 9 9
184 183 9 9
185 183 9 9
185 184 9 9
186 180 9 9
186 183 9 9
187 180 9 9
187 184 9 9
188 185 9 9
188 181 9 9
189 180 9 9
189 183 9 9
190 182 9 9
190 186 9 9
191 185 9 9
191 188 9 9
192 181 9 9
192 188 9 9
193 187 9 9
193 183 9 9
194 190 9 9
194 184 9 9
195 192 9 9
195 186 9 9
196 195 9 9
196 180 9 9
197 194 9 9
197 184 9 9
198 186 9 9
198 184 9 9
199 187 9 9
199 191 9 9
180 198 9 9
180 185 9 9
181 197 9 9
181 193 9 9
202 200 10 10
202 201 10 10
203 202 10 10
203 201 10 10
204 200 10 10
204 203 10 10
205 201 10 10
205 200 10 10
206 201 10 10
206 202 10 10
207 203 10 10
207 205 10 10
208 206 10 10
208 202 10 10
209 207 10 10
209 206 10 10
210 205 10 10
210 201 10 10
211 207 10 10
211 208 10 10
212 206 10 10
212 211 10 10
213 205 10 10
213 201 10 10
214 210 10 10
214 213 10 10
215 210 10 10
215 205 10 10
216 207 10 10
216 209 10 10
217 216 10 10
217 208 10 10
218 213 10 10
218 214 10 10
219 214 10 10
219 202 10 10
200 215 10 10
200 214 10 10
201 212 10 10
201 211 10 10
222 221 11 11
222 220 11 11
223 221 11 11
223 222 11 11
224 222 11 11
224 223 11 11
225 220 11 11
225 224 11 11
226 220 11 11
226 224 11 11
227 222 11 11
227 224 11 11
228 226 11 11
228 227 11 11
229 225 11 11
229 221 11 11
230 225 11 11
230 228 11 11
231 228 11 11
231 224 11 11
232 224 11 11
232 231 11 11
233 227 11 11
233 230 11 11
234 223 11 11
234 231 11 11
235 224 11 11
235 221 11 11
236 220 11 11
236 233 11 11
237 227 11 11
237 228 11 11
238 235 11 11
238 229 11 11
239 223 11 11
239 229 11 11
220 235 11 11
220 238 11 11
221 226 11 11
221 239 11 11
242 240 12 12
242 241 12 12
243 242 12 12
243 240 12 12
244 240 12 12
244 243 12 12
245 240 12 12
245 242 12 12
246 242 12 12
246 245 12 12
247 243 12 12
247 242 12 12
248 243 12 12
248 245 12 12
249 247 12 12
249 244 12 12
250 241 12 12
250 249 12 12
251 243 12 12
251 244 12 12
252 249 12 12
252 242 12 12
253 245 12 12
253 252 12 12
254 249 12 12
254 252 12 12
255 249 12 12
255 243 12 12
256 250 12 12
256 251 12 12
257 241 12 12
257 254 12 12
258 254 12 12
258 243 12 12
259 252 12 12
259 243 12 12
240 251 12 12
240 255 12 12
241 243 12 12
241 245 12 12
262 260 13 13
262 261 13 13
263 260 13 13
263 261 13 13
264 261 13 13
264 263 13 13
265 260 13 13
265 262 13 13
266 264 13 13
266 263 13 13
267 265 13 13
267 264 13 13
268 264 13 13
268 266 13 13
269 263 13 13
269 266 13 13
270 265 13 13
270 263 13 13
271 262 13 13
271 260 13 13
272 260 13 13
272 265 13 13
273 260 13 13
273 270 13 13
274 273 13 13
274 269 13 13
275 267 13 13
275 274 13 13
276 271 13 13
276 264 13 13
277 276 13 13
277 261 13 13
278 275 13 13
278 265 13 13
279 273 13 13
279 260 13 13
260 276 13 13
260 264 13 13
261 270 13 13
261 272 13 13
282 281 14 14
282 280 14 14
283 280 14 14
283 281 14 14
284 283 14 14
284 280 14 14
285 282 14 14
285 281 14 14
286 285 14 14
286 282 14 14
287 286 14 14
287 283 14 14
288 285 14 14
288 282 14 14
289 286 14 14
289 281 14 14
290 286 14 14
290 281 14 14
291 290 14 14
291 281 14 14
292 289 14 14
292 280 14 14
293 285 14 14
293 290 14 14
294 283 14 14
294 280 14 14
295 289 14 14
295 290 14 14
296 294 14 14
296 283 14 14
297 288 14 14
297 281 14 14
298 283 14 14
298 294 14 14
299 285 14 14
299 292 14 14
280 290 14 14
280 286 14 14
281 292 14 14
281 284 14 14
302 300 15 15
302 301 15 15
303 302 15 15
303 300 15 15
304 302 15 15
304 303 15 15
305 301 15 15
305 304 15 15
306 304 15 15
306 302 15 15
307 300 15 15
307 304 15 15
308 306 15 15
308 304 15 15
309 300 15 15
309 308 15 15
310 303 15 15
310 302 15 15
311 305 15 15
311 303 15 15
312 300 15 15
312 311 15 15
313 308 15 15
313 304 15 15
314 303 15 15
314 313 15 15
315 305 15 15
315 309 15 15
316 314 15 15
316 300 15 15
317 316 15 15
317 313 15 15
318 306 15 15
318 310 15 15
319 302 15 15
319 310 15 15
300 305 15 15
300 315 15 15
301 314 15 15
301 318 15 15
57 3 2 0
41 35 2 1
78 10 3 0
77 59 3 2
93 54 4 2
85 9 4 0
106 19 5 0
111 28 5 1
136 25 6 1
136 102 6 5
145 49 7 2
151 6 7 0
161 66 8 3
160 116 8 5
189 82 9 4
180 45 9 2
212 69 10 3
208 111 10 5
233 61 11 3
236 168 11 8
243 94 12 4
254 188 12 9
270 96 13 4
266 210 13 10
291 179 14 8
294 229 14 11
317 206 15 10
319 140 15 7
15 244 0 12
5 272 0 13
31 250 1 12
32 191 1 9
