swNum = 320
edgeNum = 672

0 0
1 0
2 0
3 0
4 0
5 0
6 0
7 0
8 0
9 0
10 0
11 0
12 0
13 0
14 0
15 0
16 0
17 0
18 0
19 0
20 1
21 1
22 1
23 1
24 1
25 1
26 1
27 1
28 1
29 1
30 1
31 1
32 1
33 1
34 1
35 1
36 1
37 1
38 1
39 1
40 2
41 2
42 2
43 2
44 2
45 2
46 2
47 2
48 2
49 2
50 2
51 2
52 2
53 2
54 2
55 2
56 2
57 2
58 2
59 2
60 3
61 3
62 3
63 3
64 3
65 3
66 3
67 3
68 3
69 3
70 3
71 3
72 3
73 3
74 3
75 3
76 3
77 3
78 3
79 3
80 4
81 4
82 4
83 4
84 4
85 4
86 4
87 4
88 4
89 4
90 4
91 4
92 4
93 4
94 4
95 4
96 4
97 4
98 4
99 4
100 5
101 5
102 5
103 5
104 5
105 5
106 5
107 5
108 5
109 5
110 5
111 5
112 5
113 5
114 5
115 5
116 5
117 5
118 5
119 5
120 6
121 6
122 6
123 6
124 6
125 6
126 6
127 6
128 6
129 6
130 6
131 6
132 6
133 6
134 6
135 6
136 6
137 6
138 6
139 6
140 7
141 7
142 7
143 7
144 7
145 7
146 7
147 7
148 7
149 7
150 7
151 7
152 7
153 7
154 7
155 7
156 7
157 7
158 7
159 7
160 8
161 8
162 8
163 8
164 8
165 8
166 8
167 8
168 8
169 8
170 8
171 8
172 8
173 8
174 8
175 8
176 8
177 8
178 8
179 8
180 9
181 9
182 9
183 9
184 9
185 9
186 9
187 9
188 9
189 9
190 9
191 9
192 9
193 9
194 9
195 9
196 9
197 9
198 9
199 9
200 10
201 10
202 10
203 10
204 10
205 10
206 10
207 10
208 10
209 10
210 10
211 10
212 10
213 10
214 10
215 10
216 10
217 10
218 10
219 10
220 11
221 11
222 11
223 11
224 11
225 11
226 11
227 11
228 11
229 11
230 11
231 11
232 11
233 11
234 11
235 11
236 11
237 11
238 11
239 11
240 12
241 12
242 12
243 12
244 12
245 12
246 12
247 12
248 12
249 12
250 12
251 12
252 12
253 12
254 12
255 12
256 12
257 12
258 12
259 12
260 13
261 13
262 13
263 13
264 13
265 13
266 13
267 13
268 13
269 13
270 13
271 13
272 13
273 13
274 13
275 13
276 13
277 13
278 13
279 13
280 14
281 14
282 14
283 14
284 14
285 14
286 14
287 14
288 14
289 14
290 14
291 14
292 14
293 14
294 14
295 14
296 14
297 14
298 14
299 14
300 15
301 15
302 15
303 15
304 15
305 15
306 15
307 15
308 15
309 15
310 15
311 15
312 15
313 15
314 15
315 15
316 15
317 15
318 15
319 15

2 0 0 0
2 1 0 0
3 1 0 0
3 2 0 0
4 1 0 0
4 0 0 0
5 2 0 0
5 0 0 0
6 4 0 0
6 5 0 0
7 5 0 0
7 2 0 0
8 0 0 0
8 1 0 0
9 4 0 0
9 7 0 0
10 7 0 0
10 1 0 0
11 4 0 0
11 9 0 0
12 5 0 0
12 2 0 0
13 5 0 0
13 9 0 0
14 9 0 0
14 2 0 0
15 9 0 0
15 5 0 0
16 2 0 0
16 0 0 0
17 14 0 0
17 1 0 0
18 16 0 0
18 7 0 0
19 5 0 0
19 3 0 0
0 19 0 0
0 10 0 0
1 18 0 0
1 11 0 0
22 20 1 1
22 21 1 1
23 20 1 1
23 22 1 1
24 23 1 1
24 20 1 1
25 20 1 1
25 21 1 1
26 20 1 1
26 22 1 1
27 26 1 1
27 20 1 1
28 23 1 1
28 20 1 1
29 28 1 1
29 26 1 1
30 29 1 1
30 28 1 1
31 25 1 1
31 26 1 1
32 31 1 1
32 20 1 1
33 22 1 1
33 20 1 1
34 30 1 1
34 20 1 1
35 22 1 1
35 30 1 1
36 22 1 1
36 23 1 1
37 22 1 1
37 33 1 1
38 37 1 1
38 25 1 1
39 33 1 1
39 32 1 1
20 38 1 1
20 29 1 1
21 32 1 1
21 33 1 1
42 40 2 2
42 41 2 2
43 42 2 2
43 40 2 2
44 40 2 2
44 41 2 2
45 40 2 2
45 43 2 2
46 45 2 2
46 42 2 2
47 43 2 2
47 44 2 2
48 42 2 2
48 45 2 2
49 48 2 2
49 47 2 2
50 43 2 2
50 44 2 2
51 45 2 2
51 44 2 2
52 44 2 2
52 45 2 2
53 50 2 2
53 52 2 2
54 45 2 2
54 42 2 2
55 44 2 2
55 52 2 2
56 55 2 2
56 43 2 2
57 46 2 2
57 48 2 2
58 47 2 2
58 54 2 2
59 40 2 2
59 54 2 2
40 49 2 2
40 54 2 2
41 50 2 2
41 54 2 2
62 61 3 3
62 60 3 3
63 61 3 3
63 60 3 3
64 62 3 3
64 63 3 3
65 61 3 3
65 62 3 3
66 60 3 3
66 61 3 3
67 63 3 3
67 60 3 3
68 61 3 3
68 66 3 3
69 61 3 3
69 63 3 3
70 60 3 3
70 62 3 3
71 63 3 3
71 65 3 3
72 64 3 3
72 71 3 3
73 67 3 3
73 70 3 3
74 60 3 3
74 67 3 3
75 71 3 3
75 65 3 3
76 72 3 3
76 67 3 3
77 65 3 3
77 60 3 3
78 75 3 3
78 70 3 3
79 73 3 3
79 69 3 3
60 79 3 3
60 68 3 3
61 73 3 3
61 70 3 3
82 81 4 4
82 80 4 4
83 82 4 4
83 80 4 4
84 82 4 4
84 80 4 4
85 81 4 4
85 84 4 4
86 82 4 4
86 83 4 4
87 84 4 4
87 81 4 4
88 82 4 4
88 84 4 4
89 84 4 4
89 85 4 4
90 89 4 4
90 82 4 4
91 83 4 4
91 85 4 4
92 91 4 4
92 87 4 4
93 85 4 4
93 92 4 4
94 82 4 4
94 85 4 4
95 84 4 4
95 80 4 4
96 82 4 4
96 87 4 4
97 84 4 4
97 93 4 4
98 95 4 4
98 92 4 4
99 97 4 4
99 87 4 4
80 93 4 4
80 91 4 4
81 89 4 4
81 95 4 4
102 100 5 5
102 101 5 5
103 102 5 5
103 101 5 5
104 103 5 5
104 100 5 5
105 101 5 5
105 103 5 5
106 101 5 5
106 102 5 5
107 104 5 5
107 105 5 5
108 101 5 5
108 100 5 5
109 100 5 5
109 106 5 5
110 100 5 5
110 109 5 5
111 109 5 5
111 108 5 5
112 103 5 5
112 107 5 5
113 103 5 5
113 111 5 5
114 102 5 5
114 108 5 5
115 100 5 5
115 108 5 5
116 114 5 5
116 108 5 5
117 111 5 5
117 116 5 5
118 109 5 5
118 117 5 5
119 104 5 5
119 107 5 5
100 119 5 5
100 106 5 5
101 118 5 5
101 109 5 5
122 120 6 6
122 121 6 6
123 120 6 6
123 122 6 6
124 123 6 6
124 120 6 6
125 120 6 6
125 121 6 6
126 124 6 6
126 121 6 6
127 126 6 6
127 124 6 6
128 126 6 6
128 122 6 6
129 122 6 6
129 121 6 6
130 120 6 6
130 128 6 6
131 129 6 6
131 125 6 6
132 121 6 6
132 130 6 6
133 131 6 6
133 132 6 6
134 129 6 6
134 125 6 6
135 128 6 6
135 131 6 6
136 129 6 6
136 121 6 6
137 134 6 6
137 121 6 6
138 129 6 6
138 120 6 6
139 121 6 6
139 128 6 6
120 132 6 6
120 133 6 6
121 130 6 6
121 133 6 6
142 141 7 7
142 140 7 7
143 140 7 7
143 142 7 7
144 142 7 7
144 141 7 7
145 144 7 7
145 143 7 7
146 143 7 7
146 144 7 7
147 144 7 7
147 143 7 7
148 145 7 7
148 143 7 7
149 144 7 7
149 145 7 7
150 143 7 7
150 148 7 7
151 141 7 7
151 143 7 7
152 141 7 7
152 147 7 7
153 152 7 7
153 142 7 7
154 146 7 7
154 143 7 7
155 144 7 7
155 145 7 7
156 140 7 7
156 144 7 7
157 141 7 7
157 146 7 7
158 150 7 7
158 142 7 7
159 157 7 7
159 153 7 7
140 154 7 7
140 151 7 7
141 148 7 7
141 158 7 7
162 161 8 8
162 160 8 8
163 161 8 8
163 160 8 8
164 161 8 8
164 163 8 8
165 163 8 8
165 164 8 8
166 164 8 8
166 165 8 8
167 165 8 8
167 166 8 8
168 166 8 8
168 165 8 8
169 160 8 8
169 162 8 8
170 165 8 8
170 164 8 8
171 160 8 8
171 166 8 8
172 167 8 8
172 168 8 8
173 169 8 8
173 160 8 8
174 163 8 8
174 161 8 8
175 166 8 8
175 172 8 8
176 165 8 8
176 167 8 8
177 170 8 8
177 176 8 8
178 177 8 8
178 164 8 8
179 176 8 8
179 170 8 8
160 168 8 8
160 178 8 8
161 165 8 8
161 168 8 8
182 180 9 9
182 181 9 9
183 182 9 9
183 180 9 9
184 183 9 9
184 182 9 9
185 183 9 9
185 181 9 9
186 180 9 9
186 184 9 9
187 186 9 9
187 180 9 9
188 180 9 9
188 186 9 9
189 187 9 9
189 188 9 9
190 186 9 9
190 181 9 9
191 185 9 9
191 190 9 9
192 187 9 9
192 180 9 9
193 184 9 9
193 183 9 9
194 180 9 9
194 182 9 9
195 185 9 9
195 189 9 9
196 187 9 9
196 190 9 9
197 188 9 9
197 182 9 9
198 192 9 9
198 186 9 9
199 185 9 9
199 195 9 9
180 193 9 9
180 184 9 9
181 195 9 9
181 188 9 9
202 201 10 10
202 200 10 10
203 201 10 10
203 200 10 10
204 201 10 10
204 200 10 10
205 204 10 10
205 202 10 10
206 202 10 10
206 201 10 10
207 205 10 10
207 201 10 10
208 202 10 10
208 207 10 10
209 203 10 10
209 204 10 10
210 209 10 10
210 200 10 10
211 203 10 10
211 204 10 10
212 206 10 10
212 209 10 10
213 201 10 10
213 204 10 10
214 203 10 10
214 204 10 10
215 213 10 10
215 205 10 10
216 207 10 10
216 205 10 10
217 210 10 10
217 209 10 10
218 201 10 10
218 216 10 10
219 202 10 10
219 215 10 10
200 218 10 10
200 205 10 10
201 211 10 10
201 205 10 10
222 221 11 11
222 220 11 11
223 222 11 11
223 220 11 11
224 220 11 11
224 221 11 11
225 222 11 11
225 220 11 11
226 223 11 11
226 224 11 11
227 221 11 11
227 220 11 11
228 220 11 11
228 221 11 11
229 222 11 11
229 227 11 11
230 221 11 11
230 226 11 11
231 228 11 11
231 230 11 11
232 227 11 11
232 221 11 11
233 225 11 11
233 230 11 11
234 227 11 11
234 233 11 11
235 231 11 11
235 222 11 11
236 233 11 11
236 232 11 11
237 230 11 11
237 236 11 11
238 232 11 11
238 226 11 11
239 230 11 11
239 222 11 11
220 233 11 11
220 229 11 11
221 229 11 11
221 235 11 11
242 240 12 12
242 241 12 12
243 240 12 12
243 241 12 12
244 241 12 12
244 240 12 12
245 244 12 12
245 242 12 12
246 243 12 12
246 240 12 12
247 242 12 12
247 245 12 12
248 240 12 12
248 246 12 12
249 247 12 12
249 242 12 12
250 241 12 12
250 247 12 12
251 244 12 12
251 247 12 12
252 245 12 12
252 250 12 12
253 245 12 12
253 241 12 12
254 246 12 12
254 252 12 12
255 248 12 12
255 251 12 12
256 250 12 12
256 240 12 12
257 244 12 12
257 240 12 12
258 243 12 12
258 242 12 12
259 254 12 12
259 242 12 12
240 249 12 12
240 259 12 12
241 256 12 12
241 259 12 12
262 260 13 13
262 261 13 13
263 262 13 13
263 260 13 13
264 263 13 13
264 260 13 13
265 261 13 13
265 260 13 13
266 261 13 13
266 262 13 13
267 266 13 13
267 262 13 13
268 262 13 13
268 265 13 13
269 262 13 13
269 263 13 13
270 261 13 13
270 269 13 13
271 263 13 13
271 260 13 13
272 271 13 13
272 262 13 13
273 267 13 13
273 265 13 13
274 264 13 13
274 270 13 13
275 269 13 13
275 266 13 13
276 264 13 13
276 273 13 13
277 270 13 13
277 263 13 13
278 268 13 13
278 262 13 13
279 271 13 13
279 277 13 13
260 267 13 13
260 277 13 13
261 269 13 13
261 267 13 13
282 281 14 14
282 280 14 14
283 282 14 14
283 280 14 14
284 281 14 14
284 283 14 14
285 283 14 14
285 282 14 14
286 282 14 14
286 280 14 14
287 280 14 14
287 286 14 14
288 284 14 14
288 282 14 14
289 282 14 14
289 281 14 14
290 288 14 14
290 289 14 14
291 287 14 14
291 284 14 14
292 285 14 14
292 280 14 14
293 280 14 14
293 287 14 14
294 287 14 14
294 284 14 14
295 281 14 14
295 292 14 14
296 283 14 14
296 286 14 14
297 285 14 14
297 296 14 14
298 297 14 14
298 292 14 14
299 287 14 14
299 295 14 14
280 297 14 14
280 296 14 14
281 287 14 14
281 288 14 14
302 301 15 15
302 300 15 15
303 302 15 15
303 301 15 15
304 300 15 15
304 303 15 15
305 304 15 15
305 301 15 15
306 305 15 15
306 302 15 15
307 306 15 15
307 302 15 15
308 305 15 15
308 303 15 15
309 300 15 15
309 306 15 15
310 307 15 15
310 302 15 15
311 305 15 15
311 310 15 15
312 303 15 15
312 302 15 15
313 305 15 15
313 300 15 15
314 307 15 15
314 311 15 15
315 314 15 15
315 301 15 15
316 313 15 15
316 311 15 15
317 312 15 15
317 315 15 15
318 312 15 15
318 316 15 15
319 318 15 15
319 303 15 15
300 306 15 15
300 314 15 15
301 319 15 15
301 310 15 15
49 31 2 1
57 3 2 0
76 55 3 2
60 16 3 0
83 5 4 0
96 21 4 1
112 50 5 2
118 80 5 4
139 66 6 3
127 109 6 5
141 89 7 4
151 0 7 0
160 121 8 6
160 67 8 3
199 2 9 0
181 93 9 4
214 83 10 4
207 169 10 8
238 131 11 6
239 169 11 8
247 223 12 11
258 13 12 0
262 59 13 2
266 104 13 5
292 131 14 6
282 196 14 9
305 240 15 12
308 205 15 10
16 303 0 15
6 286 0 14
28 216 1 10
27 157 1 7
