swNum = 320
edgeNum = 672

0 0
1 0
2 0
3 0
4 0
5 0
6 0
7 0
8 0
9 0
10 0
11 0
12 0
13 0
14 0
15 0
16 0
17 0
18 0
19 0
20 1
21 1
22 1
23 1
24 1
25 1
26 1
27 1
28 1
29 1
30 1
31 1
32 1
33 1
34 1
35 1
36 1
37 1
38 1
39 1
40 2
41 2
42 2
43 2
44 2
45 2
46 2
47 2
48 2
49 2
50 2
51 2
52 2
53 2
54 2
55 2
56 2
57 2
58 2
59 2
60 3
61 3
62 3
63 3
64 3
65 3
66 3
67 3
68 3
69 3
70 3
71 3
72 3
73 3
74 3
75 3
76 3
77 3
78 3
79 3
80 4
81 4
82 4
83 4
84 4
85 4
86 4
87 4
88 4
89 4
90 4
91 4
92 4
93 4
94 4
95 4
96 4
97 4
98 4
99 4
100 5
101 5
102 5
103 5
104 5
105 5
106 5
107 5
108 5
109 5
110 5
111 5
112 5
113 5
114 5
115 5
116 5
117 5
118 5
119 5
120 6
121 6
122 6
123 6
124 6
125 6
126 6
127 6
128 6
129 6
130 6
131 6
132 6
133 6
134 6
135 6
136 6
137 6
138 6
139 6
140 7
141 7
142 7
143 7
144 7
145 7
146 7
147 7
148 7
149 7
150 7
151 7
152 7
153 7
154 7
155 7
156 7
157 7
158 7
159 7
160 8
161 8
162 8
163 8
164 8
165 8
166 8
167 8
168 8
169 8
170 8
171 8
172 8
173 8
174 8
175 8
176 8
177 8
178 8
179 8
180 9
181 9
182 9
183 9
184 9
185 9
186 9
187 9
188 9
189 9
190 9
191 9
192 9
193 9
194 9
195 9
196 9
197 9
198 9
199 9
200 10
201 10
202 10
203 10
204 10
205 10
206 10
207 10
208 10
209 10
210 10
211 10
212 10
213 10
214 10
215 10
216 10
217 10
218 10
219 10
220 11
221 11
222 11
223 11
224 11
225 11
226 11
227 11
228 11
229 11
230 11
231 11
232 11
233 11
234 11
235 11
236 11
237 11
238 11
239 11
240 12
241 12
242 12
243 12
244 12
245 12
246 12
247 12
248 12
249 12
250 12
251 12
252 12
253 12
254 12
255 12
256 12
257 12
258 12
259 12
260 13
261 13
262 13
263 13
264 13
265 13
266 13
267 13
268 13
269 13
270 13
271 13
272 13
273 13
274 13
275 13
276 13
277 13
278 13
279 13
280 14
281 14
282 14
283 14
284 14
285 14
286 14
287 14
288 14
289 14
290 14
291 14
292 14
293 14
294 14
295 14
296 14
297 14
298 14
299 14
300 15
301 15
302 15
303 15
304 15
305 15
306 15
307 15
308 15
309 15
310 15
311 15
312 15
313 15
314 15
315 15
316 15
317 15
318 15
319 15

2 1 0 0
2 0 0 0
3 2 0 0
3 1 0 0
4 0 0 0
4 2 0 0
5 3 0 0
5 1 0 0
6 0 0 0
6 5 0 0
7 6 0 0
7 4 0 0
8 2 0 0
8 5 0 0
9 5 0 0
9 8 0 0
10 2 0 0
10 8 0 0
11 2 0 0
11 0 0 0
12 1 0 0
12 10 0 0
13 1 0 0
13 4 0 0
14 0 0 0
14 11 0 0
15 6 0 0
15 11 0 0
16 14 0 0
16 4 0 0
17 4 0 0
17 10 0 0
18 11 0 0
18 17 0 0
19 4 0 0
19 15 0 0
0 13 0 0
0 7 0 0
1 10 0 0
1 4 0 0
22 20 1 1
22 21 1 1
23 20 1 1
23 22 1 1
24 23 1 1
24 21 1 1
25 21 1 1
25 23 1 1
26 23 1 1
26 24 1 1
27 25 1 1
27 24 1 1
28 24 1 1
28 20 1 1
29 23 1 1
29 26 1 1
30 28 1 1
30 25 1 1
31 25 1 1
31 29 1 1
32 28 1 1
32 30 1 1
33 24 1 1
33 26 1 1
34 21 1 1
34 29 1 1
35 21 1 1
35 29 1 1
36 23 1 1
36 22 1 1
37 23 1 1
37 31 1 1
38 25 1 1
38 24 1 1
39 21 1 1
39 27 1 1
20 31 1 1
20 35 1 1
21 27 1 1
21 33 1 1
42 41 2 2
42 40 2 2
43 41 2 2
43 40 2 2
44 41 2 2
44 42 2 2
45 43 2 2
45 44 2 2
46 42 2 2
46 45 2 2
47 43 2 2
47 45 2 2
48 47 2 2
48 46 2 2
49 46 2 2
49 45 2 2
50 45 2 2
50 41 2 2
51 45 2 2
51 44 2 2
52 42 2 2
52 50 2 2
53 49 2 2
53 51 2 2
54 53 2 2
54 49 2 2
55 54 2 2
55 49 2 2
56 42 2 2
56 45 2 2
57 55 2 2
57 50 2 2
58 57 2 2
58 47 2 2
59 53 2 2
59 52 2 2
40 59 2 2
40 45 2 2
41 58 2 2
41 46 2 2
62 60 3 3
62 61 3 3
63 61 3 3
63 60 3 3
64 61 3 3
64 62 3 3
65 63 3 3
65 60 3 3
66 63 3 3
66 61 3 3
67 66 3 3
67 65 3 3
68 65 3 3
68 60 3 3
69 64 3 3
69 61 3 3
70 68 3 3
70 61 3 3
71 60 3 3
71 70 3 3
72 60 3 3
72 67 3 3
73 60 3 3
73 63 3 3
74 63 3 3
74 65 3 3
75 62 3 3
75 71 3 3
76 75 3 3
76 70 3 3
77 60 3 3
77 64 3 3
78 62 3 3
78 68 3 3
79 73 3 3
79 69 3 3
60 76 3 3
60 74 3 3
61 75 3 3
61 79 3 3
82 80 4 4
82 81 4 4
83 80 4 4
83 81 4 4
84 83 4 4
84 82 4 4
85 84 4 4
85 83 4 4
86 83 4 4
86 82 4 4
87 80 4 4
87 85 4 4
88 82 4 4
88 87 4 4
89 84 4 4
89 83 4 4
90 87 4 4
90 84 4 4
91 84 4 4
91 82 4 4
92 87 4 4
92 85 4 4
93 87 4 4
93 84 4 4
94 85 4 4
94 87 4 4
95 83 4 4
95 94 4 4
96 81 4 4
96 84 4 4
97 92 4 4
97 87 4 4
98 85 4 4
98 82 4 4
99 97 4 4
99 92 4 4
80 85 4 4
80 86 4 4
81 94 4 4
81 90 4 4
102 101 5 5
102 100 5 5
103 102 5 5
103 100 5 5
104 103 5 5
104 102 5 5
105 104 5 5
105 103 5 5
106 105 5 5
106 102 5 5
107 102 5 5
107 106 5 5
108 101 5 5
108 106 5 5
109 101 5 5
109 108 5 5
110 106 5 5
110 105 5 5
111 104 5 5
111 100 5 5
112 101 5 5
112 102 5 5
113 101 5 5
113 107 5 5
114 113 5 5
114 103 5 5
115 112 5 5
115 102 5 5
116 101 5 5
116 103 5 5
117 112 5 5
117 111 5 5
118 106 5 5
118 108 5 5
119 117 5 5
119 110 5 5
100 118 5 5
100 117 5 5
101 114 5 5
101 115 5 5
122 120 6 6
122 121 6 6
123 120 6 6
123 121 6 6
124 123 6 6
124 122 6 6
125 124 6 6
125 123 6 6
126 125 6 6
126 124 6 6
127 124 6 6
127 121 6 6
128 127 6 6
128 124 6 6
129 123 6 6
129 122 6 6
130 121 6 6
130 128 6 6
131 120 6 6
131 126 6 6
132 127 6 6
132 124 6 6
133 132 6 6
133 126 6 6
134 121 6 6
134 122 6 6
135 134 6 6
135 128 6 6
136 135 6 6
136 125 6 6
137 134 6 6
137 120 6 6
138 128 6 6
138 124 6 6
139 128 6 6
139 134 6 6
120 128 6 6
120 136 6 6
121 139 6 6
121 124 6 6
142 140 7 7
142 141 7 7
143 141 7 7
143 140 7 7
144 141 7 7
144 142 7 7
145 141 7 7
145 144 7 7
146 143 7 7
146 145 7 7
147 140 7 7
147 142 7 7
148 144 7 7
148 145 7 7
149 145 7 7
149 146 7 7
150 143 7 7
150 149 7 7
151 149 7 7
151 148 7 7
152 141 7 7
152 144 7 7
153 146 7 7
153 147 7 7
154 150 7 7
154 148 7 7
155 142 7 7
155 148 7 7
156 144 7 7
156 150 7 7
157 149 7 7
157 156 7 7
158 141 7 7
158 152 7 7
159 146 7 7
159 140 7 7
140 149 7 7
140 157 7 7
141 155 7 7
141 146 7 7
162 161 8 8
162 160 8 8
163 160 8 8
163 162 8 8
164 161 8 8
164 162 8 8
165 163 8 8
165 160 8 8
166 164 8 8
166 161 8 8
167 164 8 8
167 160 8 8
168 167 8 8
168 160 8 8
169 168 8 8
169 165 8 8
170 166 8 8
170 169 8 8
171 164 8 8
171 161 8 8
172 167 8 8
172 171 8 8
173 168 8 8
173 167 8 8
174 164 8 8
174 168 8 8
175 164 8 8
175 170 8 8
176 163 8 8
176 167 8 8
177 171 8 8
177 172 8 8
178 161 8 8
178 173 8 8
179 178 8 8
179 166 8 8
160 164 8 8
160 175 8 8
161 179 8 8
161 170 8 8
182 180 9 9
182 181 9 9
183 182 9 9
183 180 9 9
184 182 9 9
184 181 9 9
185 184 9 9
185 181 9 9
186 180 9 9
186 183 9 9
187 185 9 9
187 184 9 9
188 182 9 9
188 185 9 9
189 186 9 9
189 187 9 9
190 187 9 9
190 182 9 9
191 182 9 9
191 183 9 9
192 180 9 9
192 190 9 9
193 192 9 9
193 180 9 9
194 185 9 9
194 189 9 9
195 187 9 9
195 186 9 9
196 190 9 9
196 185 9 9
197 191 9 9
197 187 9 9
198 187 9 9
198 192 9 9
199 180 9 9
199 197 9 9
180 188 9 9
180 196 9 9
181 186 9 9
181 196 9 9
202 201 10 10
202 200 10 10
203 201 10 10
203 200 10 10
204 201 10 10
204 202 10 10
205 202 10 10
205 203 10 10
206 203 10 10
206 201 10 10
207 202 10 10
207 206 10 10
208 203 10 10
208 205 10 10
209 206 10 10
209 201 10 10
210 206 10 10
210 208 10 10
211 207 10 10
211 206 10 10
212 210 10 10
212 201 10 10
213 201 10 10
213 205 10 10
214 207 10 10
214 201 10 10
215 208 10 10
215 203 10 10
216 200 10 10
216 203 10 10
217 200 10 10
217 215 10 10
218 205 10 10
218 207 10 10
219 208 10 10
219 212 10 10
200 208 10 10
200 219 10 10
201 219 10 10
201 211 10 10
222 221 11 11
222 220 11 11
223 220 11 11
223 222 11 11
224 220 11 11
224 221 11 11
225 222 11 11
225 223 11 11
226 225 11 11
226 223 11 11
227 226 11 11
227 223 11 11
228 221 11 11
228 226 11 11
229 228 11 11
229 226 11 11
230 225 11 11
230 222 11 11
231 221 11 11
231 223 11 11
232 222 11 11
232 220 11 11
233 223 11 11
233 227 11 11
234 233 11 11
234 227 11 11
235 232 11 11
235 220 11 11
236 226 11 11
236 235 11 11
237 223 11 11
237 232 11 11
238 224 11 11
238 227 11 11
239 233 11 11
239 220 11 11
220 225 11 11
220 236 11 11
221 225 11 11
221 223 11 11
242 240 12 12
242 241 12 12
243 240 12 12
243 242 12 12
244 240 12 12
244 242 12 12
245 242 12 12
245 244 12 12
246 243 12 12
246 245 12 12
247 241 12 12
247 244 12 12
248 242 12 12
248 243 12 12
249 243 12 12
249 242 12 12
250 247 12 12
250 242 12 12
251 240 12 12
251 242 12 12
252 246 12 12
252 250 12 12
253 248 12 12
253 240 12 12
254 242 12 12
254 250 12 12
255 242 12 12
255 251 12 12
256 244 12 12
256 240 12 12
257 241 12 12
257 247 12 12
258 253 12 12
258 240 12 12
259 244 12 12
259 255 12 12
240 245 12 12
240 257 12 12
241 253 12 12
241 248 12 12
262 260 13 13
262 261 13 13
263 260 13 13
263 262 13 13
264 263 13 13
264 261 13 13
265 264 13 13
265 263 13 13
266 265 13 13
266 263 13 13
267 261 13 13
267 265 13 13
268 260 13 13
268 261 13 13
269 262 13 13
269 263 13 13
270 269 13 13
270 262 13 13
271 265 13 13
271 268 13 13
272 270 13 13
272 264 13 13
273 268 13 13
273 266 13 13
274 269 13 13
274 272 13 13
275 263 13 13
275 270 13 13
276 268 13 13
276 263 13 13
277 274 13 13
277 273 13 13
278 275 13 13
278 273 13 13
279 263 13 13
279 271 13 13
260 275 13 13
260 270 13 13
261 278 13 13
261 265 13 13
282 280 14 14
282 281 14 14
283 281 14 14
283 282 14 14
284 283 14 14
284 281 14 14
285 283 14 14
285 282 14 14
286 285 14 14
286 281 14 14
287 280 14 14
287 282 14 14
288 287 14 14
288 283 14 14
289 288 14 14
289 286 14 14
290 284 14 14
290 289 14 14
291 287 14 14
291 290 14 14
292 290 14 14
292 284 14 14
293 289 14 14
293 282 14 14
294 287 14 14
294 290 14 14
295 280 14 14
295 285 14 14
296 294 14 14
296 293 14 14
297 296 14 14
297 280 14 14
298 293 14 14
298 291 14 14
299 297 14 14
299 290 14 14
280 289 14 14
280 285 14 14
281 285 14 14
281 289 14 14
302 300 15 15
302 301 15 15
303 300 15 15
303 302 15 15
304 300 15 15
304 301 15 15
305 301 15 15
305 300 15 15
306 304 15 15
306 305 15 15
307 305 15 15
307 304 15 15
308 300 15 15
308 301 15 15
309 303 15 15
309 308 15 15
310 303 15 15
310 300 15 15
311 307 15 15
311 304 15 15
312 307 15 15
312 306 15 15
313 312 15 15
313 308 15 15
314 312 15 15
314 313 15 15
315 311 15 15
315 307 15 15
316 303 15 15
316 309 15 15
317 304 15 15
317 313 15 15
318 303 15 15
318 317 15 15
319 316 15 15
319 304 15 15
300 311 15 15
300 317 15 15
301 318 15 15
301 313 15 15
43 0 2 0
48 35 2 1
79 57 3 2
71 7 3 0
83 52 4 2
94 9 4 0
107 3 5 0
110 75 5 3
126 90 6 4
133 9 6 0
149 85 7 4
150 53 7 2
171 146 8 7
161 22 8 1
180 128 9 6
186 80 9 4
212 170 10 8
206 86 10 4
221 42 11 2
230 192 11 9
243 149 12 7
241 107 12 5
278 78 13 3
264 183 13 9
292 69 14 3
293 13 14 0
303 87 15 4
313 188 15 9
17 300 0 15
7 183 0 9
30 225 1 11
21 140 1 7
