swNum = 320
edgeNum = 672

0 0
1 0
2 0
3 0
4 0
5 0
6 0
7 0
8 0
9 0
10 0
11 0
12 0
13 0
14 0
15 0
16 0
17 0
18 0
19 0
20 1
21 1
22 1
23 1
24 1
25 1
26 1
27 1
28 1
29 1
30 1
31 1
32 1
33 1
34 1
35 1
36 1
37 1
38 1
39 1
40 2
41 2
42 2
43 2
44 2
45 2
46 2
47 2
48 2
49 2
50 2
51 2
52 2
53 2
54 2
55 2
56 2
57 2
58 2
59 2
60 3
61 3
62 3
63 3
64 3
65 3
66 3
67 3
68 3
69 3
70 3
71 3
72 3
73 3
74 3
75 3
76 3
77 3
78 3
79 3
80 4
81 4
82 4
83 4
84 4
85 4
86 4
87 4
88 4
89 4
90 4
91 4
92 4
93 4
94 4
95 4
96 4
97 4
98 4
99 4
100 5
101 5
102 5
103 5
104 5
105 5
106 5
107 5
108 5
109 5
110 5
111 5
112 5
113 5
114 5
115 5
116 5
117 5
118 5
119 5
120 6
121 6
122 6
123 6
124 6
125 6
126 6
127 6
128 6
129 6
130 6
131 6
132 6
133 6
134 6
135 6
136 6
137 6
138 6
139 6
140 7
141 7
142 7
143 7
144 7
145 7
146 7
147 7
148 7
149 7
150 7
151 7
152 7
153 7
154 7
155 7
156 7
157 7
158 7
159 7
160 8
161 8
162 8
163 8
164 8
165 8
166 8
167 8
168 8
169 8
170 8
171 8
172 8
173 8
174 8
175 8
176 8
177 8
178 8
179 8
180 9
181 9
182 9
183 9
184 9
185 9
186 9
187 9
188 9
189 9
190 9
191 9
192 9
193 9
194 9
195 9
196 9
197 9
198 9
199 9
200 10
201 10
202 10
203 10
204 10
205 10
206 10
207 10
208 10
209 10
210 10
211 10
212 10
213 10
214 10
215 10
216 10
217 10
218 10
219 10
220 11
221 11
222 11
223 11
224 11
225 11
226 11
227 11
228 11
229 11
230 11
231 11
232 11
233 11
234 11
235 11
236 11
237 11
238 11
239 11
240 12
241 12
242 12
243 12
244 12
245 12
246 12
247 12
248 12
249 12
250 12
251 12
252 12
253 12
254 12
255 12
256 12
257 12
258 12
259 12
260 13
261 13
262 13
263 13
264 13
265 13
266 13
267 13
268 13
269 13
270 13
271 13
272 13
273 13
274 13
275 13
276 13
277 13
278 13
279 13
280 14
281 14
282 14
283 14
284 14
285 14
286 14
287 14
288 14
289 14
290 14
291 14
292 14
293 14
294 14
295 14
296 14
297 14
298 14
299 14
300 15
301 15
302 15
303 15
304 15
305 15
306 15
307 15
308 15
309 15
310 15
311 15
312 15
313 15
314 15
315 15
316 15
317 15
318 15
319 15

2 1 0 0
2 0 0 0
3 1 0 0
3 2 0 0
4 0 0 0
4 3 0 0
5 4 0 0
5 0 0 0
6 3 0 0
6 2 0 0
7 4 0 0
7 1 0 0
8 0 0 0
8 5 0 0
9 3 0 0
9 4 0 0
10 1 0 0
10 6 0 0
11 5 0 0
11 1 0 0
12 2 0 0
12 8 0 0
13 6 0 0
13 10 0 0
14 2 0 0
14 11 0 0
15 5 0 0
15 3 0 0
16 15 0 0
16 10 0 0
17 4 0 0
17 11 0 0
18 7 0 0
18 14 0 0
19 6 0 0
19 13 0 0
0 17 0 0
0 3 0 0
1 19 0 0
1 16 0 0
22 20 1 1
22 21 1 1
23 21 1 1
23 20 1 1
24 23 1 1
24 21 1 1
25 21 1 1
25 20 1 1
26 24 1 1
26 25 1 1
27 22 1 1
27 21 1 1
28 25 1 1
28 21 1 1
29 27 1 1
29 22 1 1
30 25 1 1
30 29 1 1
31 21 1 1
31 20 1 1
32 26 1 1
32 30 1 1
33 25 1 1
33 23 1 1
34 23 1 1
34 24 1 1
35 22 1 1
35 28 1 1
36 24 1 1
36 26 1 1
37 24 1 1
37 25 1 1
38 23 1 1
38 27 1 1
39 27 1 1
39 36 1 1
20 33 1 1
20 29 1 1
21 34 1 1
21 33 1 1
42 40 2 2
42 41 2 2
43 42 2 2
43 41 2 2
44 42 2 2
44 41 2 2
45 44 2 2
45 43 2 2
46 41 2 2
46 42 2 2
47 40 2 2
47 45 2 2
48 41 2 2
48 47 2 2
49 48 2 2
49 43 2 2
50 49 2 2
50 44 2 2
51 43 2 2
51 50 2 2
52 48 2 2
52 43 2 2
53 41 2 2
53 47 2 2
54 50 2 2
54 43 2 2
55 45 2 2
55 44 2 2
56 47 2 2
56 48 2 2
57 53 2 2
57 49 2 2
58 44 2 2
58 52 2 2
59 54 2 2
59 58 2 2
40 52 2 2
40 51 2 2
41 59 2 2
41 56 2 2
62 60 3 3
62 61 3 3
63 61 3 3
63 62 3 3
64 63 3 3
64 60 3 3
65 60 3 3
65 64 3 3
66 62 3 3
66 60 3 3
67 66 3 3
67 65 3 3
68 66 3 3
68 62 3 3
69 63 3 3
69 68 3 3
70 63 3 3
70 66 3 3
71 65 3 3
71 63 3 3
72 60 3 3
72 68 3 3
73 67 3 3
73 68 3 3
74 71 3 3
74 65 3 3
75 72 3 3
75 68 3 3
76 72 3 3
76 71 3 3
77 70 3 3
77 71 3 3
78 76 3 3
78 61 3 3
79 65 3 3
79 77 3 3
60 68 3 3
60 71 3 3
61 64 3 3
61 76 3 3
82 80 4 4
82 81 4 4
83 80 4 4
83 81 4 4
84 80 4 4
84 83 4 4
85 84 4 4
85 83 4 4
86 80 4 4
86 84 4 4
87 86 4 4
87 83 4 4
88 83 4 4
88 86 4 4
89 82 4 4
89 80 4 4
90 85 4 4
90 83 4 4
91 86 4 4
91 85 4 4
92 90 4 4
92 86 4 4
93 91 4 4
93 86 4 4
94 85 4 4
94 93 4 4
95 84 4 4
95 91 4 4
96 84 4 4
96 86 4 4
97 84 4 4
97 92 4 4
98 92 4 4
98 93 4 4
99 96 4 4
99 83 4 4
80 90 4 4
80 92 4 4
81 87 4 4
81 90 4 4
102 101 5 5
102 100 5 5
103 101 5 5
103 100 5 5
104 100 5 5
104 103 5 5
105 103 5 5
105 100 5 5
106 101 5 5
106 105 5 5
107 106 5 5
107 102 5 5
108 103 5 5
108 105 5 5
109 102 5 5
109 106 5 5
110 100 5 5
110 105 5 5
111 110 5 5
111 105 5 5
112 100 5 5
112 106 5 5
113 108 5 5
113 109 5 5
114 102 5 5
114 113 5 5
115 101 5 5
115 108 5 5
116 111 5 5
116 107 5 5
117 113 5 5
117 109 5 5
118 116 5 5
118 102 5 5
119 118 5 5
119 112 5 5
100 119 5 5
100 109 5 5
101 112 5 5
101 109 5 5
122 120 6 6
122 121 6 6
123 121 6 6
123 120 6 6
124 122 6 6
124 121 6 6
125 122 6 6
125 120 6 6
126 123 6 6
126 124 6 6
127 125 6 6
127 120 6 6
128 125 6 6
128 123 6 6
129 123 6 6
129 121 6 6
130 125 6 6
130 129 6 6
131 129 6 6
131 121 6 6
132 120 6 6
132 127 6 6
133 132 6 6
133 126 6 6
134 121 6 6
134 132 6 6
135 134 6 6
135 125 6 6
136 133 6 6
136 132 6 6
137 121 6 6
137 133 6 6
138 128 6 6
138 122 6 6
139 138 6 6
139 136 6 6
120 134 6 6
120 124 6 6
121 133 6 6
121 126 6 6
142 141 7 7
142 140 7 7
143 141 7 7
143 140 7 7
144 141 7 7
144 143 7 7
145 141 7 7
145 143 7 7
146 145 7 7
146 144 7 7
147 143 7 7
147 142 7 7
148 142 7 7
148 147 7 7
149 148 7 7
149 143 7 7
150 141 7 7
150 143 7 7
151 143 7 7
151 146 7 7
152 150 7 7
152 151 7 7
153 150 7 7
153 145 7 7
154 151 7 7
154 149 7 7
155 154 7 7
155 152 7 7
156 145 7 7
156 153 7 7
157 150 7 7
157 152 7 7
158 156 7 7
158 145 7 7
159 140 7 7
159 150 7 7
140 154 7 7
140 150 7 7
141 159 7 7
141 146 7 7
162 161 8 8
162 160 8 8
163 161 8 8
163 162 8 8
164 162 8 8
164 161 8 8
165 164 8 8
165 160 8 8
166 164 8 8
166 165 8 8
167 160 8 8
167 165 8 8
168 161 8 8
168 160 8 8
169 168 8 8
169 166 8 8
170 167 8 8
170 168 8 8
171 160 8 8
171 169 8 8
172 168 8 8
172 163 8 8
173 172 8 8
173 161 8 8
174 162 8 8
174 165 8 8
175 162 8 8
175 173 8 8
176 164 8 8
176 165 8 8
177 170 8 8
177 161 8 8
178 173 8 8
178 162 8 8
179 173 8 8
179 160 8 8
160 164 8 8
160 175 8 8
161 179 8 8
161 169 8 8
182 181 9 9
182 180 9 9
183 182 9 9
183 181 9 9
184 180 9 9
184 181 9 9
185 181 9 9
185 180 9 9
186 183 9 9
186 181 9 9
187 181 9 9
187 180 9 9
188 187 9 9
188 186 9 9
189 181 9 9
189 182 9 9
190 183 9 9
190 182 9 9
191 187 9 9
191 182 9 9
192 191 9 9
192 183 9 9
193 181 9 9
193 184 9 9
194 192 9 9
194 186 9 9
195 185 9 9
195 192 9 9
196 189 9 9
196 183 9 9
197 192 9 9
197 189 9 9
198 180 9 9
198 184 9 9
199 181 9 9
199 198 9 9
180 195 9 9
180 191 9 9
181 194 9 9
181 195 9 9
202 200 10 10
202 201 10 10
203 200 10 10
203 201 10 10
204 203 10 10
204 201 10 10
205 201 10 10
205 203 10 10
206 204 10 10
206 202 10 10
207 200 10 10
207 201 10 10
208 200 10 10
208 207 10 10
209 208 10 10
209 204 10 10
210 208 10 10
210 205 10 10
211 202 10 10
211 203 10 10
212 204 10 10
212 203 10 10
213 211 10 10
213 200 10 10
214 212 10 10
214 200 10 10
215 204 10 10
215 209 10 10
216 207 10 10
216 212 10 10
217 203 10 10
217 200 10 10
218 206 10 10
218 208 10 10
219 217 10 10
219 205 10 10
200 219 10 10
200 205 10 10
201 206 10 10
201 214 10 10
222 221 11 11
222 220 11 11
223 222 11 11
223 221 11 11
224 223 11 11
224 222 11 11
225 222 11 11
225 223 11 11
226 220 11 11
226 221 11 11
227 223 11 11
227 225 11 11
228 224 11 11
228 226 11 11
229 220 11 11
229 226 11 11
230 228 11 11
230 220 11 11
231 227 11 11
231 228 11 11
232 225 11 11
232 231 11 11
233 230 11 11
233 224 11 11
234 227 11 11
234 231 11 11
235 229 11 11
235 233 11 11
236 220 11 11
236 234 11 11
237 235 11 11
237 226 11 11
238 225 11 11
238 223 11 11
239 224 11 11
239 228 11 11
220 239 11 11
220 224 11 11
221 232 11 11
221 233 11 11
242 241 12 12
242 240 12 12
243 240 12 12
243 241 12 12
244 241 12 12
244 243 12 12
245 240 12 12
245 243 12 12
246 245 12 12
246 243 12 12
247 241 12 12
247 240 12 12
248 243 12 12
248 242 12 12
249 246 12 12
249 248 12 12
250 248 12 12
250 243 12 12
251 242 12 12
251 241 12 12
252 242 12 12
252 250 12 12
253 246 12 12
253 243 12 12
254 242 12 12
254 241 12 12
255 251 12 12
255 247 12 12
256 252 12 12
256 250 12 12
257 249 12 12
257 250 12 12
258 240 12 12
258 249 12 12
259 258 12 12
259 254 12 12
240 244 12 12
240 246 12 12
241 246 12 12
241 253 12 12
262 260 13 13
262 261 13 13
263 262 13 13
263 260 13 13
264 260 13 13
264 262 13 13
265 263 13 13
265 264 13 13
266 262 13 13
266 263 13 13
267 261 13 13
267 260 13 13
268 264 13 13
268 265 13 13
269 260 13 13
269 263 13 13
270 268 13 13
270 265 13 13
271 264 13 13
271 269 13 13
272 261 13 13
272 262 13 13
273 262 13 13
273 263 13 13
274 261 13 13
274 267 13 13
275 264 13 13
275 273 13 13
276 266 13 13
276 265 13 13
277 262 13 13
277 273 13 13
278 271 13 13
278 265 13 13
279 269 13 13
279 272 13 13
260 278 13 13
260 274 13 13
261 271 13 13
261 276 13 13
282 281 14 14
282 280 14 14
283 282 14 14
283 281 14 14
284 283 14 14
284 282 14 14
285 281 14 14
285 283 14 14
286 283 14 14
286 281 14 14
287 282 14 14
287 285 14 14
288 283 14 14
288 282 14 14
289 285 14 14
289 288 14 14
290 289 14 14
290 283 14 14
291 284 14 14
291 289 14 14
292 286 14 14
292 280 14 14
293 292 14 14
293 282 14 14
294 288 14 14
294 287 14 14
295 292 14 14
295 280 14 14
296 287 14 14
296 286 14 14
297 281 14 14
297 290 14 14
298 287 14 14
298 293 14 14
299 283 14 14
299 287 14 14
280 293 14 14
280 298 14 14
281 294 14 14
281 289 14 14
302 300 15 15
302 301 15 15
303 301 15 15
303 300 15 15
304 301 15 15
304 303 15 15
305 304 15 15
305 302 15 15
306 305 15 15
306 300 15 15
307 302 15 15
307 300 15 15
308 304 15 15
308 306 15 15
309 306 15 15
309 303 15 15
310 301 15 15
310 306 15 15
311 310 15 15
311 307 15 15
312 304 15 15
312 303 15 15
313 310 15 15
313 305 15 15
314 302 15 15
314 307 15 15
315 303 15 15
315 300 15 15
316 313 15 15
316 314 15 15
317 305 15 15
317 312 15 15
318 313 15 15
318 309 15 15
319 314 15 15
319 317 15 15
300 313 15 15
300 312 15 15
301 305 15 15
301 311 15 15
59 23 2 1
53 2 2 0
60 24 3 1
76 7 3 0
91 0 4 0
92 29 4 1
114 7 5 0
107 23 5 1
128 39 6 1
133 69 6 3
142 19 7 0
147 51 7 2
177 137 8 6
167 114 8 5
193 149 9 7
188 139 9 6
207 91 10 4
211 151 10 7
226 118 11 5
221 120 11 6
243 31 12 1
246 16 12 0
262 81 13 4
263 230 13 11
282 72 14 3
290 213 14 10
310 226 15 11
300 217 15 10
16 167 0 8
1 128 0 6
26 153 1 7
33 303 1 15
