swNum = 320
edgeNum = 672

0 0
1 0
2 0
3 0
4 0
5 0
6 0
7 0
8 0
9 0
10 0
11 0
12 0
13 0
14 0
15 0
16 0
17 0
18 0
19 0
20 1
21 1
22 1
23 1
24 1
25 1
26 1
27 1
28 1
29 1
30 1
31 1
32 1
33 1
34 1
35 1
36 1
37 1
38 1
39 1
40 2
41 2
42 2
43 2
44 2
45 2
46 2
47 2
48 2
49 2
50 2
51 2
52 2
53 2
54 2
55 2
56 2
57 2
58 2
59 2
60 3
61 3
62 3
63 3
64 3
65 3
66 3
67 3
68 3
69 3
70 3
71 3
72 3
73 3
74 3
75 3
76 3
77 3
78 3
79 3
80 4
81 4
82 4
83 4
84 4
85 4
86 4
87 4
88 4
89 4
90 4
91 4
92 4
93 4
94 4
95 4
96 4
97 4
98 4
99 4
100 5
101 5
102 5
103 5
104 5
105 5
106 5
107 5
108 5
109 5
110 5
111 5
112 5
113 5
114 5
115 5
116 5
117 5
118 5
119 5
120 6
121 6
122 6
123 6
124 6
125 6
126 6
127 6
128 6
129 6
130 6
131 6
132 6
133 6
134 6
135 6
136 6
137 6
138 6
139 6
140 7
141 7
142 7
143 7
144 7
145 7
146 7
147 7
148 7
149 7
150 7
151 7
152 7
153 7
154 7
155 7
156 7
157 7
158 7
159 7
160 8
161 8
162 8
163 8
164 8
165 8
166 8
167 8
168 8
169 8
170 8
171 8
172 8
173 8
174 8
175 8
176 8
177 8
178 8
179 8
180 9
181 9
182 9
183 9
184 9
185 9
186 9
187 9
188 9
189 9
190 9
191 9
192 9
193 9
194 9
195 9
196 9
197 9
198 9
199 9
200 10
201 10
202 10
203 10
204 10
205 10
206 10
207 10
208 10
209 10
210 10
211 10
212 10
213 10
214 10
215 10
216 10
217 10
218 10
219 10
220 11
221 11
222 11
223 11
224 11
225 11
226 11
227 11
228 11
229 11
230 11
231 11
232 11
233 11
234 11
235 11
236 11
237 11
238 11
239 11
240 12
241 12
242 12
243 12
244 12
245 12
246 12
247 12
248 12
249 12
250 12
251 12
252 12
253 12
254 12
255 12
256 12
257 12
258 12
259 12
260 13
261 13
262 13
263 13
264 13
265 13
266 13
267 13
268 13
269 13
270 13
271 13
272 13
273 13
274 13
275 13
276 13
277 13
278 13
279 13
280 14
281 14
282 14
283 14
284 14
285 14
286 14
287 14
288 14
289 14
290 14
291 14
292 14
293 14
294 14
295 14
296 14
297 14
298 14
299 14
300 15
301 15
302 15
303 15
304 15
305 15
306 15
307 15
308 15
309 15
310 15
311 15
312 15
313 15
314 15
315 15
316 15
317 15
318 15
319 15

2 0 0 0
2 1 0 0
3 2 0 0
3 1 0 0
4 2 0 0
4 3 0 0
5 1 0 0
5 0 0 0
6 2 0 0
6 4 0 0
7 4 0 0
7 5 0 0
8 3 0 0
8 4 0 0
9 4 0 0
9 3 0 0
10 9 0 0
10 7 0 0
11 6 0 0
11 0 0 0
12 10 0 0
12 4 0 0
13 4 0 0
13 3 0 0
14 11 0 0
14 7 0 0
15 0 0 0
15 5 0 0
16 13 0 0
16 3 0 0
17 7 0 0
17 11 0 0
18 7 0 0
18 4 0 0
19 12 0 0
19 3 0 0
0 18 0 0
0 7 0 0
1 6 0 0
1 8 0 0
22 21 1 1
22 20 1 1
23 20 1 1
23 21 1 1
24 23 1 1
24 20 1 1
25 23 1 1
25 21 1 1
26 23 1 1
26 20 1 1
27 21 1 1
27 20 1 1
28 24 1 1
28 22 1 1
29 23 1 1
29 27 1 1
30 26 1 1
30 25 1 1
31 29 1 1
31 22 1 1
32 27 1 1
32 28 1 1
33 29 1 1
33 31 1 1
34 20 1 1
34 22 1 1
35 26 1 1
35 21 1 1
36 32 1 1
36 33 1 1
37 25 1 1
37 35 1 1
38 33 1 1
38 35 1 1
39 37 1 1
39 32 1 1
20 25 1 1
20 37 1 1
21 26 1 1
21 38 1 1
42 41 2 2
42 40 2 2
43 41 2 2
43 40 2 2
44 43 2 2
44 41 2 2
45 41 2 2
45 43 2 2
46 42 2 2
46 45 2 2
47 40 2 2
47 42 2 2
48 40 2 2
48 44 2 2
49 40 2 2
49 44 2 2
50 46 2 2
50 49 2 2
51 47 2 2
51 41 2 2
52 45 2 2
52 43 2 2
53 43 2 2
53 44 2 2
54 41 2 2
54 52 2 2
55 48 2 2
55 54 2 2
56 50 2 2
56 43 2 2
57 48 2 2
57 55 2 2
58 47 2 2
58 40 2 2
59 53 2 2
59 41 2 2
40 53 2 2
40 55 2 2
41 49 2 2
41 47 2 2
62 60 3 3
62 61 3 3
63 62 3 3
63 60 3 3
64 60 3 3
64 63 3 3
65 61 3 3
65 62 3 3
66 61 3 3
66 60 3 3
67 64 3 3
67 63 3 3
68 64 3 3
68 60 3 3
69 64 3 3
69 61 3 3
70 61 3 3
70 65 3 3
71 60 3 3
71 62 3 3
72 60 3 3
72 61 3 3
73 68 3 3
73 65 3 3
74 73 3 3
74 69 3 3
75 61 3 3
75 60 3 3
76 71 3 3
76 61 3 3
77 65 3 3
77 70 3 3
78 72 3 3
78 64 3 3
79 62 3 3
79 61 3 3
60 78 3 3
60 70 3 3
61 77 3 3
61 63 3 3
82 80 4 4
82 81 4 4
83 80 4 4
83 82 4 4
84 82 4 4
84 83 4 4
85 83 4 4
85 80 4 4
86 81 4 4
86 84 4 4
87 86 4 4
87 84 4 4
88 83 4 4
88 86 4 4
89 84 4 4
89 88 4 4
90 80 4 4
90 83 4 4
91 80 4 4
91 83 4 4
92 90 4 4
92 86 4 4
93 85 4 4
93 84 4 4
94 87 4 4
94 90 4 4
95 90 4 4
95 81 4 4
96 94 4 4
96 93 4 4
97 87 4 4
97 92 4 4
98 80 4 4
98 87 4 4
99 96 4 4
99 92 4 4
80 95 4 4
80 84 4 4
81 87 4 4
81 90 4 4
102 100 5 5
102 101 5 5
103 100 5 5
103 102 5 5
104 101 5 5
104 103 5 5
105 100 5 5
105 103 5 5
106 103 5 5
106 101 5 5
107 101 5 5
107 105 5 5
108 102 5 5
108 104 5 5
109 100 5 5
109 108 5 5
110 109 5 5
110 108 5 5
111 103 5 5
111 109 5 5
112 100 5 5
112 102 5 5
113 106 5 5
113 112 5 5
114 110 5 5
114 107 5 5
115 107 5 5
115 113 5 5
116 107 5 5
116 111 5 5
117 105 5 5
117 112 5 5
118 106 5 5
118 117 5 5
119 105 5 5
119 106 5 5
100 104 5 5
100 110 5 5
101 103 5 5
101 118 5 5
122 120 6 6
122 121 6 6
123 121 6 6
123 122 6 6
124 122 6 6
124 120 6 6
125 123 6 6
125 124 6 6
126 125 6 6
126 120 6 6
127 120 6 6
127 125 6 6
128 120 6 6
128 127 6 6
129 126 6 6
129 127 6 6
130 127 6 6
130 122 6 6
131 124 6 6
131 121 6 6
132 125 6 6
132 127 6 6
133 129 6 6
133 127 6 6
134 123 6 6
134 130 6 6
135 123 6 6
135 131 6 6
136 120 6 6
136 129 6 6
137 134 6 6
137 130 6 6
138 134 6 6
138 137 6 6
139 124 6 6
139 136 6 6
120 132 6 6
120 129 6 6
121 124 6 6
121 135 6 6
142 140 7 7
142 141 7 7
143 142 7 7
143 141 7 7
144 141 7 7
144 142 7 7
145 144 7 7
145 141 7 7
146 144 7 7
146 141 7 7
147 140 7 7
147 143 7 7
148 144 7 7
148 141 7 7
149 141 7 7
149 147 7 7
150 149 7 7
150 148 7 7
151 140 7 7
151 141 7 7
152 146 7 7
152 147 7 7
153 151 7 7
153 144 7 7
154 143 7 7
154 140 7 7
155 149 7 7
155 154 7 7
156 154 7 7
156 143 7 7
157 155 7 7
157 143 7 7
158 149 7 7
158 141 7 7
159 150 7 7
159 155 7 7
140 144 7 7
140 152 7 7
141 150 7 7
141 153 7 7
162 160 8 8
162 161 8 8
163 160 8 8
163 161 8 8
164 161 8 8
164 162 8 8
165 163 8 8
165 160 8 8
166 164 8 8
166 165 8 8
167 160 8 8
167 161 8 8
168 160 8 8
168 161 8 8
169 166 8 8
169 161 8 8
170 165 8 8
170 162 8 8
171 160 8 8
171 165 8 8
172 166 8 8
172 169 8 8
173 167 8 8
173 169 8 8
174 173 8 8
174 172 8 8
175 166 8 8
175 172 8 8
176 160 8 8
176 164 8 8
177 175 8 8
177 163 8 8
178 171 8 8
178 161 8 8
179 160 8 8
179 167 8 8
160 174 8 8
160 173 8 8
161 165 8 8
161 171 8 8
182 181 9 9
182 180 9 9
183 181 9 9
183 182 9 9
184 181 9 9
184 183 9 9
185 182 9 9
185 180 9 9
186 184 9 9
186 183 9 9
187 186 9 9
187 180 9 9
188 187 9 9
188 180 9 9
189 187 9 9
189 186 9 9
190 188 9 9
190 189 9 9
191 185 9 9
191 190 9 9
192 187 9 9
192 182 9 9
193 190 9 9
193 184 9 9
194 190 9 9
194 192 9 9
195 194 9 9
195 189 9 9
196 189 9 9
196 195 9 9
197 180 9 9
197 196 9 9
198 195 9 9
198 182 9 9
199 192 9 9
199 195 9 9
180 191 9 9
180 184 9 9
181 198 9 9
181 191 9 9
202 200 10 10
202 201 10 10
203 201 10 10
203 202 10 10
204 203 10 10
204 202 10 10
205 202 10 10
205 201 10 10
206 200 10 10
206 202 10 10
207 204 10 10
207 206 10 10
208 207 10 10
208 202 10 10
209 204 10 10
209 205 10 10
210 206 10 10
210 207 10 10
211 203 10 10
211 209 10 10
212 204 10 10
212 205 10 10
213 205 10 10
213 204 10 10
214 208 10 10
214 202 10 10
215 206 10 10
215 201 10 10
216 211 10 10
216 214 10 10
217 212 10 10
217 204 10 10
218 208 10 10
218 211 10 10
219 216 10 10
219 202 10 10
200 218 10 10
200 215 10 10
201 218 10 10
201 214 10 10
222 220 11 11
222 221 11 11
223 220 11 11
223 222 11 11
224 223 11 11
224 220 11 11
225 222 11 11
225 221 11 11
226 222 11 11
226 224 11 11
227 224 11 11
227 225 11 11
228 226 11 11
228 222 11 11
229 224 11 11
229 221 11 11
230 226 11 11
230 220 11 11
231 230 11 11
231 227 11 11
232 224 11 11
232 229 11 11
233 223 11 11
233 226 11 11
234 223 11 11
234 232 11 11
235 220 11 11
235 229 11 11
236 234 11 11
236 227 11 11
237 227 11 11
237 229 11 11
238 236 11 11
238 220 11 11
239 224 11 11
239 238 11 11
220 237 11 11
220 227 11 11
221 230 11 11
221 231 11 11
242 241 12 12
242 240 12 12
243 240 12 12
243 241 12 12
244 242 12 12
244 241 12 12
245 241 12 12
245 243 12 12
246 241 12 12
246 245 12 12
247 242 12 12
247 240 12 12
248 244 12 12
248 247 12 12
249 244 12 12
249 240 12 12
250 245 12 12
250 244 12 12
251 240 12 12
251 246 12 12
252 244 12 12
252 245 12 12
253 252 12 12
253 250 12 12
254 250 12 12
254 244 12 12
255 253 12 12
255 248 12 12
256 249 12 12
256 240 12 12
257 256 12 12
257 255 12 12
258 247 12 12
258 249 12 12
259 246 12 12
259 249 12 12
240 246 12 12
240 250 12 12
241 249 12 12
241 253 12 12
262 260 13 13
262 261 13 13
263 262 13 13
263 260 13 13
264 261 13 13
264 262 13 13
265 264 13 13
265 262 13 13
266 263 13 13
266 260 13 13
267 262 13 13
267 265 13 13
268 265 13 13
268 266 13 13
269 265 13 13
269 262 13 13
270 266 13 13
270 265 13 13
271 268 13 13
271 266 13 13
272 263 13 13
272 266 13 13
273 271 13 13
273 267 13 13
274 272 13 13
274 269 13 13
275 271 13 13
275 268 13 13
276 261 13 13
276 264 13 13
277 264 13 13
277 266 13 13
278 274 13 13
278 262 13 13
279 264 13 13
279 269 13 13
260 274 13 13
260 267 13 13
261 272 13 13
261 270 13 13
282 281 14 14
282 280 14 14
283 280 14 14
283 282 14 14
284 280 14 14
284 283 14 14
285 283 14 14
285 281 14 14
286 285 14 14
286 284 14 14
287 284 14 14
287 280 14 14
288 282 14 14
288 283 14 14
289 281 14 14
289 285 14 14
290 287 14 14
290 282 14 14
291 283 14 14
291 289 14 14
292 284 14 14
292 287 14 14
293 288 14 14
293 283 14 14
294 286 14 14
294 280 14 14
295 286 14 14
295 288 14 14
296 289 14 14
296 281 14 14
297 294 14 14
297 291 14 14
298 293 14 14
298 285 14 14
299 291 14 14
299 288 14 14
280 292 14 14
280 295 14 14
281 299 14 14
281 297 14 14
302 300 15 15
302 301 15 15
303 301 15 15
303 302 15 15
304 303 15 15
304 301 15 15
305 302 15 15
305 303 15 15
306 300 15 15
306 304 15 15
307 304 15 15
307 302 15 15
308 301 15 15
308 303 15 15
309 304 15 15
309 305 15 15
310 304 15 15
310 306 15 15
311 307 15 15
311 310 15 15
312 300 15 15
312 305 15 15
313 304 15 15
313 310 15 15
314 313 15 15
314 304 15 15
315 303 15 15
315 306 15 15
316 311 15 15
316 308 15 15
317 308 15 15
317 301 15 15
318 306 15 15
318 310 15 15
319 312 15 15
319 304 15 15
300 309 15 15
300 310 15 15
301 306 15 15
301 313 15 15
43 24 2 1
46 8 2 0
74 48 3 2
64 26 3 1
84 67 4 3
86 6 4 0
119 61 5 3
101 8 5 0
128 64 6 3
139 59 6 2
152 139 7 6
140 55 7 2
161 60 8 3
167 126 8 6
197 105 9 5
192 63 9 3
207 8 10 0
210 50 10 2
224 71 11 3
229 182 11 9
251 49 12 2
251 221 12 11
274 136 13 6
269 21 13 1
297 276 14 13
295 2 14 0
303 24 15 1
305 85 15 4
12 196 0 9
17 254 0 12
21 164 1 8
27 244 1 12
