swNum = 320
edgeNum = 672

0 0
1 0
2 0
3 0
4 0
5 0
6 0
7 0
8 0
9 0
10 0
11 0
12 0
13 0
14 0
15 0
16 0
17 0
18 0
19 0
20 1
21 1
22 1
23 1
24 1
25 1
26 1
27 1
28 1
29 1
30 1
31 1
32 1
33 1
34 1
35 1
36 1
37 1
38 1
39 1
40 2
41 2
42 2
43 2
44 2
45 2
46 2
47 2
48 2
49 2
50 2
51 2
52 2
53 2
54 2
55 2
56 2
57 2
58 2
59 2
60 3
61 3
62 3
63 3
64 3
65 3
66 3
67 3
68 3
69 3
70 3
71 3
72 3
73 3
74 3
75 3
76 3
77 3
78 3
79 3
80 4
81 4
82 4
83 4
84 4
85 4
86 4
87 4
88 4
89 4
90 4
91 4
92 4
93 4
94 4
95 4
96 4
97 4
98 4
99 4
100 5
101 5
102 5
103 5
104 5
105 5
106 5
107 5
108 5
109 5
110 5
111 5
112 5
113 5
114 5
115 5
116 5
117 5
118 5
119 5
120 6
121 6
122 6
123 6
124 6
125 6
126 6
127 6
128 6
129 6
130 6
131 6
132 6
133 6
134 6
135 6
136 6
137 6
138 6
139 6
140 7
141 7
142 7
143 7
144 7
145 7
146 7
147 7
148 7
149 7
150 7
151 7
152 7
153 7
154 7
155 7
156 7
157 7
158 7
159 7
160 8
161 8
162 8
163 8
164 8
165 8
166 8
167 8
168 8
169 8
170 8
171 8
172 8
173 8
174 8
175 8
176 8
177 8
178 8
179 8
180 9
181 9
182 9
183 9
184 9
185 9
186 9
187 9
188 9
189 9
190 9
191 9
192 9
193 9
194 9
195 9
196 9
197 9
198 9
199 9
200 10
201 10
202 10
203 10
204 10
205 10
206 10
207 10
208 10
209 10
210 10
211 10
212 10
213 10
214 10
215 10
216 10
217 10
218 10
219 10
220 11
221 11
222 11
223 11
224 11
225 11
226 11
227 11
228 11
229 11
230 11
231 11
232 11
233 11
234 11
235 11
236 11
237 11
238 11
239 11
240 12
241 12
242 12
243 12
244 12
245 12
246 12
247 12
248 12
249 12
250 12
251 12
252 12
253 12
254 12
255 12
256 12
257 12
258 12
259 12
260 13
261 13
262 13
263 13
264 13
265 13
266 13
267 13
268 13
269 13
270 13
271 13
272 13
273 13
274 13
275 13
276 13
277 13
278 13
279 13
280 14
281 14
282 14
283 14
284 14
285 14
286 14
287 14
288 14
289 14
290 14
291 14
292 14
293 14
294 14
295 14
296 14
297 14
298 14
299 14
300 15
301 15
302 15
303 15
304 15
305 15
306 15
307 15
308 15
309 15
310 15
311 15
312 15
313 15
314 15
315 15
316 15
317 15
318 15
319 15

2 0 0 0
2 1 0 0
3 0 0 0
3 2 0 0
4 2 0 0
4 0 0 0
5 4 0 0
5 0 0 0
6 4 0 0
6 3 0 0
7 3 0 0
7 2 0 0
8 2 0 0
8 7 0 0
9 0 0 0
9 7 0 0
10 5 0 0
10 1 0 0
11 9 0 0
11 8 0 0
12 4 0 0
12 6 0 0
13 4 0 0
13 3 0 0
14 5 0 0
14 1 0 0
15 7 0 0
15 11 0 0
16 2 0 0
16 12 0 0
17 13 0 0
17 4 0 0
18 1 0 0
18 12 0 0
19 12 0 0
19 17 0 0
0 15 0 0
0 8 0 0
1 11 0 0
1 19 0 0
22 20 1 1
22 21 1 1
23 22 1 1
23 20 1 1
24 20 1 1
24 23 1 1
25 23 1 1
25 24 1 1
26 20 1 1
26 22 1 1
27 25 1 1
27 20 1 1
28 25 1 1
28 23 1 1
29 25 1 1
29 20 1 1
30 26 1 1
30 29 1 1
31 21 1 1
31 24 1 1
32 30 1 1
32 29 1 1
33 29 1 1
33 24 1 1
34 20 1 1
34 32 1 1
35 32 1 1
35 22 1 1
36 21 1 1
36 31 1 1
37 29 1 1
37 35 1 1
38 30 1 1
38 23 1 1
39 21 1 1
39 38 1 1
20 38 1 1
20 39 1 1
21 38 1 1
21 25 1 1
42 40 2 2
42 41 2 2
43 42 2 2
43 40 2 2
44 40 2 2
44 43 2 2
45 43 2 2
45 42 2 2
46 44 2 2
46 42 2 2
47 41 2 2
47 45 2 2
48 40 2 2
48 47 2 2
49 44 2 2
49 43 2 2
50 42 2 2
50 40 2 2
51 47 2 2
51 43 2 2
52 48 2 2
52 45 2 2
53 51 2 2
53 46 2 2
54 53 2 2
54 51 2 2
55 48 2 2
55 46 2 2
56 55 2 2
56 53 2 2
57 42 2 2
57 47 2 2
58 52 2 2
58 51 2 2
59 43 2 2
59 51 2 2
40 53 2 2
40 57 2 2
41 49 2 2
41 59 2 2
62 60 3 3
62 61 3 3
63 61 3 3
63 60 3 3
64 61 3 3
64 60 3 3
65 60 3 3
65 62 3 3
66 64 3 3
66 61 3 3
67 66 3 3
67 64 3 3
68 65 3 3
68 64 3 3
69 68 3 3
69 67 3 3
70 68 3 3
70 67 3 3
71 60 3 3
71 69 3 3
72 67 3 3
72 60 3 3
73 61 3 3
73 67 3 3
74 66 3 3
74 62 3 3
75 65 3 3
75 71 3 3
76 68 3 3
76 67 3 3
77 67 3 3
77 75 3 3
78 65 3 3
78 75 3 3
79 67 3 3
79 74 3 3
60 79 3 3
60 74 3 3
61 67 3 3
61 75 3 3
82 81 4 4
82 80 4 4
83 81 4 4
83 80 4 4
84 81 4 4
84 80 4 4
85 83 4 4
85 84 4 4
86 85 4 4
86 81 4 4
87 80 4 4
87 84 4 4
88 85 4 4
88 84 4 4
89 88 4 4
89 83 4 4
90 80 4 4
90 82 4 4
91 83 4 4
91 86 4 4
92 89 4 4
92 83 4 4
93 87 4 4
93 90 4 4
94 89 4 4
94 91 4 4
95 80 4 4
95 94 4 4
96 80 4 4
96 83 4 4
97 92 4 4
97 80 4 4
98 94 4 4
98 86 4 4
99 93 4 4
99 84 4 4
80 94 4 4
80 92 4 4
81 95 4 4
81 85 4 4
102 100 5 5
102 101 5 5
103 101 5 5
103 102 5 5
104 101 5 5
104 100 5 5
105 102 5 5
105 103 5 5
106 101 5 5
106 104 5 5
107 102 5 5
107 101 5 5
108 101 5 5
108 102 5 5
109 104 5 5
109 101 5 5
110 103 5 5
110 109 5 5
111 104 5 5
111 105 5 5
112 103 5 5
112 102 5 5
113 105 5 5
113 108 5 5
114 106 5 5
114 101 5 5
115 106 5 5
115 111 5 5
116 110 5 5
116 115 5 5
117 108 5 5
117 107 5 5
118 109 5 5
118 104 5 5
119 109 5 5
119 106 5 5
100 108 5 5
100 107 5 5
101 113 5 5
101 110 5 5
122 121 6 6
122 120 6 6
123 121 6 6
123 122 6 6
124 121 6 6
124 120 6 6
125 123 6 6
125 120 6 6
126 120 6 6
126 123 6 6
127 124 6 6
127 122 6 6
128 121 6 6
128 127 6 6
129 125 6 6
129 121 6 6
130 126 6 6
130 129 6 6
131 122 6 6
131 128 6 6
132 127 6 6
132 128 6 6
133 120 6 6
133 122 6 6
134 123 6 6
134 130 6 6
135 134 6 6
135 126 6 6
136 131 6 6
136 124 6 6
137 132 6 6
137 124 6 6
138 122 6 6
138 136 6 6
139 132 6 6
139 129 6 6
120 139 6 6
120 123 6 6
121 138 6 6
121 132 6 6
142 141 7 7
142 140 7 7
143 141 7 7
143 142 7 7
144 143 7 7
144 141 7 7
145 144 7 7
145 143 7 7
146 144 7 7
146 143 7 7
147 140 7 7
147 146 7 7
148 140 7 7
148 145 7 7
149 145 7 7
149 142 7 7
150 144 7 7
150 148 7 7
151 150 7 7
151 146 7 7
152 147 7 7
152 140 7 7
153 148 7 7
153 144 7 7
154 153 7 7
154 152 7 7
155 150 7 7
155 144 7 7
156 150 7 7
156 147 7 7
157 156 7 7
157 142 7 7
158 153 7 7
158 157 7 7
159 142 7 7
159 154 7 7
140 156 7 7
140 153 7 7
141 145 7 7
141 156 7 7
162 160 8 8
162 161 8 8
163 162 8 8
163 160 8 8
164 160 8 8
164 162 8 8
165 161 8 8
165 162 8 8
166 160 8 8
166 162 8 8
167 166 8 8
167 160 8 8
168 162 8 8
168 163 8 8
169 164 8 8
169 163 8 8
170 164 8 8
170 169 8 8
171 165 8 8
171 168 8 8
172 169 8 8
172 162 8 8
173 171 8 8
173 168 8 8
174 162 8 8
174 167 8 8
175 168 8 8
175 173 8 8
176 172 8 8
176 170 8 8
177 171 8 8
177 164 8 8
178 165 8 8
178 163 8 8
179 175 8 8
179 173 8 8
160 179 8 8
160 176 8 8
161 167 8 8
161 174 8 8
182 181 9 9
182 180 9 9
183 182 9 9
183 181 9 9
184 182 9 9
184 183 9 9
185 182 9 9
185 184 9 9
186 181 9 9
186 184 9 9
187 186 9 9
187 180 9 9
188 182 9 9
188 181 9 9
189 181 9 9
189 188 9 9
190 184 9 9
190 187 9 9
191 185 9 9
191 184 9 9
192 191 9 9
192 188 9 9
193 189 9 9
193 188 9 9
194 191 9 9
194 182 9 9
195 192 9 9
195 191 9 9
196 186 9 9
196 187 9 9
197 183 9 9
197 196 9 9
198 182 9 9
198 192 9 9
199 195 9 9
199 180 9 9
180 188 9 9
180 189 9 9
181 192 9 9
181 196 9 9
202 200 10 10
202 201 10 10
203 201 10 10
203 200 10 10
204 201 10 10
204 202 10 10
205 203 10 10
205 202 10 10
206 204 10 10
206 205 10 10
207 200 10 10
207 201 10 10
208 201 10 10
208 207 10 10
209 205 10 10
209 201 10 10
210 200 10 10
210 202 10 10
211 210 10 10
211 207 10 10
212 204 10 10
212 209 10 10
213 210 10 10
213 206 10 10
214 210 10 10
214 211 10 10
215 214 10 10
215 209 10 10
216 209 10 10
216 214 10 10
217 205 10 10
217 204 10 10
218 201 10 10
218 202 10 10
219 213 10 10
219 203 10 10
200 214 10 10
200 219 10 10
201 214 10 10
201 212 10 10
222 220 11 11
222 221 11 11
223 221 11 11
223 220 11 11
224 221 11 11
224 220 11 11
225 221 11 11
225 222 11 11
226 223 11 11
226 225 11 11
227 225 11 11
227 221 11 11
228 220 11 11
228 222 11 11
229 225 11 11
229 227 11 11
230 220 11 11
230 227 11 11
231 226 11 11
231 225 11 11
232 220 11 11
232 230 11 11
233 222 11 11
233 227 11 11
234 232 11 11
234 225 11 11
235 221 11 11
235 222 11 11
236 223 11 11
236 228 11 11
237 222 11 11
237 220 11 11
238 231 11 11
238 223 11 11
239 220 11 11
239 238 11 11
220 231 11 11
220 235 11 11
221 232 11 11
221 239 11 11
242 240 12 12
242 241 12 12
243 242 12 12
243 240 12 12
244 240 12 12
244 242 12 12
245 244 12 12
245 240 12 12
246 245 12 12
246 240 12 12
247 243 12 12
247 244 12 12
248 241 12 12
248 242 12 12
249 247 12 12
249 246 12 12
250 246 12 12
250 248 12 12
251 249 12 12
251 245 12 12
252 248 12 12
252 247 12 12
253 248 12 12
253 250 12 12
254 246 12 12
254 248 12 12
255 244 12 12
255 240 12 12
256 246 12 12
256 254 12 12
257 249 12 12
257 254 12 12
258 249 12 12
258 247 12 12
259 252 12 12
259 243 12 12
240 249 12 12
240 248 12 12
241 257 12 12
241 245 12 12
262 260 13 13
262 261 13 13
263 262 13 13
263 260 13 13
264 260 13 13
264 262 13 13
265 264 13 13
265 262 13 13
266 261 13 13
266 262 13 13
267 266 13 13
267 261 13 13
268 264 13 13
268 263 13 13
269 263 13 13
269 266 13 13
270 268 13 13
270 263 13 13
271 260 13 13
271 267 13 13
272 260 13 13
272 264 13 13
273 269 13 13
273 266 13 13
274 269 13 13
274 272 13 13
275 260 13 13
275 271 13 13
276 263 13 13
276 264 13 13
277 270 13 13
277 276 13 13
278 275 13 13
278 272 13 13
279 261 13 13
279 265 13 13
260 276 13 13
260 274 13 13
261 268 13 13
261 274 13 13
282 280 14 14
282 281 14 14
283 281 14 14
283 280 14 14
284 281 14 14
284 280 14 14
285 282 14 14
285 283 14 14
286 285 14 14
286 284 14 14
287 281 14 14
287 285 14 14
288 287 14 14
288 284 14 14
289 280 14 14
289 286 14 14
290 281 14 14
290 284 14 14
291 284 14 14
291 281 14 14
292 286 14 14
292 290 14 14
293 284 14 14
293 288 14 14
294 293 14 14
294 282 14 14
295 289 14 14
295 285 14 14
296 292 14 14
296 295 14 14
297 286 14 14
297 291 14 14
298 289 14 14
298 297 14 14
299 282 14 14
299 280 14 14
280 287 14 14
280 297 14 14
281 292 14 14
281 288 14 14
302 300 15 15
302 301 15 15
303 300 15 15
303 301 15 15
304 303 15 15
304 302 15 15
305 301 15 15
305 302 15 15
306 305 15 15
306 303 15 15
307 304 15 15
307 302 15 15
308 302 15 15
308 301 15 15
309 302 15 15
309 306 15 15
310 300 15 15
310 305 15 15
311 308 15 15
311 305 15 15
312 301 15 15
312 309 15 15
313 302 15 15
313 303 15 15
314 311 15 15
314 310 15 15
315 314 15 15
315 300 15 15
316 309 15 15
316 312 15 15
317 304 15 15
317 307 15 15
318 317 15 15
318 313 15 15
319 317 15 15
319 304 15 15
300 311 15 15
300 319 15 15
301 311 15 15
301 315 15 15
46 0 2 0
47 36 2 1
67 35 3 1
61 4 3 0
93 54 4 2
88 16 4 0
119 64 5 3
113 27 5 1
135 86 6 4
127 10 6 0
157 33 7 1
157 7 7 0
171 87 8 4
178 3 8 0
186 115 9 5
187 63 9 3
205 131 10 6
210 86 10 4
234 11 11 0
239 63 11 3
240 172 12 8
251 107 12 5
268 62 13 3
266 9 13 0
283 168 14 8
297 61 14 3
311 193 15 9
305 274 15 13
1 114 0 5
2 317 0 15
31 217 1 10
20 233 1 11
