swNum = 80
edgeNum = 175

0 0
1 0
2 0
3 0
4 0
5 0
6 0
7 0
8 0
9 0
10 1
11 1
12 1
13 1
14 1
15 1
16 1
17 1
18 1
19 1
20 2
21 2
22 2
23 2
24 2
25 2
26 2
27 2
28 2
29 2
30 3
31 3
32 3
33 3
34 3
35 3
36 3
37 3
38 3
39 3
40 4
41 4
42 4
43 4
44 4
45 4
46 4
47 4
48 4
49 4
50 5
51 5
52 5
53 5
54 5
55 5
56 5
57 5
58 5
59 5
60 6
61 6
62 6
63 6
64 6
65 6
66 6
67 6
68 6
69 6
70 7
71 7
72 7
73 7
74 7
75 7
76 7
77 7
78 7
79 7

2 0 0 0
2 1 0 0
3 0 0 0
3 2 0 0
4 3 0 0
4 2 0 0
5 0 0 0
5 2 0 0
6 2 0 0
6 1 0 0
7 2 0 0
7 4 0 0
8 0 0 0
8 4 0 0
9 3 0 0
9 7 0 0
0 9 0 0
0 7 0 0
1 8 0 0
1 7 0 0
12 11 1 1
12 10 1 1
13 10 1 1
13 11 1 1
14 12 1 1
14 13 1 1
15 12 1 1
15 11 1 1
16 10 1 1
16 14 1 1
17 12 1 1
17 13 1 1
18 17 1 1
18 14 1 1
19 13 1 1
19 11 1 1
10 15 1 1
10 14 1 1
11 16 1 1
11 14 1 1
22 20 2 2
22 21 2 2
23 21 2 2
23 20 2 2
24 22 2 2
24 23 2 2
25 24 2 2
25 20 2 2
26 25 2 2
26 21 2 2
27 22 2 2
27 24 2 2
28 24 2 2
28 27 2 2
29 22 2 2
29 27 2 2
20 29 2 2
20 26 2 2
21 25 2 2
21 24 2 2
32 30 3 3
32 31 3 3
33 31 3 3
33 30 3 3
34 31 3 3
34 30 3 3
35 33 3 3
35 34 3 3
36 32 3 3
36 34 3 3
37 36 3 3
37 34 3 3
38 34 3 3
38 37 3 3
39 30 3 3
39 37 3 3
30 35 3 3
30 38 3 3
31 35 3 3
31 39 3 3
42 41 4 4
42 40 4 4
43 41 4 4
43 40 4 4
44 40 4 4
44 43 4 4
45 43 4 4
45 40 4 4
46 42 4 4
46 44 4 4
47 41 4 4
47 42 4 4
48 43 4 4
48 44 4 4
49 41 4 4
49 40 4 4
40 48 4 4
40 46 4 4
41 48 4 4
41 44 4 4
52 50 5 5
52 51 5 5
53 52 5 5
53 50 5 5
54 52 5 5
54 50 5 5
55 52 5 5
55 53 5 5
56 50 5 5
56 54 5 5
57 51 5 5
57 52 5 5
58 52 5 5
58 53 5 5
59 54 5 5
59 56 5 5
50 58 5 5
50 59 5 5
51 59 5 5
51 55 5 5
62 60 6 6
62 61 6 6
63 61 6 6
63 60 6 6
64 61 6 6
64 62 6 6
65 61 6 6
65 60 6 6
66 62 6 6
66 65 6 6
67 65 6 6
67 60 6 6
68 67 6 6
68 65 6 6
69 60 6 6
69 63 6 6
60 68 6 6
60 66 6 6
61 69 6 6
61 67 6 6
72 71 7 7
72 70 7 7
73 71 7 7
73 70 7 7
74 71 7 7
74 72 7 7
75 70 7 7
75 74 7 7
76 70 7 7
76 74 7 7
77 74 7 7
77 72 7 7
78 71 7 7
78 77 7 7
79 70 7 7
79 73 7 7
70 74 7 7
70 77 7 7
71 77 7 7
71 76 7 7
23 6 2 0
24 11 2 1
33 13 3 1
31 20 3 2
45 5 4 0
46 19 4 1
58 5 5 0
56 14 5 1
66 31 6 3
67 49 6 4
73 25 7 2
75 18 7 1
2 32 0 3
3 75 0 7
19 64 1 6
