swNum = 80
edgeNum = 176

0 0
1 0
2 0
3 0
4 0
5 0
6 0
7 0
8 0
9 0
10 1
11 1
12 1
13 1
14 1
15 1
16 1
17 1
18 1
19 1
20 2
21 2
22 2
23 2
24 2
25 2
26 2
27 2
28 2
29 2
30 3
31 3
32 3
33 3
34 3
35 3
36 3
37 3
38 3
39 3
40 4
41 4
42 4
43 4
44 4
45 4
46 4
47 4
48 4
49 4
50 5
51 5
52 5
53 5
54 5
55 5
56 5
57 5
58 5
59 5
60 6
61 6
62 6
63 6
64 6
65 6
66 6
67 6
68 6
69 6
70 7
71 7
72 7
73 7
74 7
75 7
76 7
77 7
78 7
79 7

2 0 0 0
2 1 0 0
3 1 0 0
3 0 0 0
4 1 0 0
4 0 0 0
5 0 0 0
5 4 0 0
6 4 0 0
6 0 0 0
7 1 0 0
7 3 0 0
8 7 0 0
8 3 0 0
9 8 0 0
9 0 0 0
0 8 0 0
0 7 0 0
1 8 0 0
1 9 0 0
12 10 1 1
12 11 1 1
13 11 1 1
13 12 1 1
14 13 1 1
14 10 1 1
15 14 1 1
15 11 1 1
16 15 1 1
16 14 1 1
17 16 1 1
17 15 1 1
18 14 1 1
18 15 1 1
19 15 1 1
19 16 1 1
10 19 1 1
10 16 1 1
11 19 1 1
11 17 1 1
22 21 2 2
22 20 2 2
23 21 2 2
23 22 2 2
24 20 2 2
24 21 2 2
25 21 2 2
25 20 2 2
26 20 2 2
26 25 2 2
27 22 2 2
27 25 2 2
28 25 2 2
28 21 2 2
29 26 2 2
29 21 2 2
20 27 2 2
20 23 2 2
21 27 2 2
21 26 2 2
32 31 3 3
32 30 3 3
33 30 3 3
33 32 3 3
34 33 3 3
34 32 3 3
35 31 3 3
35 30 3 3
36 35 3 3
36 33 3 3
37 32 3 3
37 30 3 3
38 36 3 3
38 37 3 3
39 37 3 3
39 30 3 3
30 34 3 3
30 38 3 3
31 34 3 3
31 33 3 3
42 40 4 4
42 41 4 4
43 40 4 4
43 41 4 4
44 41 4 4
44 43 4 4
45 41 4 4
45 40 4 4
46 43 4 4
46 40 4 4
47 41 4 4
47 42 4 4
48 43 4 4
48 40 4 4
49 44 4 4
49 43 4 4
40 47 4 4
40 44 4 4
41 49 4 4
41 48 4 4
52 51 5 5
52 50 5 5
53 51 5 5
53 50 5 5
54 52 5 5
54 51 5 5
55 50 5 5
55 53 5 5
56 50 5 5
56 51 5 5
57 52 5 5
57 54 5 5
58 52 5 5
58 51 5 5
59 56 5 5
59 51 5 5
50 59 5 5
50 58 5 5
51 57 5 5
51 55 5 5
62 61 6 6
62 60 6 6
63 60 6 6
63 61 6 6
64 63 6 6
64 61 6 6
65 63 6 6
65 60 6 6
66 62 6 6
66 61 6 6
67 61 6 6
67 60 6 6
68 67 6 6
68 65 6 6
69 62 6 6
69 66 6 6
60 68 6 6
60 64 6 6
61 65 6 6
61 68 6 6
72 70 7 7
72 71 7 7
73 71 7 7
73 70 7 7
74 73 7 7
74 72 7 7
75 71 7 7
75 74 7 7
76 74 7 7
76 75 7 7
77 73 7 7
77 70 7 7
78 75 7 7
78 72 7 7
79 73 7 7
79 70 7 7
70 75 7 7
70 74 7 7
71 79 7 7
71 74 7 7
24 3 2 0
25 12 2 1
31 17 3 1
38 25 3 2
42 14 4 1
43 21 4 2
50 16 5 1
51 30 5 3
61 9 6 0
61 28 6 2
77 58 7 5
76 31 7 3
3 42 0 4
1 31 0 3
17 71 1 7
16 63 1 6
