swNum = 80
edgeNum = 173

0 0
1 0
2 0
3 0
4 0
5 0
6 0
7 0
8 0
9 0
10 1
11 1
12 1
13 1
14 1
15 1
16 1
17 1
18 1
19 1
20 2
21 2
22 2
23 2
24 2
25 2
26 2
27 2
28 2
29 2
30 3
31 3
32 3
33 3
34 3
35 3
36 3
37 3
38 3
39 3
40 4
41 4
42 4
43 4
44 4
45 4
46 4
47 4
48 4
49 4
50 5
51 5
52 5
53 5
54 5
55 5
56 5
57 5
58 5
59 5
60 6
61 6
62 6
63 6
64 6
65 6
66 6
67 6
68 6
69 6
70 7
71 7
72 7
73 7
74 7
75 7
76 7
77 7
78 7
79 7

2 0 0 0
2 1 0 0
3 0 0 0
3 2 0 0
4 0 0 0
4 1 0 0
5 4 0 0
5 0 0 0
6 1 0 0
6 0 0 0
7 3 0 0
7 4 0 0
8 0 0 0
8 1 0 0
9 0 0 0
9 7 0 0
0 7 0 0
1 9 0 0
1 5 0 0
12 11 1 1
12 10 1 1
13 11 1 1
13 12 1 1
14 13 1 1
14 12 1 1
15 12 1 1
15 10 1 1
16 15 1 1
16 12 1 1
17 15 1 1
17 10 1 1
18 13 1 1
18 10 1 1
19 15 1 1
19 16 1 1
10 14 1 1
10 16 1 1
11 18 1 1
11 16 1 1
22 20 2 2
22 21 2 2
23 21 2 2
23 22 2 2
24 20 2 2
24 22 2 2
25 23 2 2
25 21 2 2
26 23 2 2
26 22 2 2
27 20 2 2
27 21 2 2
28 21 2 2
28 22 2 2
29 25 2 2
29 24 2 2
20 29 2 2
20 28 2 2
21 26 2 2
21 24 2 2
32 31 3 3
32 30 3 3
33 30 3 3
33 31 3 3
34 31 3 3
34 33 3 3
35 34 3 3
35 33 3 3
36 34 3 3
36 33 3 3
37 36 3 3
37 30 3 3
38 34 3 3
38 31 3 3
39 34 3 3
39 36 3 3
30 34 3 3
30 36 3 3
31 39 3 3
31 36 3 3
42 41 4 4
42 40 4 4
43 40 4 4
43 41 4 4
44 42 4 4
44 41 4 4
45 43 4 4
45 42 4 4
46 43 4 4
46 40 4 4
47 40 4 4
47 46 4 4
48 46 4 4
48 44 4 4
49 41 4 4
49 47 4 4
40 49 4 4
40 48 4 4
41 47 4 4
41 45 4 4
52 51 5 5
52 50 5 5
53 52 5 5
53 50 5 5
54 53 5 5
54 50 5 5
55 50 5 5
55 54 5 5
56 51 5 5
56 53 5 5
57 50 5 5
57 55 5 5
58 53 5 5
58 54 5 5
59 54 5 5
59 56 5 5
50 59 5 5
50 56 5 5
51 55 5 5
51 59 5 5
62 61 6 6
62 60 6 6
63 61 6 6
63 60 6 6
64 62 6 6
64 61 6 6
65 62 6 6
65 63 6 6
66 61 6 6
66 60 6 6
67 63 6 6
67 62 6 6
68 64 6 6
68 66 6 6
69 68 6 6
69 62 6 6
60 64 6 6
60 69 6 6
61 68 6 6
61 65 6 6
72 71 7 7
72 70 7 7
73 71 7 7
73 70 7 7
74 70 7 7
74 73 7 7
75 74 7 7
75 73 7 7
76 74 7 7
76 71 7 7
77 76 7 7
77 71 7 7
78 76 7 7
78 70 7 7
79 70 7 7
79 75 7 7
70 77 7 7
70 76 7 7
71 74 7 7
71 79 7 7
25 10 2 1
27 1 2 0
38 8 3 0
37 23 3 2
47 16 4 1
40 6 4 0
51 32 5 3
57 0 5 0
60 33 6 3
66 4 6 0
74 34 7 3
71 6 7 0
12 72 1 7
11 32 1 3
