swNum = 80
edgeNum = 175

0 0
1 0
2 0
3 0
4 0
5 0
6 0
7 0
8 0
9 0
10 1
11 1
12 1
13 1
14 1
15 1
16 1
17 1
18 1
19 1
20 2
21 2
22 2
23 2
24 2
25 2
26 2
27 2
28 2
29 2
30 3
31 3
32 3
33 3
34 3
35 3
36 3
37 3
38 3
39 3
40 4
41 4
42 4
43 4
44 4
45 4
46 4
47 4
48 4
49 4
50 5
51 5
52 5
53 5
54 5
55 5
56 5
57 5
58 5
59 5
60 6
61 6
62 6
63 6
64 6
65 6
66 6
67 6
68 6
69 6
70 7
71 7
72 7
73 7
74 7
75 7
76 7
77 7
78 7
79 7

2 1 0 0
2 0 0 0
3 2 0 0
3 1 0 0
4 0 0 0
4 2 0 0
5 3 0 0
5 1 0 0
6 5 0 0
6 3 0 0
7 3 0 0
7 0 0 0
8 7 0 0
8 2 0 0
9 5 0 0
9 1 0 0
0 6 0 0
0 3 0 0
1 6 0 0
1 7 0 0
12 11 1 1
12 10 1 1
13 11 1 1
13 12 1 1
14 10 1 1
14 12 1 1
15 11 1 1
15 13 1 1
16 10 1 1
16 12 1 1
17 10 1 1
17 15 1 1
18 15 1 1
18 10 1 1
19 17 1 1
19 11 1 1
10 15 1 1
10 19 1 1
11 14 1 1
11 18 1 1
22 21 2 2
22 20 2 2
23 21 2 2
23 20 2 2
24 20 2 2
24 23 2 2
25 22 2 2
25 23 2 2
26 24 2 2
26 23 2 2
27 20 2 2
27 25 2 2
28 27 2 2
28 24 2 2
29 28 2 2
29 20 2 2
20 28 2 2
20 26 2 2
21 26 2 2
21 29 2 2
32 30 3 3
32 31 3 3
33 30 3 3
33 31 3 3
34 30 3 3
34 31 3 3
35 30 3 3
35 31 3 3
36 35 3 3
36 31 3 3
37 35 3 3
37 33 3 3
38 35 3 3
38 31 3 3
39 31 3 3
39 35 3 3
30 39 3 3
30 36 3 3
31 37 3 3
42 40 4 4
42 41 4 4
43 40 4 4
43 42 4 4
44 40 4 4
44 43 4 4
45 41 4 4
45 42 4 4
46 45 4 4
46 41 4 4
47 46 4 4
47 43 4 4
48 40 4 4
48 46 4 4
49 42 4 4
49 46 4 4
40 45 4 4
40 49 4 4
41 44 4 4
41 43 4 4
52 51 5 5
52 50 5 5
53 50 5 5
53 52 5 5
54 51 5 5
54 50 5 5
55 51 5 5
55 50 5 5
56 53 5 5
56 54 5 5
57 54 5 5
57 52 5 5
58 56 5 5
58 55 5 5
59 51 5 5
59 50 5 5
50 56 5 5
50 58 5 5
51 58 5 5
51 53 5 5
62 61 6 6
62 60 6 6
63 62 6 6
63 60 6 6
64 61 6 6
64 60 6 6
65 63 6 6
65 62 6 6
66 60 6 6
66 61 6 6
67 66 6 6
67 60 6 6
68 65 6 6
68 64 6 6
69 63 6 6
69 65 6 6
60 65 6 6
60 68 6 6
61 67 6 6
61 63 6 6
72 70 7 7
72 71 7 7
73 70 7 7
73 72 7 7
74 73 7 7
74 72 7 7
75 73 7 7
75 74 7 7
76 71 7 7
76 70 7 7
77 76 7 7
77 70 7 7
78 74 7 7
78 77 7 7
79 74 7 7
79 72 7 7
70 75 7 7
70 78 7 7
71 74 7 7
71 75 7 7
24 2 2 0
26 19 2 1
33 13 3 1
38 22 3 2
49 8 4 0
40 21 4 2
57 27 5 2
50 17 5 1
65 18 6 1
64 21 6 2
78 55 7 5
74 25 7 2
4 73 0 7
2 56 0 5
13 43 1 4
15 73 1 7
