swNum = 80
edgeNum = 175

0 0
1 0
2 0
3 0
4 0
5 0
6 0
7 0
8 0
9 0
10 1
11 1
12 1
13 1
14 1
15 1
16 1
17 1
18 1
19 1
20 2
21 2
22 2
23 2
24 2
25 2
26 2
27 2
28 2
29 2
30 3
31 3
32 3
33 3
34 3
35 3
36 3
37 3
38 3
39 3
40 4
41 4
42 4
43 4
44 4
45 4
46 4
47 4
48 4
49 4
50 5
51 5
52 5
53 5
54 5
55 5
56 5
57 5
58 5
59 5
60 6
61 6
62 6
63 6
64 6
65 6
66 6
67 6
68 6
69 6
70 7
71 7
72 7
73 7
74 7
75 7
76 7
77 7
78 7
79 7

2 0 0 0
2 1 0 0
3 2 0 0
3 0 0 0
4 2 0 0
4 3 0 0
5 4 0 0
5 3 0 0
6 2 0 0
6 4 0 0
7 2 0 0
7 0 0 0
8 2 0 0
8 6 0 0
9 1 0 0
9 7 0 0
0 4 0 0
0 6 0 0
1 5 0 0
1 7 0 0
12 10 1 1
12 11 1 1
13 11 1 1
13 10 1 1
14 10 1 1
14 12 1 1
15 13 1 1
15 12 1 1
16 12 1 1
16 10 1 1
17 12 1 1
17 15 1 1
18 12 1 1
18 10 1 1
19 12 1 1
19 14 1 1
10 15 1 1
10 17 1 1
11 19 1 1
11 14 1 1
22 21 2 2
22 20 2 2
23 20 2 2
23 21 2 2
24 21 2 2
24 23 2 2
25 22 2 2
25 23 2 2
26 25 2 2
26 20 2 2
27 23 2 2
27 20 2 2
28 23 2 2
28 20 2 2
29 23 2 2
29 27 2 2
20 29 2 2
20 24 2 2
21 27 2 2
21 26 2 2
32 31 3 3
32 30 3 3
33 32 3 3
33 31 3 3
34 32 3 3
34 33 3 3
35 34 3 3
35 31 3 3
36 31 3 3
36 30 3 3
37 35 3 3
37 31 3 3
38 30 3 3
38 36 3 3
39 34 3 3
39 35 3 3
30 39 3 3
30 33 3 3
31 38 3 3
31 34 3 3
42 41 4 4
42 40 4 4
43 41 4 4
43 42 4 4
44 42 4 4
44 40 4 4
45 42 4 4
45 40 4 4
46 44 4 4
46 45 4 4
47 44 4 4
47 42 4 4
48 43 4 4
48 42 4 4
49 47 4 4
49 48 4 4
40 48 4 4
40 49 4 4
41 48 4 4
41 49 4 4
52 51 5 5
52 50 5 5
53 50 5 5
53 51 5 5
54 51 5 5
54 50 5 5
55 50 5 5
55 54 5 5
56 53 5 5
56 54 5 5
57 53 5 5
57 54 5 5
58 53 5 5
58 57 5 5
59 53 5 5
59 52 5 5
50 58 5 5
50 56 5 5
51 55 5 5
51 56 5 5
62 60 6 6
62 61 6 6
63 62 6 6
63 61 6 6
64 62 6 6
64 61 6 6
65 60 6 6
65 61 6 6
66 62 6 6
66 63 6 6
67 63 6 6
67 62 6 6
68 65 6 6
68 67 6 6
69 61 6 6
69 60 6 6
60 66 6 6
60 68 6 6
61 68 6 6
61 67 6 6
72 70 7 7
72 71 7 7
73 71 7 7
73 70 7 7
74 72 7 7
74 73 7 7
75 71 7 7
75 74 7 7
76 70 7 7
76 74 7 7
77 74 7 7
77 75 7 7
78 73 7 7
78 72 7 7
79 72 7 7
79 73 7 7
70 78 7 7
70 74 7 7
71 76 7 7
71 74 7 7
27 12 2 1
22 2 2 0
36 0 3 0
39 22 3 2
40 22 4 2
49 3 4 0
52 6 5 0
53 29 5 2
62 55 6 5
64 4 6 0
77 22 7 2
71 13 7 1
2 72 0 7
17 50 1 5
12 38 1 3
