swNum = 80
edgeNum = 174

0 0
1 0
2 0
3 0
4 0
5 0
6 0
7 0
8 0
9 0
10 1
11 1
12 1
13 1
14 1
15 1
16 1
17 1
18 1
19 1
20 2
21 2
22 2
23 2
24 2
25 2
26 2
27 2
28 2
29 2
30 3
31 3
32 3
33 3
34 3
35 3
36 3
37 3
38 3
39 3
40 4
41 4
42 4
43 4
44 4
45 4
46 4
47 4
48 4
49 4
50 5
51 5
52 5
53 5
54 5
55 5
56 5
57 5
58 5
59 5
60 6
61 6
62 6
63 6
64 6
65 6
66 6
67 6
68 6
69 6
70 7
71 7
72 7
73 7
74 7
75 7
76 7
77 7
78 7
79 7

2 1 0 0
2 0 0 0
3 2 0 0
3 1 0 0
4 1 0 0
4 2 0 0
5 3 0 0
5 2 0 0
6 3 0 0
6 1 0 0
7 4 0 0
7 6 0 0
8 5 0 0
8 6 0 0
9 8 0 0
9 4 0 0
0 5 0 0
0 4 0 0
1 9 0 0
1 7 0 0
12 10 1 1
12 11 1 1
13 10 1 1
13 11 1 1
14 13 1 1
14 10 1 1
15 11 1 1
15 14 1 1
16 12 1 1
16 13 1 1
17 16 1 1
17 10 1 1
18 11 1 1
18 12 1 1
19 17 1 1
19 15 1 1
10 16 1 1
10 15 1 1
11 14 1 1
11 19 1 1
22 21 2 2
22 20 2 2
23 20 2 2
23 21 2 2
24 22 2 2
24 21 2 2
25 22 2 2
25 21 2 2
26 23 2 2
26 21 2 2
27 20 2 2
27 25 2 2
28 26 2 2
28 23 2 2
29 26 2 2
29 23 2 2
20 24 2 2
20 28 2 2
21 29 2 2
21 27 2 2
32 30 3 3
32 31 3 3
33 30 3 3
33 31 3 3
34 33 3 3
34 32 3 3
35 34 3 3
35 33 3 3
36 34 3 3
36 31 3 3
37 31 3 3
37 33 3 3
38 32 3 3
38 34 3 3
39 34 3 3
39 37 3 3
30 34 3 3
30 39 3 3
31 35 3 3
31 34 3 3
42 40 4 4
42 41 4 4
43 40 4 4
43 41 4 4
44 40 4 4
44 42 4 4
45 42 4 4
45 44 4 4
46 41 4 4
46 43 4 4
47 44 4 4
47 45 4 4
48 45 4 4
48 43 4 4
49 41 4 4
49 48 4 4
40 45 4 4
40 46 4 4
41 47 4 4
41 44 4 4
52 50 5 5
52 51 5 5
53 52 5 5
53 50 5 5
54 53 5 5
54 51 5 5
55 51 5 5
55 52 5 5
56 54 5 5
56 51 5 5
57 56 5 5
57 53 5 5
58 54 5 5
58 53 5 5
59 52 5 5
59 53 5 5
50 55 5 5
50 59 5 5
51 53 5 5
51 58 5 5
62 60 6 6
62 61 6 6
63 60 6 6
63 61 6 6
64 60 6 6
64 61 6 6
65 60 6 6
65 61 6 6
66 60 6 6
66 62 6 6
67 64 6 6
67 60 6 6
68 63 6 6
68 66 6 6
69 64 6 6
69 60 6 6
60 68 6 6
61 66 6 6
61 67 6 6
72 71 7 7
72 70 7 7
73 70 7 7
73 72 7 7
74 73 7 7
74 70 7 7
75 74 7 7
75 70 7 7
76 75 7 7
76 74 7 7
77 72 7 7
77 74 7 7
78 76 7 7
78 75 7 7
79 70 7 7
79 76 7 7
70 76 7 7
70 77 7 7
71 77 7 7
71 78 7 7
25 15 2 1
24 8 2 0
34 27 3 2
39 15 3 1
42 32 4 3
44 12 4 1
57 45 5 4
55 36 5 3
63 13 6 1
66 28 6 2
75 69 7 6
70 10 7 1
5 70 0 7
1 37 0 3
18 58 1 5
