swNum = 80
edgeNum = 176

0 0
1 0
2 0
3 0
4 0
5 0
6 0
7 0
8 0
9 0
10 1
11 1
12 1
13 1
14 1
15 1
16 1
17 1
18 1
19 1
20 2
21 2
22 2
23 2
24 2
25 2
26 2
27 2
28 2
29 2
30 3
31 3
32 3
33 3
34 3
35 3
36 3
37 3
38 3
39 3
40 4
41 4
42 4
43 4
44 4
45 4
46 4
47 4
48 4
49 4
50 5
51 5
52 5
53 5
54 5
55 5
56 5
57 5
58 5
59 5
60 6
61 6
62 6
63 6
64 6
65 6
66 6
67 6
68 6
69 6
70 7
71 7
72 7
73 7
74 7
75 7
76 7
77 7
78 7
79 7

2 1 0 0
2 0 0 0
3 0 0 0
3 2 0 0
4 2 0 0
4 0 0 0
5 4 0 0
5 0 0 0
6 5 0 0
6 4 0 0
7 1 0 0
7 3 0 0
8 7 0 0
8 5 0 0
9 2 0 0
9 4 0 0
0 7 0 0
0 8 0 0
1 9 0 0
1 8 0 0
12 11 1 1
12 10 1 1
13 10 1 1
13 11 1 1
14 13 1 1
14 10 1 1
15 13 1 1
15 14 1 1
16 10 1 1
16 13 1 1
17 14 1 1
17 16 1 1
18 11 1 1
18 13 1 1
19 15 1 1
19 13 1 1
10 15 1 1
10 17 1 1
11 19 1 1
11 16 1 1
22 20 2 2
22 21 2 2
23 22 2 2
23 21 2 2
24 20 2 2
24 21 2 2
25 24 2 2
25 21 2 2
26 25 2 2
26 24 2 2
27 23 2 2
27 22 2 2
28 27 2 2
28 26 2 2
29 28 2 2
29 23 2 2
20 23 2 2
20 26 2 2
21 28 2 2
21 27 2 2
32 31 3 3
32 30 3 3
33 30 3 3
33 31 3 3
34 30 3 3
34 31 3 3
35 31 3 3
35 33 3 3
36 32 3 3
36 35 3 3
37 32 3 3
37 34 3 3
38 30 3 3
38 31 3 3
39 38 3 3
39 34 3 3
30 39 3 3
30 36 3 3
31 36 3 3
31 39 3 3
42 41 4 4
42 40 4 4
43 40 4 4
43 41 4 4
44 42 4 4
44 41 4 4
45 42 4 4
45 44 4 4
46 42 4 4
46 44 4 4
47 40 4 4
47 41 4 4
48 47 4 4
48 40 4 4
49 44 4 4
49 45 4 4
40 46 4 4
40 45 4 4
41 46 4 4
41 45 4 4
52 50 5 5
52 51 5 5
53 50 5 5
53 52 5 5
54 53 5 5
54 52 5 5
55 54 5 5
55 51 5 5
56 54 5 5
56 53 5 5
57 54 5 5
57 53 5 5
58 56 5 5
58 57 5 5
59 56 5 5
59 52 5 5
50 54 5 5
50 57 5 5
51 53 5 5
51 54 5 5
62 61 6 6
62 60 6 6
63 60 6 6
63 62 6 6
64 63 6 6
64 60 6 6
65 63 6 6
65 60 6 6
66 62 6 6
66 63 6 6
67 62 6 6
67 65 6 6
68 62 6 6
68 66 6 6
69 68 6 6
69 60 6 6
60 68 6 6
60 66 6 6
61 66 6 6
61 69 6 6
72 70 7 7
72 71 7 7
73 71 7 7
73 70 7 7
74 72 7 7
74 71 7 7
75 71 7 7
75 72 7 7
76 73 7 7
76 75 7 7
77 73 7 7
77 70 7 7
78 70 7 7
78 72 7 7
79 74 7 7
79 70 7 7
70 74 7 7
70 75 7 7
71 79 7 7
71 76 7 7
25 4 2 0
24 13 2 1
31 21 3 2
32 15 3 1
47 16 4 1
43 23 4 2
50 47 5 4
59 9 5 0
64 18 6 1
69 7 6 0
76 66 7 6
71 52 7 5
7 40 0 4
3 31 0 3
18 76 1 7
11 56 1 5
