swNum = 80
edgeNum = 176

0 0
1 0
2 0
3 0
4 0
5 0
6 0
7 0
8 0
9 0
10 1
11 1
12 1
13 1
14 1
15 1
16 1
17 1
18 1
19 1
20 2
21 2
22 2
23 2
24 2
25 2
26 2
27 2
28 2
29 2
30 3
31 3
32 3
33 3
34 3
35 3
36 3
37 3
38 3
39 3
40 4
41 4
42 4
43 4
44 4
45 4
46 4
47 4
48 4
49 4
50 5
51 5
52 5
53 5
54 5
55 5
56 5
57 5
58 5
59 5
60 6
61 6
62 6
63 6
64 6
65 6
66 6
67 6
68 6
69 6
70 7
71 7
72 7
73 7
74 7
75 7
76 7
77 7
78 7
79 7

2 1 0 0
2 0 0 0
3 1 0 0
3 0 0 0
4 1 0 0
4 0 0 0
5 2 0 0
5 3 0 0
6 4 0 0
6 1 0 0
7 0 0 0
7 1 0 0
8 2 0 0
8 4 0 0
9 4 0 0
9 6 0 0
0 8 0 0
0 5 0 0
1 8 0 0
1 9 0 0
12 11 1 1
12 10 1 1
13 10 1 1
13 12 1 1
14 10 1 1
14 13 1 1
15 14 1 1
15 13 1 1
16 13 1 1
16 14 1 1
17 14 1 1
17 15 1 1
18 15 1 1
18 16 1 1
19 14 1 1
19 10 1 1
10 17 1 1
10 16 1 1
11 15 1 1
11 19 1 1
22 21 2 2
22 20 2 2
23 22 2 2
23 21 2 2
24 21 2 2
24 20 2 2
25 20 2 2
25 23 2 2
26 20 2 2
26 25 2 2
27 20 2 2
27 24 2 2
28 20 2 2
28 24 2 2
29 24 2 2
29 27 2 2
20 29 2 2
20 23 2 2
21 25 2 2
21 28 2 2
32 30 3 3
32 31 3 3
33 32 3 3
33 31 3 3
34 32 3 3
34 30 3 3
35 34 3 3
35 32 3 3
36 31 3 3
36 32 3 3
37 36 3 3
37 31 3 3
38 35 3 3
38 36 3 3
39 37 3 3
39 36 3 3
30 39 3 3
30 37 3 3
31 38 3 3
31 39 3 3
42 41 4 4
42 40 4 4
43 41 4 4
43 40 4 4
44 40 4 4
44 41 4 4
45 43 4 4
45 41 4 4
46 45 4 4
46 40 4 4
47 46 4 4
47 41 4 4
48 46 4 4
48 47 4 4
49 47 4 4
49 41 4 4
40 48 4 4
40 45 4 4
41 46 4 4
41 48 4 4
52 51 5 5
52 50 5 5
53 52 5 5
53 51 5 5
54 53 5 5
54 51 5 5
55 53 5 5
55 52 5 5
56 50 5 5
56 51 5 5
57 56 5 5
57 50 5 5
58 54 5 5
58 52 5 5
59 55 5 5
59 56 5 5
50 59 5 5
50 55 5 5
51 57 5 5
51 59 5 5
62 60 6 6
62 61 6 6
63 62 6 6
63 61 6 6
64 61 6 6
64 62 6 6
65 62 6 6
65 63 6 6
66 63 6 6
66 62 6 6
67 65 6 6
67 61 6 6
68 60 6 6
68 67 6 6
69 61 6 6
69 66 6 6
60 66 6 6
60 67 6 6
61 68 6 6
61 65 6 6
72 70 7 7
72 71 7 7
73 71 7 7
73 72 7 7
74 72 7 7
74 71 7 7
75 73 7 7
75 72 7 7
76 73 7 7
76 75 7 7
77 75 7 7
77 76 7 7
78 73 7 7
78 75 7 7
79 77 7 7
79 78 7 7
70 73 7 7
70 74 7 7
71 76 7 7
71 75 7 7
24 6 2 0
25 11 2 1
35 20 3 2
32 1 3 0
43 13 4 1
49 1 4 0
55 48 5 4
54 27 5 2
69 0 6 0
67 39 6 3
74 64 7 6
78 13 7 1
2 54 0 5
0 74 0 7
11 57 1 5
19 36 1 3
