swNum = 80
edgeNum = 176

0 0
1 0
2 0
3 0
4 0
5 0
6 0
7 0
8 0
9 0
10 1
11 1
12 1
13 1
14 1
15 1
16 1
17 1
18 1
19 1
20 2
21 2
22 2
23 2
24 2
25 2
26 2
27 2
28 2
29 2
30 3
31 3
32 3
33 3
34 3
35 3
36 3
37 3
38 3
39 3
40 4
41 4
42 4
43 4
44 4
45 4
46 4
47 4
48 4
49 4
50 5
51 5
52 5
53 5
54 5
55 5
56 5
57 5
58 5
59 5
60 6
61 6
62 6
63 6
64 6
65 6
66 6
67 6
68 6
69 6
70 7
71 7
72 7
73 7
74 7
75 7
76 7
77 7
78 7
79 7

2 1 0 0
2 0 0 0
3 0 0 0
3 2 0 0
4 3 0 0
4 2 0 0
5 2 0 0
5 1 0 0
6 4 0 0
6 5 0 0
7 5 0 0
7 2 0 0
8 1 0 0
8 5 0 0
9 2 0 0
9 3 0 0
0 4 0 0
0 9 0 0
1 3 0 0
1 9 0 0
12 11 1 1
12 10 1 1
13 12 1 1
13 11 1 1
14 10 1 1
14 12 1 1
15 13 1 1
15 14 1 1
16 15 1 1
16 11 1 1
17 12 1 1
17 14 1 1
18 10 1 1
18 14 1 1
19 13 1 1
19 10 1 1
10 13 1 1
10 17 1 1
11 15 1 1
11 19 1 1
22 20 2 2
22 21 2 2
23 22 2 2
23 21 2 2
24 23 2 2
24 21 2 2
25 22 2 2
25 20 2 2
26 20 2 2
26 23 2 2
27 20 2 2
27 21 2 2
28 23 2 2
28 24 2 2
29 26 2 2
29 25 2 2
20 28 2 2
20 23 2 2
21 29 2 2
21 26 2 2
32 31 3 3
32 30 3 3
33 30 3 3
33 31 3 3
34 32 3 3
34 30 3 3
35 34 3 3
35 33 3 3
36 33 3 3
36 34 3 3
37 34 3 3
37 36 3 3
38 31 3 3
38 35 3 3
39 37 3 3
39 31 3 3
30 38 3 3
30 37 3 3
31 37 3 3
31 35 3 3
42 40 4 4
42 41 4 4
43 40 4 4
43 42 4 4
44 42 4 4
44 40 4 4
45 43 4 4
45 41 4 4
46 43 4 4
46 44 4 4
47 41 4 4
47 40 4 4
48 43 4 4
48 42 4 4
49 46 4 4
49 47 4 4
40 49 4 4
40 46 4 4
41 49 4 4
41 43 4 4
52 51 5 5
52 50 5 5
53 50 5 5
53 52 5 5
54 51 5 5
54 52 5 5
55 51 5 5
55 54 5 5
56 50 5 5
56 51 5 5
57 52 5 5
57 54 5 5
58 56 5 5
58 50 5 5
59 50 5 5
59 56 5 5
50 54 5 5
50 55 5 5
51 59 5 5
51 53 5 5
62 61 6 6
62 60 6 6
63 60 6 6
63 61 6 6
64 63 6 6
64 61 6 6
65 63 6 6
65 60 6 6
66 62 6 6
66 61 6 6
67 65 6 6
67 60 6 6
68 65 6 6
68 62 6 6
69 61 6 6
69 68 6 6
60 69 6 6
60 68 6 6
61 65 6 6
61 68 6 6
72 71 7 7
72 70 7 7
73 70 7 7
73 72 7 7
74 73 7 7
74 71 7 7
75 72 7 7
75 73 7 7
76 73 7 7
76 75 7 7
77 72 7 7
77 75 7 7
78 72 7 7
78 77 7 7
79 71 7 7
79 72 7 7
70 79 7 7
70 77 7 7
71 75 7 7
71 76 7 7
28 6 2 0
26 12 2 1
31 13 3 1
31 5 3 0
45 16 4 1
44 32 4 3
50 37 5 3
59 48 5 4
64 6 6 0
69 45 6 4
75 10 7 1
73 51 7 5
7 75 0 7
6 52 0 5
17 59 1 5
19 69 1 6
