swNum = 80
edgeNum = 176

0 0
1 0
2 0
3 0
4 0
5 0
6 0
7 0
8 0
9 0
10 1
11 1
12 1
13 1
14 1
15 1
16 1
17 1
18 1
19 1
20 2
21 2
22 2
23 2
24 2
25 2
26 2
27 2
28 2
29 2
30 3
31 3
32 3
33 3
34 3
35 3
36 3
37 3
38 3
39 3
40 4
41 4
42 4
43 4
44 4
45 4
46 4
47 4
48 4
49 4
50 5
51 5
52 5
53 5
54 5
55 5
56 5
57 5
58 5
59 5
60 6
61 6
62 6
63 6
64 6
65 6
66 6
67 6
68 6
69 6
70 7
71 7
72 7
73 7
74 7
75 7
76 7
77 7
78 7
79 7

2 0 0 0
2 1 0 0
3 2 0 0
3 1 0 0
4 0 0 0
4 3 0 0
5 2 0 0
5 0 0 0
6 3 0 0
6 2 0 0
7 1 0 0
7 6 0 0
8 6 0 0
8 1 0 0
9 3 0 0
9 8 0 0
0 7 0 0
0 9 0 0
1 5 0 0
1 6 0 0
12 11 1 1
12 10 1 1
13 11 1 1
13 10 1 1
14 13 1 1
14 12 1 1
15 11 1 1
15 12 1 1
16 13 1 1
16 14 1 1
17 14 1 1
17 16 1 1
18 10 1 1
18 14 1 1
19 10 1 1
19 14 1 1
10 17 1 1
10 14 1 1
11 19 1 1
11 17 1 1
22 20 2 2
22 21 2 2
23 21 2 2
23 22 2 2
24 20 2 2
24 23 2 2
25 20 2 2
25 22 2 2
26 20 2 2
26 21 2 2
27 26 2 2
27 25 2 2
28 21 2 2
28 27 2 2
29 22 2 2
29 20 2 2
20 28 2 2
20 23 2 2
21 24 2 2
21 25 2 2
32 30 3 3
32 31 3 3
33 30 3 3
33 32 3 3
34 31 3 3
34 30 3 3
35 32 3 3
35 34 3 3
36 30 3 3
36 34 3 3
37 31 3 3
37 33 3 3
38 34 3 3
38 35 3 3
39 30 3 3
39 37 3 3
30 35 3 3
30 37 3 3
31 38 3 3
31 33 3 3
42 40 4 4
42 41 4 4
43 41 4 4
43 42 4 4
44 43 4 4
44 42 4 4
45 40 4 4
45 44 4 4
46 42 4 4
46 40 4 4
47 42 4 4
47 45 4 4
48 42 4 4
48 43 4 4
49 47 4 4
49 40 4 4
40 48 4 4
40 43 4 4
41 45 4 4
41 48 4 4
52 50 5 5
52 51 5 5
53 50 5 5
53 51 5 5
54 53 5 5
54 52 5 5
55 52 5 5
55 53 5 5
56 54 5 5
56 52 5 5
57 54 5 5
57 50 5 5
58 50 5 5
58 54 5 5
59 58 5 5
59 50 5 5
50 56 5 5
50 54 5 5
51 57 5 5
51 55 5 5
62 60 6 6
62 61 6 6
63 62 6 6
63 61 6 6
64 61 6 6
64 63 6 6
65 61 6 6
65 60 6 6
66 64 6 6
66 63 6 6
67 60 6 6
67 65 6 6
68 64 6 6
68 60 6 6
69 63 6 6
69 61 6 6
60 66 6 6
60 69 6 6
61 66 6 6
61 67 6 6
72 71 7 7
72 70 7 7
73 72 7 7
73 71 7 7
74 72 7 7
74 71 7 7
75 74 7 7
75 72 7 7
76 70 7 7
76 74 7 7
77 76 7 7
77 73 7 7
78 75 7 7
78 73 7 7
79 74 7 7
79 78 7 7
70 74 7 7
70 73 7 7
71 79 7 7
71 78 7 7
26 6 2 0
26 15 2 1
37 18 3 1
37 8 3 0
46 39 4 3
46 0 4 0
51 36 5 3
53 25 5 2
62 40 6 4
62 26 6 2
73 47 7 4
77 39 7 3
5 69 0 6
4 56 0 5
19 55 1 5
14 42 1 4
