swNum = 80
edgeNum = 175

0 0
1 0
2 0
3 0
4 0
5 0
6 0
7 0
8 0
9 0
10 1
11 1
12 1
13 1
14 1
15 1
16 1
17 1
18 1
19 1
20 2
21 2
22 2
23 2
24 2
25 2
26 2
27 2
28 2
29 2
30 3
31 3
32 3
33 3
34 3
35 3
36 3
37 3
38 3
39 3
40 4
41 4
42 4
43 4
44 4
45 4
46 4
47 4
48 4
49 4
50 5
51 5
52 5
53 5
54 5
55 5
56 5
57 5
58 5
59 5
60 6
61 6
62 6
63 6
64 6
65 6
66 6
67 6
68 6
69 6
70 7
71 7
72 7
73 7
74 7
75 7
76 7
77 7
78 7
79 7

2 0 0 0
2 1 0 0
3 2 0 0
3 1 0 0
4 2 0 0
4 1 0 0
5 3 0 0
5 4 0 0
6 4 0 0
6 0 0 0
7 4 0 0
7 1 0 0
8 2 0 0
8 0 0 0
9 0 0 0
9 8 0 0
0 4 0 0
0 5 0 0
1 5 0 0
1 8 0 0
12 10 1 1
12 11 1 1
13 10 1 1
13 11 1 1
14 10 1 1
14 12 1 1
15 12 1 1
15 10 1 1
16 10 1 1
16 13 1 1
17 13 1 1
17 12 1 1
18 12 1 1
18 15 1 1
19 17 1 1
19 11 1 1
10 17 1 1
10 19 1 1
11 17 1 1
11 15 1 1
22 20 2 2
22 21 2 2
23 22 2 2
23 21 2 2
24 21 2 2
24 20 2 2
25 22 2 2
25 21 2 2
26 22 2 2
26 20 2 2
27 25 2 2
27 26 2 2
28 21 2 2
28 20 2 2
29 25 2 2
29 27 2 2
20 25 2 2
20 27 2 2
21 27 2 2
21 26 2 2
32 31 3 3
32 30 3 3
33 30 3 3
33 31 3 3
34 32 3 3
34 31 3 3
35 33 3 3
35 31 3 3
36 30 3 3
36 32 3 3
37 30 3 3
37 36 3 3
38 34 3 3
38 30 3 3
39 32 3 3
39 36 3 3
30 35 3 3
30 34 3 3
31 37 3 3
31 36 3 3
42 40 4 4
42 41 4 4
43 42 4 4
43 40 4 4
44 42 4 4
44 43 4 4
45 41 4 4
45 42 4 4
46 43 4 4
46 42 4 4
47 40 4 4
47 44 4 4
48 47 4 4
48 44 4 4
49 42 4 4
49 41 4 4
40 48 4 4
40 49 4 4
41 48 4 4
41 46 4 4
52 51 5 5
52 50 5 5
53 50 5 5
53 52 5 5
54 52 5 5
54 51 5 5
55 54 5 5
55 53 5 5
56 53 5 5
56 55 5 5
57 54 5 5
57 51 5 5
58 52 5 5
58 55 5 5
59 51 5 5
59 55 5 5
50 59 5 5
50 58 5 5
51 55 5 5
51 56 5 5
62 61 6 6
62 60 6 6
63 60 6 6
63 62 6 6
64 62 6 6
64 61 6 6
65 61 6 6
65 62 6 6
66 62 6 6
66 63 6 6
67 64 6 6
67 65 6 6
68 61 6 6
68 64 6 6
69 63 6 6
69 62 6 6
60 69 6 6
60 64 6 6
61 63 6 6
61 66 6 6
72 71 7 7
72 70 7 7
73 71 7 7
73 70 7 7
74 73 7 7
74 70 7 7
75 72 7 7
75 74 7 7
76 75 7 7
76 72 7 7
77 74 7 7
77 70 7 7
78 71 7 7
78 70 7 7
79 74 7 7
79 77 7 7
70 79 7 7
70 76 7 7
71 79 7 7
71 77 7 7
20 15 2 1
27 2 2 0
38 12 3 1
31 27 3 2
45 20 4 2
47 14 4 1
57 32 5 3
56 23 5 2
65 12 6 1
68 30 6 3
72 10 7 1
77 41 7 4
5 48 0 4
9 72 0 7
14 54 1 5
