swNum = 80
edgeNum = 176

0 0
1 0
2 0
3 0
4 0
5 0
6 0
7 0
8 0
9 0
10 1
11 1
12 1
13 1
14 1
15 1
16 1
17 1
18 1
19 1
20 2
21 2
22 2
23 2
24 2
25 2
26 2
27 2
28 2
29 2
30 3
31 3
32 3
33 3
34 3
35 3
36 3
37 3
38 3
39 3
40 4
41 4
42 4
43 4
44 4
45 4
46 4
47 4
48 4
49 4
50 5
51 5
52 5
53 5
54 5
55 5
56 5
57 5
58 5
59 5
60 6
61 6
62 6
63 6
64 6
65 6
66 6
67 6
68 6
69 6
70 7
71 7
72 7
73 7
74 7
75 7
76 7
77 7
78 7
79 7

2 0 0 0
2 1 0 0
3 1 0 0
3 0 0 0
4 0 0 0
4 3 0 0
5 0 0 0
5 2 0 0
6 3 0 0
6 1 0 0
7 3 0 0
7 6 0 0
8 5 0 0
8 7 0 0
9 4 0 0
9 1 0 0
0 7 0 0
0 8 0 0
1 4 0 0
1 8 0 0
12 11 1 1
12 10 1 1
13 12 1 1
13 11 1 1
14 12 1 1
14 13 1 1
15 12 1 1
15 11 1 1
16 12 1 1
16 13 1 1
17 15 1 1
17 12 1 1
18 16 1 1
18 15 1 1
19 13 1 1
19 10 1 1
10 13 1 1
10 17 1 1
11 14 1 1
11 16 1 1
22 20 2 2
22 21 2 2
23 21 2 2
23 22 2 2
24 21 2 2
24 20 2 2
25 23 2 2
25 21 2 2
26 24 2 2
26 20 2 2
27 24 2 2
27 26 2 2
28 27 2 2
28 20 2 2
29 23 2 2
29 28 2 2
20 29 2 2
20 27 2 2
21 29 2 2
21 26 2 2
32 30 3 3
32 31 3 3
33 32 3 3
33 31 3 3
34 30 3 3
34 31 3 3
35 32 3 3
35 33 3 3
36 31 3 3
36 30 3 3
37 30 3 3
37 31 3 3
38 37 3 3
38 31 3 3
39 37 3 3
39 35 3 3
30 39 3 3
30 38 3 3
31 39 3 3
31 35 3 3
42 41 4 4
42 40 4 4
43 41 4 4
43 40 4 4
44 43 4 4
44 41 4 4
45 42 4 4
45 40 4 4
46 44 4 4
46 42 4 4
47 44 4 4
47 43 4 4
48 46 4 4
48 42 4 4
49 42 4 4
49 48 4 4
40 44 4 4
40 47 4 4
41 45 4 4
41 46 4 4
52 51 5 5
52 50 5 5
53 52 5 5
53 51 5 5
54 50 5 5
54 51 5 5
55 52 5 5
55 54 5 5
56 52 5 5
56 53 5 5
57 54 5 5
57 50 5 5
58 57 5 5
58 51 5 5
59 56 5 5
59 51 5 5
50 56 5 5
50 59 5 5
51 55 5 5
51 57 5 5
62 61 6 6
62 60 6 6
63 60 6 6
63 62 6 6
64 61 6 6
64 60 6 6
65 62 6 6
65 61 6 6
66 60 6 6
66 62 6 6
67 62 6 6
67 61 6 6
68 67 6 6
68 65 6 6
69 66 6 6
69 63 6 6
60 69 6 6
60 65 6 6
61 66 6 6
61 63 6 6
72 70 7 7
72 71 7 7
73 71 7 7
73 72 7 7
74 70 7 7
74 71 7 7
75 74 7 7
75 72 7 7
76 71 7 7
76 72 7 7
77 70 7 7
77 72 7 7
78 74 7 7
78 71 7 7
79 71 7 7
79 72 7 7
70 75 7 7
70 78 7 7
71 77 7 7
71 75 7 7
26 4 2 0
22 13 2 1
34 21 3 2
38 1 3 0
41 33 4 3
44 25 4 2
55 10 5 1
50 48 5 4
62 52 6 5
66 23 6 2
79 39 7 3
77 52 7 5
6 46 0 4
1 73 0 7
19 34 1 3
16 78 1 7
