swNum = 80
edgeNum = 176

0 0
1 0
2 0
3 0
4 0
5 0
6 0
7 0
8 0
9 0
10 1
11 1
12 1
13 1
14 1
15 1
16 1
17 1
18 1
19 1
20 2
21 2
22 2
23 2
24 2
25 2
26 2
27 2
28 2
29 2
30 3
31 3
32 3
33 3
34 3
35 3
36 3
37 3
38 3
39 3
40 4
41 4
42 4
43 4
44 4
45 4
46 4
47 4
48 4
49 4
50 5
51 5
52 5
53 5
54 5
55 5
56 5
57 5
58 5
59 5
60 6
61 6
62 6
63 6
64 6
65 6
66 6
67 6
68 6
69 6
70 7
71 7
72 7
73 7
74 7
75 7
76 7
77 7
78 7
79 7

2 0 0 0
2 1 0 0
3 2 0 0
3 0 0 0
4 3 0 0
4 1 0 0
5 4 0 0
5 3 0 0
6 5 0 0
6 4 0 0
7 5 0 0
7 1 0 0
8 3 0 0
8 4 0 0
9 7 0 0
9 8 0 0
0 6 0 0
0 7 0 0
1 3 0 0
1 5 0 0
12 10 1 1
12 11 1 1
13 12 1 1
13 11 1 1
14 11 1 1
14 12 1 1
15 14 1 1
15 10 1 1
16 11 1 1
16 10 1 1
17 12 1 1
17 13 1 1
18 12 1 1
18 10 1 1
19 16 1 1
19 17 1 1
10 17 1 1
10 14 1 1
11 17 1 1
11 19 1 1
22 21 2 2
22 20 2 2
23 22 2 2
23 20 2 2
24 23 2 2
24 21 2 2
25 22 2 2
25 24 2 2
26 25 2 2
26 24 2 2
27 24 2 2
27 25 2 2
28 21 2 2
28 24 2 2
29 21 2 2
29 23 2 2
20 27 2 2
20 25 2 2
21 27 2 2
21 23 2 2
32 30 3 3
32 31 3 3
33 32 3 3
33 30 3 3
34 32 3 3
34 33 3 3
35 33 3 3
35 32 3 3
36 33 3 3
36 34 3 3
37 32 3 3
37 30 3 3
38 36 3 3
38 34 3 3
39 35 3 3
39 34 3 3
30 39 3 3
30 34 3 3
31 34 3 3
31 39 3 3
42 40 4 4
42 41 4 4
43 40 4 4
43 41 4 4
44 41 4 4
44 42 4 4
45 40 4 4
45 43 4 4
46 45 4 4
46 41 4 4
47 45 4 4
47 43 4 4
48 47 4 4
48 45 4 4
49 43 4 4
49 41 4 4
40 49 4 4
40 46 4 4
41 48 4 4
41 45 4 4
52 50 5 5
52 51 5 5
53 50 5 5
53 51 5 5
54 53 5 5
54 51 5 5
55 54 5 5
55 53 5 5
56 50 5 5
56 52 5 5
57 50 5 5
57 53 5 5
58 57 5 5
58 50 5 5
59 55 5 5
59 50 5 5
50 55 5 5
50 54 5 5
51 59 5 5
51 56 5 5
62 60 6 6
62 61 6 6
63 60 6 6
63 61 6 6
64 62 6 6
64 60 6 6
65 60 6 6
65 61 6 6
66 61 6 6
66 63 6 6
67 60 6 6
67 62 6 6
68 67 6 6
68 65 6 6
69 66 6 6
69 68 6 6
60 68 6 6
60 69 6 6
61 69 6 6
61 64 6 6
72 71 7 7
72 70 7 7
73 71 7 7
73 70 7 7
74 71 7 7
74 73 7 7
75 74 7 7
75 70 7 7
76 75 7 7
76 70 7 7
77 76 7 7
77 72 7 7
78 71 7 7
78 72 7 7
79 72 7 7
79 71 7 7
70 78 7 7
70 74 7 7
71 76 7 7
71 77 7 7
25 6 2 0
25 13 2 1
36 29 3 2
34 7 3 0
47 9 4 0
48 19 4 1
56 33 5 3
52 42 5 4
64 40 6 4
62 2 6 0
71 52 7 5
71 48 7 4
8 70 0 7
4 56 0 5
17 60 1 6
16 72 1 7
