swNum = 80
edgeNum = 176

0 0
1 0
2 0
3 0
4 0
5 0
6 0
7 0
8 0
9 0
10 1
11 1
12 1
13 1
14 1
15 1
16 1
17 1
18 1
19 1
20 2
21 2
22 2
23 2
24 2
25 2
26 2
27 2
28 2
29 2
30 3
31 3
32 3
33 3
34 3
35 3
36 3
37 3
38 3
39 3
40 4
41 4
42 4
43 4
44 4
45 4
46 4
47 4
48 4
49 4
50 5
51 5
52 5
53 5
54 5
55 5
56 5
57 5
58 5
59 5
60 6
61 6
62 6
63 6
64 6
65 6
66 6
67 6
68 6
69 6
70 7
71 7
72 7
73 7
74 7
75 7
76 7
77 7
78 7
79 7

2 0 0 0
2 1 0 0
3 1 0 0
3 0 0 0
4 1 0 0
4 2 0 0
5 1 0 0
5 0 0 0
6 1 0 0
6 3 0 0
7 3 0 0
7 0 0 0
8 5 0 0
8 3 0 0
9 3 0 0
9 5 0 0
0 9 0 0
0 8 0 0
1 9 0 0
1 8 0 0
12 10 1 1
12 11 1 1
13 11 1 1
13 10 1 1
14 12 1 1
14 10 1 1
15 10 1 1
15 13 1 1
16 13 1 1
16 11 1 1
17 11 1 1
17 16 1 1
18 14 1 1
18 17 1 1
19 12 1 1
19 10 1 1
10 16 1 1
10 18 1 1
11 15 1 1
11 14 1 1
22 21 2 2
22 20 2 2
23 20 2 2
23 21 2 2
24 22 2 2
24 21 2 2
25 24 2 2
25 23 2 2
26 24 2 2
26 25 2 2
27 25 2 2
27 23 2 2
28 22 2 2
28 24 2 2
29 21 2 2
29 28 2 2
20 29 2 2
20 25 2 2
21 28 2 2
21 25 2 2
32 31 3 3
32 30 3 3
33 31 3 3
33 30 3 3
34 32 3 3
34 33 3 3
35 34 3 3
35 33 3 3
36 34 3 3
36 32 3 3
37 31 3 3
37 32 3 3
38 34 3 3
38 36 3 3
39 30 3 3
39 32 3 3
30 37 3 3
30 38 3 3
31 38 3 3
31 39 3 3
42 40 4 4
42 41 4 4
43 41 4 4
43 40 4 4
44 40 4 4
44 42 4 4
45 41 4 4
45 40 4 4
46 40 4 4
46 45 4 4
47 42 4 4
47 43 4 4
48 41 4 4
48 47 4 4
49 41 4 4
49 48 4 4
40 47 4 4
40 48 4 4
41 47 4 4
41 46 4 4
52 51 5 5
52 50 5 5
53 51 5 5
53 50 5 5
54 52 5 5
54 51 5 5
55 54 5 5
55 52 5 5
56 53 5 5
56 50 5 5
57 51 5 5
57 56 5 5
58 50 5 5
58 52 5 5
59 53 5 5
59 58 5 5
50 55 5 5
50 54 5 5
51 58 5 5
51 56 5 5
62 60 6 6
62 61 6 6
63 61 6 6
63 60 6 6
64 62 6 6
64 60 6 6
65 61 6 6
65 63 6 6
66 64 6 6
66 62 6 6
67 62 6 6
67 66 6 6
68 67 6 6
68 62 6 6
69 63 6 6
69 60 6 6
60 68 6 6
60 67 6 6
61 69 6 6
61 68 6 6
72 71 7 7
72 70 7 7
73 71 7 7
73 70 7 7
74 71 7 7
74 73 7 7
75 74 7 7
75 73 7 7
76 72 7 7
76 73 7 7
77 70 7 7
77 74 7 7
78 73 7 7
78 70 7 7
79 72 7 7
79 76 7 7
70 76 7 7
70 74 7 7
71 75 7 7
71 78 7 7
27 1 2 0
23 11 2 1
30 4 3 0
34 16 3 1
42 33 4 3
40 19 4 1
51 45 5 4
57 28 5 2
65 35 6 3
60 20 6 2
72 45 7 4
79 27 7 2
5 67 0 6
1 79 0 7
12 56 1 5
13 62 1 6
