swNum = 80
edgeNum = 175

0 0
1 0
2 0
3 0
4 0
5 0
6 0
7 0
8 0
9 0
10 1
11 1
12 1
13 1
14 1
15 1
16 1
17 1
18 1
19 1
20 2
21 2
22 2
23 2
24 2
25 2
26 2
27 2
28 2
29 2
30 3
31 3
32 3
33 3
34 3
35 3
36 3
37 3
38 3
39 3
40 4
41 4
42 4
43 4
44 4
45 4
46 4
47 4
48 4
49 4
50 5
51 5
52 5
53 5
54 5
55 5
56 5
57 5
58 5
59 5
60 6
61 6
62 6
63 6
64 6
65 6
66 6
67 6
68 6
69 6
70 7
71 7
72 7
73 7
74 7
75 7
76 7
77 7
78 7
79 7

2 1 0 0
2 0 0 0
3 2 0 0
3 1 0 0
4 1 0 0
4 0 0 0
5 0 0 0
5 3 0 0
6 4 0 0
6 5 0 0
7 3 0 0
7 0 0 0
8 1 0 0
8 5 0 0
9 7 0 0
9 8 0 0
0 9 0 0
0 3 0 0
1 7 0 0
1 5 0 0
12 10 1 1
12 11 1 1
13 10 1 1
13 12 1 1
14 11 1 1
14 13 1 1
15 13 1 1
15 12 1 1
16 14 1 1
16 10 1 1
17 12 1 1
17 15 1 1
18 11 1 1
18 10 1 1
19 17 1 1
19 15 1 1
10 15 1 1
10 14 1 1
11 17 1 1
11 13 1 1
22 21 2 2
22 20 2 2
23 21 2 2
23 20 2 2
24 21 2 2
24 22 2 2
25 22 2 2
25 23 2 2
26 20 2 2
26 22 2 2
27 22 2 2
27 23 2 2
28 27 2 2
28 25 2 2
29 26 2 2
29 25 2 2
20 28 2 2
20 24 2 2
21 28 2 2
21 27 2 2
32 30 3 3
32 31 3 3
33 31 3 3
33 32 3 3
34 30 3 3
34 32 3 3
35 30 3 3
35 31 3 3
36 35 3 3
36 30 3 3
37 36 3 3
37 32 3 3
38 30 3 3
38 32 3 3
39 36 3 3
39 30 3 3
30 37 3 3
30 33 3 3
31 37 3 3
31 36 3 3
42 40 4 4
42 41 4 4
43 41 4 4
43 40 4 4
44 40 4 4
44 42 4 4
45 43 4 4
45 42 4 4
46 41 4 4
46 43 4 4
47 41 4 4
47 43 4 4
48 44 4 4
48 41 4 4
49 43 4 4
49 42 4 4
40 45 4 4
40 46 4 4
41 44 4 4
41 49 4 4
52 51 5 5
52 50 5 5
53 52 5 5
53 51 5 5
54 53 5 5
54 51 5 5
55 50 5 5
55 54 5 5
56 51 5 5
56 53 5 5
57 51 5 5
57 54 5 5
58 52 5 5
58 50 5 5
59 55 5 5
59 56 5 5
50 57 5 5
50 56 5 5
51 58 5 5
51 55 5 5
62 61 6 6
62 60 6 6
63 61 6 6
63 62 6 6
64 61 6 6
64 62 6 6
65 60 6 6
65 62 6 6
66 65 6 6
66 60 6 6
67 65 6 6
67 64 6 6
68 64 6 6
68 67 6 6
69 68 6 6
69 60 6 6
60 68 6 6
60 63 6 6
61 67 6 6
61 66 6 6
72 70 7 7
72 71 7 7
73 72 7 7
73 70 7 7
74 73 7 7
74 72 7 7
75 71 7 7
75 74 7 7
76 70 7 7
76 73 7 7
77 76 7 7
77 71 7 7
78 73 7 7
78 74 7 7
79 72 7 7
79 74 7 7
70 77 7 7
70 74 7 7
71 76 7 7
71 74 7 7
22 5 2 0
29 11 2 1
32 24 3 2
31 17 3 1
42 39 4 3
47 24 4 2
50 27 5 2
52 15 5 1
60 11 6 1
68 42 6 4
77 52 7 5
79 13 7 1
3 61 0 6
4 30 0 3
14 48 1 4
