swNum = 80
edgeNum = 176

0 0
1 0
2 0
3 0
4 0
5 0
6 0
7 0
8 0
9 0
10 1
11 1
12 1
13 1
14 1
15 1
16 1
17 1
18 1
19 1
20 2
21 2
22 2
23 2
24 2
25 2
26 2
27 2
28 2
29 2
30 3
31 3
32 3
33 3
34 3
35 3
36 3
37 3
38 3
39 3
40 4
41 4
42 4
43 4
44 4
45 4
46 4
47 4
48 4
49 4
50 5
51 5
52 5
53 5
54 5
55 5
56 5
57 5
58 5
59 5
60 6
61 6
62 6
63 6
64 6
65 6
66 6
67 6
68 6
69 6
70 7
71 7
72 7
73 7
74 7
75 7
76 7
77 7
78 7
79 7

2 0 0 0
2 1 0 0
3 1 0 0
3 0 0 0
4 0 0 0
4 3 0 0
5 3 0 0
5 2 0 0
6 1 0 0
6 3 0 0
7 3 0 0
7 6 0 0
8 4 0 0
8 1 0 0
9 4 0 0
9 8 0 0
0 9 0 0
0 6 0 0
1 9 0 0
1 4 0 0
12 11 1 1
12 10 1 1
13 11 1 1
13 10 1 1
14 12 1 1
14 13 1 1
15 11 1 1
15 14 1 1
16 12 1 1
16 13 1 1
17 12 1 1
17 16 1 1
18 10 1 1
18 13 1 1
19 10 1 1
19 18 1 1
10 16 1 1
10 15 1 1
11 18 1 1
11 14 1 1
22 21 2 2
22 20 2 2
23 22 2 2
23 20 2 2
24 21 2 2
24 20 2 2
25 24 2 2
25 23 2 2
26 25 2 2
26 24 2 2
27 24 2 2
27 23 2 2
28 26 2 2
28 20 2 2
29 22 2 2
29 28 2 2
20 29 2 2
20 26 2 2
21 28 2 2
21 27 2 2
32 30 3 3
32 31 3 3
33 32 3 3
33 30 3 3
34 30 3 3
34 32 3 3
35 31 3 3
35 33 3 3
36 34 3 3
36 32 3 3
37 31 3 3
37 32 3 3
38 30 3 3
38 37 3 3
39 37 3 3
39 30 3 3
30 37 3 3
30 35 3 3
31 38 3 3
31 39 3 3
42 41 4 4
42 40 4 4
43 42 4 4
43 41 4 4
44 42 4 4
44 43 4 4
45 43 4 4
45 42 4 4
46 43 4 4
46 41 4 4
47 43 4 4
47 45 4 4
48 44 4 4
48 46 4 4
49 40 4 4
49 42 4 4
40 47 4 4
40 48 4 4
41 48 4 4
41 47 4 4
52 50 5 5
52 51 5 5
53 52 5 5
53 51 5 5
54 53 5 5
54 51 5 5
55 50 5 5
55 52 5 5
56 52 5 5
56 54 5 5
57 51 5 5
57 56 5 5
58 53 5 5
58 50 5 5
59 50 5 5
59 56 5 5
50 53 5 5
50 56 5 5
51 58 5 5
51 59 5 5
62 60 6 6
62 61 6 6
63 60 6 6
63 61 6 6
64 62 6 6
64 60 6 6
65 63 6 6
65 64 6 6
66 63 6 6
66 62 6 6
67 65 6 6
67 62 6 6
68 60 6 6
68 65 6 6
69 60 6 6
69 62 6 6
60 66 6 6
60 65 6 6
61 66 6 6
61 65 6 6
72 70 7 7
72 71 7 7
73 71 7 7
73 72 7 7
74 71 7 7
74 72 7 7
75 74 7 7
75 71 7 7
76 71 7 7
76 74 7 7
77 72 7 7
77 76 7 7
78 72 7 7
78 71 7 7
79 77 7 7
79 73 7 7
70 73 7 7
70 79 7 7
71 77 7 7
71 79 7 7
28 19 2 1
24 7 2 0
32 9 3 0
34 23 3 2
44 21 4 2
49 10 4 1
56 4 5 0
51 40 5 4
69 20 6 2
63 49 6 4
73 14 7 1
71 29 7 2
8 44 0 4
5 70 0 7
19 32 1 3
19 62 1 6
