swNum = 80
edgeNum = 176

0 0
1 0
2 0
3 0
4 0
5 0
6 0
7 0
8 0
9 0
10 1
11 1
12 1
13 1
14 1
15 1
16 1
17 1
18 1
19 1
20 2
21 2
22 2
23 2
24 2
25 2
26 2
27 2
28 2
29 2
30 3
31 3
32 3
33 3
34 3
35 3
36 3
37 3
38 3
39 3
40 4
41 4
42 4
43 4
44 4
45 4
46 4
47 4
48 4
49 4
50 5
51 5
52 5
53 5
54 5
55 5
56 5
57 5
58 5
59 5
60 6
61 6
62 6
63 6
64 6
65 6
66 6
67 6
68 6
69 6
70 7
71 7
72 7
73 7
74 7
75 7
76 7
77 7
78 7
79 7

2 1 0 0
2 0 0 0
3 0 0 0
3 1 0 0
4 2 0 0
4 1 0 0
5 1 0 0
5 0 0 0
6 0 0 0
6 2 0 0
7 4 0 0
7 3 0 0
8 6 0 0
8 3 0 0
9 4 0 0
9 3 0 0
0 9 0 0
0 7 0 0
1 7 0 0
1 6 0 0
12 11 1 1
12 10 1 1
13 12 1 1
13 11 1 1
14 11 1 1
14 12 1 1
15 12 1 1
15 13 1 1
16 13 1 1
16 14 1 1
17 16 1 1
17 15 1 1
18 17 1 1
18 13 1 1
19 15 1 1
19 13 1 1
10 18 1 1
10 14 1 1
11 16 1 1
11 15 1 1
22 20 2 2
22 21 2 2
23 22 2 2
23 21 2 2
24 22 2 2
24 21 2 2
25 21 2 2
25 20 2 2
26 22 2 2
26 21 2 2
27 20 2 2
27 21 2 2
28 24 2 2
28 26 2 2
29 23 2 2
29 28 2 2
20 29 2 2
20 26 2 2
21 28 2 2
21 29 2 2
32 30 3 3
32 31 3 3
33 31 3 3
33 30 3 3
34 30 3 3
34 32 3 3
35 31 3 3
35 30 3 3
36 35 3 3
36 34 3 3
37 31 3 3
37 34 3 3
38 35 3 3
38 32 3 3
39 38 3 3
39 37 3 3
30 37 3 3
30 39 3 3
31 34 3 3
31 38 3 3
42 40 4 4
42 41 4 4
43 40 4 4
43 42 4 4
44 41 4 4
44 40 4 4
45 41 4 4
45 42 4 4
46 40 4 4
46 45 4 4
47 43 4 4
47 44 4 4
48 44 4 4
48 46 4 4
49 46 4 4
49 42 4 4
40 47 4 4
40 48 4 4
41 47 4 4
41 48 4 4
52 50 5 5
52 51 5 5
53 52 5 5
53 51 5 5
54 50 5 5
54 52 5 5
55 54 5 5
55 52 5 5
56 53 5 5
56 54 5 5
57 53 5 5
57 55 5 5
58 54 5 5
58 52 5 5
59 54 5 5
59 58 5 5
50 58 5 5
50 59 5 5
51 54 5 5
51 58 5 5
62 61 6 6
62 60 6 6
63 60 6 6
63 62 6 6
64 63 6 6
64 62 6 6
65 62 6 6
65 64 6 6
66 61 6 6
66 60 6 6
67 60 6 6
67 64 6 6
68 67 6 6
68 60 6 6
69 65 6 6
69 60 6 6
60 64 6 6
60 65 6 6
61 64 6 6
61 67 6 6
72 71 7 7
72 70 7 7
73 71 7 7
73 70 7 7
74 70 7 7
74 71 7 7
75 74 7 7
75 71 7 7
76 72 7 7
76 74 7 7
77 72 7 7
77 75 7 7
78 75 7 7
78 73 7 7
79 72 7 7
79 70 7 7
70 78 7 7
70 76 7 7
71 77 7 7
71 76 7 7
23 19 2 1
28 4 2 0
35 12 3 1
36 20 3 2
40 38 4 3
40 22 4 2
55 46 5 4
52 20 5 2
67 35 6 3
60 4 6 0
73 22 7 2
76 30 7 3
9 33 0 3
3 42 0 4
11 42 1 4
16 63 1 6
