swNum = 80
edgeNum = 176

0 0
1 0
2 0
3 0
4 0
5 0
6 0
7 0
8 0
9 0
10 1
11 1
12 1
13 1
14 1
15 1
16 1
17 1
18 1
19 1
20 2
21 2
22 2
23 2
24 2
25 2
26 2
27 2
28 2
29 2
30 3
31 3
32 3
33 3
34 3
35 3
36 3
37 3
38 3
39 3
40 4
41 4
42 4
43 4
44 4
45 4
46 4
47 4
48 4
49 4
50 5
51 5
52 5
53 5
54 5
55 5
56 5
57 5
58 5
59 5
60 6
61 6
62 6
63 6
64 6
65 6
66 6
67 6
68 6
69 6
70 7
71 7
72 7
73 7
74 7
75 7
76 7
77 7
78 7
79 7

2 0 0 0
2 1 0 0
3 1 0 0
3 0 0 0
4 3 0 0
4 1 0 0
5 4 0 0
5 3 0 0
6 2 0 0
6 0 0 0
7 6 0 0
7 0 0 0
8 1 0 0
8 2 0 0
9 2 0 0
9 6 0 0
0 8 0 0
0 9 0 0
1 6 0 0
1 9 0 0
12 11 1 1
12 10 1 1
13 10 1 1
13 11 1 1
14 10 1 1
14 13 1 1
15 10 1 1
15 11 1 1
16 11 1 1
16 12 1 1
17 11 1 1
17 16 1 1
18 13 1 1
18 14 1 1
19 17 1 1
19 11 1 1
10 16 1 1
10 17 1 1
11 14 1 1
11 18 1 1
22 20 2 2
22 21 2 2
23 21 2 2
23 22 2 2
24 23 2 2
24 21 2 2
25 24 2 2
25 22 2 2
26 25 2 2
26 22 2 2
27 22 2 2
27 26 2 2
28 26 2 2
28 22 2 2
29 24 2 2
29 23 2 2
20 26 2 2
20 29 2 2
21 26 2 2
21 25 2 2
32 31 3 3
32 30 3 3
33 32 3 3
33 31 3 3
34 31 3 3
34 30 3 3
35 30 3 3
35 31 3 3
36 32 3 3
36 35 3 3
37 35 3 3
37 33 3 3
38 36 3 3
38 35 3 3
39 36 3 3
39 38 3 3
30 39 3 3
30 37 3 3
31 37 3 3
31 39 3 3
42 40 4 4
42 41 4 4
43 42 4 4
43 40 4 4
44 42 4 4
44 43 4 4
45 43 4 4
45 41 4 4
46 45 4 4
46 44 4 4
47 45 4 4
47 46 4 4
48 46 4 4
48 40 4 4
49 48 4 4
49 43 4 4
40 49 4 4
40 46 4 4
41 44 4 4
41 43 4 4
52 50 5 5
52 51 5 5
53 50 5 5
53 51 5 5
54 51 5 5
54 50 5 5
55 53 5 5
55 52 5 5
56 55 5 5
56 50 5 5
57 54 5 5
57 50 5 5
58 53 5 5
58 51 5 5
59 50 5 5
59 56 5 5
50 58 5 5
50 55 5 5
51 56 5 5
51 57 5 5
62 60 6 6
62 61 6 6
63 61 6 6
63 60 6 6
64 61 6 6
64 60 6 6
65 63 6 6
65 64 6 6
66 60 6 6
66 63 6 6
67 64 6 6
67 60 6 6
68 60 6 6
68 66 6 6
69 64 6 6
69 62 6 6
60 65 6 6
60 69 6 6
61 65 6 6
61 69 6 6
72 71 7 7
72 70 7 7
73 70 7 7
73 71 7 7
74 73 7 7
74 72 7 7
75 73 7 7
75 74 7 7
76 74 7 7
76 71 7 7
77 76 7 7
77 74 7 7
78 75 7 7
78 74 7 7
79 73 7 7
79 72 7 7
70 79 7 7
70 78 7 7
71 79 7 7
71 75 7 7
21 10 2 1
23 2 2 0
35 8 3 0
38 17 3 1
47 34 4 3
49 7 4 0
52 49 5 4
56 36 5 3
68 19 6 1
63 48 6 4
70 8 7 0
72 52 7 5
5 56 0 5
4 69 0 6
10 51 1 5
16 72 1 7
