swNum = 80
edgeNum = 175

0 0
1 0
2 0
3 0
4 0
5 0
6 0
7 0
8 0
9 0
10 1
11 1
12 1
13 1
14 1
15 1
16 1
17 1
18 1
19 1
20 2
21 2
22 2
23 2
24 2
25 2
26 2
27 2
28 2
29 2
30 3
31 3
32 3
33 3
34 3
35 3
36 3
37 3
38 3
39 3
40 4
41 4
42 4
43 4
44 4
45 4
46 4
47 4
48 4
49 4
50 5
51 5
52 5
53 5
54 5
55 5
56 5
57 5
58 5
59 5
60 6
61 6
62 6
63 6
64 6
65 6
66 6
67 6
68 6
69 6
70 7
71 7
72 7
73 7
74 7
75 7
76 7
77 7
78 7
79 7

2 1 0 0
2 0 0 0
3 2 0 0
3 0 0 0
4 2 0 0
4 3 0 0
5 0 0 0
5 3 0 0
6 3 0 0
6 1 0 0
7 3 0 0
7 4 0 0
8 3 0 0
8 5 0 0
9 5 0 0
9 0 0 0
0 7 0 0
0 6 0 0
1 3 0 0
1 7 0 0
12 10 1 1
12 11 1 1
13 10 1 1
13 11 1 1
14 12 1 1
14 13 1 1
15 13 1 1
15 10 1 1
16 11 1 1
16 10 1 1
17 12 1 1
17 16 1 1
18 15 1 1
18 12 1 1
19 13 1 1
19 17 1 1
10 14 1 1
10 18 1 1
11 18 1 1
11 17 1 1
22 20 2 2
22 21 2 2
23 20 2 2
23 21 2 2
24 20 2 2
24 22 2 2
25 22 2 2
25 20 2 2
26 23 2 2
26 21 2 2
27 24 2 2
27 26 2 2
28 27 2 2
28 20 2 2
29 27 2 2
29 28 2 2
20 29 2 2
20 27 2 2
21 28 2 2
21 29 2 2
32 30 3 3
32 31 3 3
33 32 3 3
33 30 3 3
34 30 3 3
34 33 3 3
35 30 3 3
35 32 3 3
36 33 3 3
36 34 3 3
37 30 3 3
37 32 3 3
38 36 3 3
38 33 3 3
39 33 3 3
39 37 3 3
30 39 3 3
30 38 3 3
31 38 3 3
31 36 3 3
42 40 4 4
42 41 4 4
43 41 4 4
43 40 4 4
44 41 4 4
44 43 4 4
45 44 4 4
45 43 4 4
46 43 4 4
46 42 4 4
47 43 4 4
47 41 4 4
48 41 4 4
48 43 4 4
49 43 4 4
49 47 4 4
40 47 4 4
40 45 4 4
41 46 4 4
41 45 4 4
52 51 5 5
52 50 5 5
53 52 5 5
53 51 5 5
54 52 5 5
54 53 5 5
55 50 5 5
55 54 5 5
56 53 5 5
56 50 5 5
57 54 5 5
57 55 5 5
58 50 5 5
58 51 5 5
59 55 5 5
59 51 5 5
50 53 5 5
50 59 5 5
51 57 5 5
51 55 5 5
62 61 6 6
62 60 6 6
63 62 6 6
63 60 6 6
64 63 6 6
64 62 6 6
65 60 6 6
65 61 6 6
66 60 6 6
66 63 6 6
67 61 6 6
67 66 6 6
68 62 6 6
68 65 6 6
69 67 6 6
69 65 6 6
60 67 6 6
60 69 6 6
61 69 6 6
61 68 6 6
72 70 7 7
72 71 7 7
73 72 7 7
73 71 7 7
74 73 7 7
74 72 7 7
75 72 7 7
75 71 7 7
76 70 7 7
76 71 7 7
77 71 7 7
77 73 7 7
78 71 7 7
78 77 7 7
79 75 7 7
79 71 7 7
70 78 7 7
70 75 7 7
71 74 7 7
22 0 2 0
28 10 2 1
35 28 3 2
36 7 3 0
47 29 4 2
46 19 4 1
50 41 5 4
57 9 5 0
60 45 6 4
64 26 6 2
77 5 7 0
78 38 7 3
9 63 0 6
0 49 0 4
19 60 1 6
13 32 1 3
