swNum = 80
edgeNum = 176

0 0
1 0
2 0
3 0
4 0
5 0
6 0
7 0
8 0
9 0
10 1
11 1
12 1
13 1
14 1
15 1
16 1
17 1
18 1
19 1
20 2
21 2
22 2
23 2
24 2
25 2
26 2
27 2
28 2
29 2
30 3
31 3
32 3
33 3
34 3
35 3
36 3
37 3
38 3
39 3
40 4
41 4
42 4
43 4
44 4
45 4
46 4
47 4
48 4
49 4
50 5
51 5
52 5
53 5
54 5
55 5
56 5
57 5
58 5
59 5
60 6
61 6
62 6
63 6
64 6
65 6
66 6
67 6
68 6
69 6
70 7
71 7
72 7
73 7
74 7
75 7
76 7
77 7
78 7
79 7

2 0 0 0
2 1 0 0
3 1 0 0
3 2 0 0
4 3 0 0
4 2 0 0
5 0 0 0
5 2 0 0
6 2 0 0
6 5 0 0
7 5 0 0
7 2 0 0
8 2 0 0
8 6 0 0
9 8 0 0
9 0 0 0
0 8 0 0
0 6 0 0
1 4 0 0
1 7 0 0
12 11 1 1
12 10 1 1
13 10 1 1
13 12 1 1
14 12 1 1
14 10 1 1
15 14 1 1
15 13 1 1
16 15 1 1
16 11 1 1
17 16 1 1
17 15 1 1
18 11 1 1
18 13 1 1
19 18 1 1
19 13 1 1
10 18 1 1
10 16 1 1
11 15 1 1
11 17 1 1
22 20 2 2
22 21 2 2
23 20 2 2
23 22 2 2
24 23 2 2
24 21 2 2
25 24 2 2
25 23 2 2
26 23 2 2
26 20 2 2
27 21 2 2
27 24 2 2
28 22 2 2
28 21 2 2
29 26 2 2
29 20 2 2
20 25 2 2
20 28 2 2
21 29 2 2
21 23 2 2
32 30 3 3
32 31 3 3
33 30 3 3
33 31 3 3
34 30 3 3
34 33 3 3
35 30 3 3
35 34 3 3
36 33 3 3
36 32 3 3
37 32 3 3
37 35 3 3
38 31 3 3
38 32 3 3
39 38 3 3
39 33 3 3
30 37 3 3
30 39 3 3
31 36 3 3
31 39 3 3
42 40 4 4
42 41 4 4
43 41 4 4
43 40 4 4
44 40 4 4
44 43 4 4
45 42 4 4
45 40 4 4
46 41 4 4
46 40 4 4
47 41 4 4
47 44 4 4
48 44 4 4
48 45 4 4
49 46 4 4
49 45 4 4
40 48 4 4
40 49 4 4
41 49 4 4
41 44 4 4
52 51 5 5
52 50 5 5
53 51 5 5
53 52 5 5
54 52 5 5
54 51 5 5
55 51 5 5
55 54 5 5
56 53 5 5
56 50 5 5
57 56 5 5
57 55 5 5
58 57 5 5
58 50 5 5
59 52 5 5
59 51 5 5
50 54 5 5
50 53 5 5
51 58 5 5
51 57 5 5
62 60 6 6
62 61 6 6
63 60 6 6
63 62 6 6
64 62 6 6
64 60 6 6
65 63 6 6
65 64 6 6
66 61 6 6
66 64 6 6
67 61 6 6
67 63 6 6
68 67 6 6
68 66 6 6
69 68 6 6
69 62 6 6
60 68 6 6
60 65 6 6
61 64 6 6
61 68 6 6
72 71 7 7
72 70 7 7
73 71 7 7
73 70 7 7
74 70 7 7
74 73 7 7
75 72 7 7
75 70 7 7
76 73 7 7
76 74 7 7
77 71 7 7
77 72 7 7
78 70 7 7
78 71 7 7
79 70 7 7
79 71 7 7
70 76 7 7
70 77 7 7
71 74 7 7
71 76 7 7
21 6 2 0
21 11 2 1
36 17 3 1
38 3 3 0
47 0 4 0
42 18 4 1
55 25 5 2
51 49 5 4
61 47 6 4
60 58 6 5
71 50 7 5
75 30 7 3
5 74 0 7
0 55 0 5
16 52 1 5
10 63 1 6
