swNum = 80
edgeNum = 176

0 0
1 0
2 0
3 0
4 0
5 0
6 0
7 0
8 0
9 0
10 1
11 1
12 1
13 1
14 1
15 1
16 1
17 1
18 1
19 1
20 2
21 2
22 2
23 2
24 2
25 2
26 2
27 2
28 2
29 2
30 3
31 3
32 3
33 3
34 3
35 3
36 3
37 3
38 3
39 3
40 4
41 4
42 4
43 4
44 4
45 4
46 4
47 4
48 4
49 4
50 5
51 5
52 5
53 5
54 5
55 5
56 5
57 5
58 5
59 5
60 6
61 6
62 6
63 6
64 6
65 6
66 6
67 6
68 6
69 6
70 7
71 7
72 7
73 7
74 7
75 7
76 7
77 7
78 7
79 7

2 0 0 0
2 1 0 0
3 0 0 0
3 2 0 0
4 1 0 0
4 0 0 0
5 4 0 0
5 1 0 0
6 2 0 0
6 0 0 0
7 6 0 0
7 5 0 0
8 7 0 0
8 0 0 0
9 7 0 0
9 3 0 0
0 7 0 0
0 9 0 0
1 8 0 0
1 7 0 0
12 11 1 1
12 10 1 1
13 11 1 1
13 10 1 1
14 13 1 1
14 12 1 1
15 10 1 1
15 14 1 1
16 15 1 1
16 14 1 1
17 15 1 1
17 10 1 1
18 12 1 1
18 17 1 1
19 13 1 1
19 11 1 1
10 14 1 1
10 16 1 1
11 15 1 1
11 17 1 1
22 20 2 2
22 21 2 2
23 21 2 2
23 20 2 2
24 22 2 2
24 23 2 2
25 21 2 2
25 23 2 2
26 22 2 2
26 21 2 2
27 21 2 2
27 20 2 2
28 24 2 2
28 25 2 2
29 23 2 2
29 20 2 2
20 25 2 2
20 26 2 2
21 28 2 2
21 29 2 2
32 31 3 3
32 30 3 3
33 32 3 3
33 30 3 3
34 31 3 3
34 33 3 3
35 30 3 3
35 33 3 3
36 35 3 3
36 33 3 3
37 31 3 3
37 30 3 3
38 32 3 3
38 35 3 3
39 37 3 3
39 33 3 3
30 34 3 3
30 36 3 3
31 35 3 3
31 39 3 3
42 40 4 4
42 41 4 4
43 40 4 4
43 42 4 4
44 40 4 4
44 43 4 4
45 44 4 4
45 43 4 4
46 43 4 4
46 44 4 4
47 41 4 4
47 42 4 4
48 43 4 4
48 47 4 4
49 42 4 4
49 41 4 4
40 48 4 4
40 46 4 4
41 44 4 4
41 48 4 4
52 50 5 5
52 51 5 5
53 52 5 5
53 50 5 5
54 53 5 5
54 52 5 5
55 53 5 5
55 50 5 5
56 55 5 5
56 52 5 5
57 51 5 5
57 56 5 5
58 56 5 5
58 55 5 5
59 55 5 5
59 53 5 5
50 59 5 5
50 56 5 5
51 58 5 5
51 53 5 5
62 61 6 6
62 60 6 6
63 60 6 6
63 61 6 6
64 62 6 6
64 60 6 6
65 61 6 6
65 62 6 6
66 62 6 6
66 64 6 6
67 63 6 6
67 62 6 6
68 62 6 6
68 63 6 6
69 64 6 6
69 62 6 6
60 65 6 6
60 67 6 6
61 64 6 6
61 67 6 6
72 70 7 7
72 71 7 7
73 71 7 7
73 70 7 7
74 71 7 7
74 70 7 7
75 71 7 7
75 73 7 7
76 72 7 7
76 70 7 7
77 76 7 7
77 73 7 7
78 75 7 7
78 74 7 7
79 70 7 7
79 78 7 7
70 77 7 7
70 75 7 7
71 78 7 7
71 77 7 7
26 14 2 1
20 8 2 0
39 17 3 1
35 8 3 0
46 5 4 0
48 16 4 1
58 40 5 4
51 32 5 3
68 56 6 5
63 36 6 3
76 28 7 2
79 65 7 6
7 74 0 7
8 68 0 6
10 73 1 7
17 54 1 5
