swNum = 80
edgeNum = 176

0 0
1 0
2 0
3 0
4 0
5 0
6 0
7 0
8 0
9 0
10 1
11 1
12 1
13 1
14 1
15 1
16 1
17 1
18 1
19 1
20 2
21 2
22 2
23 2
24 2
25 2
26 2
27 2
28 2
29 2
30 3
31 3
32 3
33 3
34 3
35 3
36 3
37 3
38 3
39 3
40 4
41 4
42 4
43 4
44 4
45 4
46 4
47 4
48 4
49 4
50 5
51 5
52 5
53 5
54 5
55 5
56 5
57 5
58 5
59 5
60 6
61 6
62 6
63 6
64 6
65 6
66 6
67 6
68 6
69 6
70 7
71 7
72 7
73 7
74 7
75 7
76 7
77 7
78 7
79 7

2 0 0 0
2 1 0 0
3 2 0 0
3 0 0 0
4 0 0 0
4 2 0 0
5 2 0 0
5 1 0 0
6 2 0 0
6 3 0 0
7 5 0 0
7 1 0 0
8 0 0 0
8 6 0 0
9 8 0 0
9 4 0 0
0 6 0 0
0 9 0 0
1 4 0 0
1 8 0 0
12 11 1 1
12 10 1 1
13 10 1 1
13 12 1 1
14 12 1 1
14 13 1 1
15 14 1 1
15 11 1 1
16 13 1 1
16 12 1 1
17 10 1 1
17 16 1 1
18 12 1 1
18 10 1 1
19 17 1 1
19 14 1 1
10 19 1 1
10 16 1 1
11 16 1 1
11 14 1 1
22 21 2 2
22 20 2 2
23 21 2 2
23 22 2 2
24 22 2 2
24 20 2 2
25 24 2 2
25 21 2 2
26 25 2 2
26 24 2 2
27 20 2 2
27 21 2 2
28 21 2 2
28 25 2 2
29 23 2 2
29 27 2 2
20 23 2 2
20 26 2 2
21 29 2 2
21 26 2 2
32 31 3 3
32 30 3 3
33 32 3 3
33 30 3 3
34 30 3 3
34 33 3 3
35 33 3 3
35 34 3 3
36 35 3 3
36 33 3 3
37 33 3 3
37 34 3 3
38 37 3 3
38 30 3 3
39 32 3 3
39 33 3 3
30 36 3 3
30 39 3 3
31 35 3 3
31 38 3 3
42 40 4 4
42 41 4 4
43 42 4 4
43 40 4 4
44 41 4 4
44 42 4 4
45 44 4 4
45 41 4 4
46 43 4 4
46 45 4 4
47 41 4 4
47 44 4 4
48 40 4 4
48 42 4 4
49 45 4 4
49 44 4 4
40 47 4 4
40 46 4 4
41 46 4 4
41 49 4 4
52 50 5 5
52 51 5 5
53 50 5 5
53 52 5 5
54 51 5 5
54 53 5 5
55 51 5 5
55 54 5 5
56 53 5 5
56 50 5 5
57 55 5 5
57 50 5 5
58 56 5 5
58 57 5 5
59 51 5 5
59 57 5 5
50 58 5 5
50 59 5 5
51 58 5 5
51 57 5 5
62 61 6 6
62 60 6 6
63 62 6 6
63 61 6 6
64 62 6 6
64 60 6 6
65 60 6 6
65 64 6 6
66 64 6 6
66 62 6 6
67 63 6 6
67 60 6 6
68 60 6 6
68 67 6 6
69 63 6 6
69 67 6 6
60 69 6 6
60 66 6 6
61 66 6 6
61 68 6 6
72 70 7 7
72 71 7 7
73 71 7 7
73 72 7 7
74 70 7 7
74 73 7 7
75 70 7 7
75 72 7 7
76 72 7 7
76 74 7 7
77 70 7 7
77 75 7 7
78 77 7 7
78 75 7 7
79 78 7 7
79 73 7 7
70 78 7 7
70 76 7 7
71 74 7 7
71 79 7 7
26 11 2 1
28 8 2 0
31 8 3 0
38 15 3 1
45 28 4 2
43 31 4 3
57 4 5 0
50 34 5 3
63 32 6 3
63 49 6 4
78 2 7 0
72 11 7 1
1 64 0 6
5 48 0 4
18 48 1 4
11 69 1 6
