swNum = 80
edgeNum = 175

0 0
1 0
2 0
3 0
4 0
5 0
6 0
7 0
8 0
9 0
10 1
11 1
12 1
13 1
14 1
15 1
16 1
17 1
18 1
19 1
20 2
21 2
22 2
23 2
24 2
25 2
26 2
27 2
28 2
29 2
30 3
31 3
32 3
33 3
34 3
35 3
36 3
37 3
38 3
39 3
40 4
41 4
42 4
43 4
44 4
45 4
46 4
47 4
48 4
49 4
50 5
51 5
52 5
53 5
54 5
55 5
56 5
57 5
58 5
59 5
60 6
61 6
62 6
63 6
64 6
65 6
66 6
67 6
68 6
69 6
70 7
71 7
72 7
73 7
74 7
75 7
76 7
77 7
78 7
79 7

2 1 0 0
2 0 0 0
3 1 0 0
3 0 0 0
4 2 0 0
4 0 0 0
5 4 0 0
5 2 0 0
6 3 0 0
6 4 0 0
7 5 0 0
7 1 0 0
8 1 0 0
8 0 0 0
9 0 0 0
9 3 0 0
0 5 0 0
0 7 0 0
1 9 0 0
1 6 0 0
12 11 1 1
12 10 1 1
13 10 1 1
13 11 1 1
14 13 1 1
14 11 1 1
15 14 1 1
15 13 1 1
16 12 1 1
16 10 1 1
17 13 1 1
17 12 1 1
18 17 1 1
18 10 1 1
19 10 1 1
19 12 1 1
10 17 1 1
10 15 1 1
11 19 1 1
11 15 1 1
22 20 2 2
22 21 2 2
23 22 2 2
23 21 2 2
24 22 2 2
24 23 2 2
25 21 2 2
25 23 2 2
26 21 2 2
26 24 2 2
27 22 2 2
27 26 2 2
28 20 2 2
28 23 2 2
29 22 2 2
29 20 2 2
20 25 2 2
20 24 2 2
21 24 2 2
21 27 2 2
32 31 3 3
32 30 3 3
33 30 3 3
33 31 3 3
34 32 3 3
34 31 3 3
35 30 3 3
35 32 3 3
36 30 3 3
36 31 3 3
37 32 3 3
37 34 3 3
38 32 3 3
38 31 3 3
39 32 3 3
39 38 3 3
30 34 3 3
30 39 3 3
31 35 3 3
31 37 3 3
42 40 4 4
42 41 4 4
43 40 4 4
43 41 4 4
44 43 4 4
44 40 4 4
45 42 4 4
45 40 4 4
46 43 4 4
46 42 4 4
47 45 4 4
47 44 4 4
48 46 4 4
48 42 4 4
49 40 4 4
49 43 4 4
40 47 4 4
40 46 4 4
41 45 4 4
41 47 4 4
52 51 5 5
52 50 5 5
53 52 5 5
53 51 5 5
54 50 5 5
54 51 5 5
55 51 5 5
55 52 5 5
56 53 5 5
56 51 5 5
57 54 5 5
57 53 5 5
58 51 5 5
58 53 5 5
59 57 5 5
59 54 5 5
50 56 5 5
50 57 5 5
51 59 5 5
51 57 5 5
62 61 6 6
62 60 6 6
63 60 6 6
63 62 6 6
64 62 6 6
64 60 6 6
65 61 6 6
65 62 6 6
66 60 6 6
66 65 6 6
67 61 6 6
67 66 6 6
68 62 6 6
68 64 6 6
69 61 6 6
69 62 6 6
60 67 6 6
60 68 6 6
61 64 6 6
61 68 6 6
72 70 7 7
72 71 7 7
73 71 7 7
73 70 7 7
74 70 7 7
74 71 7 7
75 72 7 7
75 73 7 7
76 74 7 7
76 73 7 7
77 70 7 7
77 76 7 7
78 72 7 7
78 70 7 7
79 75 7 7
79 73 7 7
70 79 7 7
70 76 7 7
71 76 7 7
71 79 7 7
24 6 2 0
21 11 2 1
32 14 3 1
36 7 3 0
44 2 4 0
43 28 4 2
58 4 5 0
59 48 5 4
63 33 6 3
65 42 6 4
79 4 7 0
79 52 7 5
5 69 0 6
14 64 1 6
16 45 1 4
