swNum = 80
edgeNum = 176

0 0
1 0
2 0
3 0
4 0
5 0
6 0
7 0
8 0
9 0
10 1
11 1
12 1
13 1
14 1
15 1
16 1
17 1
18 1
19 1
20 2
21 2
22 2
23 2
24 2
25 2
26 2
27 2
28 2
29 2
30 3
31 3
32 3
33 3
34 3
35 3
36 3
37 3
38 3
39 3
40 4
41 4
42 4
43 4
44 4
45 4
46 4
47 4
48 4
49 4
50 5
51 5
52 5
53 5
54 5
55 5
56 5
57 5
58 5
59 5
60 6
61 6
62 6
63 6
64 6
65 6
66 6
67 6
68 6
69 6
70 7
71 7
72 7
73 7
74 7
75 7
76 7
77 7
78 7
79 7

2 0 0 0
2 1 0 0
3 0 0 0
3 1 0 0
4 0 0 0
4 3 0 0
5 0 0 0
5 2 0 0
6 5 0 0
6 2 0 0
7 3 0 0
7 5 0 0
8 1 0 0
8 6 0 0
9 8 0 0
9 4 0 0
0 7 0 0
0 9 0 0
1 4 0 0
1 9 0 0
12 11 1 1
12 10 1 1
13 12 1 1
13 11 1 1
14 11 1 1
14 10 1 1
15 14 1 1
15 11 1 1
16 13 1 1
16 14 1 1
17 15 1 1
17 11 1 1
18 11 1 1
18 17 1 1
19 14 1 1
19 17 1 1
10 15 1 1
10 18 1 1
11 16 1 1
11 19 1 1
22 21 2 2
22 20 2 2
23 20 2 2
23 21 2 2
24 23 2 2
24 20 2 2
25 20 2 2
25 24 2 2
26 25 2 2
26 24 2 2
27 25 2 2
27 23 2 2
28 21 2 2
28 24 2 2
29 20 2 2
29 26 2 2
20 26 2 2
20 27 2 2
21 26 2 2
21 25 2 2
32 30 3 3
32 31 3 3
33 31 3 3
33 30 3 3
34 32 3 3
34 31 3 3
35 30 3 3
35 32 3 3
36 30 3 3
36 34 3 3
37 33 3 3
37 36 3 3
38 33 3 3
38 37 3 3
39 32 3 3
39 38 3 3
30 34 3 3
30 38 3 3
31 35 3 3
31 38 3 3
42 41 4 4
42 40 4 4
43 40 4 4
43 42 4 4
44 40 4 4
44 41 4 4
45 42 4 4
45 40 4 4
46 45 4 4
46 42 4 4
47 41 4 4
47 46 4 4
48 46 4 4
48 40 4 4
49 47 4 4
49 48 4 4
40 46 4 4
40 49 4 4
41 43 4 4
41 48 4 4
52 51 5 5
52 50 5 5
53 52 5 5
53 50 5 5
54 50 5 5
54 52 5 5
55 54 5 5
55 51 5 5
56 53 5 5
56 51 5 5
57 52 5 5
57 51 5 5
58 52 5 5
58 57 5 5
59 54 5 5
59 57 5 5
50 55 5 5
50 57 5 5
51 54 5 5
51 58 5 5
62 61 6 6
62 60 6 6
63 62 6 6
63 60 6 6
64 62 6 6
64 63 6 6
65 60 6 6
65 62 6 6
66 65 6 6
66 61 6 6
67 65 6 6
67 61 6 6
68 64 6 6
68 63 6 6
69 65 6 6
69 68 6 6
60 68 6 6
60 66 6 6
61 64 6 6
61 68 6 6
72 70 7 7
72 71 7 7
73 71 7 7
73 70 7 7
74 73 7 7
74 72 7 7
75 74 7 7
75 73 7 7
76 75 7 7
76 73 7 7
77 72 7 7
77 73 7 7
78 74 7 7
78 72 7 7
79 74 7 7
79 73 7 7
70 77 7 7
70 79 7 7
71 75 7 7
71 79 7 7
23 11 2 1
23 5 2 0
37 25 3 2
37 15 3 1
43 9 4 0
45 19 4 1
56 9 5 0
58 30 5 3
62 34 6 3
62 51 6 5
72 4 7 0
79 53 7 5
2 65 0 6
9 36 0 3
19 79 1 7
10 54 1 5
