swNum = 80
edgeNum = 175

0 0
1 0
2 0
3 0
4 0
5 0
6 0
7 0
8 0
9 0
10 1
11 1
12 1
13 1
14 1
15 1
16 1
17 1
18 1
19 1
20 2
21 2
22 2
23 2
24 2
25 2
26 2
27 2
28 2
29 2
30 3
31 3
32 3
33 3
34 3
35 3
36 3
37 3
38 3
39 3
40 4
41 4
42 4
43 4
44 4
45 4
46 4
47 4
48 4
49 4
50 5
51 5
52 5
53 5
54 5
55 5
56 5
57 5
58 5
59 5
60 6
61 6
62 6
63 6
64 6
65 6
66 6
67 6
68 6
69 6
70 7
71 7
72 7
73 7
74 7
75 7
76 7
77 7
78 7
79 7

2 1 0 0
2 0 0 0
3 2 0 0
3 0 0 0
4 2 0 0
4 3 0 0
5 0 0 0
5 1 0 0
6 4 0 0
6 0 0 0
7 4 0 0
7 1 0 0
8 7 0 0
8 3 0 0
9 5 0 0
9 0 0 0
0 4 0 0
0 8 0 0
1 8 0 0
1 3 0 0
12 10 1 1
12 11 1 1
13 11 1 1
13 12 1 1
14 13 1 1
14 10 1 1
15 10 1 1
15 11 1 1
16 10 1 1
16 14 1 1
17 16 1 1
17 15 1 1
18 16 1 1
18 13 1 1
19 18 1 1
19 14 1 1
10 13 1 1
10 19 1 1
11 19 1 1
11 17 1 1
22 21 2 2
22 20 2 2
23 22 2 2
23 21 2 2
24 22 2 2
24 21 2 2
25 20 2 2
25 21 2 2
26 23 2 2
26 21 2 2
27 21 2 2
27 20 2 2
28 21 2 2
28 25 2 2
29 22 2 2
29 24 2 2
20 24 2 2
20 23 2 2
21 29 2 2
32 30 3 3
32 31 3 3
33 31 3 3
33 32 3 3
34 33 3 3
34 30 3 3
35 33 3 3
35 32 3 3
36 33 3 3
36 34 3 3
37 31 3 3
37 36 3 3
38 37 3 3
38 34 3 3
39 33 3 3
39 36 3 3
30 33 3 3
30 35 3 3
31 34 3 3
31 36 3 3
42 41 4 4
42 40 4 4
43 40 4 4
43 41 4 4
44 40 4 4
44 43 4 4
45 40 4 4
45 41 4 4
46 40 4 4
46 41 4 4
47 41 4 4
47 42 4 4
48 41 4 4
48 45 4 4
49 45 4 4
49 46 4 4
40 49 4 4
40 48 4 4
41 44 4 4
41 49 4 4
52 50 5 5
52 51 5 5
53 52 5 5
53 51 5 5
54 53 5 5
54 51 5 5
55 52 5 5
55 54 5 5
56 54 5 5
56 55 5 5
57 55 5 5
57 52 5 5
58 54 5 5
58 56 5 5
59 57 5 5
59 58 5 5
50 58 5 5
50 56 5 5
51 57 5 5
51 59 5 5
62 60 6 6
62 61 6 6
63 60 6 6
63 62 6 6
64 62 6 6
64 63 6 6
65 63 6 6
65 60 6 6
66 64 6 6
66 61 6 6
67 61 6 6
67 63 6 6
68 66 6 6
68 64 6 6
69 62 6 6
69 63 6 6
60 67 6 6
60 64 6 6
61 69 6 6
61 63 6 6
72 71 7 7
72 70 7 7
73 71 7 7
73 72 7 7
74 71 7 7
74 73 7 7
75 70 7 7
75 72 7 7
76 75 7 7
76 72 7 7
77 70 7 7
77 71 7 7
78 75 7 7
78 72 7 7
79 75 7 7
79 74 7 7
70 74 7 7
70 79 7 7
71 78 7 7
71 75 7 7
28 3 2 0
29 11 2 1
33 26 3 2
37 7 3 0
44 19 4 1
46 9 4 0
58 21 5 2
52 4 5 0
68 14 6 1
64 44 6 4
76 21 7 2
73 31 7 3
6 63 0 6
6 73 0 7
14 52 1 5
18 70 1 7
