swNum = 80
edgeNum = 174

0 0
1 0
2 0
3 0
4 0
5 0
6 0
7 0
8 0
9 0
10 1
11 1
12 1
13 1
14 1
15 1
16 1
17 1
18 1
19 1
20 2
21 2
22 2
23 2
24 2
25 2
26 2
27 2
28 2
29 2
30 3
31 3
32 3
33 3
34 3
35 3
36 3
37 3
38 3
39 3
40 4
41 4
42 4
43 4
44 4
45 4
46 4
47 4
48 4
49 4
50 5
51 5
52 5
53 5
54 5
55 5
56 5
57 5
58 5
59 5
60 6
61 6
62 6
63 6
64 6
65 6
66 6
67 6
68 6
69 6
70 7
71 7
72 7
73 7
74 7
75 7
76 7
77 7
78 7
79 7

2 0 0 0
2 1 0 0
3 0 0 0
3 2 0 0
4 1 0 0
4 3 0 0
5 2 0 0
5 3 0 0
6 4 0 0
6 1 0 0
7 4 0 0
7 3 0 0
8 3 0 0
8 7 0 0
9 2 0 0
9 1 0 0
0 7 0 0
0 4 0 0
1 8 0 0
1 7 0 0
12 11 1 1
12 10 1 1
13 12 1 1
13 10 1 1
14 10 1 1
14 12 1 1
15 11 1 1
15 12 1 1
16 13 1 1
16 10 1 1
17 16 1 1
17 14 1 1
18 15 1 1
18 13 1 1
19 16 1 1
19 13 1 1
10 15 1 1
10 19 1 1
11 16 1 1
11 17 1 1
22 21 2 2
22 20 2 2
23 20 2 2
23 21 2 2
24 21 2 2
24 22 2 2
25 24 2 2
25 22 2 2
26 23 2 2
26 22 2 2
27 21 2 2
27 23 2 2
28 23 2 2
28 24 2 2
29 26 2 2
29 24 2 2
20 29 2 2
20 28 2 2
21 26 2 2
21 25 2 2
32 31 3 3
32 30 3 3
33 30 3 3
33 31 3 3
34 32 3 3
34 33 3 3
35 33 3 3
35 31 3 3
36 35 3 3
36 34 3 3
37 32 3 3
37 35 3 3
38 31 3 3
38 33 3 3
39 35 3 3
39 36 3 3
30 35 3 3
30 37 3 3
31 34 3 3
31 37 3 3
42 41 4 4
42 40 4 4
43 42 4 4
43 40 4 4
44 43 4 4
44 41 4 4
45 41 4 4
45 44 4 4
46 44 4 4
46 42 4 4
47 40 4 4
47 41 4 4
48 40 4 4
48 42 4 4
49 43 4 4
49 40 4 4
40 44 4 4
40 46 4 4
41 43 4 4
41 48 4 4
52 51 5 5
52 50 5 5
53 51 5 5
53 52 5 5
54 52 5 5
54 50 5 5
55 52 5 5
55 51 5 5
56 54 5 5
56 50 5 5
57 56 5 5
57 51 5 5
58 56 5 5
58 50 5 5
59 52 5 5
59 57 5 5
50 55 5 5
50 59 5 5
51 54 5 5
51 56 5 5
62 60 6 6
62 61 6 6
63 60 6 6
63 61 6 6
64 60 6 6
64 63 6 6
65 60 6 6
65 64 6 6
66 62 6 6
66 61 6 6
67 60 6 6
67 63 6 6
68 67 6 6
68 66 6 6
69 67 6 6
69 68 6 6
60 69 6 6
60 66 6 6
61 68 6 6
61 69 6 6
72 71 7 7
72 70 7 7
73 70 7 7
73 71 7 7
74 71 7 7
74 70 7 7
75 73 7 7
75 70 7 7
76 73 7 7
76 70 7 7
77 71 7 7
77 72 7 7
78 71 7 7
78 73 7 7
79 74 7 7
79 77 7 7
70 78 7 7
70 77 7 7
71 75 7 7
71 79 7 7
20 3 2 0
24 12 2 1
38 11 3 1
37 28 3 2
49 16 4 1
43 34 4 3
59 17 5 1
59 31 5 3
62 16 6 1
67 37 6 3
73 36 7 3
77 18 7 1
8 74 0 7
0 51 0 5
