swNum = 80
edgeNum = 176

0 0
1 0
2 0
3 0
4 0
5 0
6 0
7 0
8 0
9 0
10 1
11 1
12 1
13 1
14 1
15 1
16 1
17 1
18 1
19 1
20 2
21 2
22 2
23 2
24 2
25 2
26 2
27 2
28 2
29 2
30 3
31 3
32 3
33 3
34 3
35 3
36 3
37 3
38 3
39 3
40 4
41 4
42 4
43 4
44 4
45 4
46 4
47 4
48 4
49 4
50 5
51 5
52 5
53 5
54 5
55 5
56 5
57 5
58 5
59 5
60 6
61 6
62 6
63 6
64 6
65 6
66 6
67 6
68 6
69 6
70 7
71 7
72 7
73 7
74 7
75 7
76 7
77 7
78 7
79 7

2 0 0 0
2 1 0 0
3 0 0 0
3 1 0 0
4 1 0 0
4 0 0 0
5 1 0 0
5 4 0 0
6 1 0 0
6 0 0 0
7 4 0 0
7 3 0 0
8 6 0 0
8 2 0 0
9 1 0 0
9 8 0 0
0 8 0 0
0 7 0 0
1 8 0 0
1 7 0 0
12 10 1 1
12 11 1 1
13 10 1 1
13 12 1 1
14 10 1 1
14 13 1 1
15 11 1 1
15 14 1 1
16 11 1 1
16 12 1 1
17 15 1 1
17 14 1 1
18 14 1 1
18 13 1 1
19 11 1 1
19 14 1 1
10 18 1 1
10 15 1 1
11 18 1 1
11 13 1 1
22 20 2 2
22 21 2 2
23 20 2 2
23 22 2 2
24 23 2 2
24 22 2 2
25 20 2 2
25 24 2 2
26 23 2 2
26 24 2 2
27 22 2 2
27 25 2 2
28 22 2 2
28 25 2 2
29 26 2 2
29 21 2 2
20 28 2 2
20 26 2 2
21 23 2 2
21 24 2 2
32 30 3 3
32 31 3 3
33 30 3 3
33 31 3 3
34 31 3 3
34 30 3 3
35 31 3 3
35 34 3 3
36 34 3 3
36 31 3 3
37 33 3 3
37 34 3 3
38 36 3 3
38 34 3 3
39 37 3 3
39 34 3 3
30 39 3 3
30 35 3 3
31 39 3 3
31 38 3 3
42 41 4 4
42 40 4 4
43 41 4 4
43 42 4 4
44 41 4 4
44 43 4 4
45 43 4 4
45 42 4 4
46 40 4 4
46 44 4 4
47 42 4 4
47 45 4 4
48 40 4 4
48 45 4 4
49 47 4 4
49 46 4 4
40 43 4 4
40 45 4 4
41 46 4 4
41 48 4 4
52 51 5 5
52 50 5 5
53 52 5 5
53 50 5 5
54 51 5 5
54 50 5 5
55 52 5 5
55 53 5 5
56 53 5 5
56 51 5 5
57 50 5 5
57 51 5 5
58 55 5 5
58 56 5 5
59 51 5 5
59 55 5 5
50 59 5 5
50 58 5 5
51 53 5 5
51 58 5 5
62 61 6 6
62 60 6 6
63 60 6 6
63 62 6 6
64 61 6 6
64 60 6 6
65 63 6 6
65 62 6 6
66 65 6 6
66 62 6 6
67 61 6 6
67 64 6 6
68 67 6 6
68 66 6 6
69 65 6 6
69 62 6 6
60 68 6 6
60 67 6 6
61 63 6 6
61 66 6 6
72 71 7 7
72 70 7 7
73 71 7 7
73 70 7 7
74 73 7 7
74 70 7 7
75 73 7 7
75 74 7 7
76 74 7 7
76 70 7 7
77 72 7 7
77 75 7 7
78 71 7 7
78 74 7 7
79 70 7 7
79 73 7 7
70 78 7 7
70 77 7 7
71 77 7 7
71 76 7 7
24 18 2 1
27 7 2 0
33 18 3 1
39 6 3 0
45 1 4 0
40 29 4 2
58 11 5 1
50 36 5 3
60 14 6 1
68 21 6 2
74 63 7 6
73 33 7 3
4 68 0 6
6 55 0 5
15 41 1 4
16 74 1 7
