swNum = 80
edgeNum = 173

0 0
1 0
2 0
3 0
4 0
5 0
6 0
7 0
8 0
9 0
10 1
11 1
12 1
13 1
14 1
15 1
16 1
17 1
18 1
19 1
20 2
21 2
22 2
23 2
24 2
25 2
26 2
27 2
28 2
29 2
30 3
31 3
32 3
33 3
34 3
35 3
36 3
37 3
38 3
39 3
40 4
41 4
42 4
43 4
44 4
45 4
46 4
47 4
48 4
49 4
50 5
51 5
52 5
53 5
54 5
55 5
56 5
57 5
58 5
59 5
60 6
61 6
62 6
63 6
64 6
65 6
66 6
67 6
68 6
69 6
70 7
71 7
72 7
73 7
74 7
75 7
76 7
77 7
78 7
79 7

2 0 0 0
2 1 0 0
3 0 0 0
3 2 0 0
4 3 0 0
4 0 0 0
5 0 0 0
5 1 0 0
6 3 0 0
6 2 0 0
7 2 0 0
7 6 0 0
8 5 0 0
8 3 0 0
9 1 0 0
9 2 0 0
0 7 0 0
0 8 0 0
1 4 0 0
1 8 0 0
12 10 1 1
12 11 1 1
13 10 1 1
13 11 1 1
14 11 1 1
14 12 1 1
15 10 1 1
15 13 1 1
16 14 1 1
16 13 1 1
17 14 1 1
17 12 1 1
18 14 1 1
18 10 1 1
19 15 1 1
19 13 1 1
10 17 1 1
10 14 1 1
11 19 1 1
11 15 1 1
22 20 2 2
22 21 2 2
23 20 2 2
23 22 2 2
24 23 2 2
24 22 2 2
25 24 2 2
25 20 2 2
26 21 2 2
26 25 2 2
27 20 2 2
27 24 2 2
28 20 2 2
28 23 2 2
29 20 2 2
29 28 2 2
20 26 2 2
20 24 2 2
21 23 2 2
21 27 2 2
32 31 3 3
32 30 3 3
33 32 3 3
33 30 3 3
34 32 3 3
34 31 3 3
35 31 3 3
35 34 3 3
36 30 3 3
36 33 3 3
37 34 3 3
37 35 3 3
38 37 3 3
38 33 3 3
39 32 3 3
39 34 3 3
30 35 3 3
30 39 3 3
31 37 3 3
31 39 3 3
42 41 4 4
42 40 4 4
43 41 4 4
43 40 4 4
44 42 4 4
44 43 4 4
45 42 4 4
45 43 4 4
46 44 4 4
46 43 4 4
47 44 4 4
47 40 4 4
48 41 4 4
48 42 4 4
49 40 4 4
49 43 4 4
40 45 4 4
40 46 4 4
41 44 4 4
41 49 4 4
52 50 5 5
52 51 5 5
53 52 5 5
53 50 5 5
54 50 5 5
54 51 5 5
55 51 5 5
55 52 5 5
56 55 5 5
56 50 5 5
57 53 5 5
57 55 5 5
58 57 5 5
58 50 5 5
59 50 5 5
59 56 5 5
50 57 5 5
50 55 5 5
51 57 5 5
51 59 5 5
62 61 6 6
62 60 6 6
63 62 6 6
63 60 6 6
64 63 6 6
64 62 6 6
65 60 6 6
65 63 6 6
66 61 6 6
66 65 6 6
67 66 6 6
67 64 6 6
68 60 6 6
68 65 6 6
69 68 6 6
69 60 6 6
60 66 6 6
60 64 6 6
61 67 6 6
61 64 6 6
72 70 7 7
72 71 7 7
73 70 7 7
73 71 7 7
74 71 7 7
74 70 7 7
75 70 7 7
75 71 7 7
76 72 7 7
76 75 7 7
77 72 7 7
77 71 7 7
78 71 7 7
78 77 7 7
79 71 7 7
79 78 7 7
70 78 7 7
70 77 7 7
71 76 7 7
27 15 2 1
22 2 2 0
33 4 3 0
30 14 3 1
44 10 4 1
44 9 4 0
58 45 5 4
53 15 5 1
67 11 6 1
64 29 6 2
77 12 7 1
76 54 7 5
8 70 0 7
3 68 0 6
