swNum = 80
edgeNum = 175

0 0
1 0
2 0
3 0
4 0
5 0
6 0
7 0
8 0
9 0
10 1
11 1
12 1
13 1
14 1
15 1
16 1
17 1
18 1
19 1
20 2
21 2
22 2
23 2
24 2
25 2
26 2
27 2
28 2
29 2
30 3
31 3
32 3
33 3
34 3
35 3
36 3
37 3
38 3
39 3
40 4
41 4
42 4
43 4
44 4
45 4
46 4
47 4
48 4
49 4
50 5
51 5
52 5
53 5
54 5
55 5
56 5
57 5
58 5
59 5
60 6
61 6
62 6
63 6
64 6
65 6
66 6
67 6
68 6
69 6
70 7
71 7
72 7
73 7
74 7
75 7
76 7
77 7
78 7
79 7

2 1 0 0
2 0 0 0
3 2 0 0
3 1 0 0
4 2 0 0
4 1 0 0
5 2 0 0
5 1 0 0
6 3 0 0
6 0 0 0
7 4 0 0
7 1 0 0
8 1 0 0
8 7 0 0
9 1 0 0
9 2 0 0
0 3 0 0
0 8 0 0
1 6 0 0
12 11 1 1
12 10 1 1
13 10 1 1
13 11 1 1
14 12 1 1
14 11 1 1
15 10 1 1
15 12 1 1
16 10 1 1
16 12 1 1
17 12 1 1
17 15 1 1
18 12 1 1
18 10 1 1
19 15 1 1
19 16 1 1
10 19 1 1
10 17 1 1
11 17 1 1
11 16 1 1
22 21 2 2
22 20 2 2
23 20 2 2
23 22 2 2
24 22 2 2
24 23 2 2
25 23 2 2
25 22 2 2
26 20 2 2
26 25 2 2
27 26 2 2
27 24 2 2
28 26 2 2
28 25 2 2
29 20 2 2
29 24 2 2
20 27 2 2
20 25 2 2
21 27 2 2
21 29 2 2
32 31 3 3
32 30 3 3
33 31 3 3
33 32 3 3
34 32 3 3
34 33 3 3
35 30 3 3
35 31 3 3
36 31 3 3
36 30 3 3
37 35 3 3
37 36 3 3
38 31 3 3
38 30 3 3
39 36 3 3
39 37 3 3
30 33 3 3
30 37 3 3
31 39 3 3
31 34 3 3
42 41 4 4
42 40 4 4
43 41 4 4
43 42 4 4
44 40 4 4
44 41 4 4
45 43 4 4
45 41 4 4
46 44 4 4
46 40 4 4
47 45 4 4
47 41 4 4
48 45 4 4
48 42 4 4
49 42 4 4
49 45 4 4
40 47 4 4
40 49 4 4
41 48 4 4
41 46 4 4
52 51 5 5
52 50 5 5
53 50 5 5
53 51 5 5
54 51 5 5
54 53 5 5
55 53 5 5
55 50 5 5
56 54 5 5
56 53 5 5
57 50 5 5
57 56 5 5
58 53 5 5
58 54 5 5
59 52 5 5
59 58 5 5
50 54 5 5
50 56 5 5
51 59 5 5
51 58 5 5
62 60 6 6
62 61 6 6
63 62 6 6
63 61 6 6
64 60 6 6
64 61 6 6
65 61 6 6
65 63 6 6
66 60 6 6
66 61 6 6
67 66 6 6
67 62 6 6
68 60 6 6
68 61 6 6
69 67 6 6
69 60 6 6
60 67 6 6
60 65 6 6
61 67 6 6
61 69 6 6
72 70 7 7
72 71 7 7
73 70 7 7
73 71 7 7
74 72 7 7
74 70 7 7
75 74 7 7
75 70 7 7
76 75 7 7
76 72 7 7
77 72 7 7
77 74 7 7
78 77 7 7
78 72 7 7
79 73 7 7
79 72 7 7
70 78 7 7
70 77 7 7
71 79 7 7
71 74 7 7
27 16 2 1
29 6 2 0
34 8 3 0
31 19 3 1
43 12 4 1
47 24 4 2
59 29 5 2
52 46 5 4
68 17 6 1
67 29 6 2
70 62 7 6
70 2 7 0
6 62 0 6
8 57 0 5
10 73 1 7
10 50 1 5
