swNum = 80
edgeNum = 176

0 0
1 0
2 0
3 0
4 0
5 0
6 0
7 0
8 0
9 0
10 1
11 1
12 1
13 1
14 1
15 1
16 1
17 1
18 1
19 1
20 2
21 2
22 2
23 2
24 2
25 2
26 2
27 2
28 2
29 2
30 3
31 3
32 3
33 3
34 3
35 3
36 3
37 3
38 3
39 3
40 4
41 4
42 4
43 4
44 4
45 4
46 4
47 4
48 4
49 4
50 5
51 5
52 5
53 5
54 5
55 5
56 5
57 5
58 5
59 5
60 6
61 6
62 6
63 6
64 6
65 6
66 6
67 6
68 6
69 6
70 7
71 7
72 7
73 7
74 7
75 7
76 7
77 7
78 7
79 7

2 1 0 0
2 0 0 0
3 2 0 0
3 0 0 0
4 2 0 0
4 0 0 0
5 2 0 0
5 0 0 0
6 3 0 0
6 1 0 0
7 2 0 0
7 1 0 0
8 5 0 0
8 3 0 0
9 5 0 0
9 1 0 0
0 9 0 0
0 6 0 0
1 8 0 0
1 4 0 0
12 11 1 1
12 10 1 1
13 11 1 1
13 12 1 1
14 11 1 1
14 12 1 1
15 11 1 1
15 10 1 1
16 14 1 1
16 10 1 1
17 15 1 1
17 14 1 1
18 14 1 1
18 12 1 1
19 11 1 1
19 15 1 1
10 19 1 1
10 18 1 1
11 16 1 1
11 17 1 1
22 20 2 2
22 21 2 2
23 22 2 2
23 20 2 2
24 23 2 2
24 22 2 2
25 20 2 2
25 21 2 2
26 22 2 2
26 25 2 2
27 24 2 2
27 20 2 2
28 25 2 2
28 22 2 2
29 22 2 2
29 27 2 2
20 29 2 2
20 26 2 2
21 23 2 2
21 28 2 2
32 31 3 3
32 30 3 3
33 32 3 3
33 30 3 3
34 32 3 3
34 33 3 3
35 33 3 3
35 30 3 3
36 34 3 3
36 35 3 3
37 36 3 3
37 30 3 3
38 30 3 3
38 33 3 3
39 38 3 3
39 30 3 3
30 36 3 3
30 34 3 3
31 39 3 3
31 35 3 3
42 41 4 4
42 40 4 4
43 42 4 4
43 41 4 4
44 41 4 4
44 42 4 4
45 41 4 4
45 44 4 4
46 41 4 4
46 42 4 4
47 45 4 4
47 44 4 4
48 47 4 4
48 43 4 4
49 47 4 4
49 45 4 4
40 46 4 4
40 49 4 4
41 49 4 4
41 48 4 4
52 51 5 5
52 50 5 5
53 52 5 5
53 51 5 5
54 51 5 5
54 50 5 5
55 52 5 5
55 51 5 5
56 54 5 5
56 51 5 5
57 56 5 5
57 54 5 5
58 50 5 5
58 55 5 5
59 52 5 5
59 54 5 5
50 53 5 5
50 59 5 5
51 57 5 5
51 58 5 5
62 61 6 6
62 60 6 6
63 61 6 6
63 62 6 6
64 63 6 6
64 61 6 6
65 60 6 6
65 64 6 6
66 63 6 6
66 64 6 6
67 65 6 6
67 60 6 6
68 67 6 6
68 61 6 6
69 63 6 6
69 60 6 6
60 68 6 6
60 66 6 6
61 69 6 6
61 67 6 6
72 70 7 7
72 71 7 7
73 72 7 7
73 71 7 7
74 73 7 7
74 70 7 7
75 73 7 7
75 74 7 7
76 70 7 7
76 72 7 7
77 74 7 7
77 73 7 7
78 71 7 7
78 77 7 7
79 75 7 7
79 72 7 7
70 75 7 7
70 79 7 7
71 74 7 7
71 75 7 7
26 8 2 0
27 13 2 1
31 14 3 1
35 26 3 2
44 30 4 3
41 14 4 1
50 19 5 1
59 38 5 3
63 7 6 0
64 29 6 2
72 32 7 3
78 6 7 0
4 32 0 3
0 41 0 4
12 71 1 7
18 60 1 6
