swNum = 80
edgeNum = 176

0 0
1 0
2 0
3 0
4 0
5 0
6 0
7 0
8 0
9 0
10 1
11 1
12 1
13 1
14 1
15 1
16 1
17 1
18 1
19 1
20 2
21 2
22 2
23 2
24 2
25 2
26 2
27 2
28 2
29 2
30 3
31 3
32 3
33 3
34 3
35 3
36 3
37 3
38 3
39 3
40 4
41 4
42 4
43 4
44 4
45 4
46 4
47 4
48 4
49 4
50 5
51 5
52 5
53 5
54 5
55 5
56 5
57 5
58 5
59 5
60 6
61 6
62 6
63 6
64 6
65 6
66 6
67 6
68 6
69 6
70 7
71 7
72 7
73 7
74 7
75 7
76 7
77 7
78 7
79 7

2 1 0 0
2 0 0 0
3 0 0 0
3 1 0 0
4 1 0 0
4 3 0 0
5 4 0 0
5 3 0 0
6 2 0 0
6 4 0 0
7 1 0 0
7 4 0 0
8 3 0 0
8 6 0 0
9 0 0 0
9 3 0 0
0 8 0 0
0 5 0 0
1 5 0 0
1 8 0 0
12 11 1 1
12 10 1 1
13 11 1 1
13 10 1 1
14 13 1 1
14 12 1 1
15 10 1 1
15 11 1 1
16 14 1 1
16 12 1 1
17 12 1 1
17 11 1 1
18 14 1 1
18 12 1 1
19 15 1 1
19 18 1 1
10 18 1 1
10 14 1 1
11 18 1 1
11 19 1 1
22 20 2 2
22 21 2 2
23 21 2 2
23 20 2 2
24 22 2 2
24 21 2 2
25 23 2 2
25 24 2 2
26 23 2 2
26 24 2 2
27 25 2 2
27 26 2 2
28 22 2 2
28 24 2 2
29 20 2 2
29 21 2 2
20 26 2 2
20 24 2 2
21 28 2 2
21 26 2 2
32 31 3 3
32 30 3 3
33 32 3 3
33 31 3 3
34 32 3 3
34 31 3 3
35 33 3 3
35 34 3 3
36 30 3 3
36 31 3 3
37 32 3 3
37 33 3 3
38 32 3 3
38 35 3 3
39 33 3 3
39 32 3 3
30 37 3 3
30 39 3 3
31 38 3 3
31 35 3 3
42 40 4 4
42 41 4 4
43 42 4 4
43 41 4 4
44 42 4 4
44 41 4 4
45 42 4 4
45 43 4 4
46 45 4 4
46 42 4 4
47 44 4 4
47 46 4 4
48 40 4 4
48 46 4 4
49 44 4 4
49 42 4 4
40 49 4 4
40 45 4 4
41 45 4 4
41 49 4 4
52 51 5 5
52 50 5 5
53 52 5 5
53 50 5 5
54 51 5 5
54 52 5 5
55 53 5 5
55 54 5 5
56 55 5 5
56 51 5 5
57 52 5 5
57 51 5 5
58 56 5 5
58 52 5 5
59 55 5 5
59 51 5 5
50 59 5 5
50 58 5 5
51 58 5 5
51 55 5 5
62 60 6 6
62 61 6 6
63 61 6 6
63 62 6 6
64 63 6 6
64 62 6 6
65 60 6 6
65 63 6 6
66 61 6 6
66 60 6 6
67 64 6 6
67 63 6 6
68 62 6 6
68 64 6 6
69 68 6 6
69 64 6 6
60 69 6 6
60 64 6 6
61 69 6 6
61 68 6 6
72 71 7 7
72 70 7 7
73 71 7 7
73 72 7 7
74 70 7 7
74 72 7 7
75 73 7 7
75 74 7 7
76 73 7 7
76 75 7 7
77 71 7 7
77 76 7 7
78 73 7 7
78 75 7 7
79 75 7 7
79 73 7 7
70 76 7 7
70 73 7 7
71 75 7 7
71 76 7 7
26 14 2 1
20 3 2 0
37 15 3 1
37 6 3 0
48 3 4 0
41 29 4 2
50 17 5 1
51 36 5 3
61 15 6 1
64 30 6 3
79 50 7 5
79 34 7 3
6 75 0 7
3 62 0 6
14 46 1 4
11 74 1 7
