swNum = 80
edgeNum = 174

0 0
1 0
2 0
3 0
4 0
5 0
6 0
7 0
8 0
9 0
10 1
11 1
12 1
13 1
14 1
15 1
16 1
17 1
18 1
19 1
20 2
21 2
22 2
23 2
24 2
25 2
26 2
27 2
28 2
29 2
30 3
31 3
32 3
33 3
34 3
35 3
36 3
37 3
38 3
39 3
40 4
41 4
42 4
43 4
44 4
45 4
46 4
47 4
48 4
49 4
50 5
51 5
52 5
53 5
54 5
55 5
56 5
57 5
58 5
59 5
60 6
61 6
62 6
63 6
64 6
65 6
66 6
67 6
68 6
69 6
70 7
71 7
72 7
73 7
74 7
75 7
76 7
77 7
78 7
79 7

2 1 0 0
2 0 0 0
3 0 0 0
3 1 0 0
4 0 0 0
4 1 0 0
5 0 0 0
5 1 0 0
6 2 0 0
6 1 0 0
7 2 0 0
7 1 0 0
8 4 0 0
8 7 0 0
9 6 0 0
9 5 0 0
0 9 0 0
0 6 0 0
1 9 0 0
1 8 0 0
12 10 1 1
12 11 1 1
13 10 1 1
13 12 1 1
14 11 1 1
14 10 1 1
15 14 1 1
15 12 1 1
16 13 1 1
16 10 1 1
17 16 1 1
17 14 1 1
18 15 1 1
18 14 1 1
19 11 1 1
19 18 1 1
10 18 1 1
10 17 1 1
11 15 1 1
11 16 1 1
22 21 2 2
22 20 2 2
23 21 2 2
23 22 2 2
24 23 2 2
24 22 2 2
25 23 2 2
25 24 2 2
26 22 2 2
26 25 2 2
27 22 2 2
27 23 2 2
28 24 2 2
28 22 2 2
29 25 2 2
29 28 2 2
20 23 2 2
20 27 2 2
21 24 2 2
21 25 2 2
32 31 3 3
32 30 3 3
33 30 3 3
33 31 3 3
34 30 3 3
34 33 3 3
35 34 3 3
35 33 3 3
36 32 3 3
36 35 3 3
37 31 3 3
37 30 3 3
38 35 3 3
38 34 3 3
39 36 3 3
39 33 3 3
30 36 3 3
30 38 3 3
31 36 3 3
31 38 3 3
42 41 4 4
42 40 4 4
43 42 4 4
43 41 4 4
44 42 4 4
44 43 4 4
45 43 4 4
45 41 4 4
46 40 4 4
46 43 4 4
47 46 4 4
47 44 4 4
48 41 4 4
48 43 4 4
49 47 4 4
49 42 4 4
40 48 4 4
40 49 4 4
41 47 4 4
41 46 4 4
52 51 5 5
52 50 5 5
53 51 5 5
53 50 5 5
54 50 5 5
54 51 5 5
55 54 5 5
55 53 5 5
56 50 5 5
56 53 5 5
57 50 5 5
57 56 5 5
58 55 5 5
58 50 5 5
59 55 5 5
59 56 5 5
50 55 5 5
50 59 5 5
51 56 5 5
51 57 5 5
62 60 6 6
62 61 6 6
63 61 6 6
63 60 6 6
64 61 6 6
64 60 6 6
65 61 6 6
65 64 6 6
66 60 6 6
66 63 6 6
67 60 6 6
67 61 6 6
68 65 6 6
68 62 6 6
69 64 6 6
69 60 6 6
60 68 6 6
60 65 6 6
61 68 6 6
61 66 6 6
72 71 7 7
72 70 7 7
73 71 7 7
73 70 7 7
74 71 7 7
74 73 7 7
75 73 7 7
75 72 7 7
76 70 7 7
76 73 7 7
77 76 7 7
77 71 7 7
78 74 7 7
78 75 7 7
79 74 7 7
79 71 7 7
70 78 7 7
70 77 7 7
71 76 7 7
71 78 7 7
23 14 2 1
26 8 2 0
32 0 3 0
36 13 3 1
41 7 4 0
41 24 4 2
53 1 5 0
57 17 5 1
64 49 6 4
66 9 6 0
72 1 7 0
76 24 7 2
17 75 1 7
11 64 1 6
