swNum = 80
edgeNum = 174

0 0
1 0
2 0
3 0
4 0
5 0
6 0
7 0
8 0
9 0
10 1
11 1
12 1
13 1
14 1
15 1
16 1
17 1
18 1
19 1
20 2
21 2
22 2
23 2
24 2
25 2
26 2
27 2
28 2
29 2
30 3
31 3
32 3
33 3
34 3
35 3
36 3
37 3
38 3
39 3
40 4
41 4
42 4
43 4
44 4
45 4
46 4
47 4
48 4
49 4
50 5
51 5
52 5
53 5
54 5
55 5
56 5
57 5
58 5
59 5
60 6
61 6
62 6
63 6
64 6
65 6
66 6
67 6
68 6
69 6
70 7
71 7
72 7
73 7
74 7
75 7
76 7
77 7
78 7
79 7

2 1 0 0
2 0 0 0
3 1 0 0
3 2 0 0
4 3 0 0
4 0 0 0
5 0 0 0
5 1 0 0
6 2 0 0
6 3 0 0
7 1 0 0
7 4 0 0
8 7 0 0
8 5 0 0
9 5 0 0
9 6 0 0
0 6 0 0
0 8 0 0
1 6 0 0
1 8 0 0
12 10 1 1
12 11 1 1
13 11 1 1
13 12 1 1
14 11 1 1
14 13 1 1
15 13 1 1
15 11 1 1
16 12 1 1
16 11 1 1
17 11 1 1
17 16 1 1
18 15 1 1
18 12 1 1
19 11 1 1
19 14 1 1
10 19 1 1
10 14 1 1
11 18 1 1
22 20 2 2
22 21 2 2
23 22 2 2
23 20 2 2
24 21 2 2
24 20 2 2
25 21 2 2
25 24 2 2
26 24 2 2
26 21 2 2
27 23 2 2
27 21 2 2
28 25 2 2
28 21 2 2
29 28 2 2
29 25 2 2
20 26 2 2
20 27 2 2
21 23 2 2
21 29 2 2
32 31 3 3
32 30 3 3
33 31 3 3
33 30 3 3
34 31 3 3
34 33 3 3
35 32 3 3
35 31 3 3
36 35 3 3
36 32 3 3
37 34 3 3
37 35 3 3
38 35 3 3
38 32 3 3
39 34 3 3
39 31 3 3
30 36 3 3
30 38 3 3
31 38 3 3
31 36 3 3
42 40 4 4
42 41 4 4
43 42 4 4
43 41 4 4
44 42 4 4
44 43 4 4
45 44 4 4
45 41 4 4
46 42 4 4
46 45 4 4
47 43 4 4
47 42 4 4
48 44 4 4
48 46 4 4
49 48 4 4
49 45 4 4
40 48 4 4
40 45 4 4
41 46 4 4
41 47 4 4
52 51 5 5
52 50 5 5
53 50 5 5
53 52 5 5
54 51 5 5
54 52 5 5
55 53 5 5
55 50 5 5
56 50 5 5
56 54 5 5
57 56 5 5
57 52 5 5
58 57 5 5
58 52 5 5
59 53 5 5
59 56 5 5
50 59 5 5
50 54 5 5
51 56 5 5
51 58 5 5
62 61 6 6
62 60 6 6
63 61 6 6
63 60 6 6
64 61 6 6
64 62 6 6
65 64 6 6
65 60 6 6
66 60 6 6
66 63 6 6
67 60 6 6
67 61 6 6
68 66 6 6
68 62 6 6
69 68 6 6
69 62 6 6
60 64 6 6
60 69 6 6
61 68 6 6
61 65 6 6
72 71 7 7
72 70 7 7
73 72 7 7
73 71 7 7
74 70 7 7
74 71 7 7
75 73 7 7
75 72 7 7
76 75 7 7
76 73 7 7
77 73 7 7
77 75 7 7
78 73 7 7
78 75 7 7
79 76 7 7
79 78 7 7
70 75 7 7
70 77 7 7
71 75 7 7
71 79 7 7
29 3 2 0
25 11 2 1
36 15 3 1
37 9 3 0
41 37 4 3
47 5 4 0
51 0 5 0
54 49 5 4
66 14 6 1
65 8 6 0
75 41 7 4
79 63 7 6
2 75 0 7
19 71 1 7
19 43 1 4
