swNum = 80
edgeNum = 176

0 0
1 0
2 0
3 0
4 0
5 0
6 0
7 0
8 0
9 0
10 1
11 1
12 1
13 1
14 1
15 1
16 1
17 1
18 1
19 1
20 2
21 2
22 2
23 2
24 2
25 2
26 2
27 2
28 2
29 2
30 3
31 3
32 3
33 3
34 3
35 3
36 3
37 3
38 3
39 3
40 4
41 4
42 4
43 4
44 4
45 4
46 4
47 4
48 4
49 4
50 5
51 5
52 5
53 5
54 5
55 5
56 5
57 5
58 5
59 5
60 6
61 6
62 6
63 6
64 6
65 6
66 6
67 6
68 6
69 6
70 7
71 7
72 7
73 7
74 7
75 7
76 7
77 7
78 7
79 7

2 1 0 0
2 0 0 0
3 1 0 0
3 2 0 0
4 1 0 0
4 0 0 0
5 2 0 0
5 1 0 0
6 5 0 0
6 4 0 0
7 6 0 0
7 4 0 0
8 6 0 0
8 2 0 0
9 7 0 0
9 5 0 0
0 5 0 0
0 8 0 0
1 9 0 0
1 8 0 0
12 11 1 1
12 10 1 1
13 10 1 1
13 12 1 1
14 12 1 1
14 11 1 1
15 12 1 1
15 14 1 1
16 12 1 1
16 10 1 1
17 10 1 1
17 11 1 1
18 10 1 1
18 17 1 1
19 10 1 1
19 12 1 1
10 15 1 1
10 14 1 1
11 19 1 1
11 18 1 1
22 21 2 2
22 20 2 2
23 20 2 2
23 22 2 2
24 21 2 2
24 23 2 2
25 22 2 2
25 21 2 2
26 21 2 2
26 22 2 2
27 22 2 2
27 21 2 2
28 25 2 2
28 23 2 2
29 28 2 2
29 26 2 2
20 26 2 2
20 24 2 2
21 29 2 2
21 28 2 2
32 30 3 3
32 31 3 3
33 30 3 3
33 32 3 3
34 33 3 3
34 30 3 3
35 34 3 3
35 33 3 3
36 32 3 3
36 30 3 3
37 35 3 3
37 36 3 3
38 32 3 3
38 37 3 3
39 30 3 3
39 36 3 3
30 38 3 3
30 35 3 3
31 38 3 3
31 37 3 3
42 40 4 4
42 41 4 4
43 42 4 4
43 41 4 4
44 43 4 4
44 40 4 4
45 41 4 4
45 44 4 4
46 42 4 4
46 41 4 4
47 40 4 4
47 46 4 4
48 44 4 4
48 43 4 4
49 47 4 4
49 44 4 4
40 45 4 4
40 49 4 4
41 48 4 4
41 47 4 4
52 51 5 5
52 50 5 5
53 52 5 5
53 51 5 5
54 51 5 5
54 53 5 5
55 52 5 5
55 53 5 5
56 53 5 5
56 51 5 5
57 51 5 5
57 54 5 5
58 50 5 5
58 52 5 5
59 57 5 5
59 50 5 5
50 56 5 5
50 54 5 5
51 59 5 5
51 58 5 5
62 60 6 6
62 61 6 6
63 62 6 6
63 60 6 6
64 62 6 6
64 60 6 6
65 64 6 6
65 61 6 6
66 62 6 6
66 63 6 6
67 65 6 6
67 61 6 6
68 63 6 6
68 64 6 6
69 67 6 6
69 61 6 6
60 67 6 6
60 68 6 6
61 64 6 6
61 68 6 6
72 71 7 7
72 70 7 7
73 70 7 7
73 71 7 7
74 73 7 7
74 70 7 7
75 72 7 7
75 74 7 7
76 74 7 7
76 70 7 7
77 72 7 7
77 71 7 7
78 71 7 7
78 72 7 7
79 75 7 7
79 71 7 7
70 78 7 7
70 77 7 7
71 75 7 7
71 74 7 7
22 12 2 1
23 9 2 0
34 25 3 2
39 6 3 0
42 7 4 0
41 12 4 1
51 35 5 3
51 8 5 0
61 38 6 3
69 25 6 2
75 45 7 4
71 23 7 2
3 67 0 6
9 72 0 7
19 76 1 7
15 31 1 3
