swNum = 80
edgeNum = 176

0 0
1 0
2 0
3 0
4 0
5 0
6 0
7 0
8 0
9 0
10 1
11 1
12 1
13 1
14 1
15 1
16 1
17 1
18 1
19 1
20 2
21 2
22 2
23 2
24 2
25 2
26 2
27 2
28 2
29 2
30 3
31 3
32 3
33 3
34 3
35 3
36 3
37 3
38 3
39 3
40 4
41 4
42 4
43 4
44 4
45 4
46 4
47 4
48 4
49 4
50 5
51 5
52 5
53 5
54 5
55 5
56 5
57 5
58 5
59 5
60 6
61 6
62 6
63 6
64 6
65 6
66 6
67 6
68 6
69 6
70 7
71 7
72 7
73 7
74 7
75 7
76 7
77 7
78 7
79 7

2 0 0 0
2 1 0 0
3 2 0 0
3 1 0 0
4 1 0 0
4 2 0 0
5 4 0 0
5 0 0 0
6 4 0 0
6 1 0 0
7 3 0 0
7 6 0 0
8 7 0 0
8 3 0 0
9 0 0 0
9 5 0 0
0 3 0 0
0 7 0 0
1 9 0 0
1 5 0 0
12 11 1 1
12 10 1 1
13 12 1 1
13 11 1 1
14 12 1 1
14 13 1 1
15 13 1 1
15 11 1 1
16 12 1 1
16 10 1 1
17 11 1 1
17 12 1 1
18 11 1 1
18 13 1 1
19 16 1 1
19 18 1 1
10 13 1 1
10 18 1 1
11 16 1 1
11 14 1 1
22 21 2 2
22 20 2 2
23 20 2 2
23 22 2 2
24 20 2 2
24 23 2 2
25 24 2 2
25 23 2 2
26 25 2 2
26 20 2 2
27 25 2 2
27 20 2 2
28 21 2 2
28 27 2 2
29 21 2 2
29 28 2 2
20 28 2 2
20 29 2 2
21 23 2 2
21 25 2 2
32 31 3 3
32 30 3 3
33 30 3 3
33 31 3 3
34 30 3 3
34 33 3 3
35 31 3 3
35 34 3 3
36 32 3 3
36 35 3 3
37 35 3 3
37 32 3 3
38 30 3 3
38 32 3 3
39 31 3 3
39 35 3 3
30 39 3 3
30 35 3 3
31 34 3 3
31 37 3 3
42 40 4 4
42 41 4 4
43 41 4 4
43 42 4 4
44 40 4 4
44 42 4 4
45 41 4 4
45 43 4 4
46 43 4 4
46 45 4 4
47 40 4 4
47 46 4 4
48 46 4 4
48 43 4 4
49 48 4 4
49 40 4 4
40 45 4 4
40 48 4 4
41 46 4 4
41 47 4 4
52 50 5 5
52 51 5 5
53 52 5 5
53 50 5 5
54 52 5 5
54 53 5 5
55 50 5 5
55 51 5 5
56 53 5 5
56 54 5 5
57 53 5 5
57 50 5 5
58 52 5 5
58 50 5 5
59 52 5 5
59 51 5 5
50 59 5 5
50 54 5 5
51 54 5 5
51 56 5 5
62 61 6 6
62 60 6 6
63 60 6 6
63 62 6 6
64 60 6 6
64 63 6 6
65 63 6 6
65 60 6 6
66 64 6 6
66 61 6 6
67 60 6 6
67 66 6 6
68 64 6 6
68 66 6 6
69 68 6 6
69 67 6 6
60 69 6 6
60 66 6 6
61 67 6 6
61 68 6 6
72 71 7 7
72 70 7 7
73 71 7 7
73 72 7 7
74 71 7 7
74 72 7 7
75 70 7 7
75 74 7 7
76 73 7 7
76 72 7 7
77 74 7 7
77 71 7 7
78 72 7 7
78 76 7 7
79 74 7 7
79 70 7 7
70 78 7 7
70 73 7 7
71 75 7 7
71 79 7 7
21 16 2 1
26 5 2 0
34 13 3 1
32 3 3 0
42 13 4 1
47 35 4 3
53 30 5 3
51 46 5 4
69 40 6 4
66 12 6 1
72 28 7 2
79 4 7 0
9 62 0 6
6 43 0 4
10 73 1 7
10 59 1 5
