swNum = 80
edgeNum = 176

0 0
1 0
2 0
3 0
4 0
5 0
6 0
7 0
8 0
9 0
10 1
11 1
12 1
13 1
14 1
15 1
16 1
17 1
18 1
19 1
20 2
21 2
22 2
23 2
24 2
25 2
26 2
27 2
28 2
29 2
30 3
31 3
32 3
33 3
34 3
35 3
36 3
37 3
38 3
39 3
40 4
41 4
42 4
43 4
44 4
45 4
46 4
47 4
48 4
49 4
50 5
51 5
52 5
53 5
54 5
55 5
56 5
57 5
58 5
59 5
60 6
61 6
62 6
63 6
64 6
65 6
66 6
67 6
68 6
69 6
70 7
71 7
72 7
73 7
74 7
75 7
76 7
77 7
78 7
79 7

2 0 0 0
2 1 0 0
3 2 0 0
3 1 0 0
4 2 0 0
4 0 0 0
5 3 0 0
5 2 0 0
6 2 0 0
6 4 0 0
7 0 0 0
7 1 0 0
8 0 0 0
8 7 0 0
9 7 0 0
9 2 0 0
0 9 0 0
0 3 0 0
1 9 0 0
1 8 0 0
12 11 1 1
12 10 1 1
13 10 1 1
13 12 1 1
14 13 1 1
14 12 1 1
15 11 1 1
15 12 1 1
16 15 1 1
16 10 1 1
17 10 1 1
17 16 1 1
18 10 1 1
18 14 1 1
19 17 1 1
19 15 1 1
10 15 1 1
10 14 1 1
11 17 1 1
11 19 1 1
22 21 2 2
22 20 2 2
23 22 2 2
23 21 2 2
24 23 2 2
24 20 2 2
25 20 2 2
25 21 2 2
26 20 2 2
26 24 2 2
27 24 2 2
27 22 2 2
28 24 2 2
28 25 2 2
29 21 2 2
29 25 2 2
20 23 2 2
20 29 2 2
21 28 2 2
21 24 2 2
32 30 3 3
32 31 3 3
33 31 3 3
33 32 3 3
34 32 3 3
34 33 3 3
35 32 3 3
35 30 3 3
36 31 3 3
36 30 3 3
37 33 3 3
37 36 3 3
38 37 3 3
38 32 3 3
39 38 3 3
39 33 3 3
30 38 3 3
30 37 3 3
31 38 3 3
31 39 3 3
42 41 4 4
42 40 4 4
43 42 4 4
43 41 4 4
44 41 4 4
44 40 4 4
45 44 4 4
45 41 4 4
46 45 4 4
46 40 4 4
47 42 4 4
47 46 4 4
48 43 4 4
48 47 4 4
49 44 4 4
49 41 4 4
40 47 4 4
40 48 4 4
41 47 4 4
41 46 4 4
52 50 5 5
52 51 5 5
53 50 5 5
53 52 5 5
54 50 5 5
54 52 5 5
55 52 5 5
55 54 5 5
56 53 5 5
56 52 5 5
57 54 5 5
57 55 5 5
58 57 5 5
58 55 5 5
59 55 5 5
59 52 5 5
50 56 5 5
50 55 5 5
51 53 5 5
51 59 5 5
62 60 6 6
62 61 6 6
63 60 6 6
63 62 6 6
64 63 6 6
64 60 6 6
65 63 6 6
65 62 6 6
66 62 6 6
66 60 6 6
67 66 6 6
67 64 6 6
68 63 6 6
68 67 6 6
69 66 6 6
69 67 6 6
60 67 6 6
60 65 6 6
61 67 6 6
61 64 6 6
72 71 7 7
72 70 7 7
73 71 7 7
73 70 7 7
74 70 7 7
74 73 7 7
75 72 7 7
75 71 7 7
76 75 7 7
76 72 7 7
77 71 7 7
77 73 7 7
78 75 7 7
78 74 7 7
79 71 7 7
79 73 7 7
70 76 7 7
70 79 7 7
71 78 7 7
71 76 7 7
28 8 2 0
21 16 2 1
35 20 3 2
34 3 3 0
49 27 4 2
46 15 4 1
56 35 5 3
57 13 5 1
66 3 6 0
69 54 6 5
76 48 7 4
71 24 7 2
4 77 0 7
5 56 0 5
11 38 1 3
12 73 1 7
