swNum = 80
edgeNum = 176

0 0
1 0
2 0
3 0
4 0
5 0
6 0
7 0
8 0
9 0
10 1
11 1
12 1
13 1
14 1
15 1
16 1
17 1
18 1
19 1
20 2
21 2
22 2
23 2
24 2
25 2
26 2
27 2
28 2
29 2
30 3
31 3
32 3
33 3
34 3
35 3
36 3
37 3
38 3
39 3
40 4
41 4
42 4
43 4
44 4
45 4
46 4
47 4
48 4
49 4
50 5
51 5
52 5
53 5
54 5
55 5
56 5
57 5
58 5
59 5
60 6
61 6
62 6
63 6
64 6
65 6
66 6
67 6
68 6
69 6
70 7
71 7
72 7
73 7
74 7
75 7
76 7
77 7
78 7
79 7

2 1 0 0
2 0 0 0
3 0 0 0
3 2 0 0
4 0 0 0
4 1 0 0
5 2 0 0
5 0 0 0
6 4 0 0
6 3 0 0
7 3 0 0
7 2 0 0
8 6 0 0
8 5 0 0
9 5 0 0
9 0 0 0
0 7 0 0
0 8 0 0
1 8 0 0
1 3 0 0
12 11 1 1
12 10 1 1
13 11 1 1
13 12 1 1
14 13 1 1
14 10 1 1
15 12 1 1
15 14 1 1
16 11 1 1
16 15 1 1
17 11 1 1
17 15 1 1
18 11 1 1
18 15 1 1
19 18 1 1
19 17 1 1
10 17 1 1
10 13 1 1
11 15 1 1
11 19 1 1
22 20 2 2
22 21 2 2
23 21 2 2
23 20 2 2
24 22 2 2
24 20 2 2
25 22 2 2
25 20 2 2
26 22 2 2
26 25 2 2
27 22 2 2
27 20 2 2
28 23 2 2
28 20 2 2
29 28 2 2
29 23 2 2
20 29 2 2
20 26 2 2
21 27 2 2
21 25 2 2
32 31 3 3
32 30 3 3
33 32 3 3
33 30 3 3
34 32 3 3
34 30 3 3
35 32 3 3
35 31 3 3
36 33 3 3
36 35 3 3
37 30 3 3
37 35 3 3
38 37 3 3
38 31 3 3
39 37 3 3
39 35 3 3
30 38 3 3
30 36 3 3
31 37 3 3
31 36 3 3
42 41 4 4
42 40 4 4
43 40 4 4
43 41 4 4
44 43 4 4
44 41 4 4
45 40 4 4
45 42 4 4
46 45 4 4
46 44 4 4
47 41 4 4
47 46 4 4
48 40 4 4
48 43 4 4
49 46 4 4
49 47 4 4
40 44 4 4
40 46 4 4
41 45 4 4
41 49 4 4
52 50 5 5
52 51 5 5
53 52 5 5
53 51 5 5
54 52 5 5
54 50 5 5
55 50 5 5
55 53 5 5
56 55 5 5
56 50 5 5
57 53 5 5
57 55 5 5
58 50 5 5
58 55 5 5
59 56 5 5
59 57 5 5
50 59 5 5
50 53 5 5
51 55 5 5
51 56 5 5
62 61 6 6
62 60 6 6
63 60 6 6
63 62 6 6
64 60 6 6
64 63 6 6
65 63 6 6
65 60 6 6
66 61 6 6
66 62 6 6
67 66 6 6
67 63 6 6
68 62 6 6
68 63 6 6
69 62 6 6
69 65 6 6
60 67 6 6
60 69 6 6
61 63 6 6
61 68 6 6
72 71 7 7
72 70 7 7
73 71 7 7
73 72 7 7
74 70 7 7
74 73 7 7
75 71 7 7
75 72 7 7
76 75 7 7
76 74 7 7
77 74 7 7
77 71 7 7
78 77 7 7
78 70 7 7
79 75 7 7
79 77 7 7
70 75 7 7
70 79 7 7
71 74 7 7
71 76 7 7
27 7 2 0
22 19 2 1
34 25 3 2
38 10 3 1
47 39 4 3
48 24 4 2
57 31 5 3
58 28 5 2
67 41 6 4
61 17 6 1
71 22 7 2
73 18 7 1
1 30 0 3
4 70 0 7
10 51 1 5
12 46 1 4
