swNum = 80
edgeNum = 176

0 0
1 0
2 0
3 0
4 0
5 0
6 0
7 0
8 0
9 0
10 1
11 1
12 1
13 1
14 1
15 1
16 1
17 1
18 1
19 1
20 2
21 2
22 2
23 2
24 2
25 2
26 2
27 2
28 2
29 2
30 3
31 3
32 3
33 3
34 3
35 3
36 3
37 3
38 3
39 3
40 4
41 4
42 4
43 4
44 4
45 4
46 4
47 4
48 4
49 4
50 5
51 5
52 5
53 5
54 5
55 5
56 5
57 5
58 5
59 5
60 6
61 6
62 6
63 6
64 6
65 6
66 6
67 6
68 6
69 6
70 7
71 7
72 7
73 7
74 7
75 7
76 7
77 7
78 7
79 7

2 1 0 0
2 0 0 0
3 2 0 0
3 1 0 0
4 1 0 0
4 0 0 0
5 4 0 0
5 0 0 0
6 4 0 0
6 3 0 0
7 2 0 0
7 1 0 0
8 2 0 0
8 7 0 0
9 3 0 0
9 2 0 0
0 7 0 0
0 3 0 0
1 9 0 0
1 8 0 0
12 10 1 1
12 11 1 1
13 10 1 1
13 11 1 1
14 12 1 1
14 11 1 1
15 14 1 1
15 10 1 1
16 14 1 1
16 11 1 1
17 10 1 1
17 16 1 1
18 11 1 1
18 14 1 1
19 12 1 1
19 13 1 1
10 19 1 1
10 18 1 1
11 19 1 1
11 17 1 1
22 20 2 2
22 21 2 2
23 21 2 2
23 22 2 2
24 21 2 2
24 22 2 2
25 21 2 2
25 22 2 2
26 21 2 2
26 24 2 2
27 21 2 2
27 25 2 2
28 22 2 2
28 24 2 2
29 24 2 2
29 27 2 2
20 26 2 2
20 23 2 2
21 29 2 2
21 28 2 2
32 31 3 3
32 30 3 3
33 30 3 3
33 31 3 3
34 33 3 3
34 30 3 3
35 34 3 3
35 32 3 3
36 32 3 3
36 33 3 3
37 31 3 3
37 33 3 3
38 35 3 3
38 36 3 3
39 35 3 3
39 32 3 3
30 38 3 3
30 36 3 3
31 36 3 3
31 34 3 3
42 41 4 4
42 40 4 4
43 42 4 4
43 40 4 4
44 41 4 4
44 43 4 4
45 41 4 4
45 40 4 4
46 43 4 4
46 45 4 4
47 45 4 4
47 43 4 4
48 43 4 4
48 42 4 4
49 46 4 4
49 48 4 4
40 49 4 4
40 48 4 4
41 48 4 4
41 47 4 4
52 50 5 5
52 51 5 5
53 51 5 5
53 50 5 5
54 51 5 5
54 52 5 5
55 52 5 5
55 51 5 5
56 51 5 5
56 55 5 5
57 56 5 5
57 55 5 5
58 53 5 5
58 50 5 5
59 55 5 5
59 51 5 5
50 56 5 5
50 57 5 5
51 58 5 5
51 57 5 5
62 60 6 6
62 61 6 6
63 61 6 6
63 60 6 6
64 63 6 6
64 60 6 6
65 63 6 6
65 60 6 6
66 65 6 6
66 62 6 6
67 61 6 6
67 60 6 6
68 66 6 6
68 62 6 6
69 60 6 6
69 62 6 6
60 66 6 6
60 68 6 6
61 64 6 6
61 66 6 6
72 70 7 7
72 71 7 7
73 70 7 7
73 72 7 7
74 71 7 7
74 70 7 7
75 73 7 7
75 74 7 7
76 74 7 7
76 73 7 7
77 76 7 7
77 72 7 7
78 76 7 7
78 74 7 7
79 77 7 7
79 78 7 7
70 79 7 7
70 76 7 7
71 79 7 7
71 76 7 7
29 10 2 1
28 0 2 0
33 2 3 0
36 21 3 2
48 27 4 2
45 17 4 1
53 6 5 0
53 32 5 3
65 20 6 2
64 42 6 4
74 54 7 5
73 25 7 2
2 71 0 7
1 67 0 6
10 35 1 3
10 53 1 5
