swNum = 80
edgeNum = 176

0 0
1 0
2 0
3 0
4 0
5 0
6 0
7 0
8 0
9 0
10 1
11 1
12 1
13 1
14 1
15 1
16 1
17 1
18 1
19 1
20 2
21 2
22 2
23 2
24 2
25 2
26 2
27 2
28 2
29 2
30 3
31 3
32 3
33 3
34 3
35 3
36 3
37 3
38 3
39 3
40 4
41 4
42 4
43 4
44 4
45 4
46 4
47 4
48 4
49 4
50 5
51 5
52 5
53 5
54 5
55 5
56 5
57 5
58 5
59 5
60 6
61 6
62 6
63 6
64 6
65 6
66 6
67 6
68 6
69 6
70 7
71 7
72 7
73 7
74 7
75 7
76 7
77 7
78 7
79 7

2 0 0 0
2 1 0 0
3 2 0 0
3 0 0 0
4 1 0 0
4 3 0 0
5 0 0 0
5 3 0 0
6 3 0 0
6 2 0 0
7 5 0 0
7 3 0 0
8 4 0 0
8 1 0 0
9 0 0 0
9 8 0 0
0 6 0 0
0 7 0 0
1 9 0 0
1 6 0 0
12 10 1 1
12 11 1 1
13 12 1 1
13 11 1 1
14 13 1 1
14 10 1 1
15 10 1 1
15 13 1 1
16 15 1 1
16 13 1 1
17 13 1 1
17 14 1 1
18 11 1 1
18 15 1 1
19 16 1 1
19 11 1 1
10 13 1 1
10 19 1 1
11 15 1 1
11 17 1 1
22 20 2 2
22 21 2 2
23 22 2 2
23 21 2 2
24 23 2 2
24 22 2 2
25 22 2 2
25 23 2 2
26 21 2 2
26 25 2 2
27 24 2 2
27 20 2 2
28 26 2 2
28 25 2 2
29 20 2 2
29 25 2 2
20 24 2 2
20 25 2 2
21 27 2 2
21 25 2 2
32 30 3 3
32 31 3 3
33 31 3 3
33 30 3 3
34 30 3 3
34 31 3 3
35 33 3 3
35 30 3 3
36 31 3 3
36 33 3 3
37 31 3 3
37 30 3 3
38 32 3 3
38 37 3 3
39 30 3 3
39 32 3 3
30 38 3 3
30 36 3 3
31 39 3 3
31 35 3 3
42 41 4 4
42 40 4 4
43 40 4 4
43 42 4 4
44 43 4 4
44 41 4 4
45 42 4 4
45 43 4 4
46 42 4 4
46 41 4 4
47 41 4 4
47 46 4 4
48 45 4 4
48 41 4 4
49 47 4 4
49 48 4 4
40 46 4 4
40 45 4 4
41 49 4 4
41 45 4 4
52 50 5 5
52 51 5 5
53 52 5 5
53 50 5 5
54 53 5 5
54 50 5 5
55 51 5 5
55 54 5 5
56 53 5 5
56 50 5 5
57 51 5 5
57 55 5 5
58 53 5 5
58 55 5 5
59 51 5 5
59 58 5 5
50 59 5 5
50 58 5 5
51 58 5 5
51 54 5 5
62 61 6 6
62 60 6 6
63 61 6 6
63 62 6 6
64 63 6 6
64 61 6 6
65 61 6 6
65 64 6 6
66 63 6 6
66 60 6 6
67 60 6 6
67 64 6 6
68 62 6 6
68 64 6 6
69 66 6 6
69 67 6 6
60 69 6 6
60 68 6 6
61 69 6 6
61 68 6 6
72 71 7 7
72 70 7 7
73 71 7 7
73 72 7 7
74 70 7 7
74 72 7 7
75 74 7 7
75 71 7 7
76 71 7 7
76 72 7 7
77 74 7 7
77 71 7 7
78 71 7 7
78 72 7 7
79 75 7 7
79 74 7 7
70 77 7 7
70 76 7 7
71 74 7 7
71 79 7 7
25 15 2 1
27 2 2 0
33 22 3 2
38 2 3 0
46 31 4 3
49 28 4 2
55 27 5 2
59 11 5 1
64 37 6 3
68 40 6 4
78 53 7 5
79 24 7 2
9 61 0 6
9 44 0 4
10 37 1 3
17 61 1 6
