swNum = 80
edgeNum = 176

0 0
1 0
2 0
3 0
4 0
5 0
6 0
7 0
8 0
9 0
10 1
11 1
12 1
13 1
14 1
15 1
16 1
17 1
18 1
19 1
20 2
21 2
22 2
23 2
24 2
25 2
26 2
27 2
28 2
29 2
30 3
31 3
32 3
33 3
34 3
35 3
36 3
37 3
38 3
39 3
40 4
41 4
42 4
43 4
44 4
45 4
46 4
47 4
48 4
49 4
50 5
51 5
52 5
53 5
54 5
55 5
56 5
57 5
58 5
59 5
60 6
61 6
62 6
63 6
64 6
65 6
66 6
67 6
68 6
69 6
70 7
71 7
72 7
73 7
74 7
75 7
76 7
77 7
78 7
79 7

2 1 0 0
2 0 0 0
3 0 0 0
3 1 0 0
4 0 0 0
4 3 0 0
5 3 0 0
5 0 0 0
6 2 0 0
6 0 0 0
7 5 0 0
7 6 0 0
8 7 0 0
8 6 0 0
9 4 0 0
9 5 0 0
0 9 0 0
0 7 0 0
1 6 0 0
1 4 0 0
12 11 1 1
12 10 1 1
13 12 1 1
13 11 1 1
14 10 1 1
14 12 1 1
15 11 1 1
15 14 1 1
16 11 1 1
16 13 1 1
17 13 1 1
17 14 1 1
18 12 1 1
18 15 1 1
19 13 1 1
19 11 1 1
10 15 1 1
10 17 1 1
11 17 1 1
11 18 1 1
22 21 2 2
22 20 2 2
23 22 2 2
23 21 2 2
24 20 2 2
24 21 2 2
25 24 2 2
25 23 2 2
26 25 2 2
26 24 2 2
27 25 2 2
27 26 2 2
28 23 2 2
28 26 2 2
29 26 2 2
29 25 2 2
20 25 2 2
20 23 2 2
21 26 2 2
21 25 2 2
32 31 3 3
32 30 3 3
33 30 3 3
33 32 3 3
34 33 3 3
34 31 3 3
35 31 3 3
35 33 3 3
36 33 3 3
36 30 3 3
37 36 3 3
37 30 3 3
38 31 3 3
38 33 3 3
39 30 3 3
39 33 3 3
30 34 3 3
30 38 3 3
31 33 3 3
31 37 3 3
42 41 4 4
42 40 4 4
43 42 4 4
43 40 4 4
44 42 4 4
44 40 4 4
45 42 4 4
45 40 4 4
46 41 4 4
46 45 4 4
47 45 4 4
47 44 4 4
48 45 4 4
48 43 4 4
49 42 4 4
49 45 4 4
40 46 4 4
40 47 4 4
41 48 4 4
41 45 4 4
52 51 5 5
52 50 5 5
53 52 5 5
53 51 5 5
54 53 5 5
54 51 5 5
55 53 5 5
55 54 5 5
56 55 5 5
56 54 5 5
57 51 5 5
57 54 5 5
58 51 5 5
58 50 5 5
59 56 5 5
59 54 5 5
50 57 5 5
50 56 5 5
51 56 5 5
51 55 5 5
62 61 6 6
62 60 6 6
63 62 6 6
63 61 6 6
64 61 6 6
64 62 6 6
65 63 6 6
65 62 6 6
66 60 6 6
66 63 6 6
67 63 6 6
67 65 6 6
68 63 6 6
68 66 6 6
69 62 6 6
69 64 6 6
60 68 6 6
60 67 6 6
61 69 6 6
61 67 6 6
72 71 7 7
72 70 7 7
73 70 7 7
73 71 7 7
74 70 7 7
74 73 7 7
75 72 7 7
75 74 7 7
76 70 7 7
76 75 7 7
77 76 7 7
77 75 7 7
78 70 7 7
78 73 7 7
79 73 7 7
79 76 7 7
70 79 7 7
70 75 7 7
71 79 7 7
71 76 7 7
27 17 2 1
23 6 2 0
33 8 3 0
36 20 3 2
40 9 4 0
49 10 4 1
59 7 5 0
59 21 5 2
65 32 6 3
64 18 6 1
77 38 7 3
73 14 7 1
0 74 0 7
3 65 0 6
19 37 1 3
17 59 1 5
