swNum = 80
edgeNum = 175

0 0
1 0
2 0
3 0
4 0
5 0
6 0
7 0
8 0
9 0
10 1
11 1
12 1
13 1
14 1
15 1
16 1
17 1
18 1
19 1
20 2
21 2
22 2
23 2
24 2
25 2
26 2
27 2
28 2
29 2
30 3
31 3
32 3
33 3
34 3
35 3
36 3
37 3
38 3
39 3
40 4
41 4
42 4
43 4
44 4
45 4
46 4
47 4
48 4
49 4
50 5
51 5
52 5
53 5
54 5
55 5
56 5
57 5
58 5
59 5
60 6
61 6
62 6
63 6
64 6
65 6
66 6
67 6
68 6
69 6
70 7
71 7
72 7
73 7
74 7
75 7
76 7
77 7
78 7
79 7

2 0 0 0
2 1 0 0
3 2 0 0
3 0 0 0
4 1 0 0
4 2 0 0
5 3 0 0
5 2 0 0
6 1 0 0
6 4 0 0
7 2 0 0
7 1 0 0
8 7 0 0
8 4 0 0
9 4 0 0
9 8 0 0
0 5 0 0
0 6 0 0
1 8 0 0
1 5 0 0
12 10 1 1
12 11 1 1
13 12 1 1
13 10 1 1
14 12 1 1
14 11 1 1
15 11 1 1
15 12 1 1
16 11 1 1
16 12 1 1
17 10 1 1
17 12 1 1
18 10 1 1
18 11 1 1
19 14 1 1
19 11 1 1
10 19 1 1
10 15 1 1
11 13 1 1
11 17 1 1
22 21 2 2
22 20 2 2
23 22 2 2
23 21 2 2
24 21 2 2
24 23 2 2
25 21 2 2
25 23 2 2
26 21 2 2
26 20 2 2
27 20 2 2
27 26 2 2
28 26 2 2
28 20 2 2
29 21 2 2
29 22 2 2
20 25 2 2
20 29 2 2
21 27 2 2
21 28 2 2
32 30 3 3
32 31 3 3
33 30 3 3
33 31 3 3
34 32 3 3
34 30 3 3
35 31 3 3
35 33 3 3
36 35 3 3
36 31 3 3
37 33 3 3
37 35 3 3
38 33 3 3
38 30 3 3
39 33 3 3
39 38 3 3
30 36 3 3
30 35 3 3
31 37 3 3
31 39 3 3
42 41 4 4
42 40 4 4
43 42 4 4
43 40 4 4
44 40 4 4
44 41 4 4
45 44 4 4
45 42 4 4
46 44 4 4
46 41 4 4
47 40 4 4
47 46 4 4
48 41 4 4
48 40 4 4
49 40 4 4
49 45 4 4
40 46 4 4
40 45 4 4
41 47 4 4
41 43 4 4
52 51 5 5
52 50 5 5
53 51 5 5
53 52 5 5
54 51 5 5
54 53 5 5
55 54 5 5
55 51 5 5
56 55 5 5
56 52 5 5
57 50 5 5
57 53 5 5
58 57 5 5
58 56 5 5
59 53 5 5
59 51 5 5
50 54 5 5
50 53 5 5
51 57 5 5
51 58 5 5
62 61 6 6
62 60 6 6
63 61 6 6
63 62 6 6
64 62 6 6
64 61 6 6
65 60 6 6
65 63 6 6
66 60 6 6
66 65 6 6
67 65 6 6
67 61 6 6
68 63 6 6
68 62 6 6
69 66 6 6
69 65 6 6
60 69 6 6
60 64 6 6
61 65 6 6
61 68 6 6
72 70 7 7
72 71 7 7
73 71 7 7
73 72 7 7
74 71 7 7
74 73 7 7
75 73 7 7
75 72 7 7
76 70 7 7
76 71 7 7
77 70 7 7
77 74 7 7
78 74 7 7
78 72 7 7
79 78 7 7
79 74 7 7
70 73 7 7
70 75 7 7
71 77 7 7
71 78 7 7
28 9 2 0
27 16 2 1
39 10 3 1
36 21 3 2
46 34 4 3
47 19 4 1
59 10 5 1
51 6 5 0
62 18 6 1
61 9 6 0
74 58 7 5
78 4 7 0
7 32 0 3
2 47 0 4
10 74 1 7
