swNum = 80
edgeNum = 176

0 0
1 0
2 0
3 0
4 0
5 0
6 0
7 0
8 0
9 0
10 1
11 1
12 1
13 1
14 1
15 1
16 1
17 1
18 1
19 1
20 2
21 2
22 2
23 2
24 2
25 2
26 2
27 2
28 2
29 2
30 3
31 3
32 3
33 3
34 3
35 3
36 3
37 3
38 3
39 3
40 4
41 4
42 4
43 4
44 4
45 4
46 4
47 4
48 4
49 4
50 5
51 5
52 5
53 5
54 5
55 5
56 5
57 5
58 5
59 5
60 6
61 6
62 6
63 6
64 6
65 6
66 6
67 6
68 6
69 6
70 7
71 7
72 7
73 7
74 7
75 7
76 7
77 7
78 7
79 7

2 0 0 0
2 1 0 0
3 0 0 0
3 1 0 0
4 2 0 0
4 1 0 0
5 2 0 0
5 0 0 0
6 2 0 0
6 0 0 0
7 6 0 0
7 5 0 0
8 7 0 0
8 0 0 0
9 8 0 0
9 5 0 0
0 4 0 0
0 7 0 0
1 5 0 0
1 9 0 0
12 11 1 1
12 10 1 1
13 11 1 1
13 12 1 1
14 11 1 1
14 10 1 1
15 12 1 1
15 10 1 1
16 12 1 1
16 15 1 1
17 12 1 1
17 16 1 1
18 14 1 1
18 11 1 1
19 16 1 1
19 15 1 1
10 19 1 1
10 17 1 1
11 19 1 1
11 17 1 1
22 21 2 2
22 20 2 2
23 22 2 2
23 21 2 2
24 23 2 2
24 22 2 2
25 24 2 2
25 21 2 2
26 24 2 2
26 22 2 2
27 24 2 2
27 25 2 2
28 26 2 2
28 21 2 2
29 25 2 2
29 24 2 2
20 29 2 2
20 27 2 2
21 29 2 2
21 24 2 2
32 30 3 3
32 31 3 3
33 30 3 3
33 32 3 3
34 30 3 3
34 31 3 3
35 30 3 3
35 34 3 3
36 35 3 3
36 33 3 3
37 36 3 3
37 34 3 3
38 34 3 3
38 31 3 3
39 34 3 3
39 35 3 3
30 38 3 3
30 39 3 3
31 39 3 3
31 36 3 3
42 40 4 4
42 41 4 4
43 41 4 4
43 40 4 4
44 40 4 4
44 42 4 4
45 43 4 4
45 44 4 4
46 40 4 4
46 42 4 4
47 40 4 4
47 41 4 4
48 47 4 4
48 40 4 4
49 48 4 4
49 43 4 4
40 49 4 4
40 45 4 4
41 48 4 4
41 45 4 4
52 50 5 5
52 51 5 5
53 51 5 5
53 52 5 5
54 53 5 5
54 51 5 5
55 50 5 5
55 51 5 5
56 53 5 5
56 52 5 5
57 56 5 5
57 50 5 5
58 51 5 5
58 50 5 5
59 53 5 5
59 54 5 5
50 56 5 5
50 53 5 5
51 59 5 5
51 56 5 5
62 60 6 6
62 61 6 6
63 60 6 6
63 62 6 6
64 63 6 6
64 62 6 6
65 64 6 6
65 62 6 6
66 63 6 6
66 62 6 6
67 61 6 6
67 60 6 6
68 62 6 6
68 67 6 6
69 67 6 6
69 64 6 6
60 65 6 6
60 68 6 6
61 68 6 6
61 69 6 6
72 70 7 7
72 71 7 7
73 70 7 7
73 72 7 7
74 71 7 7
74 72 7 7
75 71 7 7
75 73 7 7
76 73 7 7
76 71 7 7
77 72 7 7
77 74 7 7
78 73 7 7
78 71 7 7
79 76 7 7
79 73 7 7
70 75 7 7
70 77 7 7
71 77 7 7
71 73 7 7
20 7 2 0
20 14 2 1
39 12 3 1
37 9 3 0
48 3 4 0
42 29 4 2
55 26 5 2
50 7 5 0
67 38 6 3
66 22 6 2
76 65 7 6
72 18 7 1
8 68 0 6
9 74 0 7
11 63 1 6
17 51 1 5
