swNum = 80
edgeNum = 176

0 0
1 0
2 0
3 0
4 0
5 0
6 0
7 0
8 0
9 0
10 1
11 1
12 1
13 1
14 1
15 1
16 1
17 1
18 1
19 1
20 2
21 2
22 2
23 2
24 2
25 2
26 2
27 2
28 2
29 2
30 3
31 3
32 3
33 3
34 3
35 3
36 3
37 3
38 3
39 3
40 4
41 4
42 4
43 4
44 4
45 4
46 4
47 4
48 4
49 4
50 5
51 5
52 5
53 5
54 5
55 5
56 5
57 5
58 5
59 5
60 6
61 6
62 6
63 6
64 6
65 6
66 6
67 6
68 6
69 6
70 7
71 7
72 7
73 7
74 7
75 7
76 7
77 7
78 7
79 7

2 1 0 0
2 0 0 0
3 1 0 0
3 2 0 0
4 0 0 0
4 3 0 0
5 1 0 0
5 3 0 0
6 4 0 0
6 1 0 0
7 4 0 0
7 3 0 0
8 5 0 0
8 4 0 0
9 3 0 0
9 8 0 0
0 8 0 0
0 5 0 0
1 7 0 0
1 4 0 0
12 11 1 1
12 10 1 1
13 11 1 1
13 10 1 1
14 10 1 1
14 13 1 1
15 13 1 1
15 14 1 1
16 15 1 1
16 13 1 1
17 11 1 1
17 10 1 1
18 10 1 1
18 11 1 1
19 16 1 1
19 15 1 1
10 15 1 1
10 19 1 1
11 14 1 1
11 16 1 1
22 20 2 2
22 21 2 2
23 20 2 2
23 21 2 2
24 22 2 2
24 21 2 2
25 24 2 2
25 22 2 2
26 23 2 2
26 25 2 2
27 20 2 2
27 21 2 2
28 26 2 2
28 25 2 2
29 23 2 2
29 25 2 2
20 26 2 2
20 29 2 2
21 28 2 2
21 29 2 2
32 30 3 3
32 31 3 3
33 32 3 3
33 30 3 3
34 30 3 3
34 31 3 3
35 33 3 3
35 34 3 3
36 33 3 3
36 35 3 3
37 31 3 3
37 32 3 3
38 31 3 3
38 33 3 3
39 31 3 3
39 33 3 3
30 38 3 3
30 39 3 3
31 33 3 3
31 35 3 3
42 41 4 4
42 40 4 4
43 41 4 4
43 42 4 4
44 41 4 4
44 42 4 4
45 41 4 4
45 43 4 4
46 44 4 4
46 42 4 4
47 42 4 4
47 45 4 4
48 45 4 4
48 42 4 4
49 47 4 4
49 41 4 4
40 45 4 4
40 49 4 4
41 46 4 4
41 47 4 4
52 51 5 5
52 50 5 5
53 51 5 5
53 50 5 5
54 50 5 5
54 51 5 5
55 54 5 5
55 51 5 5
56 54 5 5
56 51 5 5
57 52 5 5
57 53 5 5
58 53 5 5
58 50 5 5
59 53 5 5
59 56 5 5
50 56 5 5
50 57 5 5
51 58 5 5
51 57 5 5
62 60 6 6
62 61 6 6
63 60 6 6
63 61 6 6
64 60 6 6
64 62 6 6
65 64 6 6
65 60 6 6
66 64 6 6
66 63 6 6
67 63 6 6
67 65 6 6
68 66 6 6
68 62 6 6
69 64 6 6
69 68 6 6
60 68 6 6
60 67 6 6
61 66 6 6
61 69 6 6
72 70 7 7
72 71 7 7
73 72 7 7
73 70 7 7
74 73 7 7
74 71 7 7
75 73 7 7
75 71 7 7
76 73 7 7
76 70 7 7
77 73 7 7
77 75 7 7
78 74 7 7
78 71 7 7
79 71 7 7
79 76 7 7
70 74 7 7
70 77 7 7
71 73 7 7
71 77 7 7
22 7 2 0
25 19 2 1
33 11 3 1
30 28 3 2
44 13 4 1
48 37 4 3
59 12 5 1
55 46 5 4
64 35 6 3
67 41 6 4
73 6 7 0
75 46 7 4
7 58 0 5
1 30 0 3
16 76 1 7
12 68 1 6
