swNum = 80
edgeNum = 176

0 0
1 0
2 0
3 0
4 0
5 0
6 0
7 0
8 0
9 0
10 1
11 1
12 1
13 1
14 1
15 1
16 1
17 1
18 1
19 1
20 2
21 2
22 2
23 2
24 2
25 2
26 2
27 2
28 2
29 2
30 3
31 3
32 3
33 3
34 3
35 3
36 3
37 3
38 3
39 3
40 4
41 4
42 4
43 4
44 4
45 4
46 4
47 4
48 4
49 4
50 5
51 5
52 5
53 5
54 5
55 5
56 5
57 5
58 5
59 5
60 6
61 6
62 6
63 6
64 6
65 6
66 6
67 6
68 6
69 6
70 7
71 7
72 7
73 7
74 7
75 7
76 7
77 7
78 7
79 7

2 1 0 0
2 0 0 0
3 1 0 0
3 0 0 0
4 3 0 0
4 2 0 0
5 1 0 0
5 3 0 0
6 0 0 0
6 1 0 0
7 3 0 0
7 2 0 0
8 4 0 0
8 3 0 0
9 3 0 0
9 6 0 0
0 7 0 0
0 5 0 0
1 8 0 0
1 7 0 0
12 11 1 1
12 10 1 1
13 11 1 1
13 10 1 1
14 12 1 1
14 10 1 1
15 13 1 1
15 11 1 1
16 12 1 1
16 10 1 1
17 11 1 1
17 10 1 1
18 13 1 1
18 12 1 1
19 12 1 1
19 14 1 1
10 18 1 1
10 15 1 1
11 18 1 1
11 14 1 1
22 20 2 2
22 21 2 2
23 21 2 2
23 20 2 2
24 22 2 2
24 21 2 2
25 22 2 2
25 24 2 2
26 24 2 2
26 22 2 2
27 25 2 2
27 26 2 2
28 25 2 2
28 27 2 2
29 21 2 2
29 23 2 2
20 29 2 2
20 25 2 2
21 26 2 2
21 25 2 2
32 30 3 3
32 31 3 3
33 31 3 3
33 30 3 3
34 32 3 3
34 33 3 3
35 31 3 3
35 30 3 3
36 32 3 3
36 33 3 3
37 35 3 3
37 34 3 3
38 32 3 3
38 33 3 3
39 31 3 3
39 36 3 3
30 36 3 3
30 37 3 3
31 34 3 3
31 37 3 3
42 40 4 4
42 41 4 4
43 42 4 4
43 40 4 4
44 41 4 4
44 42 4 4
45 40 4 4
45 42 4 4
46 42 4 4
46 43 4 4
47 44 4 4
47 46 4 4
48 42 4 4
48 47 4 4
49 40 4 4
49 42 4 4
40 48 4 4
40 46 4 4
41 48 4 4
41 49 4 4
52 50 5 5
52 51 5 5
53 51 5 5
53 50 5 5
54 52 5 5
54 53 5 5
55 51 5 5
55 52 5 5
56 53 5 5
56 54 5 5
57 53 5 5
57 55 5 5
58 56 5 5
58 54 5 5
59 54 5 5
59 50 5 5
50 57 5 5
50 55 5 5
51 59 5 5
51 58 5 5
62 60 6 6
62 61 6 6
63 62 6 6
63 60 6 6
64 62 6 6
64 63 6 6
65 63 6 6
65 61 6 6
66 65 6 6
66 62 6 6
67 64 6 6
67 65 6 6
68 62 6 6
68 67 6 6
69 62 6 6
69 66 6 6
60 64 6 6
60 67 6 6
61 69 6 6
61 66 6 6
72 70 7 7
72 71 7 7
73 71 7 7
73 72 7 7
74 73 7 7
74 71 7 7
75 73 7 7
75 71 7 7
76 75 7 7
76 73 7 7
77 72 7 7
77 76 7 7
78 77 7 7
78 71 7 7
79 74 7 7
79 71 7 7
70 77 7 7
70 78 7 7
71 77 7 7
71 76 7 7
25 18 2 1
29 3 2 0
33 23 3 2
31 4 3 0
46 31 4 3
48 8 4 0
50 39 5 3
55 40 5 4
60 22 6 2
64 33 6 3
78 6 7 0
73 69 7 6
4 64 0 6
6 51 0 5
13 70 1 7
11 56 1 5
