swNum = 80
edgeNum = 176

0 0
1 0
2 0
3 0
4 0
5 0
6 0
7 0
8 0
9 0
10 1
11 1
12 1
13 1
14 1
15 1
16 1
17 1
18 1
19 1
20 2
21 2
22 2
23 2
24 2
25 2
26 2
27 2
28 2
29 2
30 3
31 3
32 3
33 3
34 3
35 3
36 3
37 3
38 3
39 3
40 4
41 4
42 4
43 4
44 4
45 4
46 4
47 4
48 4
49 4
50 5
51 5
52 5
53 5
54 5
55 5
56 5
57 5
58 5
59 5
60 6
61 6
62 6
63 6
64 6
65 6
66 6
67 6
68 6
69 6
70 7
71 7
72 7
73 7
74 7
75 7
76 7
77 7
78 7
79 7

2 0 0 0
2 1 0 0
3 0 0 0
3 2 0 0
4 1 0 0
4 3 0 0
5 3 0 0
5 2 0 0
6 3 0 0
6 2 0 0
7 6 0 0
7 5 0 0
8 5 0 0
8 1 0 0
9 4 0 0
9 7 0 0
0 5 0 0
0 8 0 0
1 6 0 0
1 5 0 0
12 10 1 1
12 11 1 1
13 11 1 1
13 10 1 1
14 12 1 1
14 13 1 1
15 14 1 1
15 13 1 1
16 10 1 1
16 12 1 1
17 13 1 1
17 16 1 1
18 13 1 1
18 16 1 1
19 16 1 1
19 13 1 1
10 18 1 1
10 19 1 1
11 19 1 1
11 17 1 1
22 21 2 2
22 20 2 2
23 21 2 2
23 22 2 2
24 21 2 2
24 23 2 2
25 22 2 2
25 24 2 2
26 24 2 2
26 20 2 2
27 25 2 2
27 20 2 2
28 20 2 2
28 24 2 2
29 24 2 2
29 21 2 2
20 29 2 2
20 25 2 2
21 28 2 2
21 25 2 2
32 31 3 3
32 30 3 3
33 32 3 3
33 31 3 3
34 30 3 3
34 32 3 3
35 33 3 3
35 31 3 3
36 33 3 3
36 35 3 3
37 35 3 3
37 31 3 3
38 35 3 3
38 36 3 3
39 35 3 3
39 32 3 3
30 39 3 3
30 35 3 3
31 36 3 3
31 34 3 3
42 41 4 4
42 40 4 4
43 41 4 4
43 42 4 4
44 42 4 4
44 41 4 4
45 44 4 4
45 42 4 4
46 43 4 4
46 42 4 4
47 46 4 4
47 42 4 4
48 40 4 4
48 47 4 4
49 41 4 4
49 44 4 4
40 44 4 4
40 47 4 4
41 46 4 4
41 47 4 4
52 51 5 5
52 50 5 5
53 52 5 5
53 51 5 5
54 51 5 5
54 50 5 5
55 52 5 5
55 50 5 5
56 51 5 5
56 52 5 5
57 52 5 5
57 55 5 5
58 57 5 5
58 55 5 5
59 57 5 5
59 52 5 5
50 56 5 5
50 59 5 5
51 58 5 5
51 59 5 5
62 60 6 6
62 61 6 6
63 62 6 6
63 61 6 6
64 62 6 6
64 60 6 6
65 62 6 6
65 61 6 6
66 65 6 6
66 62 6 6
67 63 6 6
67 64 6 6
68 64 6 6
68 62 6 6
69 60 6 6
69 63 6 6
60 65 6 6
60 68 6 6
61 66 6 6
61 64 6 6
72 71 7 7
72 70 7 7
73 70 7 7
73 72 7 7
74 73 7 7
74 70 7 7
75 71 7 7
75 70 7 7
76 73 7 7
76 71 7 7
77 76 7 7
77 70 7 7
78 77 7 7
78 71 7 7
79 74 7 7
79 71 7 7
70 78 7 7
70 79 7 7
71 77 7 7
71 74 7 7
25 5 2 0
27 13 2 1
38 19 3 1
39 9 3 0
41 12 4 1
49 2 4 0
59 32 5 3
56 27 5 2
61 22 6 2
67 56 6 5
71 39 7 3
76 3 7 0
2 66 0 6
4 52 0 5
16 59 1 5
19 62 1 6
