swNum = 80
edgeNum = 176

0 0
1 0
2 0
3 0
4 0
5 0
6 0
7 0
8 0
9 0
10 1
11 1
12 1
13 1
14 1
15 1
16 1
17 1
18 1
19 1
20 2
21 2
22 2
23 2
24 2
25 2
26 2
27 2
28 2
29 2
30 3
31 3
32 3
33 3
34 3
35 3
36 3
37 3
38 3
39 3
40 4
41 4
42 4
43 4
44 4
45 4
46 4
47 4
48 4
49 4
50 5
51 5
52 5
53 5
54 5
55 5
56 5
57 5
58 5
59 5
60 6
61 6
62 6
63 6
64 6
65 6
66 6
67 6
68 6
69 6
70 7
71 7
72 7
73 7
74 7
75 7
76 7
77 7
78 7
79 7

2 0 0 0
2 1 0 0
3 1 0 0
3 2 0 0
4 3 0 0
4 0 0 0
5 2 0 0
5 1 0 0
6 5 0 0
6 4 0 0
7 2 0 0
7 6 0 0
8 3 0 0
8 4 0 0
9 4 0 0
9 3 0 0
0 8 0 0
0 6 0 0
1 7 0 0
1 6 0 0
12 10 1 1
12 11 1 1
13 12 1 1
13 10 1 1
14 13 1 1
14 10 1 1
15 11 1 1
15 10 1 1
16 10 1 1
16 12 1 1
17 14 1 1
17 13 1 1
18 15 1 1
18 17 1 1
19 17 1 1
19 18 1 1
10 17 1 1
10 18 1 1
11 13 1 1
11 18 1 1
22 21 2 2
22 20 2 2
23 22 2 2
23 21 2 2
24 23 2 2
24 21 2 2
25 20 2 2
25 24 2 2
26 24 2 2
26 21 2 2
27 20 2 2
27 25 2 2
28 27 2 2
28 26 2 2
29 22 2 2
29 23 2 2
20 28 2 2
20 26 2 2
21 28 2 2
21 25 2 2
32 30 3 3
32 31 3 3
33 31 3 3
33 30 3 3
34 32 3 3
34 31 3 3
35 32 3 3
35 31 3 3
36 35 3 3
36 30 3 3
37 36 3 3
37 30 3 3
38 32 3 3
38 35 3 3
39 37 3 3
39 33 3 3
30 35 3 3
30 38 3 3
31 37 3 3
31 39 3 3
42 40 4 4
42 41 4 4
43 41 4 4
43 40 4 4
44 43 4 4
44 41 4 4
45 42 4 4
45 44 4 4
46 45 4 4
46 41 4 4
47 43 4 4
47 42 4 4
48 41 4 4
48 46 4 4
49 45 4 4
49 42 4 4
40 45 4 4
40 47 4 4
41 47 4 4
41 45 4 4
52 50 5 5
52 51 5 5
53 51 5 5
53 52 5 5
54 52 5 5
54 53 5 5
55 52 5 5
55 54 5 5
56 52 5 5
56 53 5 5
57 53 5 5
57 56 5 5
58 54 5 5
58 55 5 5
59 58 5 5
59 57 5 5
50 58 5 5
50 53 5 5
51 58 5 5
51 59 5 5
62 60 6 6
62 61 6 6
63 60 6 6
63 61 6 6
64 62 6 6
64 63 6 6
65 63 6 6
65 64 6 6
66 62 6 6
66 65 6 6
67 61 6 6
67 60 6 6
68 61 6 6
68 64 6 6
69 61 6 6
69 63 6 6
60 69 6 6
60 66 6 6
61 65 6 6
61 66 6 6
72 71 7 7
72 70 7 7
73 72 7 7
73 71 7 7
74 70 7 7
74 71 7 7
75 72 7 7
75 74 7 7
76 74 7 7
76 72 7 7
77 76 7 7
77 74 7 7
78 71 7 7
78 76 7 7
79 78 7 7
79 74 7 7
70 78 7 7
70 75 7 7
71 77 7 7
71 79 7 7
28 18 2 1
20 3 2 0
33 24 3 2
39 12 3 1
46 27 4 2
45 12 4 1
58 4 5 0
54 38 5 3
62 7 6 0
66 34 6 3
78 25 7 2
73 58 7 5
7 38 0 3
1 48 0 4
19 54 1 5
16 63 1 6
