swNum = 80
edgeNum = 175

0 0
1 0
2 0
3 0
4 0
5 0
6 0
7 0
8 0
9 0
10 1
11 1
12 1
13 1
14 1
15 1
16 1
17 1
18 1
19 1
20 2
21 2
22 2
23 2
24 2
25 2
26 2
27 2
28 2
29 2
30 3
31 3
32 3
33 3
34 3
35 3
36 3
37 3
38 3
39 3
40 4
41 4
42 4
43 4
44 4
45 4
46 4
47 4
48 4
49 4
50 5
51 5
52 5
53 5
54 5
55 5
56 5
57 5
58 5
59 5
60 6
61 6
62 6
63 6
64 6
65 6
66 6
67 6
68 6
69 6
70 7
71 7
72 7
73 7
74 7
75 7
76 7
77 7
78 7
79 7

2 1 0 0
2 0 0 0
3 2 0 0
3 1 0 0
4 2 0 0
4 3 0 0
5 2 0 0
5 3 0 0
6 1 0 0
6 5 0 0
7 1 0 0
7 0 0 0
8 5 0 0
8 4 0 0
9 5 0 0
9 7 0 0
0 6 0 0
0 5 0 0
1 4 0 0
1 5 0 0
12 10 1 1
12 11 1 1
13 11 1 1
13 12 1 1
14 12 1 1
14 10 1 1
15 13 1 1
15 12 1 1
16 14 1 1
16 15 1 1
17 12 1 1
17 11 1 1
18 11 1 1
18 15 1 1
19 10 1 1
19 18 1 1
10 17 1 1
10 16 1 1
11 19 1 1
11 15 1 1
22 21 2 2
22 20 2 2
23 22 2 2
23 20 2 2
24 23 2 2
24 22 2 2
25 22 2 2
25 24 2 2
26 23 2 2
26 21 2 2
27 22 2 2
27 25 2 2
28 20 2 2
28 24 2 2
29 22 2 2
29 26 2 2
20 26 2 2
20 27 2 2
21 23 2 2
21 27 2 2
32 31 3 3
32 30 3 3
33 30 3 3
33 31 3 3
34 31 3 3
34 32 3 3
35 32 3 3
35 30 3 3
36 34 3 3
36 35 3 3
37 35 3 3
37 30 3 3
38 33 3 3
38 35 3 3
39 35 3 3
39 37 3 3
30 39 3 3
30 38 3 3
31 38 3 3
31 35 3 3
42 40 4 4
42 41 4 4
43 42 4 4
43 40 4 4
44 40 4 4
44 43 4 4
45 41 4 4
45 43 4 4
46 41 4 4
46 42 4 4
47 45 4 4
47 42 4 4
48 41 4 4
48 47 4 4
49 47 4 4
49 41 4 4
40 47 4 4
40 46 4 4
41 44 4 4
41 47 4 4
52 51 5 5
52 50 5 5
53 51 5 5
53 50 5 5
54 53 5 5
54 50 5 5
55 53 5 5
55 51 5 5
56 51 5 5
56 52 5 5
57 53 5 5
57 50 5 5
58 50 5 5
58 52 5 5
59 56 5 5
59 55 5 5
50 56 5 5
50 55 5 5
51 54 5 5
51 57 5 5
62 61 6 6
62 60 6 6
63 62 6 6
63 60 6 6
64 61 6 6
64 60 6 6
65 61 6 6
65 62 6 6
66 62 6 6
66 63 6 6
67 60 6 6
67 64 6 6
68 66 6 6
68 61 6 6
69 64 6 6
69 67 6 6
60 66 6 6
60 69 6 6
61 66 6 6
61 63 6 6
72 70 7 7
72 71 7 7
73 72 7 7
73 70 7 7
74 73 7 7
74 70 7 7
75 71 7 7
75 72 7 7
76 70 7 7
76 75 7 7
77 75 7 7
77 70 7 7
78 74 7 7
78 70 7 7
79 70 7 7
79 74 7 7
70 75 7 7
71 78 7 7
71 79 7 7
29 4 2 0
20 12 2 1
36 28 3 2
36 5 3 0
46 34 4 3
49 4 4 0
58 27 5 2
54 45 5 4
64 54 6 5
69 34 6 3
75 20 7 2
77 35 7 3
0 79 0 7
0 54 0 5
14 32 1 3
11 43 1 4
