swNum = 80
edgeNum = 176

0 0
1 0
2 0
3 0
4 0
5 0
6 0
7 0
8 0
9 0
10 1
11 1
12 1
13 1
14 1
15 1
16 1
17 1
18 1
19 1
20 2
21 2
22 2
23 2
24 2
25 2
26 2
27 2
28 2
29 2
30 3
31 3
32 3
33 3
34 3
35 3
36 3
37 3
38 3
39 3
40 4
41 4
42 4
43 4
44 4
45 4
46 4
47 4
48 4
49 4
50 5
51 5
52 5
53 5
54 5
55 5
56 5
57 5
58 5
59 5
60 6
61 6
62 6
63 6
64 6
65 6
66 6
67 6
68 6
69 6
70 7
71 7
72 7
73 7
74 7
75 7
76 7
77 7
78 7
79 7

2 1 0 0
2 0 0 0
3 1 0 0
3 2 0 0
4 3 0 0
4 1 0 0
5 0 0 0
5 1 0 0
6 5 0 0
6 3 0 0
7 1 0 0
7 2 0 0
8 4 0 0
8 3 0 0
9 2 0 0
9 3 0 0
0 4 0 0
0 3 0 0
1 6 0 0
1 8 0 0
12 10 1 1
12 11 1 1
13 11 1 1
13 10 1 1
14 10 1 1
14 12 1 1
15 11 1 1
15 12 1 1
16 13 1 1
16 15 1 1
17 12 1 1
17 11 1 1
18 15 1 1
18 16 1 1
19 16 1 1
19 13 1 1
10 18 1 1
10 15 1 1
11 19 1 1
11 14 1 1
22 21 2 2
22 20 2 2
23 22 2 2
23 21 2 2
24 22 2 2
24 20 2 2
25 23 2 2
25 24 2 2
26 22 2 2
26 21 2 2
27 26 2 2
27 25 2 2
28 25 2 2
28 24 2 2
29 20 2 2
29 28 2 2
20 26 2 2
20 28 2 2
21 27 2 2
21 25 2 2
32 30 3 3
32 31 3 3
33 31 3 3
33 30 3 3
34 33 3 3
34 30 3 3
35 30 3 3
35 32 3 3
36 31 3 3
36 34 3 3
37 35 3 3
37 31 3 3
38 36 3 3
38 31 3 3
39 38 3 3
39 33 3 3
30 38 3 3
30 39 3 3
31 35 3 3
31 39 3 3
42 41 4 4
42 40 4 4
43 40 4 4
43 41 4 4
44 43 4 4
44 42 4 4
45 42 4 4
45 41 4 4
46 44 4 4
46 43 4 4
47 45 4 4
47 46 4 4
48 45 4 4
48 42 4 4
49 44 4 4
49 46 4 4
40 49 4 4
40 47 4 4
41 48 4 4
41 46 4 4
52 51 5 5
52 50 5 5
53 50 5 5
53 52 5 5
54 52 5 5
54 50 5 5
55 52 5 5
55 54 5 5
56 52 5 5
56 54 5 5
57 56 5 5
57 52 5 5
58 53 5 5
58 54 5 5
59 55 5 5
59 51 5 5
50 59 5 5
50 56 5 5
51 53 5 5
51 58 5 5
62 61 6 6
62 60 6 6
63 60 6 6
63 62 6 6
64 62 6 6
64 61 6 6
65 62 6 6
65 63 6 6
66 63 6 6
66 62 6 6
67 65 6 6
67 64 6 6
68 67 6 6
68 61 6 6
69 66 6 6
69 61 6 6
60 64 6 6
60 65 6 6
61 66 6 6
61 67 6 6
72 71 7 7
72 70 7 7
73 71 7 7
73 72 7 7
74 70 7 7
74 71 7 7
75 74 7 7
75 70 7 7
76 70 7 7
76 73 7 7
77 76 7 7
77 71 7 7
78 74 7 7
78 70 7 7
79 77 7 7
79 76 7 7
70 77 7 7
70 73 7 7
71 78 7 7
71 79 7 7
22 12 2 1
26 6 2 0
34 2 3 0
32 22 3 2
41 11 4 1
48 37 4 3
56 3 5 0
56 19 5 1
67 23 6 2
64 39 6 3
70 69 7 6
75 16 7 1
2 45 0 4
7 70 0 7
19 60 1 6
12 33 1 3
