swNum = 80
edgeNum = 176

0 0
1 0
2 0
3 0
4 0
5 0
6 0
7 0
8 0
9 0
10 1
11 1
12 1
13 1
14 1
15 1
16 1
17 1
18 1
19 1
20 2
21 2
22 2
23 2
24 2
25 2
26 2
27 2
28 2
29 2
30 3
31 3
32 3
33 3
34 3
35 3
36 3
37 3
38 3
39 3
40 4
41 4
42 4
43 4
44 4
45 4
46 4
47 4
48 4
49 4
50 5
51 5
52 5
53 5
54 5
55 5
56 5
57 5
58 5
59 5
60 6
61 6
62 6
63 6
64 6
65 6
66 6
67 6
68 6
69 6
70 7
71 7
72 7
73 7
74 7
75 7
76 7
77 7
78 7
79 7

2 0 0 0
2 1 0 0
3 0 0 0
3 2 0 0
4 1 0 0
4 2 0 0
5 2 0 0
5 0 0 0
6 1 0 0
6 5 0 0
7 3 0 0
7 1 0 0
8 0 0 0
8 5 0 0
9 8 0 0
9 4 0 0
0 4 0 0
0 9 0 0
1 8 0 0
1 5 0 0
12 10 1 1
12 11 1 1
13 11 1 1
13 12 1 1
14 13 1 1
14 12 1 1
15 13 1 1
15 11 1 1
16 13 1 1
16 14 1 1
17 14 1 1
17 13 1 1
18 17 1 1
18 15 1 1
19 13 1 1
19 18 1 1
10 18 1 1
10 14 1 1
11 14 1 1
11 19 1 1
22 21 2 2
22 20 2 2
23 20 2 2
23 21 2 2
24 23 2 2
24 22 2 2
25 21 2 2
25 22 2 2
26 25 2 2
26 22 2 2
27 25 2 2
27 26 2 2
28 25 2 2
28 22 2 2
29 20 2 2
29 23 2 2
20 25 2 2
20 28 2 2
21 28 2 2
21 24 2 2
32 30 3 3
32 31 3 3
33 31 3 3
33 30 3 3
34 33 3 3
34 32 3 3
35 32 3 3
35 30 3 3
36 34 3 3
36 32 3 3
37 33 3 3
37 35 3 3
38 31 3 3
38 34 3 3
39 31 3 3
39 32 3 3
30 36 3 3
30 37 3 3
31 37 3 3
31 36 3 3
42 40 4 4
42 41 4 4
43 42 4 4
43 40 4 4
44 40 4 4
44 43 4 4
45 42 4 4
45 40 4 4
46 40 4 4
46 41 4 4
47 44 4 4
47 45 4 4
48 44 4 4
48 45 4 4
49 43 4 4
49 47 4 4
40 47 4 4
40 48 4 4
41 43 4 4
41 48 4 4
52 51 5 5
52 50 5 5
53 52 5 5
53 50 5 5
54 53 5 5
54 51 5 5
55 51 5 5
55 50 5 5
56 52 5 5
56 55 5 5
57 54 5 5
57 53 5 5
58 56 5 5
58 50 5 5
59 53 5 5
59 55 5 5
50 57 5 5
50 54 5 5
51 58 5 5
51 57 5 5
62 60 6 6
62 61 6 6
63 60 6 6
63 61 6 6
64 60 6 6
64 61 6 6
65 60 6 6
65 64 6 6
66 65 6 6
66 62 6 6
67 61 6 6
67 64 6 6
68 64 6 6
68 65 6 6
69 64 6 6
69 65 6 6
60 69 6 6
60 66 6 6
61 68 6 6
61 69 6 6
72 71 7 7
72 70 7 7
73 72 7 7
73 71 7 7
74 73 7 7
74 71 7 7
75 71 7 7
75 73 7 7
76 75 7 7
76 73 7 7
77 73 7 7
77 71 7 7
78 76 7 7
78 70 7 7
79 74 7 7
79 72 7 7
70 74 7 7
70 75 7 7
71 76 7 7
71 79 7 7
26 8 2 0
23 19 2 1
39 28 3 2
30 2 3 0
47 39 4 3
44 1 4 0
53 21 5 2
52 42 5 4
60 32 6 3
61 3 6 0
79 24 7 2
75 15 7 1
5 52 0 5
6 78 0 7
19 66 1 6
19 48 1 4
