swNum = 80
edgeNum = 175

0 0
1 0
2 0
3 0
4 0
5 0
6 0
7 0
8 0
9 0
10 1
11 1
12 1
13 1
14 1
15 1
16 1
17 1
18 1
19 1
20 2
21 2
22 2
23 2
24 2
25 2
26 2
27 2
28 2
29 2
30 3
31 3
32 3
33 3
34 3
35 3
36 3
37 3
38 3
39 3
40 4
41 4
42 4
43 4
44 4
45 4
46 4
47 4
48 4
49 4
50 5
51 5
52 5
53 5
54 5
55 5
56 5
57 5
58 5
59 5
60 6
61 6
62 6
63 6
64 6
65 6
66 6
67 6
68 6
69 6
70 7
71 7
72 7
73 7
74 7
75 7
76 7
77 7
78 7
79 7

2 0 0 0
2 1 0 0
3 1 0 0
3 0 0 0
4 0 0 0
4 3 0 0
5 1 0 0
5 2 0 0
6 3 0 0
6 2 0 0
7 5 0 0
7 3 0 0
8 1 0 0
8 0 0 0
9 0 0 0
9 8 0 0
0 6 0 0
0 7 0 0
1 6 0 0
1 7 0 0
12 10 1 1
12 11 1 1
13 10 1 1
13 11 1 1
14 11 1 1
14 12 1 1
15 12 1 1
15 11 1 1
16 14 1 1
16 10 1 1
17 16 1 1
17 11 1 1
18 15 1 1
18 13 1 1
19 15 1 1
19 18 1 1
10 17 1 1
10 18 1 1
11 19 1 1
11 18 1 1
22 21 2 2
22 20 2 2
23 22 2 2
23 21 2 2
24 20 2 2
24 21 2 2
25 23 2 2
25 21 2 2
26 23 2 2
26 21 2 2
27 22 2 2
27 20 2 2
28 23 2 2
28 25 2 2
29 20 2 2
29 28 2 2
20 28 2 2
20 23 2 2
21 29 2 2
21 28 2 2
32 31 3 3
32 30 3 3
33 31 3 3
33 32 3 3
34 33 3 3
34 31 3 3
35 34 3 3
35 32 3 3
36 31 3 3
36 33 3 3
37 34 3 3
37 31 3 3
38 33 3 3
38 30 3 3
39 36 3 3
39 31 3 3
30 35 3 3
30 36 3 3
31 35 3 3
31 38 3 3
42 40 4 4
42 41 4 4
43 40 4 4
43 42 4 4
44 41 4 4
44 42 4 4
45 43 4 4
45 42 4 4
46 40 4 4
46 42 4 4
47 45 4 4
47 40 4 4
48 46 4 4
48 47 4 4
49 40 4 4
49 42 4 4
40 45 4 4
40 48 4 4
41 45 4 4
41 43 4 4
52 50 5 5
52 51 5 5
53 52 5 5
53 50 5 5
54 52 5 5
54 51 5 5
55 53 5 5
55 50 5 5
56 53 5 5
56 52 5 5
57 52 5 5
57 56 5 5
58 50 5 5
58 52 5 5
59 52 5 5
59 51 5 5
50 57 5 5
50 56 5 5
51 55 5 5
51 53 5 5
62 60 6 6
62 61 6 6
63 61 6 6
63 60 6 6
64 62 6 6
64 60 6 6
65 61 6 6
65 64 6 6
66 60 6 6
66 65 6 6
67 64 6 6
67 66 6 6
68 66 6 6
68 65 6 6
69 63 6 6
69 61 6 6
60 69 6 6
60 68 6 6
61 66 6 6
61 64 6 6
72 71 7 7
72 70 7 7
73 72 7 7
73 71 7 7
74 72 7 7
74 70 7 7
75 74 7 7
75 72 7 7
76 75 7 7
76 72 7 7
77 72 7 7
77 74 7 7
78 76 7 7
78 77 7 7
79 73 7 7
79 77 7 7
70 77 7 7
70 78 7 7
71 74 7 7
71 77 7 7
21 10 2 1
20 9 2 0
30 2 3 0
39 15 3 1
40 4 4 0
44 32 4 3
58 13 5 1
50 22 5 2
68 14 6 1
65 1 6 0
74 8 7 0
77 32 7 3
7 58 0 5
12 45 1 4
11 77 1 7
