swNum = 80
edgeNum = 175

0 0
1 0
2 0
3 0
4 0
5 0
6 0
7 0
8 0
9 0
10 1
11 1
12 1
13 1
14 1
15 1
16 1
17 1
18 1
19 1
20 2
21 2
22 2
23 2
24 2
25 2
26 2
27 2
28 2
29 2
30 3
31 3
32 3
33 3
34 3
35 3
36 3
37 3
38 3
39 3
40 4
41 4
42 4
43 4
44 4
45 4
46 4
47 4
48 4
49 4
50 5
51 5
52 5
53 5
54 5
55 5
56 5
57 5
58 5
59 5
60 6
61 6
62 6
63 6
64 6
65 6
66 6
67 6
68 6
69 6
70 7
71 7
72 7
73 7
74 7
75 7
76 7
77 7
78 7
79 7

2 0 0 0
2 1 0 0
3 0 0 0
3 2 0 0
4 1 0 0
4 3 0 0
5 3 0 0
5 2 0 0
6 0 0 0
6 2 0 0
7 2 0 0
7 4 0 0
8 7 0 0
8 2 0 0
9 8 0 0
9 2 0 0
0 4 0 0
0 9 0 0
1 5 0 0
1 7 0 0
12 10 1 1
12 11 1 1
13 10 1 1
13 11 1 1
14 12 1 1
14 10 1 1
15 12 1 1
15 13 1 1
16 13 1 1
16 11 1 1
17 12 1 1
17 13 1 1
18 11 1 1
18 13 1 1
19 13 1 1
19 11 1 1
10 19 1 1
10 16 1 1
11 15 1 1
11 17 1 1
22 21 2 2
22 20 2 2
23 20 2 2
23 21 2 2
24 20 2 2
24 22 2 2
25 24 2 2
25 21 2 2
26 25 2 2
26 24 2 2
27 25 2 2
27 23 2 2
28 25 2 2
28 23 2 2
29 26 2 2
29 22 2 2
20 26 2 2
20 27 2 2
21 29 2 2
21 24 2 2
32 30 3 3
32 31 3 3
33 31 3 3
33 30 3 3
34 32 3 3
34 30 3 3
35 31 3 3
35 33 3 3
36 32 3 3
36 30 3 3
37 35 3 3
37 34 3 3
38 37 3 3
38 33 3 3
39 34 3 3
39 30 3 3
30 37 3 3
30 38 3 3
31 37 3 3
31 39 3 3
42 41 4 4
42 40 4 4
43 40 4 4
43 41 4 4
44 42 4 4
44 41 4 4
45 40 4 4
45 43 4 4
46 44 4 4
46 42 4 4
47 45 4 4
47 40 4 4
48 40 4 4
48 44 4 4
49 43 4 4
49 41 4 4
40 46 4 4
40 49 4 4
41 48 4 4
41 46 4 4
52 51 5 5
52 50 5 5
53 50 5 5
53 52 5 5
54 52 5 5
54 51 5 5
55 53 5 5
55 50 5 5
56 53 5 5
56 52 5 5
57 50 5 5
57 55 5 5
58 54 5 5
58 53 5 5
59 54 5 5
59 52 5 5
50 54 5 5
50 59 5 5
51 59 5 5
51 56 5 5
62 61 6 6
62 60 6 6
63 60 6 6
63 62 6 6
64 62 6 6
64 60 6 6
65 64 6 6
65 61 6 6
66 63 6 6
66 62 6 6
67 62 6 6
67 65 6 6
68 63 6 6
68 66 6 6
69 66 6 6
69 64 6 6
60 69 6 6
60 68 6 6
61 67 6 6
61 69 6 6
72 70 7 7
72 71 7 7
73 71 7 7
73 70 7 7
74 73 7 7
74 70 7 7
75 71 7 7
75 70 7 7
76 70 7 7
76 74 7 7
77 74 7 7
77 75 7 7
78 70 7 7
78 72 7 7
79 71 7 7
79 70 7 7
70 77 7 7
71 77 7 7
71 78 7 7
25 17 2 1
24 3 2 0
35 27 3 2
33 0 3 0
47 20 4 2
43 32 4 3
50 34 5 3
50 49 5 4
61 0 6 0
60 38 6 3
70 28 7 2
77 31 7 3
4 74 0 7
9 40 0 4
16 74 1 7
14 52 1 5
