swNum = 80
edgeNum = 175

0 0
1 0
2 0
3 0
4 0
5 0
6 0
7 0
8 0
9 0
10 1
11 1
12 1
13 1
14 1
15 1
16 1
17 1
18 1
19 1
20 2
21 2
22 2
23 2
24 2
25 2
26 2
27 2
28 2
29 2
30 3
31 3
32 3
33 3
34 3
35 3
36 3
37 3
38 3
39 3
40 4
41 4
42 4
43 4
44 4
45 4
46 4
47 4
48 4
49 4
50 5
51 5
52 5
53 5
54 5
55 5
56 5
57 5
58 5
59 5
60 6
61 6
62 6
63 6
64 6
65 6
66 6
67 6
68 6
69 6
70 7
71 7
72 7
73 7
74 7
75 7
76 7
77 7
78 7
79 7

2 1 0 0
2 0 0 0
3 1 0 0
3 0 0 0
4 3 0 0
4 0 0 0
5 0 0 0
5 1 0 0
6 3 0 0
6 5 0 0
7 3 0 0
7 0 0 0
8 1 0 0
8 4 0 0
9 1 0 0
9 2 0 0
0 6 0 0
0 8 0 0
1 6 0 0
1 4 0 0
12 10 1 1
12 11 1 1
13 12 1 1
13 11 1 1
14 13 1 1
14 12 1 1
15 12 1 1
15 13 1 1
16 14 1 1
16 15 1 1
17 15 1 1
17 13 1 1
18 13 1 1
18 15 1 1
19 15 1 1
19 12 1 1
10 15 1 1
10 17 1 1
11 17 1 1
11 19 1 1
22 21 2 2
22 20 2 2
23 21 2 2
23 22 2 2
24 20 2 2
24 22 2 2
25 23 2 2
25 20 2 2
26 25 2 2
26 23 2 2
27 23 2 2
27 21 2 2
28 21 2 2
28 24 2 2
29 25 2 2
29 20 2 2
20 27 2 2
20 23 2 2
21 25 2 2
21 24 2 2
32 31 3 3
32 30 3 3
33 30 3 3
33 32 3 3
34 30 3 3
34 31 3 3
35 34 3 3
35 30 3 3
36 35 3 3
36 31 3 3
37 33 3 3
37 36 3 3
38 36 3 3
38 32 3 3
39 30 3 3
39 31 3 3
30 38 3 3
30 37 3 3
31 33 3 3
31 35 3 3
42 41 4 4
42 40 4 4
43 41 4 4
43 42 4 4
44 42 4 4
44 43 4 4
45 43 4 4
45 40 4 4
46 44 4 4
46 41 4 4
47 42 4 4
47 44 4 4
48 42 4 4
48 44 4 4
49 40 4 4
49 48 4 4
40 43 4 4
40 47 4 4
41 48 4 4
41 49 4 4
52 51 5 5
52 50 5 5
53 50 5 5
53 51 5 5
54 50 5 5
54 52 5 5
55 52 5 5
55 53 5 5
56 51 5 5
56 52 5 5
57 50 5 5
57 53 5 5
58 53 5 5
58 56 5 5
59 55 5 5
59 53 5 5
50 55 5 5
50 58 5 5
51 58 5 5
51 57 5 5
62 60 6 6
62 61 6 6
63 61 6 6
63 62 6 6
64 61 6 6
64 63 6 6
65 63 6 6
65 61 6 6
66 60 6 6
66 61 6 6
67 64 6 6
67 62 6 6
68 66 6 6
68 64 6 6
69 66 6 6
69 67 6 6
60 68 6 6
60 67 6 6
61 67 6 6
61 69 6 6
72 71 7 7
72 70 7 7
73 71 7 7
73 70 7 7
74 72 7 7
74 71 7 7
75 70 7 7
75 73 7 7
76 70 7 7
76 71 7 7
77 76 7 7
77 73 7 7
78 73 7 7
78 76 7 7
79 78 7 7
79 74 7 7
70 77 7 7
70 78 7 7
71 79 7 7
71 75 7 7
21 9 2 0
24 16 2 1
39 12 3 1
32 8 3 0
48 18 4 1
46 21 4 2
59 14 5 1
50 4 5 0
60 45 6 4
68 54 6 5
74 12 7 1
73 46 7 4
8 46 0 4
0 61 0 6
19 68 1 6
