swNum = 80
edgeNum = 176

0 0
1 0
2 0
3 0
4 0
5 0
6 0
7 0
8 0
9 0
10 1
11 1
12 1
13 1
14 1
15 1
16 1
17 1
18 1
19 1
20 2
21 2
22 2
23 2
24 2
25 2
26 2
27 2
28 2
29 2
30 3
31 3
32 3
33 3
34 3
35 3
36 3
37 3
38 3
39 3
40 4
41 4
42 4
43 4
44 4
45 4
46 4
47 4
48 4
49 4
50 5
51 5
52 5
53 5
54 5
55 5
56 5
57 5
58 5
59 5
60 6
61 6
62 6
63 6
64 6
65 6
66 6
67 6
68 6
69 6
70 7
71 7
72 7
73 7
74 7
75 7
76 7
77 7
78 7
79 7

2 1 0 0
2 0 0 0
3 1 0 0
3 0 0 0
4 3 0 0
4 0 0 0
5 0 0 0
5 2 0 0
6 3 0 0
6 0 0 0
7 1 0 0
7 5 0 0
8 1 0 0
8 6 0 0
9 6 0 0
9 8 0 0
0 9 0 0
0 8 0 0
1 6 0 0
1 4 0 0
12 10 1 1
12 11 1 1
13 10 1 1
13 11 1 1
14 10 1 1
14 12 1 1
15 12 1 1
15 11 1 1
16 14 1 1
16 11 1 1
17 11 1 1
17 16 1 1
18 16 1 1
18 11 1 1
19 12 1 1
19 15 1 1
10 16 1 1
10 19 1 1
11 19 1 1
11 14 1 1
22 21 2 2
22 20 2 2
23 22 2 2
23 21 2 2
24 22 2 2
24 21 2 2
25 21 2 2
25 22 2 2
26 25 2 2
26 24 2 2
27 22 2 2
27 26 2 2
28 20 2 2
28 23 2 2
29 27 2 2
29 21 2 2
20 29 2 2
20 27 2 2
21 27 2 2
21 28 2 2
32 31 3 3
32 30 3 3
33 31 3 3
33 32 3 3
34 31 3 3
34 33 3 3
35 30 3 3
35 31 3 3
36 32 3 3
36 35 3 3
37 31 3 3
37 35 3 3
38 35 3 3
38 33 3 3
39 37 3 3
39 31 3 3
30 38 3 3
30 34 3 3
31 38 3 3
31 36 3 3
42 41 4 4
42 40 4 4
43 40 4 4
43 41 4 4
44 43 4 4
44 42 4 4
45 43 4 4
45 44 4 4
46 40 4 4
46 41 4 4
47 42 4 4
47 43 4 4
48 41 4 4
48 42 4 4
49 45 4 4
49 44 4 4
40 44 4 4
40 48 4 4
41 47 4 4
41 44 4 4
52 50 5 5
52 51 5 5
53 50 5 5
53 52 5 5
54 53 5 5
54 50 5 5
55 54 5 5
55 53 5 5
56 50 5 5
56 51 5 5
57 54 5 5
57 51 5 5
58 54 5 5
58 50 5 5
59 58 5 5
59 52 5 5
50 55 5 5
50 59 5 5
51 54 5 5
51 58 5 5
62 61 6 6
62 60 6 6
63 62 6 6
63 61 6 6
64 61 6 6
64 62 6 6
65 62 6 6
65 60 6 6
66 63 6 6
66 60 6 6
67 66 6 6
67 65 6 6
68 62 6 6
68 66 6 6
69 63 6 6
69 62 6 6
60 69 6 6
60 63 6 6
61 65 6 6
61 69 6 6
72 70 7 7
72 71 7 7
73 70 7 7
73 72 7 7
74 71 7 7
74 73 7 7
75 71 7 7
75 70 7 7
76 72 7 7
76 73 7 7
77 73 7 7
77 70 7 7
78 76 7 7
78 77 7 7
79 75 7 7
79 74 7 7
70 78 7 7
70 76 7 7
71 73 7 7
71 78 7 7
29 19 2 1
29 3 2 0
33 11 3 1
34 24 3 2
47 26 4 2
47 1 4 0
51 16 5 1
55 48 5 4
68 59 6 5
63 32 6 3
70 51 7 5
72 15 7 1
6 65 0 6
8 55 0 5
16 69 1 6
16 42 1 4
