swNum = 80
edgeNum = 176

0 0
1 0
2 0
3 0
4 0
5 0
6 0
7 0
8 0
9 0
10 1
11 1
12 1
13 1
14 1
15 1
16 1
17 1
18 1
19 1
20 2
21 2
22 2
23 2
24 2
25 2
26 2
27 2
28 2
29 2
30 3
31 3
32 3
33 3
34 3
35 3
36 3
37 3
38 3
39 3
40 4
41 4
42 4
43 4
44 4
45 4
46 4
47 4
48 4
49 4
50 5
51 5
52 5
53 5
54 5
55 5
56 5
57 5
58 5
59 5
60 6
61 6
62 6
63 6
64 6
65 6
66 6
67 6
68 6
69 6
70 7
71 7
72 7
73 7
74 7
75 7
76 7
77 7
78 7
79 7

2 1 0 0
2 0 0 0
3 2 0 0
3 0 0 0
4 1 0 0
4 2 0 0
5 2 0 0
5 1 0 0
6 3 0 0
6 5 0 0
7 6 0 0
7 2 0 0
8 0 0 0
8 4 0 0
9 4 0 0
9 5 0 0
0 9 0 0
0 6 0 0
1 6 0 0
1 8 0 0
12 11 1 1
12 10 1 1
13 12 1 1
13 10 1 1
14 11 1 1
14 10 1 1
15 12 1 1
15 11 1 1
16 12 1 1
16 10 1 1
17 16 1 1
17 12 1 1
18 11 1 1
18 12 1 1
19 10 1 1
19 15 1 1
10 18 1 1
10 15 1 1
11 16 1 1
11 17 1 1
22 20 2 2
22 21 2 2
23 21 2 2
23 20 2 2
24 21 2 2
24 23 2 2
25 24 2 2
25 23 2 2
26 23 2 2
26 20 2 2
27 24 2 2
27 20 2 2
28 21 2 2
28 22 2 2
29 27 2 2
29 20 2 2
20 25 2 2
20 28 2 2
21 29 2 2
21 26 2 2
32 30 3 3
32 31 3 3
33 32 3 3
33 30 3 3
34 32 3 3
34 33 3 3
35 33 3 3
35 31 3 3
36 30 3 3
36 31 3 3
37 30 3 3
37 33 3 3
38 36 3 3
38 35 3 3
39 32 3 3
39 31 3 3
30 38 3 3
30 35 3 3
31 38 3 3
31 37 3 3
42 41 4 4
42 40 4 4
43 41 4 4
43 42 4 4
44 41 4 4
44 43 4 4
45 41 4 4
45 44 4 4
46 43 4 4
46 42 4 4
47 44 4 4
47 46 4 4
48 46 4 4
48 40 4 4
49 43 4 4
49 41 4 4
40 45 4 4
40 44 4 4
41 47 4 4
41 46 4 4
52 51 5 5
52 50 5 5
53 52 5 5
53 51 5 5
54 52 5 5
54 50 5 5
55 53 5 5
55 51 5 5
56 50 5 5
56 52 5 5
57 52 5 5
57 53 5 5
58 56 5 5
58 55 5 5
59 56 5 5
59 58 5 5
50 57 5 5
50 59 5 5
51 56 5 5
51 58 5 5
62 60 6 6
62 61 6 6
63 61 6 6
63 60 6 6
64 60 6 6
64 62 6 6
65 61 6 6
65 62 6 6
66 61 6 6
66 62 6 6
67 65 6 6
67 61 6 6
68 66 6 6
68 60 6 6
69 68 6 6
69 61 6 6
60 65 6 6
60 69 6 6
61 64 6 6
61 68 6 6
72 70 7 7
72 71 7 7
73 70 7 7
73 71 7 7
74 73 7 7
74 70 7 7
75 74 7 7
75 72 7 7
76 72 7 7
76 71 7 7
77 73 7 7
77 75 7 7
78 70 7 7
78 72 7 7
79 73 7 7
79 74 7 7
70 76 7 7
70 75 7 7
71 78 7 7
71 77 7 7
27 7 2 0
24 14 2 1
31 13 3 1
36 26 3 2
44 8 4 0
45 27 4 2
53 15 5 1
50 33 5 3
63 48 6 4
61 33 6 3
76 62 7 6
72 36 7 3
8 53 0 5
5 71 0 7
15 44 1 4
18 65 1 6
