swNum = 80
edgeNum = 176

0 0
1 0
2 0
3 0
4 0
5 0
6 0
7 0
8 0
9 0
10 1
11 1
12 1
13 1
14 1
15 1
16 1
17 1
18 1
19 1
20 2
21 2
22 2
23 2
24 2
25 2
26 2
27 2
28 2
29 2
30 3
31 3
32 3
33 3
34 3
35 3
36 3
37 3
38 3
39 3
40 4
41 4
42 4
43 4
44 4
45 4
46 4
47 4
48 4
49 4
50 5
51 5
52 5
53 5
54 5
55 5
56 5
57 5
58 5
59 5
60 6
61 6
62 6
63 6
64 6
65 6
66 6
67 6
68 6
69 6
70 7
71 7
72 7
73 7
74 7
75 7
76 7
77 7
78 7
79 7

2 0 0 0
2 1 0 0
3 2 0 0
3 1 0 0
4 0 0 0
4 2 0 0
5 0 0 0
5 1 0 0
6 4 0 0
6 5 0 0
7 6 0 0
7 2 0 0
8 7 0 0
8 6 0 0
9 1 0 0
9 7 0 0
0 8 0 0
0 3 0 0
1 4 0 0
1 8 0 0
12 10 1 1
12 11 1 1
13 10 1 1
13 11 1 1
14 13 1 1
14 12 1 1
15 12 1 1
15 11 1 1
16 10 1 1
16 11 1 1
17 14 1 1
17 13 1 1
18 10 1 1
18 14 1 1
19 13 1 1
19 18 1 1
10 19 1 1
10 15 1 1
11 18 1 1
11 14 1 1
22 20 2 2
22 21 2 2
23 21 2 2
23 20 2 2
24 22 2 2
24 21 2 2
25 24 2 2
25 22 2 2
26 22 2 2
26 24 2 2
27 26 2 2
27 22 2 2
28 25 2 2
28 27 2 2
29 21 2 2
29 27 2 2
20 29 2 2
20 27 2 2
21 25 2 2
21 26 2 2
32 31 3 3
32 30 3 3
33 30 3 3
33 32 3 3
34 31 3 3
34 32 3 3
35 31 3 3
35 32 3 3
36 34 3 3
36 31 3 3
37 36 3 3
37 34 3 3
38 31 3 3
38 35 3 3
39 36 3 3
39 37 3 3
30 36 3 3
30 38 3 3
31 39 3 3
31 37 3 3
42 40 4 4
42 41 4 4
43 41 4 4
43 42 4 4
44 40 4 4
44 41 4 4
45 44 4 4
45 42 4 4
46 42 4 4
46 41 4 4
47 41 4 4
47 40 4 4
48 43 4 4
48 46 4 4
49 45 4 4
49 44 4 4
40 46 4 4
40 49 4 4
41 49 4 4
41 45 4 4
52 50 5 5
52 51 5 5
53 52 5 5
53 51 5 5
54 52 5 5
54 50 5 5
55 52 5 5
55 53 5 5
56 51 5 5
56 54 5 5
57 50 5 5
57 55 5 5
58 50 5 5
58 52 5 5
59 57 5 5
59 55 5 5
50 55 5 5
50 59 5 5
51 57 5 5
51 54 5 5
62 61 6 6
62 60 6 6
63 62 6 6
63 60 6 6
64 62 6 6
64 61 6 6
65 60 6 6
65 61 6 6
66 60 6 6
66 63 6 6
67 61 6 6
67 60 6 6
68 65 6 6
68 62 6 6
69 65 6 6
69 60 6 6
60 68 6 6
60 64 6 6
61 63 6 6
61 66 6 6
72 70 7 7
72 71 7 7
73 70 7 7
73 72 7 7
74 71 7 7
74 70 7 7
75 72 7 7
75 74 7 7
76 70 7 7
76 73 7 7
77 72 7 7
77 75 7 7
78 73 7 7
78 72 7 7
79 73 7 7
79 76 7 7
70 75 7 7
70 78 7 7
71 73 7 7
71 76 7 7
29 9 2 0
29 12 2 1
38 3 3 0
39 12 3 1
40 30 4 3
44 25 4 2
50 35 5 3
57 40 5 4
67 29 6 2
63 42 6 4
72 44 7 4
78 13 7 1
9 52 0 5
3 67 0 6
15 51 1 5
12 68 1 6
