swNum = 80
edgeNum = 174

0 0
1 0
2 0
3 0
4 0
5 0
6 0
7 0
8 0
9 0
10 1
11 1
12 1
13 1
14 1
15 1
16 1
17 1
18 1
19 1
20 2
21 2
22 2
23 2
24 2
25 2
26 2
27 2
28 2
29 2
30 3
31 3
32 3
33 3
34 3
35 3
36 3
37 3
38 3
39 3
40 4
41 4
42 4
43 4
44 4
45 4
46 4
47 4
48 4
49 4
50 5
51 5
52 5
53 5
54 5
55 5
56 5
57 5
58 5
59 5
60 6
61 6
62 6
63 6
64 6
65 6
66 6
67 6
68 6
69 6
70 7
71 7
72 7
73 7
74 7
75 7
76 7
77 7
78 7
79 7

2 0 0 0
2 1 0 0
3 2 0 0
3 1 0 0
4 3 0 0
4 1 0 0
5 1 0 0
5 2 0 0
6 2 0 0
6 3 0 0
7 5 0 0
7 1 0 0
8 7 0 0
8 0 0 0
9 4 0 0
9 5 0 0
0 9 0 0
0 7 0 0
1 9 0 0
1 6 0 0
12 11 1 1
12 10 1 1
13 11 1 1
13 10 1 1
14 12 1 1
14 11 1 1
15 14 1 1
15 13 1 1
16 11 1 1
16 13 1 1
17 13 1 1
17 15 1 1
18 16 1 1
18 14 1 1
19 15 1 1
19 17 1 1
10 17 1 1
10 19 1 1
11 18 1 1
11 19 1 1
22 21 2 2
22 20 2 2
23 20 2 2
23 21 2 2
24 20 2 2
24 21 2 2
25 23 2 2
25 24 2 2
26 20 2 2
26 21 2 2
27 23 2 2
27 24 2 2
28 23 2 2
28 20 2 2
29 22 2 2
29 27 2 2
20 27 2 2
20 29 2 2
21 29 2 2
21 28 2 2
32 31 3 3
32 30 3 3
33 31 3 3
33 30 3 3
34 31 3 3
34 32 3 3
35 33 3 3
35 32 3 3
36 32 3 3
36 34 3 3
37 30 3 3
37 36 3 3
38 31 3 3
38 37 3 3
39 35 3 3
39 34 3 3
30 34 3 3
30 36 3 3
31 35 3 3
31 37 3 3
42 40 4 4
42 41 4 4
43 40 4 4
43 41 4 4
44 43 4 4
44 41 4 4
45 43 4 4
45 41 4 4
46 45 4 4
46 44 4 4
47 41 4 4
47 45 4 4
48 47 4 4
48 40 4 4
49 46 4 4
49 45 4 4
40 45 4 4
40 49 4 4
41 49 4 4
41 48 4 4
52 51 5 5
52 50 5 5
53 50 5 5
53 52 5 5
54 50 5 5
54 52 5 5
55 50 5 5
55 52 5 5
56 50 5 5
56 54 5 5
57 51 5 5
57 55 5 5
58 56 5 5
58 53 5 5
59 58 5 5
59 57 5 5
50 58 5 5
50 57 5 5
51 56 5 5
51 59 5 5
62 61 6 6
62 60 6 6
63 60 6 6
63 62 6 6
64 62 6 6
64 60 6 6
65 64 6 6
65 62 6 6
66 65 6 6
66 63 6 6
67 60 6 6
67 62 6 6
68 67 6 6
68 64 6 6
69 64 6 6
69 67 6 6
60 68 6 6
60 65 6 6
61 65 6 6
61 63 6 6
72 71 7 7
72 70 7 7
73 70 7 7
73 71 7 7
74 71 7 7
74 70 7 7
75 74 7 7
75 73 7 7
76 71 7 7
76 74 7 7
77 72 7 7
77 75 7 7
78 77 7 7
78 74 7 7
79 73 7 7
79 77 7 7
70 79 7 7
70 77 7 7
71 78 7 7
71 77 7 7
23 8 2 0
29 17 2 1
33 4 3 0
37 15 3 1
48 25 4 2
43 10 4 1
51 10 5 1
57 48 5 4
69 58 6 5
69 14 6 1
71 16 7 1
74 23 7 2
1 70 0 7
3 41 0 4
