swNum = 80
edgeNum = 175

0 0
1 0
2 0
3 0
4 0
5 0
6 0
7 0
8 0
9 0
10 1
11 1
12 1
13 1
14 1
15 1
16 1
17 1
18 1
19 1
20 2
21 2
22 2
23 2
24 2
25 2
26 2
27 2
28 2
29 2
30 3
31 3
32 3
33 3
34 3
35 3
36 3
37 3
38 3
39 3
40 4
41 4
42 4
43 4
44 4
45 4
46 4
47 4
48 4
49 4
50 5
51 5
52 5
53 5
54 5
55 5
56 5
57 5
58 5
59 5
60 6
61 6
62 6
63 6
64 6
65 6
66 6
67 6
68 6
69 6
70 7
71 7
72 7
73 7
74 7
75 7
76 7
77 7
78 7
79 7

2 0 0 0
2 1 0 0
3 0 0 0
3 2 0 0
4 1 0 0
4 2 0 0
5 3 0 0
5 4 0 0
6 3 0 0
6 4 0 0
7 5 0 0
7 1 0 0
8 6 0 0
8 3 0 0
9 4 0 0
9 5 0 0
0 7 0 0
0 9 0 0
1 9 0 0
1 3 0 0
12 11 1 1
12 10 1 1
13 12 1 1
13 11 1 1
14 13 1 1
14 12 1 1
15 10 1 1
15 11 1 1
16 15 1 1
16 11 1 1
17 13 1 1
17 11 1 1
18 13 1 1
18 10 1 1
19 10 1 1
19 15 1 1
10 16 1 1
10 13 1 1
11 18 1 1
11 14 1 1
22 20 2 2
22 21 2 2
23 22 2 2
23 21 2 2
24 22 2 2
24 23 2 2
25 24 2 2
25 20 2 2
26 25 2 2
26 23 2 2
27 20 2 2
27 23 2 2
28 24 2 2
28 22 2 2
29 28 2 2
29 26 2 2
20 24 2 2
20 29 2 2
21 28 2 2
21 27 2 2
32 31 3 3
32 30 3 3
33 30 3 3
33 31 3 3
34 32 3 3
34 33 3 3
35 34 3 3
35 33 3 3
36 30 3 3
36 33 3 3
37 33 3 3
37 36 3 3
38 35 3 3
38 32 3 3
39 37 3 3
39 33 3 3
30 39 3 3
30 38 3 3
31 39 3 3
31 35 3 3
42 41 4 4
42 40 4 4
43 40 4 4
43 42 4 4
44 41 4 4
44 40 4 4
45 42 4 4
45 43 4 4
46 41 4 4
46 43 4 4
47 46 4 4
47 45 4 4
48 41 4 4
48 44 4 4
49 42 4 4
49 48 4 4
40 49 4 4
40 46 4 4
41 43 4 4
41 45 4 4
52 50 5 5
52 51 5 5
53 50 5 5
53 51 5 5
54 53 5 5
54 51 5 5
55 51 5 5
55 52 5 5
56 50 5 5
56 54 5 5
57 54 5 5
57 51 5 5
58 55 5 5
58 51 5 5
59 56 5 5
59 51 5 5
50 57 5 5
50 59 5 5
51 56 5 5
62 60 6 6
62 61 6 6
63 61 6 6
63 62 6 6
64 60 6 6
64 63 6 6
65 64 6 6
65 61 6 6
66 60 6 6
66 61 6 6
67 62 6 6
67 64 6 6
68 67 6 6
68 61 6 6
69 60 6 6
69 62 6 6
60 63 6 6
60 65 6 6
61 64 6 6
61 67 6 6
72 70 7 7
72 71 7 7
73 72 7 7
73 70 7 7
74 72 7 7
74 70 7 7
75 73 7 7
75 74 7 7
76 75 7 7
76 71 7 7
77 71 7 7
77 72 7 7
78 72 7 7
78 77 7 7
79 70 7 7
79 73 7 7
70 77 7 7
70 75 7 7
71 75 7 7
71 78 7 7
28 11 2 1
22 4 2 0
36 22 3 2
39 17 3 1
48 19 4 1
44 24 4 2
55 11 5 1
50 40 5 4
63 26 6 2
64 7 6 0
73 8 7 0
75 39 7 3
3 36 0 3
1 55 0 5
19 73 1 7
18 61 1 6
