swNum = 80
edgeNum = 176

0 0
1 0
2 0
3 0
4 0
5 0
6 0
7 0
8 0
9 0
10 1
11 1
12 1
13 1
14 1
15 1
16 1
17 1
18 1
19 1
20 2
21 2
22 2
23 2
24 2
25 2
26 2
27 2
28 2
29 2
30 3
31 3
32 3
33 3
34 3
35 3
36 3
37 3
38 3
39 3
40 4
41 4
42 4
43 4
44 4
45 4
46 4
47 4
48 4
49 4
50 5
51 5
52 5
53 5
54 5
55 5
56 5
57 5
58 5
59 5
60 6
61 6
62 6
63 6
64 6
65 6
66 6
67 6
68 6
69 6
70 7
71 7
72 7
73 7
74 7
75 7
76 7
77 7
78 7
79 7

2 0 0 0
2 1 0 0
3 2 0 0
3 0 0 0
4 2 0 0
4 3 0 0
5 3 0 0
5 2 0 0
6 2 0 0
6 1 0 0
7 3 0 0
7 4 0 0
8 5 0 0
8 0 0 0
9 8 0 0
9 0 0 0
0 7 0 0
0 5 0 0
1 7 0 0
1 3 0 0
12 10 1 1
12 11 1 1
13 10 1 1
13 11 1 1
14 12 1 1
14 13 1 1
15 12 1 1
15 14 1 1
16 11 1 1
16 10 1 1
17 10 1 1
17 13 1 1
18 17 1 1
18 13 1 1
19 15 1 1
19 14 1 1
10 18 1 1
10 14 1 1
11 18 1 1
11 14 1 1
22 21 2 2
22 20 2 2
23 22 2 2
23 21 2 2
24 20 2 2
24 23 2 2
25 20 2 2
25 23 2 2
26 24 2 2
26 23 2 2
27 24 2 2
27 23 2 2
28 27 2 2
28 20 2 2
29 23 2 2
29 28 2 2
20 27 2 2
20 23 2 2
21 25 2 2
21 26 2 2
32 31 3 3
32 30 3 3
33 31 3 3
33 32 3 3
34 31 3 3
34 33 3 3
35 33 3 3
35 31 3 3
36 35 3 3
36 31 3 3
37 34 3 3
37 33 3 3
38 31 3 3
38 35 3 3
39 30 3 3
39 32 3 3
30 38 3 3
30 37 3 3
31 39 3 3
31 37 3 3
42 41 4 4
42 40 4 4
43 41 4 4
43 42 4 4
44 42 4 4
44 40 4 4
45 43 4 4
45 40 4 4
46 45 4 4
46 41 4 4
47 41 4 4
47 45 4 4
48 42 4 4
48 45 4 4
49 40 4 4
49 43 4 4
40 46 4 4
40 48 4 4
41 48 4 4
41 44 4 4
52 50 5 5
52 51 5 5
53 51 5 5
53 52 5 5
54 53 5 5
54 51 5 5
55 53 5 5
55 51 5 5
56 55 5 5
56 52 5 5
57 52 5 5
57 56 5 5
58 57 5 5
58 53 5 5
59 56 5 5
59 50 5 5
50 58 5 5
50 57 5 5
51 59 5 5
51 56 5 5
62 60 6 6
62 61 6 6
63 62 6 6
63 61 6 6
64 62 6 6
64 63 6 6
65 62 6 6
65 63 6 6
66 61 6 6
66 64 6 6
67 63 6 6
67 64 6 6
68 62 6 6
68 65 6 6
69 64 6 6
69 65 6 6
60 64 6 6
60 69 6 6
61 65 6 6
61 69 6 6
72 70 7 7
72 71 7 7
73 72 7 7
73 70 7 7
74 71 7 7
74 70 7 7
75 71 7 7
75 73 7 7
76 72 7 7
76 71 7 7
77 71 7 7
77 73 7 7
78 77 7 7
78 74 7 7
79 70 7 7
79 77 7 7
70 78 7 7
70 76 7 7
71 79 7 7
71 78 7 7
24 8 2 0
21 10 2 1
33 6 3 0
36 24 3 2
40 20 4 2
43 15 4 1
51 18 5 1
51 1 5 0
61 0 6 0
69 21 6 2
74 39 7 3
74 24 7 2
5 75 0 7
0 42 0 4
10 74 1 7
16 37 1 3
