swNum = 80
edgeNum = 176

0 0
1 0
2 0
3 0
4 0
5 0
6 0
7 0
8 0
9 0
10 1
11 1
12 1
13 1
14 1
15 1
16 1
17 1
18 1
19 1
20 2
21 2
22 2
23 2
24 2
25 2
26 2
27 2
28 2
29 2
30 3
31 3
32 3
33 3
34 3
35 3
36 3
37 3
38 3
39 3
40 4
41 4
42 4
43 4
44 4
45 4
46 4
47 4
48 4
49 4
50 5
51 5
52 5
53 5
54 5
55 5
56 5
57 5
58 5
59 5
60 6
61 6
62 6
63 6
64 6
65 6
66 6
67 6
68 6
69 6
70 7
71 7
72 7
73 7
74 7
75 7
76 7
77 7
78 7
79 7

2 1 0 0
2 0 0 0
3 1 0 0
3 2 0 0
4 3 0 0
4 0 0 0
5 1 0 0
5 2 0 0
6 3 0 0
6 1 0 0
7 5 0 0
7 0 0 0
8 1 0 0
8 5 0 0
9 0 0 0
9 1 0 0
0 3 0 0
0 6 0 0
1 4 0 0
1 7 0 0
12 11 1 1
12 10 1 1
13 12 1 1
13 11 1 1
14 10 1 1
14 12 1 1
15 13 1 1
15 12 1 1
16 15 1 1
16 11 1 1
17 15 1 1
17 13 1 1
18 15 1 1
18 17 1 1
19 15 1 1
19 16 1 1
10 16 1 1
10 13 1 1
11 14 1 1
11 15 1 1
22 21 2 2
22 20 2 2
23 20 2 2
23 22 2 2
24 23 2 2
24 22 2 2
25 21 2 2
25 20 2 2
26 20 2 2
26 21 2 2
27 22 2 2
27 23 2 2
28 26 2 2
28 20 2 2
29 23 2 2
29 24 2 2
20 24 2 2
20 29 2 2
21 29 2 2
21 27 2 2
32 31 3 3
32 30 3 3
33 30 3 3
33 32 3 3
34 30 3 3
34 33 3 3
35 33 3 3
35 32 3 3
36 31 3 3
36 30 3 3
37 32 3 3
37 35 3 3
38 34 3 3
38 37 3 3
39 33 3 3
39 32 3 3
30 39 3 3
30 38 3 3
31 39 3 3
31 35 3 3
42 40 4 4
42 41 4 4
43 40 4 4
43 42 4 4
44 41 4 4
44 40 4 4
45 41 4 4
45 40 4 4
46 44 4 4
46 45 4 4
47 42 4 4
47 43 4 4
48 45 4 4
48 46 4 4
49 47 4 4
49 41 4 4
40 47 4 4
40 46 4 4
41 43 4 4
41 47 4 4
52 50 5 5
52 51 5 5
53 52 5 5
53 50 5 5
54 52 5 5
54 50 5 5
55 52 5 5
55 50 5 5
56 50 5 5
56 51 5 5
57 52 5 5
57 56 5 5
58 54 5 5
58 51 5 5
59 53 5 5
59 55 5 5
50 57 5 5
50 59 5 5
51 54 5 5
51 55 5 5
62 60 6 6
62 61 6 6
63 62 6 6
63 61 6 6
64 62 6 6
64 63 6 6
65 61 6 6
65 62 6 6
66 63 6 6
66 64 6 6
67 66 6 6
67 63 6 6
68 60 6 6
68 67 6 6
69 66 6 6
69 60 6 6
60 63 6 6
60 64 6 6
61 68 6 6
61 66 6 6
72 70 7 7
72 71 7 7
73 70 7 7
73 72 7 7
74 73 7 7
74 70 7 7
75 70 7 7
75 74 7 7
76 74 7 7
76 70 7 7
77 71 7 7
77 74 7 7
78 70 7 7
78 72 7 7
79 72 7 7
79 76 7 7
70 79 7 7
70 77 7 7
71 78 7 7
71 76 7 7
22 3 2 0
27 16 2 1
33 2 3 0
32 18 3 1
40 35 4 3
48 14 4 1
56 38 5 3
58 41 5 4
60 5 6 0
66 20 6 2
77 41 7 4
77 3 7 0
8 40 0 4
2 50 0 5
15 53 1 5
12 76 1 7
