swNum = 80
edgeNum = 175

0 0
1 0
2 0
3 0
4 0
5 0
6 0
7 0
8 0
9 0
10 1
11 1
12 1
13 1
14 1
15 1
16 1
17 1
18 1
19 1
20 2
21 2
22 2
23 2
24 2
25 2
26 2
27 2
28 2
29 2
30 3
31 3
32 3
33 3
34 3
35 3
36 3
37 3
38 3
39 3
40 4
41 4
42 4
43 4
44 4
45 4
46 4
47 4
48 4
49 4
50 5
51 5
52 5
53 5
54 5
55 5
56 5
57 5
58 5
59 5
60 6
61 6
62 6
63 6
64 6
65 6
66 6
67 6
68 6
69 6
70 7
71 7
72 7
73 7
74 7
75 7
76 7
77 7
78 7
79 7

2 1 0 0
2 0 0 0
3 2 0 0
3 0 0 0
4 3 0 0
4 0 0 0
5 0 0 0
5 4 0 0
6 1 0 0
6 4 0 0
7 6 0 0
7 3 0 0
8 1 0 0
8 0 0 0
9 2 0 0
9 1 0 0
0 7 0 0
0 6 0 0
1 7 0 0
1 5 0 0
12 11 1 1
12 10 1 1
13 12 1 1
13 10 1 1
14 13 1 1
14 12 1 1
15 13 1 1
15 10 1 1
16 15 1 1
16 11 1 1
17 10 1 1
17 12 1 1
18 12 1 1
18 17 1 1
19 10 1 1
19 18 1 1
10 18 1 1
10 14 1 1
11 14 1 1
11 15 1 1
22 21 2 2
22 20 2 2
23 21 2 2
23 22 2 2
24 20 2 2
24 22 2 2
25 22 2 2
25 24 2 2
26 23 2 2
26 25 2 2
27 24 2 2
27 25 2 2
28 25 2 2
28 26 2 2
29 20 2 2
29 23 2 2
20 27 2 2
20 25 2 2
21 26 2 2
21 25 2 2
32 31 3 3
32 30 3 3
33 31 3 3
33 30 3 3
34 31 3 3
34 32 3 3
35 33 3 3
35 34 3 3
36 35 3 3
36 34 3 3
37 36 3 3
37 32 3 3
38 36 3 3
38 35 3 3
39 37 3 3
39 36 3 3
30 34 3 3
30 37 3 3
31 36 3 3
31 38 3 3
42 40 4 4
42 41 4 4
43 42 4 4
43 40 4 4
44 42 4 4
44 43 4 4
45 43 4 4
45 42 4 4
46 41 4 4
46 42 4 4
47 40 4 4
47 42 4 4
48 44 4 4
48 46 4 4
49 48 4 4
49 45 4 4
40 48 4 4
40 44 4 4
41 44 4 4
41 49 4 4
52 50 5 5
52 51 5 5
53 52 5 5
53 51 5 5
54 52 5 5
54 50 5 5
55 54 5 5
55 51 5 5
56 52 5 5
56 54 5 5
57 54 5 5
57 53 5 5
58 50 5 5
58 52 5 5
59 58 5 5
59 56 5 5
50 59 5 5
50 53 5 5
51 59 5 5
51 56 5 5
62 60 6 6
62 61 6 6
63 61 6 6
63 60 6 6
64 62 6 6
64 61 6 6
65 63 6 6
65 62 6 6
66 62 6 6
66 60 6 6
67 66 6 6
67 60 6 6
68 67 6 6
68 63 6 6
69 68 6 6
69 62 6 6
60 68 6 6
60 65 6 6
61 66 6 6
61 67 6 6
72 70 7 7
72 71 7 7
73 72 7 7
73 70 7 7
74 71 7 7
74 70 7 7
75 74 7 7
75 70 7 7
76 71 7 7
76 70 7 7
77 70 7 7
77 71 7 7
78 74 7 7
78 76 7 7
79 73 7 7
79 70 7 7
70 78 7 7
71 78 7 7
71 75 7 7
25 16 2 1
20 7 2 0
38 14 3 1
30 24 3 2
41 31 4 3
43 15 4 1
51 28 5 2
51 42 5 4
66 40 6 4
61 12 6 1
77 7 7 0
73 30 7 3
3 42 0 4
7 31 0 3
16 54 1 5
16 76 1 7
