swNum = 80
edgeNum = 176

0 0
1 0
2 0
3 0
4 0
5 0
6 0
7 0
8 0
9 0
10 1
11 1
12 1
13 1
14 1
15 1
16 1
17 1
18 1
19 1
20 2
21 2
22 2
23 2
24 2
25 2
26 2
27 2
28 2
29 2
30 3
31 3
32 3
33 3
34 3
35 3
36 3
37 3
38 3
39 3
40 4
41 4
42 4
43 4
44 4
45 4
46 4
47 4
48 4
49 4
50 5
51 5
52 5
53 5
54 5
55 5
56 5
57 5
58 5
59 5
60 6
61 6
62 6
63 6
64 6
65 6
66 6
67 6
68 6
69 6
70 7
71 7
72 7
73 7
74 7
75 7
76 7
77 7
78 7
79 7

2 0 0 0
2 1 0 0
3 2 0 0
3 1 0 0
4 2 0 0
4 0 0 0
5 1 0 0
5 4 0 0
6 5 0 0
6 1 0 0
7 2 0 0
7 6 0 0
8 1 0 0
8 6 0 0
9 4 0 0
9 6 0 0
0 7 0 0
0 5 0 0
1 9 0 0
1 7 0 0
12 11 1 1
12 10 1 1
13 10 1 1
13 12 1 1
14 13 1 1
14 11 1 1
15 10 1 1
15 12 1 1
16 12 1 1
16 14 1 1
17 10 1 1
17 15 1 1
18 17 1 1
18 10 1 1
19 18 1 1
19 13 1 1
10 19 1 1
10 14 1 1
11 16 1 1
11 19 1 1
22 20 2 2
22 21 2 2
23 21 2 2
23 22 2 2
24 22 2 2
24 21 2 2
25 23 2 2
25 24 2 2
26 24 2 2
26 23 2 2
27 26 2 2
27 23 2 2
28 24 2 2
28 23 2 2
29 23 2 2
29 24 2 2
20 24 2 2
20 28 2 2
21 27 2 2
21 29 2 2
32 30 3 3
32 31 3 3
33 31 3 3
33 32 3 3
34 30 3 3
34 31 3 3
35 30 3 3
35 31 3 3
36 33 3 3
36 30 3 3
37 31 3 3
37 30 3 3
38 32 3 3
38 33 3 3
39 32 3 3
39 33 3 3
30 33 3 3
30 39 3 3
31 39 3 3
31 38 3 3
42 41 4 4
42 40 4 4
43 40 4 4
43 41 4 4
44 42 4 4
44 41 4 4
45 43 4 4
45 40 4 4
46 43 4 4
46 42 4 4
47 40 4 4
47 44 4 4
48 43 4 4
48 44 4 4
49 40 4 4
49 45 4 4
40 44 4 4
40 48 4 4
41 47 4 4
41 45 4 4
52 51 5 5
52 50 5 5
53 52 5 5
53 50 5 5
54 53 5 5
54 50 5 5
55 54 5 5
55 50 5 5
56 53 5 5
56 52 5 5
57 55 5 5
57 53 5 5
58 57 5 5
58 50 5 5
59 53 5 5
59 58 5 5
50 59 5 5
50 57 5 5
51 58 5 5
51 59 5 5
62 60 6 6
62 61 6 6
63 60 6 6
63 61 6 6
64 61 6 6
64 63 6 6
65 63 6 6
65 64 6 6
66 60 6 6
66 63 6 6
67 60 6 6
67 65 6 6
68 66 6 6
68 61 6 6
69 65 6 6
69 62 6 6
60 69 6 6
60 65 6 6
61 67 6 6
61 65 6 6
72 70 7 7
72 71 7 7
73 70 7 7
73 72 7 7
74 71 7 7
74 73 7 7
75 74 7 7
75 73 7 7
76 70 7 7
76 73 7 7
77 76 7 7
77 74 7 7
78 77 7 7
78 71 7 7
79 75 7 7
79 73 7 7
70 75 7 7
70 78 7 7
71 73 7 7
71 77 7 7
21 15 2 1
25 5 2 0
31 18 3 1
32 9 3 0
46 37 4 3
48 10 4 1
55 2 5 0
52 34 5 3
66 54 6 5
68 30 6 3
72 50 7 5
74 9 7 0
5 69 0 6
0 42 0 4
10 56 1 5
19 62 1 6
