swNum = 80
edgeNum = 176

0 0
1 0
2 0
3 0
4 0
5 0
6 0
7 0
8 0
9 0
10 1
11 1
12 1
13 1
14 1
15 1
16 1
17 1
18 1
19 1
20 2
21 2
22 2
23 2
24 2
25 2
26 2
27 2
28 2
29 2
30 3
31 3
32 3
33 3
34 3
35 3
36 3
37 3
38 3
39 3
40 4
41 4
42 4
43 4
44 4
45 4
46 4
47 4
48 4
49 4
50 5
51 5
52 5
53 5
54 5
55 5
56 5
57 5
58 5
59 5
60 6
61 6
62 6
63 6
64 6
65 6
66 6
67 6
68 6
69 6
70 7
71 7
72 7
73 7
74 7
75 7
76 7
77 7
78 7
79 7

2 0 0 0
2 1 0 0
3 0 0 0
3 1 0 0
4 2 0 0
4 1 0 0
5 3 0 0
5 2 0 0
6 5 0 0
6 1 0 0
7 3 0 0
7 5 0 0
8 2 0 0
8 7 0 0
9 1 0 0
9 0 0 0
0 7 0 0
0 8 0 0
1 5 0 0
1 7 0 0
12 10 1 1
12 11 1 1
13 12 1 1
13 10 1 1
14 11 1 1
14 13 1 1
15 13 1 1
15 14 1 1
16 15 1 1
16 11 1 1
17 14 1 1
17 11 1 1
18 12 1 1
18 14 1 1
19 18 1 1
19 17 1 1
10 19 1 1
10 17 1 1
11 13 1 1
11 15 1 1
22 21 2 2
22 20 2 2
23 21 2 2
23 20 2 2
24 20 2 2
24 22 2 2
25 22 2 2
25 20 2 2
26 23 2 2
26 21 2 2
27 24 2 2
27 26 2 2
28 26 2 2
28 22 2 2
29 21 2 2
29 20 2 2
20 28 2 2
20 26 2 2
21 25 2 2
21 28 2 2
32 31 3 3
32 30 3 3
33 32 3 3
33 30 3 3
34 32 3 3
34 31 3 3
35 33 3 3
35 31 3 3
36 34 3 3
36 31 3 3
37 31 3 3
37 34 3 3
38 30 3 3
38 37 3 3
39 32 3 3
39 31 3 3
30 35 3 3
30 36 3 3
31 38 3 3
31 33 3 3
42 40 4 4
42 41 4 4
43 41 4 4
43 42 4 4
44 41 4 4
44 40 4 4
45 43 4 4
45 41 4 4
46 41 4 4
46 42 4 4
47 42 4 4
47 46 4 4
48 43 4 4
48 46 4 4
49 40 4 4
49 42 4 4
40 45 4 4
40 43 4 4
41 49 4 4
41 48 4 4
52 50 5 5
52 51 5 5
53 52 5 5
53 51 5 5
54 51 5 5
54 52 5 5
55 52 5 5
55 53 5 5
56 51 5 5
56 52 5 5
57 53 5 5
57 52 5 5
58 55 5 5
58 53 5 5
59 54 5 5
59 51 5 5
50 56 5 5
50 57 5 5
51 55 5 5
51 58 5 5
62 61 6 6
62 60 6 6
63 61 6 6
63 62 6 6
64 63 6 6
64 61 6 6
65 63 6 6
65 62 6 6
66 61 6 6
66 62 6 6
67 61 6 6
67 62 6 6
68 63 6 6
68 65 6 6
69 68 6 6
69 61 6 6
60 66 6 6
60 68 6 6
61 65 6 6
61 68 6 6
72 71 7 7
72 70 7 7
73 72 7 7
73 71 7 7
74 71 7 7
74 72 7 7
75 71 7 7
75 70 7 7
76 71 7 7
76 70 7 7
77 76 7 7
77 70 7 7
78 75 7 7
78 73 7 7
79 72 7 7
79 71 7 7
70 79 7 7
70 78 7 7
71 78 7 7
71 77 7 7
27 6 2 0
27 19 2 1
33 17 3 1
38 24 3 2
40 8 4 0
40 38 4 3
50 25 5 2
51 38 5 3
67 40 6 4
65 27 6 2
77 31 7 3
75 1 7 0
9 60 0 6
1 52 0 5
16 69 1 6
14 79 1 7
