swNum = 80
edgeNum = 176

0 0
1 0
2 0
3 0
4 0
5 0
6 0
7 0
8 0
9 0
10 1
11 1
12 1
13 1
14 1
15 1
16 1
17 1
18 1
19 1
20 2
21 2
22 2
23 2
24 2
25 2
26 2
27 2
28 2
29 2
30 3
31 3
32 3
33 3
34 3
35 3
36 3
37 3
38 3
39 3
40 4
41 4
42 4
43 4
44 4
45 4
46 4
47 4
48 4
49 4
50 5
51 5
52 5
53 5
54 5
55 5
56 5
57 5
58 5
59 5
60 6
61 6
62 6
63 6
64 6
65 6
66 6
67 6
68 6
69 6
70 7
71 7
72 7
73 7
74 7
75 7
76 7
77 7
78 7
79 7

2 1 0 0
2 0 0 0
3 2 0 0
3 0 0 0
4 0 0 0
4 3 0 0
5 4 0 0
5 2 0 0
6 2 0 0
6 5 0 0
7 2 0 0
7 1 0 0
8 2 0 0
8 1 0 0
9 5 0 0
9 1 0 0
0 5 0 0
0 9 0 0
1 5 0 0
1 6 0 0
12 10 1 1
12 11 1 1
13 10 1 1
13 11 1 1
14 11 1 1
14 13 1 1
15 10 1 1
15 14 1 1
16 13 1 1
16 10 1 1
17 10 1 1
17 11 1 1
18 11 1 1
18 15 1 1
19 10 1 1
19 14 1 1
10 14 1 1
10 18 1 1
11 19 1 1
11 15 1 1
22 21 2 2
22 20 2 2
23 22 2 2
23 21 2 2
24 22 2 2
24 23 2 2
25 24 2 2
25 23 2 2
26 21 2 2
26 20 2 2
27 22 2 2
27 25 2 2
28 23 2 2
28 22 2 2
29 24 2 2
29 21 2 2
20 28 2 2
20 29 2 2
21 28 2 2
21 25 2 2
32 31 3 3
32 30 3 3
33 32 3 3
33 31 3 3
34 33 3 3
34 31 3 3
35 34 3 3
35 31 3 3
36 34 3 3
36 30 3 3
37 36 3 3
37 34 3 3
38 31 3 3
38 33 3 3
39 34 3 3
39 32 3 3
30 34 3 3
30 39 3 3
31 36 3 3
31 39 3 3
42 41 4 4
42 40 4 4
43 41 4 4
43 40 4 4
44 40 4 4
44 42 4 4
45 40 4 4
45 41 4 4
46 40 4 4
46 41 4 4
47 42 4 4
47 44 4 4
48 40 4 4
48 43 4 4
49 45 4 4
49 43 4 4
40 47 4 4
40 49 4 4
41 49 4 4
41 44 4 4
52 50 5 5
52 51 5 5
53 52 5 5
53 51 5 5
54 52 5 5
54 53 5 5
55 51 5 5
55 50 5 5
56 55 5 5
56 50 5 5
57 55 5 5
57 50 5 5
58 55 5 5
58 52 5 5
59 58 5 5
59 51 5 5
50 58 5 5
50 54 5 5
51 57 5 5
51 54 5 5
62 61 6 6
62 60 6 6
63 62 6 6
63 61 6 6
64 63 6 6
64 61 6 6
65 62 6 6
65 60 6 6
66 61 6 6
66 60 6 6
67 62 6 6
67 66 6 6
68 60 6 6
68 64 6 6
69 67 6 6
69 66 6 6
60 64 6 6
60 63 6 6
61 68 6 6
61 65 6 6
72 71 7 7
72 70 7 7
73 71 7 7
73 72 7 7
74 71 7 7
74 73 7 7
75 73 7 7
75 74 7 7
76 71 7 7
76 72 7 7
77 71 7 7
77 75 7 7
78 74 7 7
78 72 7 7
79 73 7 7
79 72 7 7
70 76 7 7
70 74 7 7
71 78 7 7
71 75 7 7
20 11 2 1
29 0 2 0
32 8 3 0
31 15 3 1
42 15 4 1
43 3 4 0
56 30 5 3
54 4 5 0
60 55 6 5
60 31 6 3
75 50 7 5
77 43 7 4
2 71 0 7
9 64 0 6
16 54 1 5
15 63 1 6
