swNum = 80
edgeNum = 176

0 0
1 0
2 0
3 0
4 0
5 0
6 0
7 0
8 0
9 0
10 1
11 1
12 1
13 1
14 1
15 1
16 1
17 1
18 1
19 1
20 2
21 2
22 2
23 2
24 2
25 2
26 2
27 2
28 2
29 2
30 3
31 3
32 3
33 3
34 3
35 3
36 3
37 3
38 3
39 3
40 4
41 4
42 4
43 4
44 4
45 4
46 4
47 4
48 4
49 4
50 5
51 5
52 5
53 5
54 5
55 5
56 5
57 5
58 5
59 5
60 6
61 6
62 6
63 6
64 6
65 6
66 6
67 6
68 6
69 6
70 7
71 7
72 7
73 7
74 7
75 7
76 7
77 7
78 7
79 7

2 1 0 0
2 0 0 0
3 1 0 0
3 0 0 0
4 1 0 0
4 3 0 0
5 2 0 0
5 0 0 0
6 5 0 0
6 1 0 0
7 2 0 0
7 0 0 0
8 6 0 0
8 2 0 0
9 1 0 0
9 7 0 0
0 8 0 0
0 6 0 0
1 8 0 0
1 5 0 0
12 11 1 1
12 10 1 1
13 11 1 1
13 10 1 1
14 11 1 1
14 13 1 1
15 11 1 1
15 14 1 1
16 10 1 1
16 12 1 1
17 10 1 1
17 11 1 1
18 13 1 1
18 15 1 1
19 16 1 1
19 12 1 1
10 18 1 1
10 19 1 1
11 19 1 1
11 18 1 1
22 20 2 2
22 21 2 2
23 22 2 2
23 20 2 2
24 21 2 2
24 20 2 2
25 22 2 2
25 24 2 2
26 20 2 2
26 24 2 2
27 22 2 2
27 25 2 2
28 26 2 2
28 21 2 2
29 22 2 2
29 23 2 2
20 27 2 2
20 28 2 2
21 26 2 2
21 27 2 2
32 31 3 3
32 30 3 3
33 32 3 3
33 30 3 3
34 33 3 3
34 31 3 3
35 32 3 3
35 30 3 3
36 34 3 3
36 30 3 3
37 33 3 3
37 32 3 3
38 32 3 3
38 35 3 3
39 34 3 3
39 36 3 3
30 38 3 3
30 37 3 3
31 36 3 3
31 33 3 3
42 40 4 4
42 41 4 4
43 42 4 4
43 40 4 4
44 43 4 4
44 42 4 4
45 41 4 4
45 42 4 4
46 40 4 4
46 41 4 4
47 45 4 4
47 40 4 4
48 40 4 4
48 46 4 4
49 42 4 4
49 47 4 4
40 49 4 4
40 44 4 4
41 48 4 4
41 43 4 4
52 51 5 5
52 50 5 5
53 52 5 5
53 51 5 5
54 52 5 5
54 50 5 5
55 53 5 5
55 51 5 5
56 51 5 5
56 52 5 5
57 54 5 5
57 50 5 5
58 55 5 5
58 51 5 5
59 54 5 5
59 58 5 5
50 56 5 5
50 58 5 5
51 57 5 5
51 54 5 5
62 60 6 6
62 61 6 6
63 61 6 6
63 60 6 6
64 60 6 6
64 61 6 6
65 61 6 6
65 64 6 6
66 63 6 6
66 60 6 6
67 62 6 6
67 66 6 6
68 65 6 6
68 64 6 6
69 65 6 6
69 62 6 6
60 65 6 6
60 69 6 6
61 68 6 6
61 69 6 6
72 70 7 7
72 71 7 7
73 70 7 7
73 72 7 7
74 73 7 7
74 71 7 7
75 74 7 7
75 71 7 7
76 72 7 7
76 75 7 7
77 73 7 7
77 71 7 7
78 76 7 7
78 74 7 7
79 75 7 7
79 70 7 7
70 76 7 7
70 77 7 7
71 78 7 7
71 76 7 7
20 3 2 0
23 11 2 1
31 3 3 0
37 18 3 1
48 27 4 2
47 5 4 0
57 21 5 2
55 4 5 0
65 41 6 4
64 52 6 5
71 36 7 3
70 24 7 2
9 76 0 7
7 65 0 6
16 79 1 7
12 48 1 4
