swNum = 80
edgeNum = 176

0 0
1 0
2 0
3 0
4 0
5 0
6 0
7 0
8 0
9 0
10 1
11 1
12 1
13 1
14 1
15 1
16 1
17 1
18 1
19 1
20 2
21 2
22 2
23 2
24 2
25 2
26 2
27 2
28 2
29 2
30 3
31 3
32 3
33 3
34 3
35 3
36 3
37 3
38 3
39 3
40 4
41 4
42 4
43 4
44 4
45 4
46 4
47 4
48 4
49 4
50 5
51 5
52 5
53 5
54 5
55 5
56 5
57 5
58 5
59 5
60 6
61 6
62 6
63 6
64 6
65 6
66 6
67 6
68 6
69 6
70 7
71 7
72 7
73 7
74 7
75 7
76 7
77 7
78 7
79 7

2 1 0 0
2 0 0 0
3 2 0 0
3 1 0 0
4 1 0 0
4 3 0 0
5 4 0 0
5 3 0 0
6 5 0 0
6 0 0 0
7 4 0 0
7 0 0 0
8 5 0 0
8 2 0 0
9 5 0 0
9 3 0 0
0 5 0 0
0 9 0 0
1 8 0 0
1 5 0 0
12 10 1 1
12 11 1 1
13 10 1 1
13 12 1 1
14 10 1 1
14 12 1 1
15 10 1 1
15 11 1 1
16 11 1 1
16 14 1 1
17 12 1 1
17 16 1 1
18 17 1 1
18 15 1 1
19 18 1 1
19 10 1 1
10 16 1 1
10 18 1 1
11 18 1 1
11 13 1 1
22 21 2 2
22 20 2 2
23 20 2 2
23 22 2 2
24 20 2 2
24 23 2 2
25 22 2 2
25 24 2 2
26 25 2 2
26 22 2 2
27 23 2 2
27 22 2 2
28 20 2 2
28 23 2 2
29 24 2 2
29 20 2 2
20 27 2 2
20 26 2 2
21 23 2 2
21 24 2 2
32 31 3 3
32 30 3 3
33 31 3 3
33 32 3 3
34 33 3 3
34 32 3 3
35 32 3 3
35 34 3 3
36 33 3 3
36 35 3 3
37 33 3 3
37 32 3 3
38 31 3 3
38 34 3 3
39 38 3 3
39 30 3 3
30 38 3 3
30 36 3 3
31 34 3 3
31 37 3 3
42 40 4 4
42 41 4 4
43 42 4 4
43 40 4 4
44 43 4 4
44 40 4 4
45 43 4 4
45 42 4 4
46 42 4 4
46 45 4 4
47 43 4 4
47 45 4 4
48 47 4 4
48 43 4 4
49 41 4 4
49 45 4 4
40 47 4 4
40 45 4 4
41 46 4 4
41 47 4 4
52 51 5 5
52 50 5 5
53 51 5 5
53 50 5 5
54 53 5 5
54 50 5 5
55 54 5 5
55 50 5 5
56 53 5 5
56 50 5 5
57 56 5 5
57 50 5 5
58 55 5 5
58 54 5 5
59 58 5 5
59 56 5 5
50 59 5 5
50 58 5 5
51 57 5 5
51 56 5 5
62 61 6 6
62 60 6 6
63 60 6 6
63 62 6 6
64 60 6 6
64 62 6 6
65 61 6 6
65 64 6 6
66 60 6 6
66 62 6 6
67 66 6 6
67 63 6 6
68 65 6 6
68 61 6 6
69 68 6 6
69 63 6 6
60 69 6 6
60 67 6 6
61 66 6 6
61 69 6 6
72 71 7 7
72 70 7 7
73 72 7 7
73 71 7 7
74 72 7 7
74 71 7 7
75 73 7 7
75 70 7 7
76 75 7 7
76 70 7 7
77 75 7 7
77 76 7 7
78 71 7 7
78 75 7 7
79 71 7 7
79 73 7 7
70 79 7 7
70 73 7 7
71 77 7 7
71 76 7 7
27 17 2 1
27 5 2 0
30 14 3 1
37 25 3 2
42 7 4 0
48 26 4 2
56 18 5 1
58 40 5 4
67 33 6 3
67 7 6 0
78 35 7 3
71 4 7 0
0 37 0 3
4 59 0 5
17 67 1 6
19 47 1 4
