swNum = 80
edgeNum = 176

0 0
1 0
2 0
3 0
4 0
5 0
6 0
7 0
8 0
9 0
10 1
11 1
12 1
13 1
14 1
15 1
16 1
17 1
18 1
19 1
20 2
21 2
22 2
23 2
24 2
25 2
26 2
27 2
28 2
29 2
30 3
31 3
32 3
33 3
34 3
35 3
36 3
37 3
38 3
39 3
40 4
41 4
42 4
43 4
44 4
45 4
46 4
47 4
48 4
49 4
50 5
51 5
52 5
53 5
54 5
55 5
56 5
57 5
58 5
59 5
60 6
61 6
62 6
63 6
64 6
65 6
66 6
67 6
68 6
69 6
70 7
71 7
72 7
73 7
74 7
75 7
76 7
77 7
78 7
79 7

2 1 0 0
2 0 0 0
3 2 0 0
3 1 0 0
4 0 0 0
4 2 0 0
5 4 0 0
5 0 0 0
6 0 0 0
6 2 0 0
7 5 0 0
7 2 0 0
8 2 0 0
8 1 0 0
9 0 0 0
9 3 0 0
0 3 0 0
0 7 0 0
1 9 0 0
1 7 0 0
12 11 1 1
12 10 1 1
13 11 1 1
13 12 1 1
14 10 1 1
14 12 1 1
15 10 1 1
15 14 1 1
16 15 1 1
16 12 1 1
17 16 1 1
17 10 1 1
18 10 1 1
18 12 1 1
19 12 1 1
19 17 1 1
10 13 1 1
10 19 1 1
11 17 1 1
11 14 1 1
22 21 2 2
22 20 2 2
23 21 2 2
23 22 2 2
24 20 2 2
24 22 2 2
25 23 2 2
25 24 2 2
26 25 2 2
26 23 2 2
27 20 2 2
27 26 2 2
28 26 2 2
28 22 2 2
29 27 2 2
29 22 2 2
20 23 2 2
20 29 2 2
21 28 2 2
21 25 2 2
32 31 3 3
32 30 3 3
33 30 3 3
33 32 3 3
34 32 3 3
34 33 3 3
35 31 3 3
35 32 3 3
36 34 3 3
36 33 3 3
37 32 3 3
37 36 3 3
38 36 3 3
38 34 3 3
39 33 3 3
39 38 3 3
30 37 3 3
30 35 3 3
31 38 3 3
31 39 3 3
42 41 4 4
42 40 4 4
43 41 4 4
43 40 4 4
44 42 4 4
44 43 4 4
45 41 4 4
45 44 4 4
46 45 4 4
46 41 4 4
47 42 4 4
47 46 4 4
48 40 4 4
48 42 4 4
49 48 4 4
49 46 4 4
40 47 4 4
40 45 4 4
41 47 4 4
41 48 4 4
52 50 5 5
52 51 5 5
53 52 5 5
53 50 5 5
54 50 5 5
54 52 5 5
55 52 5 5
55 50 5 5
56 55 5 5
56 50 5 5
57 50 5 5
57 51 5 5
58 53 5 5
58 54 5 5
59 51 5 5
59 53 5 5
50 59 5 5
50 58 5 5
51 58 5 5
51 56 5 5
62 60 6 6
62 61 6 6
63 62 6 6
63 60 6 6
64 61 6 6
64 63 6 6
65 61 6 6
65 64 6 6
66 64 6 6
66 60 6 6
67 60 6 6
67 66 6 6
68 62 6 6
68 66 6 6
69 61 6 6
69 64 6 6
60 69 6 6
60 64 6 6
61 66 6 6
61 67 6 6
72 70 7 7
72 71 7 7
73 71 7 7
73 70 7 7
74 71 7 7
74 72 7 7
75 73 7 7
75 70 7 7
76 71 7 7
76 73 7 7
77 74 7 7
77 73 7 7
78 76 7 7
78 70 7 7
79 76 7 7
79 71 7 7
70 76 7 7
70 79 7 7
71 77 7 7
71 78 7 7
21 18 2 1
25 2 2 0
34 5 3 0
31 23 3 2
46 3 4 0
49 39 4 3
54 24 5 2
56 12 5 1
67 18 6 1
69 52 6 5
71 50 7 5
72 31 7 3
1 73 0 7
4 52 0 5
17 71 1 7
15 45 1 4
