swNum = 80
edgeNum = 175

0 0
1 0
2 0
3 0
4 0
5 0
6 0
7 0
8 0
9 0
10 1
11 1
12 1
13 1
14 1
15 1
16 1
17 1
18 1
19 1
20 2
21 2
22 2
23 2
24 2
25 2
26 2
27 2
28 2
29 2
30 3
31 3
32 3
33 3
34 3
35 3
36 3
37 3
38 3
39 3
40 4
41 4
42 4
43 4
44 4
45 4
46 4
47 4
48 4
49 4
50 5
51 5
52 5
53 5
54 5
55 5
56 5
57 5
58 5
59 5
60 6
61 6
62 6
63 6
64 6
65 6
66 6
67 6
68 6
69 6
70 7
71 7
72 7
73 7
74 7
75 7
76 7
77 7
78 7
79 7

2 1 0 0
2 0 0 0
3 1 0 0
3 2 0 0
4 1 0 0
4 3 0 0
5 1 0 0
5 2 0 0
6 1 0 0
6 3 0 0
7 6 0 0
7 0 0 0
8 3 0 0
8 5 0 0
9 3 0 0
9 2 0 0
0 4 0 0
0 5 0 0
1 8 0 0
1 7 0 0
12 10 1 1
12 11 1 1
13 11 1 1
13 12 1 1
14 12 1 1
14 10 1 1
15 12 1 1
15 10 1 1
16 13 1 1
16 12 1 1
17 16 1 1
17 13 1 1
18 11 1 1
18 17 1 1
19 13 1 1
19 11 1 1
10 18 1 1
10 13 1 1
11 16 1 1
11 17 1 1
22 20 2 2
22 21 2 2
23 20 2 2
23 22 2 2
24 20 2 2
24 22 2 2
25 20 2 2
25 21 2 2
26 22 2 2
26 23 2 2
27 20 2 2
27 26 2 2
28 20 2 2
28 21 2 2
29 23 2 2
29 26 2 2
20 26 2 2
20 29 2 2
21 27 2 2
21 29 2 2
32 30 3 3
32 31 3 3
33 32 3 3
33 31 3 3
34 31 3 3
34 30 3 3
35 34 3 3
35 33 3 3
36 31 3 3
36 35 3 3
37 36 3 3
37 31 3 3
38 30 3 3
38 36 3 3
39 30 3 3
39 38 3 3
30 36 3 3
30 37 3 3
31 38 3 3
31 35 3 3
42 40 4 4
42 41 4 4
43 42 4 4
43 41 4 4
44 41 4 4
44 42 4 4
45 44 4 4
45 41 4 4
46 42 4 4
46 45 4 4
47 43 4 4
47 46 4 4
48 43 4 4
48 46 4 4
49 43 4 4
49 41 4 4
40 45 4 4
40 46 4 4
41 47 4 4
41 48 4 4
52 50 5 5
52 51 5 5
53 50 5 5
53 52 5 5
54 51 5 5
54 50 5 5
55 51 5 5
55 52 5 5
56 52 5 5
56 55 5 5
57 52 5 5
57 54 5 5
58 50 5 5
58 53 5 5
59 57 5 5
59 50 5 5
50 55 5 5
50 57 5 5
51 59 5 5
51 57 5 5
62 60 6 6
62 61 6 6
63 61 6 6
63 60 6 6
64 61 6 6
64 63 6 6
65 63 6 6
65 62 6 6
66 62 6 6
66 64 6 6
67 65 6 6
67 64 6 6
68 64 6 6
68 61 6 6
69 62 6 6
69 61 6 6
60 68 6 6
60 64 6 6
61 66 6 6
61 67 6 6
72 70 7 7
72 71 7 7
73 70 7 7
73 71 7 7
74 73 7 7
74 72 7 7
75 74 7 7
75 71 7 7
76 70 7 7
76 74 7 7
77 75 7 7
77 73 7 7
78 70 7 7
78 71 7 7
79 73 7 7
79 76 7 7
70 75 7 7
70 77 7 7
71 74 7 7
71 77 7 7
20 12 2 1
25 0 2 0
36 19 3 1
38 27 3 2
47 9 4 0
47 39 4 3
59 10 5 1
54 25 5 2
60 15 6 1
62 40 6 4
71 46 7 4
70 13 7 1
8 52 0 5
0 65 0 6
19 46 1 4
