swNum = 80
edgeNum = 176

0 0
1 0
2 0
3 0
4 0
5 0
6 0
7 0
8 0
9 0
10 1
11 1
12 1
13 1
14 1
15 1
16 1
17 1
18 1
19 1
20 2
21 2
22 2
23 2
24 2
25 2
26 2
27 2
28 2
29 2
30 3
31 3
32 3
33 3
34 3
35 3
36 3
37 3
38 3
39 3
40 4
41 4
42 4
43 4
44 4
45 4
46 4
47 4
48 4
49 4
50 5
51 5
52 5
53 5
54 5
55 5
56 5
57 5
58 5
59 5
60 6
61 6
62 6
63 6
64 6
65 6
66 6
67 6
68 6
69 6
70 7
71 7
72 7
73 7
74 7
75 7
76 7
77 7
78 7
79 7

2 1 0 0
2 0 0 0
3 2 0 0
3 0 0 0
4 3 0 0
4 2 0 0
5 1 0 0
5 0 0 0
6 4 0 0
6 1 0 0
7 1 0 0
7 4 0 0
8 5 0 0
8 1 0 0
9 7 0 0
9 5 0 0
0 4 0 0
0 8 0 0
1 4 0 0
1 9 0 0
12 10 1 1
12 11 1 1
13 11 1 1
13 12 1 1
14 10 1 1
14 12 1 1
15 13 1 1
15 12 1 1
16 13 1 1
16 15 1 1
17 14 1 1
17 12 1 1
18 16 1 1
18 14 1 1
19 12 1 1
19 17 1 1
10 17 1 1
10 13 1 1
11 18 1 1
11 16 1 1
22 21 2 2
22 20 2 2
23 22 2 2
23 20 2 2
24 23 2 2
24 22 2 2
25 21 2 2
25 20 2 2
26 25 2 2
26 21 2 2
27 23 2 2
27 21 2 2
28 21 2 2
28 22 2 2
29 26 2 2
29 24 2 2
20 29 2 2
20 27 2 2
21 23 2 2
21 29 2 2
32 31 3 3
32 30 3 3
33 32 3 3
33 31 3 3
34 32 3 3
34 33 3 3
35 31 3 3
35 33 3 3
36 31 3 3
36 30 3 3
37 30 3 3
37 35 3 3
38 34 3 3
38 36 3 3
39 30 3 3
39 34 3 3
30 38 3 3
30 35 3 3
31 39 3 3
31 37 3 3
42 40 4 4
42 41 4 4
43 40 4 4
43 42 4 4
44 43 4 4
44 42 4 4
45 44 4 4
45 40 4 4
46 43 4 4
46 40 4 4
47 43 4 4
47 40 4 4
48 41 4 4
48 42 4 4
49 40 4 4
49 44 4 4
40 44 4 4
40 48 4 4
41 45 4 4
41 46 4 4
52 50 5 5
52 51 5 5
53 50 5 5
53 51 5 5
54 52 5 5
54 50 5 5
55 53 5 5
55 54 5 5
56 50 5 5
56 52 5 5
57 53 5 5
57 52 5 5
58 55 5 5
58 54 5 5
59 57 5 5
59 54 5 5
50 55 5 5
50 57 5 5
51 57 5 5
51 56 5 5
62 60 6 6
62 61 6 6
63 62 6 6
63 61 6 6
64 63 6 6
64 61 6 6
65 62 6 6
65 61 6 6
66 62 6 6
66 60 6 6
67 62 6 6
67 65 6 6
68 66 6 6
68 60 6 6
69 62 6 6
69 67 6 6
60 63 6 6
60 69 6 6
61 69 6 6
61 68 6 6
72 71 7 7
72 70 7 7
73 71 7 7
73 72 7 7
74 73 7 7
74 72 7 7
75 72 7 7
75 73 7 7
76 75 7 7
76 73 7 7
77 75 7 7
77 74 7 7
78 74 7 7
78 75 7 7
79 72 7 7
79 71 7 7
70 76 7 7
70 78 7 7
71 75 7 7
71 74 7 7
21 13 2 1
24 7 2 0
37 4 3 0
30 27 3 2
48 1 4 0
49 19 4 1
57 39 5 3
55 49 5 4
61 34 6 3
60 17 6 1
73 43 7 4
75 39 7 3
2 75 0 7
4 52 0 5
14 50 1 5
16 30 1 3
