swNum = 80
edgeNum = 176

0 0
1 0
2 0
3 0
4 0
5 0
6 0
7 0
8 0
9 0
10 1
11 1
12 1
13 1
14 1
15 1
16 1
17 1
18 1
19 1
20 2
21 2
22 2
23 2
24 2
25 2
26 2
27 2
28 2
29 2
30 3
31 3
32 3
33 3
34 3
35 3
36 3
37 3
38 3
39 3
40 4
41 4
42 4
43 4
44 4
45 4
46 4
47 4
48 4
49 4
50 5
51 5
52 5
53 5
54 5
55 5
56 5
57 5
58 5
59 5
60 6
61 6
62 6
63 6
64 6
65 6
66 6
67 6
68 6
69 6
70 7
71 7
72 7
73 7
74 7
75 7
76 7
77 7
78 7
79 7

2 0 0 0
2 1 0 0
3 2 0 0
3 1 0 0
4 1 0 0
4 0 0 0
5 2 0 0
5 3 0 0
6 1 0 0
6 5 0 0
7 5 0 0
7 6 0 0
8 6 0 0
8 1 0 0
9 8 0 0
9 6 0 0
0 5 0 0
0 9 0 0
1 5 0 0
1 7 0 0
12 11 1 1
12 10 1 1
13 10 1 1
13 11 1 1
14 10 1 1
14 11 1 1
15 13 1 1
15 14 1 1
16 13 1 1
16 11 1 1
17 14 1 1
17 16 1 1
18 16 1 1
18 15 1 1
19 17 1 1
19 18 1 1
10 15 1 1
10 19 1 1
11 17 1 1
11 19 1 1
22 20 2 2
22 21 2 2
23 20 2 2
23 21 2 2
24 23 2 2
24 20 2 2
25 24 2 2
25 22 2 2
26 24 2 2
26 22 2 2
27 20 2 2
27 26 2 2
28 26 2 2
28 25 2 2
29 27 2 2
29 22 2 2
20 26 2 2
20 25 2 2
21 25 2 2
21 28 2 2
32 30 3 3
32 31 3 3
33 32 3 3
33 30 3 3
34 33 3 3
34 32 3 3
35 31 3 3
35 32 3 3
36 32 3 3
36 34 3 3
37 35 3 3
37 34 3 3
38 30 3 3
38 32 3 3
39 36 3 3
39 31 3 3
30 35 3 3
30 39 3 3
31 37 3 3
31 36 3 3
42 41 4 4
42 40 4 4
43 42 4 4
43 40 4 4
44 40 4 4
44 43 4 4
45 44 4 4
45 40 4 4
46 45 4 4
46 43 4 4
47 41 4 4
47 43 4 4
48 47 4 4
48 46 4 4
49 41 4 4
49 40 4 4
40 47 4 4
40 46 4 4
41 44 4 4
41 43 4 4
52 51 5 5
52 50 5 5
53 52 5 5
53 51 5 5
54 50 5 5
54 53 5 5
55 53 5 5
55 50 5 5
56 53 5 5
56 52 5 5
57 50 5 5
57 51 5 5
58 56 5 5
58 57 5 5
59 53 5 5
59 52 5 5
50 58 5 5
50 53 5 5
51 55 5 5
51 59 5 5
62 60 6 6
62 61 6 6
63 60 6 6
63 62 6 6
64 61 6 6
64 62 6 6
65 60 6 6
65 62 6 6
66 60 6 6
66 65 6 6
67 64 6 6
67 61 6 6
68 63 6 6
68 66 6 6
69 65 6 6
69 67 6 6
60 67 6 6
60 68 6 6
61 65 6 6
61 69 6 6
72 71 7 7
72 70 7 7
73 71 7 7
73 70 7 7
74 72 7 7
74 70 7 7
75 72 7 7
75 71 7 7
76 70 7 7
76 72 7 7
77 75 7 7
77 73 7 7
78 71 7 7
78 77 7 7
79 74 7 7
79 75 7 7
70 79 7 7
70 75 7 7
71 77 7 7
71 76 7 7
20 5 2 0
29 13 2 1
31 9 3 0
31 27 3 2
42 12 4 1
42 36 4 3
59 38 5 3
50 2 5 0
65 36 6 3
68 4 6 0
72 19 7 1
70 49 7 4
9 42 0 4
9 79 0 7
19 64 1 6
10 34 1 3
