swNum = 80
edgeNum = 175

0 0
1 0
2 0
3 0
4 0
5 0
6 0
7 0
8 0
9 0
10 1
11 1
12 1
13 1
14 1
15 1
16 1
17 1
18 1
19 1
20 2
21 2
22 2
23 2
24 2
25 2
26 2
27 2
28 2
29 2
30 3
31 3
32 3
33 3
34 3
35 3
36 3
37 3
38 3
39 3
40 4
41 4
42 4
43 4
44 4
45 4
46 4
47 4
48 4
49 4
50 5
51 5
52 5
53 5
54 5
55 5
56 5
57 5
58 5
59 5
60 6
61 6
62 6
63 6
64 6
65 6
66 6
67 6
68 6
69 6
70 7
71 7
72 7
73 7
74 7
75 7
76 7
77 7
78 7
79 7

2 1 0 0
2 0 0 0
3 1 0 0
3 0 0 0
4 1 0 0
4 2 0 0
5 4 0 0
5 1 0 0
6 4 0 0
6 0 0 0
7 1 0 0
7 3 0 0
8 5 0 0
8 1 0 0
9 2 0 0
9 1 0 0
0 7 0 0
0 4 0 0
1 6 0 0
12 10 1 1
12 11 1 1
13 11 1 1
13 12 1 1
14 13 1 1
14 11 1 1
15 12 1 1
15 14 1 1
16 13 1 1
16 14 1 1
17 14 1 1
17 10 1 1
18 10 1 1
18 13 1 1
19 14 1 1
19 11 1 1
10 13 1 1
10 16 1 1
11 16 1 1
11 17 1 1
22 21 2 2
22 20 2 2
23 22 2 2
23 20 2 2
24 22 2 2
24 21 2 2
25 23 2 2
25 22 2 2
26 25 2 2
26 20 2 2
27 24 2 2
27 22 2 2
28 22 2 2
28 27 2 2
29 20 2 2
29 23 2 2
20 24 2 2
20 25 2 2
21 26 2 2
21 23 2 2
32 31 3 3
32 30 3 3
33 31 3 3
33 30 3 3
34 31 3 3
34 33 3 3
35 32 3 3
35 31 3 3
36 31 3 3
36 32 3 3
37 35 3 3
37 36 3 3
38 34 3 3
38 30 3 3
39 30 3 3
39 34 3 3
30 34 3 3
30 35 3 3
31 37 3 3
31 38 3 3
42 41 4 4
42 40 4 4
43 40 4 4
43 42 4 4
44 42 4 4
44 41 4 4
45 42 4 4
45 41 4 4
46 43 4 4
46 40 4 4
47 41 4 4
47 42 4 4
48 43 4 4
48 40 4 4
49 46 4 4
49 44 4 4
40 45 4 4
40 44 4 4
41 43 4 4
41 46 4 4
52 50 5 5
52 51 5 5
53 50 5 5
53 51 5 5
54 50 5 5
54 52 5 5
55 50 5 5
55 51 5 5
56 53 5 5
56 52 5 5
57 53 5 5
57 55 5 5
58 54 5 5
58 56 5 5
59 54 5 5
59 58 5 5
50 59 5 5
50 58 5 5
51 57 5 5
51 59 5 5
62 61 6 6
62 60 6 6
63 62 6 6
63 61 6 6
64 63 6 6
64 61 6 6
65 63 6 6
65 60 6 6
66 61 6 6
66 65 6 6
67 63 6 6
67 65 6 6
68 64 6 6
68 62 6 6
69 60 6 6
69 61 6 6
60 66 6 6
60 67 6 6
61 67 6 6
61 68 6 6
72 70 7 7
72 71 7 7
73 72 7 7
73 71 7 7
74 73 7 7
74 70 7 7
75 72 7 7
75 70 7 7
76 74 7 7
76 71 7 7
77 72 7 7
77 74 7 7
78 74 7 7
78 70 7 7
79 72 7 7
79 73 7 7
70 77 7 7
70 73 7 7
71 74 7 7
71 79 7 7
20 14 2 1
26 2 2 0
31 26 3 2
38 16 3 1
42 12 4 1
43 26 4 2
56 26 5 2
57 3 5 0
61 7 6 0
67 56 6 5
78 21 7 2
72 59 7 5
5 72 0 7
4 40 0 4
12 72 1 7
18 62 1 6
