swNum = 80
edgeNum = 174

0 0
1 0
2 0
3 0
4 0
5 0
6 0
7 0
8 0
9 0
10 1
11 1
12 1
13 1
14 1
15 1
16 1
17 1
18 1
19 1
20 2
21 2
22 2
23 2
24 2
25 2
26 2
27 2
28 2
29 2
30 3
31 3
32 3
33 3
34 3
35 3
36 3
37 3
38 3
39 3
40 4
41 4
42 4
43 4
44 4
45 4
46 4
47 4
48 4
49 4
50 5
51 5
52 5
53 5
54 5
55 5
56 5
57 5
58 5
59 5
60 6
61 6
62 6
63 6
64 6
65 6
66 6
67 6
68 6
69 6
70 7
71 7
72 7
73 7
74 7
75 7
76 7
77 7
78 7
79 7

2 0 0 0
2 1 0 0
3 1 0 0
3 0 0 0
4 0 0 0
4 2 0 0
5 0 0 0
5 1 0 0
6 4 0 0
6 2 0 0
7 0 0 0
7 6 0 0
8 0 0 0
8 1 0 0
9 5 0 0
9 0 0 0
0 6 0 0
1 9 0 0
1 6 0 0
12 11 1 1
12 10 1 1
13 11 1 1
13 12 1 1
14 13 1 1
14 11 1 1
15 12 1 1
15 13 1 1
16 10 1 1
16 14 1 1
17 11 1 1
17 13 1 1
18 10 1 1
18 15 1 1
19 12 1 1
19 15 1 1
10 19 1 1
10 14 1 1
11 16 1 1
11 19 1 1
22 21 2 2
22 20 2 2
23 20 2 2
23 22 2 2
24 22 2 2
24 21 2 2
25 22 2 2
25 23 2 2
26 22 2 2
26 20 2 2
27 26 2 2
27 21 2 2
28 21 2 2
28 27 2 2
29 20 2 2
29 28 2 2
20 27 2 2
20 25 2 2
21 26 2 2
21 29 2 2
32 31 3 3
32 30 3 3
33 30 3 3
33 31 3 3
34 32 3 3
34 30 3 3
35 31 3 3
35 34 3 3
36 32 3 3
36 33 3 3
37 30 3 3
37 31 3 3
38 37 3 3
38 32 3 3
39 31 3 3
39 37 3 3
30 36 3 3
30 39 3 3
31 34 3 3
31 36 3 3
42 40 4 4
42 41 4 4
43 40 4 4
43 41 4 4
44 40 4 4
44 41 4 4
45 40 4 4
45 41 4 4
46 43 4 4
46 40 4 4
47 44 4 4
47 40 4 4
48 46 4 4
48 45 4 4
49 42 4 4
49 40 4 4
40 48 4 4
41 49 4 4
41 48 4 4
52 50 5 5
52 51 5 5
53 51 5 5
53 50 5 5
54 53 5 5
54 50 5 5
55 54 5 5
55 53 5 5
56 55 5 5
56 53 5 5
57 51 5 5
57 56 5 5
58 53 5 5
58 55 5 5
59 58 5 5
59 57 5 5
50 55 5 5
50 56 5 5
51 58 5 5
51 56 5 5
62 61 6 6
62 60 6 6
63 61 6 6
63 60 6 6
64 62 6 6
64 60 6 6
65 62 6 6
65 61 6 6
66 63 6 6
66 62 6 6
67 63 6 6
67 66 6 6
68 66 6 6
68 63 6 6
69 67 6 6
69 66 6 6
60 66 6 6
60 68 6 6
61 66 6 6
61 67 6 6
72 71 7 7
72 70 7 7
73 70 7 7
73 71 7 7
74 72 7 7
74 71 7 7
75 72 7 7
75 70 7 7
76 72 7 7
76 74 7 7
77 70 7 7
77 71 7 7
78 77 7 7
78 72 7 7
79 72 7 7
79 71 7 7
70 78 7 7
70 79 7 7
71 75 7 7
71 76 7 7
22 4 2 0
28 15 2 1
32 12 3 1
31 5 3 0
47 22 4 2
43 31 4 3
56 6 5 0
58 17 5 1
63 11 6 1
64 44 6 4
77 48 7 4
73 67 7 6
1 60 0 6
3 76 0 7
15 40 1 4
19 72 1 7
