swNum = 80
edgeNum = 176

0 0
1 0
2 0
3 0
4 0
5 0
6 0
7 0
8 0
9 0
10 1
11 1
12 1
13 1
14 1
15 1
16 1
17 1
18 1
19 1
20 2
21 2
22 2
23 2
24 2
25 2
26 2
27 2
28 2
29 2
30 3
31 3
32 3
33 3
34 3
35 3
36 3
37 3
38 3
39 3
40 4
41 4
42 4
43 4
44 4
45 4
46 4
47 4
48 4
49 4
50 5
51 5
52 5
53 5
54 5
55 5
56 5
57 5
58 5
59 5
60 6
61 6
62 6
63 6
64 6
65 6
66 6
67 6
68 6
69 6
70 7
71 7
72 7
73 7
74 7
75 7
76 7
77 7
78 7
79 7

2 1 0 0
2 0 0 0
3 0 0 0
3 1 0 0
4 2 0 0
4 0 0 0
5 3 0 0
5 2 0 0
6 4 0 0
6 3 0 0
7 4 0 0
7 3 0 0
8 3 0 0
8 4 0 0
9 4 0 0
9 7 0 0
0 8 0 0
0 9 0 0
1 9 0 0
1 7 0 0
12 10 1 1
12 11 1 1
13 12 1 1
13 10 1 1
14 12 1 1
14 13 1 1
15 13 1 1
15 14 1 1
16 14 1 1
16 13 1 1
17 16 1 1
17 11 1 1
18 10 1 1
18 17 1 1
19 15 1 1
19 13 1 1
10 19 1 1
10 15 1 1
11 15 1 1
11 18 1 1
22 20 2 2
22 21 2 2
23 20 2 2
23 21 2 2
24 22 2 2
24 21 2 2
25 21 2 2
25 24 2 2
26 22 2 2
26 21 2 2
27 22 2 2
27 24 2 2
28 27 2 2
28 26 2 2
29 28 2 2
29 24 2 2
20 29 2 2
20 27 2 2
21 29 2 2
21 27 2 2
32 30 3 3
32 31 3 3
33 31 3 3
33 32 3 3
34 32 3 3
34 30 3 3
35 32 3 3
35 34 3 3
36 30 3 3
36 34 3 3
37 30 3 3
37 31 3 3
38 34 3 3
38 31 3 3
39 33 3 3
39 38 3 3
30 35 3 3
30 38 3 3
31 35 3 3
31 39 3 3
42 40 4 4
42 41 4 4
43 40 4 4
43 41 4 4
44 42 4 4
44 40 4 4
45 42 4 4
45 41 4 4
46 41 4 4
46 45 4 4
47 45 4 4
47 40 4 4
48 40 4 4
48 41 4 4
49 40 4 4
49 42 4 4
40 45 4 4
40 46 4 4
41 49 4 4
41 47 4 4
52 50 5 5
52 51 5 5
53 52 5 5
53 50 5 5
54 51 5 5
54 50 5 5
55 54 5 5
55 51 5 5
56 55 5 5
56 50 5 5
57 50 5 5
57 56 5 5
58 54 5 5
58 53 5 5
59 58 5 5
59 51 5 5
50 58 5 5
50 55 5 5
51 56 5 5
51 57 5 5
62 60 6 6
62 61 6 6
63 62 6 6
63 60 6 6
64 63 6 6
64 62 6 6
65 64 6 6
65 63 6 6
66 65 6 6
66 62 6 6
67 62 6 6
67 66 6 6
68 65 6 6
68 60 6 6
69 65 6 6
69 66 6 6
60 67 6 6
60 65 6 6
61 66 6 6
61 68 6 6
72 70 7 7
72 71 7 7
73 72 7 7
73 70 7 7
74 70 7 7
74 72 7 7
75 73 7 7
75 70 7 7
76 71 7 7
76 74 7 7
77 71 7 7
77 73 7 7
78 77 7 7
78 71 7 7
79 73 7 7
79 74 7 7
70 76 7 7
70 77 7 7
71 74 7 7
71 79 7 7
26 14 2 1
20 7 2 0
35 18 3 1
30 2 3 0
45 5 4 0
49 25 4 2
51 17 5 1
50 24 5 2
65 32 6 3
60 17 6 1
77 28 7 2
78 6 7 0
9 62 0 6
1 54 0 5
10 78 1 7
12 49 1 4
