swNum = 80
edgeNum = 174

0 0
1 0
2 0
3 0
4 0
5 0
6 0
7 0
8 0
9 0
10 1
11 1
12 1
13 1
14 1
15 1
16 1
17 1
18 1
19 1
20 2
21 2
22 2
23 2
24 2
25 2
26 2
27 2
28 2
29 2
30 3
31 3
32 3
33 3
34 3
35 3
36 3
37 3
38 3
39 3
40 4
41 4
42 4
43 4
44 4
45 4
46 4
47 4
48 4
49 4
50 5
51 5
52 5
53 5
54 5
55 5
56 5
57 5
58 5
59 5
60 6
61 6
62 6
63 6
64 6
65 6
66 6
67 6
68 6
69 6
70 7
71 7
72 7
73 7
74 7
75 7
76 7
77 7
78 7
79 7

2 1 0 0
2 0 0 0
3 0 0 0
3 2 0 0
4 1 0 0
4 2 0 0
5 1 0 0
5 3 0 0
6 5 0 0
6 4 0 0
7 0 0 0
7 3 0 0
8 6 0 0
8 5 0 0
9 4 0 0
9 2 0 0
0 5 0 0
0 9 0 0
1 9 0 0
1 7 0 0
12 11 1 1
12 10 1 1
13 11 1 1
13 10 1 1
14 11 1 1
14 12 1 1
15 10 1 1
15 11 1 1
16 14 1 1
16 12 1 1
17 12 1 1
17 11 1 1
18 16 1 1
18 13 1 1
19 15 1 1
19 14 1 1
10 19 1 1
10 14 1 1
11 16 1 1
11 19 1 1
22 20 2 2
22 21 2 2
23 22 2 2
23 20 2 2
24 22 2 2
24 20 2 2
25 22 2 2
25 24 2 2
26 20 2 2
26 21 2 2
27 25 2 2
27 24 2 2
28 26 2 2
28 23 2 2
29 26 2 2
29 20 2 2
20 27 2 2
20 28 2 2
21 28 2 2
21 29 2 2
32 30 3 3
32 31 3 3
33 30 3 3
33 31 3 3
34 32 3 3
34 30 3 3
35 32 3 3
35 31 3 3
36 32 3 3
36 30 3 3
37 35 3 3
37 32 3 3
38 34 3 3
38 32 3 3
39 30 3 3
39 32 3 3
30 38 3 3
30 37 3 3
31 39 3 3
31 38 3 3
42 41 4 4
42 40 4 4
43 40 4 4
43 41 4 4
44 43 4 4
44 42 4 4
45 43 4 4
45 41 4 4
46 41 4 4
46 42 4 4
47 42 4 4
47 40 4 4
48 43 4 4
48 47 4 4
49 43 4 4
49 42 4 4
40 46 4 4
40 45 4 4
41 49 4 4
41 44 4 4
52 50 5 5
52 51 5 5
53 51 5 5
53 50 5 5
54 51 5 5
54 50 5 5
55 52 5 5
55 50 5 5
56 55 5 5
56 52 5 5
57 54 5 5
57 53 5 5
58 50 5 5
58 52 5 5
59 53 5 5
59 50 5 5
50 57 5 5
50 56 5 5
51 59 5 5
51 57 5 5
62 60 6 6
62 61 6 6
63 62 6 6
63 60 6 6
64 61 6 6
64 63 6 6
65 60 6 6
65 61 6 6
66 60 6 6
66 61 6 6
67 63 6 6
67 62 6 6
68 63 6 6
68 65 6 6
69 68 6 6
69 63 6 6
60 69 6 6
60 64 6 6
61 69 6 6
61 68 6 6
72 71 7 7
72 70 7 7
73 70 7 7
73 72 7 7
74 73 7 7
74 70 7 7
75 73 7 7
75 72 7 7
76 72 7 7
76 73 7 7
77 73 7 7
77 70 7 7
78 71 7 7
78 75 7 7
79 70 7 7
79 77 7 7
70 78 7 7
70 76 7 7
71 76 7 7
71 73 7 7
26 2 2 0
23 13 2 1
33 20 3 2
35 12 3 1
47 18 4 1
49 4 4 0
52 13 5 1
54 7 5 0
61 17 6 1
67 30 6 3
75 17 7 1
70 20 7 2
7 33 0 3
9 79 0 7
