swNum = 80
edgeNum = 176

0 0
1 0
2 0
3 0
4 0
5 0
6 0
7 0
8 0
9 0
10 1
11 1
12 1
13 1
14 1
15 1
16 1
17 1
18 1
19 1
20 2
21 2
22 2
23 2
24 2
25 2
26 2
27 2
28 2
29 2
30 3
31 3
32 3
33 3
34 3
35 3
36 3
37 3
38 3
39 3
40 4
41 4
42 4
43 4
44 4
45 4
46 4
47 4
48 4
49 4
50 5
51 5
52 5
53 5
54 5
55 5
56 5
57 5
58 5
59 5
60 6
61 6
62 6
63 6
64 6
65 6
66 6
67 6
68 6
69 6
70 7
71 7
72 7
73 7
74 7
75 7
76 7
77 7
78 7
79 7

2 1 0 0
2 0 0 0
3 2 0 0
3 1 0 0
4 1 0 0
4 2 0 0
5 2 0 0
5 0 0 0
6 5 0 0
6 3 0 0
7 5 0 0
7 6 0 0
8 2 0 0
8 3 0 0
9 3 0 0
9 6 0 0
0 4 0 0
0 3 0 0
1 8 0 0
1 5 0 0
12 10 1 1
12 11 1 1
13 12 1 1
13 10 1 1
14 13 1 1
14 11 1 1
15 13 1 1
15 12 1 1
16 14 1 1
16 15 1 1
17 14 1 1
17 10 1 1
18 12 1 1
18 11 1 1
19 11 1 1
19 12 1 1
10 19 1 1
10 15 1 1
11 13 1 1
11 15 1 1
22 21 2 2
22 20 2 2
23 22 2 2
23 21 2 2
24 23 2 2
24 22 2 2
25 24 2 2
25 20 2 2
26 22 2 2
26 20 2 2
27 24 2 2
27 25 2 2
28 20 2 2
28 25 2 2
29 23 2 2
29 25 2 2
20 29 2 2
20 23 2 2
21 27 2 2
21 26 2 2
32 31 3 3
32 30 3 3
33 32 3 3
33 31 3 3
34 32 3 3
34 31 3 3
35 30 3 3
35 33 3 3
36 30 3 3
36 33 3 3
37 30 3 3
37 35 3 3
38 36 3 3
38 34 3 3
39 35 3 3
39 37 3 3
30 33 3 3
30 38 3 3
31 36 3 3
31 37 3 3
42 41 4 4
42 40 4 4
43 41 4 4
43 40 4 4
44 41 4 4
44 42 4 4
45 40 4 4
45 42 4 4
46 40 4 4
46 45 4 4
47 41 4 4
47 42 4 4
48 41 4 4
48 44 4 4
49 41 4 4
49 47 4 4
40 49 4 4
40 44 4 4
41 45 4 4
41 46 4 4
52 51 5 5
52 50 5 5
53 51 5 5
53 50 5 5
54 52 5 5
54 53 5 5
55 50 5 5
55 52 5 5
56 51 5 5
56 54 5 5
57 50 5 5
57 56 5 5
58 55 5 5
58 53 5 5
59 52 5 5
59 51 5 5
50 54 5 5
50 56 5 5
51 55 5 5
51 57 5 5
62 60 6 6
62 61 6 6
63 62 6 6
63 60 6 6
64 61 6 6
64 63 6 6
65 62 6 6
65 64 6 6
66 63 6 6
66 64 6 6
67 61 6 6
67 62 6 6
68 65 6 6
68 66 6 6
69 67 6 6
69 61 6 6
60 64 6 6
60 66 6 6
61 65 6 6
61 68 6 6
72 70 7 7
72 71 7 7
73 71 7 7
73 72 7 7
74 72 7 7
74 71 7 7
75 74 7 7
75 71 7 7
76 71 7 7
76 70 7 7
77 74 7 7
77 75 7 7
78 77 7 7
78 72 7 7
79 75 7 7
79 74 7 7
70 78 7 7
70 75 7 7
71 77 7 7
71 79 7 7
20 4 2 0
28 19 2 1
38 21 3 2
30 9 3 0
49 16 4 1
48 36 4 3
51 20 5 2
56 19 5 1
66 53 6 5
60 16 6 1
70 38 7 3
78 52 7 5
5 50 0 5
6 61 0 6
10 72 1 7
15 31 1 3
