swNum = 80
edgeNum = 176

0 0
1 0
2 0
3 0
4 0
5 0
6 0
7 0
8 0
9 0
10 1
11 1
12 1
13 1
14 1
15 1
16 1
17 1
18 1
19 1
20 2
21 2
22 2
23 2
24 2
25 2
26 2
27 2
28 2
29 2
30 3
31 3
32 3
33 3
34 3
35 3
36 3
37 3
38 3
39 3
40 4
41 4
42 4
43 4
44 4
45 4
46 4
47 4
48 4
49 4
50 5
51 5
52 5
53 5
54 5
55 5
56 5
57 5
58 5
59 5
60 6
61 6
62 6
63 6
64 6
65 6
66 6
67 6
68 6
69 6
70 7
71 7
72 7
73 7
74 7
75 7
76 7
77 7
78 7
79 7

2 0 0 0
2 1 0 0
3 0 0 0
3 2 0 0
4 0 0 0
4 1 0 0
5 2 0 0
5 0 0 0
6 2 0 0
6 0 0 0
7 3 0 0
7 6 0 0
8 7 0 0
8 3 0 0
9 3 0 0
9 4 0 0
0 9 0 0
0 8 0 0
1 3 0 0
1 8 0 0
12 11 1 1
12 10 1 1
13 12 1 1
13 10 1 1
14 11 1 1
14 12 1 1
15 14 1 1
15 10 1 1
16 10 1 1
16 11 1 1
17 14 1 1
17 13 1 1
18 12 1 1
18 11 1 1
19 13 1 1
19 16 1 1
10 19 1 1
10 17 1 1
11 13 1 1
11 15 1 1
22 21 2 2
22 20 2 2
23 21 2 2
23 22 2 2
24 20 2 2
24 23 2 2
25 22 2 2
25 23 2 2
26 20 2 2
26 24 2 2
27 25 2 2
27 22 2 2
28 27 2 2
28 26 2 2
29 26 2 2
29 22 2 2
20 28 2 2
20 23 2 2
21 26 2 2
21 28 2 2
32 31 3 3
32 30 3 3
33 30 3 3
33 31 3 3
34 33 3 3
34 32 3 3
35 33 3 3
35 34 3 3
36 30 3 3
36 32 3 3
37 30 3 3
37 36 3 3
38 30 3 3
38 37 3 3
39 31 3 3
39 34 3 3
30 34 3 3
30 35 3 3
31 37 3 3
31 34 3 3
42 40 4 4
42 41 4 4
43 41 4 4
43 42 4 4
44 42 4 4
44 43 4 4
45 44 4 4
45 43 4 4
46 44 4 4
46 42 4 4
47 40 4 4
47 42 4 4
48 44 4 4
48 46 4 4
49 47 4 4
49 44 4 4
40 49 4 4
40 43 4 4
41 49 4 4
41 48 4 4
52 50 5 5
52 51 5 5
53 52 5 5
53 51 5 5
54 52 5 5
54 51 5 5
55 50 5 5
55 54 5 5
56 55 5 5
56 51 5 5
57 50 5 5
57 56 5 5
58 52 5 5
58 55 5 5
59 50 5 5
59 56 5 5
50 58 5 5
50 53 5 5
51 58 5 5
51 59 5 5
62 61 6 6
62 60 6 6
63 61 6 6
63 60 6 6
64 60 6 6
64 63 6 6
65 62 6 6
65 61 6 6
66 60 6 6
66 62 6 6
67 62 6 6
67 63 6 6
68 61 6 6
68 67 6 6
69 60 6 6
69 65 6 6
60 68 6 6
60 67 6 6
61 66 6 6
61 69 6 6
72 70 7 7
72 71 7 7
73 70 7 7
73 72 7 7
74 72 7 7
74 73 7 7
75 73 7 7
75 70 7 7
76 72 7 7
76 74 7 7
77 71 7 7
77 75 7 7
78 73 7 7
78 70 7 7
79 75 7 7
79 71 7 7
70 76 7 7
70 79 7 7
71 74 7 7
71 75 7 7
27 16 2 1
29 8 2 0
32 25 3 2
34 11 3 1
41 19 4 1
40 34 4 3
51 25 5 2
55 45 5 4
65 28 6 2
67 30 6 3
74 27 7 2
73 12 7 1
9 56 0 5
8 30 0 3
13 66 1 6
19 55 1 5
