swNum = 80
edgeNum = 176

0 0
1 0
2 0
3 0
4 0
5 0
6 0
7 0
8 0
9 0
10 1
11 1
12 1
13 1
14 1
15 1
16 1
17 1
18 1
19 1
20 2
21 2
22 2
23 2
24 2
25 2
26 2
27 2
28 2
29 2
30 3
31 3
32 3
33 3
34 3
35 3
36 3
37 3
38 3
39 3
40 4
41 4
42 4
43 4
44 4
45 4
46 4
47 4
48 4
49 4
50 5
51 5
52 5
53 5
54 5
55 5
56 5
57 5
58 5
59 5
60 6
61 6
62 6
63 6
64 6
65 6
66 6
67 6
68 6
69 6
70 7
71 7
72 7
73 7
74 7
75 7
76 7
77 7
78 7
79 7

2 0 0 0
2 1 0 0
3 0 0 0
3 2 0 0
4 1 0 0
4 0 0 0
5 3 0 0
5 1 0 0
6 4 0 0
6 1 0 0
7 1 0 0
7 0 0 0
8 0 0 0
8 5 0 0
9 4 0 0
9 7 0 0
0 6 0 0
0 9 0 0
1 8 0 0
1 9 0 0
12 11 1 1
12 10 1 1
13 10 1 1
13 12 1 1
14 10 1 1
14 11 1 1
15 11 1 1
15 12 1 1
16 11 1 1
16 14 1 1
17 15 1 1
17 11 1 1
18 16 1 1
18 15 1 1
19 11 1 1
19 16 1 1
10 15 1 1
10 17 1 1
11 13 1 1
11 18 1 1
22 20 2 2
22 21 2 2
23 22 2 2
23 20 2 2
24 23 2 2
24 22 2 2
25 24 2 2
25 22 2 2
26 24 2 2
26 25 2 2
27 22 2 2
27 25 2 2
28 23 2 2
28 26 2 2
29 27 2 2
29 22 2 2
20 26 2 2
20 29 2 2
21 26 2 2
21 23 2 2
32 31 3 3
32 30 3 3
33 31 3 3
33 30 3 3
34 30 3 3
34 33 3 3
35 30 3 3
35 33 3 3
36 31 3 3
36 35 3 3
37 35 3 3
37 31 3 3
38 35 3 3
38 32 3 3
39 31 3 3
39 33 3 3
30 38 3 3
30 37 3 3
31 34 3 3
31 38 3 3
42 40 4 4
42 41 4 4
43 42 4 4
43 41 4 4
44 42 4 4
44 43 4 4
45 42 4 4
45 41 4 4
46 45 4 4
46 42 4 4
47 40 4 4
47 42 4 4
48 45 4 4
48 40 4 4
49 48 4 4
49 41 4 4
40 43 4 4
40 45 4 4
41 47 4 4
41 48 4 4
52 51 5 5
52 50 5 5
53 50 5 5
53 51 5 5
54 52 5 5
54 51 5 5
55 50 5 5
55 53 5 5
56 50 5 5
56 53 5 5
57 55 5 5
57 56 5 5
58 55 5 5
58 51 5 5
59 51 5 5
59 56 5 5
50 59 5 5
50 58 5 5
51 57 5 5
51 56 5 5
62 60 6 6
62 61 6 6
63 60 6 6
63 62 6 6
64 60 6 6
64 63 6 6
65 61 6 6
65 63 6 6
66 63 6 6
66 60 6 6
67 63 6 6
67 64 6 6
68 62 6 6
68 67 6 6
69 61 6 6
69 64 6 6
60 67 6 6
60 68 6 6
61 66 6 6
61 67 6 6
72 71 7 7
72 70 7 7
73 71 7 7
73 70 7 7
74 72 7 7
74 73 7 7
75 71 7 7
75 70 7 7
76 70 7 7
76 73 7 7
77 71 7 7
77 74 7 7
78 73 7 7
78 74 7 7
79 70 7 7
79 77 7 7
70 74 7 7
70 78 7 7
71 78 7 7
71 76 7 7
28 13 2 1
28 3 2 0
32 24 3 2
33 4 3 0
44 33 4 3
41 23 4 2
56 48 5 4
50 21 5 2
64 15 6 1
62 32 6 3
76 48 7 4
72 58 7 5
9 40 0 4
3 71 0 7
13 51 1 5
12 46 1 4
