swNum = 80
edgeNum = 176

0 0
1 0
2 0
3 0
4 0
5 0
6 0
7 0
8 0
9 0
10 1
11 1
12 1
13 1
14 1
15 1
16 1
17 1
18 1
19 1
20 2
21 2
22 2
23 2
24 2
25 2
26 2
27 2
28 2
29 2
30 3
31 3
32 3
33 3
34 3
35 3
36 3
37 3
38 3
39 3
40 4
41 4
42 4
43 4
44 4
45 4
46 4
47 4
48 4
49 4
50 5
51 5
52 5
53 5
54 5
55 5
56 5
57 5
58 5
59 5
60 6
61 6
62 6
63 6
64 6
65 6
66 6
67 6
68 6
69 6
70 7
71 7
72 7
73 7
74 7
75 7
76 7
77 7
78 7
79 7

2 1 0 0
2 0 0 0
3 1 0 0
3 0 0 0
4 3 0 0
4 0 0 0
5 4 0 0
5 2 0 0
6 3 0 0
6 1 0 0
7 0 0 0
7 2 0 0
8 2 0 0
8 4 0 0
9 8 0 0
9 1 0 0
0 5 0 0
0 9 0 0
1 5 0 0
1 7 0 0
12 10 1 1
12 11 1 1
13 11 1 1
13 12 1 1
14 12 1 1
14 13 1 1
15 12 1 1
15 11 1 1
16 12 1 1
16 13 1 1
17 16 1 1
17 11 1 1
18 13 1 1
18 15 1 1
19 14 1 1
19 18 1 1
10 17 1 1
10 14 1 1
11 19 1 1
11 18 1 1
22 21 2 2
22 20 2 2
23 20 2 2
23 22 2 2
24 21 2 2
24 20 2 2
25 24 2 2
25 22 2 2
26 22 2 2
26 20 2 2
27 22 2 2
27 24 2 2
28 24 2 2
28 23 2 2
29 22 2 2
29 23 2 2
20 27 2 2
20 28 2 2
21 27 2 2
21 28 2 2
32 30 3 3
32 31 3 3
33 32 3 3
33 31 3 3
34 30 3 3
34 31 3 3
35 33 3 3
35 32 3 3
36 34 3 3
36 31 3 3
37 31 3 3
37 32 3 3
38 37 3 3
38 34 3 3
39 31 3 3
39 36 3 3
30 36 3 3
30 37 3 3
31 35 3 3
31 38 3 3
42 41 4 4
42 40 4 4
43 41 4 4
43 40 4 4
44 42 4 4
44 41 4 4
45 43 4 4
45 41 4 4
46 42 4 4
46 40 4 4
47 42 4 4
47 44 4 4
48 43 4 4
48 45 4 4
49 48 4 4
49 45 4 4
40 48 4 4
40 47 4 4
41 46 4 4
41 48 4 4
52 51 5 5
52 50 5 5
53 52 5 5
53 51 5 5
54 52 5 5
54 50 5 5
55 50 5 5
55 54 5 5
56 51 5 5
56 53 5 5
57 51 5 5
57 54 5 5
58 56 5 5
58 51 5 5
59 58 5 5
59 52 5 5
50 59 5 5
50 58 5 5
51 55 5 5
51 54 5 5
62 61 6 6
62 60 6 6
63 60 6 6
63 62 6 6
64 63 6 6
64 61 6 6
65 60 6 6
65 61 6 6
66 61 6 6
66 62 6 6
67 66 6 6
67 64 6 6
68 65 6 6
68 60 6 6
69 61 6 6
69 62 6 6
60 66 6 6
60 69 6 6
61 63 6 6
61 67 6 6
72 71 7 7
72 70 7 7
73 72 7 7
73 71 7 7
74 71 7 7
74 72 7 7
75 72 7 7
75 73 7 7
76 71 7 7
76 74 7 7
77 70 7 7
77 71 7 7
78 76 7 7
78 70 7 7
79 74 7 7
79 76 7 7
70 75 7 7
70 79 7 7
71 79 7 7
71 75 7 7
28 12 2 1
22 7 2 0
33 1 3 0
38 20 3 2
45 2 4 0
45 31 4 3
58 16 5 1
59 36 5 3
62 39 6 3
60 10 6 1
71 2 7 0
77 47 7 4
6 54 0 5
7 66 0 6
19 44 1 4
17 39 1 3
