swNum = 80
edgeNum = 176

0 0
1 0
2 0
3 0
4 0
5 0
6 0
7 0
8 0
9 0
10 1
11 1
12 1
13 1
14 1
15 1
16 1
17 1
18 1
19 1
20 2
21 2
22 2
23 2
24 2
25 2
26 2
27 2
28 2
29 2
30 3
31 3
32 3
33 3
34 3
35 3
36 3
37 3
38 3
39 3
40 4
41 4
42 4
43 4
44 4
45 4
46 4
47 4
48 4
49 4
50 5
51 5
52 5
53 5
54 5
55 5
56 5
57 5
58 5
59 5
60 6
61 6
62 6
63 6
64 6
65 6
66 6
67 6
68 6
69 6
70 7
71 7
72 7
73 7
74 7
75 7
76 7
77 7
78 7
79 7

2 1 0 0
2 0 0 0
3 1 0 0
3 2 0 0
4 3 0 0
4 0 0 0
5 4 0 0
5 0 0 0
6 4 0 0
6 5 0 0
7 5 0 0
7 4 0 0
8 2 0 0
8 1 0 0
9 5 0 0
9 7 0 0
0 8 0 0
0 3 0 0
1 7 0 0
1 6 0 0
12 10 1 1
12 11 1 1
13 11 1 1
13 10 1 1
14 10 1 1
14 11 1 1
15 13 1 1
15 14 1 1
16 14 1 1
16 12 1 1
17 14 1 1
17 10 1 1
18 16 1 1
18 14 1 1
19 17 1 1
19 10 1 1
10 16 1 1
10 15 1 1
11 15 1 1
11 17 1 1
22 20 2 2
22 21 2 2
23 20 2 2
23 21 2 2
24 20 2 2
24 21 2 2
25 21 2 2
25 20 2 2
26 22 2 2
26 20 2 2
27 20 2 2
27 22 2 2
28 26 2 2
28 24 2 2
29 27 2 2
29 24 2 2
20 29 2 2
20 28 2 2
21 26 2 2
21 27 2 2
32 31 3 3
32 30 3 3
33 30 3 3
33 32 3 3
34 32 3 3
34 33 3 3
35 32 3 3
35 34 3 3
36 31 3 3
36 32 3 3
37 34 3 3
37 32 3 3
38 30 3 3
38 31 3 3
39 35 3 3
39 31 3 3
30 37 3 3
30 34 3 3
31 35 3 3
31 37 3 3
42 40 4 4
42 41 4 4
43 42 4 4
43 40 4 4
44 42 4 4
44 43 4 4
45 40 4 4
45 42 4 4
46 43 4 4
46 44 4 4
47 43 4 4
47 42 4 4
48 40 4 4
48 44 4 4
49 48 4 4
49 43 4 4
40 47 4 4
40 46 4 4
41 44 4 4
41 45 4 4
52 50 5 5
52 51 5 5
53 52 5 5
53 50 5 5
54 52 5 5
54 53 5 5
55 52 5 5
55 53 5 5
56 52 5 5
56 55 5 5
57 50 5 5
57 55 5 5
58 55 5 5
58 51 5 5
59 58 5 5
59 50 5 5
50 55 5 5
50 58 5 5
51 55 5 5
51 59 5 5
62 60 6 6
62 61 6 6
63 62 6 6
63 61 6 6
64 63 6 6
64 60 6 6
65 61 6 6
65 63 6 6
66 65 6 6
66 61 6 6
67 63 6 6
67 66 6 6
68 64 6 6
68 63 6 6
69 62 6 6
69 68 6 6
60 63 6 6
60 65 6 6
61 67 6 6
61 69 6 6
72 71 7 7
72 70 7 7
73 70 7 7
73 71 7 7
74 70 7 7
74 73 7 7
75 72 7 7
75 71 7 7
76 75 7 7
76 71 7 7
77 75 7 7
77 73 7 7
78 75 7 7
78 70 7 7
79 78 7 7
79 71 7 7
70 76 7 7
70 79 7 7
71 78 7 7
71 77 7 7
24 7 2 0
25 16 2 1
39 7 3 0
31 18 3 1
42 20 4 2
45 7 4 0
54 40 5 4
51 33 5 3
66 49 6 4
60 3 6 0
74 23 7 2
73 46 7 4
9 58 0 5
8 72 0 7
13 52 1 5
15 41 1 4
