swNum = 80
edgeNum = 174

0 0
1 0
2 0
3 0
4 0
5 0
6 0
7 0
8 0
9 0
10 1
11 1
12 1
13 1
14 1
15 1
16 1
17 1
18 1
19 1
20 2
21 2
22 2
23 2
24 2
25 2
26 2
27 2
28 2
29 2
30 3
31 3
32 3
33 3
34 3
35 3
36 3
37 3
38 3
39 3
40 4
41 4
42 4
43 4
44 4
45 4
46 4
47 4
48 4
49 4
50 5
51 5
52 5
53 5
54 5
55 5
56 5
57 5
58 5
59 5
60 6
61 6
62 6
63 6
64 6
65 6
66 6
67 6
68 6
69 6
70 7
71 7
72 7
73 7
74 7
75 7
76 7
77 7
78 7
79 7

2 1 0 0
2 0 0 0
3 1 0 0
3 0 0 0
4 0 0 0
4 1 0 0
5 2 0 0
5 1 0 0
6 1 0 0
6 3 0 0
7 6 0 0
7 5 0 0
8 4 0 0
8 1 0 0
9 4 0 0
9 1 0 0
0 9 0 0
0 7 0 0
1 7 0 0
12 10 1 1
12 11 1 1
13 11 1 1
13 12 1 1
14 10 1 1
14 11 1 1
15 12 1 1
15 11 1 1
16 14 1 1
16 11 1 1
17 13 1 1
17 11 1 1
18 17 1 1
18 11 1 1
19 16 1 1
19 14 1 1
10 13 1 1
10 17 1 1
11 19 1 1
22 21 2 2
22 20 2 2
23 22 2 2
23 21 2 2
24 23 2 2
24 21 2 2
25 22 2 2
25 23 2 2
26 21 2 2
26 20 2 2
27 25 2 2
27 26 2 2
28 21 2 2
28 20 2 2
29 22 2 2
29 21 2 2
20 29 2 2
20 24 2 2
21 25 2 2
21 27 2 2
32 30 3 3
32 31 3 3
33 32 3 3
33 31 3 3
34 30 3 3
34 33 3 3
35 33 3 3
35 32 3 3
36 32 3 3
36 30 3 3
37 35 3 3
37 36 3 3
38 30 3 3
38 35 3 3
39 33 3 3
39 36 3 3
30 39 3 3
30 37 3 3
31 36 3 3
31 39 3 3
42 40 4 4
42 41 4 4
43 42 4 4
43 40 4 4
44 41 4 4
44 42 4 4
45 43 4 4
45 42 4 4
46 43 4 4
46 42 4 4
47 45 4 4
47 42 4 4
48 43 4 4
48 42 4 4
49 44 4 4
49 41 4 4
40 49 4 4
40 44 4 4
41 45 4 4
41 48 4 4
52 50 5 5
52 51 5 5
53 50 5 5
53 52 5 5
54 51 5 5
54 53 5 5
55 53 5 5
55 50 5 5
56 54 5 5
56 51 5 5
57 54 5 5
57 53 5 5
58 55 5 5
58 53 5 5
59 58 5 5
59 54 5 5
50 58 5 5
50 59 5 5
51 57 5 5
51 59 5 5
62 60 6 6
62 61 6 6
63 61 6 6
63 60 6 6
64 60 6 6
64 61 6 6
65 62 6 6
65 61 6 6
66 65 6 6
66 60 6 6
67 62 6 6
67 66 6 6
68 66 6 6
68 67 6 6
69 67 6 6
69 62 6 6
60 68 6 6
60 67 6 6
61 68 6 6
61 69 6 6
72 70 7 7
72 71 7 7
73 70 7 7
73 71 7 7
74 73 7 7
74 70 7 7
75 74 7 7
75 73 7 7
76 74 7 7
76 73 7 7
77 73 7 7
77 74 7 7
78 76 7 7
78 72 7 7
79 75 7 7
79 76 7 7
70 78 7 7
70 75 7 7
71 77 7 7
71 79 7 7
24 16 2 1
22 3 2 0
30 15 3 1
37 4 3 0
40 31 4 3
48 23 4 2
53 26 5 2
59 49 5 4
63 36 6 3
60 59 6 5
74 51 7 5
77 20 7 2
9 66 0 6
0 49 0 4
15 65 1 6
12 75 1 7
