swNum = 80
edgeNum = 175

0 0
1 0
2 0
3 0
4 0
5 0
6 0
7 0
8 0
9 0
10 1
11 1
12 1
13 1
14 1
15 1
16 1
17 1
18 1
19 1
20 2
21 2
22 2
23 2
24 2
25 2
26 2
27 2
28 2
29 2
30 3
31 3
32 3
33 3
34 3
35 3
36 3
37 3
38 3
39 3
40 4
41 4
42 4
43 4
44 4
45 4
46 4
47 4
48 4
49 4
50 5
51 5
52 5
53 5
54 5
55 5
56 5
57 5
58 5
59 5
60 6
61 6
62 6
63 6
64 6
65 6
66 6
67 6
68 6
69 6
70 7
71 7
72 7
73 7
74 7
75 7
76 7
77 7
78 7
79 7

2 0 0 0
2 1 0 0
3 0 0 0
3 2 0 0
4 3 0 0
4 0 0 0
5 1 0 0
5 4 0 0
6 1 0 0
6 4 0 0
7 2 0 0
7 1 0 0
8 4 0 0
8 6 0 0
9 0 0 0
9 5 0 0
0 7 0 0
0 5 0 0
1 8 0 0
1 9 0 0
12 11 1 1
12 10 1 1
13 12 1 1
13 10 1 1
14 13 1 1
14 12 1 1
15 11 1 1
15 12 1 1
16 10 1 1
16 14 1 1
17 10 1 1
17 16 1 1
18 16 1 1
18 11 1 1
19 14 1 1
19 12 1 1
10 14 1 1
10 19 1 1
11 17 1 1
11 19 1 1
22 20 2 2
22 21 2 2
23 20 2 2
23 22 2 2
24 21 2 2
24 22 2 2
25 24 2 2
25 20 2 2
26 23 2 2
26 25 2 2
27 22 2 2
27 20 2 2
28 24 2 2
28 25 2 2
29 26 2 2
29 25 2 2
20 26 2 2
20 28 2 2
21 26 2 2
21 23 2 2
32 30 3 3
32 31 3 3
33 32 3 3
33 31 3 3
34 32 3 3
34 31 3 3
35 30 3 3
35 33 3 3
36 31 3 3
36 33 3 3
37 34 3 3
37 31 3 3
38 37 3 3
38 35 3 3
39 34 3 3
39 31 3 3
30 33 3 3
30 36 3 3
31 38 3 3
31 35 3 3
42 41 4 4
42 40 4 4
43 40 4 4
43 42 4 4
44 41 4 4
44 40 4 4
45 42 4 4
45 41 4 4
46 42 4 4
46 40 4 4
47 41 4 4
47 43 4 4
48 41 4 4
48 46 4 4
49 41 4 4
49 47 4 4
40 48 4 4
40 49 4 4
41 43 4 4
41 46 4 4
52 50 5 5
52 51 5 5
53 52 5 5
53 51 5 5
54 50 5 5
54 52 5 5
55 54 5 5
55 52 5 5
56 55 5 5
56 51 5 5
57 53 5 5
57 54 5 5
58 56 5 5
58 55 5 5
59 54 5 5
59 50 5 5
50 58 5 5
50 57 5 5
51 55 5 5
51 58 5 5
62 60 6 6
62 61 6 6
63 60 6 6
63 62 6 6
64 62 6 6
64 61 6 6
65 62 6 6
65 63 6 6
66 62 6 6
66 60 6 6
67 65 6 6
67 62 6 6
68 61 6 6
68 64 6 6
69 65 6 6
69 67 6 6
60 67 6 6
60 65 6 6
61 66 6 6
61 67 6 6
72 70 7 7
72 71 7 7
73 71 7 7
73 70 7 7
74 72 7 7
74 70 7 7
75 70 7 7
75 71 7 7
76 72 7 7
76 71 7 7
77 73 7 7
77 75 7 7
78 72 7 7
78 71 7 7
79 78 7 7
79 74 7 7
70 76 7 7
70 77 7 7
71 79 7 7
71 74 7 7
24 8 2 0
28 14 2 1
30 17 3 1
38 7 3 0
42 5 4 0
47 11 4 1
58 3 5 0
59 49 5 4
66 26 6 2
66 9 6 0
78 58 7 5
71 39 7 3
7 77 0 7
14 79 1 7
16 57 1 5
