swNum = 80
edgeNum = 175

0 0
1 0
2 0
3 0
4 0
5 0
6 0
7 0
8 0
9 0
10 1
11 1
12 1
13 1
14 1
15 1
16 1
17 1
18 1
19 1
20 2
21 2
22 2
23 2
24 2
25 2
26 2
27 2
28 2
29 2
30 3
31 3
32 3
33 3
34 3
35 3
36 3
37 3
38 3
39 3
40 4
41 4
42 4
43 4
44 4
45 4
46 4
47 4
48 4
49 4
50 5
51 5
52 5
53 5
54 5
55 5
56 5
57 5
58 5
59 5
60 6
61 6
62 6
63 6
64 6
65 6
66 6
67 6
68 6
69 6
70 7
71 7
72 7
73 7
74 7
75 7
76 7
77 7
78 7
79 7

2 0 0 0
2 1 0 0
3 2 0 0
3 1 0 0
4 0 0 0
4 2 0 0
5 2 0 0
5 3 0 0
6 3 0 0
6 1 0 0
7 1 0 0
7 4 0 0
8 6 0 0
8 2 0 0
9 3 0 0
9 8 0 0
0 6 0 0
0 9 0 0
1 5 0 0
1 8 0 0
12 10 1 1
12 11 1 1
13 11 1 1
13 10 1 1
14 10 1 1
14 11 1 1
15 10 1 1
15 12 1 1
16 13 1 1
16 14 1 1
17 16 1 1
17 12 1 1
18 15 1 1
18 10 1 1
19 13 1 1
19 16 1 1
10 16 1 1
10 17 1 1
11 16 1 1
11 18 1 1
22 20 2 2
22 21 2 2
23 22 2 2
23 20 2 2
24 21 2 2
24 23 2 2
25 23 2 2
25 20 2 2
26 20 2 2
26 24 2 2
27 26 2 2
27 24 2 2
28 25 2 2
28 22 2 2
29 25 2 2
29 28 2 2
20 29 2 2
20 24 2 2
21 26 2 2
21 25 2 2
32 30 3 3
32 31 3 3
33 32 3 3
33 30 3 3
34 33 3 3
34 32 3 3
35 33 3 3
35 32 3 3
36 32 3 3
36 33 3 3
37 36 3 3
37 33 3 3
38 33 3 3
38 36 3 3
39 37 3 3
39 31 3 3
30 39 3 3
30 38 3 3
31 33 3 3
31 34 3 3
42 41 4 4
42 40 4 4
43 40 4 4
43 41 4 4
44 42 4 4
44 40 4 4
45 42 4 4
45 44 4 4
46 45 4 4
46 40 4 4
47 41 4 4
47 40 4 4
48 41 4 4
48 45 4 4
49 44 4 4
49 47 4 4
40 49 4 4
40 45 4 4
41 44 4 4
41 49 4 4
52 50 5 5
52 51 5 5
53 51 5 5
53 52 5 5
54 51 5 5
54 53 5 5
55 53 5 5
55 51 5 5
56 54 5 5
56 55 5 5
57 51 5 5
57 50 5 5
58 57 5 5
58 50 5 5
59 51 5 5
59 52 5 5
50 54 5 5
50 59 5 5
51 58 5 5
51 56 5 5
62 60 6 6
62 61 6 6
63 61 6 6
63 62 6 6
64 63 6 6
64 61 6 6
65 63 6 6
65 60 6 6
66 60 6 6
66 65 6 6
67 63 6 6
67 66 6 6
68 61 6 6
68 63 6 6
69 62 6 6
69 68 6 6
60 69 6 6
60 68 6 6
61 66 6 6
61 65 6 6
72 70 7 7
72 71 7 7
73 70 7 7
73 72 7 7
74 71 7 7
74 73 7 7
75 72 7 7
75 73 7 7
76 73 7 7
76 75 7 7
77 70 7 7
77 76 7 7
78 74 7 7
78 76 7 7
79 76 7 7
79 77 7 7
70 74 7 7
70 79 7 7
71 76 7 7
71 77 7 7
23 15 2 1
22 4 2 0
39 11 3 1
34 9 3 0
41 20 4 2
46 15 4 1
56 2 5 0
59 15 5 1
62 47 6 4
63 39 6 3
79 7 7 0
72 13 7 1
7 60 0 6
3 41 0 4
18 61 1 6
