swNum = 80
edgeNum = 176

0 0
1 0
2 0
3 0
4 0
5 0
6 0
7 0
8 0
9 0
10 1
11 1
12 1
13 1
14 1
15 1
16 1
17 1
18 1
19 1
20 2
21 2
22 2
23 2
24 2
25 2
26 2
27 2
28 2
29 2
30 3
31 3
32 3
33 3
34 3
35 3
36 3
37 3
38 3
39 3
40 4
41 4
42 4
43 4
44 4
45 4
46 4
47 4
48 4
49 4
50 5
51 5
52 5
53 5
54 5
55 5
56 5
57 5
58 5
59 5
60 6
61 6
62 6
63 6
64 6
65 6
66 6
67 6
68 6
69 6
70 7
71 7
72 7
73 7
74 7
75 7
76 7
77 7
78 7
79 7

2 1 0 0
2 0 0 0
3 0 0 0
3 2 0 0
4 2 0 0
4 1 0 0
5 1 0 0
5 4 0 0
6 0 0 0
6 2 0 0
7 4 0 0
7 6 0 0
8 2 0 0
8 4 0 0
9 5 0 0
9 7 0 0
0 4 0 0
0 8 0 0
1 9 0 0
1 8 0 0
12 10 1 1
12 11 1 1
13 12 1 1
13 10 1 1
14 12 1 1
14 10 1 1
15 11 1 1
15 14 1 1
16 11 1 1
16 13 1 1
17 12 1 1
17 14 1 1
18 12 1 1
18 13 1 1
19 12 1 1
19 18 1 1
10 17 1 1
10 18 1 1
11 19 1 1
11 14 1 1
22 20 2 2
22 21 2 2
23 21 2 2
23 22 2 2
24 23 2 2
24 20 2 2
25 23 2 2
25 20 2 2
26 23 2 2
26 22 2 2
27 26 2 2
27 24 2 2
28 24 2 2
28 21 2 2
29 22 2 2
29 25 2 2
20 27 2 2
20 26 2 2
21 26 2 2
21 27 2 2
32 31 3 3
32 30 3 3
33 30 3 3
33 31 3 3
34 30 3 3
34 31 3 3
35 34 3 3
35 33 3 3
36 34 3 3
36 30 3 3
37 36 3 3
37 31 3 3
38 30 3 3
38 34 3 3
39 33 3 3
39 31 3 3
30 39 3 3
30 37 3 3
31 38 3 3
31 35 3 3
42 40 4 4
42 41 4 4
43 40 4 4
43 42 4 4
44 42 4 4
44 43 4 4
45 43 4 4
45 44 4 4
46 40 4 4
46 43 4 4
47 40 4 4
47 41 4 4
48 45 4 4
48 44 4 4
49 44 4 4
49 47 4 4
40 48 4 4
40 45 4 4
41 46 4 4
41 49 4 4
52 50 5 5
52 51 5 5
53 51 5 5
53 50 5 5
54 51 5 5
54 50 5 5
55 53 5 5
55 50 5 5
56 55 5 5
56 53 5 5
57 54 5 5
57 50 5 5
58 52 5 5
58 50 5 5
59 51 5 5
59 58 5 5
50 59 5 5
50 56 5 5
51 55 5 5
51 57 5 5
62 61 6 6
62 60 6 6
63 62 6 6
63 61 6 6
64 63 6 6
64 62 6 6
65 64 6 6
65 62 6 6
66 62 6 6
66 65 6 6
67 65 6 6
67 64 6 6
68 61 6 6
68 63 6 6
69 60 6 6
69 61 6 6
60 65 6 6
60 64 6 6
61 66 6 6
61 67 6 6
72 71 7 7
72 70 7 7
73 72 7 7
73 71 7 7
74 72 7 7
74 70 7 7
75 70 7 7
75 73 7 7
76 73 7 7
76 72 7 7
77 72 7 7
77 76 7 7
78 77 7 7
78 74 7 7
79 73 7 7
79 70 7 7
70 73 7 7
70 77 7 7
71 75 7 7
71 79 7 7
28 10 2 1
27 6 2 0
37 17 3 1
39 29 3 2
44 25 4 2
45 15 4 1
54 26 5 2
59 48 5 4
66 46 6 4
66 24 6 2
73 6 7 0
71 42 7 4
4 30 0 3
5 54 0 5
12 61 1 6
11 72 1 7
