swNum = 80
edgeNum = 176

0 0
1 0
2 0
3 0
4 0
5 0
6 0
7 0
8 0
9 0
10 1
11 1
12 1
13 1
14 1
15 1
16 1
17 1
18 1
19 1
20 2
21 2
22 2
23 2
24 2
25 2
26 2
27 2
28 2
29 2
30 3
31 3
32 3
33 3
34 3
35 3
36 3
37 3
38 3
39 3
40 4
41 4
42 4
43 4
44 4
45 4
46 4
47 4
48 4
49 4
50 5
51 5
52 5
53 5
54 5
55 5
56 5
57 5
58 5
59 5
60 6
61 6
62 6
63 6
64 6
65 6
66 6
67 6
68 6
69 6
70 7
71 7
72 7
73 7
74 7
75 7
76 7
77 7
78 7
79 7

2 1 0 0
2 0 0 0
3 2 0 0
3 1 0 0
4 1 0 0
4 3 0 0
5 2 0 0
5 4 0 0
6 2 0 0
6 4 0 0
7 6 0 0
7 1 0 0
8 6 0 0
8 7 0 0
9 2 0 0
9 5 0 0
0 3 0 0
0 6 0 0
1 6 0 0
1 5 0 0
12 10 1 1
12 11 1 1
13 10 1 1
13 12 1 1
14 12 1 1
14 11 1 1
15 10 1 1
15 11 1 1
16 13 1 1
16 15 1 1
17 10 1 1
17 15 1 1
18 11 1 1
18 16 1 1
19 15 1 1
19 10 1 1
10 16 1 1
10 14 1 1
11 13 1 1
11 16 1 1
22 21 2 2
22 20 2 2
23 21 2 2
23 20 2 2
24 22 2 2
24 21 2 2
25 21 2 2
25 20 2 2
26 25 2 2
26 22 2 2
27 20 2 2
27 23 2 2
28 20 2 2
28 25 2 2
29 23 2 2
29 26 2 2
20 29 2 2
20 24 2 2
21 27 2 2
21 26 2 2
32 31 3 3
32 30 3 3
33 32 3 3
33 31 3 3
34 30 3 3
34 31 3 3
35 31 3 3
35 34 3 3
36 32 3 3
36 31 3 3
37 34 3 3
37 36 3 3
38 30 3 3
38 32 3 3
39 30 3 3
39 34 3 3
30 35 3 3
30 33 3 3
31 38 3 3
31 39 3 3
42 40 4 4
42 41 4 4
43 40 4 4
43 42 4 4
44 40 4 4
44 43 4 4
45 40 4 4
45 41 4 4
46 41 4 4
46 43 4 4
47 44 4 4
47 42 4 4
48 40 4 4
48 44 4 4
49 46 4 4
49 43 4 4
40 49 4 4
40 47 4 4
41 47 4 4
41 44 4 4
52 50 5 5
52 51 5 5
53 51 5 5
53 52 5 5
54 50 5 5
54 51 5 5
55 51 5 5
55 53 5 5
56 52 5 5
56 54 5 5
57 54 5 5
57 56 5 5
58 57 5 5
58 50 5 5
59 51 5 5
59 52 5 5
50 56 5 5
50 57 5 5
51 56 5 5
51 58 5 5
62 61 6 6
62 60 6 6
63 61 6 6
63 60 6 6
64 62 6 6
64 61 6 6
65 60 6 6
65 61 6 6
66 63 6 6
66 62 6 6
67 62 6 6
67 60 6 6
68 65 6 6
68 66 6 6
69 66 6 6
69 61 6 6
60 64 6 6
60 66 6 6
61 66 6 6
61 67 6 6
72 71 7 7
72 70 7 7
73 72 7 7
73 71 7 7
74 72 7 7
74 70 7 7
75 71 7 7
75 72 7 7
76 75 7 7
76 74 7 7
77 73 7 7
77 76 7 7
78 74 7 7
78 71 7 7
79 75 7 7
79 71 7 7
70 77 7 7
70 79 7 7
71 74 7 7
71 76 7 7
27 9 2 0
22 10 2 1
34 4 3 0
32 10 3 1
47 29 4 2
45 38 4 3
53 5 5 0
53 16 5 1
64 7 6 0
61 25 6 2
78 29 7 2
70 42 7 4
1 77 0 7
5 42 0 4
12 70 1 7
18 69 1 6
