swNum = 80
edgeNum = 176

0 0
1 0
2 0
3 0
4 0
5 0
6 0
7 0
8 0
9 0
10 1
11 1
12 1
13 1
14 1
15 1
16 1
17 1
18 1
19 1
20 2
21 2
22 2
23 2
24 2
25 2
26 2
27 2
28 2
29 2
30 3
31 3
32 3
33 3
34 3
35 3
36 3
37 3
38 3
39 3
40 4
41 4
42 4
43 4
44 4
45 4
46 4
47 4
48 4
49 4
50 5
51 5
52 5
53 5
54 5
55 5
56 5
57 5
58 5
59 5
60 6
61 6
62 6
63 6
64 6
65 6
66 6
67 6
68 6
69 6
70 7
71 7
72 7
73 7
74 7
75 7
76 7
77 7
78 7
79 7

2 1 0 0
2 0 0 0
3 2 0 0
3 0 0 0
4 2 0 0
4 3 0 0
5 4 0 0
5 3 0 0
6 4 0 0
6 5 0 0
7 4 0 0
7 6 0 0
8 1 0 0
8 6 0 0
9 4 0 0
9 1 0 0
0 5 0 0
0 8 0 0
1 6 0 0
1 3 0 0
12 11 1 1
12 10 1 1
13 10 1 1
13 11 1 1
14 13 1 1
14 11 1 1
15 10 1 1
15 13 1 1
16 11 1 1
16 12 1 1
17 13 1 1
17 10 1 1
18 10 1 1
18 11 1 1
19 12 1 1
19 17 1 1
10 14 1 1
10 19 1 1
11 17 1 1
11 15 1 1
22 21 2 2
22 20 2 2
23 22 2 2
23 20 2 2
24 20 2 2
24 22 2 2
25 20 2 2
25 21 2 2
26 23 2 2
26 20 2 2
27 26 2 2
27 22 2 2
28 21 2 2
28 26 2 2
29 28 2 2
29 21 2 2
20 27 2 2
20 29 2 2
21 26 2 2
21 27 2 2
32 30 3 3
32 31 3 3
33 30 3 3
33 31 3 3
34 33 3 3
34 31 3 3
35 32 3 3
35 33 3 3
36 33 3 3
36 31 3 3
37 36 3 3
37 33 3 3
38 35 3 3
38 36 3 3
39 38 3 3
39 34 3 3
30 37 3 3
30 34 3 3
31 38 3 3
31 39 3 3
42 40 4 4
42 41 4 4
43 41 4 4
43 42 4 4
44 40 4 4
44 41 4 4
45 43 4 4
45 41 4 4
46 45 4 4
46 43 4 4
47 42 4 4
47 44 4 4
48 44 4 4
48 46 4 4
49 44 4 4
49 43 4 4
40 43 4 4
40 48 4 4
41 49 4 4
41 48 4 4
52 51 5 5
52 50 5 5
53 50 5 5
53 52 5 5
54 50 5 5
54 53 5 5
55 50 5 5
55 53 5 5
56 54 5 5
56 50 5 5
57 55 5 5
57 56 5 5
58 51 5 5
58 52 5 5
59 51 5 5
59 53 5 5
50 58 5 5
50 57 5 5
51 53 5 5
51 54 5 5
62 60 6 6
62 61 6 6
63 61 6 6
63 60 6 6
64 61 6 6
64 60 6 6
65 61 6 6
65 63 6 6
66 65 6 6
66 64 6 6
67 65 6 6
67 63 6 6
68 66 6 6
68 61 6 6
69 68 6 6
69 65 6 6
60 68 6 6
60 69 6 6
61 67 6 6
61 69 6 6
72 71 7 7
72 70 7 7
73 72 7 7
73 71 7 7
74 72 7 7
74 71 7 7
75 71 7 7
75 73 7 7
76 75 7 7
76 74 7 7
77 71 7 7
77 76 7 7
78 73 7 7
78 75 7 7
79 72 7 7
79 73 7 7
70 79 7 7
70 76 7 7
71 78 7 7
71 76 7 7
26 5 2 0
26 11 2 1
37 15 3 1
34 9 3 0
49 9 4 0
42 29 4 2
56 17 5 1
53 23 5 2
60 4 6 0
61 27 6 2
72 20 7 2
77 58 7 5
1 50 0 5
0 79 0 7
15 67 1 6
14 40 1 4
