swNum = 80
edgeNum = 176

0 0
1 0
2 0
3 0
4 0
5 0
6 0
7 0
8 0
9 0
10 1
11 1
12 1
13 1
14 1
15 1
16 1
17 1
18 1
19 1
20 2
21 2
22 2
23 2
24 2
25 2
26 2
27 2
28 2
29 2
30 3
31 3
32 3
33 3
34 3
35 3
36 3
37 3
38 3
39 3
40 4
41 4
42 4
43 4
44 4
45 4
46 4
47 4
48 4
49 4
50 5
51 5
52 5
53 5
54 5
55 5
56 5
57 5
58 5
59 5
60 6
61 6
62 6
63 6
64 6
65 6
66 6
67 6
68 6
69 6
70 7
71 7
72 7
73 7
74 7
75 7
76 7
77 7
78 7
79 7

2 1 0 0
2 0 0 0
3 2 0 0
3 0 0 0
4 3 0 0
4 2 0 0
5 3 0 0
5 2 0 0
6 2 0 0
6 3 0 0
7 4 0 0
7 2 0 0
8 3 0 0
8 6 0 0
9 5 0 0
9 6 0 0
0 8 0 0
0 5 0 0
1 5 0 0
1 3 0 0
12 11 1 1
12 10 1 1
13 12 1 1
13 11 1 1
14 12 1 1
14 10 1 1
15 11 1 1
15 10 1 1
16 12 1 1
16 13 1 1
17 10 1 1
17 16 1 1
18 13 1 1
18 16 1 1
19 12 1 1
19 15 1 1
10 16 1 1
10 13 1 1
11 14 1 1
11 17 1 1
22 21 2 2
22 20 2 2
23 21 2 2
23 20 2 2
24 21 2 2
24 23 2 2
25 22 2 2
25 21 2 2
26 20 2 2
26 25 2 2
27 23 2 2
27 26 2 2
28 27 2 2
28 24 2 2
29 27 2 2
29 24 2 2
20 25 2 2
20 27 2 2
21 29 2 2
21 27 2 2
32 30 3 3
32 31 3 3
33 30 3 3
33 31 3 3
34 31 3 3
34 33 3 3
35 30 3 3
35 31 3 3
36 32 3 3
36 34 3 3
37 36 3 3
37 35 3 3
38 36 3 3
38 34 3 3
39 30 3 3
39 35 3 3
30 36 3 3
30 38 3 3
31 39 3 3
31 37 3 3
42 40 4 4
42 41 4 4
43 41 4 4
43 40 4 4
44 42 4 4
44 41 4 4
45 41 4 4
45 44 4 4
46 44 4 4
46 42 4 4
47 44 4 4
47 45 4 4
48 40 4 4
48 46 4 4
49 46 4 4
49 40 4 4
40 45 4 4
40 46 4 4
41 46 4 4
41 48 4 4
52 51 5 5
52 50 5 5
53 50 5 5
53 51 5 5
54 50 5 5
54 51 5 5
55 50 5 5
55 53 5 5
56 55 5 5
56 50 5 5
57 51 5 5
57 53 5 5
58 53 5 5
58 50 5 5
59 56 5 5
59 55 5 5
50 57 5 5
50 59 5 5
51 55 5 5
51 59 5 5
62 61 6 6
62 60 6 6
63 61 6 6
63 62 6 6
64 63 6 6
64 61 6 6
65 63 6 6
65 64 6 6
66 65 6 6
66 61 6 6
67 62 6 6
67 61 6 6
68 61 6 6
68 64 6 6
69 65 6 6
69 68 6 6
60 68 6 6
60 67 6 6
61 69 6 6
61 65 6 6
72 71 7 7
72 70 7 7
73 70 7 7
73 72 7 7
74 70 7 7
74 72 7 7
75 70 7 7
75 73 7 7
76 71 7 7
76 75 7 7
77 75 7 7
77 76 7 7
78 70 7 7
78 75 7 7
79 70 7 7
79 77 7 7
70 77 7 7
70 76 7 7
71 78 7 7
71 77 7 7
28 16 2 1
23 9 2 0
37 1 3 0
38 14 3 1
43 0 4 0
46 11 4 1
55 42 5 4
59 9 5 0
64 18 6 1
67 57 6 5
76 29 7 2
71 32 7 3
3 63 0 6
9 73 0 7
10 55 1 5
13 71 1 7
