swNum = 80
edgeNum = 175

0 0
1 0
2 0
3 0
4 0
5 0
6 0
7 0
8 0
9 0
10 1
11 1
12 1
13 1
14 1
15 1
16 1
17 1
18 1
19 1
20 2
21 2
22 2
23 2
24 2
25 2
26 2
27 2
28 2
29 2
30 3
31 3
32 3
33 3
34 3
35 3
36 3
37 3
38 3
39 3
40 4
41 4
42 4
43 4
44 4
45 4
46 4
47 4
48 4
49 4
50 5
51 5
52 5
53 5
54 5
55 5
56 5
57 5
58 5
59 5
60 6
61 6
62 6
63 6
64 6
65 6
66 6
67 6
68 6
69 6
70 7
71 7
72 7
73 7
74 7
75 7
76 7
77 7
78 7
79 7

2 0 0 0
2 1 0 0
3 2 0 0
3 0 0 0
4 0 0 0
4 2 0 0
5 4 0 0
5 1 0 0
6 4 0 0
6 5 0 0
7 3 0 0
7 0 0 0
8 0 0 0
8 3 0 0
9 5 0 0
9 6 0 0
0 6 0 0
0 9 0 0
1 7 0 0
1 9 0 0
12 10 1 1
12 11 1 1
13 12 1 1
13 10 1 1
14 13 1 1
14 12 1 1
15 14 1 1
15 12 1 1
16 12 1 1
16 10 1 1
17 16 1 1
17 11 1 1
18 11 1 1
18 10 1 1
19 10 1 1
19 17 1 1
10 14 1 1
10 17 1 1
11 15 1 1
11 16 1 1
22 20 2 2
22 21 2 2
23 20 2 2
23 21 2 2
24 23 2 2
24 20 2 2
25 21 2 2
25 23 2 2
26 24 2 2
26 25 2 2
27 23 2 2
27 24 2 2
28 23 2 2
28 21 2 2
29 20 2 2
29 23 2 2
20 27 2 2
20 25 2 2
21 26 2 2
21 24 2 2
32 31 3 3
32 30 3 3
33 30 3 3
33 32 3 3
34 32 3 3
34 31 3 3
35 32 3 3
35 34 3 3
36 30 3 3
36 33 3 3
37 34 3 3
37 31 3 3
38 35 3 3
38 33 3 3
39 31 3 3
39 36 3 3
30 38 3 3
30 35 3 3
31 33 3 3
31 35 3 3
42 40 4 4
42 41 4 4
43 40 4 4
43 41 4 4
44 42 4 4
44 41 4 4
45 43 4 4
45 41 4 4
46 44 4 4
46 40 4 4
47 46 4 4
47 41 4 4
48 41 4 4
48 44 4 4
49 48 4 4
49 41 4 4
40 45 4 4
40 44 4 4
41 46 4 4
52 51 5 5
52 50 5 5
53 50 5 5
53 52 5 5
54 53 5 5
54 50 5 5
55 54 5 5
55 53 5 5
56 55 5 5
56 51 5 5
57 51 5 5
57 52 5 5
58 53 5 5
58 55 5 5
59 51 5 5
59 58 5 5
50 59 5 5
50 58 5 5
51 53 5 5
51 55 5 5
62 61 6 6
62 60 6 6
63 60 6 6
63 61 6 6
64 60 6 6
64 63 6 6
65 60 6 6
65 63 6 6
66 60 6 6
66 64 6 6
67 64 6 6
67 60 6 6
68 62 6 6
68 65 6 6
69 64 6 6
69 65 6 6
60 69 6 6
60 68 6 6
61 65 6 6
61 68 6 6
72 71 7 7
72 70 7 7
73 72 7 7
73 70 7 7
74 70 7 7
74 73 7 7
75 73 7 7
75 72 7 7
76 75 7 7
76 70 7 7
77 73 7 7
77 72 7 7
78 73 7 7
78 75 7 7
79 76 7 7
79 75 7 7
70 78 7 7
70 77 7 7
71 78 7 7
71 74 7 7
23 19 2 1
21 9 2 0
37 14 3 1
30 22 3 2
45 22 4 2
49 13 4 1
56 9 5 0
58 37 5 3
64 6 6 0
62 49 6 4
74 14 7 1
73 46 7 4
1 38 0 3
6 72 0 7
18 57 1 5
17 63 1 6
