swNum = 80
edgeNum = 176

0 0
1 0
2 0
3 0
4 0
5 0
6 0
7 0
8 0
9 0
10 1
11 1
12 1
13 1
14 1
15 1
16 1
17 1
18 1
19 1
20 2
21 2
22 2
23 2
24 2
25 2
26 2
27 2
28 2
29 2
30 3
31 3
32 3
33 3
34 3
35 3
36 3
37 3
38 3
39 3
40 4
41 4
42 4
43 4
44 4
45 4
46 4
47 4
48 4
49 4
50 5
51 5
52 5
53 5
54 5
55 5
56 5
57 5
58 5
59 5
60 6
61 6
62 6
63 6
64 6
65 6
66 6
67 6
68 6
69 6
70 7
71 7
72 7
73 7
74 7
75 7
76 7
77 7
78 7
79 7

2 0 0 0
2 1 0 0
3 1 0 0
3 2 0 0
4 3 0 0
4 2 0 0
5 4 0 0
5 3 0 0
6 5 0 0
6 3 0 0
7 5 0 0
7 1 0 0
8 4 0 0
8 5 0 0
9 4 0 0
9 6 0 0
0 6 0 0
0 5 0 0
1 6 0 0
1 8 0 0
12 10 1 1
12 11 1 1
13 12 1 1
13 10 1 1
14 10 1 1
14 13 1 1
15 12 1 1
15 14 1 1
16 11 1 1
16 14 1 1
17 14 1 1
17 12 1 1
18 16 1 1
18 10 1 1
19 12 1 1
19 16 1 1
10 16 1 1
10 15 1 1
11 17 1 1
11 13 1 1
22 20 2 2
22 21 2 2
23 21 2 2
23 22 2 2
24 21 2 2
24 22 2 2
25 20 2 2
25 22 2 2
26 22 2 2
26 23 2 2
27 21 2 2
27 20 2 2
28 21 2 2
28 27 2 2
29 26 2 2
29 20 2 2
20 23 2 2
20 24 2 2
21 26 2 2
21 29 2 2
32 31 3 3
32 30 3 3
33 32 3 3
33 30 3 3
34 31 3 3
34 30 3 3
35 32 3 3
35 34 3 3
36 32 3 3
36 33 3 3
37 30 3 3
37 34 3 3
38 33 3 3
38 36 3 3
39 31 3 3
39 37 3 3
30 39 3 3
30 35 3 3
31 37 3 3
31 35 3 3
42 40 4 4
42 41 4 4
43 41 4 4
43 42 4 4
44 42 4 4
44 41 4 4
45 40 4 4
45 41 4 4
46 44 4 4
46 43 4 4
47 40 4 4
47 43 4 4
48 42 4 4
48 40 4 4
49 42 4 4
49 48 4 4
40 49 4 4
40 44 4 4
41 48 4 4
41 46 4 4
52 51 5 5
52 50 5 5
53 52 5 5
53 50 5 5
54 53 5 5
54 52 5 5
55 50 5 5
55 53 5 5
56 51 5 5
56 53 5 5
57 51 5 5
57 56 5 5
58 51 5 5
58 53 5 5
59 56 5 5
59 57 5 5
50 56 5 5
50 54 5 5
51 53 5 5
51 55 5 5
62 61 6 6
62 60 6 6
63 61 6 6
63 60 6 6
64 61 6 6
64 62 6 6
65 62 6 6
65 61 6 6
66 65 6 6
66 62 6 6
67 62 6 6
67 65 6 6
68 61 6 6
68 62 6 6
69 60 6 6
69 62 6 6
60 67 6 6
60 65 6 6
61 69 6 6
61 66 6 6
72 70 7 7
72 71 7 7
73 71 7 7
73 72 7 7
74 70 7 7
74 72 7 7
75 72 7 7
75 70 7 7
76 74 7 7
76 71 7 7
77 74 7 7
77 76 7 7
78 71 7 7
78 77 7 7
79 73 7 7
79 76 7 7
70 73 7 7
70 76 7 7
71 75 7 7
71 79 7 7
21 17 2 1
20 1 2 0
36 5 3 0
39 12 3 1
46 37 4 3
49 25 4 2
59 10 5 1
52 23 5 2
60 25 6 2
63 53 6 5
73 55 7 5
78 22 7 2
7 67 0 6
8 55 0 5
10 48 1 4
16 67 1 6
