swNum = 80
edgeNum = 176

0 0
1 0
2 0
3 0
4 0
5 0
6 0
7 0
8 0
9 0
10 1
11 1
12 1
13 1
14 1
15 1
16 1
17 1
18 1
19 1
20 2
21 2
22 2
23 2
24 2
25 2
26 2
27 2
28 2
29 2
30 3
31 3
32 3
33 3
34 3
35 3
36 3
37 3
38 3
39 3
40 4
41 4
42 4
43 4
44 4
45 4
46 4
47 4
48 4
49 4
50 5
51 5
52 5
53 5
54 5
55 5
56 5
57 5
58 5
59 5
60 6
61 6
62 6
63 6
64 6
65 6
66 6
67 6
68 6
69 6
70 7
71 7
72 7
73 7
74 7
75 7
76 7
77 7
78 7
79 7

2 1 0 0
2 0 0 0
3 1 0 0
3 2 0 0
4 2 0 0
4 0 0 0
5 4 0 0
5 3 0 0
6 1 0 0
6 4 0 0
7 0 0 0
7 4 0 0
8 4 0 0
8 3 0 0
9 0 0 0
9 2 0 0
0 6 0 0
0 3 0 0
1 8 0 0
1 4 0 0
12 10 1 1
12 11 1 1
13 11 1 1
13 10 1 1
14 12 1 1
14 11 1 1
15 13 1 1
15 10 1 1
16 15 1 1
16 12 1 1
17 15 1 1
17 16 1 1
18 12 1 1
18 13 1 1
19 15 1 1
19 17 1 1
10 17 1 1
10 16 1 1
11 19 1 1
11 16 1 1
22 21 2 2
22 20 2 2
23 21 2 2
23 22 2 2
24 21 2 2
24 20 2 2
25 22 2 2
25 21 2 2
26 25 2 2
26 20 2 2
27 21 2 2
27 26 2 2
28 21 2 2
28 25 2 2
29 23 2 2
29 28 2 2
20 28 2 2
20 27 2 2
21 26 2 2
21 29 2 2
32 31 3 3
32 30 3 3
33 30 3 3
33 31 3 3
34 30 3 3
34 32 3 3
35 32 3 3
35 34 3 3
36 30 3 3
36 31 3 3
37 34 3 3
37 31 3 3
38 32 3 3
38 35 3 3
39 30 3 3
39 33 3 3
30 35 3 3
30 37 3 3
31 35 3 3
31 38 3 3
42 40 4 4
42 41 4 4
43 42 4 4
43 41 4 4
44 41 4 4
44 43 4 4
45 40 4 4
45 42 4 4
46 42 4 4
46 40 4 4
47 42 4 4
47 46 4 4
48 42 4 4
48 44 4 4
49 42 4 4
49 41 4 4
40 48 4 4
40 47 4 4
41 47 4 4
41 48 4 4
52 50 5 5
52 51 5 5
53 50 5 5
53 51 5 5
54 53 5 5
54 51 5 5
55 53 5 5
55 50 5 5
56 50 5 5
56 51 5 5
57 51 5 5
57 56 5 5
58 51 5 5
58 57 5 5
59 53 5 5
59 58 5 5
50 54 5 5
50 58 5 5
51 59 5 5
51 55 5 5
62 61 6 6
62 60 6 6
63 60 6 6
63 62 6 6
64 62 6 6
64 61 6 6
65 61 6 6
65 60 6 6
66 65 6 6
66 64 6 6
67 65 6 6
67 62 6 6
68 63 6 6
68 61 6 6
69 63 6 6
69 62 6 6
60 69 6 6
60 68 6 6
61 66 6 6
61 67 6 6
72 71 7 7
72 70 7 7
73 70 7 7
73 71 7 7
74 71 7 7
74 72 7 7
75 72 7 7
75 70 7 7
76 73 7 7
76 74 7 7
77 72 7 7
77 75 7 7
78 73 7 7
78 71 7 7
79 71 7 7
79 73 7 7
70 77 7 7
70 74 7 7
71 77 7 7
71 76 7 7
26 16 2 1
29 7 2 0
31 16 3 1
33 21 3 2
45 9 4 0
44 38 4 3
58 49 5 4
50 30 5 3
65 18 6 1
68 20 6 2
72 23 7 2
79 13 7 1
4 59 0 5
7 75 0 7
10 49 1 4
17 58 1 5
