swNum = 80
edgeNum = 175

0 0
1 0
2 0
3 0
4 0
5 0
6 0
7 0
8 0
9 0
10 1
11 1
12 1
13 1
14 1
15 1
16 1
17 1
18 1
19 1
20 2
21 2
22 2
23 2
24 2
25 2
26 2
27 2
28 2
29 2
30 3
31 3
32 3
33 3
34 3
35 3
36 3
37 3
38 3
39 3
40 4
41 4
42 4
43 4
44 4
45 4
46 4
47 4
48 4
49 4
50 5
51 5
52 5
53 5
54 5
55 5
56 5
57 5
58 5
59 5
60 6
61 6
62 6
63 6
64 6
65 6
66 6
67 6
68 6
69 6
70 7
71 7
72 7
73 7
74 7
75 7
76 7
77 7
78 7
79 7

2 0 0 0
2 1 0 0
3 1 0 0
3 2 0 0
4 3 0 0
4 0 0 0
5 0 0 0
5 4 0 0
6 1 0 0
6 3 0 0
7 0 0 0
7 5 0 0
8 4 0 0
8 0 0 0
9 2 0 0
9 1 0 0
0 6 0 0
0 9 0 0
1 5 0 0
1 7 0 0
12 11 1 1
12 10 1 1
13 11 1 1
13 10 1 1
14 12 1 1
14 13 1 1
15 11 1 1
15 14 1 1
16 13 1 1
16 10 1 1
17 12 1 1
17 11 1 1
18 12 1 1
18 11 1 1
19 18 1 1
19 15 1 1
10 14 1 1
10 17 1 1
11 16 1 1
11 19 1 1
22 21 2 2
22 20 2 2
23 20 2 2
23 21 2 2
24 22 2 2
24 21 2 2
25 22 2 2
25 24 2 2
26 20 2 2
26 22 2 2
27 20 2 2
27 26 2 2
28 27 2 2
28 26 2 2
29 28 2 2
29 20 2 2
20 28 2 2
20 24 2 2
21 25 2 2
21 29 2 2
32 31 3 3
32 30 3 3
33 31 3 3
33 30 3 3
34 32 3 3
34 31 3 3
35 33 3 3
35 34 3 3
36 33 3 3
36 30 3 3
37 30 3 3
37 32 3 3
38 34 3 3
38 31 3 3
39 31 3 3
39 30 3 3
30 38 3 3
30 35 3 3
31 36 3 3
31 35 3 3
42 40 4 4
42 41 4 4
43 42 4 4
43 41 4 4
44 43 4 4
44 42 4 4
45 43 4 4
45 41 4 4
46 40 4 4
46 44 4 4
47 46 4 4
47 43 4 4
48 43 4 4
48 40 4 4
49 48 4 4
49 42 4 4
40 45 4 4
40 43 4 4
41 48 4 4
41 47 4 4
52 50 5 5
52 51 5 5
53 52 5 5
53 51 5 5
54 52 5 5
54 51 5 5
55 53 5 5
55 52 5 5
56 50 5 5
56 53 5 5
57 51 5 5
57 54 5 5
58 52 5 5
58 53 5 5
59 58 5 5
59 54 5 5
50 57 5 5
50 59 5 5
51 58 5 5
51 55 5 5
62 61 6 6
62 60 6 6
63 62 6 6
63 61 6 6
64 61 6 6
64 63 6 6
65 60 6 6
65 62 6 6
66 63 6 6
66 61 6 6
67 61 6 6
67 65 6 6
68 64 6 6
68 66 6 6
69 63 6 6
69 65 6 6
60 63 6 6
60 66 6 6
61 69 6 6
61 65 6 6
72 70 7 7
72 71 7 7
73 72 7 7
73 70 7 7
74 73 7 7
74 70 7 7
75 71 7 7
75 73 7 7
76 72 7 7
76 73 7 7
77 76 7 7
77 73 7 7
78 76 7 7
78 72 7 7
79 70 7 7
79 74 7 7
70 77 7 7
70 76 7 7
71 78 7 7
71 79 7 7
28 18 2 1
22 2 2 0
32 8 3 0
31 17 3 1
46 25 4 2
47 0 4 0
57 22 5 2
50 0 5 0
64 35 6 3
65 57 6 5
71 64 7 6
79 1 7 0
6 60 0 6
17 47 1 4
19 59 1 5
