swNum = 80
edgeNum = 174

0 0
1 0
2 0
3 0
4 0
5 0
6 0
7 0
8 0
9 0
10 1
11 1
12 1
13 1
14 1
15 1
16 1
17 1
18 1
19 1
20 2
21 2
22 2
23 2
24 2
25 2
26 2
27 2
28 2
29 2
30 3
31 3
32 3
33 3
34 3
35 3
36 3
37 3
38 3
39 3
40 4
41 4
42 4
43 4
44 4
45 4
46 4
47 4
48 4
49 4
50 5
51 5
52 5
53 5
54 5
55 5
56 5
57 5
58 5
59 5
60 6
61 6
62 6
63 6
64 6
65 6
66 6
67 6
68 6
69 6
70 7
71 7
72 7
73 7
74 7
75 7
76 7
77 7
78 7
79 7

2 0 0 0
2 1 0 0
3 0 0 0
3 2 0 0
4 1 0 0
4 2 0 0
5 0 0 0
5 3 0 0
6 4 0 0
6 2 0 0
7 3 0 0
7 2 0 0
8 3 0 0
8 1 0 0
9 0 0 0
9 3 0 0
0 7 0 0
0 6 0 0
1 9 0 0
1 6 0 0
12 10 1 1
12 11 1 1
13 12 1 1
13 11 1 1
14 10 1 1
14 11 1 1
15 10 1 1
15 11 1 1
16 15 1 1
16 11 1 1
17 11 1 1
17 10 1 1
18 14 1 1
18 11 1 1
19 11 1 1
19 18 1 1
10 18 1 1
10 16 1 1
22 21 2 2
22 20 2 2
23 22 2 2
23 21 2 2
24 20 2 2
24 21 2 2
25 21 2 2
25 23 2 2
26 23 2 2
26 22 2 2
27 22 2 2
27 24 2 2
28 20 2 2
28 22 2 2
29 21 2 2
29 26 2 2
20 23 2 2
20 25 2 2
21 28 2 2
21 26 2 2
32 30 3 3
32 31 3 3
33 31 3 3
33 32 3 3
34 32 3 3
34 31 3 3
35 31 3 3
35 30 3 3
36 34 3 3
36 33 3 3
37 31 3 3
37 30 3 3
38 32 3 3
38 31 3 3
39 37 3 3
39 32 3 3
30 38 3 3
30 33 3 3
31 39 3 3
31 36 3 3
42 41 4 4
42 40 4 4
43 40 4 4
43 42 4 4
44 42 4 4
44 43 4 4
45 40 4 4
45 44 4 4
46 44 4 4
46 41 4 4
47 45 4 4
47 46 4 4
48 47 4 4
48 41 4 4
49 41 4 4
49 48 4 4
40 48 4 4
40 47 4 4
41 44 4 4
41 47 4 4
52 50 5 5
52 51 5 5
53 51 5 5
53 50 5 5
54 50 5 5
54 52 5 5
55 52 5 5
55 54 5 5
56 51 5 5
56 53 5 5
57 51 5 5
57 53 5 5
58 54 5 5
58 51 5 5
59 51 5 5
59 58 5 5
50 55 5 5
50 58 5 5
51 55 5 5
51 54 5 5
62 61 6 6
62 60 6 6
63 60 6 6
63 61 6 6
64 62 6 6
64 61 6 6
65 63 6 6
65 60 6 6
66 60 6 6
66 65 6 6
67 61 6 6
67 65 6 6
68 64 6 6
68 60 6 6
69 63 6 6
69 67 6 6
60 67 6 6
60 69 6 6
61 69 6 6
61 66 6 6
72 70 7 7
72 71 7 7
73 72 7 7
73 71 7 7
74 73 7 7
74 72 7 7
75 72 7 7
75 74 7 7
76 70 7 7
76 75 7 7
77 72 7 7
77 73 7 7
78 74 7 7
78 73 7 7
79 76 7 7
79 77 7 7
70 75 7 7
70 78 7 7
71 75 7 7
71 79 7 7
20 17 2 1
24 4 2 0
31 6 3 0
31 13 3 1
47 21 4 2
42 0 4 0
50 37 5 3
50 1 5 0
63 31 6 3
68 27 6 2
73 13 7 1
71 30 7 3
1 75 0 7
5 62 0 6
13 52 1 5
17 44 1 4
