swNum = 80
edgeNum = 176

0 0
1 0
2 0
3 0
4 0
5 0
6 0
7 0
8 0
9 0
10 1
11 1
12 1
13 1
14 1
15 1
16 1
17 1
18 1
19 1
20 2
21 2
22 2
23 2
24 2
25 2
26 2
27 2
28 2
29 2
30 3
31 3
32 3
33 3
34 3
35 3
36 3
37 3
38 3
39 3
40 4
41 4
42 4
43 4
44 4
45 4
46 4
47 4
48 4
49 4
50 5
51 5
52 5
53 5
54 5
55 5
56 5
57 5
58 5
59 5
60 6
61 6
62 6
63 6
64 6
65 6
66 6
67 6
68 6
69 6
70 7
71 7
72 7
73 7
74 7
75 7
76 7
77 7
78 7
79 7

2 1 0 0
2 0 0 0
3 0 0 0
3 2 0 0
4 1 0 0
4 0 0 0
5 1 0 0
5 3 0 0
6 0 0 0
6 3 0 0
7 1 0 0
7 5 0 0
8 3 0 0
8 6 0 0
9 2 0 0
9 4 0 0
0 8 0 0
0 7 0 0
1 6 0 0
1 8 0 0
12 10 1 1
12 11 1 1
13 12 1 1
13 10 1 1
14 10 1 1
14 13 1 1
15 11 1 1
15 13 1 1
16 15 1 1
16 12 1 1
17 14 1 1
17 15 1 1
18 15 1 1
18 17 1 1
19 18 1 1
19 15 1 1
10 18 1 1
10 15 1 1
11 17 1 1
11 19 1 1
22 20 2 2
22 21 2 2
23 20 2 2
23 21 2 2
24 21 2 2
24 20 2 2
25 23 2 2
25 20 2 2
26 20 2 2
26 22 2 2
27 20 2 2
27 21 2 2
28 23 2 2
28 24 2 2
29 25 2 2
29 23 2 2
20 29 2 2
20 28 2 2
21 28 2 2
21 29 2 2
32 30 3 3
32 31 3 3
33 31 3 3
33 32 3 3
34 33 3 3
34 32 3 3
35 30 3 3
35 32 3 3
36 30 3 3
36 35 3 3
37 36 3 3
37 35 3 3
38 35 3 3
38 32 3 3
39 35 3 3
39 37 3 3
30 38 3 3
30 34 3 3
31 38 3 3
31 34 3 3
42 41 4 4
42 40 4 4
43 40 4 4
43 42 4 4
44 41 4 4
44 40 4 4
45 42 4 4
45 41 4 4
46 41 4 4
46 40 4 4
47 41 4 4
47 46 4 4
48 40 4 4
48 43 4 4
49 45 4 4
49 43 4 4
40 47 4 4
40 49 4 4
41 49 4 4
41 43 4 4
52 51 5 5
52 50 5 5
53 51 5 5
53 52 5 5
54 50 5 5
54 51 5 5
55 53 5 5
55 52 5 5
56 53 5 5
56 54 5 5
57 52 5 5
57 51 5 5
58 57 5 5
58 53 5 5
59 56 5 5
59 52 5 5
50 56 5 5
50 57 5 5
51 59 5 5
51 55 5 5
62 60 6 6
62 61 6 6
63 60 6 6
63 62 6 6
64 61 6 6
64 63 6 6
65 60 6 6
65 63 6 6
66 65 6 6
66 64 6 6
67 63 6 6
67 66 6 6
68 60 6 6
68 62 6 6
69 68 6 6
69 60 6 6
60 66 6 6
60 64 6 6
61 69 6 6
61 65 6 6
72 70 7 7
72 71 7 7
73 70 7 7
73 71 7 7
74 73 7 7
74 71 7 7
75 71 7 7
75 70 7 7
76 74 7 7
76 75 7 7
77 76 7 7
77 71 7 7
78 73 7 7
78 70 7 7
79 73 7 7
79 72 7 7
70 79 7 7
70 74 7 7
71 79 7 7
71 78 7 7
21 12 2 1
22 2 2 0
31 16 3 1
34 0 3 0
46 20 4 2
41 33 4 3
58 10 5 1
56 49 5 4
61 6 6 0
63 45 6 4
78 47 7 4
79 69 7 6
5 53 0 5
0 47 0 4
15 72 1 7
17 44 1 4
