swNum = 80
edgeNum = 175

0 0
1 0
2 0
3 0
4 0
5 0
6 0
7 0
8 0
9 0
10 1
11 1
12 1
13 1
14 1
15 1
16 1
17 1
18 1
19 1
20 2
21 2
22 2
23 2
24 2
25 2
26 2
27 2
28 2
29 2
30 3
31 3
32 3
33 3
34 3
35 3
36 3
37 3
38 3
39 3
40 4
41 4
42 4
43 4
44 4
45 4
46 4
47 4
48 4
49 4
50 5
51 5
52 5
53 5
54 5
55 5
56 5
57 5
58 5
59 5
60 6
61 6
62 6
63 6
64 6
65 6
66 6
67 6
68 6
69 6
70 7
71 7
72 7
73 7
74 7
75 7
76 7
77 7
78 7
79 7

2 0 0 0
2 1 0 0
3 0 0 0
3 2 0 0
4 2 0 0
4 3 0 0
5 0 0 0
5 2 0 0
6 3 0 0
6 0 0 0
7 6 0 0
7 5 0 0
8 4 0 0
8 0 0 0
9 8 0 0
9 4 0 0
0 9 0 0
0 7 0 0
1 3 0 0
1 7 0 0
12 10 1 1
12 11 1 1
13 12 1 1
13 10 1 1
14 11 1 1
14 10 1 1
15 12 1 1
15 13 1 1
16 15 1 1
16 12 1 1
17 11 1 1
17 16 1 1
18 12 1 1
18 13 1 1
19 15 1 1
19 10 1 1
10 16 1 1
10 18 1 1
11 15 1 1
11 19 1 1
22 20 2 2
22 21 2 2
23 20 2 2
23 22 2 2
24 21 2 2
24 23 2 2
25 20 2 2
25 23 2 2
26 20 2 2
26 22 2 2
27 25 2 2
27 26 2 2
28 25 2 2
28 20 2 2
29 24 2 2
29 21 2 2
20 24 2 2
20 29 2 2
21 26 2 2
21 28 2 2
32 31 3 3
32 30 3 3
33 32 3 3
33 30 3 3
34 33 3 3
34 32 3 3
35 31 3 3
35 30 3 3
36 31 3 3
36 35 3 3
37 36 3 3
37 33 3 3
38 32 3 3
38 36 3 3
39 36 3 3
39 33 3 3
30 39 3 3
30 37 3 3
31 33 3 3
31 37 3 3
42 41 4 4
42 40 4 4
43 42 4 4
43 41 4 4
44 41 4 4
44 40 4 4
45 44 4 4
45 42 4 4
46 40 4 4
46 42 4 4
47 40 4 4
47 43 4 4
48 43 4 4
48 44 4 4
49 48 4 4
49 41 4 4
40 49 4 4
40 45 4 4
41 46 4 4
41 47 4 4
52 51 5 5
52 50 5 5
53 52 5 5
53 51 5 5
54 53 5 5
54 51 5 5
55 51 5 5
55 50 5 5
56 50 5 5
56 51 5 5
57 51 5 5
57 53 5 5
58 52 5 5
58 51 5 5
59 50 5 5
59 56 5 5
50 54 5 5
50 58 5 5
51 59 5 5
62 60 6 6
62 61 6 6
63 61 6 6
63 62 6 6
64 61 6 6
64 63 6 6
65 63 6 6
65 61 6 6
66 65 6 6
66 63 6 6
67 66 6 6
67 64 6 6
68 67 6 6
68 66 6 6
69 67 6 6
69 65 6 6
60 68 6 6
60 69 6 6
61 66 6 6
61 68 6 6
72 71 7 7
72 70 7 7
73 71 7 7
73 72 7 7
74 73 7 7
74 71 7 7
75 74 7 7
75 70 7 7
76 73 7 7
76 70 7 7
77 76 7 7
77 72 7 7
78 76 7 7
78 72 7 7
79 75 7 7
79 78 7 7
70 79 7 7
70 78 7 7
71 75 7 7
71 76 7 7
24 16 2 1
26 3 2 0
36 24 3 2
31 12 3 1
46 1 4 0
44 30 4 3
50 35 5 3
50 8 5 0
63 51 6 5
65 2 6 0
79 49 7 4
79 17 7 1
0 74 0 7
2 30 0 3
13 42 1 4
12 62 1 6
