swNum = 80
edgeNum = 176

0 0
1 0
2 0
3 0
4 0
5 0
6 0
7 0
8 0
9 0
10 1
11 1
12 1
13 1
14 1
15 1
16 1
17 1
18 1
19 1
20 2
21 2
22 2
23 2
24 2
25 2
26 2
27 2
28 2
29 2
30 3
31 3
32 3
33 3
34 3
35 3
36 3
37 3
38 3
39 3
40 4
41 4
42 4
43 4
44 4
45 4
46 4
47 4
48 4
49 4
50 5
51 5
52 5
53 5
54 5
55 5
56 5
57 5
58 5
59 5
60 6
61 6
62 6
63 6
64 6
65 6
66 6
67 6
68 6
69 6
70 7
71 7
72 7
73 7
74 7
75 7
76 7
77 7
78 7
79 7

2 1 0 0
2 0 0 0
3 0 0 0
3 2 0 0
4 1 0 0
4 3 0 0
5 3 0 0
5 2 0 0
6 0 0 0
6 4 0 0
7 2 0 0
7 4 0 0
8 6 0 0
8 7 0 0
9 3 0 0
9 5 0 0
0 4 0 0
0 8 0 0
1 5 0 0
1 6 0 0
12 10 1 1
12 11 1 1
13 10 1 1
13 12 1 1
14 11 1 1
14 13 1 1
15 14 1 1
15 11 1 1
16 10 1 1
16 13 1 1
17 16 1 1
17 13 1 1
18 15 1 1
18 12 1 1
19 15 1 1
19 18 1 1
10 17 1 1
10 15 1 1
11 18 1 1
11 16 1 1
22 21 2 2
22 20 2 2
23 21 2 2
23 22 2 2
24 23 2 2
24 20 2 2
25 21 2 2
25 23 2 2
26 22 2 2
26 23 2 2
27 22 2 2
27 26 2 2
28 24 2 2
28 20 2 2
29 27 2 2
29 28 2 2
20 25 2 2
20 29 2 2
21 24 2 2
21 26 2 2
32 30 3 3
32 31 3 3
33 30 3 3
33 31 3 3
34 31 3 3
34 33 3 3
35 34 3 3
35 31 3 3
36 32 3 3
36 30 3 3
37 36 3 3
37 30 3 3
38 30 3 3
38 32 3 3
39 32 3 3
39 36 3 3
30 35 3 3
30 34 3 3
31 37 3 3
31 36 3 3
42 41 4 4
42 40 4 4
43 40 4 4
43 42 4 4
44 41 4 4
44 40 4 4
45 42 4 4
45 41 4 4
46 45 4 4
46 40 4 4
47 44 4 4
47 45 4 4
48 43 4 4
48 40 4 4
49 44 4 4
49 41 4 4
40 49 4 4
40 47 4 4
41 43 4 4
41 46 4 4
52 51 5 5
52 50 5 5
53 50 5 5
53 52 5 5
54 53 5 5
54 52 5 5
55 50 5 5
55 53 5 5
56 51 5 5
56 50 5 5
57 53 5 5
57 56 5 5
58 57 5 5
58 56 5 5
59 52 5 5
59 53 5 5
50 59 5 5
50 58 5 5
51 55 5 5
51 58 5 5
62 60 6 6
62 61 6 6
63 62 6 6
63 60 6 6
64 62 6 6
64 63 6 6
65 60 6 6
65 63 6 6
66 60 6 6
66 64 6 6
67 62 6 6
67 66 6 6
68 65 6 6
68 61 6 6
69 65 6 6
69 60 6 6
60 68 6 6
60 64 6 6
61 65 6 6
61 64 6 6
72 70 7 7
72 71 7 7
73 71 7 7
73 70 7 7
74 71 7 7
74 70 7 7
75 72 7 7
75 70 7 7
76 75 7 7
76 71 7 7
77 70 7 7
77 71 7 7
78 73 7 7
78 70 7 7
79 77 7 7
79 78 7 7
70 76 7 7
70 79 7 7
71 75 7 7
71 79 7 7
25 18 2 1
20 7 2 0
34 20 3 2
39 12 3 1
41 33 4 3
44 14 4 1
57 2 5 0
50 26 5 2
66 59 6 5
61 9 6 0
77 54 7 5
77 25 7 2
9 40 0 4
5 79 0 7
19 73 1 7
11 55 1 5
